0 0 -1.500000e-01 0 1 65 1.634000e+01 2.220000e+00 2167 -3.612800e+03 0
-7.093800e-02 1.118000e-01 -1.552000e-01 0 5 65 1.522500e+01 2.220000e+00 -3134 7.743600e+03 0
-1.585200e-01 1.860100e-01 -1.586500e-01 0 8 65 1.436500e+01 2.220000e+00 -1.092500e+03 2.909600e+03 0
-2.008100e-01 1.917900e-01 -1.589200e-01 0 9 65 1.370800e+01 2.220000e+00 -1.205200e+03 2.763700e+03 0
-2.480100e-01 1.867200e-01 -1.586900e-01 0 10 65 1.365700e+01 2.220000e+00 -1.507600e+03 2.831600e+03 0
-2.619200e-01 2.228100e-01 -1.603600e-01 0 11 65 1.309800e+01 2.220000e+00 -1.053200e+03 2.265300e+03 0
-2.851200e-01 2.374700e-01 -1.610500e-01 0 12 65 1.268000e+01 2.220000e+00 -9.826200e+02 2.097900e+03 0
-3.044900e-01 2.835600e-01 -1.631900e-01 0 13 65 1.197000e+01 2.220000e+00 -6.821500e+02 1.734600e+03 0
-3.050300e-01 3.008700e-01 -1.640000e-01 0 14 65 1.146500e+01 2.220000e+00 -5.831000e+02 1.636400e+03 0
-1.222300e-01 4.381400e-01 -1.703800e-01 0 15 65 1.131100e+01 2.220000e+00 1.870800e+02 1.193300e+03 0
3.536000e-01 3.433900e-01 -1.659700e-01 0 28 65 1.317600e+01 2.220000e+00 1.143400e+03 1.541100e+03 0
6.799100e-01 6.421700e-01 -1.798700e-01 0 29 65 1.469200e+01 2.220000e+00 1.286300e+03 9.345700e+02 0
6.725500e-01 7.383100e-01 -1.843500e-01 0 30 65 1.561900e+01 2.220000e+00 1.190100e+03 8.528100e+02 0
6.711800e-01 8.044800e-01 -1.874200e-01 0 31 65 1.575000e+01 2.220000e+00 1.142400e+03 8.095400e+02 0
6.766400e-01 8.350800e-01 -1.888500e-01 0 32 65 1.516100e+01 2.220000e+00 1.128600e+03 7.922800e+02 0
6.722700e-01 8.827300e-01 -1.910600e-01 0 33 65 1.356200e+01 2.220000e+00 1.098700e+03 7.678300e+02 0
7.142900e-01 8.804100e-01 -1.909600e-01 0 35 65 1.089700e+01 2.220000e+00 1.134700e+03 7.697000e+02 0
-8.307900e-01 8.916700e-01 -1.914800e-01 0 36 65 1.188000e+01 2.220000e+00 -5.953300e+01 7.388000e+02 0
-8.545300e-01 8.890900e-01 -1.913600e-01 0 37 65 1.240100e+01 2.220000e+00 -7.900200e+01 7.394900e+02 0
-8.782700e-01 8.756300e-01 -1.907300e-01 0 38 65 1.203500e+01 2.220000e+00 -1.089300e+02 7.447700e+02 0
-9.123700e-01 8.323100e-01 -1.887200e-01 0 39 65 1.071300e+01 2.220000e+00 -1.793200e+02 7.636700e+02 0
0 0 -1.500000e-01 3.204100e-02 1 66 1.537200e+01 2.220000e+00 2167 -3.612800e+03 0
-7.093800e-02 1.118400e-01 -1.552000e-01 3.204100e-02 5 66 1.421500e+01 2.220000e+00 -3.130500e+03 7.736800e+03 0
-1.585200e-01 1.859800e-01 -1.586500e-01 3.204100e-02 8 66 1.337000e+01 2.220000e+00 -1.093100e+03 2.910400e+03 0
-2.008100e-01 1.920700e-01 -1.589300e-01 3.204100e-02 9 66 1.272600e+01 2.220000e+00 -1.200900e+03 2.758500e+03 0
-2.480100e-01 1.868300e-01 -1.586900e-01 3.204100e-02 10 66 1.267100e+01 2.220000e+00 -1.505700e+03 2.829400e+03 0
-2.619200e-01 2.227500e-01 -1.603600e-01 3.204100e-02 11 66 1.217400e+01 2.220000e+00 -1.053900e+03 2266 0
-2.881200e-01 2.330500e-01 -1.608400e-01 3.204100e-02 12 66 1.172900e+01 2.220000e+00 -1.036800e+03 2.141500e+03 0
-3.044900e-01 2.823000e-01 -1.631300e-01 3.204100e-02 13 66 1.079500e+01 2.220000e+00 -6.901200e+02 1.742400e+03 0
-1.336900e-01 4.340100e-01 -1.701900e-01 3.204100e-02 15 66 1.020100e+01 2.220000e+00 1.619000e+02 1.201500e+03 0
3.536000e-01 3.574200e-01 -1.666300e-01 3.204100e-02 28 66 1.215300e+01 2.220000e+00 1.120100e+03 1.481600e+03 0
6.722700e-01 6.460700e-01 -1.800500e-01 3.204100e-02 29 66 1.367300e+01 2.220000e+00 1273 9.304400e+02 0
6.725500e-01 7.366000e-01 -1.842700e-01 3.204100e-02 30 66 1.461500e+01 2.220000e+00 1.191400e+03 8.540400e+02 0
6.711800e-01 8.044700e-01 -1.874200e-01 3.204100e-02 31 66 1.476800e+01 2.220000e+00 1.142400e+03 8.095400e+02 0
6.766400e-01 8.352700e-01 -1.888600e-01 3.204100e-02 32 66 1.421500e+01 2.220000e+00 1.128500e+03 7.921700e+02 0
6.722700e-01 8.809400e-01 -1.909800e-01 3.204100e-02 33 66 1.271300e+01 2.220000e+00 1.099600e+03 7.686900e+02 0
-8.498900e-01 8.736000e-01 -1.906400e-01 3.204100e-02 36 66 1.083300e+01 2.220000e+00 -9.004700e+01 7.461000e+02 0
-8.643500e-01 8.808000e-01 -1.909700e-01 3.204100e-02 37 66 1.139800e+01 2.220000e+00 -9.383700e+01 7.428000e+02 0
-9.085500e-01 8.510500e-01 -1.895900e-01 3.204100e-02 38 66 1.107600e+01 2.220000e+00 -1.562000e+02 7.550700e+02 0
0 0 -1.500000e-01 6.408200e-02 1 67 9.908300e+00 2.220000e+00 2167 -3.612800e+03 0
3.328600e-02 7.670200e-03 -1.503600e-01 6.408200e-02 2 67 9.475800e+00 2.220000e+00 1.996400e+03 -4003 0
6.092500e-01 8.087700e-01 -1.876200e-01 6.408200e-02 30 67 9.794600e+00 2.220000e+00 1.083300e+03 8.056800e+02 0
6.302600e-01 8.311900e-01 -1.886700e-01 6.408200e-02 31 67 1.009800e+01 2.220000e+00 1090 7.934600e+02 0
6.512600e-01 8.491800e-01 -1.895000e-01 6.408200e-02 32 67 9.515800e+00 2.220000e+00 1.098600e+03 7.842500e+02 0
-3.939800e-01 2.616800e+00 -2.717300e-01 -8.651100e-01 77 38 1.112800e+01 2.220000e+00 5.532100e+02 5.057400e+02 0
-4.832000e-01 2.637700e+00 -2.727000e-01 -8.651100e-01 78 38 1.243200e+01 2.220000e+00 5.325300e+02 5.046300e+02 0
-5.320300e-01 2.657100e+00 -2.736000e-01 -8.651100e-01 79 38 1.312800e+01 2.220000e+00 5.219000e+02 5.036700e+02 0
-5.604100e-01 2.684900e+00 -2.749000e-01 -8.651100e-01 80 38 1.329000e+01 2.220000e+00 5.169200e+02 5.024200e+02 0
-5.675000e-01 2.724900e+00 -2.767600e-01 -8.651100e-01 81 38 1.286000e+01 2.220000e+00 5.179000e+02 5.007200e+02 0
-5.967000e-01 2.757300e+00 -2.782700e-01 -8.651100e-01 82 38 1.156800e+01 2.220000e+00 5.132100e+02 4.993400e+02 0
-3.732400e-01 2.612200e+00 -2.715200e-01 -8.330700e-01 77 39 1.183500e+01 2.220000e+00 5.580800e+02 506 0
-4.411800e-01 2.639300e+00 -2.727800e-01 -8.330700e-01 78 39 1.352500e+01 2.220000e+00 5.429000e+02 5.046400e+02 0
-5.107500e-01 2.657100e+00 -2.736000e-01 -8.330700e-01 79 39 1.460800e+01 2.220000e+00 5.270600e+02 5.037200e+02 0
-5.388600e-01 2.687900e+00 -2.750400e-01 -8.330700e-01 80 39 1.499600e+01 2.220000e+00 5.222800e+02 5.023300e+02 0
-5.675000e-01 2.724100e+00 -2.767200e-01 -8.330700e-01 81 39 1.449400e+01 2.220000e+00 5.178500e+02 5.007500e+02 0
-6.188000e-01 2.752500e+00 -2.780400e-01 -8.330700e-01 82 39 1.300900e+01 2.220000e+00 5.077400e+02 4.994900e+02 0
-7.383000e-01 2.742400e+00 -2.775700e-01 -8.330700e-01 83 39 1.097800e+01 2.220000e+00 4.791100e+02 4.996800e+02 0
-6.149800e-01 3.365500e+00 -3.065600e-01 -8.330700e-01 99 39 1.046700e+01 2.220000e+00 5.429000e+02 4.792700e+02 0
-5.942400e-01 3.392900e+00 -3.078300e-01 -8.330700e-01 100 39 1.055900e+01 2.220000e+00 5.480500e+02 4.785600e+02 0
-6.842800e-01 2.548700e+00 -2.685600e-01 -8.010300e-01 77 40 1.159700e+01 2.220000e+00 4.760600e+02 5.082800e+02 0
-3.991600e-01 2.618200e+00 -2.717900e-01 -8.010300e-01 78 40 1.204800e+01 2.220000e+00 5.520100e+02 5.056700e+02 0
-4.894700e-01 2.658700e+00 -2.736800e-01 -8.010300e-01 79 40 1.399400e+01 2.220000e+00 5.323100e+02 5.036900e+02 0
-5.388600e-01 2.688900e+00 -2.750800e-01 -8.010300e-01 80 40 1.464100e+01 2.220000e+00 5.223500e+02 5.022900e+02 0
-5.675000e-01 2.725400e+00 -2.767800e-01 -8.010300e-01 81 40 1.412400e+01 2.220000e+00 5.179300e+02 5.007000e+02 0
-6.409000e-01 2.750800e+00 -2.779700e-01 -8.010300e-01 82 40 1.240100e+01 2.220000e+00 5.024600e+02 4.995200e+02 0
-7.383000e-01 2.729300e+00 -2.769600e-01 -8.010300e-01 83 40 1.058100e+01 2.220000e+00 4.780600e+02 5.002100e+02 0
-6.212500e-01 3.400700e+00 -3.082000e-01 -8.010300e-01 100 40 1.022500e+01 2.220000e+00 5.433000e+02 4.783200e+02 0
2.881200e-01 9.961000e-01 -1.963400e-01 -7.689800e-01 34 41 9.731300e+00 2.220000e+00 7.751000e+02 7.149800e+02 0
2.968500e-01 1.011200e+00 -1.970400e-01 -7.689800e-01 35 41 9.950800e+00 2.220000e+00 7.797800e+02 7.097900e+02 0
-5.806000e-01 2.585600e+00 -2.702800e-01 -7.689800e-01 77 41 1.035900e+01 2.220000e+00 5.049600e+02 5.067800e+02 0
-6.302600e-01 2.607200e+00 -2.712900e-01 -7.689800e-01 78 41 1.044900e+01 2.220000e+00 4.943300e+02 5.056900e+02 0
-4.469100e-01 2.678800e+00 -2.746100e-01 -7.689800e-01 79 41 1.097700e+01 2.220000e+00 5.437900e+02 5.029000e+02 0
-4.957500e-01 2.701000e+00 -2.756500e-01 -7.689800e-01 80 41 1.172700e+01 2.220000e+00 5.334000e+02 5.018600e+02 0
-5.020200e-01 2.741300e+00 -2.775200e-01 -7.689800e-01 81 41 1.119300e+01 2.220000e+00 5.343400e+02 5.001700e+02 0
-1.598600e+00 2.827100e+00 -2.815100e-01 -7.689800e-01 94 41 1.075800e+01 2.220000e+00 2.929700e+02 4.948100e+02 1
-1.564500e+00 2.883400e+00 -2.841300e-01 -7.689800e-01 95 41 1.143200e+01 2.220000e+00 3.082800e+02 4.928100e+02 1
-1.581100e+00 2.916300e+00 -2.856600e-01 -7.689800e-01 96 41 1.185200e+01 2.220000e+00 3.090800e+02 4.916100e+02 1
-1.597700e+00 2.947400e+00 -2.871100e-01 -7.689800e-01 97 41 1.164000e+01 2.220000e+00 3.096200e+02 4.905100e+02 1
-1.667300e+00 2.925700e+00 -2.861000e-01 -7.689800e-01 98 41 1.051800e+01 2.220000e+00 2.918600e+02 4.911400e+02 1
-1.556300e+00 2.807500e+00 -2.806000e-01 -7.369400e-01 93 42 1.027000e+01 2.220000e+00 2.996100e+02 4.956200e+02 1
-1.573200e+00 2.841400e+00 -2.821800e-01 -7.369400e-01 94 42 1.156100e+01 2.220000e+00 3.006100e+02 4.943200e+02 1
-1.615700e+00 2.856100e+00 -2.828600e-01 -7.369400e-01 95 42 1.218700e+01 2.220000e+00 2.933000e+02 4.937100e+02 1
-1.607000e+00 2.899700e+00 -2.848900e-01 -7.369400e-01 96 42 1.246600e+01 2.220000e+00 3.012600e+02 4.921500e+02 1
-1.597700e+00 2.942900e+00 -2.869000e-01 -7.369400e-01 97 42 1.245100e+01 2.220000e+00 3.090400e+02 4.906600e+02 1
-1.640800e+00 2.963400e+00 -2.878500e-01 -7.369400e-01 98 42 1.142300e+01 2.220000e+00 3.026000e+02 4.898900e+02 1
-1.550800e+00 3.050900e+00 -2.919300e-01 -7.369400e-01 99 42 1.028200e+01 2.220000e+00 3.324100e+02 4.871500e+02 0
-1.647700e+00 3.024400e+00 -2.906900e-01 -7.369400e-01 100 42 1.064300e+01 2.220000e+00 3.091200e+02 4.878600e+02 0
-1.573200e+00 2.835900e+00 -2.819200e-01 -7.049000e-01 94 43 1.055100e+01 2.220000e+00 2.998500e+02 4.945200e+02 1
-1.667000e+00 2.828000e+00 -2.815600e-01 -7.049000e-01 95 43 1.083900e+01 2.220000e+00 2.779500e+02 4.946500e+02 1
-1.684800e+00 2.718800e+00 -2.764700e-01 -7.049000e-01 96 43 1.054600e+01 2.220000e+00 2.570500e+02 4.988500e+02 0
-1.519200e+00 2.978000e+00 -2.885300e-01 -7.049000e-01 97 43 1.114400e+01 2.220000e+00 3.301600e+02 4.896000e+02 1
-1.701700e+00 3.008800e+00 -2.899600e-01 -7.049000e-01 100 43 1.063500e+01 2.220000e+00 2.958700e+02 4.882800e+02 0
0 0 -1.500000e-01 -6.408200e-02 1 63 1.045900e+01 2.220000e+00 2167 -3.612800e+03 0
6.329800e-01 7.581100e-01 -1.852700e-01 -6.408200e-02 30 63 9.997500e+00 2.220000e+00 1.136300e+03 8.379800e+02 0
6.630000e-01 8.071700e-01 -1.875500e-01 -6.408200e-02 31 63 1.048800e+01 2.220000e+00 1.133200e+03 8.077700e+02 0
6.935500e-01 8.311600e-01 -1.886600e-01 -6.408200e-02 32 63 1.067200e+01 2.220000e+00 1146 7.947700e+02 0
7.333900e-01 8.396700e-01 -1.890600e-01 -6.408200e-02 33 63 1.039200e+01 2.220000e+00 1.175700e+03 7.909300e+02 0
7.653100e-01 8.347900e-01 -1.888300e-01 -6.408200e-02 34 63 9.675200e+00 2.220000e+00 1.207200e+03 7.942300e+02 0
0 0 -1.500000e-01 -3.204100e-02 1 64 1.532700e+01 2.220000e+00 2167 -3.612800e+03 0
-7.093800e-02 1.113000e-01 -1.551800e-01 -3.204100e-02 5 64 1.421000e+01 2.220000e+00 -3182 7.835700e+03 0
-1.585200e-01 1.860900e-01 -1.586600e-01 -3.204100e-02 8 64 1.333900e+01 2.220000e+00 -1.091400e+03 2908 0
-1.986300e-01 1.937200e-01 -1.590100e-01 -3.204100e-02 9 64 1.268400e+01 2.220000e+00 -1.166300e+03 2.728900e+03 0
-2.480100e-01 1.865700e-01 -1.586800e-01 -3.204100e-02 10 64 1.263900e+01 2.220000e+00 -1.510300e+03 2.834500e+03 0
-2.619200e-01 2.230500e-01 -1.603800e-01 -3.204100e-02 11 64 1.206800e+01 2.220000e+00 -1.050600e+03 2.262400e+03 0
-2.881200e-01 2.326300e-01 -1.608200e-01 -3.204100e-02 12 64 1.167700e+01 2.220000e+00 -1.041100e+03 2.145900e+03 0
-3.077600e-01 2.783600e-01 -1.629500e-01 -3.204100e-02 13 64 1.091700e+01 2.220000e+00 -7.244700e+02 1.766500e+03 0
-3.014900e-01 2.958700e-01 -1.637600e-01 -3.204100e-02 14 64 1.051900e+01 2.220000e+00 -6.015300e+02 1.663900e+03 0
-1.184100e-01 4.577100e-01 -1.712900e-01 -3.204100e-02 15 64 1.027800e+01 2.220000e+00 2.187500e+02 1.153100e+03 0
3.609700e-01 3.046300e-01 -1.641700e-01 -3.204100e-02 28 64 1.214900e+01 2.220000e+00 1245 1.746500e+03 0
6.799100e-01 6.461100e-01 -1.800600e-01 -3.204100e-02 29 64 1.366300e+01 2.220000e+00 1.282100e+03 9.306700e+02 0
6.804600e-01 7.330900e-01 -1.841000e-01 -3.204100e-02 30 64 1.458100e+01 2.220000e+00 1.202200e+03 8.568100e+02 0
6.793700e-01 7.975700e-01 -1.871000e-01 -3.204100e-02 31 64 1.468800e+01 2.220000e+00 1.154500e+03 8.138600e+02 0
6.766400e-01 8.362300e-01 -1.889000e-01 -3.204100e-02 32 64 1.405500e+01 2.220000e+00 1128 7.916500e+02 0
6.722700e-01 8.871100e-01 -1.912700e-01 -3.204100e-02 33 64 1.235700e+01 2.220000e+00 1.096400e+03 7.657300e+02 0
8.103300e-01 5.381900e-01 -1.750400e-01 -3.204100e-02 34 64 1.067100e+01 2.220000e+00 1.622800e+03 1.069900e+03 0
7.514000e-01 8.528900e-01 -1.896800e-01 -3.204100e-02 35 64 1.065100e+01 2.220000e+00 1.182900e+03 7.842600e+02 0
-8.212400e-01 9.009700e-01 -1.919100e-01 -3.204100e-02 36 64 1.086200e+01 2.220000e+00 -4.451300e+01 7.351500e+02 0
-8.447100e-01 8.866800e-01 -1.912500e-01 -3.204100e-02 37 64 1.136800e+01 2.220000e+00 -7.409400e+01 7.406500e+02 0
-8.580800e-01 8.683200e-01 -1.903900e-01 -3.204100e-02 38 64 1.100800e+01 2.220000e+00 -1.011300e+02 7.482500e+02 0
