0 0 -1.500000e-01 0 1 65 1.647900e+01 8.100000e-01 2167 -3.612800e+03 0
-7.093800e-02 1.117800e-01 -1.519000e-01 0 5 65 1.518600e+01 8.100000e-01 -3123 7.670900e+03 0
-1.585200e-01 1.860700e-01 -1.531600e-01 0 8 65 1.436000e+01 8.100000e-01 -1.088600e+03 2.874900e+03 0
-2.008100e-01 1.909800e-01 -1.532400e-01 0 9 65 1.367300e+01 8.100000e-01 -1.214300e+03 2.746900e+03 0
-2.504700e-01 1.823900e-01 -1.530900e-01 0 10 65 1.366000e+01 8.100000e-01 -1597 2.887200e+03 0
-2.619200e-01 2.221400e-01 -1.537700e-01 0 11 65 1.304300e+01 8.100000e-01 -1058 2.244500e+03 0
-2.881200e-01 2.304400e-01 -1.539100e-01 0 12 65 1.267000e+01 8.100000e-01 -1.061300e+03 2141 0
-3.077600e-01 2.790600e-01 -1.547300e-01 0 13 65 1.195800e+01 8.100000e-01 -7.179000e+02 1.736400e+03 0
-3.121300e-01 3.112500e-01 -1.552800e-01 0 14 65 1.148700e+01 8.100000e-01 -5.449300e+02 1.558400e+03 0
-1.260500e-01 4.391600e-01 -1.574500e-01 0 15 65 1.134400e+01 8.100000e-01 1.825300e+02 1.168200e+03 0
-3.642400e-01 3.630400e-01 -1.561600e-01 0 16 65 1.120900e+01 8.100000e-01 -4.347100e+02 1.347500e+03 0
3.536000e-01 3.156700e-01 -1.553600e-01 0 28 65 1.316600e+01 8.100000e-01 1.196300e+03 1.652800e+03 0
6.722700e-01 6.447700e-01 -1.609400e-01 0 29 65 1.468100e+01 8.100000e-01 1.273200e+03 9.097000e+02 0
6.725500e-01 7.374100e-01 -1.625100e-01 0 30 65 1.561800e+01 8.100000e-01 1.189700e+03 8.320300e+02 0
6.711800e-01 8.044100e-01 -1.636500e-01 0 31 65 1.576100e+01 8.100000e-01 1.141500e+03 7.884800e+02 0
6.766400e-01 8.312500e-01 -1.641000e-01 0 32 65 1.520000e+01 8.100000e-01 1130 7.733800e+02 0
6.810000e-01 8.682800e-01 -1.647300e-01 0 33 65 1.366000e+01 8.100000e-01 1.112700e+03 7.542100e+02 0
-9.724000e-01 2.825100e-01 -1.547900e-01 0 34 65 1.071700e+01 8.100000e-01 -2.316900e+03 1.588900e+03 0
-7.606700e-01 9.052900e-01 -1.653600e-01 0 35 65 1.084800e+01 8.100000e-01 3.024800e+00 7.148000e+02 0
-8.212400e-01 8.911000e-01 -1.651200e-01 0 36 65 1.191200e+01 8.100000e-01 -5.243200e+01 7.196800e+02 0
-8.447100e-01 8.969500e-01 -1.652200e-01 0 37 65 1.226200e+01 8.100000e-01 -6.411400e+01 7.169500e+02 0
-8.681700e-01 8.985500e-01 -1.652400e-01 0 38 65 1.182700e+01 8.100000e-01 -7.944600e+01 7.159600e+02 0
-9.227400e-01 8.698400e-01 -1.647600e-01 0 39 65 1.049000e+01 8.100000e-01 -1.464700e+02 7.270800e+02 0
0 0 -1.500000e-01 3.204100e-02 1 66 1.548600e+01 8.100000e-01 2167 -3.612800e+03 0
-7.093800e-02 1.122600e-01 -1.519000e-01 3.204100e-02 5 66 1.417900e+01 8.100000e-01 -3.078600e+03 7586 0
-1.604300e-01 1.844400e-01 -1.531300e-01 3.204100e-02 8 66 1.334500e+01 8.100000e-01 -1.123100e+03 2.908700e+03 0
-2.008100e-01 1.908600e-01 -1.532400e-01 3.204100e-02 9 66 1.267600e+01 8.100000e-01 -1.216100e+03 2.749100e+03 0
-2.504700e-01 1.834700e-01 -1.531100e-01 3.204100e-02 10 66 1.264400e+01 8.100000e-01 -1.575900e+03 2.864100e+03 0
-2.619200e-01 2.230500e-01 -1.537800e-01 3.204100e-02 11 66 1.202000e+01 8.100000e-01 -1.047900e+03 2.233600e+03 0
-2.881200e-01 2.311700e-01 -1.539200e-01 3.204100e-02 12 66 1.166500e+01 8.100000e-01 -1.053600e+03 2.133200e+03 0
-3.044900e-01 2.807000e-01 -1.547600e-01 3.204100e-02 13 66 1.093100e+01 8.100000e-01 -6.984000e+02 1.726800e+03 0
-1.260500e-01 3.959200e-01 -1.567200e-01 3.204100e-02 15 66 1.045500e+01 8.100000e-01 1.148200e+02 1.273700e+03 0
3.536000e-01 2.900400e-01 -1.549200e-01 3.204100e-02 28 66 1.221500e+01 8.100000e-01 1.259400e+03 1.813500e+03 0
6.722700e-01 6.406700e-01 -1.608700e-01 3.204100e-02 29 66 1.370700e+01 8.100000e-01 1.277600e+03 9.137500e+02 0
6.725500e-01 7.362200e-01 -1.624900e-01 3.204100e-02 30 66 1.464700e+01 8.100000e-01 1.190700e+03 8.328800e+02 0
6.711800e-01 8.044600e-01 -1.636500e-01 3.204100e-02 31 66 1.476700e+01 8.100000e-01 1.141500e+03 7.884500e+02 0
6.766400e-01 8.309300e-01 -1.641000e-01 3.204100e-02 32 66 1.417000e+01 8.100000e-01 1.130200e+03 7.735600e+02 0
6.897400e-01 8.514000e-01 -1.644400e-01 3.204100e-02 33 66 1.258000e+01 8.100000e-01 1.129600e+03 7.629200e+02 0
-9.724000e-01 4.288800e-01 -1.572800e-01 3.204100e-02 34 66 1.009800e+01 8.100000e-01 -1180 1.129300e+03 0
-7.421200e-01 9.244100e-01 -1.656800e-01 3.204100e-02 35 66 1.007400e+01 8.100000e-01 3.107700e+01 7.075800e+02 0
-8.021400e-01 9.202500e-01 -1.656100e-01 3.204100e-02 36 66 1.077700e+01 8.100000e-01 -1.418900e+01 7.083500e+02 0
-8.250600e-01 9.436500e-01 -1.660100e-01 3.204100e-02 37 66 1.108300e+01 8.100000e-01 -1.134600e+01 6.992700e+02 0
-8.681700e-01 9.472000e-01 -1.660700e-01 3.204100e-02 38 66 1.073300e+01 8.100000e-01 -3.777400e+01 6.974200e+02 0
0 0 -1.500000e-01 6.408200e-02 1 67 9.534900e+00 8.100000e-01 2167 -3.612800e+03 0
-7.912300e-03 3.375400e-02 -1.505700e-01 6.408200e-02 2 67 9.631800e+00 8.100000e-01 3.551800e+03 -7.016500e+03 0
6.630000e-01 8.103100e-01 -1.637500e-01 6.408200e-02 31 67 9.929600e+00 8.100000e-01 1.130400e+03 7.848700e+02 0
6.512600e-01 7.268000e-01 -1.623300e-01 6.408200e-02 32 67 9.921300e+00 8.100000e-01 1.176100e+03 8.392100e+02 0
3.437800e-01 4.382300e+00 -2.243500e-01 -6.408200e-01 127 45 1.029400e+01 8.100000e-01 7.189900e+02 4.406800e+02 0
2.913400e+00 9.366000e+00 -3.089000e-01 -6.408200e-01 282 45 1.008900e+01 8.100000e-01 8.828200e+02 4.044000e+02 0
-3.265900e+00 1.144000e+01 -3.440900e-01 -6.408200e-01 343 45 1.027000e+01 8.100000e-01 5.033800e+02 3.975300e+02 1
-3.275400e+00 1.149200e+01 -3.449600e-01 -6.408200e-01 344 45 1.059000e+01 8.100000e-01 5.037100e+02 3.974200e+02 1
3.094000e-01 4.380700e+00 -2.243200e-01 -6.087800e-01 127 46 9.902100e+00 8.100000e-01 7.139100e+02 4.406800e+02 0
-2.850300e+00 1.141200e+01 -3.436100e-01 -6.087800e-01 338 46 1.006200e+01 8.100000e-01 5.257600e+02 3.976600e+02 0
-2.951000e+00 1.140200e+01 -3.434400e-01 -6.087800e-01 339 46 1.043800e+01 8.100000e-01 5.200600e+02 3.976600e+02 1
-3.265900e+00 1.148400e+01 -3.448300e-01 -6.087800e-01 343 46 1.153400e+01 8.100000e-01 5.041100e+02 3.974300e+02 1
-3.369000e+00 1.149500e+01 -3.450200e-01 -6.087800e-01 344 46 1.184600e+01 8.100000e-01 4.986700e+02 3.974000e+02 1
-3.378800e+00 1.152700e+01 -3.455600e-01 -6.087800e-01 345 46 1.112900e+01 8.100000e-01 4.986800e+02 3.973200e+02 1
-3.265900e+00 1.144200e+01 -3.441200e-01 -5.767400e-01 343 47 1.088100e+01 8.100000e-01 5.034200e+02 3.975300e+02 1
-3.369000e+00 1.147000e+01 -3.445900e-01 -5.767400e-01 344 47 1.105500e+01 8.100000e-01 4.982400e+02 3.974500e+02 1
-3.285000e+00 1.153500e+01 -3.457000e-01 -5.767400e-01 345 47 1.012900e+01 8.100000e-01 5.039100e+02 3.973200e+02 1
0 0 -1.500000e-01 -6.408200e-02 1 63 9.877600e+00 8.100000e-01 2167 -3.612800e+03 0
7.279300e-01 6.787800e-01 -1.615200e-01 -6.408200e-02 30 63 9.601200e+00 8.100000e-01 1302 8.800100e+02 0
0 0 -1.500000e-01 -3.204100e-02 1 64 1.548000e+01 8.100000e-01 2167 -3.612800e+03 0
-7.093800e-02 1.112200e-01 -1.518900e-01 -3.204100e-02 5 64 1.415700e+01 8.100000e-01 -3.177300e+03 7.774800e+03 0
-1.585200e-01 1.861000e-01 -1.531600e-01 -3.204100e-02 8 64 1.332900e+01 8.100000e-01 -1088 2.874200e+03 0
-2.008100e-01 1.899800e-01 -1.532200e-01 -3.204100e-02 9 64 1.262200e+01 8.100000e-01 -1.229900e+03 2.766200e+03 0
-2.504700e-01 1.814700e-01 -1.530800e-01 -3.204100e-02 10 64 1.264000e+01 8.100000e-01 -1.615100e+03 2.907100e+03 0
-2.646500e-01 2.170000e-01 -1.536800e-01 -3.204100e-02 11 64 1.211800e+01 8.100000e-01 -1.127500e+03 2.306600e+03 0
-2.881200e-01 2.308500e-01 -1.539200e-01 -3.204100e-02 12 64 1.164700e+01 8.100000e-01 -1057 2.136600e+03 0
-3.044900e-01 2.840300e-01 -1.548200e-01 -3.204100e-02 13 64 1.096000e+01 8.100000e-01 -6.773400e+02 1.706300e+03 0
-3.085800e-01 3.221100e-01 -1.554600e-01 -3.204100e-02 14 64 1.048800e+01 8.100000e-01 -4.847800e+02 1.509100e+03 0
-1.184100e-01 4.524100e-01 -1.576800e-01 -3.204100e-02 15 64 1.044200e+01 8.100000e-01 2.125700e+02 1.141100e+03 0
3.609700e-01 2.746300e-01 -1.546600e-01 -3.204100e-02 28 64 1.208900e+01 8.100000e-01 1.331100e+03 1933 0
6.799100e-01 6.390400e-01 -1.608400e-01 -3.204100e-02 29 64 1.361200e+01 8.100000e-01 1.288600e+03 9.156400e+02 0
6.725500e-01 7.384400e-01 -1.625300e-01 -3.204100e-02 30 64 1.457600e+01 8.100000e-01 1.188900e+03 8.312900e+02 0
6.793700e-01 7.974300e-01 -1.635300e-01 -3.204100e-02 31 64 1.472700e+01 8.100000e-01 1.153600e+03 7.928000e+02 0
6.766400e-01 8.297600e-01 -1.640800e-01 -3.204100e-02 32 64 1.419300e+01 8.100000e-01 1.130900e+03 7.742000e+02 0
6.722700e-01 8.707700e-01 -1.647700e-01 -3.204100e-02 33 64 1.272900e+01 8.100000e-01 1.104100e+03 7.528300e+02 0
-7.885000e-01 8.751900e-01 -1.648500e-01 -3.204100e-02 35 64 1.009100e+01 8.100000e-01 -4.264300e+01 7.268500e+02 0
-8.307900e-01 8.719400e-01 -1.647900e-01 -3.204100e-02 36 64 1.097300e+01 8.100000e-01 -7.678600e+01 7.275900e+02 0
-8.447100e-01 8.735600e-01 -1.648200e-01 -3.204100e-02 37 64 1.136800e+01 8.100000e-01 -8.551900e+01 7.266900e+02 0
-8.681700e-01 8.668100e-01 -1.647100e-01 -3.204100e-02 38 64 1.095500e+01 8.100000e-01 -1.092900e+02 7.292400e+02 0
