0 0 -1.500000e-01 0 1 65 1.641500e+01 2.750000e+00 2167 -3.612800e+03 0
-7.093800e-02 1.122700e-01 -1.564700e-01 0 5 65 1.520300e+01 2.750000e+00 -3.094100e+03 7.686200e+03 0
-1.585200e-01 1.859600e-01 -1.607200e-01 0 8 65 1.435600e+01 2.750000e+00 -1.094500e+03 2.923500e+03 0
-2.008100e-01 1.920600e-01 -1.610700e-01 0 9 65 1.368700e+01 2.750000e+00 -1.202200e+03 2.770700e+03 0
-2.480100e-01 1.870200e-01 -1.607800e-01 0 10 65 1.366000e+01 2.750000e+00 -1.503500e+03 2.837700e+03 0
-2.619200e-01 2.221800e-01 -1.628100e-01 0 11 65 1.310100e+01 2.750000e+00 -1.061300e+03 2.283700e+03 0
-2.881200e-01 2.310400e-01 -1.633200e-01 0 12 65 1.267300e+01 2.750000e+00 -1.058700e+03 2.173300e+03 0
-3.044900e-01 2.827200e-01 -1.663000e-01 0 13 65 1.189100e+01 2.750000e+00 -6.881300e+02 1.749400e+03 0
-3.085800e-01 2.991800e-01 -1.672400e-01 0 14 65 1.149800e+01 2.750000e+00 -6.018300e+02 1.654100e+03 0
-1.260500e-01 4.012200e-01 -1.731300e-01 0 15 65 1.145200e+01 2.750000e+00 1.233200e+02 1.291200e+03 0
3.536000e-01 3.625900e-01 -1.709000e-01 0 28 65 1.313600e+01 2.750000e+00 1.112600e+03 1.470800e+03 0
6.722700e-01 6.451400e-01 -1.871900e-01 0 29 65 1.469700e+01 2.750000e+00 1.274500e+03 9.396600e+02 0
6.725500e-01 7.362000e-01 -1.924300e-01 0 30 65 1.564200e+01 2.750000e+00 1.192100e+03 8.624200e+02 0
6.711800e-01 8.044700e-01 -1.963700e-01 0 31 65 1.581000e+01 2.750000e+00 1.142800e+03 8.175000e+02 0
6.766400e-01 8.326400e-01 -1.979900e-01 0 32 65 1.529900e+01 2.750000e+00 1.130400e+03 8.015200e+02 0
6.810000e-01 8.708000e-01 -2.001900e-01 0 33 65 1.386400e+01 2.750000e+00 1.112600e+03 7.816600e+02 0
7.699500e-01 8.389900e-01 -1.983600e-01 0 35 65 1.093700e+01 2.750000e+00 1.208800e+03 7.999700e+02 0
-8.498900e-01 8.571500e-01 -1.994100e-01 0 36 65 1.180800e+01 2.750000e+00 -1.062200e+02 7.606800e+02 0
-8.643500e-01 8.703400e-01 -2.001700e-01 0 37 65 1.225000e+01 2.750000e+00 -1.041100e+02 7.546300e+02 0
-8.883600e-01 8.583300e-01 -1.994700e-01 0 38 65 1.182100e+01 2.750000e+00 -1.338400e+02 7.595000e+02 0
-9.434700e-01 8.272100e-01 -1.976800e-01 0 39 65 1.031400e+01 2.750000e+00 -2.093700e+02 7.729000e+02 0
0 0 -1.500000e-01 3.204100e-02 1 66 1.538200e+01 2.750000e+00 2167 -3.612800e+03 0
-7.093800e-02 1.128500e-01 -1.565000e-01 3.204100e-02 5 66 1.418500e+01 2.750000e+00 -3.041400e+03 7.584700e+03 0
-1.585200e-01 1.859100e-01 -1.607200e-01 3.204100e-02 8 66 1.334100e+01 2.750000e+00 -1.095200e+03 2.924500e+03 0
-2.008100e-01 1.919800e-01 -1.610700e-01 3.204100e-02 9 66 1.269500e+01 2.750000e+00 -1.203500e+03 2.772300e+03 0
-2.480100e-01 1.872300e-01 -1.607900e-01 3.204100e-02 10 66 1.265100e+01 2.750000e+00 -1.499700e+03 2.833500e+03 0
-2.619200e-01 2.221500e-01 -1.628000e-01 3.204100e-02 11 66 1.213100e+01 2.750000e+00 -1.061600e+03 2284 0
-2.881200e-01 2.310100e-01 -1.633200e-01 3.204100e-02 12 66 1.165400e+01 2.750000e+00 -1059 2.173600e+03 0
-3.044900e-01 2.839000e-01 -1.663600e-01 3.204100e-02 13 66 1.089400e+01 2.750000e+00 -6.807100e+02 1.742100e+03 0
-4.163500e-01 2.422100e-01 -1.639600e-01 3.204100e-02 15 66 1.048600e+01 2.750000e+00 -1.357500e+03 2.021300e+03 0
3.536000e-01 3.817100e-01 -1.720000e-01 3.204100e-02 28 66 1.207900e+01 2.750000e+00 1.085500e+03 1.401400e+03 0
6.722700e-01 6.429200e-01 -1.870600e-01 3.204100e-02 29 66 1.365500e+01 2.750000e+00 1.276800e+03 9.418600e+02 0
6.725500e-01 7.340300e-01 -1.923100e-01 3.204100e-02 30 66 1.458500e+01 2.750000e+00 1.193800e+03 864 0
6.711800e-01 8.043800e-01 -1.963600e-01 3.204100e-02 31 66 1.474900e+01 2.750000e+00 1.142800e+03 8.175500e+02 0
6.766400e-01 8.356000e-01 -1.981600e-01 3.204100e-02 32 66 1.421800e+01 2.750000e+00 1.128700e+03 7.999100e+02 0
6.810000e-01 8.745900e-01 -2.004100e-01 3.204100e-02 33 66 1.273700e+01 2.750000e+00 1.110500e+03 7.797900e+02 0
7.606700e-01 8.109000e-01 -1.967400e-01 3.204100e-02 35 66 1.001700e+01 2.750000e+00 1.220600e+03 8.156800e+02 0
-8.403400e-01 8.721500e-01 -2.002700e-01 3.204100e-02 36 66 1.099300e+01 2.750000e+00 -8.465800e+01 7.542400e+02 0
-8.545300e-01 8.862000e-01 -2.010800e-01 3.204100e-02 37 66 1.140500e+01 2.750000e+00 -8.194100e+01 7.480400e+02 0
-8.984600e-01 8.445400e-01 -1.986800e-01 3.204100e-02 38 66 1.087400e+01 2.750000e+00 -1.557600e+02 7.655700e+02 0
0 0 -1.500000e-01 6.408200e-02 1 67 1.044500e+01 2.750000e+00 2167 -3.612800e+03 0
-3.355900e-02 7.801900e-03 -1.504500e-01 6.408200e-02 2 67 1.013500e+01 2.750000e+00 2.697300e+03 -4.162200e+03 0
6.646300e-01 6.701100e-01 -1.886300e-01 6.408200e-02 29 67 1.032600e+01 2.750000e+00 1.240500e+03 9.157800e+02 0
6.646300e-01 7.453600e-01 -1.929600e-01 6.408200e-02 30 67 1.111300e+01 2.750000e+00 1.177100e+03 8.556300e+02 0
6.711800e-01 8.041500e-01 -1.963500e-01 6.408200e-02 31 67 1.128400e+01 2.750000e+00 1143 8.176900e+02 0
6.766400e-01 8.190300e-01 -1.972100e-01 6.408200e-02 32 67 1.073800e+01 2.750000e+00 1.138700e+03 8.091500e+02 0
0 0 -1.500000e-01 9.612300e-02 1 68 1.005200e+01 2.750000e+00 2167 -3.612800e+03 0
-3.410500e-02 7.293300e-03 -1.504200e-01 9.612300e-02 2 68 9.541000e+00 2.750000e+00 2.687600e+03 -4.128100e+03 0
6.493600e-01 6.869100e-01 -1.895900e-01 9.612300e-02 29 68 9.741800e+00 2.750000e+00 1208 9.005400e+02 0
6.646300e-01 7.444500e-01 -1.929100e-01 9.612300e-02 30 68 1.046400e+01 2.750000e+00 1.177800e+03 8.562800e+02 0
6.711800e-01 8.022500e-01 -1.962400e-01 9.612300e-02 31 68 1.060000e+01 2.750000e+00 1.144200e+03 8.188200e+02 0
6.681800e-01 8.508600e-01 -1.990400e-01 9.612300e-02 32 68 9.921200e+00 2.750000e+00 1.112600e+03 7.915800e+02 0
1.984100e+00 6.757400e+00 -5.395000e-01 -9.612300e-01 203 35 1.075600e+01 2.750000e+00 8.681000e+02 4.423100e+02 1
1.993900e+00 6.802500e+00 -5.421000e-01 -9.612300e-01 204 35 1.112200e+01 2.750000e+00 8.678600e+02 442 1
2.003700e+00 6.832500e+00 -5.438200e-01 -9.612300e-01 205 35 1.059400e+01 2.750000e+00 8.680300e+02 4.418100e+02 1
1.184100e+00 7.476100e+00 -5.809300e-01 -9.612300e-01 218 35 1.125100e+01 2.750000e+00 7.813600e+02 4.375300e+02 1
1.189600e+00 7.518900e+00 -5.833900e-01 -9.612300e-01 219 35 1.203500e+01 2.750000e+00 7.813300e+02 4.373000e+02 1
1.195000e+00 7.554300e+00 -5.854300e-01 -9.612300e-01 220 35 1.218200e+01 2.750000e+00 7.813800e+02 4.371100e+02 1
1.200500e+00 7.585500e+00 -5.872300e-01 -9.612300e-01 221 35 1.181800e+01 2.750000e+00 7.814800e+02 4.369500e+02 1
1.145600e+00 7.625200e+00 -5.895200e-01 -9.612300e-01 222 35 1.180700e+01 2.750000e+00 7.763600e+02 4.367100e+02 1
1.150800e+00 7.659700e+00 -5.915100e-01 -9.612300e-01 223 35 1.122500e+01 2.750000e+00 7.764200e+02 4.365300e+02 1
2.083900e+00 6.699200e+00 -5.361400e-01 -9.291900e-01 202 36 1.094800e+01 2.750000e+00 8.794200e+02 4.427600e+02 1
2.039200e+00 6.753000e+00 -5.392400e-01 -9.291900e-01 203 36 1.252000e+01 2.750000e+00 8.735600e+02 4.423600e+02 1
2.049300e+00 6.785600e+00 -5.411200e-01 -9.291900e-01 204 36 1.300400e+01 2.750000e+00 8.736600e+02 4.421500e+02 1
2.059400e+00 6.818200e+00 -5.430000e-01 -9.291900e-01 205 36 1.253700e+01 2.750000e+00 8.737500e+02 4.419300e+02 1
2.125400e+00 6.833000e+00 -5.438600e-01 -9.291900e-01 206 36 1.124500e+01 2.750000e+00 8.796900e+02 4.418600e+02 1
1.065700e+00 7.485200e+00 -5.814500e-01 -9.291900e-01 218 36 1.117600e+01 2.750000e+00 771 4.374400e+02 1
1.130100e+00 7.523900e+00 -5.836800e-01 -9.291900e-01 219 36 1.194300e+01 2.750000e+00 7.761500e+02 4.372500e+02 1
1.135300e+00 7.561600e+00 -5.858500e-01 -9.291900e-01 220 36 1.224700e+01 2.750000e+00 7.761700e+02 4.370500e+02 1
1.140500e+00 7.597700e+00 -5.879300e-01 -9.291900e-01 221 36 1.207700e+01 2.750000e+00 7.762200e+02 4.368600e+02 1
1.145600e+00 7.631300e+00 -5.898700e-01 -9.291900e-01 222 36 1.186200e+01 2.750000e+00 7.762900e+02 4.366800e+02 1
1.150800e+00 7.661100e+00 -5.915900e-01 -9.291900e-01 223 36 1.113700e+01 2.750000e+00 7.764000e+02 4.365300e+02 1
-7.563100e-01 2.162500e+00 -2.746500e-01 -8.971500e-01 67 37 1.067700e+01 2.750000e+00 4.148400e+02 5.367000e+02 1
-7.860500e-01 2.189000e+00 -2.761800e-01 -8.971500e-01 68 37 1.032500e+01 2.750000e+00 4.095900e+02 5.348800e+02 1
2.029100e+00 6.718100e+00 -5.372300e-01 -8.971500e-01 202 37 1.058700e+01 2.750000e+00 8.735300e+02 4.426000e+02 1
2.039200e+00 6.750700e+00 -5.391100e-01 -8.971500e-01 203 37 1.232100e+01 2.750000e+00 8.736200e+02 4.423800e+02 1
2.049300e+00 6.782200e+00 -5.409300e-01 -8.971500e-01 204 37 1.285900e+01 2.750000e+00 8.737500e+02 4.421700e+02 1
2.059400e+00 6.815000e+00 -5.428200e-01 -8.971500e-01 205 37 1.246000e+01 2.750000e+00 8.738400e+02 4.419500e+02 1
2.125400e+00 6.828700e+00 -5.436100e-01 -8.971500e-01 206 37 1.123800e+01 2.750000e+00 8.798100e+02 4.418900e+02 1
1.015800e+00 7.578600e+00 -5.868300e-01 -8.971500e-01 220 37 1.012800e+01 2.750000e+00 7.657700e+02 4.369100e+02 1
9.603900e-01 7.581600e+00 -5.870000e-01 -8.971500e-01 221 37 1.022700e+01 2.750000e+00 7.610100e+02 4.368700e+02 1
-3.863400e-01 1.942700e+00 -2.619800e-01 -8.651100e-01 60 38 1.008600e+01 2.750000e+00 5.054300e+02 5.542700e+02 1
-7.980500e-01 2.097000e+00 -2.708700e-01 -8.651100e-01 66 38 1.178800e+01 2.750000e+00 3.931500e+02 5.410400e+02 1
-8.283400e-01 2.120900e+00 -2.722500e-01 -8.651100e-01 67 38 1.253000e+01 2.750000e+00 3.874800e+02 5.392800e+02 1
-8.591700e-01 2.151500e+00 -2.740100e-01 -8.651100e-01 68 38 1.222100e+01 2.750000e+00 3.827800e+02 5.371200e+02 1
-8.534400e-01 2.206900e+00 -2.772100e-01 -8.651100e-01 69 38 1.099700e+01 2.750000e+00 3.924100e+02 5.335400e+02 1
-8.136000e-01 2.339900e+00 -2.848700e-01 -8.651100e-01 72 38 1.128600e+01 2.750000e+00 4.207700e+02 5.257300e+02 1
-8.054200e-01 2.380800e+00 -2.872300e-01 -8.651100e-01 73 38 1.117400e+01 2.750000e+00 4.277500e+02 5.235000e+02 1
1.993900e+00 6.788100e+00 -5.412700e-01 -8.651100e-01 204 38 1.046900e+01 2.750000e+00 8.682400e+02 4.421000e+02 1
2.170700e+00 6.785600e+00 -5.411200e-01 -8.651100e-01 205 38 1.041900e+01 2.750000e+00 8.854000e+02 4.422000e+02 1
-8.157900e-01 2.084100e+00 -2.701300e-01 -8.330700e-01 66 39 1.168800e+01 2.750000e+00 3.858000e+02 5.418900e+02 1
-8.463400e-01 2.114600e+00 -2.718800e-01 -8.330700e-01 67 39 1.234000e+01 2.750000e+00 3.811000e+02 5.396600e+02 1
-8.774500e-01 2.142700e+00 -2.735000e-01 -8.330700e-01 68 39 1.204600e+01 2.750000e+00 3.760200e+02 5.376500e+02 1
-8.534400e-01 2.198700e+00 -2.767300e-01 -8.330700e-01 69 39 1.090400e+01 2.750000e+00 3.912500e+02 5.340700e+02 1
-9.167400e-01 2.208100e+00 -2.772700e-01 -8.330700e-01 71 39 1.056200e+01 2.750000e+00 3.742800e+02 5.332900e+02 1
-8.523500e-01 2.319200e+00 -2.836800e-01 -8.330700e-01 72 39 1.107000e+01 2.750000e+00 4.076000e+02 5.268000e+02 1
-7.464900e-01 2.389700e+00 -2.877400e-01 -8.330700e-01 73 39 1.068700e+01 2.750000e+00 4.445500e+02 5.231700e+02 1
-4.139000e-01 1.196700e+00 -2.189800e-01 -8.010300e-01 38 40 9.841100e+00 2.750000e+00 3.664700e+02 6.573300e+02 0
0 0 -1.500000e-01 -9.612300e-02 1 62 1.009200e+01 2.750000e+00 2167 -3.612800e+03 0
6.722700e-01 6.797200e-01 -1.891800e-01 -9.612300e-02 29 62 9.762400e+00 2.750000e+00 1240 9.074800e+02 0
6.725500e-01 7.461200e-01 -1.930100e-01 -9.612300e-02 30 62 1.041600e+01 2.750000e+00 1.184500e+03 8.553100e+02 0
6.793700e-01 7.911800e-01 -1.956000e-01 -9.612300e-02 31 62 1.069400e+01 2.750000e+00 1.159100e+03 8.257300e+02 0
6.935500e-01 8.126800e-01 -1.968400e-01 -9.612300e-02 32 62 1.027700e+01 2.750000e+00 1158 8.131700e+02 0
0 0 -1.500000e-01 -6.408200e-02 1 63 9.877800e+00 2.750000e+00 2167 -3.612800e+03 0
1.391500e-02 1.063300e-02 -1.506100e-01 -6.408200e-02 2 63 9.577000e+00 2.750000e+00 2.263100e+03 -4.252100e+03 0
6.646300e-01 6.459800e-01 -1.872300e-01 -6.408200e-02 29 63 1.008800e+01 2.750000e+00 1.264500e+03 9.385500e+02 0
6.646300e-01 7.567600e-01 -1.936200e-01 -6.408200e-02 30 63 1.094800e+01 2.750000e+00 1.168800e+03 8.477200e+02 0
6.711800e-01 7.932700e-01 -1.957200e-01 -6.408200e-02 31 63 1.138600e+01 2.750000e+00 1150 8.242600e+02 0
6.851000e-01 8.148700e-01 -1.969700e-01 -6.408200e-02 32 63 1.114300e+01 2.750000e+00 1.148900e+03 8.117200e+02 0
7.072000e-01 8.561300e-01 -1.993500e-01 -6.408200e-02 33 63 1.027200e+01 2.750000e+00 1.143100e+03 7.896100e+02 0
0 0 -1.500000e-01 -3.204100e-02 1 64 1.544600e+01 2.750000e+00 2167 -3.612800e+03 0
-7.093800e-02 1.119700e-01 -1.564500e-01 -3.204100e-02 5 64 1.418400e+01 2.750000e+00 -3.122200e+03 7.740200e+03 0
-1.585200e-01 1.860000e-01 -1.607200e-01 -3.204100e-02 8 64 1.336600e+01 2.750000e+00 -1.093900e+03 2.922600e+03 0
-1.986300e-01 1.946900e-01 -1.612200e-01 -3.204100e-02 9 64 1.263500e+01 2.750000e+00 -1.153300e+03 2.723100e+03 0
-2.480100e-01 1.868100e-01 -1.607700e-01 -3.204100e-02 10 64 1.261900e+01 2.750000e+00 -1.507500e+03 2.842100e+03 0
-2.619200e-01 2.215400e-01 -1.627700e-01 -3.204100e-02 11 64 1.208800e+01 2.750000e+00 -1.068500e+03 2.291500e+03 0
-2.851200e-01 2.325600e-01 -1.634000e-01 -3.204100e-02 12 64 1.165200e+01 2.750000e+00 -1.032600e+03 2.158300e+03 0
-3.012100e-01 2.835400e-01 -1.663400e-01 -3.204100e-02 13 64 1.087800e+01 2.750000e+00 -6.742100e+02 1.745100e+03 0
-3.050300e-01 3.016200e-01 -1.673900e-01 -3.204100e-02 14 64 1.045500e+01 2.750000e+00 -5.796800e+02 1.641800e+03 0
-1.298700e-01 4.626700e-01 -1.766700e-01 -3.204100e-02 15 64 1.037600e+01 2.750000e+00 2.065300e+02 1.151100e+03 0
3.536000e-01 3.310400e-01 -1.690800e-01 -3.204100e-02 28 64 1.210000e+01 2.750000e+00 1.166400e+03 1609 0
6.722700e-01 6.432100e-01 -1.870700e-01 -3.204100e-02 29 64 1.369500e+01 2.750000e+00 1.276500e+03 9.415700e+02 0
6.725500e-01 7.360800e-01 -1.924300e-01 -3.204100e-02 30 64 1.465400e+01 2.750000e+00 1.192200e+03 8.625000e+02 0
6.793700e-01 7.974900e-01 -1.959700e-01 -3.204100e-02 31 64 1.483000e+01 2.750000e+00 1.154900e+03 8.218800e+02 0
6.851000e-01 8.240200e-01 -1.975000e-01 -3.204100e-02 32 64 1.436200e+01 2.750000e+00 1.143200e+03 8.064900e+02 0
6.897400e-01 8.629200e-01 -1.997400e-01 -3.204100e-02 33 64 1.305100e+01 2.750000e+00 1.124300e+03 7.857900e+02 0
6.932800e-01 9.076200e-01 -2.023200e-01 -3.204100e-02 34 64 1.047300e+01 2.750000e+00 1.103400e+03 7.644100e+02 0
-8.689900e-01 8.355100e-01 -1.981600e-01 -3.204100e-02 36 64 1.073000e+01 2.750000e+00 -1.428400e+02 7.703000e+02 0
-8.643500e-01 8.763000e-01 -2.005100e-01 -3.204100e-02 37 64 1.109100e+01 2.750000e+00 -9.838300e+01 7.520600e+02 0
-8.883600e-01 8.689000e-01 -2.000800e-01 -3.204100e-02 38 64 1.062800e+01 2.750000e+00 -1.232400e+02 7.548500e+02 0
