0 0 -1.500000e-01 0 1 65 1.637300e+01 2.130000e+00 2167 -3.612800e+03 0
-7.093800e-02 1.122200e-01 -1.550100e-01 0 5 65 1.519900e+01 2.130000e+00 -3.093500e+03 7.662500e+03 0
-1.585200e-01 1.860000e-01 -1.583000e-01 0 8 65 1.437700e+01 2.130000e+00 -1.092500e+03 2.907700e+03 0
-1.986300e-01 1.940400e-01 -1.586600e-01 0 9 65 1.369200e+01 2.130000e+00 -1.161400e+03 2.720900e+03 0
-2.480100e-01 1.859400e-01 -1.583000e-01 0 10 65 1.365700e+01 2.130000e+00 -1.521600e+03 2.845200e+03 0
-2.592000e-01 2.251800e-01 -1.600500e-01 0 11 65 1.303200e+01 2.130000e+00 -1.017300e+03 2.236700e+03 0
-2.851200e-01 2.338200e-01 -1.604400e-01 0 12 65 1.267600e+01 2.130000e+00 -1.018600e+03 2.132900e+03 0
-3.044900e-01 2.811200e-01 -1.625500e-01 0 13 65 1.198400e+01 2.130000e+00 -6.974900e+02 1.748100e+03 0
-3.050300e-01 3.026700e-01 -1.635100e-01 0 14 65 1.154000e+01 2.130000e+00 -5.733600e+02 1.625400e+03 0
-1.222300e-01 4.232700e-01 -1.688900e-01 0 15 65 1.139100e+01 2.130000e+00 1.657900e+02 1.225700e+03 0
3.536000e-01 3.319000e-01 -1.648100e-01 0 28 65 1.313900e+01 2.130000e+00 1.164300e+03 1.593100e+03 0
6.722700e-01 6.468200e-01 -1.788700e-01 0 29 65 1.470600e+01 2.130000e+00 1.272200e+03 9.282900e+02 0
6.725500e-01 7.371900e-01 -1.829000e-01 0 30 65 1.562300e+01 2.130000e+00 1.190900e+03 8.522400e+02 0
6.711800e-01 8.044700e-01 -1.859000e-01 0 31 65 1.576300e+01 2.130000e+00 1.142400e+03 8.081900e+02 0
6.766400e-01 8.331200e-01 -1.871800e-01 0 32 65 1.521200e+01 2.130000e+00 1.129700e+03 7.920100e+02 0
6.722700e-01 8.771000e-01 -1.891500e-01 0 33 65 1.369500e+01 2.130000e+00 1.101500e+03 7.692200e+02 0
7.514000e-01 9.128600e-01 -1.907400e-01 0 35 65 1.083800e+01 2.130000e+00 1.146700e+03 7.538900e+02 0
-8.403400e-01 8.697300e-01 -1.888200e-01 0 36 65 1.180500e+01 2.130000e+00 -8.661600e+01 7.466800e+02 0
-8.545300e-01 8.709000e-01 -1.888700e-01 0 37 65 1.228100e+01 2.130000e+00 -9.597700e+01 7.459400e+02 0
-8.883600e-01 8.245400e-01 -1.868000e-01 0 38 65 1.191400e+01 2.130000e+00 -1.693100e+02 7.665700e+02 0
-9.227400e-01 7.460900e-01 -1.833000e-01 0 39 65 1.050900e+01 2.130000e+00 -2.952800e+02 8.080100e+02 0
0 0 -1.500000e-01 3.204100e-02 1 66 1.535100e+01 2.130000e+00 2167 -3.612800e+03 0
-7.093800e-02 1.127200e-01 -1.550300e-01 3.204100e-02 5 66 1.418900e+01 2.130000e+00 -3.047700e+03 7.574400e+03 0
-1.585200e-01 1.857800e-01 -1.582900e-01 3.204100e-02 8 66 1.337900e+01 2.130000e+00 -1.095900e+03 2.912600e+03 0
-2.008100e-01 1.922200e-01 -1.585800e-01 3.204100e-02 9 66 1.268000e+01 2.130000e+00 -1.198500e+03 2.753500e+03 0
-2.480100e-01 1.865900e-01 -1.583300e-01 3.204100e-02 10 66 1.265200e+01 2.130000e+00 -1.509800e+03 2.832100e+03 0
-2.619200e-01 2.223100e-01 -1.599200e-01 3.204100e-02 11 66 1.214100e+01 2.130000e+00 -1.058700e+03 2.269400e+03 0
-2.881200e-01 2.325600e-01 -1.603800e-01 3.204100e-02 12 66 1.167600e+01 2.130000e+00 -1.041700e+03 2.144900e+03 0
-3.012100e-01 2.859300e-01 -1.627600e-01 3.204100e-02 13 66 1.096100e+01 2.130000e+00 -6.586500e+02 1.719300e+03 0
-3.050300e-01 2.978700e-01 -1.632900e-01 3.204100e-02 14 66 1.055600e+01 2.130000e+00 -5.993200e+02 1.650700e+03 0
3.462300e-01 3.951200e-01 -1.676300e-01 3.204100e-02 28 66 1.217100e+01 2.130000e+00 1.052700e+03 1.346200e+03 0
6.722700e-01 6.410800e-01 -1.786100e-01 3.204100e-02 29 66 1.372000e+01 2.130000e+00 1.278300e+03 9.339800e+02 0
6.725500e-01 7.336200e-01 -1.827400e-01 3.204100e-02 30 66 1.462500e+01 2.130000e+00 1.193700e+03 8.548400e+02 0
6.711800e-01 8.044300e-01 -1.859000e-01 3.204100e-02 31 66 1.476200e+01 2.130000e+00 1.142400e+03 8.082200e+02 0
6.766400e-01 8.348300e-01 -1.872600e-01 3.204100e-02 32 66 1.420900e+01 2.130000e+00 1.128700e+03 7.910700e+02 0
6.722700e-01 8.799800e-01 -1.892700e-01 3.204100e-02 33 66 1.264700e+01 2.130000e+00 1.100100e+03 7.678200e+02 0
6.957400e-01 9.072900e-01 -1.904900e-01 3.204100e-02 35 66 9.826100e+00 2.130000e+00 1.105200e+03 7.554600e+02 0
-8.403400e-01 8.698500e-01 -1.888200e-01 3.204100e-02 36 66 1.083800e+01 2.130000e+00 -8.650200e+01 7.466300e+02 0
-8.741700e-01 8.439300e-01 -1.876700e-01 3.204100e-02 37 66 1.133100e+01 2.130000e+00 -1.376000e+02 7.576600e+02 0
-9.085500e-01 7.838400e-01 -1.849800e-01 3.204100e-02 38 66 1.079800e+01 2.130000e+00 -2.333000e+02 7.869400e+02 0
8.097800e-01 1.283800e+01 1.546600e+00 -5.447000e-01 372 48 1.002900e+01 2.130000e+00 7.237800e+02 3.040400e+02 0
7.142900e-01 1.304000e+01 -7.320100e-01 -5.447000e-01 375 48 1.010400e+01 2.130000e+00 7.204400e+02 4.119600e+02 1
4.092600e-01 1.309000e+01 -7.342100e-01 -5.447000e-01 376 48 1.109800e+01 2.130000e+00 7.054000e+02 4.118200e+02 1
4.103500e-01 1.312400e+01 -7.357500e-01 -5.447000e-01 377 48 1.105400e+01 2.130000e+00 7.054300e+02 4.117600e+02 1
5.143000e-01 1.314500e+01 -7.366800e-01 -5.447000e-01 378 48 9.993800e+00 2.130000e+00 7.104700e+02 4.117400e+02 1
5.061100e-01 1.247100e+01 3.475600e+00 -5.126600e-01 372 49 1.038800e+01 2.130000e+00 7.076800e+02 2.090300e+02 0
5.102100e-01 1.298900e+01 -7.297400e-01 -5.126600e-01 375 49 1.065200e+01 2.130000e+00 7.104700e+02 4.120100e+02 1
4.092600e-01 1.306000e+01 -7.329000e-01 -5.126600e-01 376 49 1.147200e+01 2.130000e+00 7.054300e+02 4.118700e+02 1
4.103500e-01 1.310900e+01 -7.350800e-01 -5.126600e-01 377 49 1.138700e+01 2.130000e+00 7.054400e+02 4.117900e+02 1
4.114400e-01 1.314400e+01 -7.366200e-01 -5.126600e-01 378 49 1.021400e+01 2.130000e+00 7.054600e+02 4.117300e+02 1
0 0 -1.500000e-01 -4.165300e-01 1 52 9.597600e+00 2.130000e+00 2167 -3.612800e+03 0
0 0 -1.500000e-01 -3.844900e-01 1 53 9.534600e+00 2.130000e+00 2167 -3.612800e+03 0
0 0 -1.500000e-01 -6.408200e-02 1 63 1.047800e+01 2.130000e+00 2167 -3.612800e+03 0
-3.437800e-02 1.094300e-03 -1.500500e-01 -6.408200e-02 2 63 1.024300e+01 2.130000e+00 2518 -3.737500e+03 0
0 0 -1.500000e-01 -3.204100e-02 1 64 1.537900e+01 2.130000e+00 2167 -3.612800e+03 0
-7.093800e-02 1.116500e-01 -1.549800e-01 -3.204100e-02 5 64 1.417400e+01 2.130000e+00 -3147 7.765200e+03 0
-1.585200e-01 1.860800e-01 -1.583000e-01 -3.204100e-02 8 64 1.336500e+01 2.130000e+00 -1.091300e+03 2.906100e+03 0
-1.986300e-01 1.935100e-01 -1.586400e-01 -3.204100e-02 9 64 1.265800e+01 2.130000e+00 -1.169200e+03 2.730700e+03 0
-2.480100e-01 1.852300e-01 -1.582700e-01 -3.204100e-02 10 64 1.262700e+01 2.130000e+00 -1.534700e+03 2.859800e+03 0
-2.592000e-01 2.234800e-01 -1.599700e-01 -3.204100e-02 11 64 1.203400e+01 2.130000e+00 -1.035700e+03 2.256600e+03 0
-2.851200e-01 2.293400e-01 -1.602400e-01 -3.204100e-02 12 64 1.159800e+01 2.130000e+00 -1065 2.180200e+03 0
-3.077600e-01 2.760800e-01 -1.623200e-01 -3.204100e-02 13 64 1.094800e+01 2.130000e+00 -7.395600e+02 1.779600e+03 0
-3.085800e-01 3.035900e-01 -1.635500e-01 -3.204100e-02 14 64 1.057000e+01 2.130000e+00 -5.772900e+02 1.620100e+03 0
-1.145900e-01 4.259600e-01 -1.690100e-01 -3.204100e-02 15 64 1.052500e+01 2.130000e+00 1.830500e+02 1220 0
3.609700e-01 3.094900e-01 -1.638100e-01 -3.204100e-02 28 64 1.211100e+01 2.130000e+00 1.232900e+03 1.715200e+03 0
6.799100e-01 6.445900e-01 -1.787700e-01 -3.204100e-02 29 64 1.367800e+01 2.130000e+00 1.283600e+03 9.307600e+02 0
6.725500e-01 7.397900e-01 -1.830200e-01 -3.204100e-02 30 64 1.459900e+01 2.130000e+00 1.188900e+03 8.503700e+02 0
6.711800e-01 8.043300e-01 -1.859000e-01 -3.204100e-02 31 64 1.474800e+01 2.130000e+00 1.142500e+03 8.082800e+02 0
6.766400e-01 8.307900e-01 -1.870800e-01 -3.204100e-02 32 64 1.422300e+01 2.130000e+00 1.131100e+03 7.932800e+02 0
6.810000e-01 8.666100e-01 -1.886800e-01 -3.204100e-02 33 64 1.278200e+01 2.130000e+00 1.114500e+03 7.745600e+02 0
-8.403400e-01 8.772700e-01 -1.891500e-01 -3.204100e-02 36 64 1.075900e+01 2.130000e+00 -7.954100e+01 7.434400e+02 0
-8.447100e-01 9.031600e-01 -1.903100e-01 -3.204100e-02 37 64 1.127200e+01 2.130000e+00 -5.929200e+01 7.326700e+02 0
-8.580800e-01 8.981400e-01 -1.900800e-01 -3.204100e-02 38 64 1.103300e+01 2.130000e+00 -7.329400e+01 7.344900e+02 0
