0 0 -1.500000e-01 0 1 65 1.646000e+01 2.040000e+00 2167 -3.612800e+03 0
-7.093800e-02 1.119600e-01 -1.547900e-01 0 5 65 1.520800e+01 2.040000e+00 -3.117300e+03 7.704900e+03 0
-1.585200e-01 1.860400e-01 -1.579500e-01 0 8 65 1.435500e+01 2.040000e+00 -1.091700e+03 2.904800e+03 0
-2.008100e-01 1.914800e-01 -1.581800e-01 0 9 65 1.370600e+01 2.040000e+00 -1.209400e+03 2.765400e+03 0
-2.480100e-01 1.864900e-01 -1.579700e-01 0 10 65 1.366000e+01 2.040000e+00 -1.511300e+03 2.831900e+03 0
-2.592000e-01 2.267100e-01 -1.596900e-01 0 11 65 1.294900e+01 2.040000e+00 -1.000900e+03 2.217400e+03 0
-2.851200e-01 2.367600e-01 -1.601200e-01 0 12 65 1.268400e+01 2.040000e+00 -9.891800e+02 2.101400e+03 0
-3.044900e-01 2.836700e-01 -1.621300e-01 0 13 65 1.199500e+01 2.040000e+00 -6.812200e+02 1.730700e+03 0
-3.050300e-01 3.058500e-01 -1.630700e-01 0 14 65 1.154100e+01 2.040000e+00 -5.566300e+02 1.607600e+03 0
-1.184100e-01 4.119000e-01 -1.676100e-01 0 15 65 1.126600e+01 2.040000e+00 1.551800e+02 1.252300e+03 0
-3.642400e-01 3.675900e-01 -1.657100e-01 0 16 65 1.142900e+01 2.040000e+00 -4.191100e+02 1.353200e+03 0
3.536000e-01 3.182600e-01 -1.636000e-01 0 28 65 1.313000e+01 2.040000e+00 1.191800e+03 1662 0
6.799100e-01 6.408500e-01 -1.773900e-01 0 29 65 1.470000e+01 2.040000e+00 1.287600e+03 9.330700e+02 0
6.725500e-01 7.375100e-01 -1.815200e-01 0 30 65 1.563200e+01 2.040000e+00 1.190600e+03 8.506400e+02 0
6.711800e-01 8.044300e-01 -1.843800e-01 0 31 65 1.580500e+01 2.040000e+00 1.142300e+03 8.068700e+02 0
6.766400e-01 8.317700e-01 -1.855500e-01 0 32 65 1.530700e+01 2.040000e+00 1.130500e+03 7.914000e+02 0
6.810000e-01 8.683100e-01 -1.871100e-01 0 33 65 1.389100e+01 2.040000e+00 1.113500e+03 7.723800e+02 0
7.328400e-01 8.247100e-01 -1.852500e-01 0 35 65 1.079000e+01 2.040000e+00 1185 7.964800e+02 0
-8.116900e-01 9.090200e-01 -1.888600e-01 0 36 65 1.161100e+01 2.040000e+00 -3.076200e+01 7.295800e+02 0
-8.447100e-01 8.829000e-01 -1.877400e-01 0 37 65 1.216200e+01 2.040000e+00 -7.747000e+01 7.397400e+02 0
-8.681700e-01 8.589600e-01 -1.867200e-01 0 38 65 1.183500e+01 2.040000e+00 -1.177200e+02 7.497000e+02 0
-8.916400e-01 8.184900e-01 -1.849900e-01 0 39 65 1.046700e+01 2.040000e+00 -1.785600e+02 7.682100e+02 0
0 0 -1.500000e-01 3.204100e-02 1 66 1.541600e+01 2.040000e+00 2167 -3.612800e+03 0
-7.093800e-02 1.123300e-01 -1.548000e-01 3.204100e-02 5 66 1.419300e+01 2.040000e+00 -3.082200e+03 7.637400e+03 0
-1.585200e-01 1.859800e-01 -1.579500e-01 3.204100e-02 8 66 1.332400e+01 2.040000e+00 -1.092600e+03 2.906100e+03 0
-2.008100e-01 1.917400e-01 -1.582000e-01 3.204100e-02 9 66 1.271300e+01 2.040000e+00 -1.205500e+03 2.760500e+03 0
-2.480100e-01 1.872700e-01 -1.580000e-01 3.204100e-02 10 66 1.268600e+01 2.040000e+00 -1.497300e+03 2.816400e+03 0
-2.619200e-01 2.238900e-01 -1.595700e-01 3.204100e-02 11 66 1.197100e+01 2.040000e+00 -1041 2.248800e+03 0
-2.881200e-01 2.356500e-01 -1.600700e-01 3.204100e-02 12 66 1.170800e+01 2.040000e+00 -1.010200e+03 2.111400e+03 0
-3.110400e-01 2.789500e-01 -1.619200e-01 3.204100e-02 13 66 1.104200e+01 2.040000e+00 -7.292500e+02 1.758700e+03 0
-3.085800e-01 3.066000e-01 -1.631100e-01 3.204100e-02 14 66 1.055600e+01 2.040000e+00 -5.614300e+02 1.603200e+03 0
-3.683300e-01 3.639000e-01 -1.655500e-01 3.204100e-02 16 66 1.062300e+01 2.040000e+00 -4.408000e+02 1.364500e+03 0
3.462300e-01 3.137800e-01 -1.634100e-01 3.204100e-02 28 66 1.215000e+01 2.040000e+00 1.180500e+03 1.685600e+03 0
6.722700e-01 6.484200e-01 -1.777200e-01 3.204100e-02 29 66 1.375600e+01 2.040000e+00 1.270400e+03 9.253200e+02 0
6.725500e-01 7.364600e-01 -1.814800e-01 3.204100e-02 30 66 1.468300e+01 2.040000e+00 1.191400e+03 8.514100e+02 0
6.711800e-01 8.044700e-01 -1.843900e-01 3.204100e-02 31 66 1.493500e+01 2.040000e+00 1.142300e+03 8.068500e+02 0
6.766400e-01 8.317700e-01 -1.855500e-01 3.204100e-02 32 66 1.459200e+01 2.040000e+00 1.130500e+03 7.914000e+02 0
6.810000e-01 8.607400e-01 -1.867900e-01 3.204100e-02 33 66 1.347700e+01 2.040000e+00 1.117600e+03 7.761900e+02 0
6.752700e-01 9.081000e-01 -1.888200e-01 3.204100e-02 34 66 1.105100e+01 2.040000e+00 1.088300e+03 7.534300e+02 0
-8.021400e-01 9.208400e-01 -1.893600e-01 3.204100e-02 36 66 1.090800e+01 2.040000e+00 -1.428500e+01 7.251000e+02 0
-8.348900e-01 9.109400e-01 -1.889400e-01 3.204100e-02 37 66 1.133400e+01 2.040000e+00 -4.554700e+01 7.284800e+02 0
-8.580800e-01 9.017900e-01 -1.885500e-01 3.204100e-02 38 66 1.097900e+01 2.040000e+00 -6.998000e+01 7.317700e+02 0
0 0 -1.500000e-01 6.408200e-02 1 67 1.028600e+01 2.040000e+00 2167 -3.612800e+03 0
-5.456800e-04 3.491600e-02 -1.514900e-01 6.408200e-02 2 67 9.819500e+00 2.040000e+00 3.495900e+03 -7.197300e+03 0
6.875500e-01 6.948000e-01 -1.797000e-01 6.408200e-02 29 67 9.880500e+00 2.040000e+00 1.242400e+03 8.841300e+02 0
6.725500e-01 7.504200e-01 -1.820800e-01 6.408200e-02 30 67 1.099400e+01 2.040000e+00 1.180700e+03 8.415100e+02 0
6.548100e-01 8.168300e-01 -1.849100e-01 6.408200e-02 31 67 1.177000e+01 2.040000e+00 1.119900e+03 7.993200e+02 0
6.597200e-01 8.359900e-01 -1.857300e-01 6.408200e-02 32 67 1.213200e+01 2.040000e+00 1.113100e+03 7.887600e+02 0
6.722700e-01 8.434700e-01 -1.860500e-01 6.408200e-02 33 67 1.176700e+01 2.040000e+00 1.119800e+03 785 0
6.932800e-01 8.377600e-01 -1.858100e-01 6.408200e-02 34 67 1.057700e+01 2.040000e+00 1.141600e+03 7.884700e+02 0
0 0 -1.500000e-01 9.612300e-02 1 68 1.044500e+01 2.040000e+00 2167 -3.612800e+03 0
1.664300e-02 4.551000e-03 -1.501900e-01 9.612300e-02 2 68 1.007100e+01 2.040000e+00 2.099900e+03 -3.841600e+03 0
-1.326000e-01 3.487600e-01 -1.649100e-01 9.612300e-02 28 68 9.210700e+00 2.040000e+00 2.042600e+00 1.446200e+03 0
6.567200e-01 7.627700e-01 -1.826000e-01 9.612300e-02 30 68 1.012300e+01 2.040000e+00 1.156300e+03 8.327100e+02 0
6.630000e-01 8.046000e-01 -1.843900e-01 9.612300e-02 31 68 1.039100e+01 2.040000e+00 1.134700e+03 8.065900e+02 0
6.597200e-01 8.274400e-01 -1.853700e-01 9.612300e-02 32 68 1.018100e+01 2.040000e+00 1118 7.934500e+02 0
-2.062700e-01 3.765500e+00 -3.109500e-01 -8.971500e-01 109 37 1.019200e+01 2.040000e+00 6.288700e+02 4.677600e+02 1
-2.379100e-01 3.797100e+00 -3.123000e-01 -8.971500e-01 110 37 1.016100e+01 2.040000e+00 6.240500e+02 4.670500e+02 1
-2.919400e-01 3.693500e+00 -3.078700e-01 -8.651100e-01 108 38 1.175400e+01 2.040000e+00 6.126300e+02 4.692500e+02 1
-2.946700e-01 3.737600e+00 -3.097600e-01 -8.651100e-01 109 38 1.294100e+01 2.040000e+00 6.131400e+02 4.682700e+02 1
-2.973900e-01 3.779000e+00 -3.115300e-01 -8.651100e-01 110 38 1.325400e+01 2.040000e+00 6.135700e+02 4.673700e+02 1
-3.001200e-01 3.820200e+00 -3.132900e-01 -8.651100e-01 111 38 1.297700e+01 2.040000e+00 6.139900e+02 4.664900e+02 1
-3.028500e-01 3.860400e+00 -3.150100e-01 -8.651100e-01 112 38 1.229900e+01 2.040000e+00 6.143800e+02 4.656600e+02 1
-3.361400e-01 3.894000e+00 -3.164400e-01 -8.651100e-01 113 38 1.126900e+01 2.040000e+00 6.095800e+02 4.649400e+02 0
-2.024500e-01 3.654200e+00 -3.062000e-01 -8.330700e-01 107 39 1.096000e+01 2.040000e+00 6.275300e+02 4.702400e+02 1
-2.627400e-01 3.702000e+00 -3.082400e-01 -8.330700e-01 108 39 1.342900e+01 2.040000e+00 6.179000e+02 4.690900e+02 1
-2.946700e-01 3.743700e+00 -3.100200e-01 -8.330700e-01 109 39 1.466800e+01 2.040000e+00 6.132700e+02 4.681300e+02 1
-2.973900e-01 3.783400e+00 -3.117200e-01 -8.330700e-01 110 39 1.492400e+01 2.040000e+00 6.136700e+02 4.672700e+02 1
-3.001200e-01 3.821100e+00 -3.133300e-01 -8.330700e-01 111 39 1.443900e+01 2.040000e+00 6.140100e+02 4.664700e+02 1
-3.028500e-01 3.856300e+00 -3.148300e-01 -8.330700e-01 112 39 1.379700e+01 2.040000e+00 6.142900e+02 4.657400e+02 1
-3.055800e-01 3.892600e+00 -3.163800e-01 -8.330700e-01 113 39 1.301800e+01 2.040000e+00 6.146000e+02 465 0
-3.083100e-01 3.928300e+00 -3.179100e-01 -8.330700e-01 114 39 1.167400e+01 2.040000e+00 6.148800e+02 4.642900e+02 0
-1.581400e+00 4.105000e+00 -3.254600e-01 -8.330700e-01 127 39 1.009600e+01 2.040000e+00 4.210200e+02 4.597600e+02 1
-2.892100e-01 3.673300e+00 -3.070100e-01 -8.010300e-01 107 40 1.063700e+01 2.040000e+00 6.126600e+02 4.697000e+02 1
-2.919400e-01 3.705200e+00 -3.083800e-01 -8.010300e-01 108 40 1.314800e+01 2.040000e+00 6.128900e+02 4.689800e+02 1
-2.946700e-01 3.746500e+00 -3.101400e-01 -8.010300e-01 109 40 1.436600e+01 2.040000e+00 6.133300e+02 4.680700e+02 1
-3.271300e-01 3.784100e+00 -3.117500e-01 -8.010300e-01 110 40 1.455300e+01 2.040000e+00 6.086200e+02 4.672300e+02 1
-3.301300e-01 3.821900e+00 -3.133600e-01 -8.010300e-01 111 40 1.385500e+01 2.040000e+00 6.089700e+02 4.664300e+02 1
-2.725700e-01 3.859100e+00 -3.149500e-01 -8.010300e-01 112 40 1.320800e+01 2.040000e+00 6.194000e+02 4.657200e+02 1
-2.750200e-01 3.897800e+00 -3.166100e-01 -8.010300e-01 113 40 1.266700e+01 2.040000e+00 6.197500e+02 4.649300e+02 0
-1.165000e+00 4.098300e+00 -3.251800e-01 -8.010300e-01 123 40 1.063300e+01 2.040000e+00 4.847500e+02 4.602600e+02 1
-1.342400e+00 4.080200e+00 -3.244000e-01 -8.010300e-01 124 40 1.195100e+01 2.040000e+00 4.563100e+02 4.604200e+02 1
-1.454800e+00 4.077000e+00 -3.242700e-01 -8.010300e-01 125 40 1.258400e+01 2.040000e+00 4.387100e+02 4.603700e+02 1
-1.500600e+00 4.098900e+00 -3.252000e-01 -8.010300e-01 126 40 1.275100e+01 2.040000e+00 4.330300e+02 4.599400e+02 1
-1.512600e+00 4.130400e+00 -3.265500e-01 -8.010300e-01 127 40 1.236400e+01 2.040000e+00 4.332000e+02 4.593700e+02 1
-1.628600e+00 4.075600e+00 -3.242100e-01 -8.010300e-01 128 40 1.117800e+01 2.040000e+00 4.117600e+02 4.602300e+02 1
4.641000e-01 2.038100e+00 -2.371200e-01 -7.689800e-01 64 41 1.020800e+01 2.040000e+00 7.892200e+02 5.399700e+02 0
4.365400e-01 2.079000e+00 -2.388600e-01 -7.689800e-01 65 41 1.063400e+01 2.040000e+00 7.784100e+02 5.367500e+02 0
4.256300e-01 2.113000e+00 -2.403200e-01 -7.689800e-01 66 41 1.034600e+01 2.040000e+00 7.735500e+02 5.342200e+02 0
-2.946700e-01 3.742200e+00 -3.099500e-01 -7.689800e-01 109 41 1.165900e+01 2.040000e+00 6.132400e+02 4.681700e+02 1
-3.568700e-01 3.783100e+00 -3.117000e-01 -7.689800e-01 110 41 1.185400e+01 2.040000e+00 6.035400e+02 4.672200e+02 1
-4.201700e-01 3.818400e+00 -3.132100e-01 -7.689800e-01 111 41 1.094100e+01 2.040000e+00 5.937400e+02 4.664000e+02 1
-1.198300e+00 4.085000e+00 -3.246100e-01 -7.689800e-01 123 41 1.048900e+01 2.040000e+00 4.789000e+02 4.604700e+02 1
-1.342400e+00 4.080400e+00 -3.244100e-01 -7.689800e-01 124 41 1.203500e+01 2.040000e+00 4.563200e+02 4.604100e+02 1
-1.420900e+00 4.090000e+00 -3.248200e-01 -7.689800e-01 125 41 1.276200e+01 2.040000e+00 4.447400e+02 4.601700e+02 1
-1.466500e+00 4.111500e+00 -3.257400e-01 -7.689800e-01 126 41 1.286900e+01 2.040000e+00 4.390600e+02 4.597500e+02 1
-1.478200e+00 4.143100e+00 -3.270900e-01 -7.689800e-01 127 41 1.227700e+01 2.040000e+00 4.392300e+02 4.591900e+02 1
-1.663200e+00 4.031700e+00 -3.223300e-01 -7.689800e-01 128 41 1.075200e+01 2.040000e+00 4.032700e+02 4.609900e+02 1
-1.353300e+00 4.109600e+00 -3.256600e-01 -7.369400e-01 125 42 1.060500e+01 2.040000e+00 4.563400e+02 4.598900e+02 1
-1.398300e+00 4.131300e+00 -3.265900e-01 -7.369400e-01 126 42 1.058900e+01 2.040000e+00 4.507100e+02 4.594600e+02 1
0 0 -1.500000e-01 -6.408200e-02 1 63 1.000500e+01 2.040000e+00 2167 -3.612800e+03 0
2.182700e-03 3.477100e-02 -1.514900e-01 -6.408200e-02 2 63 9.829600e+00 2.040000e+00 3.434900e+03 -7.151700e+03 0
6.646300e-01 7.374300e-01 -1.815200e-01 -6.408200e-02 30 63 1.060000e+01 2.040000e+00 1.182600e+03 8.504900e+02 0
6.711800e-01 8.009800e-01 -1.842400e-01 -6.408200e-02 31 63 1.065000e+01 2.040000e+00 1.144500e+03 8.089200e+02 0
6.851000e-01 7.753000e-01 -1.831400e-01 -6.408200e-02 32 63 1.016800e+01 2.040000e+00 1.174900e+03 8.251700e+02 0
0 0 -1.500000e-01 -3.204100e-02 1 64 1.548300e+01 2.040000e+00 2167 -3.612800e+03 0
-7.093800e-02 1.114900e-01 -1.547700e-01 -3.204100e-02 5 64 1.418700e+01 2.040000e+00 -3.161700e+03 7.790100e+03 0
-1.585200e-01 1.860700e-01 -1.579500e-01 -3.204100e-02 8 64 1.332900e+01 2.040000e+00 -1.091300e+03 2.904200e+03 0
-2.008100e-01 1.912200e-01 -1.581700e-01 -3.204100e-02 9 64 1.267200e+01 2.040000e+00 -1.213500e+03 2.770500e+03 0
-2.480100e-01 1.853800e-01 -1.579200e-01 -3.204100e-02 10 64 1.261600e+01 2.040000e+00 -1.531700e+03 2.854700e+03 0
-2.564700e-01 2.290900e-01 -1.597900e-01 -3.204100e-02 11 64 1.189100e+01 2.040000e+00 -9.667200e+02 2.191900e+03 0
-2.821100e-01 2.366800e-01 -1.601200e-01 -3.204100e-02 12 64 1.168000e+01 2.040000e+00 -9.798200e+02 2.103100e+03 0
-2.979400e-01 2.862100e-01 -1.622300e-01 -3.204100e-02 13 64 1.098300e+01 2.040000e+00 -6.481600e+02 1.716700e+03 0
-3.085800e-01 2.999600e-01 -1.628200e-01 -3.204100e-02 14 64 1.044500e+01 2.040000e+00 -5.966600e+02 1.637300e+03 0
-1.222300e-01 4.384000e-01 -1.687400e-01 -3.204100e-02 15 64 1.036000e+01 2.040000e+00 1.875000e+02 1.189900e+03 0
3.536000e-01 3.159000e-01 -1.635000e-01 -3.204100e-02 28 64 1.209000e+01 2.040000e+00 1.196900e+03 1.675100e+03 0
6.799100e-01 6.455900e-01 -1.776000e-01 -3.204100e-02 29 64 1.364600e+01 2.040000e+00 1.282500e+03 9.283600e+02 0
6.725500e-01 7.399600e-01 -1.816300e-01 -3.204100e-02 30 64 1.457200e+01 2.040000e+00 1.188700e+03 8.488800e+02 0
6.793700e-01 7.974100e-01 -1.840800e-01 -3.204100e-02 31 64 1.471700e+01 2.040000e+00 1.154400e+03 8.112500e+02 0
6.766400e-01 8.310400e-01 -1.855200e-01 -3.204100e-02 32 64 1.416200e+01 2.040000e+00 1.130900e+03 7.918100e+02 0
6.810000e-01 8.721400e-01 -1.872800e-01 -3.204100e-02 33 64 1.263900e+01 2.040000e+00 1.111400e+03 7.704800e+02 0
-9.724000e-01 2.725400e-01 -1.616500e-01 -3.204100e-02 34 64 1.010400e+01 2.040000e+00 -2.450600e+03 1.661500e+03 0
6.957400e-01 8.521800e-01 -1.864300e-01 -3.204100e-02 35 64 9.915800e+00 2.040000e+00 1.135100e+03 7.808700e+02 0
-8.116900e-01 9.101900e-01 -1.889000e-01 -3.204100e-02 36 64 1.008600e+01 2.040000e+00 -2.978500e+01 7.291200e+02 0
-8.447100e-01 8.671700e-01 -1.870700e-01 -3.204100e-02 37 64 1.082700e+01 2.040000e+00 -9.223300e+01 7.464700e+02 0
-8.681700e-01 8.267400e-01 -1.853400e-01 -3.204100e-02 38 64 1.063900e+01 2.040000e+00 -1.511600e+02 7.646100e+02 0
