0 0 -1.500000e-01 0 1 65 1.639600e+01 2.970000e+00 2167 -3.612800e+03 0
-7.093800e-02 1.120600e-01 -1.569800e-01 0 5 65 1.520000e+01 2.970000e+00 -3116 7.736400e+03 0
-1.585200e-01 1.860300e-01 -1.615800e-01 0 8 65 1.435500e+01 2.970000e+00 -1.093900e+03 2.927200e+03 0
-2.008100e-01 1.915400e-01 -1.619300e-01 0 9 65 1.368200e+01 2.970000e+00 -1.210700e+03 2.785700e+03 0
-2.480100e-01 1.865300e-01 -1.616100e-01 0 10 65 1.363500e+01 2.970000e+00 -1.513200e+03 2.852900e+03 0
-2.619200e-01 2.215000e-01 -1.637900e-01 0 11 65 1.314100e+01 2.970000e+00 -1.069400e+03 2.296500e+03 0
-2.881200e-01 2.288300e-01 -1.642500e-01 0 12 65 1.269900e+01 2.970000e+00 -1.082600e+03 2.201500e+03 0
-3.077600e-01 2.782700e-01 -1.673200e-01 0 13 65 1.195400e+01 2.970000e+00 -7.261300e+02 1.780800e+03 0
-3.121300e-01 3.034600e-01 -1.688900e-01 0 14 65 1.152600e+01 2.970000e+00 -5.877100e+02 1.634900e+03 0
-1.260500e-01 4.287800e-01 -1.767000e-01 0 15 65 1.143700e+01 2.970000e+00 1.670500e+02 1.226100e+03 0
3.536000e-01 3.436800e-01 -1.714000e-01 0 28 65 1.316600e+01 2.970000e+00 1.143400e+03 1.553600e+03 0
6.799100e-01 6.390000e-01 -1.897800e-01 0 29 65 1.468400e+01 2.970000e+00 1.290400e+03 9.495400e+02 0
6.725500e-01 7.362300e-01 -1.958400e-01 0 30 65 1.559600e+01 2.970000e+00 1.192200e+03 8.657500e+02 0
6.793700e-01 7.975800e-01 -1.996600e-01 0 31 65 1.574300e+01 2.970000e+00 1155 8.251400e+02 0
6.766400e-01 8.336000e-01 -2.019000e-01 0 32 65 1.520300e+01 2.970000e+00 1130 8.042900e+02 0
6.810000e-01 8.748000e-01 -2.044600e-01 0 33 65 1.374000e+01 2.970000e+00 1.110600e+03 7.829500e+02 0
6.482600e-01 9.048400e-01 -2.063300e-01 0 34 65 1.083300e+01 2.970000e+00 1.068800e+03 7.681400e+02 0
7.885000e-01 6.741700e-01 -1.919700e-01 0 35 65 1.085600e+01 2.970000e+00 1378 9.196600e+02 0
-8.116900e-01 9.123700e-01 -2.068000e-01 0 36 65 1.167600e+01 2.970000e+00 -2.840400e+01 7.411400e+02 0
-8.348900e-01 9.091200e-01 -2.066000e-01 0 37 65 1.211600e+01 2.970000e+00 -4.756200e+01 7.420700e+02 0
-8.681700e-01 9.013000e-01 -2.061100e-01 0 38 65 1.176400e+01 2.970000e+00 -7.809500e+01 7.446800e+02 0
-9.020000e-01 9.226900e-01 -2.074500e-01 0 39 65 1.043500e+01 2.970000e+00 -8.278900e+01 7.357800e+02 0
0 0 -1.500000e-01 3.204100e-02 1 66 1.535500e+01 2.970000e+00 2167 -3.612800e+03 0
-7.093800e-02 1.123100e-01 -1.569900e-01 3.204100e-02 5 66 1.418600e+01 2.970000e+00 -3.092900e+03 7692 0
-1.585200e-01 1.860100e-01 -1.615800e-01 3.204100e-02 8 66 1.336000e+01 2.970000e+00 -1.094200e+03 2.927700e+03 0
-1.986300e-01 1.950300e-01 -1.621400e-01 3.204100e-02 9 66 1.266200e+01 2.970000e+00 -1.148900e+03 2.721900e+03 0
-2.480100e-01 1.885800e-01 -1.617400e-01 3.204100e-02 10 66 1.262800e+01 2.970000e+00 -1.476300e+03 2.811900e+03 0
-2.619200e-01 2.235800e-01 -1.639200e-01 3.204100e-02 11 66 1.216900e+01 2.970000e+00 -1.046200e+03 2.271500e+03 0
-2.881200e-01 2.304100e-01 -1.643500e-01 3.204100e-02 12 66 1.171000e+01 2.970000e+00 -1.065700e+03 2.184400e+03 0
-3.110400e-01 2.733900e-01 -1.670200e-01 3.204100e-02 13 66 1.092700e+01 2.970000e+00 -7.683000e+02 1.812100e+03 0
3.536000e-01 3.669300e-01 -1.728400e-01 3.204100e-02 28 66 1.210100e+01 2.970000e+00 1.106300e+03 1.458200e+03 0
6.799100e-01 6.331300e-01 -1.894200e-01 3.204100e-02 29 66 1.360000e+01 2.970000e+00 1297 9.555500e+02 0
6.725500e-01 7.329400e-01 -1.956300e-01 3.204100e-02 30 66 1.448700e+01 2.970000e+00 1.194800e+03 8.681600e+02 0
6.793700e-01 7.974100e-01 -1.996500e-01 3.204100e-02 31 66 1.460500e+01 2.970000e+00 1.155100e+03 8.252300e+02 0
6.766400e-01 8.373000e-01 -2.021300e-01 3.204100e-02 32 66 1.403700e+01 2.970000e+00 1.127800e+03 8.022700e+02 0
6.722700e-01 8.860700e-01 -2.051700e-01 3.204100e-02 33 66 1.256700e+01 2.970000e+00 1.097400e+03 7.773200e+02 0
-7.926000e-01 9.301000e-01 -2.079100e-01 3.204100e-02 36 66 1.030800e+01 2.970000e+00 -6.612000e-01 7.345700e+02 0
-8.348900e-01 9.108300e-01 -2.067100e-01 3.204100e-02 37 66 1.101700e+01 2.970000e+00 -4.609700e+01 7.413900e+02 0
-8.681700e-01 9.064300e-01 -2.064300e-01 3.204100e-02 38 66 1.080300e+01 2.970000e+00 -7.349600e+01 7.426300e+02 0
0 0 -1.500000e-01 6.408200e-02 1 67 9.733000e+00 2.970000e+00 2167 -3.612800e+03 0
3.410500e-02 5.414500e-03 -1.503400e-01 6.408200e-02 2 67 9.825400e+00 2.970000e+00 1.946200e+03 -3.859600e+03 0
-2.073600e-02 1.571700e-02 -1.509800e-01 6.408200e-02 3 67 9.570600e+00 2.970000e+00 2816 -4756 0
6.569900e-01 6.946700e-01 -1.932500e-01 6.408200e-02 29 67 9.700700e+00 2.970000e+00 1.209900e+03 8.976500e+02 0
6.646300e-01 7.564700e-01 -1.971000e-01 6.408200e-02 30 67 1.070500e+01 2.970000e+00 1.169100e+03 8.512600e+02 0
6.793700e-01 7.930100e-01 -1.993700e-01 6.408200e-02 31 67 1.115800e+01 2.970000e+00 1158 8.279200e+02 0
7.020100e-01 7.972900e-01 -1.996400e-01 6.408200e-02 32 67 1.069300e+01 2.970000e+00 1.176200e+03 8.258300e+02 0
6.567200e-01 7.707500e-01 -1.979900e-01 9.612300e-02 30 68 9.565800e+00 2.970000e+00 1.151400e+03 8.415100e+02 0
6.793700e-01 7.946700e-01 -1.994800e-01 9.612300e-02 31 68 9.781200e+00 2.970000e+00 1.156900e+03 8.269100e+02 0
-8.880900e-01 7.518100e+00 -6.180700e-01 -9.932700e-01 218 34 1.056400e+01 2.970000e+00 6.037800e+02 4.393200e+02 1
-8.327000e-01 7.543400e+00 -6.196500e-01 -9.932700e-01 219 34 1.049600e+01 2.970000e+00 6.087600e+02 4.392100e+02 1
-8.250600e-01 7.495500e+00 -6.166600e-01 -9.612300e-01 217 35 1.200400e+01 2.970000e+00 6.088600e+02 4.394700e+02 1
-8.880900e-01 7.519800e+00 -6.181800e-01 -9.612300e-01 218 35 1.287100e+01 2.970000e+00 6.038000e+02 4.393100e+02 1
-8.921800e-01 7.554800e+00 -6.203600e-01 -9.612300e-01 219 35 1.276300e+01 2.970000e+00 6.038700e+02 4.391200e+02 1
-8.962700e-01 7.589600e+00 -6.225300e-01 -9.612300e-01 220 35 1.169000e+01 2.970000e+00 6.039500e+02 4.389400e+02 1
1.015000e+00 1.290200e+01 -9.532500e-01 -9.612300e-01 373 35 1.058800e+01 2.970000e+00 7.358700e+02 4.231500e+02 1
1.119500e+00 1.291400e+01 -9.540200e-01 -9.612300e-01 374 35 1.094700e+01 2.970000e+00 7.410400e+02 4.231500e+02 1
1.224500e+00 1.294700e+01 -9.560700e-01 -9.612300e-01 375 35 1.066000e+01 2.970000e+00 7.461400e+02 4.231100e+02 1
9.331100e-01 5.888600e+00 -5.166200e-01 -9.291900e-01 172 36 1.079800e+01 2.970000e+00 7.777100e+02 4.514300e+02 1
9.385600e-01 5.923200e+00 -5.187700e-01 -9.291900e-01 173 36 1.131100e+01 2.970000e+00 7.778100e+02 4.511200e+02 1
9.440200e-01 5.953600e+00 -5.206700e-01 -9.291900e-01 174 36 1.063100e+01 2.970000e+00 7.779700e+02 4.508600e+02 1
9.549300e-01 6.036500e+00 -5.258300e-01 -9.291900e-01 176 36 1.163600e+01 2.970000e+00 7.779700e+02 4.501500e+02 1
9.603900e-01 6.070300e+00 -5.279300e-01 -9.291900e-01 177 36 1.155700e+01 2.970000e+00 7.780800e+02 4.498700e+02 1
9.175600e-01 6.103400e+00 -5.299900e-01 -9.291900e-01 178 36 1.095200e+01 2.970000e+00 7.730500e+02 4.495700e+02 1
-8.840000e-01 7.490800e+00 -6.163700e-01 -9.291900e-01 217 36 1.213000e+01 2.970000e+00 6.038000e+02 4.394700e+02 1
-8.880900e-01 7.523600e+00 -6.184100e-01 -9.291900e-01 218 36 1.297700e+01 2.970000e+00 6.038400e+02 4.392900e+02 1
-9.516600e-01 7.549900e+00 -6.200500e-01 -9.291900e-01 219 36 1.282800e+01 2.970000e+00 5.988000e+02 4.391300e+02 1
-1.015800e+00 7.571200e+00 -6.213800e-01 -9.291900e-01 220 36 1.158000e+01 2.970000e+00 5.936800e+02 4.389900e+02 1
1.646600e+00 1.223300e+01 -9.116400e-01 -9.291900e-01 356 36 1.035800e+01 2.970000e+00 7.714500e+02 4.245700e+02 1
1.651200e+00 1.231000e+01 -9.163900e-01 -9.291900e-01 357 36 1.089000e+01 2.970000e+00 7.712100e+02 4.244200e+02 1
1.753300e+00 1.234300e+01 -9.184600e-01 -9.291900e-01 358 36 1.102800e+01 2.970000e+00 7.763400e+02 4.243700e+02 1
1.758200e+00 1.237700e+01 -9.205900e-01 -9.291900e-01 359 36 1.015700e+01 2.970000e+00 7.763600e+02 4.243100e+02 1
7.085600e-01 1.293700e+01 -9.554600e-01 -9.291900e-01 372 36 1.038700e+01 2.970000e+00 7.205500e+02 4.230300e+02 1
8.119700e-01 1.294200e+01 -9.557800e-01 -9.291900e-01 373 36 1.132100e+01 2.970000e+00 7.256700e+02 4.230400e+02 1
8.141500e-01 1.297000e+01 -9.575100e-01 -9.291900e-01 374 36 1.165100e+01 2.970000e+00 7.257100e+02 4.229900e+02 1
9.183700e-01 1.300700e+01 -9.598100e-01 -9.291900e-01 375 36 1.138700e+01 2.970000e+00 7.307600e+02 4.229400e+02 1
9.208300e-01 1.306100e+01 -9.631400e-01 -9.291900e-01 376 36 1.038600e+01 2.970000e+00 7.307300e+02 4.228500e+02 1
9.797600e-01 5.875900e+00 -5.158300e-01 -8.971500e-01 172 37 1.124200e+01 2.970000e+00 7.830600e+02 4.515700e+02 1
9.385600e-01 5.917600e+00 -5.184300e-01 -8.971500e-01 173 37 1.194200e+01 2.970000e+00 7.778900e+02 4.511700e+02 1
9.440200e-01 5.939500e+00 -5.197900e-01 -8.971500e-01 174 37 1.161700e+01 2.970000e+00 7.781700e+02 4.509800e+02 1
9.020000e-01 5.993400e+00 -5.231400e-01 -8.971500e-01 175 37 1.098300e+01 2.970000e+00 7.728400e+02 4.504900e+02 1
9.549300e-01 6.036400e+00 -5.258200e-01 -8.971500e-01 176 37 1.190000e+01 2.970000e+00 7.779700e+02 4.501500e+02 1
9.603900e-01 6.065600e+00 -5.276400e-01 -8.971500e-01 177 37 1.173300e+01 2.970000e+00 7.781500e+02 4.499100e+02 1
8.692600e-01 6.081300e+00 -5.286100e-01 -8.971500e-01 178 37 1.116400e+01 2.970000e+00 7.681900e+02 4.497200e+02 1
8.256100e-01 6.092200e+00 -5.293000e-01 -8.971500e-01 179 37 1.047000e+01 2.970000e+00 7.634000e+02 4.496100e+02 1
-8.840000e-01 7.490400e+00 -6.163500e-01 -8.971500e-01 217 37 1.036300e+01 2.970000e+00 6.037900e+02 4.394700e+02 1
-9.472900e-01 7.518800e+00 -6.181100e-01 -8.971500e-01 218 37 1.097500e+01 2.970000e+00 5.987700e+02 4.392900e+02 1
-1.011100e+00 7.542900e+00 -6.196100e-01 -8.971500e-01 219 37 1.077800e+01 2.970000e+00 5.936900e+02 4.391400e+02 1
1.743400e+00 1.226700e+01 -9.137100e-01 -8.971500e-01 356 37 1.020900e+01 2.970000e+00 7.763400e+02 4.245300e+02 1
1.748300e+00 1.230400e+01 -9.160600e-01 -8.971500e-01 357 37 1.066100e+01 2.970000e+00 7.763400e+02 4.244500e+02 1
1.948100e+00 1.230700e+01 -9.162100e-01 -8.971500e-01 358 37 1.053800e+01 2.970000e+00 7.868100e+02 4.244900e+02 0
5.074800e-01 1.297200e+01 -9.576400e-01 -8.971500e-01 373 37 1.015500e+01 2.970000e+00 7.105300e+02 4.229200e+02 1
7.123800e-01 1.299000e+01 -9.587400e-01 -8.971500e-01 374 37 1.054400e+01 2.970000e+00 7.206300e+02 4.229300e+02 1
7.142900e-01 1.304100e+01 -9.619000e-01 -8.971500e-01 375 37 1.025500e+01 2.970000e+00 7.206200e+02 4.228400e+02 1
9.854900e-01 5.904700e+00 -5.176200e-01 -8.651100e-01 173 38 1.059300e+01 2.970000e+00 7.832500e+02 4.513100e+02 1
8.968200e-01 5.936600e+00 -5.196100e-01 -8.651100e-01 174 38 1.043100e+01 2.970000e+00 7.730400e+02 4.509800e+02 1
8.116900e-01 6.047700e+00 -5.265200e-01 -8.651100e-01 176 38 1.010400e+01 2.970000e+00 7.624200e+02 4.499700e+02 1
1.572100e+00 2.547800e+00 -3.086200e-01 -7.689800e-01 87 41 1.047200e+01 2.970000e+00 1.061900e+03 5.235800e+02 0
1.590400e+00 2.562500e+00 -3.095400e-01 -7.689800e-01 88 41 1.044300e+01 2.970000e+00 1.064500e+03 5.228700e+02 0
0 0 -1.500000e-01 -6.408200e-02 1 63 1.034100e+01 2.970000e+00 2167 -3.612800e+03 0
0 3.472400e-02 -1.521600e-01 -6.408200e-02 2 63 9.839800e+00 2.970000e+00 3.469800e+03 -7.161500e+03 0
6.343500e-01 8.563400e-01 -2.033200e-01 -6.408200e-02 32 63 9.624100e+00 2.970000e+00 1.080800e+03 7.913500e+02 0
0 0 -1.500000e-01 -3.204100e-02 1 64 1.542400e+01 2.970000e+00 2167 -3.612800e+03 0
-7.093800e-02 1.113400e-01 -1.569300e-01 -3.204100e-02 5 64 1.418600e+01 2.970000e+00 -3185 7.869200e+03 0
-1.585200e-01 1.860800e-01 -1.615900e-01 -3.204100e-02 8 64 1.332600e+01 2.970000e+00 -1.093200e+03 2.926200e+03 0
-2.008100e-01 1.907400e-01 -1.618800e-01 -3.204100e-02 9 64 1.269700e+01 2.970000e+00 -1223 2.801200e+03 0
-2.480100e-01 1.846100e-01 -1.614900e-01 -3.204100e-02 10 64 1.262300e+01 2.970000e+00 -1.548800e+03 2.892400e+03 0
-2.646500e-01 2.147700e-01 -1.633700e-01 -3.204100e-02 11 64 1.220400e+01 2.970000e+00 -1.159200e+03 2.380600e+03 0
-2.911200e-01 2.209100e-01 -1.637500e-01 -3.204100e-02 12 64 1.174500e+01 2.970000e+00 -1.183500e+03 2.291400e+03 0
-3.077600e-01 2.760800e-01 -1.671900e-01 -3.204100e-02 13 64 1.103200e+01 2.970000e+00 -7.407200e+02 1795 0
-3.050300e-01 3.095400e-01 -1.692700e-01 -3.204100e-02 14 64 1.054700e+01 2.970000e+00 -5.389200e+02 1.605600e+03 0
-1.298700e-01 4.030000e-01 -1.750900e-01 -3.204100e-02 15 64 1.044300e+01 2.970000e+00 1.192100e+02 1.289700e+03 0
3.609700e-01 3.094900e-01 -1.692700e-01 -3.204100e-02 28 64 1.217000e+01 2.970000e+00 1.233700e+03 1.731500e+03 0
6.799100e-01 6.398400e-01 -1.898400e-01 -3.204100e-02 29 64 1.368700e+01 2.970000e+00 1.289500e+03 9.486900e+02 0
6.725500e-01 7.376200e-01 -1.959200e-01 -3.204100e-02 30 64 1.461000e+01 2.970000e+00 1.191100e+03 8.647400e+02 0
6.793700e-01 7.974700e-01 -1.996500e-01 -3.204100e-02 31 64 1.477200e+01 2.970000e+00 1155 8.252000e+02 0
6.766400e-01 8.310000e-01 -2.017400e-01 -3.204100e-02 32 64 1.426800e+01 2.970000e+00 1.131600e+03 8.057100e+02 0
6.810000e-01 8.707800e-01 -2.042100e-01 -3.204100e-02 33 64 1.290300e+01 2.970000e+00 1.112700e+03 7.849400e+02 0
6.482600e-01 9.477500e-01 -2.090100e-01 -3.204100e-02 34 64 1.025300e+01 2.970000e+00 1.049900e+03 7.495900e+02 0
-8.021400e-01 9.218800e-01 -2.074000e-01 -3.204100e-02 36 64 1.080500e+01 2.970000e+00 -1.387200e+01 7.375700e+02 0
-8.348900e-01 9.066500e-01 -2.064500e-01 -3.204100e-02 37 64 1.119000e+01 2.970000e+00 -4.968900e+01 7.430500e+02 0
-8.782700e-01 8.876600e-01 -2.052600e-01 -3.204100e-02 38 64 1.081600e+01 2.970000e+00 -9.788900e+01 7.501000e+02 0
