0 0 -1.500000e-01 0 1 65 1.643000e+01 2.260000e+00 2167 -3.612800e+03 0
-7.093800e-02 1.120100e-01 -1.553000e-01 0 5 65 1.520600e+01 2.260000e+00 -3.114700e+03 7.707900e+03 0
-1.585200e-01 1.860300e-01 -1.588100e-01 0 8 65 1.436300e+01 2.260000e+00 -1.092300e+03 2.910200e+03 0
-2.008100e-01 1.914500e-01 -1.590700e-01 0 9 65 1.370300e+01 2.260000e+00 -1.210400e+03 2.771100e+03 0
-2.480100e-01 1.863500e-01 -1.588300e-01 0 10 65 1.366000e+01 2.260000e+00 -1.514400e+03 2.839900e+03 0
-2.619200e-01 2.216400e-01 -1.605000e-01 0 11 65 1.311100e+01 2.260000e+00 -1.066400e+03 2.280200e+03 0
-2.881200e-01 2.302800e-01 -1.609100e-01 0 12 65 1.267800e+01 2.260000e+00 -1.065700e+03 2.171500e+03 0
-3.077600e-01 2.788900e-01 -1.632100e-01 0 13 65 1.197000e+01 2.260000e+00 -7.210400e+02 1.763800e+03 0
-3.121300e-01 2.986800e-01 -1.641400e-01 0 14 65 1.155800e+01 2.260000e+00 -6.128800e+02 1.647400e+03 0
-1.222300e-01 3.726400e-01 -1.676500e-01 0 15 65 1.127500e+01 2.260000e+00 7.746100e+01 1.367700e+03 0
3.536000e-01 3.191600e-01 -1.651100e-01 0 28 65 1.311300e+01 2.260000e+00 1.190100e+03 1.661300e+03 0
6.799100e-01 6.417300e-01 -1.803900e-01 0 29 65 1.468600e+01 2.260000e+00 1.286900e+03 9.356400e+02 0
6.725500e-01 7.374800e-01 -1.849300e-01 0 30 65 1.559300e+01 2.260000e+00 1.190700e+03 8.540100e+02 0
6.711800e-01 8.044700e-01 -1.881000e-01 0 31 65 1.572500e+01 2.260000e+00 1.142500e+03 8.101400e+02 0
6.766400e-01 8.329200e-01 -1.894500e-01 0 32 65 1.515600e+01 2.260000e+00 1130 7.940600e+02 0
6.635400e-01 8.831300e-01 -1.918200e-01 0 33 65 1.359800e+01 2.260000e+00 1.091300e+03 7.680700e+02 0
7.328400e-01 9.148500e-01 -1.933300e-01 0 35 65 1.102500e+01 2.260000e+00 1.130900e+03 7.546000e+02 0
-8.498900e-01 8.469100e-01 -1.901100e-01 0 36 65 1.169400e+01 2.260000e+00 -1.161700e+02 7.585100e+02 0
-8.545300e-01 8.648800e-01 -1.909600e-01 0 37 65 1.221900e+01 2.260000e+00 -1.018500e+02 7.503600e+02 0
-8.883600e-01 8.343400e-01 -1.895100e-01 0 38 65 1.186400e+01 2.260000e+00 -1.586800e+02 7.636900e+02 0
-9.331100e-01 7.920000e-01 -1.875100e-01 0 39 65 1.057400e+01 2.260000e+00 -2.431000e+02 7.839300e+02 0
0 0 -1.500000e-01 3.204100e-02 1 66 1.541800e+01 2.260000e+00 2167 -3.612800e+03 0
-7.093800e-02 1.122600e-01 -1.553200e-01 3.204100e-02 5 66 1.418300e+01 2.260000e+00 -3091 7.662300e+03 0
-1.585200e-01 1.859400e-01 -1.588100e-01 3.204100e-02 8 66 1.334600e+01 2.260000e+00 -1.093600e+03 2.912100e+03 0
-2.008100e-01 1.924300e-01 -1.591100e-01 3.204100e-02 9 66 1.272700e+01 2.260000e+00 -1.195600e+03 2.752500e+03 0
-2.480100e-01 1.872600e-01 -1.588700e-01 3.204100e-02 10 66 1.267100e+01 2.260000e+00 -1.497900e+03 2.821600e+03 0
-2.619200e-01 2.212300e-01 -1.604800e-01 3.204100e-02 11 66 1.219300e+01 2.260000e+00 -1071 2.285100e+03 0
-2.851200e-01 2.313000e-01 -1.609500e-01 3.204100e-02 12 66 1.169100e+01 2.260000e+00 -1.044700e+03 2.161800e+03 0
-3.044900e-01 2.818500e-01 -1.633500e-01 3.204100e-02 13 66 1.088100e+01 2.260000e+00 -6.930200e+02 1.745900e+03 0
-3.156700e-01 2.989300e-01 -1.641600e-01 3.204100e-02 14 66 1.067900e+01 2.260000e+00 -6.204100e+02 1.645400e+03 0
-1.260500e-01 3.663900e-01 -1.673500e-01 3.204100e-02 15 66 1.035400e+01 2.260000e+00 5.654500e+01 1.387900e+03 0
3.536000e-01 3.224200e-01 -1.652700e-01 3.204100e-02 28 66 1.203900e+01 2.260000e+00 1.183200e+03 1.643800e+03 0
6.799100e-01 6.404100e-01 -1.803300e-01 3.204100e-02 29 66 1.366000e+01 2.260000e+00 1.288300e+03 9.369600e+02 0
6.725500e-01 7.353300e-01 -1.848200e-01 3.204100e-02 30 66 1.455200e+01 2.260000e+00 1.192400e+03 8.555800e+02 0
6.711800e-01 8.044200e-01 -1.881000e-01 3.204100e-02 31 66 1.466800e+01 2.260000e+00 1.142500e+03 8.101800e+02 0
6.681800e-01 8.411600e-01 -1.898400e-01 3.204100e-02 32 66 1.407700e+01 2.260000e+00 1.117700e+03 7.894200e+02 0
6.635400e-01 8.875700e-01 -1.920300e-01 3.204100e-02 33 66 1.245700e+01 2.260000e+00 1.089100e+03 7.659500e+02 0
7.235700e-01 8.926500e-01 -1.922700e-01 3.204100e-02 35 66 1.034200e+01 2.260000e+00 1.135600e+03 7.646100e+02 0
-8.307900e-01 8.750900e-01 -1.914400e-01 3.204100e-02 36 66 1.071600e+01 2.260000e+00 -7.461800e+01 7.463200e+02 0
-8.447100e-01 8.868600e-01 -1.920000e-01 3.204100e-02 37 66 1.119900e+01 2.260000e+00 -7.395500e+01 7.411300e+02 0
-8.782700e-01 8.576100e-01 -1.906100e-01 3.204100e-02 38 66 1.090400e+01 2.260000e+00 -1.267500e+02 7.531900e+02 0
4.741900e-01 5.466100e+00 -4.088600e-01 -8.010300e-01 159 40 9.836200e+00 2.260000e+00 7.296000e+02 4.458800e+02 1
5.639600e-01 5.518700e+00 -4.113500e-01 -8.010300e-01 160 40 1.175700e+01 2.260000e+00 7.397900e+02 4.454000e+02 1
6.111600e-01 5.550800e+00 -4.128800e-01 -8.010300e-01 161 40 1.246400e+01 2.260000e+00 7.450300e+02 4.451000e+02 1
6.149800e-01 5.583900e+00 -4.144400e-01 -8.010300e-01 162 40 1.225400e+01 2.260000e+00 7.451600e+02 4.447800e+02 1
4.862000e-01 5.624500e+00 -4.163600e-01 -8.010300e-01 163 40 1.113800e+01 2.260000e+00 7.299600e+02 4.443000e+02 1
-2.848400e-01 6.044700e+00 -4.362600e-01 -8.010300e-01 175 40 1.035800e+01 2.260000e+00 6.453100e+02 4.401200e+02 1
-2.864800e-01 6.103500e+00 -4.390500e-01 -8.010300e-01 176 40 1.033700e+01 2.260000e+00 6.456100e+02 4.396400e+02 1
-1.440600e-01 6.142300e+00 -4.408800e-01 -8.010300e-01 177 40 1.015400e+01 2.260000e+00 6.607900e+02 4.394000e+02 1
5.604100e-01 5.484700e+00 -4.097400e-01 -7.689800e-01 159 41 1.130900e+01 2.260000e+00 7.396600e+02 4.457400e+02 1
6.073400e-01 5.517100e+00 -4.112800e-01 -7.689800e-01 160 41 1.318400e+01 2.260000e+00 7.449000e+02 4.454400e+02 1
6.111600e-01 5.551200e+00 -4.128900e-01 -7.689800e-01 161 41 1.388500e+01 2.260000e+00 7.450300e+02 4.451000e+02 1
5.710500e-01 5.587300e+00 -4.146000e-01 -7.689800e-01 162 41 1.362800e+01 2.260000e+00 7.400400e+02 4.447200e+02 1
4.862000e-01 5.619700e+00 -4.161400e-01 -7.689800e-01 163 41 1.237600e+01 2.260000e+00 7.299900e+02 4.443500e+02 1
-2.360100e-01 6.036300e+00 -4.358700e-01 -7.689800e-01 174 41 1.133300e+01 2.260000e+00 6.504300e+02 4.402100e+02 1
-2.848400e-01 6.069200e+00 -4.374200e-01 -7.689800e-01 175 41 1.212800e+01 2.260000e+00 6.455100e+02 4.399200e+02 1
-2.864800e-01 6.104800e+00 -4.391100e-01 -7.689800e-01 176 41 1.223800e+01 2.260000e+00 6.456200e+02 4.396300e+02 1
-2.401000e-01 6.136400e+00 -4.406100e-01 -7.689800e-01 177 41 1.189200e+01 2.260000e+00 6.507200e+02 4.393900e+02 1
-2.414600e-01 6.171000e+00 -4.422400e-01 -7.689800e-01 178 41 1.121900e+01 2.260000e+00 6.508200e+02 4.391200e+02 1
5.604100e-01 5.485900e+00 -4.098000e-01 -7.369400e-01 159 42 1.084000e+01 2.260000e+00 7.396500e+02 4.457300e+02 1
6.073400e-01 5.517500e+00 -4.112900e-01 -7.369400e-01 160 42 1.258300e+01 2.260000e+00 7.449000e+02 4.454400e+02 1
6.111600e-01 5.551200e+00 -4.128900e-01 -7.369400e-01 161 42 1.326200e+01 2.260000e+00 7.450300e+02 4.451000e+02 1
5.710500e-01 5.587700e+00 -4.146200e-01 -7.369400e-01 162 42 1.299800e+01 2.260000e+00 7.400300e+02 4.447100e+02 1
4.862000e-01 5.623500e+00 -4.163200e-01 -7.369400e-01 163 42 1.171100e+01 2.260000e+00 7.299600e+02 4.443100e+02 1
-2.360100e-01 6.019400e+00 -4.350700e-01 -7.369400e-01 174 42 1.117100e+01 2.260000e+00 6.503100e+02 4.403500e+02 1
-2.848400e-01 6.069100e+00 -4.374200e-01 -7.369400e-01 175 42 1.194500e+01 2.260000e+00 6.455100e+02 4.399200e+02 1
-2.864800e-01 6.104800e+00 -4.391100e-01 -7.369400e-01 176 42 1.208600e+01 2.260000e+00 6.456200e+02 4.396300e+02 1
-2.881200e-01 6.135700e+00 -4.405700e-01 -7.369400e-01 177 42 1.170400e+01 2.260000e+00 6.457000e+02 4.393800e+02 1
-1.931700e-01 6.143600e+00 -4.409500e-01 -7.369400e-01 178 42 1.079800e+01 2.260000e+00 6.556700e+02 4.393600e+02 1
0 0 -1.500000e-01 -6.408200e-01 1 45 9.492500e+00 2.260000e+00 2167 -3.612800e+03 0
1.702500e+00 2.147200e+00 -2.516900e-01 -6.408200e-01 81 45 9.908900e+00 2.260000e+00 1.176500e+03 5.387400e+02 0
1.745900e+00 2.186400e+00 -2.535400e-01 -6.408200e-01 82 45 1.015100e+01 2.260000e+00 1181 5.360500e+02 0
0 0 -1.500000e-01 -6.408200e-02 1 63 1.029000e+01 2.260000e+00 2167 -3.612800e+03 0
2.728400e-03 3.481600e-02 -1.516500e-01 -6.408200e-02 2 63 1.023800e+01 2.260000e+00 3.427300e+03 -7.157900e+03 0
0 0 -1.500000e-01 -3.204100e-02 1 64 1.544200e+01 2.260000e+00 2167 -3.612800e+03 0
-7.093800e-02 1.115200e-01 -1.552800e-01 -3.204100e-02 5 64 1.417900e+01 2.260000e+00 -3.160900e+03 7.796700e+03 0
-1.585200e-01 1.860900e-01 -1.588100e-01 -3.204100e-02 8 64 1.332600e+01 2.260000e+00 -1.091400e+03 2909 0
-2.008100e-01 1.900000e-01 -1.590000e-01 -3.204100e-02 9 64 1.267400e+01 2.260000e+00 -1.232900e+03 2.799200e+03 0
-2.480100e-01 1.843800e-01 -1.587300e-01 -3.204100e-02 10 64 1.264000e+01 2.260000e+00 -1.551200e+03 2.880700e+03 0
-2.619200e-01 2.195900e-01 -1.604000e-01 -3.204100e-02 11 64 1.209500e+01 2.260000e+00 -1.089700e+03 2.305200e+03 0
-2.881200e-01 2.265400e-01 -1.607300e-01 -3.204100e-02 12 64 1.161700e+01 2.260000e+00 -1.106400e+03 2.212700e+03 0
-3.110400e-01 2.730800e-01 -1.629300e-01 -3.204100e-02 13 64 1.096700e+01 2.260000e+00 -7.694500e+02 1.801100e+03 0
-3.121300e-01 2.957700e-01 -1.640100e-01 -3.204100e-02 14 64 1.049800e+01 2.260000e+00 -6.292600e+02 1.663100e+03 0
3.536000e-01 3.001100e-01 -1.642100e-01 -3.204100e-02 28 64 1.214500e+01 2.260000e+00 1.234200e+03 1.774300e+03 0
6.799100e-01 6.425200e-01 -1.804300e-01 -3.204100e-02 29 64 1.368200e+01 2.260000e+00 1286 9.348600e+02 0
6.725500e-01 7.394000e-01 -1.850200e-01 -3.204100e-02 30 64 1.460000e+01 2.260000e+00 1.189200e+03 8.526300e+02 0
6.711800e-01 8.043700e-01 -1.880900e-01 -3.204100e-02 31 64 1.474500e+01 2.260000e+00 1.142500e+03 8.102100e+02 0
6.766400e-01 8.310100e-01 -1.893500e-01 -3.204100e-02 32 64 1.419400e+01 2.260000e+00 1.131100e+03 7.951000e+02 0
6.635400e-01 8.797900e-01 -1.916600e-01 -3.204100e-02 33 64 1.268200e+01 2.260000e+00 1093 7.696800e+02 0
7.792300e-01 8.957700e-01 -1.924200e-01 -3.204100e-02 35 64 1.016100e+01 2.260000e+00 1.179300e+03 7.641200e+02 0
-8.785400e-01 7.973100e-01 -1.877600e-01 -3.204100e-02 36 64 1.075500e+01 2.260000e+00 -1.927000e+02 7.822200e+02 0
-8.741700e-01 8.300900e-01 -1.893100e-01 -3.204100e-02 37 64 1.119700e+01 2.260000e+00 -1.523200e+02 7.659600e+02 0
-9.085500e-01 7.963500e-01 -1.877100e-01 -3.204100e-02 38 64 1.073300e+01 2.260000e+00 -2.179900e+02 7.821400e+02 0
