0 0 -1.500000e-01 0 1 65 1.632700e+01 2.860000e+00 2167 -3.612800e+03 0
-7.093800e-02 1.120200e-01 -1.567200e-01 0 5 65 1.520100e+01 2.860000e+00 -3.118800e+03 7.737700e+03 0
-1.585200e-01 1.859900e-01 -1.611500e-01 0 8 65 1.435900e+01 2.860000e+00 -1.094200e+03 2.925400e+03 0
-2.008100e-01 1.921200e-01 -1.615200e-01 0 9 65 1.369500e+01 2.860000e+00 -1.201600e+03 2.772200e+03 0
-2.480100e-01 1.871100e-01 -1.612200e-01 0 10 65 1.366400e+01 2.860000e+00 -1.502300e+03 2.838600e+03 0
-2.619200e-01 2.227400e-01 -1.633500e-01 0 11 65 1.301900e+01 2.860000e+00 -1.055200e+03 2.279200e+03 0
-2.851200e-01 2.348800e-01 -1.640800e-01 0 12 65 1.270100e+01 2.860000e+00 -1.009200e+03 2.136500e+03 0
-3.044900e-01 2.804000e-01 -1.668100e-01 0 13 65 1.203100e+01 2.860000e+00 -7.031000e+02 1.765900e+03 0
-3.085800e-01 3.066300e-01 -1.683800e-01 0 14 65 1.148200e+01 2.860000e+00 -5.622100e+02 1.617500e+03 0
-1.298700e-01 3.258100e-01 -1.695300e-01 0 15 65 1.136900e+01 2.860000e+00 -5.390200e+01 1.555900e+03 0
-3.519600e-01 3.815700e-01 -1.728700e-01 0 16 65 1.109300e+01 2.860000e+00 -3.481400e+02 1.325600e+03 0
3.536000e-01 3.537500e-01 -1.712100e-01 0 28 65 1.312200e+01 2.860000e+00 1.126500e+03 1.508200e+03 0
6.722700e-01 6.461000e-01 -1.887300e-01 0 29 65 1.469700e+01 2.860000e+00 1.273500e+03 9.404400e+02 0
6.725500e-01 7.366900e-01 -1.941600e-01 0 30 65 1.562000e+01 2.860000e+00 1.191800e+03 8.637300e+02 0
6.793700e-01 7.975600e-01 -1.978100e-01 0 31 65 1.578600e+01 2.860000e+00 1.154900e+03 8.234900e+02 0
6.766400e-01 8.323300e-01 -1.999000e-01 0 32 65 1.527400e+01 2.860000e+00 1.130700e+03 8.033400e+02 0
6.810000e-01 8.703900e-01 -2.021800e-01 0 33 65 1.380900e+01 2.860000e+00 1.112900e+03 7.835000e+02 0
7.514000e-01 7.550100e-01 -1.952600e-01 0 35 65 1.105700e+01 2.860000e+00 1.256300e+03 8.528200e+02 0
-8.212400e-01 9.034500e-01 -2.041600e-01 0 36 65 1.169500e+01 2.860000e+00 -4.268500e+01 7.430200e+02 0
-8.348900e-01 9.028500e-01 -2.041300e-01 0 37 65 1.218700e+01 2.860000e+00 -5.293400e+01 7.430500e+02 0
-8.580800e-01 8.806800e-01 -2.028000e-01 0 38 65 1.181100e+01 2.860000e+00 -8.971700e+01 7.518300e+02 0
-8.812700e-01 8.361300e-01 -2.001300e-01 0 39 65 1.051600e+01 2.860000e+00 -1.516700e+02 7.713200e+02 0
0 0 -1.500000e-01 3.204100e-02 1 66 1.526900e+01 2.860000e+00 2167 -3.612800e+03 0
-7.093800e-02 1.126500e-01 -1.567500e-01 3.204100e-02 5 66 1.419000e+01 2.860000e+00 -3.060300e+03 7.625100e+03 0
-1.585200e-01 1.858300e-01 -1.611400e-01 3.204100e-02 8 66 1.334400e+01 2.860000e+00 -1.096700e+03 2.928900e+03 0
-2.008100e-01 1.930600e-01 -1.615700e-01 3.204100e-02 9 66 1.270500e+01 2.860000e+00 -1.187400e+03 2.754400e+03 0
-2.504700e-01 1.844700e-01 -1.610600e-01 3.204100e-02 10 66 1.264100e+01 2.860000e+00 -1.562800e+03 2891 0
-2.619200e-01 2.231200e-01 -1.633800e-01 3.204100e-02 11 66 1.211600e+01 2.860000e+00 -1051 2.274700e+03 0
-2.881200e-01 2.284700e-01 -1.637000e-01 3.204100e-02 12 66 1.168900e+01 2.860000e+00 -1.086400e+03 2.203300e+03 0
-3.044900e-01 2.780100e-01 -1.666700e-01 3.204100e-02 13 66 1.101800e+01 2.860000e+00 -7.187100e+02 1.781200e+03 0
-4.201700e-01 2.335600e-01 -1.640000e-01 3.204100e-02 15 66 1.037800e+01 2.860000e+00 -1.472400e+03 2.103100e+03 0
3.462300e-01 3.669300e-01 -1.720000e-01 3.204100e-02 28 66 1.211300e+01 2.860000e+00 1.089200e+03 1.455200e+03 0
6.722700e-01 6.431800e-01 -1.885600e-01 3.204100e-02 29 66 1.367900e+01 2.860000e+00 1.276600e+03 9.433300e+02 0
6.725500e-01 7.341800e-01 -1.940100e-01 3.204100e-02 30 66 1.459000e+01 2.860000e+00 1.193700e+03 8.655700e+02 0
6.711800e-01 8.044300e-01 -1.982300e-01 3.204100e-02 31 66 1.477000e+01 2.860000e+00 1.142900e+03 8.191800e+02 0
6.766400e-01 8.341500e-01 -2.000100e-01 3.204100e-02 32 66 1.430200e+01 2.860000e+00 1.129600e+03 8.023400e+02 0
6.810000e-01 8.687000e-01 -2.020800e-01 3.204100e-02 33 66 1.295300e+01 2.860000e+00 1.113800e+03 7.843400e+02 0
-8.212400e-01 8.990900e-01 -2.039000e-01 3.204100e-02 36 66 1.063200e+01 2.860000e+00 -4.645000e+01 7.447800e+02 0
-8.447100e-01 8.910800e-01 -2.034200e-01 3.204100e-02 37 66 1.114900e+01 2.860000e+00 -7.043300e+01 7.476900e+02 0
-8.681700e-01 8.796100e-01 -2.027300e-01 3.204100e-02 38 66 1.079200e+01 2.860000e+00 -9.809000e+01 7.521200e+02 0
0 0 -1.500000e-01 6.408200e-02 1 67 1.064700e+01 2.860000e+00 2167 -3.612800e+03 0
1.955700e+00 7.559700e+00 -6.032000e-01 -1.025300e+00 225 33 9.805400e+00 2.860000e+00 8.468400e+02 4.388400e+02 1
1.780300e+00 7.647400e+00 -6.084600e-01 -1.025300e+00 226 33 1.000500e+01 2.860000e+00 8.300900e+02 4.382900e+02 1
9.740300e-01 8.254400e+00 -6.448500e-01 -1.025300e+00 239 33 1.023800e+01 2.860000e+00 7.565700e+02 4.350200e+02 1
1.043300e+00 8.280100e+00 -6.463900e-01 -1.025300e+00 240 33 1.134100e+01 2.860000e+00 7.617800e+02 4.349300e+02 1
1.113200e+00 8.306700e+00 -6.479900e-01 -1.025300e+00 241 33 1.147700e+01 2.860000e+00 767 4.348300e+02 1
1.183600e+00 8.332800e+00 -6.495500e-01 -1.025300e+00 242 33 1.008000e+01 2.860000e+00 7.722300e+02 4.347400e+02 1
1.060800e+00 8.419100e+00 -6.547200e-01 -1.025300e+00 244 33 1.025400e+01 2.860000e+00 7.619900e+02 4.343200e+02 1
-8.212400e-01 2.877000e+00 -3.224700e-01 -9.932700e-01 87 34 1.104800e+01 2.860000e+00 4.709000e+02 5.027300e+02 1
-8.782700e-01 2.893200e+00 -3.234500e-01 -9.932700e-01 88 34 1.132400e+01 2.860000e+00 4.595900e+02 5.020300e+02 1
-9.603900e-01 2.893900e+00 -3.234900e-01 -9.932700e-01 89 34 1.084800e+01 2.860000e+00 4.415600e+02 5.018600e+02 1
2.120000e+00 7.451800e+00 -5.967300e-01 -9.932700e-01 223 34 1.015800e+01 2.860000e+00 8.635100e+02 4.395000e+02 1
2.007800e+00 7.523800e+00 -6.010500e-01 -9.932700e-01 224 34 1.181000e+01 2.860000e+00 8.521100e+02 4.390600e+02 1
1.955700e+00 7.572500e+00 -6.039700e-01 -9.932700e-01 225 34 1.251900e+01 2.860000e+00 8.465800e+02 4.387700e+02 1
1.903000e+00 7.621300e+00 -6.068900e-01 -9.932700e-01 226 34 1.213800e+01 2.860000e+00 8.410700e+02 4.384800e+02 1
1.788200e+00 7.686000e+00 -6.107700e-01 -9.932700e-01 227 34 1.037500e+01 2.860000e+00 8.300700e+02 4.380900e+02 1
8.441600e-01 8.249800e+00 -6.445700e-01 -9.932700e-01 239 34 1.046700e+01 2.860000e+00 7.464300e+02 4.349900e+02 1
9.781300e-01 8.280100e+00 -6.463900e-01 -9.932700e-01 240 34 1.162100e+01 2.860000e+00 7.566900e+02 4.349000e+02 1
1.047700e+00 8.310900e+00 -6.482300e-01 -9.932700e-01 241 34 1.179800e+01 2.860000e+00 7.618700e+02 4.347900e+02 1
1.117800e+00 8.337400e+00 -6.498200e-01 -9.932700e-01 242 34 1.076600e+01 2.860000e+00 7.670900e+02 4.347000e+02 1
-5.320300e-01 2.647700e+00 -3.087300e-01 -9.612300e-01 79 35 1.048500e+01 2.860000e+00 5.213000e+02 5.125500e+02 1
-5.388600e-01 2.680500e+00 -3.107000e-01 -9.612300e-01 80 35 1.094200e+01 2.860000e+00 5.218300e+02 5.111000e+02 1
-6.329800e-01 2.699900e+00 -3.118600e-01 -9.612300e-01 81 35 1.079200e+01 2.860000e+00 5.006800e+02 5.100800e+02 1
-7.653100e-01 2.867300e+00 -3.219000e-01 -9.612300e-01 86 35 1.139700e+01 2.860000e+00 4.826000e+02 5.031900e+02 1
-8.212400e-01 2.881600e+00 -3.227500e-01 -9.612300e-01 87 35 1.246300e+01 2.860000e+00 4.712600e+02 5.025600e+02 1
-8.545300e-01 2.908100e+00 -3.243400e-01 -9.612300e-01 88 35 1.257600e+01 2.860000e+00 4.660100e+02 5.015400e+02 1
-9.123700e-01 2.926000e+00 -3.254100e-01 -9.612300e-01 89 35 1.184700e+01 2.860000e+00 4.548200e+02 5.008000e+02 1
-9.470200e-01 2.943700e+00 -3.264700e-01 -9.612300e-01 90 35 1.078600e+01 2.860000e+00 4.487800e+02 5.001100e+02 1
-8.103300e-01 3.032400e+00 -3.317900e-01 -9.612300e-01 91 35 1.048500e+01 2.860000e+00 4.848100e+02 4.973200e+02 1
-7.945100e-01 3.074900e+00 -3.343400e-01 -9.612300e-01 92 35 1.126200e+01 2.860000e+00 4.910300e+02 4.959600e+02 1
-8.534400e-01 3.091000e+00 -3.353100e-01 -9.612300e-01 93 35 1.132200e+01 2.860000e+00 4.799300e+02 4.953400e+02 1
-9.388400e-01 3.090000e+00 -3.352400e-01 -9.612300e-01 94 35 1.112200e+01 2.860000e+00 4.622300e+02 4.952400e+02 1
-9.232800e-01 3.111500e+00 -3.365300e-01 -9.612300e-01 95 35 1.070100e+01 2.860000e+00 4.670400e+02 4.945800e+02 1
1.998800e+00 7.482800e+00 -5.985900e-01 -9.612300e-01 223 35 1.033800e+01 2.860000e+00 8.522100e+02 4.392800e+02 1
1.947000e+00 7.530100e+00 -6.014300e-01 -9.612300e-01 224 35 1.230000e+01 2.860000e+00 8.467000e+02 439 1
1.955700e+00 7.568800e+00 -6.037400e-01 -9.612300e-01 225 35 1.297000e+01 2.860000e+00 8.466600e+02 4.387900e+02 1
1.964400e+00 7.605200e+00 -6.059300e-01 -9.612300e-01 226 35 1.244300e+01 2.860000e+00 8.466600e+02 4.385900e+02 1
9.167400e-01 8.330100e+00 -6.493900e-01 -9.612300e-01 241 35 1.017500e+01 2.860000e+00 7.515400e+02 4.346600e+02 1
-6.875500e-01 1.920000e+00 -2.651000e-01 -9.291900e-01 61 36 1.018500e+01 2.860000e+00 4.016700e+02 5.565300e+02 0
-5.107500e-01 2.641600e+00 -3.083600e-01 -9.291900e-01 79 36 1.054100e+01 2.860000e+00 5.260800e+02 5.128600e+02 1
-5.388600e-01 2.675600e+00 -3.104000e-01 -9.291900e-01 80 36 1.085400e+01 2.860000e+00 5.215000e+02 5.113200e+02 1
-5.893300e-01 2.696600e+00 -3.116600e-01 -9.291900e-01 81 36 1.059000e+01 2.860000e+00 5.108300e+02 5.103100e+02 1
-8.212400e-01 2.886600e+00 -3.230500e-01 -9.291900e-01 87 36 1.188800e+01 2.860000e+00 4.716500e+02 5.023800e+02 1
-8.545300e-01 2.911500e+00 -3.245400e-01 -9.291900e-01 88 36 1.188300e+01 2.860000e+00 4.662800e+02 5.014200e+02 1
-9.363800e-01 2.923500e+00 -3.252600e-01 -9.291900e-01 89 36 1.096500e+01 2.860000e+00 4.493800e+02 5.008400e+02 1
-8.348900e-01 3.029300e+00 -3.316000e-01 -9.291900e-01 91 36 1.055900e+01 2.860000e+00 4.794100e+02 4.973800e+02 1
-8.193300e-01 3.069400e+00 -3.340100e-01 -9.291900e-01 92 36 1.109100e+01 2.860000e+00 4.854900e+02 4.961000e+02 1
-8.785400e-01 3.080700e+00 -3.346900e-01 -9.291900e-01 93 36 1.091400e+01 2.860000e+00 474 4.956300e+02 1
-1.015000e+00 3.057500e+00 -3.333000e-01 -9.291900e-01 94 36 1.064300e+01 2.860000e+00 4.438900e+02 4.961600e+02 1
-9.745800e-01 3.102500e+00 -3.359900e-01 -9.291900e-01 95 36 1.039900e+01 2.860000e+00 4.558400e+02 4.947900e+02 1
2.007800e+00 7.519800e+00 -6.008100e-01 -9.291900e-01 224 36 1.083300e+01 2.860000e+00 8.522000e+02 4.390800e+02 1
2.016800e+00 7.556900e+00 -6.030400e-01 -9.291900e-01 225 36 1.150400e+01 2.860000e+00 8.521800e+02 4.388800e+02 1
2.025800e+00 7.591600e+00 -6.051100e-01 -9.291900e-01 226 36 1.114100e+01 2.860000e+00 8.522200e+02 4.386900e+02 1
2.219800e+00 7.490800e+00 -5.990700e-01 -9.291900e-01 227 36 1.005900e+01 2.860000e+00 8.713400e+02 4.393300e+02 0
2.283700e+00 4.116300e+00 -3.967700e-01 -8.651100e-01 136 38 1.012100e+01 2.860000e+00 1.032600e+03 4.742100e+02 0
7.153800e-01 1.258400e+00 -2.254400e-01 -8.010300e-01 47 40 1.066200e+01 2.860000e+00 9.920600e+02 6.551800e+02 0
8.207000e-01 1.346200e+00 -2.307000e-01 -8.010300e-01 48 40 1.193700e+01 2.860000e+00 1.025700e+03 6.379400e+02 1
8.643500e-01 1.386600e+00 -2.331200e-01 -8.010300e-01 49 40 1.253700e+01 2.860000e+00 1.037200e+03 6.307300e+02 1
8.823600e-01 1.415300e+00 -2.348400e-01 -8.010300e-01 50 40 1.228000e+01 2.860000e+00 1.038600e+03 6.257800e+02 1
9.140100e-01 1.424300e+00 -2.353800e-01 -8.010300e-01 51 40 1.116100e+01 2.860000e+00 1.051800e+03 6.244500e+02 1
6.630000e-01 1.146700e+00 -2.187400e-01 -7.689800e-01 46 41 1.005300e+01 2.860000e+00 9.915500e+02 6.819700e+02 0
7.279300e-01 1.227100e+00 -2.235700e-01 -7.689800e-01 47 41 1.210000e+01 2.860000e+00 1.007500e+03 6.624000e+02 0
7.950500e-01 1.319700e+00 -2.291200e-01 -7.689800e-01 48 41 1.328600e+01 2.860000e+00 1.019300e+03 6.429300e+02 1
8.512600e-01 1.372700e+00 -2.322900e-01 -7.689800e-01 49 41 1.374600e+01 2.860000e+00 1.034300e+03 6.331600e+02 1
8.823600e-01 1.413400e+00 -2.347300e-01 -7.689800e-01 50 41 1.334800e+01 2.860000e+00 1.039100e+03 6.261100e+02 1
9.140100e-01 1.459500e+00 -2.374900e-01 -7.689800e-01 51 41 1.202400e+01 2.860000e+00 1.042500e+03 6.185800e+02 1
9.879500e-01 1.476900e+00 -2.385400e-01 -7.689800e-01 52 41 1.037400e+01 2.860000e+00 1073 6.162600e+02 1
9.363800e-01 1.549800e+00 -2.429100e-01 -7.689800e-01 53 41 1.092600e+01 2.860000e+00 1.030700e+03 6.049500e+02 1
9.833100e-01 1.527800e+00 -2.415900e-01 -7.689800e-01 54 41 1.099100e+01 2.860000e+00 1.057300e+03 6.084300e+02 1
1.016600e+00 1.549600e+00 -2.429000e-01 -7.689800e-01 55 41 1.026800e+01 2.860000e+00 1.066800e+03 6.054500e+02 1
7.279300e-01 1.246700e+00 -2.247400e-01 -7.369400e-01 47 42 1.151800e+01 2.860000e+00 1.002100e+03 6.579000e+02 0
7.950500e-01 1.312800e+00 -2.287000e-01 -7.369400e-01 48 42 1.269600e+01 2.860000e+00 1.021100e+03 6.443200e+02 1
8.381600e-01 1.369500e+00 -2.321000e-01 -7.369400e-01 49 42 1.306600e+01 2.860000e+00 1.028500e+03 6.336500e+02 1
8.689900e-01 1.426500e+00 -2.355200e-01 -7.369400e-01 50 42 1.258400e+01 2.860000e+00 1.029200e+03 6.237600e+02 1
8.730800e-01 1.510000e+00 -2.405300e-01 -7.369400e-01 51 42 1.145700e+01 2.860000e+00 1.011100e+03 6.104000e+02 1
8.905400e-01 1.524200e+00 -2.413800e-01 -7.369400e-01 52 42 1.112200e+01 2.860000e+00 1.015900e+03 6.083900e+02 1
9.363800e-01 1.537300e+00 -2.421600e-01 -7.369400e-01 53 42 1.163300e+01 2.860000e+00 1.033700e+03 6.067500e+02 1
9.833100e-01 1.528000e+00 -2.416000e-01 -7.369400e-01 54 42 1.156000e+01 2.860000e+00 1.057300e+03 6.084000e+02 1
1.001900e+00 1.542600e+00 -2.424800e-01 -7.369400e-01 55 42 1.058500e+01 2.860000e+00 1062 6.063800e+02 1
8.766300e-01 1.549300e+00 -2.428800e-01 -7.049000e-01 52 43 1.032300e+01 2.860000e+00 1.004100e+03 6.046600e+02 1
9.363800e-01 1.504400e+00 -2.401900e-01 -7.049000e-01 53 43 1.050100e+01 2.860000e+00 1.041700e+03 6.116600e+02 1
9.543900e-01 1.510100e+00 -2.405300e-01 -7.049000e-01 54 43 1.037300e+01 2.860000e+00 1.048600e+03 6.109000e+02 1
0 0 -1.500000e-01 -3.204100e-02 1 64 1.538200e+01 2.860000e+00 2167 -3.612800e+03 0
-7.093800e-02 1.113800e-01 -1.566800e-01 -3.204100e-02 5 64 1.417100e+01 2.860000e+00 -3.180300e+03 7.856200e+03 0
-1.585200e-01 1.860600e-01 -1.611500e-01 -3.204100e-02 8 64 1.332900e+01 2.860000e+00 -1.093300e+03 2924 0
-2.008100e-01 1.910200e-01 -1.614500e-01 -3.204100e-02 9 64 1.265300e+01 2.860000e+00 -1.218400e+03 2.793200e+03 0
-2.480100e-01 1.852700e-01 -1.611100e-01 -3.204100e-02 10 64 1.266000e+01 2.860000e+00 -1.536200e+03 2.876100e+03 0
-2.592000e-01 2.261600e-01 -1.635600e-01 -3.204100e-02 11 64 1.211200e+01 2.860000e+00 -1.008300e+03 2.240400e+03 0
-2.851200e-01 2.353200e-01 -1.641100e-01 -3.204100e-02 12 64 1.165100e+01 2.860000e+00 -1.004900e+03 2.132100e+03 0
-3.044900e-01 2.803800e-01 -1.668100e-01 -3.204100e-02 13 64 1.092600e+01 2.860000e+00 -7.032300e+02 1766 0
-1.375100e-01 3.191100e-01 -1.691300e-01 -3.204100e-02 15 64 1.041000e+01 2.860000e+00 -9.265100e+01 1.585700e+03 0
3.536000e-01 3.196900e-01 -1.691700e-01 -3.204100e-02 28 64 1.207100e+01 2.860000e+00 1.189500e+03 1.669900e+03 0
6.799100e-01 6.462900e-01 -1.887400e-01 -3.204100e-02 29 64 1.368300e+01 2.860000e+00 1.282400e+03 9.405200e+02 0
6.725500e-01 7.401400e-01 -1.943700e-01 -3.204100e-02 30 64 1.461000e+01 2.860000e+00 1.189100e+03 8.612400e+02 0
6.793700e-01 7.973000e-01 -1.978000e-01 -3.204100e-02 31 64 1.477000e+01 2.860000e+00 1.155100e+03 8.236500e+02 0
6.766400e-01 8.298400e-01 -1.997500e-01 -3.204100e-02 32 64 1.423600e+01 2.860000e+00 1.132200e+03 8.047100e+02 0
6.810000e-01 8.689600e-01 -2.020900e-01 -3.204100e-02 33 64 1.271400e+01 2.860000e+00 1.113700e+03 7.842200e+02 0
7.235700e-01 8.249000e-01 -1.994500e-01 -3.204100e-02 35 64 1.008900e+01 2.860000e+00 1.177200e+03 8.084700e+02 0
-8.212400e-01 9.051500e-01 -2.042600e-01 -3.204100e-02 36 64 1.071900e+01 2.860000e+00 -4.122800e+01 7.423400e+02 0
-8.250600e-01 9.210400e-01 -2.052200e-01 -3.204100e-02 37 64 1.118000e+01 2.860000e+00 -3.054300e+01 7.360300e+02 0
-8.378900e-01 9.014700e-01 -2.040400e-01 -3.204100e-02 38 64 1.083600e+01 2.860000e+00 -5.628100e+01 7.435600e+02 0
