0 0 -1.500000e-01 0 1 65 1.642600e+01 2.080000e+00 2167 -3.612800e+03 0
-7.093800e-02 1.121600e-01 -1.548900e-01 0 5 65 1.520100e+01 2.080000e+00 -3.099100e+03 7.671400e+03 0
-1.585200e-01 1.860100e-01 -1.581100e-01 0 8 65 1.432700e+01 2.080000e+00 -1.092300e+03 2.906400e+03 0
-2.008100e-01 1.919000e-01 -1.583600e-01 0 9 65 1.369200e+01 2.080000e+00 -1.203100e+03 2.758300e+03 0
-2.480100e-01 1.868500e-01 -1.581400e-01 0 10 65 1.363000e+01 2.080000e+00 -1.504900e+03 2.825700e+03 0
-2.619200e-01 2.217800e-01 -1.596700e-01 0 11 65 1.313900e+01 2.080000e+00 -1.064500e+03 2.274700e+03 0
-2.881200e-01 2.294000e-01 -1.600000e-01 0 12 65 1.270600e+01 2.080000e+00 -1.074800e+03 2.177400e+03 0
-3.077600e-01 2.788300e-01 -1.621500e-01 0 13 65 1.201200e+01 2.080000e+00 -7.212000e+02 1761 0
-3.121300e-01 3.043300e-01 -1.632600e-01 0 14 65 1.149400e+01 2.080000e+00 -5.820100e+02 1.614700e+03 0
-1.260500e-01 4.370500e-01 -1.690500e-01 0 15 65 1.141000e+01 2.080000e+00 1.791900e+02 1.193200e+03 0
3.609700e-01 3.275800e-01 -1.642800e-01 0 28 65 1.310700e+01 2.080000e+00 1.192500e+03 1615 0
6.799100e-01 6.382300e-01 -1.778200e-01 0 29 65 1.468500e+01 2.080000e+00 1.290500e+03 9.363400e+02 0
6.725500e-01 7.369700e-01 -1.821200e-01 0 30 65 1.561200e+01 2.080000e+00 1191 8.516400e+02 0
6.711800e-01 8.043600e-01 -1.850600e-01 0 31 65 1.575200e+01 2.080000e+00 1.142400e+03 8.075100e+02 0
6.766400e-01 8.305100e-01 -1.862000e-01 0 32 65 1.516800e+01 2.080000e+00 1.131300e+03 7.926900e+02 0
6.722700e-01 8.797000e-01 -1.883400e-01 0 33 65 1.352900e+01 2.080000e+00 1.100200e+03 7.672200e+02 0
7.606700e-01 7.811900e-01 -1.840500e-01 0 35 65 1.102000e+01 2.080000e+00 1243 8.237800e+02 0
-8.594400e-01 8.484800e-01 -1.869800e-01 0 36 65 1.174200e+01 2.080000e+00 -1.217200e+02 7.551300e+02 0
-8.741700e-01 8.615600e-01 -1.875500e-01 0 37 65 12 2.080000e+00 -1.196300e+02 7.490100e+02 0
-9.186500e-01 8.455500e-01 -1.868500e-01 0 38 65 1.138400e+01 2.080000e+00 -1.695700e+02 7.554600e+02 0
0 0 -1.500000e-01 3.204100e-02 1 66 1.544800e+01 2.080000e+00 2167 -3.612800e+03 0
-7.093800e-02 1.129800e-01 -1.549200e-01 3.204100e-02 5 66 1.420200e+01 2.080000e+00 -3.023800e+03 7.526700e+03 0
-1.585200e-01 1.859100e-01 -1.581000e-01 3.204100e-02 8 66 1.327300e+01 2.080000e+00 -1.093700e+03 2.908500e+03 0
-2.008100e-01 1.925100e-01 -1.583900e-01 3.204100e-02 9 66 1.268600e+01 2.080000e+00 -1.193900e+03 2.746900e+03 0
-2.480100e-01 1.875900e-01 -1.581800e-01 3.204100e-02 10 66 1.262200e+01 2.080000e+00 -1.491600e+03 2811 0
-2.619200e-01 2.227400e-01 -1.597100e-01 3.204100e-02 11 66 1.217100e+01 2.080000e+00 -1.053700e+03 2.263200e+03 0
-2.881200e-01 2.322700e-01 -1.601200e-01 3.204100e-02 12 66 1.169800e+01 2.080000e+00 -1.044500e+03 2.146800e+03 0
-3.077600e-01 2.795000e-01 -1.621800e-01 3.204100e-02 13 66 1.097000e+01 2.080000e+00 -7.167800e+02 1.756700e+03 0
-3.085800e-01 3.019300e-01 -1.631600e-01 3.204100e-02 14 66 1.059300e+01 2.080000e+00 -5.860400e+02 1.627700e+03 0
-1.184100e-01 4.542600e-01 -1.698000e-01 3.204100e-02 15 66 1.052400e+01 2.080000e+00 2.145300e+02 1.157700e+03 0
3.609700e-01 3.548500e-01 -1.654700e-01 3.204100e-02 28 66 1.204500e+01 2.080000e+00 1.141900e+03 1.490500e+03 0
6.722700e-01 6.432000e-01 -1.780300e-01 3.204100e-02 29 66 1.369500e+01 2.080000e+00 1276 9.310900e+02 0
6.725500e-01 7.362000e-01 -1.820900e-01 3.204100e-02 30 66 1.462700e+01 2.080000e+00 1.191600e+03 8.522000e+02 0
6.711800e-01 8.044100e-01 -1.850600e-01 3.204100e-02 31 66 1.478100e+01 2.080000e+00 1.142400e+03 8.074800e+02 0
6.766400e-01 8.315300e-01 -1.862400e-01 3.204100e-02 32 66 1.420900e+01 2.080000e+00 1.130700e+03 7.921300e+02 0
6.722700e-01 8.807700e-01 -1.883900e-01 3.204100e-02 33 66 1.257300e+01 2.080000e+00 1.099600e+03 7.667000e+02 0
7.421200e-01 7.984300e-01 -1.848000e-01 3.204100e-02 35 66 1.012800e+01 2.080000e+00 1.212200e+03 8.126300e+02 0
-8.403400e-01 8.819400e-01 -1.884400e-01 3.204100e-02 36 66 1.068700e+01 2.080000e+00 -7.519600e+01 7.407600e+02 0
-8.545300e-01 8.989000e-01 -1.891800e-01 3.204100e-02 37 66 1.092600e+01 2.080000e+00 -7.005100e+01 7.335400e+02 0
-8.883600e-01 9.113800e-01 -1.897200e-01 3.204100e-02 38 66 1.041300e+01 2.080000e+00 -8.285500e+01 7.280700e+02 0
-1.800700e-01 7.495000e-02 -1.532700e-01 6.408200e-02 7 67 9.650900e+00 2.080000e+00 -30988 42311 0
6.493600e-01 6.907400e-01 -1.801000e-01 6.408200e-02 29 67 1.045800e+01 2.080000e+00 1.204200e+03 8.869700e+02 0
6.567200e-01 7.634100e-01 -1.832700e-01 6.408200e-02 30 67 1.153100e+01 2.080000e+00 1.155800e+03 8.328900e+02 0
6.630000e-01 8.077700e-01 -1.852000e-01 6.408200e-02 31 67 1.179800e+01 2.080000e+00 1.132800e+03 8.053300e+02 0
6.766400e-01 8.291800e-01 -1.861400e-01 6.408200e-02 32 67 1.124500e+01 2.080000e+00 1.132100e+03 7.934300e+02 0
7.072000e-01 8.600100e-01 -1.874800e-01 6.408200e-02 33 67 9.608600e+00 2.080000e+00 1.140400e+03 7.776500e+02 0
0 0 -1.500000e-01 9.612300e-02 1 68 9.981500e+00 2.080000e+00 2167 -3.612800e+03 0
6.264400e-01 6.642400e-01 -1.789500e-01 9.612300e-02 29 68 9.955100e+00 2.080000e+00 1.201700e+03 9.094600e+02 0
6.488100e-01 7.586100e-01 -1.830600e-01 9.612300e-02 30 68 1.099800e+01 2.080000e+00 1.151400e+03 8.359200e+02 0
6.548100e-01 8.165600e-01 -1.855900e-01 9.612300e-02 31 68 1.130700e+01 2.080000e+00 1120 8.000700e+02 0
6.597200e-01 8.463000e-01 -1.868800e-01 9.612300e-02 32 68 1.072300e+01 2.080000e+00 1.107400e+03 7.838500e+02 0
-2.342000e+00 1.005300e+01 -5.881100e-01 -8.330700e-01 297 39 1.128500e+01 2.080000e+00 5.349400e+02 4.174700e+02 1
-2.431000e+00 1.007500e+01 -5.890900e-01 -8.330700e-01 298 39 1.253200e+01 2.080000e+00 5.297400e+02 4.173900e+02 1
-2.520500e+00 1.009400e+01 -5.899200e-01 -8.330700e-01 299 39 1.293400e+01 2.080000e+00 5.244700e+02 4.173100e+02 1
-2.528900e+00 1.013100e+01 -5.915200e-01 -8.330700e-01 300 39 1.264700e+01 2.080000e+00 5.245500e+02 4.172000e+02 1
-2.537400e+00 1.016300e+01 -5.929300e-01 -8.330700e-01 301 39 1.179300e+01 2.080000e+00 5.245600e+02 4.171100e+02 1
-2.628000e+00 1.013900e+01 -5.919000e-01 -8.330700e-01 302 39 1.025800e+01 2.080000e+00 5.185500e+02 4.171600e+02 1
-4.059800e-01 8.648900e+00 -5.269400e-01 -8.010300e-01 249 40 1.124500e+01 2.080000e+00 6.510400e+02 4.227600e+02 1
-3.396800e-01 8.683700e+00 -5.284600e-01 -8.010300e-01 250 40 1.171600e+01 2.080000e+00 6.560900e+02 4.226400e+02 1
-2.728400e-01 8.708700e+00 -5.295500e-01 -8.010300e-01 251 40 1.127600e+01 2.080000e+00 6.611100e+02 4.225600e+02 1
-4.108900e-01 8.733100e+00 -5.306100e-01 -8.010300e-01 252 40 1.080900e+01 2.080000e+00 6.511000e+02 4.224200e+02 1
-4.812900e-01 8.782600e+00 -5.327700e-01 -8.010300e-01 253 40 1.132200e+01 2.080000e+00 6.462300e+02 4.222100e+02 1
-4.832000e-01 8.819700e+00 -5.343900e-01 -8.010300e-01 254 40 1.163000e+01 2.080000e+00 6.462900e+02 4.220600e+02 1
-4.851100e-01 8.854900e+00 -5.359200e-01 -8.010300e-01 255 40 1.084400e+01 2.080000e+00 6.463400e+02 4.219300e+02 1
-2.253600e+00 1.003500e+01 -5.873400e-01 -8.010300e-01 296 40 1.006100e+01 2.080000e+00 5.402100e+02 4.175400e+02 1
-2.422800e+00 1.004100e+01 -5.876200e-01 -8.010300e-01 297 40 1.291800e+01 2.080000e+00 5.297000e+02 4.174800e+02 1
-2.431000e+00 1.007800e+01 -5.892300e-01 -8.010300e-01 298 40 1.433100e+01 2.080000e+00 5.297900e+02 4.173800e+02 1
-2.439200e+00 1.011400e+01 -5.908100e-01 -8.010300e-01 299 40 1.471100e+01 2.080000e+00 5.298700e+02 4.172700e+02 1
-2.528900e+00 1.013000e+01 -5.915000e-01 -8.010300e-01 300 40 1.421400e+01 2.080000e+00 5.245500e+02 4.172000e+02 1
-2.619200e+00 1.014400e+01 -5.921100e-01 -8.010300e-01 301 40 1.305100e+01 2.080000e+00 5.191800e+02 4.171400e+02 1
-2.628000e+00 1.016700e+01 -5.931100e-01 -8.010300e-01 302 40 1.155200e+01 2.080000e+00 5.190300e+02 4.170800e+02 1
-2.695600e-01 8.610200e+00 -5.252600e-01 -7.689800e-01 248 41 9.980000e+00 2.080000e+00 6.609700e+02 4.229500e+02 1
-2.706600e-01 8.656500e+00 -5.272700e-01 -7.689800e-01 249 41 1.157400e+01 2.080000e+00 6.610700e+02 4.227700e+02 1
-2.717500e-01 8.691500e+00 -5.288000e-01 -7.689800e-01 250 41 1.205500e+01 2.080000e+00 6.611200e+02 4.226300e+02 1
-2.046300e-01 8.724700e+00 -5.302400e-01 -7.689800e-01 251 41 1.163700e+01 2.080000e+00 6.661700e+02 4.225100e+02 1
-2.739300e-01 8.747500e+00 -5.312400e-01 -7.689800e-01 252 41 1.087200e+01 2.080000e+00 6.611700e+02 4.224000e+02 1
-4.812900e-01 8.777300e+00 -5.325400e-01 -7.689800e-01 253 41 1.138500e+01 2.080000e+00 6.462000e+02 4.222300e+02 1
-4.832000e-01 8.820300e+00 -5.344100e-01 -7.689800e-01 254 41 1.185800e+01 2.080000e+00 6.462900e+02 4.220600e+02 1
-4.851100e-01 8.856900e+00 -5.360100e-01 -7.689800e-01 255 41 1.112600e+01 2.080000e+00 6.463500e+02 4.219200e+02 1
-2.422800e+00 1.004300e+01 -5.876800e-01 -7.689800e-01 297 41 1.263900e+01 2.080000e+00 5.297200e+02 4.174800e+02 1
-2.431000e+00 1.007700e+01 -5.891600e-01 -7.689800e-01 298 41 1.404900e+01 2.080000e+00 5.297600e+02 4.173800e+02 1
-2.439200e+00 1.011300e+01 -5.907700e-01 -7.689800e-01 299 41 1.439200e+01 2.080000e+00 5.298500e+02 4.172700e+02 1
-2.528900e+00 1.013000e+01 -5.914800e-01 -7.689800e-01 300 41 1.379200e+01 2.080000e+00 5.245400e+02 4.172100e+02 1
-2.701100e+00 1.011800e+01 -5.909700e-01 -7.689800e-01 301 41 1.236800e+01 2.080000e+00 5.136400e+02 4.172000e+02 1
-2.628000e+00 1.017700e+01 -5.935300e-01 -7.689800e-01 302 41 1.082800e+01 2.080000e+00 5.192000e+02 4.170500e+02 1
-1.358700e-01 8.691600e+00 -5.288000e-01 -7.369400e-01 250 42 1.029900e+01 2.080000e+00 6.711200e+02 4.226600e+02 1
6.821000e-02 8.709600e+00 -5.295900e-01 -7.369400e-01 251 42 1.018700e+01 2.080000e+00 6.861700e+02 4.226500e+02 0
-2.350000e+00 1.009200e+01 -5.898200e-01 -7.369400e-01 298 42 1.142400e+01 2.080000e+00 5.350600e+02 4.173600e+02 1
-2.439200e+00 1.010800e+01 -5.905100e-01 -7.369400e-01 299 42 1.164000e+01 2.080000e+00 5.297500e+02 4.172900e+02 1
-2.528900e+00 1.012700e+01 -5.913800e-01 -7.369400e-01 300 42 1.104800e+01 2.080000e+00 5.245000e+02 4.172100e+02 1
-7.858000e+00 9.145800e+00 -5.486000e-01 -6.408200e-01 348 45 1.032300e+01 2.080000e+00 1.471400e+02 4.189000e+02 0
-7.059700e+00 9.746000e+00 -5.747500e-01 -6.087800e-01 346 46 1.013300e+01 2.080000e+00 2.299800e+02 4.172500e+02 0
-7.646600e+00 9.338200e+00 -5.569800e-01 -6.087800e-01 347 46 1.179700e+01 2.080000e+00 1.718900e+02 4.183400e+02 0
-7.858000e+00 9.214600e+00 -5.516000e-01 -6.087800e-01 348 46 1.241300e+01 2.080000e+00 1.511400e+02 4.186800e+02 0
-7.975600e+00 9.165300e+00 -5.494500e-01 -6.087800e-01 349 46 1.187100e+01 2.080000e+00 1.405200e+02 4.188100e+02 1
-7.646600e+00 9.285000e+00 -5.546700e-01 -5.767400e-01 347 47 1.182500e+01 2.080000e+00 1.689600e+02 4.185100e+02 0
-7.858000e+00 9.192000e+00 -5.506100e-01 -5.767400e-01 348 47 1.246300e+01 2.080000e+00 1.498300e+02 4.187500e+02 0
-8.070600e+00 9.068100e+00 -5.452100e-01 -5.767400e-01 349 47 1.195200e+01 2.080000e+00 1.283900e+02 4.191100e+02 1
-8.379400e+00 8.804200e+00 -5.337100e-01 -5.767400e-01 350 47 1.018600e+01 2.080000e+00 9.070200e+01 4.199200e+02 1
-7.858000e+00 9.219900e+00 -5.518300e-01 -5.447000e-01 348 48 1.042100e+01 2.080000e+00 1.514400e+02 4.186600e+02 0
0 0 -1.500000e-01 -9.612300e-02 1 62 9.635800e+00 2.080000e+00 2167 -3.612800e+03 0
6.646300e-01 6.902100e-01 -1.800800e-01 -9.612300e-02 29 62 1.003000e+01 2.080000e+00 1.221500e+03 8.878800e+02 0
6.725500e-01 7.553400e-01 -1.829200e-01 -9.612300e-02 30 62 1.109200e+01 2.080000e+00 1.177100e+03 8.387200e+02 0
6.711800e-01 7.980000e-01 -1.847800e-01 -9.612300e-02 31 62 1.136100e+01 2.080000e+00 1.146500e+03 8.113100e+02 0
6.766400e-01 8.086900e-01 -1.852400e-01 -9.612300e-02 32 62 1.096400e+01 2.080000e+00 1.144700e+03 8.050800e+02 0
6.984700e-01 7.853500e-01 -1.842300e-01 -9.612300e-02 33 62 9.964000e+00 2.080000e+00 1.180600e+03 8.197100e+02 0
0 0 -1.500000e-01 -6.408200e-02 1 63 1.035800e+01 2.080000e+00 2167 -3.612800e+03 0
2.728400e-04 3.486000e-02 -1.515200e-01 -6.408200e-02 2 63 9.944600e+00 2.080000e+00 3.476500e+03 -7.181300e+03 0
6.722700e-01 6.696600e-01 -1.791900e-01 -6.408200e-02 29 63 1.060800e+01 2.080000e+00 1.249100e+03 9.060300e+02 0
6.725500e-01 7.505400e-01 -1.827100e-01 -6.408200e-02 30 63 1.158600e+01 2.080000e+00 1.180700e+03 8.420300e+02 0
6.793700e-01 7.936100e-01 -1.845900e-01 -6.408200e-02 31 63 1.180300e+01 2.080000e+00 1157 8.141600e+02 0
6.851000e-01 8.073200e-01 -1.851900e-01 -6.408200e-02 32 63 1.140800e+01 2.080000e+00 1.153300e+03 8.060700e+02 0
7.072000e-01 8.141900e-01 -1.854800e-01 -6.408200e-02 33 63 1.026300e+01 2.080000e+00 1169 8.025400e+02 0
0 0 -1.500000e-01 -3.204100e-02 1 64 1.541700e+01 2.080000e+00 2167 -3.612800e+03 0
-7.093800e-02 1.116500e-01 -1.548700e-01 -3.204100e-02 5 64 1.417600e+01 2.080000e+00 -3.146800e+03 7.762900e+03 0
-1.585200e-01 1.860000e-01 -1.581100e-01 -3.204100e-02 8 64 1.332200e+01 2.080000e+00 -1.092400e+03 2.906600e+03 0
-1.986300e-01 1.941800e-01 -1.584600e-01 -3.204100e-02 9 64 1.263200e+01 2.080000e+00 -1.159200e+03 2.717100e+03 0
-2.480100e-01 1.858500e-01 -1.581000e-01 -3.204100e-02 10 64 1.259400e+01 2.080000e+00 -1.523100e+03 2.845900e+03 0
-2.592000e-01 2.246900e-01 -1.597900e-01 -3.204100e-02 11 64 1.210300e+01 2.080000e+00 -1.022500e+03 2.241400e+03 0
-2.851200e-01 2.314100e-01 -1.600900e-01 -3.204100e-02 12 64 1.168300e+01 2.080000e+00 -1.043200e+03 2157 0
-3.044900e-01 2.808800e-01 -1.622400e-01 -3.204100e-02 13 64 1.100100e+01 2.080000e+00 -6.989800e+02 1.748700e+03 0
-3.227700e-01 3.036200e-01 -1.632300e-01 -3.204100e-02 14 64 1.039000e+01 2.080000e+00 -6.120300e+02 1.616500e+03 0
-1.184100e-01 4.314600e-01 -1.688000e-01 -3.204100e-02 15 64 1.044000e+01 2.080000e+00 1.843100e+02 1.206200e+03 0
3.683300e-01 2.426600e-01 -1.605800e-01 -3.204100e-02 28 64 1.201400e+01 2.080000e+00 1494 2.282900e+03 0
6.799100e-01 6.371600e-01 -1.777700e-01 -3.204100e-02 29 64 1.362900e+01 2.080000e+00 1.291700e+03 9.374300e+02 0
6.725500e-01 7.369400e-01 -1.821200e-01 -3.204100e-02 30 64 1.456400e+01 2.080000e+00 1191 8.516700e+02 0
6.793700e-01 7.974300e-01 -1.847500e-01 -3.204100e-02 31 64 1.469300e+01 2.080000e+00 1.154400e+03 8.118400e+02 0
6.766400e-01 8.294500e-01 -1.861500e-01 -3.204100e-02 32 64 1.409000e+01 2.080000e+00 1.131900e+03 7.932800e+02 0
6.810000e-01 8.742300e-01 -1.881000e-01 -3.204100e-02 33 64 1.242800e+01 2.080000e+00 1.110300e+03 7.700400e+02 0
7.606700e-01 7.871500e-01 -1.843100e-01 -3.204100e-02 35 64 1.016000e+01 2.080000e+00 1.238300e+03 820 0
-8.785400e-01 8.038900e-01 -1.850400e-01 -3.204100e-02 36 64 1.082500e+01 2.080000e+00 -1.849000e+02 7.763200e+02 0
-9.232800e-01 7.658100e-01 -1.833800e-01 -3.204100e-02 37 64 1.096000e+01 2.080000e+00 -2.687200e+02 7.958700e+02 0
-1.060000e+00 5.157500e-01 -1.724800e-01 -3.204100e-02 38 64 1.005300e+01 2.080000e+00 -9.457300e+02 1005 0
