0 0 -1.500000e-01 0 1 65 1.645200e+01 1.650000e+00 2167 -3.612800e+03 0
-7.093800e-02 1.120700e-01 -1.538700e-01 0 5 65 1.519900e+01 1.650000e+00 -3.103800e+03 7.664700e+03 0
-1.585200e-01 1.860300e-01 -1.564300e-01 0 8 65 1.436600e+01 1.650000e+00 -1.091100e+03 2.895800e+03 0
-1.986300e-01 1.942200e-01 -1.567100e-01 0 9 65 1.369900e+01 1.650000e+00 -1.157700e+03 2.706700e+03 0
-2.480100e-01 1.867400e-01 -1.564600e-01 0 10 65 1.364000e+01 1.650000e+00 -1.505600e+03 2.817900e+03 0
-2.619200e-01 2.227600e-01 -1.577000e-01 0 11 65 1.304700e+01 1.650000e+00 -1.052700e+03 2.254200e+03 0
-2.881200e-01 2.308100e-01 -1.579800e-01 0 12 65 1.268100e+01 1.650000e+00 -1059 2.153700e+03 0
-3.044900e-01 2.812700e-01 -1.597200e-01 0 13 65 1.193700e+01 1.650000e+00 -6.958900e+02 1.738500e+03 0
-3.085800e-01 2.977400e-01 -1.602900e-01 0 14 65 1.159400e+01 1.650000e+00 -6.084300e+02 1.642300e+03 0
-1.222300e-01 4.410900e-01 -1.652500e-01 0 15 65 1.127100e+01 1.650000e+00 1.912900e+02 1.177800e+03 0
3.536000e-01 2.955500e-01 -1.602200e-01 0 28 65 1.314400e+01 1.650000e+00 1.245300e+03 1.792200e+03 0
6.799100e-01 6.400100e-01 -1.721200e-01 0 29 65 1.470000e+01 1.650000e+00 1.288200e+03 9.278000e+02 0
6.725500e-01 7.378700e-01 -1.755100e-01 0 30 65 1.563300e+01 1.650000e+00 1190 8.444500e+02 0
6.711800e-01 8.044600e-01 -1.778100e-01 0 31 65 1.580800e+01 1.650000e+00 1.142100e+03 8.010100e+02 0
6.766400e-01 8.329400e-01 -1.787900e-01 0 32 65 1.531000e+01 1.650000e+00 1.129500e+03 7.849500e+02 0
6.722700e-01 8.753000e-01 -1.802600e-01 0 33 65 1.392300e+01 1.650000e+00 1.102200e+03 763 0
6.392600e-01 9.573100e-01 -1.830900e-01 0 34 65 1.123400e+01 1.650000e+00 1.038500e+03 7.263100e+02 0
7.699500e-01 6.761100e-01 -1.733700e-01 0 35 65 1.114300e+01 1.650000e+00 1.353300e+03 8.967200e+02 0
-8.307900e-01 8.919900e-01 -1.808300e-01 0 36 65 1.197000e+01 1.650000e+00 -5.895600e+01 7.307700e+02 0
-8.447100e-01 9.104500e-01 -1.814700e-01 0 37 65 1.231500e+01 1.650000e+00 -5.270900e+01 7.231400e+02 0
-8.883600e-01 8.945700e-01 -1.809200e-01 0 38 65 1.190800e+01 1.650000e+00 -9.797100e+01 7.288500e+02 0
-9.538400e-01 8.582900e-01 -1.796700e-01 0 39 65 1.057300e+01 1.650000e+00 -1.819900e+02 7.432000e+02 0
0 0 -1.500000e-01 3.204100e-02 1 66 1.542700e+01 1.650000e+00 2167 -3.612800e+03 0
-7.093800e-02 1.128900e-01 -1.539000e-01 3.204100e-02 5 66 1.418600e+01 1.650000e+00 -3.027900e+03 7.519200e+03 0
-1.585200e-01 1.859800e-01 -1.564300e-01 3.204100e-02 8 66 1.340600e+01 1.650000e+00 -1.091700e+03 2.896700e+03 0
-1.986300e-01 1.941300e-01 -1.567100e-01 3.204100e-02 9 66 1.269600e+01 1.650000e+00 -1159 2.708300e+03 0
-2.480100e-01 1.872200e-01 -1.564700e-01 3.204100e-02 10 66 1.267000e+01 1.650000e+00 -1.497100e+03 2.808500e+03 0
-2.619200e-01 2.231000e-01 -1.577100e-01 3.204100e-02 11 66 1.201300e+01 1.650000e+00 -1.048900e+03 2.250200e+03 0
-2.881200e-01 2.298100e-01 -1.579400e-01 3.204100e-02 12 66 1.168700e+01 1.650000e+00 -1.069600e+03 2.164400e+03 0
-3.044900e-01 2.791700e-01 -1.596500e-01 3.204100e-02 13 66 1.094900e+01 1.650000e+00 -7.094400e+02 1.751700e+03 0
-1.184100e-01 4.287900e-01 -1.648200e-01 3.204100e-02 15 66 1.044200e+01 1.650000e+00 1.806500e+02 1.205300e+03 0
3.609700e-01 2.552400e-01 -1.588200e-01 3.204100e-02 28 66 1.208500e+01 1.650000e+00 1.405200e+03 2130 0
6.799100e-01 6.348300e-01 -1.719400e-01 3.204100e-02 29 66 1.363300e+01 1.650000e+00 1.293900e+03 9.330600e+02 0
6.725500e-01 7.355400e-01 -1.754300e-01 3.204100e-02 30 66 1.454400e+01 1.650000e+00 1.191800e+03 8.461300e+02 0
6.711800e-01 8.044700e-01 -1.778100e-01 3.204100e-02 31 66 1.470500e+01 1.650000e+00 1.142100e+03 8.010100e+02 0
6.766400e-01 8.350000e-01 -1.788600e-01 3.204100e-02 32 66 1.417600e+01 1.650000e+00 1.128300e+03 7.838300e+02 0
6.722700e-01 8.798900e-01 -1.804200e-01 3.204100e-02 33 66 1.271300e+01 1.650000e+00 1.099800e+03 7.607800e+02 0
-8.403400e-01 8.781000e-01 -1.803500e-01 3.204100e-02 36 66 1.086400e+01 1.650000e+00 -7.851500e+01 7.364300e+02 0
-8.643500e-01 8.700500e-01 -1.800800e-01 3.204100e-02 37 66 1.123900e+01 1.650000e+00 -1.037800e+02 7.395000e+02 0
-8.883600e-01 8.625700e-01 -1.798200e-01 3.204100e-02 38 66 1.078000e+01 1.650000e+00 -1.289300e+02 7.423800e+02 0
6.799100e-01 6.701700e-01 -1.731700e-01 6.408200e-02 29 67 1.016300e+01 1.650000e+00 1.256900e+03 8.991500e+02 0
6.725500e-01 7.395100e-01 -1.755600e-01 6.408200e-02 30 67 1.113800e+01 1.650000e+00 1.188700e+03 8.432700e+02 0
6.793700e-01 7.975200e-01 -1.775700e-01 6.408200e-02 31 67 1.132000e+01 1.650000e+00 1.154100e+03 8.053300e+02 0
6.851000e-01 8.301700e-01 -1.787000e-01 6.408200e-02 32 67 1.089400e+01 1.650000e+00 1.138700e+03 7.866400e+02 0
6.984700e-01 8.641100e-01 -1.798700e-01 6.408200e-02 33 67 9.760700e+00 1.650000e+00 1.130300e+03 7.690300e+02 0
6.962800e-01 7.094400e-01 -1.745200e-01 9.612300e-02 30 68 9.906400e+00 1.650000e+00 1.238300e+03 8.665300e+02 0
6.875500e-01 7.815900e-01 -1.770200e-01 9.612300e-02 31 68 1.001900e+01 1.650000e+00 1.172600e+03 8.153400e+02 0
-2.151100e+00 9.964100e+00 -4.944300e-01 -8.010300e-01 293 40 1.076600e+01 1.650000e+00 5.455900e+02 4.122500e+02 1
-2.318300e+00 9.963600e+00 -4.944100e-01 -8.010300e-01 294 40 1.201900e+01 1.650000e+00 535 4.122200e+02 1
-2.326200e+00 9.991700e+00 -4.953800e-01 -8.010300e-01 295 40 1.258900e+01 1.650000e+00 5.349500e+02 4.121300e+02 1
-2.414600e+00 1.000600e+01 -4.958600e-01 -8.010300e-01 296 40 1.262600e+01 1.650000e+00 5.296100e+02 4.120700e+02 1
-2.422800e+00 1.004300e+01 -4.971600e-01 -8.010300e-01 297 40 1.219500e+01 1.650000e+00 5.297100e+02 4.119600e+02 1
-2.512000e+00 1.005500e+01 -4.975800e-01 -8.010300e-01 298 40 1.128300e+01 1.650000e+00 5.243300e+02 4.119100e+02 1
-3.328600e-01 8.512900e+00 -4.442600e-01 -7.689800e-01 245 41 1.096500e+01 1.650000e+00 6.557800e+02 4.177700e+02 1
-3.342300e-01 8.549500e+00 -4.455300e-01 -7.689800e-01 246 41 1.123700e+01 1.650000e+00 6.558400e+02 4.176200e+02 1
-2.013500e-01 8.588700e+00 -4.468900e-01 -7.689800e-01 247 41 1.071400e+01 1.650000e+00 6.659000e+02 4.174900e+02 1
-2.695600e-01 8.619700e+00 -4.479600e-01 -7.689800e-01 248 41 1.062300e+01 1.650000e+00 6.609400e+02 4.173500e+02 1
-2.029900e-01 8.657300e+00 -4.492600e-01 -7.689800e-01 249 41 1.155200e+01 1.650000e+00 666 4.172200e+02 1
-2.717500e-01 8.690100e+00 -4.503900e-01 -7.689800e-01 250 41 1.168500e+01 1.650000e+00 6.610500e+02 4.170700e+02 1
-3.410500e-01 8.724000e+00 -4.515600e-01 -7.689800e-01 251 41 1.094100e+01 1.650000e+00 6.561000e+02 4.169100e+02 1
-2.381900e+00 9.842200e+00 -4.902100e-01 -7.689800e-01 292 41 1.099000e+01 1.650000e+00 5.289800e+02 4.125700e+02 1
-2.310400e+00 9.927200e+00 -4.931600e-01 -7.689800e-01 293 41 1.324300e+01 1.650000e+00 5.349300e+02 4.123300e+02 1
-2.318300e+00 9.952000e+00 -4.940100e-01 -7.689800e-01 294 41 1.441600e+01 1.650000e+00 5.348200e+02 4.122500e+02 1
-2.326200e+00 9.981500e+00 -4.950300e-01 -7.689800e-01 295 41 1.483700e+01 1.650000e+00 5.347900e+02 4.121600e+02 1
-2.414600e+00 9.995100e+00 -4.955000e-01 -7.689800e-01 296 41 1.478700e+01 1.650000e+00 5.294400e+02 4.121000e+02 1
-2.422800e+00 1.002800e+01 -4.966400e-01 -7.689800e-01 297 41 1.428800e+01 1.650000e+00 5.294600e+02 4.120100e+02 1
-2.512000e+00 1.004300e+01 -4.971600e-01 -7.689800e-01 298 41 1.304000e+01 1.650000e+00 5.241200e+02 4.119400e+02 1
-2.652000e-01 8.455300e+00 -4.422700e-01 -7.369400e-01 244 42 1.076200e+01 1.650000e+00 6.606300e+02 4.180300e+02 1
-3.328600e-01 8.507200e+00 -4.440700e-01 -7.369400e-01 245 42 1.199800e+01 1.650000e+00 6.557500e+02 4.177900e+02 1
-3.342300e-01 8.544900e+00 -4.453700e-01 -7.369400e-01 246 42 1.219700e+01 1.650000e+00 6.558200e+02 4.176400e+02 1
-2.684700e-01 8.585700e+00 -4.467800e-01 -7.369400e-01 247 42 1.122600e+01 1.650000e+00 6.608900e+02 4.174900e+02 1
-1.347800e-01 8.622200e+00 -4.480400e-01 -7.369400e-01 248 42 1.117500e+01 1.650000e+00 6.709400e+02 4.173800e+02 1
-2.029900e-01 8.654000e+00 -4.491500e-01 -7.369400e-01 249 42 1.242700e+01 1.650000e+00 6.659900e+02 4.172300e+02 1
-2.717500e-01 8.688300e+00 -4.503300e-01 -7.369400e-01 250 42 1.254600e+01 1.650000e+00 6.610400e+02 4.170700e+02 1
-2.728400e-01 8.721700e+00 -4.514800e-01 -7.369400e-01 251 42 1.165800e+01 1.650000e+00 6.610900e+02 4.169400e+02 1
-2.381900e+00 9.872400e+00 -4.912600e-01 -7.369400e-01 292 42 1.113900e+01 1.650000e+00 5.294900e+02 4.124700e+02 1
-2.310400e+00 9.921300e+00 -4.929500e-01 -7.369400e-01 293 42 1.337400e+01 1.650000e+00 5.348300e+02 4.123400e+02 1
-2.318300e+00 9.943900e+00 -4.937300e-01 -7.369400e-01 294 42 1.447600e+01 1.650000e+00 5.346900e+02 4.122800e+02 1
-2.326200e+00 9.973200e+00 -4.947400e-01 -7.369400e-01 295 42 1.481000e+01 1.650000e+00 5.346600e+02 4.121900e+02 1
-2.414600e+00 9.986900e+00 -4.952200e-01 -7.369400e-01 296 42 1.472600e+01 1.650000e+00 5.293000e+02 4.121300e+02 1
-2.422800e+00 1.002000e+01 -4.963500e-01 -7.369400e-01 297 42 1.425400e+01 1.650000e+00 5.293300e+02 4.120300e+02 1
-2.431000e+00 1.005900e+01 -4.977000e-01 -7.369400e-01 298 42 1.297700e+01 1.650000e+00 5.294500e+02 4.119200e+02 1
1.800700e-01 2.031900e+00 -2.202400e-01 -7.049000e-01 61 43 1.023100e+01 1.650000e+00 6.965100e+02 5.342600e+02 0
-3.994400e-01 8.484800e+00 -4.432900e-01 -7.049000e-01 245 43 1.111700e+01 1.650000e+00 6.506400e+02 4.178700e+02 1
-4.010700e-01 8.540300e+00 -4.452100e-01 -7.049000e-01 246 43 1.128400e+01 1.650000e+00 6.508000e+02 4.176400e+02 1
-4.027100e-01 8.579100e+00 -4.465500e-01 -7.049000e-01 247 43 1.018800e+01 1.650000e+00 6.508700e+02 4.174800e+02 1
-2.029900e-01 8.611900e+00 -4.476900e-01 -7.049000e-01 249 43 1.129000e+01 1.650000e+00 6.658500e+02 4.174000e+02 1
-2.038100e-01 8.649700e+00 -4.489900e-01 -7.049000e-01 250 43 1.141300e+01 1.650000e+00 6.659100e+02 4.172500e+02 1
-1.364200e-01 8.591400e+00 1.547800e+00 -7.049000e-01 251 43 1.051600e+01 1.650000e+00 6.688600e+02 2.755800e+02 0
-2.390100e+00 9.891800e+00 -4.919300e-01 -7.049000e-01 293 43 1.150900e+01 1.650000e+00 5.292900e+02 4.124100e+02 1
-2.318300e+00 9.938900e+00 -4.935600e-01 -7.049000e-01 294 43 1.237200e+01 1.650000e+00 5.346100e+02 4.122900e+02 1
-2.326200e+00 9.967800e+00 -4.945600e-01 -7.049000e-01 295 43 1.247200e+01 1.650000e+00 5.345700e+02 4.122000e+02 1
-2.414600e+00 9.978600e+00 -4.949300e-01 -7.049000e-01 296 43 1.232000e+01 1.650000e+00 5.291700e+02 4.121500e+02 1
-2.422800e+00 1.001000e+01 -4.960200e-01 -7.049000e-01 297 43 1.195200e+01 1.650000e+00 5.291700e+02 4.120600e+02 1
-2.350000e+00 1.007000e+01 -4.981000e-01 -7.049000e-01 298 43 1.075300e+01 1.650000e+00 5.347000e+02 4.119000e+02 1
-7.696200e+00 8.857000e+00 2.578600e+00 -5.767400e-01 345 47 1.048600e+01 1.650000e+00 1.456100e+02 2.119000e+02 0
-7.812700e+00 8.940100e+00 2.050300e+00 -5.767400e-01 346 47 1.044700e+01 1.650000e+00 1.419500e+02 2.478400e+02 0
-7.741000e+00 9.247200e+00 -4.696500e-01 -5.767400e-01 347 47 1.059700e+01 1.650000e+00 1.608000e+02 4.131900e+02 0
-7.673800e+00 8.974500e+00 2.014800e+00 -5.447000e-01 344 48 1.077100e+01 1.650000e+00 1.532000e+02 2.505300e+02 0
-7.883900e+00 8.840900e+00 2.002400e+00 -5.447000e-01 345 48 1.136400e+01 1.650000e+00 1.310700e+02 2.498000e+02 0
-8.001000e+00 8.832500e+00 1.771800e+00 -5.447000e-01 346 48 1.115300e+01 1.650000e+00 1.222700e+02 2.650400e+02 0
-7.929800e+00 9.075700e+00 -4.637200e-01 -5.447000e-01 347 48 1.089600e+01 1.650000e+00 1.383500e+02 4.137100e+02 1
-7.952700e+00 9.139100e+00 -4.659100e-01 -5.447000e-01 348 48 1.039100e+01 1.650000e+00 1.406100e+02 4.134900e+02 1
-1.473300e-02 4.462500e-03 -1.501500e-01 -6.408200e-02 2 63 9.690900e+00 1.650000e+00 2.408700e+03 -3.899800e+03 0
6.875500e-01 6.190600e-01 -1.714000e-01 -6.408200e-02 29 63 1.001000e+01 1.650000e+00 1.321700e+03 9.499600e+02 0
6.962800e-01 6.663900e-01 -1.730400e-01 -6.408200e-02 30 63 1.059700e+01 1.650000e+00 1.279500e+03 9.031100e+02 0
7.121100e-01 7.552200e-01 -1.761100e-01 -6.408200e-02 31 63 1.043600e+01 1.650000e+00 1.216100e+03 8.332700e+02 0
6.681800e-01 8.131100e-01 -1.781100e-01 -6.408200e-02 32 63 1.040700e+01 1.650000e+00 1.133900e+03 7.959000e+02 0
7.072000e-01 7.830100e-01 -1.770700e-01 -6.408200e-02 33 63 1.044100e+01 1.650000e+00 1.190300e+03 8.149000e+02 0
0 0 -1.500000e-01 -3.204100e-02 1 64 1.544500e+01 1.650000e+00 2167 -3.612800e+03 0
-7.093800e-02 1.111900e-01 -1.538400e-01 -3.204100e-02 5 64 1.417900e+01 1.650000e+00 -3.187700e+03 7.825600e+03 0
-1.585200e-01 1.860900e-01 -1.564300e-01 -3.204100e-02 8 64 1.331600e+01 1.650000e+00 -1.090100e+03 2.894500e+03 0
-1.986300e-01 1.938600e-01 -1.567000e-01 -3.204100e-02 9 64 1.268600e+01 1.650000e+00 -1.162900e+03 2.713200e+03 0
-2.480100e-01 1.858400e-01 -1.564200e-01 -3.204100e-02 10 64 1.257600e+01 1.650000e+00 -1.522200e+03 2.836200e+03 0
-2.592000e-01 2.263100e-01 -1.578200e-01 -3.204100e-02 11 64 12 1.650000e+00 -1.004400e+03 2214 0
-2.851200e-01 2.350900e-01 -1.581300e-01 -3.204100e-02 12 64 1.161900e+01 1.650000e+00 -1.004900e+03 2.110400e+03 0
-3.044900e-01 2.819800e-01 -1.597500e-01 -3.204100e-02 13 64 1.084100e+01 1.650000e+00 -6.913700e+02 1.734100e+03 0
-1.260500e-01 4.234800e-01 -1.646400e-01 -3.204100e-02 15 64 1.028100e+01 1.650000e+00 1.596100e+02 1217 0
3.462300e-01 3.219300e-01 -1.611300e-01 -3.204100e-02 28 64 1.219100e+01 1.650000e+00 1.163400e+03 1.633500e+03 0
6.799100e-01 6.454900e-01 -1.723100e-01 -3.204100e-02 29 64 1.374000e+01 1.650000e+00 1.282300e+03 9.223600e+02 0
6.804600e-01 7.328200e-01 -1.753300e-01 -3.204100e-02 30 64 1.466300e+01 1.650000e+00 1202 8.483200e+02 0
6.793700e-01 7.974700e-01 -1.775700e-01 -3.204100e-02 31 64 1.486700e+01 1.650000e+00 1.154100e+03 8.053600e+02 0
6.766400e-01 8.306300e-01 -1.787100e-01 -3.204100e-02 32 64 1.444200e+01 1.650000e+00 1.130900e+03 7.862200e+02 0
6.722700e-01 8.680700e-01 -1.800100e-01 -3.204100e-02 33 64 1.323500e+01 1.650000e+00 1106 7.665600e+02 0
6.662700e-01 9.202300e-01 -1.818100e-01 -3.204100e-02 34 64 1.091300e+01 1.650000e+00 1.075200e+03 7.421800e+02 0
-7.699500e-01 8.883600e-01 -1.807100e-01 -3.204100e-02 35 64 1.041500e+01 1.650000e+00 -1.803300e+01 7.332100e+02 0
-8.021400e-01 9.210400e-01 -1.818400e-01 -3.204100e-02 36 64 1.123300e+01 1.650000e+00 -1.394400e+01 7.196300e+02 0
-8.348900e-01 9.385300e-01 -1.824400e-01 -3.204100e-02 37 64 1.166100e+01 1.650000e+00 -2.250700e+01 7.125700e+02 0
-8.782700e-01 9.301900e-01 -1.821500e-01 -3.204100e-02 38 64 1.139200e+01 1.650000e+00 -5.919300e+01 7.150800e+02 0
-9.331100e-01 8.820400e-01 -1.804900e-01 -3.204100e-02 39 64 1.030300e+01 1.650000e+00 -1.422400e+02 7.333300e+02 0
