0 0 -1.500000e-01 0 1 65 1.643000e+01 2.060000e+00 2167 -3.612800e+03 0
-7.093800e-02 1.120400e-01 -1.548400e-01 0 5 65 1.521000e+01 2.060000e+00 -3.109500e+03 7.690600e+03 0
-1.585200e-01 1.858600e-01 -1.580200e-01 0 8 65 1.435800e+01 2.060000e+00 -1.094500e+03 2.909200e+03 0
-1.986300e-01 1.951100e-01 -1.584200e-01 0 9 65 1.368000e+01 2.060000e+00 -1.145700e+03 2.699800e+03 0
-2.480100e-01 1.870500e-01 -1.580700e-01 0 10 65 1.365900e+01 2.060000e+00 -1.501300e+03 2.821300e+03 0
-2.619200e-01 2.221400e-01 -1.595900e-01 0 11 65 1.306300e+01 2.060000e+00 -1.060400e+03 2270 0
-2.851200e-01 2.351700e-01 -1.601500e-01 0 12 65 1.268400e+01 2.060000e+00 -1.004900e+03 2.117700e+03 0
-3.044900e-01 2.823700e-01 -1.621900e-01 0 13 65 1.193000e+01 2.060000e+00 -6.894200e+02 1739 0
-3.121300e-01 3.063300e-01 -1.632200e-01 0 14 65 1.150600e+01 2.060000e+00 -5.715200e+02 1.604300e+03 0
-1.222300e-01 3.919800e-01 -1.669200e-01 0 15 65 1.145300e+01 2.060000e+00 1.145400e+02 1.305800e+03 0
-3.642400e-01 3.685400e-01 -1.659100e-01 0 16 65 1.126700e+01 2.060000e+00 -4.157000e+02 1.350600e+03 0
3.536000e-01 3.341900e-01 -1.644200e-01 0 28 65 1.315500e+01 2.060000e+00 1.159900e+03 1.580700e+03 0
6.799100e-01 6.402600e-01 -1.776400e-01 0 29 65 1.469800e+01 2.060000e+00 1.288300e+03 9.339800e+02 0
6.725500e-01 7.379300e-01 -1.818500e-01 0 30 65 1.563000e+01 2.060000e+00 1.190200e+03 8.506400e+02 0
6.711800e-01 8.044300e-01 -1.847200e-01 0 31 65 1.580300e+01 2.060000e+00 1.142400e+03 8.071700e+02 0
6.766400e-01 8.324100e-01 -1.859300e-01 0 32 65 1.531000e+01 2.060000e+00 1.130100e+03 7.913500e+02 0
6.810000e-01 8.713000e-01 -1.876100e-01 0 33 65 1.394700e+01 2.060000e+00 1.111900e+03 7.711900e+02 0
6.662700e-01 9.396100e-01 -1.905600e-01 0 34 65 1.139000e+01 2.060000e+00 1.066700e+03 7.399100e+02 0
6.957400e-01 8.612100e-01 -1.871700e-01 0 35 65 1.063300e+01 2.060000e+00 1.129900e+03 7.765200e+02 0
-8.116900e-01 9.079100e-01 -1.891900e-01 0 36 65 1.171900e+01 2.060000e+00 -3.170800e+01 7.303000e+02 0
-8.447100e-01 9.005700e-01 -1.888700e-01 0 37 65 1.229800e+01 2.060000e+00 -6.154300e+01 7.327400e+02 0
-8.782700e-01 8.810000e-01 -1.880300e-01 0 38 65 1.194900e+01 2.060000e+00 -1.036900e+02 7.402800e+02 0
-9.020000e-01 8.725300e-01 -1.876600e-01 0 39 65 1.047800e+01 2.060000e+00 -1.292700e+02 7.435000e+02 0
0 0 -1.500000e-01 3.204100e-02 1 66 1.540800e+01 2.060000e+00 2167 -3.612800e+03 0
-7.093800e-02 1.123800e-01 -1.548500e-01 3.204100e-02 5 66 1.420000e+01 2.060000e+00 -3078 7.630100e+03 0
-1.585200e-01 1.857100e-01 -1.580200e-01 3.204100e-02 8 66 1.336500e+01 2.060000e+00 -1.096700e+03 2.912300e+03 0
-2.008100e-01 1.927700e-01 -1.583200e-01 3.204100e-02 9 66 1.267100e+01 2.060000e+00 -1190 2.741500e+03 0
-2.480100e-01 1.869100e-01 -1.580700e-01 3.204100e-02 10 66 1.264900e+01 2.060000e+00 -1.503700e+03 2824 0
-2.619200e-01 2.220700e-01 -1.595900e-01 3.204100e-02 11 66 1.208600e+01 2.060000e+00 -1.061200e+03 2.270900e+03 0
-2.881200e-01 2.306900e-01 -1.599600e-01 3.204100e-02 12 66 1.164700e+01 2.060000e+00 -1061 2.163200e+03 0
-3.044900e-01 2.808600e-01 -1.621200e-01 3.204100e-02 13 66 1.088700e+01 2.060000e+00 -6.990700e+02 1.748500e+03 0
-4.256300e-01 1.033700e-01 -1.544600e-01 3.204100e-02 14 66 1.039900e+01 2.060000e+00 -7989 7.143800e+03 0
-1.222300e-01 4.149700e-01 -1.679100e-01 3.204100e-02 15 66 1.060200e+01 2.060000e+00 1.531200e+02 1.244600e+03 0
3.609700e-01 3.065400e-01 -1.632300e-01 3.204100e-02 28 66 1.213000e+01 2.060000e+00 1.240100e+03 1.731600e+03 0
6.799100e-01 6.400900e-01 -1.776300e-01 3.204100e-02 29 66 1.367100e+01 2.060000e+00 1.288500e+03 9.341500e+02 0
6.725500e-01 7.370600e-01 -1.818100e-01 3.204100e-02 30 66 1.462600e+01 2.060000e+00 1.190900e+03 8.512700e+02 0
6.711800e-01 8.044800e-01 -1.847200e-01 3.204100e-02 31 66 1.480800e+01 2.060000e+00 1.142300e+03 8.071400e+02 0
6.766400e-01 8.342100e-01 -1.860100e-01 3.204100e-02 32 66 1.431900e+01 2.060000e+00 1.129100e+03 7.903700e+02 0
6.810000e-01 8.723000e-01 -1.876500e-01 3.204100e-02 33 66 1.297600e+01 2.060000e+00 1.111300e+03 7.707000e+02 0
6.752700e-01 9.317800e-01 -1.902200e-01 3.204100e-02 34 66 1.036000e+01 2.060000e+00 1.077100e+03 7.433500e+02 0
-1.048200e+00 4.829800e-01 -1.708500e-01 3.204100e-02 35 66 9.880400e+00 2.060000e+00 -1.051300e+03 1.050800e+03 0
-8.021400e-01 9.222900e-01 -1.898100e-01 3.204100e-02 36 66 1.089400e+01 2.060000e+00 -1.312100e+01 7.248200e+02 0
-8.447100e-01 9.164100e-01 -1.895600e-01 3.204100e-02 37 66 1.142200e+01 2.060000e+00 -4.780000e+01 7.264700e+02 0
-8.681700e-01 9.073600e-01 -1.891600e-01 3.204100e-02 38 66 1.109600e+01 2.060000e+00 -7.219600e+01 7.296800e+02 0
1.710700e+00 6.311100e+00 -4.224100e-01 -8.971500e-01 191 37 1.027400e+01 2.060000e+00 8.520500e+02 4.363600e+02 1
1.667600e+00 6.373800e+00 -4.251100e-01 -8.971500e-01 192 37 1.014000e+01 2.060000e+00 8.460400e+02 4.358600e+02 1
7.235700e-01 7.069900e+00 -4.551600e-01 -8.971500e-01 205 37 1.036400e+01 2.060000e+00 7.441000e+02 4.306900e+02 1
8.389800e-01 7.092100e+00 -4.561200e-01 -8.971500e-01 206 37 1.132900e+01 2.060000e+00 7.544600e+02 4.306000e+02 1
8.992700e-01 7.117900e+00 -4.572300e-01 -8.971500e-01 207 37 1.163100e+01 2.060000e+00 7.597100e+02 4.304700e+02 1
9.601200e-01 7.136700e+00 -4.580400e-01 -8.971500e-01 208 37 1.131300e+01 2.060000e+00 7.650600e+02 4.303800e+02 1
8.512600e-01 7.181600e+00 -4.599800e-01 -8.971500e-01 209 37 1.065200e+01 2.060000e+00 7.547900e+02 4.300700e+02 1
1.701700e+00 6.367400e+00 -4.248400e-01 -8.651100e-01 190 38 1.151400e+01 2.060000e+00 8.497000e+02 4.359300e+02 1
1.762500e+00 6.392700e+00 -4.259300e-01 -8.651100e-01 191 38 1.252800e+01 2.060000e+00 8.553000e+02 4.357600e+02 1
1.771800e+00 6.430200e+00 -4.275500e-01 -8.651100e-01 192 38 1.256600e+01 2.060000e+00 8.552800e+02 4.354800e+02 1
1.781100e+00 6.462000e+00 -4.289200e-01 -8.651100e-01 193 38 1.177100e+01 2.060000e+00 8.554100e+02 4.352500e+02 1
1.843000e+00 6.480900e+00 -4.297400e-01 -8.651100e-01 194 38 1.049600e+01 2.060000e+00 8.611800e+02 4.351400e+02 1
6.679100e-01 7.087300e+00 -4.559100e-01 -8.651100e-01 205 38 1.050000e+01 2.060000e+00 7.389000e+02 4.305600e+02 1
8.389800e-01 7.103500e+00 -4.566100e-01 -8.651100e-01 206 38 1.165800e+01 2.060000e+00 7.543600e+02 4.305300e+02 1
9.554800e-01 7.123600e+00 -4.574800e-01 -8.651100e-01 207 38 1.213000e+01 2.060000e+00 7.647700e+02 4.304600e+02 1
9.601200e-01 7.151400e+00 -4.586800e-01 -8.651100e-01 208 38 1.196300e+01 2.060000e+00 7.649100e+02 4.302900e+02 1
9.080100e-01 7.177700e+00 -4.598100e-01 -8.651100e-01 209 38 1.128000e+01 2.060000e+00 7.599400e+02 4.301100e+02 1
1.753300e+00 6.354000e+00 -4.242600e-01 -8.330700e-01 190 39 1.153500e+01 2.060000e+00 8.553500e+02 4.360500e+02 1
1.762500e+00 6.394600e+00 -4.260100e-01 -8.330700e-01 191 39 1.266100e+01 2.060000e+00 8.552500e+02 4.357500e+02 1
1.771800e+00 6.430700e+00 -4.275700e-01 -8.330700e-01 192 39 1.276000e+01 2.060000e+00 8.552700e+02 4.354800e+02 1
1.781100e+00 6.460100e+00 -4.288400e-01 -8.330700e-01 193 39 1.206900e+01 2.060000e+00 8.554600e+02 4.352600e+02 1
1.737700e+00 6.489600e+00 -4.301100e-01 -8.330700e-01 194 39 1.080800e+01 2.060000e+00 8.503300e+02 4.350200e+02 1
5.593200e-01 7.095300e+00 -4.562500e-01 -8.330700e-01 206 39 1.002400e+01 2.060000e+00 7.289700e+02 4.304700e+02 1
8.992700e-01 7.137600e+00 -4.580800e-01 -8.330700e-01 207 39 1.061800e+01 2.060000e+00 7.595300e+02 4.303500e+02 1
9.036400e-01 7.169000e+00 -4.594400e-01 -8.330700e-01 208 39 1.061900e+01 2.060000e+00 7.596300e+02 4.301700e+02 1
9.080100e-01 7.164300e+00 -4.592400e-01 -8.330700e-01 209 39 1.002900e+01 2.060000e+00 7.600700e+02 4.301900e+02 1
1.814400e+00 6.382500e+00 -4.254900e-01 -8.010300e-01 191 40 1.071300e+01 2.060000e+00 8.608800e+02 4.358600e+02 1
1.823900e+00 6.415900e+00 -4.269300e-01 -8.010300e-01 192 40 1.088100e+01 2.060000e+00 8.609600e+02 4.356100e+02 1
1.885900e+00 6.426400e+00 -4.273800e-01 -8.010300e-01 193 40 1.018100e+01 2.060000e+00 867 4.355600e+02 1
0 1.501600e+00 -2.148100e-01 -7.689800e-01 44 41 9.866800e+00 2.060000e+00 6.174700e+02 5.953000e+02 0
-9.153700e-01 1.517700e+00 -2.155100e-01 -7.689800e-01 56 41 1.061300e+01 2.060000e+00 2.253400e+02 5.878800e+02 0
-9.472900e-01 1.662400e+00 -2.217600e-01 -7.689800e-01 57 41 1.045800e+01 2.060000e+00 2.549900e+02 5.698800e+02 0
-1.015000e+00 1.832600e+00 -2.291000e-01 -7.689800e-01 61 41 1.021500e+01 2.060000e+00 2.732000e+02 5.523400e+02 0
-1.015200e+00 1.870600e+00 -2.307400e-01 -7.689800e-01 62 41 1.057400e+01 2.060000e+00 2.818300e+02 5.489300e+02 1
-9.811300e-01 1.921900e+00 -2.329600e-01 -7.689800e-01 63 41 1.047700e+01 2.060000e+00 3.043500e+02 5.446700e+02 1
-9.797600e-01 1.960900e+00 -2.346400e-01 -7.689800e-01 64 41 9.981200e+00 2.060000e+00 3.127000e+02 5.414900e+02 0
-5.770500e-01 1.485600e+00 -2.141200e-01 -7.369400e-01 48 42 1.059100e+01 2.060000e+00 3.613900e+02 5.942600e+02 0
-5.893300e-01 1.532700e+00 -2.161600e-01 -7.369400e-01 49 42 1.055800e+01 2.060000e+00 3.667800e+02 5.876300e+02 1
-8.987300e-01 1.515400e+00 -2.154100e-01 -7.369400e-01 55 42 1.136400e+01 2.060000e+00 2.316300e+02 5.882800e+02 0
-9.003700e-01 1.615000e+00 -2.197100e-01 -7.369400e-01 56 42 1.221400e+01 2.060000e+00 2.602700e+02 5.755900e+02 0
-9.320200e-01 1.668000e+00 -2.220000e-01 -7.369400e-01 57 42 1.210400e+01 2.060000e+00 2.623200e+02 5.693300e+02 0
-9.642100e-01 1.710900e+00 -2.238500e-01 -7.369400e-01 58 42 1.116300e+01 2.060000e+00 2.614200e+02 5.645300e+02 0
-9.175600e-01 1.839000e+00 -2.293800e-01 -7.369400e-01 60 42 1.088100e+01 2.060000e+00 3.084000e+02 5.521300e+02 1
-9.822200e-01 1.850600e+00 -2.298800e-01 -7.369400e-01 61 42 1.186100e+01 2.060000e+00 2.886300e+02 5.508300e+02 1
-9.985900e-01 1.880600e+00 -2.311700e-01 -7.369400e-01 62 42 1.202800e+01 2.060000e+00 2.897100e+02 5.481200e+02 1
-9.980400e-01 1.909900e+00 -2.324400e-01 -7.369400e-01 63 42 1.161500e+01 2.060000e+00 2.962100e+02 5.456200e+02 1
-1.048500e+00 1.902800e+00 -2.321300e-01 -7.369400e-01 64 42 1.065100e+01 2.060000e+00 2.778500e+02 5.460300e+02 0
2.053400e+00 3.079900e+00 -2.829400e-01 -7.369400e-01 107 42 1.015200e+01 2.060000e+00 1.100900e+03 4.897800e+02 0
-5.893300e-01 1.560800e+00 -2.173700e-01 -7.049000e-01 49 43 9.830600e+00 2.060000e+00 3.728800e+02 5.839100e+02 1
-9.134600e-01 1.584500e+00 -2.183900e-01 -7.049000e-01 55 43 1.089900e+01 2.060000e+00 2.464100e+02 5.792400e+02 0
-9.153700e-01 1.630800e+00 -2.203900e-01 -7.049000e-01 56 43 1.184500e+01 2.060000e+00 2.587200e+02 5.736500e+02 0
-9.167400e-01 1.683600e+00 -2.226700e-01 -7.049000e-01 57 43 1.175000e+01 2.060000e+00 2.722000e+02 5.676700e+02 0
-9.331100e-01 1.718300e+00 -2.241700e-01 -7.049000e-01 58 43 1.070200e+01 2.060000e+00 2.748600e+02 5.638800e+02 0
-9.014600e-01 1.834500e+00 -2.291800e-01 -7.049000e-01 60 43 1.054400e+01 2.060000e+00 3.130300e+02 5.526000e+02 1
-9.822200e-01 1.849100e+00 -2.298100e-01 -7.049000e-01 61 43 1.144500e+01 2.060000e+00 2.882800e+02 5.509700e+02 1
-1.015200e+00 1.872800e+00 -2.308400e-01 -7.049000e-01 62 43 1.150800e+01 2.060000e+00 2.823400e+02 5.487300e+02 1
-1.031900e+00 1.903500e+00 -2.321600e-01 -7.049000e-01 63 43 1.079600e+01 2.060000e+00 2.835700e+02 5.460300e+02 1
0 0 -1.500000e-01 -3.204100e-02 1 64 1.541200e+01 2.060000e+00 2167 -3.612800e+03 0
-7.093800e-02 1.115800e-01 -1.548200e-01 -3.204100e-02 5 64 1.418500e+01 2.060000e+00 -3.153800e+03 7.775600e+03 0
-1.585200e-01 1.859500e-01 -1.580300e-01 -3.204100e-02 8 64 1.332100e+01 2.060000e+00 -1.093200e+03 2.907300e+03 0
-1.986300e-01 1.947400e-01 -1.584100e-01 -3.204100e-02 9 64 1.265600e+01 2.060000e+00 -1.151100e+03 2.706600e+03 0
-2.480100e-01 1.862200e-01 -1.580400e-01 -3.204100e-02 10 64 1.263800e+01 2.060000e+00 -1.516200e+03 2.837900e+03 0
-2.619200e-01 2.201600e-01 -1.595000e-01 -3.204100e-02 11 64 1.204200e+01 2.060000e+00 -1.082800e+03 2.294100e+03 0
-2.851200e-01 2.322500e-01 -1.600200e-01 -3.204100e-02 12 64 1.169900e+01 2.060000e+00 -1.034400e+03 2.147700e+03 0
-3.044900e-01 2.820100e-01 -1.621700e-01 -3.204100e-02 13 64 1.088600e+01 2.060000e+00 -6.917100e+02 1.741300e+03 0
-3.121300e-01 3.020400e-01 -1.630400e-01 -3.204100e-02 14 64 1.053500e+01 2.060000e+00 -5.942600e+02 1.626200e+03 0
-1.184100e-01 3.518900e-01 -1.651900e-01 -3.204100e-02 15 64 1.037800e+01 2.060000e+00 4.053400e+01 1.436700e+03 0
3.536000e-01 3.494400e-01 -1.650800e-01 -3.204100e-02 28 64 1.212000e+01 2.060000e+00 1.132900e+03 1.511700e+03 0
6.799100e-01 6.417200e-01 -1.777000e-01 -3.204100e-02 29 64 1.368200e+01 2.060000e+00 1.286700e+03 9.325200e+02 0
6.725500e-01 7.392000e-01 -1.819100e-01 -3.204100e-02 30 64 1.459600e+01 2.060000e+00 1.189300e+03 8.497300e+02 0
6.711800e-01 8.042600e-01 -1.847100e-01 -3.204100e-02 31 64 1.476000e+01 2.060000e+00 1.142500e+03 8.072700e+02 0
6.766400e-01 8.301500e-01 -1.858300e-01 -3.204100e-02 32 64 1.426600e+01 2.060000e+00 1.131500e+03 7.925900e+02 0
6.810000e-01 8.694000e-01 -1.875300e-01 -3.204100e-02 33 64 1.290600e+01 2.060000e+00 1.112900e+03 7.721300e+02 0
6.572700e-01 9.465400e-01 -1.908600e-01 -3.204100e-02 34 64 1.044300e+01 2.060000e+00 1.056800e+03 7.369100e+02 0
-8.021400e-01 9.166700e-01 -1.895700e-01 -3.204100e-02 36 64 1.057900e+01 2.060000e+00 -1.768700e+01 7.269900e+02 0
-8.348900e-01 9.092900e-01 -1.892500e-01 -3.204100e-02 37 64 1.116100e+01 2.060000e+00 -4.697100e+01 7.294100e+02 0
-8.580800e-01 9.100500e-01 -1.892800e-01 -3.204100e-02 38 64 1.073600e+01 2.060000e+00 -6.269400e+01 7.287600e+02 0
