0 0 -1.500000e-01 0 1 65 1.645800e+01 1.110000e+00 2167 -3.612800e+03 0
-7.093800e-02 1.118400e-01 -1.526000e-01 0 5 65 1.518900e+01 1.110000e+00 -3.120700e+03 7.677300e+03 0
-1.585200e-01 1.860000e-01 -1.543200e-01 0 8 65 1.435000e+01 1.110000e+00 -1.090200e+03 2.883500e+03 0
-2.008100e-01 1.918400e-01 -1.544600e-01 0 9 65 1.366600e+01 1.110000e+00 -1.201800e+03 2.737300e+03 0
-2.480100e-01 1.870400e-01 -1.543500e-01 0 10 65 1.364300e+01 1.110000e+00 -1.498900e+03 2.799600e+03 0
-2.592000e-01 2.269700e-01 -1.552800e-01 0 11 65 1.308200e+01 1.110000e+00 -9.965400e+02 2.195700e+03 0
-2.851200e-01 2.352700e-01 -1.554700e-01 0 12 65 1.267100e+01 1.110000e+00 -1.002100e+03 2.097900e+03 0
-3.077600e-01 2.783500e-01 -1.564700e-01 0 13 65 1.190700e+01 1.110000e+00 -7.229800e+02 1.746300e+03 0
-3.156700e-01 3.030700e-01 -1.570500e-01 0 14 65 1.153200e+01 1.110000e+00 -5.963300e+02 1.603500e+03 0
-1.222300e-01 4.376500e-01 -1.601800e-01 0 15 65 1.157700e+01 1.110000e+00 1.867500e+02 1.176600e+03 0
3.536000e-01 3.486000e-01 -1.581100e-01 0 28 65 1.320000e+01 1.110000e+00 1.133600e+03 1.497900e+03 0
6.799100e-01 6.385000e-01 -1.648500e-01 0 29 65 1.474300e+01 1.110000e+00 1.289400e+03 9.208700e+02 0
6.725500e-01 7.341600e-01 -1.670700e-01 0 30 65 1.561400e+01 1.110000e+00 1.192500e+03 8.389300e+02 0
6.793700e-01 7.974900e-01 -1.685400e-01 0 31 65 1.570900e+01 1.110000e+00 1.153700e+03 7.972500e+02 0
6.766400e-01 8.349600e-01 -1.694100e-01 0 32 65 1.508000e+01 1.110000e+00 1128 7.758200e+02 0
6.722700e-01 8.834200e-01 -1.705400e-01 0 33 65 1.343000e+01 1.110000e+00 1.097600e+03 7.511200e+02 0
7.050100e-01 8.830100e-01 -1.705300e-01 0 35 65 1.086000e+01 1.110000e+00 1.124900e+03 7.518800e+02 0
-8.116900e-01 8.982100e-01 -1.708800e-01 0 36 65 1.159400e+01 1.110000e+00 -3.951000e+01 7.210600e+02 0
-8.447100e-01 8.922500e-01 -1.707500e-01 0 37 65 1.204100e+01 1.110000e+00 -6.847400e+01 723 0
-8.681700e-01 8.888900e-01 -1.706700e-01 0 38 65 1.167400e+01 1.110000e+00 -8.844700e+01 7.240300e+02 0
-8.916400e-01 9.096700e-01 -1.711500e-01 0 39 65 1.032800e+01 1.110000e+00 -8.618000e+01 7.153300e+02 0
0 0 -1.500000e-01 3.204100e-02 1 66 1.544500e+01 1.110000e+00 2167 -3.612800e+03 0
-7.093800e-02 1.122300e-01 -1.526100e-01 3.204100e-02 5 66 1.418400e+01 1.110000e+00 -3.084100e+03 7.607300e+03 0
-1.585200e-01 1.857700e-01 -1.543200e-01 3.204100e-02 8 66 1.336000e+01 1.110000e+00 -1.093700e+03 2.888300e+03 0
-2.008100e-01 1.927400e-01 -1.544800e-01 3.204100e-02 9 66 1.263900e+01 1.110000e+00 -1.188300e+03 2.720400e+03 0
-2.480100e-01 1.875700e-01 -1.543600e-01 3.204100e-02 10 66 1.261500e+01 1.110000e+00 -1.489300e+03 2789 0
-2.592000e-01 2.285100e-01 -1.553100e-01 3.204100e-02 11 66 1.207800e+01 1.110000e+00 -9.806000e+02 2.178500e+03 0
-2.851200e-01 2.403800e-01 -1.555900e-01 3.204100e-02 12 66 1.165300e+01 1.110000e+00 -9.528900e+02 2.047900e+03 0
-3.077600e-01 2.798400e-01 -1.565100e-01 3.204100e-02 13 66 1.090300e+01 1.110000e+00 -7.132600e+02 1.736900e+03 0
-1.260500e-01 4.531800e-01 -1.605400e-01 3.204100e-02 15 66 1.067400e+01 1.110000e+00 2.011200e+02 1.143900e+03 0
3.609700e-01 3.432300e-01 -1.579800e-01 3.204100e-02 28 66 1.216600e+01 1.110000e+00 1.161400e+03 1.522400e+03 0
6.799100e-01 6.346200e-01 -1.647600e-01 3.204100e-02 29 66 1.368600e+01 1.110000e+00 1.293700e+03 9.248000e+02 0
6.725500e-01 7.331400e-01 -1.670500e-01 3.204100e-02 30 66 1.457700e+01 1.110000e+00 1.193300e+03 8.396700e+02 0
6.711800e-01 8.044300e-01 -1.687000e-01 3.204100e-02 31 66 1.470100e+01 1.110000e+00 1.141700e+03 7.929500e+02 0
6.766400e-01 8.339400e-01 -1.693900e-01 3.204100e-02 32 66 1.412100e+01 1.110000e+00 1.128600e+03 7.763700e+02 0
6.722700e-01 8.813800e-01 -1.704900e-01 3.204100e-02 33 66 1.255600e+01 1.110000e+00 1.098700e+03 7.521000e+02 0
-8.447100e-01 8.723600e-01 -1.702800e-01 3.204100e-02 37 66 1.079900e+01 1.110000e+00 -8.681200e+01 7.313500e+02 0
-8.580800e-01 8.682300e-01 -1.701900e-01 3.204100e-02 38 66 1.045100e+01 1.110000e+00 -1.006100e+02 7.329200e+02 0
0 0 -1.500000e-01 6.408200e-02 1 67 9.944100e+00 1.110000e+00 2167 -3.612800e+03 0
6.493600e-01 6.624700e-01 -1.654000e-01 6.408200e-02 29 67 9.359300e+00 1.110000e+00 1.228900e+03 8.968000e+02 0
6.725500e-01 7.254700e-01 -1.668700e-01 6.408200e-02 30 67 1.010800e+01 1.110000e+00 1.199400e+03 8.453200e+02 0
6.875500e-01 7.782900e-01 -1.681000e-01 6.408200e-02 31 67 1.021100e+01 1.110000e+00 1.174500e+03 8.093000e+02 0
7.020100e-01 8.231900e-01 -1.691400e-01 6.408200e-02 32 67 9.852100e+00 1.110000e+00 1.157700e+03 7.828100e+02 0
2.540100e-01 4.636700e+00 -2.578100e-01 -6.728600e-01 134 44 1.025700e+01 1.110000e+00 7.051000e+02 4.407100e+02 0
3.628700e-01 4.628400e+00 -2.576100e-01 -6.408200e-01 134 45 1.031800e+01 1.110000e+00 7.203500e+02 4.409000e+02 0
5.249400e-01 1.012800e+00 -1.735500e-01 -6.087800e-01 38 46 9.436700e+00 1.110000e+00 9.372200e+02 6.963000e+02 0
-3.482800e+00 1.149900e+01 -4.173600e-01 -6.087800e-01 346 46 1.041600e+01 1.110000e+00 4.925500e+02 4.012000e+02 1
-3.608000e+00 1.160300e+01 -4.197700e-01 -6.087800e-01 349 46 1.074200e+01 1.110000e+00 4.875900e+02 4.009500e+02 1
-3.427900e+00 1.165700e+01 -4.210300e-01 -6.087800e-01 350 46 1.182600e+01 1.110000e+00 4.982100e+02 4.008700e+02 1
-3.342300e+00 1.170000e+01 -4.220300e-01 -6.087800e-01 351 46 1.190500e+01 1.110000e+00 5.035100e+02 4.007900e+02 1
-3.256100e+00 1.175800e+01 -4.233700e-01 -6.087800e-01 352 46 1.090100e+01 1.110000e+00 5.090400e+02 4.006800e+02 1
4.946600e-01 1.081500e+00 -1.751500e-01 -5.767400e-01 38 47 9.747000e+00 1.110000e+00 9.006700e+02 6.737200e+02 0
5.080200e-01 1.107900e+00 -1.757600e-01 -5.767400e-01 39 47 1.016300e+01 1.110000e+00 9.037300e+02 6.661300e+02 0
5.320300e-01 1.154100e+00 -1.768300e-01 -5.767400e-01 40 47 9.640300e+00 1.110000e+00 9.091000e+02 6.537500e+02 0
-3.285000e+00 1.137300e+01 2.045300e+00 -5.767400e-01 345 47 1.035700e+01 1.110000e+00 5.010300e+02 2.709000e+02 0
-3.482800e+00 1.146900e+01 -4.166600e-01 -5.767400e-01 346 47 1.066000e+01 1.110000e+00 4.920300e+02 4.012600e+02 1
-3.608000e+00 1.158000e+01 -4.192500e-01 -5.767400e-01 349 47 1.095700e+01 1.110000e+00 4.871900e+02 401 1
-3.427900e+00 1.164400e+01 -4.207400e-01 -5.767400e-01 350 47 1.203400e+01 1.110000e+00 498 4.008900e+02 1
-3.437800e+00 1.167300e+01 -4.214000e-01 -5.767400e-01 351 47 1.208500e+01 1.110000e+00 4.979500e+02 4.008300e+02 1
-3.447600e+00 1.172700e+01 -4.226700e-01 -5.767400e-01 352 47 1.104800e+01 1.110000e+00 4.983300e+02 4.007100e+02 1
-5.775400e+00 1.240100e+01 -4.383200e-01 -5.767400e-01 393 47 1.061500e+01 1.110000e+00 3.919900e+02 3.990500e+02 1
-6.004600e+00 1.234100e+01 -4.369500e-01 -5.767400e-01 394 47 1.021800e+01 1.110000e+00 3.790700e+02 3.991300e+02 1
4.769200e-01 1.178200e+00 -1.773900e-01 -5.447000e-01 39 48 1.021500e+01 1.110000e+00 8.718200e+02 6.470900e+02 0
4.788300e-01 1.215800e+00 -1.782700e-01 -5.447000e-01 40 48 1.017300e+01 1.110000e+00 8.669500e+02 6.380600e+02 0
0 0 -1.500000e-01 -6.408200e-02 1 63 1.017000e+01 1.110000e+00 2167 -3.612800e+03 0
1.446000e-02 1.137300e-02 -1.502600e-01 -6.408200e-02 2 63 9.566400e+00 1.110000e+00 2276 -4.302800e+03 0
6.548100e-01 5.904200e-01 -1.637300e-01 -6.408200e-02 31 63 1.004600e+01 1.110000e+00 1.314100e+03 9.728600e+02 0
6.766400e-01 7.470400e-01 -1.673700e-01 -6.408200e-02 32 63 1.074000e+01 1.110000e+00 1.186700e+03 8.298600e+02 0
7.072000e-01 7.839100e-01 -1.682300e-01 -6.408200e-02 33 63 1.070800e+01 1.110000e+00 1.189200e+03 8.062000e+02 0
7.563100e-01 8.002000e-01 -1.686100e-01 -6.408200e-02 34 63 9.875700e+00 1.110000e+00 1.223300e+03 7.972800e+02 0
0 0 -1.500000e-01 -3.204100e-02 1 64 1.546400e+01 1.110000e+00 2167 -3.612800e+03 0
-7.093800e-02 1.113600e-01 -1.525900e-01 -3.204100e-02 5 64 1.416300e+01 1.110000e+00 -3.165700e+03 7.763600e+03 0
-1.585200e-01 1.860900e-01 -1.543300e-01 -3.204100e-02 8 64 1.332100e+01 1.110000e+00 -1089 2.881700e+03 0
-2.008100e-01 1.918200e-01 -1.544600e-01 -3.204100e-02 9 64 1.265400e+01 1.110000e+00 -1.202100e+03 2.737600e+03 0
-2.480100e-01 1.875600e-01 -1.543600e-01 -3.204100e-02 10 64 1.259700e+01 1.110000e+00 -1.489500e+03 2.789300e+03 0
-2.619200e-01 2.222900e-01 -1.551700e-01 -3.204100e-02 11 64 1.209200e+01 1.110000e+00 -1.056800e+03 2.248700e+03 0
-2.851200e-01 2.306900e-01 -1.553600e-01 -3.204100e-02 12 64 1.162200e+01 1.110000e+00 -1.048800e+03 2.145300e+03 0
-3.077600e-01 2.770700e-01 -1.564400e-01 -3.204100e-02 13 64 1.085100e+01 1.110000e+00 -7.315200e+02 1.754600e+03 0
-3.156700e-01 2.997700e-01 -1.569700e-01 -3.204100e-02 14 64 1.068000e+01 1.110000e+00 -6.143100e+02 1.620600e+03 0
-1.145900e-01 4.496000e-01 -1.604500e-01 -3.204100e-02 15 64 1.061800e+01 1.110000e+00 2.151500e+02 1.151900e+03 0
3.536000e-01 3.630400e-01 -1.584400e-01 -3.204100e-02 28 64 1.226900e+01 1.110000e+00 1.110700e+03 1.439500e+03 0
6.799100e-01 6.402400e-01 -1.648900e-01 -3.204100e-02 29 64 1.377200e+01 1.110000e+00 1.287500e+03 9.191300e+02 0
6.804600e-01 7.252500e-01 -1.668600e-01 -3.204100e-02 30 64 1.458400e+01 1.110000e+00 1.207800e+03 8.457000e+02 0
6.793700e-01 7.971600e-01 -1.685300e-01 -3.204100e-02 31 64 1.460800e+01 1.110000e+00 1154 7.974500e+02 0
6.851000e-01 8.318700e-01 -1.693400e-01 -3.204100e-02 32 64 1.382200e+01 1.110000e+00 1.137300e+03 7.776700e+02 0
6.635400e-01 8.990900e-01 -1.709000e-01 -3.204100e-02 33 64 1.174100e+01 1.110000e+00 1.082700e+03 7.436600e+02 0
7.743100e-01 7.186600e-01 -1.667100e-01 -3.204100e-02 34 64 1.051600e+01 1.110000e+00 1.312100e+03 8.532200e+02 0
7.142900e-01 8.123700e-01 -1.688900e-01 -3.204100e-02 35 64 1.014600e+01 1.110000e+00 1.175900e+03 7.892200e+02 0
-8.116900e-01 9.053600e-01 -1.710500e-01 -3.204100e-02 36 64 1.075400e+01 1.110000e+00 -3.340400e+01 7.181800e+02 0
-8.447100e-01 9.095100e-01 -1.711500e-01 -3.204100e-02 37 64 1.119200e+01 1.110000e+00 -5.325100e+01 7.160700e+02 0
-8.681700e-01 9.170000e-01 -1.713200e-01 -3.204100e-02 38 64 1.080000e+01 1.110000e+00 -6.324400e+01 7.128100e+02 0
