0 0 -1.500000e-01 0 1 65 1.646600e+01 2.110000e+00 2167 -3.612800e+03 0
-7.093800e-02 1.122000e-01 -1.549600e-01 0 5 65 1.519300e+01 2.110000e+00 -3.095300e+03 7.665100e+03 0
-1.585200e-01 1.860500e-01 -1.582300e-01 0 8 65 1.437500e+01 2.110000e+00 -1.091700e+03 2.906200e+03 0
-2.008100e-01 1.909900e-01 -1.584400e-01 0 9 65 1.368600e+01 2.110000e+00 -1.217100e+03 2.776500e+03 0
-2.480100e-01 1.865500e-01 -1.582500e-01 0 10 65 1.365000e+01 2.110000e+00 -1.510400e+03 2.832400e+03 0
-2.592000e-01 2.260700e-01 -1.600000e-01 0 11 65 1.313300e+01 2.110000e+00 -1.007800e+03 2.226100e+03 0
-2.851200e-01 2.346200e-01 -1.603700e-01 0 12 65 1.269100e+01 2.110000e+00 -1.010500e+03 2.124300e+03 0
-3.044900e-01 2.821800e-01 -1.624800e-01 0 13 65 1.195600e+01 2.110000e+00 -6.907200e+02 1.741100e+03 0
-3.121300e-01 3.028500e-01 -1.633900e-01 0 14 65 1.151100e+01 2.110000e+00 -5.899400e+02 1.622800e+03 0
-1.222300e-01 3.708700e-01 -1.664000e-01 0 15 65 1.136900e+01 2.110000e+00 7.390700e+01 1.370900e+03 0
-3.642400e-01 3.651400e-01 -1.661400e-01 0 16 65 1.122700e+01 2.110000e+00 -4.281700e+02 1.362200e+03 0
3.536000e-01 3.701400e-01 -1.663600e-01 0 28 65 1.312300e+01 2.110000e+00 1101 1.430800e+03 0
6.722700e-01 6.448800e-01 -1.785100e-01 0 29 65 1.466400e+01 2.110000e+00 1.274200e+03 9.298900e+02 0
6.725500e-01 7.379900e-01 -1.826300e-01 0 30 65 1.561300e+01 2.110000e+00 1.190200e+03 8.513600e+02 0
6.711800e-01 8.044000e-01 -1.855600e-01 0 31 65 1.577700e+01 2.110000e+00 1.142400e+03 8.079400e+02 0
6.766400e-01 8.316700e-01 -1.867700e-01 0 32 65 1.524900e+01 2.110000e+00 1.130600e+03 7.925000e+02 0
6.722700e-01 8.762100e-01 -1.887400e-01 0 33 65 1.379100e+01 2.110000e+00 1102 7.693600e+02 0
7.792300e-01 7.028700e-01 -1.810800e-01 0 35 65 1.087300e+01 2.110000e+00 1.334600e+03 8.813000e+02 0
-8.212400e-01 8.830300e-01 -1.890400e-01 0 36 65 1.184500e+01 2.110000e+00 -6.028500e+01 7.410200e+02 0
-8.447100e-01 8.717400e-01 -1.885400e-01 0 37 65 1.220400e+01 2.110000e+00 -8.792500e+01 7.454600e+02 0
-8.681700e-01 8.678500e-01 -1.883700e-01 0 38 65 1.172600e+01 2.110000e+00 -1.089900e+02 7.467700e+02 0
-9.123700e-01 8.823000e-01 -1.890100e-01 0 39 65 1.028400e+01 2.110000e+00 -1.272300e+02 7.398900e+02 0
0 0 -1.500000e-01 3.204100e-02 1 66 1.548700e+01 2.110000e+00 2167 -3.612800e+03 0
-7.093800e-02 1.122400e-01 -1.549600e-01 3.204100e-02 5 66 1.418500e+01 2.110000e+00 -3.091400e+03 7.657700e+03 0
-1.585200e-01 1.858300e-01 -1.582200e-01 3.204100e-02 8 66 1.334400e+01 2.110000e+00 -1.095100e+03 2911 0
-2.008100e-01 1.923100e-01 -1.585000e-01 3.204100e-02 9 66 1.264300e+01 2.110000e+00 -1.196900e+03 2.751200e+03 0
-2.480100e-01 1.874500e-01 -1.582900e-01 3.204100e-02 10 66 1.257700e+01 2.110000e+00 -1.494100e+03 2.814400e+03 0
-2.592000e-01 2.266000e-01 -1.600200e-01 3.204100e-02 11 66 1.210100e+01 2.110000e+00 -1.002300e+03 2.220100e+03 0
-2.851200e-01 2.342900e-01 -1.603600e-01 3.204100e-02 12 66 1.163600e+01 2.110000e+00 -1.013800e+03 2.127700e+03 0
-3.012100e-01 2.853300e-01 -1.626100e-01 3.204100e-02 13 66 1.092600e+01 2.110000e+00 -6.623200e+02 1.722600e+03 0
-3.050300e-01 2.975500e-01 -1.631600e-01 3.204100e-02 14 66 1.047800e+01 2.110000e+00 -6.011000e+02 1.652100e+03 0
3.462300e-01 4.374500e-01 -1.693400e-01 3.204100e-02 28 66 1.215700e+01 2.110000e+00 1.009500e+03 1.230800e+03 0
6.722700e-01 6.431400e-01 -1.784300e-01 3.204100e-02 29 66 1.367900e+01 2.110000e+00 1276 9.316200e+02 0
6.725500e-01 7.387000e-01 -1.826600e-01 3.204100e-02 30 66 1.464500e+01 2.110000e+00 1.189700e+03 8.508500e+02 0
6.711800e-01 8.043400e-01 -1.855600e-01 3.204100e-02 31 66 1.485000e+01 2.110000e+00 1.142400e+03 8.079800e+02 0
6.766400e-01 8.306100e-01 -1.867200e-01 3.204100e-02 32 66 1.441600e+01 2.110000e+00 1.131200e+03 7.930800e+02 0
6.722700e-01 8.695000e-01 -1.884400e-01 3.204100e-02 33 66 1.320000e+01 2.110000e+00 1.105500e+03 7.726600e+02 0
6.302600e-01 9.484600e-01 -1.919300e-01 3.204100e-02 34 66 1.102200e+01 2.110000e+00 1.035500e+03 7.364400e+02 0
-8.021400e-01 9.034400e-01 -1.899400e-01 3.204100e-02 36 66 1.064200e+01 2.110000e+00 -2.870800e+01 7.329200e+02 0
-8.447100e-01 8.791500e-01 -1.888700e-01 3.204100e-02 37 66 1.124700e+01 2.110000e+00 -8.097300e+01 7.422900e+02 0
-8.782700e-01 8.684400e-01 -1.884000e-01 3.204100e-02 38 66 1.096800e+01 2.110000e+00 -1.158800e+02 7.463400e+02 0
-1.833500e-01 8.620500e-02 -1.538100e-01 6.408200e-02 7 67 9.643400e+00 2.110000e+00 -11550 16442 0
-3.110400e-01 1.321900e-01 -1.558400e-01 6.408200e-02 11 67 9.376000e+00 2.110000e+00 -3.770600e+03 4.690300e+03 0
5.617700e-01 8.401200e-01 -1.871400e-01 6.408200e-02 30 67 9.934000e+00 2.110000e+00 1.025700e+03 7.856500e+02 0
6.302600e-01 8.177600e-01 -1.861500e-01 6.408200e-02 31 67 1.095600e+01 2.110000e+00 1.097300e+03 7.993200e+02 0
6.597200e-01 8.197500e-01 -1.862400e-01 6.408200e-02 32 67 1.142400e+01 2.110000e+00 1.122600e+03 7.988000e+02 0
6.722700e-01 8.510200e-01 -1.876300e-01 6.408200e-02 33 67 1.136900e+01 2.110000e+00 1.115600e+03 7.820600e+02 0
6.932800e-01 8.589900e-01 -1.879800e-01 6.408200e-02 34 67 1.060800e+01 2.110000e+00 1.129100e+03 7.783500e+02 0
6.630000e-01 8.110500e-01 -1.858600e-01 9.612300e-02 31 68 1.003000e+01 2.110000e+00 1.130800e+03 8.038600e+02 0
6.681800e-01 8.198400e-01 -1.862500e-01 9.612300e-02 32 68 1.036000e+01 2.110000e+00 1.130100e+03 7.989300e+02 0
6.984700e-01 8.088800e-01 -1.857600e-01 9.612300e-02 33 68 1.030600e+01 2.110000e+00 1.164500e+03 8.058900e+02 0
3.601500e-01 7.667700e+00 -4.890000e-01 -6.728600e-01 221 44 1.015700e+01 2.110000e+00 7.095900e+02 4.278500e+02 1
3.617800e-01 7.706900e+00 -4.907300e-01 -6.728600e-01 222 44 1.107100e+01 2.110000e+00 7.096500e+02 4.276500e+02 1
3.028500e-01 7.746600e+00 -4.924900e-01 -6.728600e-01 223 44 1.100800e+01 2.110000e+00 7.046800e+02 4.274300e+02 1
-1.754900e+00 9.190600e+00 -5.563300e-01 -6.728600e-01 269 44 1.095800e+01 2.110000e+00 5.603500e+02 4.207400e+02 1
-1.688100e+00 9.239800e+00 -5.585100e-01 -6.728600e-01 270 44 1.151800e+01 2.110000e+00 5.656400e+02 4.205900e+02 1
-1.694300e+00 9.275000e+00 -5.600700e-01 -6.728600e-01 271 44 1.124900e+01 2.110000e+00 5.657000e+02 4.204600e+02 1
-1.700600e+00 9.310100e+00 -5.616100e-01 -6.728600e-01 272 44 1.038600e+01 2.110000e+00 5.657500e+02 4.203400e+02 1
4.201700e-01 7.665600e+00 -4.889100e-01 -6.408200e-01 221 45 1.178000e+01 2.110000e+00 7.146400e+02 4.278800e+02 1
4.220800e-01 7.701500e+00 -4.905000e-01 -6.408200e-01 222 45 1.282700e+01 2.110000e+00 7.147000e+02 4.277000e+02 1
3.634200e-01 7.740900e+00 -4.922400e-01 -6.408200e-01 223 45 1.279300e+01 2.110000e+00 7.097200e+02 4.274800e+02 1
3.042100e-01 7.774800e+00 -4.937400e-01 -6.408200e-01 224 45 1.167500e+01 2.110000e+00 7.047500e+02 4.272900e+02 1
6.111600e-02 7.637300e+00 -4.876600e-01 -6.408200e-01 225 45 1.023700e+01 2.110000e+00 6.845000e+02 4.279000e+02 1
1.841700e-01 7.820400e+00 -4.957500e-01 -6.408200e-01 226 45 1.083000e+01 2.110000e+00 6.948200e+02 4.270200e+02 1
2.466500e-01 7.871200e+00 -4.980000e-01 -6.408200e-01 227 45 1.069100e+01 2.110000e+00 6.999100e+02 4.267900e+02 1
-1.681800e+00 9.198200e+00 -5.566700e-01 -6.408200e-01 269 45 1.125800e+01 2.110000e+00 5.654900e+02 4.207300e+02 1
-1.614700e+00 9.251100e+00 -5.590100e-01 -6.408200e-01 270 45 1.190400e+01 2.110000e+00 5.708100e+02 4.205700e+02 1
-1.620700e+00 9.288700e+00 -5.606700e-01 -6.408200e-01 271 45 1.183000e+01 2.110000e+00 5.709000e+02 4.204400e+02 1
-1.626700e+00 9.323200e+00 -5.622000e-01 -6.408200e-01 272 45 1.156300e+01 2.110000e+00 5.709500e+02 4.203200e+02 1
-1.558500e+00 9.370100e+00 -5.642700e-01 -6.408200e-01 273 45 1.121800e+01 2.110000e+00 5.761700e+02 4.201800e+02 1
-1.564200e+00 9.401400e+00 -5.656500e-01 -6.408200e-01 274 45 1.025300e+01 2.110000e+00 5.761800e+02 4.200700e+02 1
6.613600e-01 1.409000e+01 -7.729600e-01 -6.408200e-01 405 45 1.035300e+01 2.110000e+00 7.160200e+02 4.099700e+02 0
7.735000e-01 1.412200e+01 -7.743700e-01 -6.408200e-01 406 45 1.098500e+01 2.110000e+00 7.210600e+02 4.099400e+02 0
8.861800e-01 1.414600e+01 -7.754400e-01 -6.408200e-01 407 45 1.040300e+01 2.110000e+00 7.261200e+02 4.099200e+02 0
5.565900e-01 1.423700e+01 -7.794600e-01 -6.408200e-01 409 45 1.040400e+01 2.110000e+00 7.110800e+02 4.097300e+02 0
4.802000e-01 7.655000e+00 -4.884400e-01 -6.087800e-01 221 46 1.145500e+01 2.110000e+00 7.197200e+02 4.279600e+02 1
4.220800e-01 7.703100e+00 -4.905700e-01 -6.087800e-01 222 46 1.255700e+01 2.110000e+00 7.146900e+02 4.276900e+02 1
4.239900e-01 7.740300e+00 -4.922100e-01 -6.087800e-01 223 46 1.255600e+01 2.110000e+00 7.147500e+02 4.275000e+02 1
3.650600e-01 7.776800e+00 -4.938300e-01 -6.087800e-01 224 46 1.152500e+01 2.110000e+00 7.097800e+02 4.273000e+02 1
1.833500e-01 7.753900e+00 -4.928100e-01 -6.087800e-01 225 46 1.033300e+01 2.110000e+00 6.947600e+02 4.273500e+02 1
2.455500e-01 7.832300e+00 -4.962800e-01 -6.087800e-01 226 46 1.060600e+01 2.110000e+00 6.998500e+02 4.269800e+02 1
2.466500e-01 7.888800e+00 -4.987800e-01 -6.087800e-01 227 46 1.043100e+01 2.110000e+00 6.999000e+02 4.267000e+02 1
-1.694300e+00 9.249100e+00 -5.589200e-01 -6.087800e-01 271 46 1.042200e+01 2.110000e+00 5.653400e+02 4.205500e+02 1
-1.626700e+00 9.302400e+00 -5.612800e-01 -6.087800e-01 272 46 1.090400e+01 2.110000e+00 5.706800e+02 4.203900e+02 1
-1.558500e+00 9.361900e+00 -5.639000e-01 -6.087800e-01 273 46 1.100300e+01 2.110000e+00 5.760700e+02 4.202100e+02 1
-1.564200e+00 9.402000e+00 -5.656800e-01 -6.087800e-01 274 46 1.035100e+01 2.110000e+00 5.761900e+02 4.200700e+02 1
6.613600e-01 1.407000e+01 -7.720800e-01 -6.087800e-01 405 46 1.003500e+01 2.110000e+00 7.160600e+02 410 0
7.735000e-01 1.412000e+01 -7.742500e-01 -6.087800e-01 406 46 1.073500e+01 2.110000e+00 7.210700e+02 4.099400e+02 0
6.646300e-01 1.415800e+01 -7.759500e-01 -6.087800e-01 407 46 1.040600e+01 2.110000e+00 7.160600e+02 4.098700e+02 0
6.804600e-01 6.951100e-01 -1.807300e-01 -9.612300e-02 30 62 1.016600e+01 2.110000e+00 1.234400e+03 8.847400e+02 0
6.875500e-01 7.788600e-01 -1.844300e-01 -9.612300e-02 31 62 1.022100e+01 2.110000e+00 1.174800e+03 8.240100e+02 0
6.799100e-01 5.895100e-01 -1.760600e-01 -6.408200e-02 29 63 9.981300e+00 2.110000e+00 1.349600e+03 9.909900e+02 0
6.804600e-01 7.066100e-01 -1.812400e-01 -6.408200e-02 30 63 1.090200e+01 2.110000e+00 1.224200e+03 8.753900e+02 0
6.793700e-01 7.921600e-01 -1.850200e-01 -6.408200e-02 31 63 1.100100e+01 2.110000e+00 1158 8.155000e+02 0
6.851000e-01 8.382700e-01 -1.870600e-01 -6.408200e-02 32 63 1.032700e+01 2.110000e+00 1.134100e+03 7.890800e+02 0
0 0 -1.500000e-01 -3.204100e-02 1 64 1.545200e+01 2.110000e+00 2167 -3.612800e+03 0
-7.093800e-02 1.121500e-01 -1.549600e-01 -3.204100e-02 5 64 1.416800e+01 2.110000e+00 -3.099900e+03 7674 0
-1.585200e-01 1.860900e-01 -1.582300e-01 -3.204100e-02 8 64 1.334300e+01 2.110000e+00 -1.091100e+03 2.905400e+03 0
-2.008100e-01 1.897300e-01 -1.583900e-01 -3.204100e-02 9 64 1.267300e+01 2.110000e+00 -1.236800e+03 2801 0
-2.480100e-01 1.852300e-01 -1.581900e-01 -3.204100e-02 10 64 1.265300e+01 2.110000e+00 -1.534800e+03 2.859400e+03 0
-2.619200e-01 2.206100e-01 -1.597500e-01 -3.204100e-02 11 64 1.218500e+01 2.110000e+00 -1.077800e+03 2.289600e+03 0
-2.851200e-01 2.343000e-01 -1.603600e-01 -3.204100e-02 12 64 1.171400e+01 2.110000e+00 -1.013600e+03 2.127500e+03 0
-3.077600e-01 2.794900e-01 -1.623600e-01 -3.204100e-02 13 64 1.098800e+01 2.110000e+00 -7.169100e+02 1.757300e+03 0
-3.121300e-01 3.044600e-01 -1.634600e-01 -3.204100e-02 14 64 1.057400e+01 2.110000e+00 -5.813600e+02 1.614600e+03 0
3.609700e-01 3.077400e-01 -1.636100e-01 -3.204100e-02 28 64 1.205700e+01 2.110000e+00 1.237200e+03 1.725300e+03 0
6.722700e-01 6.481500e-01 -1.786600e-01 -3.204100e-02 29 64 1.359100e+01 2.110000e+00 1.270800e+03 9.266800e+02 0
6.725500e-01 7.395300e-01 -1.827000e-01 -3.204100e-02 30 64 1.454900e+01 2.110000e+00 1189 8.502600e+02 0
6.711800e-01 8.042600e-01 -1.855600e-01 -3.204100e-02 31 64 1.471100e+01 2.110000e+00 1.142500e+03 8.080200e+02 0
6.766400e-01 8.306700e-01 -1.867300e-01 -3.204100e-02 32 64 1.418300e+01 2.110000e+00 1.131200e+03 7.930500e+02 0
6.722700e-01 8.786300e-01 -1.888500e-01 -3.204100e-02 33 64 1.271200e+01 2.110000e+00 1.100700e+03 7.681800e+02 0
8.070600e-01 6.242300e-01 -1.776000e-01 -3.204100e-02 35 64 1.004100e+01 2.110000e+00 1.465800e+03 9.562600e+02 0
-8.116900e-01 8.995200e-01 -1.897700e-01 -3.204100e-02 36 64 1.089300e+01 2.110000e+00 -3.886900e+01 7.343500e+02 0
-8.348900e-01 8.900400e-01 -1.893500e-01 -3.204100e-02 37 64 1.122100e+01 2.110000e+00 -6.388800e+01 7.378800e+02 0
-8.479800e-01 8.996700e-01 -1.897800e-01 -3.204100e-02 38 64 1.066900e+01 2.110000e+00 -6.469700e+01 7.337400e+02 0
