0 0 -1.500000e-01 0 1 65 1.641500e+01 4.220000e+00 2167 -3.612800e+03 0
-7.093800e-02 1.119800e-01 -1.594000e-01 0 5 65 1.518700e+01 4.220000e+00 -3.132700e+03 7.806400e+03 0
-1.585200e-01 1.860600e-01 -1.656100e-01 0 8 65 1.436700e+01 4.220000e+00 -1.095800e+03 2.951300e+03 0
-2.008100e-01 1.910500e-01 -1.660300e-01 0 9 65 1.366900e+01 4.220000e+00 -1.220600e+03 2819 0
-2.480100e-01 1.860300e-01 -1.656100e-01 0 10 65 1.364700e+01 4.220000e+00 -1.525200e+03 2887 0
-2.619200e-01 2.212300e-01 -1.685600e-01 0 11 65 1.308700e+01 4.220000e+00 -1.074400e+03 2321 0
-2.881200e-01 2.293200e-01 -1.692400e-01 0 12 65 1.269300e+01 4.220000e+00 -1.079400e+03 2217 0
-3.077600e-01 2.786000e-01 -1.733800e-01 0 13 65 1.201300e+01 4.220000e+00 -7.253700e+02 1.797500e+03 0
-3.121300e-01 3.006100e-01 -1.752200e-01 0 14 65 1.158700e+01 4.220000e+00 -6.044200e+02 1668 0
-1.222300e-01 4.048900e-01 -1.839800e-01 0 15 65 1.154100e+01 4.220000e+00 1.361400e+02 1.302400e+03 0
3.536000e-01 3.477500e-01 -1.791800e-01 0 28 65 1.313500e+01 4.220000e+00 1.137300e+03 1.554700e+03 0
6.799100e-01 6.399700e-01 -2.037000e-01 0 29 65 1.469700e+01 4.220000e+00 1.290300e+03 9.647900e+02 0
6.725500e-01 7.373400e-01 -2.118700e-01 0 30 65 1.561400e+01 4.220000e+00 1.192100e+03 8.807100e+02 0
6.711800e-01 8.044500e-01 -2.175000e-01 0 31 65 1.576700e+01 4.220000e+00 1.143600e+03 8.363400e+02 0
6.766400e-01 8.322400e-01 -2.198300e-01 0 32 65 1.522500e+01 4.220000e+00 1.131500e+03 8.204700e+02 0
6.722700e-01 8.774900e-01 -2.236300e-01 0 33 65 1.372700e+01 4.220000e+00 1.102500e+03 7.967800e+02 0
-7.606700e-01 9.054400e-01 -2.259800e-01 0 35 65 1.078000e+01 4.220000e+00 1.716200e+00 7.590400e+02 0
-8.212400e-01 8.839500e-01 -2.241700e-01 0 36 65 1.179900e+01 4.220000e+00 -6.042100e+01 7.669200e+02 0
-8.447100e-01 8.853700e-01 -2.242900e-01 0 37 65 1.219200e+01 4.220000e+00 -7.622900e+01 7.659300e+02 0
-8.782700e-01 8.579300e-01 -2.219900e-01 0 38 65 1.173700e+01 4.220000e+00 -1.274200e+02 7.772600e+02 0
-9.434700e-01 7.766800e-01 -2.151700e-01 0 39 65 1.031000e+01 4.220000e+00 -2.724200e+02 8.162800e+02 0
0 0 -1.500000e-01 3.204100e-02 1 66 1.546400e+01 4.220000e+00 2167 -3.612800e+03 0
-7.093800e-02 1.127500e-01 -1.594600e-01 3.204100e-02 5 66 1.417000e+01 4.220000e+00 -3.061200e+03 7.668400e+03 0
-1.585200e-01 1.859200e-01 -1.656000e-01 3.204100e-02 8 66 1.339000e+01 4.220000e+00 -1.097900e+03 2.954300e+03 0
-2.008100e-01 1.918300e-01 -1.661000e-01 3.204100e-02 9 66 1.266000e+01 4.220000e+00 -1.208600e+03 2804 0
-2.480100e-01 1.861900e-01 -1.656200e-01 3.204100e-02 10 66 1.265100e+01 4.220000e+00 -1.522200e+03 2.883700e+03 0
-2.619200e-01 2.211400e-01 -1.685600e-01 3.204100e-02 11 66 1.215600e+01 4.220000e+00 -1.075400e+03 2.322100e+03 0
-2.881200e-01 2.293000e-01 -1.692400e-01 3.204100e-02 12 66 1.170800e+01 4.220000e+00 -1.079600e+03 2.217200e+03 0
-3.110400e-01 2.746100e-01 -1.730400e-01 3.204100e-02 13 66 1.105100e+01 4.220000e+00 -7.613400e+02 1.822900e+03 0
-3.156700e-01 2.976000e-01 -1.749700e-01 3.204100e-02 14 66 1.057800e+01 4.220000e+00 -6.300500e+02 1.683500e+03 0
-1.145900e-01 4.732900e-01 -1.897100e-01 3.204100e-02 15 66 1.061700e+01 4.220000e+00 2.425400e+02 1.152100e+03 0
3.536000e-01 4.046800e-01 -1.839600e-01 3.204100e-02 28 66 1.213000e+01 4.220000e+00 1.058100e+03 1.350800e+03 0
6.722700e-01 6.402400e-01 -2.037200e-01 3.204100e-02 29 66 1.368600e+01 4.220000e+00 1.280700e+03 9.642200e+02 0
6.725500e-01 7.346700e-01 -2.116500e-01 3.204100e-02 30 66 1.462200e+01 4.220000e+00 1.194200e+03 8.826700e+02 0
6.711800e-01 8.044700e-01 -2.175000e-01 3.204100e-02 31 66 1.478800e+01 4.220000e+00 1.143600e+03 8.363300e+02 0
6.766400e-01 8.339400e-01 -2.199800e-01 3.204100e-02 32 66 1.427100e+01 4.220000e+00 1.130500e+03 8.195300e+02 0
6.722700e-01 8.776000e-01 -2.236400e-01 3.204100e-02 33 66 1.286300e+01 4.220000e+00 1.102500e+03 7.967200e+02 0
6.392600e-01 9.490200e-01 -2.296300e-01 3.204100e-02 34 66 1.038000e+01 4.220000e+00 1.043100e+03 7.640300e+02 0
-8.307900e-01 8.804500e-01 -2.238800e-01 3.204100e-02 36 66 1.082200e+01 4.220000e+00 -7.058000e+01 7.682500e+02 0
-8.545300e-01 8.839900e-01 -2.241800e-01 3.204100e-02 37 66 1.125800e+01 4.220000e+00 -8.464900e+01 7.663500e+02 0
-8.883600e-01 8.544500e-01 -2.217000e-01 3.204100e-02 38 66 1.081900e+01 4.220000e+00 -1.385400e+02 7.786400e+02 0
0 0 -1.500000e-01 6.408200e-02 1 67 1.051300e+01 4.220000e+00 2167 -3.612800e+03 0
-3.328600e-02 9.779300e-03 -1.508200e-01 6.408200e-02 2 67 1.006400e+01 4.220000e+00 2.756600e+03 -4.306200e+03 0
7.279300e-01 6.959300e-01 -2.084000e-01 6.408200e-02 30 67 9.324800e+00 4.220000e+00 1.287200e+03 9.147800e+02 0
7.235700e-01 7.040300e+00 -7.407700e-01 -9.291900e-01 205 36 1.053700e+01 4.220000e+00 7.447800e+02 4.562500e+02 1
7.830500e-01 7.072800e+00 -7.434900e-01 -9.291900e-01 206 36 1.048600e+01 4.220000e+00 7.499900e+02 4.560800e+02 1
-1.095700e+00 8.695700e+00 -8.796700e-01 -9.291900e-01 252 36 1.091400e+01 4.220000e+00 6.009700e+02 4.472300e+02 1
-1.031300e+00 8.733800e+00 -8.828700e-01 -9.291900e-01 253 36 1.077500e+01 4.220000e+00 6.060700e+02 4.471100e+02 1
1.376200e+00 1.345500e+01 -1.279100e+00 -9.291900e-01 389 36 1.047700e+01 4.220000e+00 7.516500e+02 4.356600e+02 1
1.698100e+00 1.347500e+01 -1.280700e+00 -9.291900e-01 390 36 1.074700e+01 4.220000e+00 7.669700e+02 4.357000e+02 0
1.702500e+00 1.351200e+01 -1.283800e+00 -9.291900e-01 391 36 1.017800e+01 4.220000e+00 7.669800e+02 4.356400e+02 0
2.220900e-01 1.418200e+01 -1.340000e+00 -9.291900e-01 408 36 9.701600e+00 4.220000e+00 6.964300e+02 4.342600e+02 1
3.339500e-01 1.423000e+01 -1.344000e+00 -9.291900e-01 409 36 1.004300e+01 4.220000e+00 7.014500e+02 4.342100e+02 1
7.200200e-01 7.027300e+00 -7.396800e-01 -8.971500e-01 204 37 1.199100e+01 4.220000e+00 7.445400e+02 4.563300e+02 1
7.235700e-01 7.063200e+00 -7.426900e-01 -8.971500e-01 205 37 1.299200e+01 4.220000e+00 7.446100e+02 4.561100e+02 1
7.271100e-01 7.094500e+00 -7.453100e-01 -8.971500e-01 206 37 1.301000e+01 4.220000e+00 7.447100e+02 4.559200e+02 1
7.868700e-01 7.106500e+00 -7.463200e-01 -8.971500e-01 207 37 1.215800e+01 4.220000e+00 7.500600e+02 4.558800e+02 1
9.036400e-01 7.016500e+00 -7.387700e-01 -8.971500e-01 208 37 1.053800e+01 4.220000e+00 7.615800e+02 4.565000e+02 1
4.540000e-01 7.246200e+00 -7.580400e-01 -8.971500e-01 209 37 1.036900e+01 4.220000e+00 7.192800e+02 4.548700e+02 1
4.561900e-01 7.266700e+00 -7.597600e-01 -8.971500e-01 210 37 1.068400e+01 4.220000e+00 7.194000e+02 4.547600e+02 1
3.437800e-01 7.264100e+00 -7.595500e-01 -8.971500e-01 211 37 1.042800e+01 4.220000e+00 7.094300e+02 4.547100e+02 1
-1.227800e+00 8.623600e+00 -8.736200e-01 -8.971500e-01 251 37 1.090000e+01 4.220000e+00 5.904500e+02 4.474700e+02 1
-1.164200e+00 8.686400e+00 -8.788900e-01 -8.971500e-01 252 37 1.178000e+01 4.220000e+00 5.958600e+02 4.472400e+02 1
-1.100100e+00 8.730400e+00 -8.825800e-01 -8.971500e-01 253 37 1.184400e+01 4.220000e+00 6.010300e+02 4.470900e+02 1
-1.035400e+00 8.770500e+00 -8.859600e-01 -8.971500e-01 254 37 1.157000e+01 4.220000e+00 6.061500e+02 4.469600e+02 1
-1.039500e+00 8.809300e+00 -8.892000e-01 -8.971500e-01 255 37 1.145500e+01 4.220000e+00 6.062400e+02 4.468100e+02 1
-1.182800e+00 8.821800e+00 -8.902600e-01 -8.971500e-01 256 37 1.103500e+01 4.220000e+00 5.960400e+02 4.467100e+02 1
1.161500e+00 1.346200e+01 -1.279600e+00 -8.971500e-01 388 37 1.030800e+01 4.220000e+00 7.413500e+02 4.356000e+02 1
1.482100e+00 1.346400e+01 -1.279800e+00 -8.971500e-01 389 37 1.124500e+01 4.220000e+00 7.566800e+02 4.356700e+02 1
1.485900e+00 1.350300e+01 -1.283100e+00 -8.971500e-01 390 37 1.144800e+01 4.220000e+00 7.566800e+02 4.356100e+02 1
1.383300e+00 1.354900e+01 -1.286900e+00 -8.971500e-01 391 37 1.112500e+01 4.220000e+00 7.515900e+02 4.355100e+02 1
-1.110500e-01 1.413800e+01 -1.336400e+00 -8.971500e-01 408 37 1.033800e+01 4.220000e+00 6.813600e+02 4.342500e+02 1
0 1.424700e+01 -1.345500e+00 -8.971500e-01 409 37 1.072900e+01 4.220000e+00 6.864400e+02 4.341100e+02 1
2.231800e-01 1.422800e+01 -1.343900e+00 -8.971500e-01 410 37 1.024900e+01 4.220000e+00 6.964700e+02 4.341900e+02 1
7.200200e-01 7.025900e+00 -7.395600e-01 -8.651100e-01 204 38 1.209000e+01 4.220000e+00 7.445500e+02 4.563400e+02 1
7.235700e-01 7.061700e+00 -7.425600e-01 -8.651100e-01 205 38 1.309300e+01 4.220000e+00 7.446200e+02 4.561200e+02 1
7.271100e-01 7.091100e+00 -7.450300e-01 -8.651100e-01 206 38 1.310700e+01 4.220000e+00 7.447300e+02 4.559400e+02 1
7.306600e-01 7.108700e+00 -7.465100e-01 -8.651100e-01 207 38 1.227700e+01 4.220000e+00 7.449300e+02 4.558400e+02 1
6.212500e-01 7.131800e+00 -7.484500e-01 -8.651100e-01 208 38 1.093200e+01 4.220000e+00 7.348400e+02 4.556400e+02 1
2.270000e-01 7.257700e+00 -7.590100e-01 -8.651100e-01 209 38 1.053300e+01 4.220000e+00 6.990700e+02 4.546900e+02 1
1.710700e-01 7.292200e+00 -7.619000e-01 -8.651100e-01 210 38 1.044000e+01 4.220000e+00 6.941100e+02 4.544700e+02 1
-1.232700e+00 8.677400e+00 -8.781400e-01 -8.651100e-01 252 38 1.067400e+01 4.220000e+00 5.907400e+02 4.472500e+02 1
-1.100100e+00 8.730200e+00 -8.825700e-01 -8.651100e-01 253 38 1.080300e+01 4.220000e+00 6.010300e+02 4.470900e+02 1
-1.035400e+00 8.773200e+00 -8.861800e-01 -8.651100e-01 254 38 1.083200e+01 4.220000e+00 6.061700e+02 4.469500e+02 1
-1.039500e+00 8.809100e+00 -8.891900e-01 -8.651100e-01 255 38 1.099300e+01 4.220000e+00 6.062400e+02 4.468100e+02 1
-1.182800e+00 8.815200e+00 -8.897000e-01 -8.651100e-01 256 38 1.064600e+01 4.220000e+00 5.959600e+02 4.467300e+02 1
8.861800e-01 6.861300e+00 -7.257500e-01 -8.330700e-01 204 39 1.015600e+01 4.220000e+00 7.614800e+02 4.574900e+02 1
7.235700e-01 6.997600e+00 -7.371900e-01 -8.330700e-01 205 39 1.094900e+01 4.220000e+00 7.450900e+02 4.565200e+02 1
7.271100e-01 7.050700e+00 -7.416400e-01 -8.330700e-01 206 39 1.092300e+01 4.220000e+00 7.450300e+02 4.561900e+02 1
6.182500e-01 7.081700e+00 -7.442400e-01 -8.330700e-01 207 39 1.030200e+01 4.220000e+00 7.348500e+02 4.559400e+02 1
-7.065400e+00 8.113800e+00 1.723400e+00 -6.728600e-01 313 44 1.064400e+01 4.220000e+00 1.419500e+02 2.599200e+02 0
-7.088100e+00 8.008800e+00 2.259400e+00 -6.728600e-01 314 44 1.043900e+01 4.220000e+00 1.341900e+02 2.194500e+02 0
0 0 -1.500000e-01 -9.612300e-02 1 62 9.782600e+00 4.220000e+00 2167 -3.612800e+03 0
6.466300e-01 8.107900e-01 -2.180400e-01 -9.612300e-02 31 62 1.012000e+01 4.220000e+00 1.117300e+03 8.320300e+02 0
6.766400e-01 8.033300e-01 -2.174100e-01 -9.612300e-02 32 62 1.008900e+01 4.220000e+00 1.149400e+03 8.371400e+02 0
7.159300e-01 7.990800e-01 -2.170500e-01 -9.612300e-02 33 62 9.793200e+00 4.220000e+00 1.188700e+03 8.406300e+02 0
0 0 -1.500000e-01 -6.408200e-02 1 63 9.935100e+00 4.220000e+00 2167 -3.612800e+03 0
0 0 -1.500000e-01 -3.204100e-02 1 64 1.540800e+01 4.220000e+00 2167 -3.612800e+03 0
-7.093800e-02 1.113100e-01 -1.593400e-01 -3.204100e-02 5 64 1.416400e+01 4.220000e+00 -3.197400e+03 7.931500e+03 0
-1.585200e-01 1.861000e-01 -1.656200e-01 -3.204100e-02 8 64 1.335100e+01 4.220000e+00 -1.095200e+03 2.950500e+03 0
-1.986300e-01 1.938000e-01 -1.662600e-01 -3.204100e-02 9 64 1.262500e+01 4.220000e+00 -1.169100e+03 2.768200e+03 0
-2.480100e-01 1.865500e-01 -1.656500e-01 -3.204100e-02 10 64 1.259900e+01 4.220000e+00 -1.515600e+03 2.876400e+03 0
-2.619200e-01 2.211100e-01 -1.685500e-01 -3.204100e-02 11 64 1.207700e+01 4.220000e+00 -1.075700e+03 2.322400e+03 0
-2.881200e-01 2.293800e-01 -1.692500e-01 -3.204100e-02 12 64 1.168300e+01 4.220000e+00 -1.078800e+03 2.216300e+03 0
-3.077600e-01 2.786800e-01 -1.733800e-01 -3.204100e-02 13 64 1.109000e+01 4.220000e+00 -7.248300e+02 1797 0
-2.979400e-01 3.105000e-01 -1.760500e-01 -3.204100e-02 14 64 1.062900e+01 4.220000e+00 -5.181400e+02 1.620200e+03 0
-1.184100e-01 3.032700e-01 -1.754500e-01 -3.204100e-02 15 64 1.059600e+01 4.220000e+00 -9.691800e+01 1.690500e+03 0
3.609700e-01 3.175500e-01 -1.766500e-01 -3.204100e-02 28 64 1.214200e+01 4.220000e+00 1.215800e+03 1705 0
6.799100e-01 6.437800e-01 -2.040200e-01 -3.204100e-02 29 64 1.368200e+01 4.220000e+00 1.286100e+03 9.609400e+02 0
6.725500e-01 7.393100e-01 -2.120400e-01 -3.204100e-02 30 64 1.456800e+01 4.220000e+00 1.190600e+03 8.792800e+02 0
6.793700e-01 7.974000e-01 -2.169100e-01 -3.204100e-02 31 64 1.471000e+01 4.220000e+00 1.155800e+03 8.407900e+02 0
6.766400e-01 8.297300e-01 -2.196200e-01 -3.204100e-02 32 64 1.413700e+01 4.220000e+00 1133 8.218700e+02 0
6.722700e-01 8.755300e-01 -2.234700e-01 -3.204100e-02 33 64 1.256200e+01 4.220000e+00 1.103500e+03 7.977400e+02 0
1.080400e-01 6.805800e-01 -2.071100e-01 -3.204100e-02 34 64 1.009000e+01 4.220000e+00 6.273000e+02 9.079800e+02 0
7.050100e-01 8.837800e-01 -2.241600e-01 -3.204100e-02 35 64 1.030200e+01 4.220000e+00 1.126300e+03 7.943300e+02 0
-8.116900e-01 8.947600e-01 -2.250800e-01 -3.204100e-02 36 64 1.067400e+01 4.220000e+00 -4.391400e+01 7.625700e+02 0
-8.348900e-01 8.924700e-01 -2.248900e-01 -3.204100e-02 37 64 1.108500e+01 4.220000e+00 -6.267400e+01 7.631300e+02 0
-8.580800e-01 8.514300e-01 -2.214500e-01 -3.204100e-02 38 64 1.069300e+01 4.220000e+00 -1.187900e+02 7.805500e+02 0
