0 0 -1.500000e-01 0 1 65 1.641100e+01 3.970000e+00 2167 -3.612800e+03 0
-7.093800e-02 1.122000e-01 -1.593400e-01 0 5 65 1.521100e+01 3.970000e+00 -3.111800e+03 7.764900e+03 0
-1.585200e-01 1.860200e-01 -1.654900e-01 0 8 65 1.434800e+01 3.970000e+00 -1.096300e+03 2.951500e+03 0
-2.008100e-01 1.918200e-01 -1.659700e-01 0 9 65 1.369300e+01 3.970000e+00 -1.208800e+03 2.803600e+03 0
-2.480100e-01 1.866900e-01 -1.655500e-01 0 10 65 1.364700e+01 3.970000e+00 -1.513100e+03 2.872900e+03 0
-2.619200e-01 2.214900e-01 -1.684500e-01 0 11 65 1.314200e+01 3.970000e+00 -1.071400e+03 2.317200e+03 0
-2.881200e-01 2.285400e-01 -1.690300e-01 0 12 65 1.267900e+01 3.970000e+00 -1.087700e+03 2.224900e+03 0
-3.077600e-01 2.784500e-01 -1.731900e-01 0 13 65 1.194300e+01 3.970000e+00 -7.263400e+02 1.797900e+03 0
-3.085800e-01 3.029200e-01 -1.752300e-01 0 14 65 1.151800e+01 3.970000e+00 -583 1656 0
-1.222300e-01 4.051700e-01 -1.837400e-01 0 15 65 1.150700e+01 3.970000e+00 1.366100e+02 1.301200e+03 0
-3.642400e-01 3.704000e-01 -1.808500e-01 0 16 65 1.113300e+01 3.970000e+00 -4.108200e+02 1.376200e+03 0
3.609700e-01 3.098000e-01 -1.758000e-01 0 28 65 1.310800e+01 3.970000e+00 1.233900e+03 1.749200e+03 0
6.799100e-01 6.411000e-01 -2.033900e-01 0 29 65 1.470800e+01 3.970000e+00 1289 9.631700e+02 0
6.725500e-01 7.381600e-01 -2.114700e-01 0 30 65 1.564000e+01 3.970000e+00 1.191500e+03 8.796500e+02 0
6.711800e-01 8.044200e-01 -2.169900e-01 0 31 65 1.580300e+01 3.970000e+00 1.143600e+03 8.359100e+02 0
6.766400e-01 8.314700e-01 -2.192500e-01 0 32 65 1.527600e+01 3.970000e+00 1.131900e+03 8.204500e+02 0
6.722700e-01 8.731800e-01 -2.227200e-01 0 33 65 1.380500e+01 3.970000e+00 1.104800e+03 7.984600e+02 0
7.977800e-01 7.116800e-01 -2.092700e-01 0 35 65 1.098800e+01 3.970000e+00 1.346900e+03 9.035500e+02 0
-8.212400e-01 8.991100e-01 -2.248800e-01 0 36 65 1.183200e+01 3.970000e+00 -4.698500e+01 7.602100e+02 0
-8.545300e-01 8.890300e-01 -2.240400e-01 0 37 65 1.222400e+01 3.970000e+00 -7.998400e+01 7.638200e+02 0
-8.782700e-01 8.836700e-01 -2.235900e-01 0 38 65 1.182200e+01 3.970000e+00 -1.022000e+02 7.656700e+02 0
-9.227400e-01 8.456000e-01 -2.204200e-01 0 39 65 1.053500e+01 3.970000e+00 -1.737800e+02 7.816400e+02 0
0 0 -1.500000e-01 3.204100e-02 1 66 1.540200e+01 3.970000e+00 2167 -3.612800e+03 0
-7.093800e-02 1.128300e-01 -1.594000e-01 3.204100e-02 5 66 1.419800e+01 3.970000e+00 -3.053100e+03 7.651600e+03 0
-1.585200e-01 1.859200e-01 -1.654800e-01 3.204100e-02 8 66 1.334400e+01 3.970000e+00 -1.097800e+03 2.953600e+03 0
-1.986300e-01 1.947000e-01 -1.662100e-01 3.204100e-02 9 66 1.267400e+01 3.970000e+00 -1.155900e+03 2.750900e+03 0
-2.480100e-01 1.869300e-01 -1.655700e-01 3.204100e-02 10 66 1.260900e+01 3.970000e+00 -1.508600e+03 2868 0
-2.646500e-01 2.180300e-01 -1.681600e-01 3.204100e-02 11 66 1.211200e+01 3.970000e+00 -1.121700e+03 2.359200e+03 0
-2.911200e-01 2.242200e-01 -1.686700e-01 3.204100e-02 12 66 1.159400e+01 3.970000e+00 -1.146700e+03 2.272700e+03 0
-3.077600e-01 2.761900e-01 -1.730000e-01 3.204100e-02 13 66 1.084600e+01 3.970000e+00 -7.414400e+02 1.812600e+03 0
-1.184100e-01 4.241400e-01 -1.853200e-01 3.204100e-02 15 66 1.058000e+01 3.970000e+00 1.731500e+02 1.253900e+03 0
3.536000e-01 3.463300e-01 -1.788400e-01 3.204100e-02 28 66 1.206800e+01 3.970000e+00 1.139700e+03 1.560400e+03 0
6.722700e-01 6.436600e-01 -2.036000e-01 3.204100e-02 29 66 1.371000e+01 3.970000e+00 1277 9.603100e+02 0
6.725500e-01 7.361800e-01 -2.113100e-01 3.204100e-02 30 66 1.463700e+01 3.970000e+00 1193 8.811000e+02 0
6.711800e-01 8.044700e-01 -2.170000e-01 3.204100e-02 31 66 1.480900e+01 3.970000e+00 1.143600e+03 8.358800e+02 0
6.766400e-01 8.320500e-01 -2.192900e-01 3.204100e-02 32 66 1.430100e+01 3.970000e+00 1.131600e+03 8.201300e+02 0
6.722700e-01 8.719400e-01 -2.226200e-01 3.204100e-02 33 66 1.286700e+01 3.970000e+00 1.105400e+03 7.990800e+02 0
8.070600e-01 6.880200e-01 -2.073000e-01 3.204100e-02 35 66 1.008700e+01 3.970000e+00 1.383700e+03 9.236400e+02 0
-8.212400e-01 9.024900e-01 -2.251600e-01 3.204100e-02 36 66 1.097300e+01 3.970000e+00 -4.406200e+01 7.588400e+02 0
-8.447100e-01 8.993500e-01 -2.249000e-01 3.204100e-02 37 66 1.139100e+01 3.970000e+00 -6.359800e+01 7.597400e+02 0
-8.681700e-01 8.884800e-01 -2.239900e-01 3.204100e-02 38 66 1.102300e+01 3.970000e+00 -9.035600e+01 7.638200e+02 0
0 0 -1.500000e-01 6.408200e-02 1 67 1.037800e+01 3.970000e+00 2167 -3.612800e+03 0
-4.081700e-01 3.019900e+00 -4.015000e-01 -9.612300e-01 89 35 1.044900e+01 3.970000e+00 5.694800e+02 5.131100e+02 1
-4.128000e-01 3.040700e+00 -4.032300e-01 -9.612300e-01 90 35 1.092600e+01 3.970000e+00 5.693600e+02 5.124000e+02 1
-4.174400e-01 3.103600e+00 -4.084700e-01 -9.612300e-01 91 35 1.112700e+01 3.970000e+00 5.709800e+02 5.103300e+02 1
-4.469100e-01 3.145600e+00 -4.119600e-01 -9.612300e-01 92 35 1.076700e+01 3.970000e+00 5.666100e+02 5.089500e+02 0
-3.797900e-01 2.941300e+00 -3.949500e-01 -9.291900e-01 88 36 1.148400e+01 3.970000e+00 5.723100e+02 5.159100e+02 1
-3.841600e-01 3.000700e+00 -3.999000e-01 -9.291900e-01 89 36 1.347800e+01 3.970000e+00 5.738300e+02 5.138200e+02 1
-3.885200e-01 3.047200e+00 -4.037800e-01 -9.291900e-01 90 36 1.438800e+01 3.970000e+00 5.747800e+02 5.122300e+02 1
-4.174400e-01 3.084400e+00 -4.068700e-01 -9.291900e-01 91 36 1.429700e+01 3.970000e+00 5.702000e+02 5.109500e+02 1
-4.717400e-01 3.119900e+00 -4.098300e-01 -9.291900e-01 92 36 1.322600e+01 3.970000e+00 5.604200e+02 5.097200e+02 0
-4.769200e-01 3.168100e+00 -4.138400e-01 -9.291900e-01 93 36 1.202500e+01 3.970000e+00 5.614400e+02 5.082000e+02 0
-5.074800e-01 3.184200e+00 -4.151800e-01 -9.291900e-01 94 36 1.067300e+01 3.970000e+00 5.559400e+02 5.076600e+02 0
-3.797900e-01 2.945000e+00 -3.952600e-01 -8.971500e-01 88 37 1.192000e+01 3.970000e+00 5.724600e+02 5.157800e+02 1
-3.841600e-01 3.004500e+00 -4.002200e-01 -8.971500e-01 89 37 1.403300e+01 3.970000e+00 5.739800e+02 5.136800e+02 1
-3.885200e-01 3.049500e+00 -4.039700e-01 -8.971500e-01 90 37 1.495300e+01 3.970000e+00 5.748700e+02 5.121500e+02 1
-4.174400e-01 3.084700e+00 -4.069000e-01 -8.971500e-01 91 37 1.484100e+01 3.970000e+00 5.702100e+02 5.109400e+02 1
-4.717400e-01 3.111500e+00 -4.091300e-01 -8.971500e-01 92 37 1.358000e+01 3.970000e+00 5.600500e+02 5.099900e+02 0
-5.271200e-01 3.157300e+00 -4.129400e-01 -8.971500e-01 93 37 1.197400e+01 3.970000e+00 5.507400e+02 5.084500e+02 0
-5.074800e-01 3.186200e+00 -4.153500e-01 -8.971500e-01 94 37 1.136900e+01 3.970000e+00 5.560300e+02 5.076000e+02 0
4.420000e-01 1.455400e+00 -2.712100e-01 -8.651100e-01 46 38 9.995400e+00 3.970000e+00 8.202100e+02 6.315400e+02 0
3.890700e-01 1.527800e+00 -2.772400e-01 -8.651100e-01 47 38 9.877700e+00 3.970000e+00 7.903300e+02 6.202000e+02 0
9.268300e-01 2.450200e+00 -3.540600e-01 -8.651100e-01 80 38 9.908700e+00 3.970000e+00 8.992100e+02 5.406800e+02 0
-3.797900e-01 2.964800e+00 -3.969100e-01 -8.651100e-01 88 38 1.071900e+01 3.970000e+00 5.732900e+02 5.150700e+02 1
-3.841600e-01 3.007600e+00 -4.004800e-01 -8.651100e-01 89 38 1.279300e+01 3.970000e+00 5.741100e+02 5.135800e+02 1
-3.885200e-01 3.048800e+00 -4.039100e-01 -8.651100e-01 90 38 1.362800e+01 3.970000e+00 5.748400e+02 5.121800e+02 1
-4.174400e-01 3.083400e+00 -4.067900e-01 -8.651100e-01 91 38 1.348500e+01 3.970000e+00 5.701600e+02 5.109900e+02 1
-4.220800e-01 3.115800e+00 -4.094900e-01 -8.651100e-01 92 38 1.219200e+01 3.970000e+00 5.705100e+02 5.099300e+02 0
-1.432400e+00 3.372300e+00 -4.308500e-01 -8.651100e-01 106 38 1.151100e+01 3.970000e+00 3.890400e+02 5.008300e+02 1
-1.503900e+00 3.362800e+00 -4.300600e-01 -8.651100e-01 107 38 1.196800e+01 3.970000e+00 3.747600e+02 5.009700e+02 1
-1.547300e+00 3.334200e+00 -4.276800e-01 -8.651100e-01 108 38 1.140400e+01 3.970000e+00 3.638000e+02 5.016700e+02 1
-1.296500e+00 2.758600e+00 -3.797400e-01 -8.651100e-01 109 38 1.005900e+01 3.970000e+00 3.515900e+02 5.209200e+02 0
-1.333600e+00 3.376200e+00 -4.311700e-01 -8.330700e-01 105 39 1.104900e+01 3.970000e+00 4.078700e+02 5.008800e+02 1
-1.403800e+00 3.381700e+00 -4.316300e-01 -8.330700e-01 106 39 1.257900e+01 3.970000e+00 3.952400e+02 5.006300e+02 1
-1.475000e+00 3.378200e+00 -4.313400e-01 -8.330700e-01 107 39 1.307200e+01 3.970000e+00 3.816200e+02 5.006100e+02 1
-1.518100e+00 3.377300e+00 -4.312700e-01 -8.330700e-01 108 39 1.246800e+01 3.970000e+00 3.734900e+02 5.005700e+02 1
-1.516700e+00 3.490800e+00 -4.407100e-01 -8.330700e-01 110 39 1.145800e+01 3.970000e+00 3.842300e+02 4.977000e+02 1
-1.560600e+00 3.503300e+00 -4.417600e-01 -8.330700e-01 111 39 1.115200e+01 3.970000e+00 3.774500e+02 4.973300e+02 1
-1.432400e+00 3.373400e+00 -4.309400e-01 -8.010300e-01 106 40 1.171100e+01 3.970000e+00 3.891300e+02 5.008000e+02 1
-1.475000e+00 3.383500e+00 -4.317800e-01 -8.010300e-01 107 40 1.218000e+01 3.970000e+00 3.821100e+02 5.004800e+02 1
-1.518100e+00 3.394500e+00 -4.326900e-01 -8.010300e-01 108 40 1.153100e+01 3.970000e+00 3.751200e+02 5.001200e+02 1
-1.516700e+00 3.491400e+00 -4.407700e-01 -8.010300e-01 110 40 1.098600e+01 3.970000e+00 3.842900e+02 4.976800e+02 1
-1.560600e+00 3.510100e+00 -4.423200e-01 -8.010300e-01 111 40 1.055700e+01 3.970000e+00 3.780600e+02 4.971600e+02 1
6.962800e-01 7.159800e-01 -2.096300e-01 -9.612300e-02 30 62 9.864000e+00 3.970000e+00 1.234400e+03 8.970900e+02 0
7.121100e-01 7.683700e-01 -2.139900e-01 -9.612300e-02 31 62 9.743300e+00 3.970000e+00 1.207600e+03 8.596600e+02 0
0 0 -1.500000e-01 -6.408200e-02 1 63 1.016400e+01 3.970000e+00 2167 -3.612800e+03 0
-3.465000e-02 3.479100e-03 -1.502900e-01 -6.408200e-02 2 63 9.890800e+00 3.970000e+00 2.583300e+03 -3.880900e+03 0
6.488100e-01 7.471000e-01 -2.122200e-01 -6.408200e-02 30 63 1.001400e+01 3.970000e+00 1.160800e+03 8.726000e+02 0
6.711800e-01 8.015700e-01 -2.167600e-01 -6.408200e-02 31 63 1.014600e+01 3.970000e+00 1.145500e+03 8.376200e+02 0
7.104700e-01 8.163900e-01 -2.179900e-01 -6.408200e-02 32 63 9.781000e+00 3.970000e+00 1.171800e+03 8.297500e+02 0
0 0 -1.500000e-01 -3.204100e-02 1 64 1.544800e+01 3.970000e+00 2167 -3.612800e+03 0
-7.093800e-02 1.119200e-01 -1.593200e-01 -3.204100e-02 5 64 1.418500e+01 3.970000e+00 -3.138100e+03 7.815800e+03 0
-1.585200e-01 1.860700e-01 -1.655000e-01 -3.204100e-02 8 64 1.331000e+01 3.970000e+00 -1.095500e+03 2.950300e+03 0
-1.986300e-01 1.942600e-01 -1.661800e-01 -3.204100e-02 9 64 1.266800e+01 3.970000e+00 -1.162200e+03 2.758900e+03 0
-2.480100e-01 1.868400e-01 -1.655600e-01 -3.204100e-02 10 64 1.264200e+01 3.970000e+00 -1.510300e+03 2.869800e+03 0
-2.619200e-01 2.207600e-01 -1.683800e-01 -3.204100e-02 11 64 1.207800e+01 3.970000e+00 -1.079800e+03 2.326200e+03 0
-2.881200e-01 2.250900e-01 -1.687500e-01 -3.204100e-02 12 64 1.167000e+01 3.970000e+00 -1126 2.263800e+03 0
-3.077600e-01 2.771000e-01 -1.730800e-01 -3.204100e-02 13 64 1.089400e+01 3.970000e+00 -7.353000e+02 1.806600e+03 0
-3.085800e-01 3.004100e-01 -1.750200e-01 -3.204100e-02 14 64 1.054100e+01 3.970000e+00 -5.966000e+02 1.669200e+03 0
-4.201700e-01 2.207700e-01 -1.683900e-01 -3.204100e-02 15 64 1.059100e+01 3.970000e+00 -1.647500e+03 2.260700e+03 0
3.609700e-01 3.297700e-01 -1.774600e-01 -3.204100e-02 28 64 1.211500e+01 3.970000e+00 1.189700e+03 1.639700e+03 0
6.799100e-01 6.439200e-01 -2.036300e-01 -3.204100e-02 29 64 1.368900e+01 3.970000e+00 1.285900e+03 9.603400e+02 0
6.725500e-01 7.408500e-01 -2.117000e-01 -3.204100e-02 30 64 1.460200e+01 3.970000e+00 1.189400e+03 8.777000e+02 0
6.711800e-01 8.040200e-01 -2.169600e-01 -3.204100e-02 31 64 1.475600e+01 3.970000e+00 1.143900e+03 8.361500e+02 0
6.766400e-01 8.272200e-01 -2.188900e-01 -3.204100e-02 32 64 1.420200e+01 3.970000e+00 1.134500e+03 8.228200e+02 0
6.722700e-01 8.641800e-01 -2.219700e-01 -3.204100e-02 33 64 1.265600e+01 3.970000e+00 1.109600e+03 8.029800e+02 0
-8.116900e-01 9.004200e-01 -2.249900e-01 -3.204100e-02 36 64 1.065100e+01 3.970000e+00 -3.900300e+01 7.598300e+02 0
-8.545300e-01 8.869500e-01 -2.238700e-01 -3.204100e-02 37 64 1.102000e+01 3.970000e+00 -8.189500e+01 7.646900e+02 0
-8.782700e-01 8.859100e-01 -2.237800e-01 -3.204100e-02 38 64 1.063800e+01 3.970000e+00 -1.000800e+02 7.647300e+02 0
