0 0 -1.500000e-01 0 1 65 1.646400e+01 3.840000e+00 2167 -3.612800e+03 0
-7.093800e-02 1.118900e-01 -1.590100e-01 0 5 65 1.520900e+01 3.840000e+00 -3.139600e+03 7.813800e+03 0
-1.585200e-01 1.860500e-01 -1.649900e-01 0 8 65 1.435700e+01 3.840000e+00 -1.095500e+03 2.947700e+03 0
-2.008100e-01 1.908900e-01 -1.653800e-01 0 9 65 1.369900e+01 3.840000e+00 -1.222700e+03 2.818500e+03 0
-2.480100e-01 1.862500e-01 -1.650000e-01 0 10 65 1.364900e+01 3.840000e+00 -1.520700e+03 2.878800e+03 0
-2.619200e-01 2.217200e-01 -1.678600e-01 0 11 65 1.299700e+01 3.840000e+00 -1.068500e+03 2.311700e+03 0
-2.851200e-01 2.351300e-01 -1.689400e-01 0 12 65 1.265400e+01 3.840000e+00 -1.008500e+03 2.153400e+03 0
-3.044900e-01 2.830600e-01 -1.728000e-01 0 13 65 1.191900e+01 3.840000e+00 -6.874900e+02 1.767100e+03 0
-3.121300e-01 3.109700e-01 -1.750500e-01 0 14 65 1.152100e+01 3.840000e+00 -5.498200e+02 1.612600e+03 0
-1.222300e-01 4.110400e-01 -1.831100e-01 0 15 65 1.139500e+01 3.840000e+00 1.462600e+02 1.283700e+03 0
-3.601500e-01 3.765500e-01 -1.803300e-01 0 16 65 1.116900e+01 3.840000e+00 -3.812900e+02 1.355700e+03 0
3.536000e-01 3.357800e-01 -1.770500e-01 0 28 65 1.313100e+01 3.840000e+00 1.158400e+03 1.606400e+03 0
6.799100e-01 6.395700e-01 -2.015100e-01 0 29 65 1.470000e+01 3.840000e+00 1.290600e+03 9.626700e+02 0
6.725500e-01 7.371700e-01 -2.093800e-01 0 30 65 1.563100e+01 3.840000e+00 1.192100e+03 8.783800e+02 0
6.711800e-01 8.044800e-01 -2.148000e-01 0 31 65 1.577800e+01 3.840000e+00 1.143500e+03 8.339100e+02 0
6.766400e-01 8.336300e-01 -2.171400e-01 0 32 65 1.522700e+01 3.840000e+00 1.130600e+03 8.173000e+02 0
6.722700e-01 8.776400e-01 -2.206900e-01 0 33 65 1.370900e+01 3.840000e+00 1.102300e+03 7.943200e+02 0
8.070600e-01 7.068100e-01 -2.069300e-01 0 35 65 1.069000e+01 3.840000e+00 1.362200e+03 9.057600e+02 0
-8.212400e-01 8.972000e-01 -2.222700e-01 0 36 65 1.176700e+01 3.840000e+00 -4.858600e+01 7.591800e+02 0
-8.447100e-01 8.881900e-01 -2.215400e-01 0 37 65 1.223500e+01 3.840000e+00 -7.356100e+01 7.625200e+02 0
-8.681700e-01 8.753300e-01 -2.205000e-01 0 38 65 1.179800e+01 3.840000e+00 -1.027100e+02 7.675700e+02 0
-9.227400e-01 7.837700e-01 -2.131300e-01 0 39 65 1.010100e+01 3.840000e+00 -2.461400e+02 8.106100e+02 0
0 0 -1.500000e-01 3.204100e-02 1 66 1.546600e+01 3.840000e+00 2167 -3.612800e+03 0
-7.093800e-02 1.126000e-01 -1.590700e-01 3.204100e-02 5 66 1.420100e+01 3.840000e+00 -3.073700e+03 7.686700e+03 0
-1.604300e-01 1.843200e-01 -1.648500e-01 3.204100e-02 8 66 1.333000e+01 3.840000e+00 -1.131900e+03 2.984200e+03 0
-2.008100e-01 1.912500e-01 -1.654000e-01 3.204100e-02 9 66 1.266300e+01 3.840000e+00 -1.217200e+03 2.811500e+03 0
-2.480100e-01 1.871800e-01 -1.650800e-01 3.204100e-02 10 66 1.261600e+01 3.840000e+00 -1.503600e+03 2.859800e+03 0
-2.592000e-01 2.267400e-01 -1.682600e-01 3.204100e-02 11 66 1.196400e+01 3.840000e+00 -1004 2.253800e+03 0
-2.851200e-01 2.370100e-01 -1.690900e-01 3.204100e-02 12 66 1.164200e+01 3.840000e+00 -9.899700e+02 2.134400e+03 0
-3.044900e-01 2.828700e-01 -1.727800e-01 3.204100e-02 13 66 1.096100e+01 3.840000e+00 -6.886900e+02 1.768300e+03 0
-3.156700e-01 3.052100e-01 -1.745800e-01 3.204100e-02 14 66 1.064900e+01 3.840000e+00 -5.882200e+02 1.640700e+03 0
-1.222300e-01 4.148100e-01 -1.834100e-01 3.204100e-02 15 66 1.039400e+01 3.840000e+00 1.522400e+02 1.274200e+03 0
3.536000e-01 3.372300e-01 -1.771600e-01 3.204100e-02 28 66 1.211000e+01 3.840000e+00 1.155700e+03 1.599500e+03 0
6.722700e-01 6.451400e-01 -2.019600e-01 3.204100e-02 29 66 1.369900e+01 3.840000e+00 1.275400e+03 9.567800e+02 0
6.725500e-01 7.356900e-01 -2.092600e-01 3.204100e-02 30 66 1.462500e+01 3.840000e+00 1.193300e+03 8.794600e+02 0
6.711800e-01 8.044400e-01 -2.147900e-01 3.204100e-02 31 66 1.475700e+01 3.840000e+00 1.143500e+03 8.339300e+02 0
6.766400e-01 8.352200e-01 -2.172700e-01 3.204100e-02 32 66 1.417300e+01 3.840000e+00 1.129600e+03 8.164300e+02 0
6.722700e-01 8.806000e-01 -2.209300e-01 3.204100e-02 33 66 1.254600e+01 3.840000e+00 1.100800e+03 7.928700e+02 0
-8.116900e-01 9.000500e-01 -2.224900e-01 3.204100e-02 36 66 1.069500e+01 3.840000e+00 -3.926200e+01 7.581700e+02 0
-8.348900e-01 8.913300e-01 -2.217900e-01 3.204100e-02 37 66 1.117400e+01 3.840000e+00 -6.361600e+01 7.613800e+02 0
-8.378900e-01 9.060300e-01 -2.229800e-01 3.204100e-02 38 66 1.070200e+01 3.840000e+00 -5.279800e+01 7.553400e+02 0
0 0 -1.500000e-01 6.408200e-02 1 67 1.007100e+01 3.840000e+00 2167 -3.612800e+03 0
-2.182700e-03 3.334700e-02 -1.526900e-01 6.408200e-02 2 67 9.950100e+00 3.840000e+00 3413 -6923 0
-3.847000e-01 3.191000e+00 -4.070200e-01 -9.612300e-01 95 35 1.066400e+01 3.840000e+00 5.810200e+02 5.059400e+02 1
-3.628700e-01 3.245900e+00 -4.114400e-01 -9.612300e-01 96 35 1.069400e+01 3.840000e+00 5.873100e+02 5.043400e+02 1
-4.059800e-01 3.165800e+00 -4.049900e-01 -9.291900e-01 94 36 1.242000e+01 3.840000e+00 5.757700e+02 5.066800e+02 1
-3.847000e-01 3.223900e+00 -4.096700e-01 -9.291900e-01 95 36 1.330300e+01 3.840000e+00 5.822000e+02 5.049600e+02 1
-3.887900e-01 3.271100e+00 -4.134700e-01 -9.291900e-01 96 36 1.334200e+01 3.840000e+00 5.830300e+02 5.035700e+02 1
-4.190800e-01 3.302900e+00 -4.160300e-01 -9.291900e-01 97 36 1.293500e+01 3.840000e+00 5.782200e+02 5.026100e+02 1
-4.234400e-01 3.330600e+00 -4.182700e-01 -9.291900e-01 98 36 1.252800e+01 3.840000e+00 5.783500e+02 5.018300e+02 1
-4.278100e-01 3.359700e+00 -4.206100e-01 -9.291900e-01 99 36 1.209800e+01 3.840000e+00 5.785400e+02 5.010200e+02 1
-4.321800e-01 3.378400e+00 -4.221200e-01 -9.291900e-01 100 36 1.131500e+01 3.840000e+00 5.783600e+02 5.005100e+02 0
9.511100e-01 2.736800e+00 -3.704400e-01 -8.971500e-01 84 37 9.983900e+00 3.840000e+00 8.827600e+02 5.250400e+02 0
9.167400e-01 2.784800e+00 -3.743000e-01 -8.971500e-01 85 37 1.030400e+01 3.840000e+00 8.711400e+02 5.229200e+02 0
-3.012100e-01 3.024200e+00 -3.935900e-01 -8.971500e-01 93 37 1.075400e+01 3.840000e+00 5.924900e+02 5.114400e+02 1
-3.806100e-01 3.167700e+00 -4.051400e-01 -8.971500e-01 94 37 1.290700e+01 3.840000e+00 581 5.066600e+02 1
-3.847000e-01 3.227300e+00 -4.099400e-01 -8.971500e-01 95 37 1.374200e+01 3.840000e+00 5.823200e+02 5.048500e+02 1
-4.147100e-01 3.271300e+00 -4.134900e-01 -8.971500e-01 96 37 1.368400e+01 3.840000e+00 5.779400e+02 5.035200e+02 1
-4.190800e-01 3.306900e+00 -4.163600e-01 -8.971500e-01 97 37 1.321300e+01 3.840000e+00 5.783600e+02 5.025000e+02 1
-4.234400e-01 3.337300e+00 -4.188000e-01 -8.971500e-01 98 37 1.296900e+01 3.840000e+00 5.785900e+02 5.016400e+02 1
-4.278100e-01 3.374800e+00 -4.218300e-01 -8.971500e-01 99 37 1.258100e+01 3.840000e+00 5.790600e+02 5.006100e+02 0
-4.321800e-01 3.413700e+00 -4.249600e-01 -8.971500e-01 100 37 1.167600e+01 3.840000e+00 5.795700e+02 4.995600e+02 0
-3.819700e-01 3.421400e+00 -4.255800e-01 -8.971500e-01 101 37 1.025800e+01 3.840000e+00 5.892900e+02 4.994400e+02 0
-3.552400e-01 3.166500e+00 -4.050500e-01 -8.651100e-01 94 38 1.162200e+01 3.840000e+00 5.861300e+02 5.067400e+02 1
-3.590600e-01 3.229000e+00 -4.100800e-01 -8.651100e-01 95 38 1.230800e+01 3.840000e+00 5.875000e+02 5.048500e+02 1
-3.887900e-01 3.271000e+00 -4.134700e-01 -8.651100e-01 96 38 1.211200e+01 3.840000e+00 5.830300e+02 5.035700e+02 1
-4.452700e-01 3.299800e+00 -4.157800e-01 -8.651100e-01 97 38 1.141000e+01 3.840000e+00 5.729900e+02 5.026600e+02 1
-4.234400e-01 3.334800e+00 -4.186000e-01 -8.651100e-01 98 38 1.125200e+01 3.840000e+00 5.785000e+02 5.017100e+02 1
-4.278100e-01 3.380400e+00 -4.222800e-01 -8.651100e-01 99 38 1.100700e+01 3.840000e+00 5.792600e+02 5.004600e+02 0
-1.574800e+00 3.499700e+00 -4.318900e-01 -8.651100e-01 112 38 1.089400e+01 3.840000e+00 3.745800e+02 4.957000e+02 1
-1.589000e+00 3.563200e+00 -4.370000e-01 -8.651100e-01 113 38 1.132100e+01 3.840000e+00 3.778000e+02 4.941600e+02 1
-1.634000e+00 3.588000e+00 -4.390000e-01 -8.651100e-01 114 38 1.103700e+01 3.840000e+00 3.721000e+02 4.935200e+02 1
-1.470600e+00 3.496600e+00 -4.316300e-01 -8.330700e-01 111 39 1.112400e+01 3.840000e+00 3.930700e+02 4.959200e+02 1
-1.484000e+00 3.566800e+00 -4.372900e-01 -8.330700e-01 112 39 1.240300e+01 3.840000e+00 3.966800e+02 4.942200e+02 1
-1.558500e+00 3.574400e+00 -4.379100e-01 -8.330700e-01 113 39 1.264400e+01 3.840000e+00 3.841800e+02 4.939400e+02 1
-1.634000e+00 3.576000e+00 -4.380300e-01 -8.330700e-01 114 39 1.203300e+01 3.840000e+00 3.710100e+02 4.938000e+02 1
-1.679600e+00 3.571600e+00 -4.376800e-01 -8.330700e-01 115 39 1.097300e+01 3.840000e+00 3.625900e+02 4.938400e+02 1
-1.694300e+00 3.543000e+00 -4.353700e-01 -8.330700e-01 116 39 1.019600e+01 3.840000e+00 3.572900e+02 4.944900e+02 1
-1.350500e+00 3.575400e+00 -4.379800e-01 -8.010300e-01 111 40 1.099900e+01 3.840000e+00 4.209600e+02 4.942000e+02 1
-1.453700e+00 3.580100e+00 -4.383600e-01 -8.010300e-01 112 40 1.187900e+01 3.840000e+00 4.031300e+02 4.939500e+02 1
-1.527900e+00 3.585000e+00 -4.387600e-01 -8.010300e-01 113 40 1.188400e+01 3.840000e+00 3.904700e+02 4.937300e+02 1
-1.634000e+00 3.560900e+00 -4.368100e-01 -8.010300e-01 114 40 1.099800e+01 3.840000e+00 3.696300e+02 4.941500e+02 1
-1.617400e+00 3.563500e+00 -4.370200e-01 -8.010300e-01 115 40 1.035800e+01 3.840000e+00 3.728100e+02 4.941100e+02 1
-1.631600e+00 3.541000e+00 -4.352100e-01 -8.010300e-01 116 40 9.966100e+00 3.840000e+00 3.682400e+02 4.946200e+02 1
0 0 -1.500000e-01 -6.408200e-02 1 63 1.010900e+01 3.840000e+00 2167 -3.612800e+03 0
6.488100e-01 7.584800e-01 -2.110900e-01 -6.408200e-02 30 63 9.678000e+00 3.840000e+00 1.152700e+03 8.627200e+02 0
6.630000e-01 8.046100e-01 -2.148100e-01 -6.408200e-02 31 63 9.889300e+00 3.840000e+00 1.135900e+03 8.336500e+02 0
0 0 -1.500000e-01 -3.204100e-02 1 64 1.547700e+01 3.840000e+00 2167 -3.612800e+03 0
-7.093800e-02 1.112900e-01 -1.589600e-01 -3.204100e-02 5 64 1.418100e+01 3.840000e+00 -3.197500e+03 7.925700e+03 0
-1.585200e-01 1.860900e-01 -1.649900e-01 -3.204100e-02 8 64 1.333400e+01 3.840000e+00 -1.094900e+03 2.946700e+03 0
-2.008100e-01 1.905800e-01 -1.653500e-01 -3.204100e-02 9 64 1.270900e+01 3.840000e+00 -1.227600e+03 2.824600e+03 0
-2.504700e-01 1.817800e-01 -1.646400e-01 -3.204100e-02 10 64 1.263200e+01 3.840000e+00 -1.617800e+03 2972 0
-2.619200e-01 2.217200e-01 -1.678600e-01 -3.204100e-02 11 64 1.204800e+01 3.840000e+00 -1.068600e+03 2.311700e+03 0
-2.851200e-01 2.363200e-01 -1.690300e-01 -3.204100e-02 12 64 1.161100e+01 3.840000e+00 -9.967200e+02 2.141300e+03 0
-3.044900e-01 2.849800e-01 -1.729500e-01 -3.204100e-02 13 64 1.073300e+01 3.840000e+00 -6.754600e+02 1.755300e+03 0
-3.192200e-01 3.079200e-01 -1.748000e-01 -3.204100e-02 14 64 1.041500e+01 3.840000e+00 -5.825800e+02 1.626400e+03 0
-1.222300e-01 4.037800e-01 -1.825200e-01 -3.204100e-02 15 64 1.043900e+01 3.840000e+00 1.343400e+02 1.302700e+03 0
3.536000e-01 3.373600e-01 -1.771700e-01 -3.204100e-02 28 64 1.210900e+01 3.840000e+00 1.155400e+03 1.598900e+03 0
6.799100e-01 6.390800e-01 -2.014800e-01 -3.204100e-02 29 64 1.368600e+01 3.840000e+00 1.291100e+03 9.631600e+02 0
6.725500e-01 7.381500e-01 -2.094500e-01 -3.204100e-02 30 64 1.460500e+01 3.840000e+00 1.191400e+03 8.776700e+02 0
6.793700e-01 7.975400e-01 -2.142400e-01 -3.204100e-02 31 64 1.475300e+01 3.840000e+00 1.155600e+03 8.382900e+02 0
6.766400e-01 8.321900e-01 -2.170300e-01 -3.204100e-02 32 64 1.421200e+01 3.840000e+00 1.131400e+03 8.181000e+02 0
6.810000e-01 8.697900e-01 -2.200600e-01 -3.204100e-02 33 64 1.270600e+01 3.840000e+00 1.113800e+03 7.983800e+02 0
-8.307900e-01 8.894900e-01 -2.216400e-01 -3.204100e-02 36 64 1.095200e+01 3.840000e+00 -6.230000e+01 7.622100e+02 0
-8.447100e-01 8.910300e-01 -2.217700e-01 -3.204100e-02 37 64 1.132100e+01 3.840000e+00 -7.098200e+01 7.613400e+02 0
-8.782700e-01 8.534600e-01 -2.187400e-01 -3.204100e-02 38 64 1.091300e+01 3.840000e+00 -1.318700e+02 7.770400e+02 0
