0 0 -1.500000e-01 0 1 65 1.647800e+01 2.380000e+00 2167 -3.612800e+03 0
-7.093800e-02 1.122500e-01 -1.556000e-01 0 5 65 1.519100e+01 2.380000e+00 -3.093100e+03 7.670700e+03 0
-1.585200e-01 1.860300e-01 -1.592800e-01 0 8 65 1.437000e+01 2.380000e+00 -1.092500e+03 2913 0
-2.008100e-01 1.914700e-01 -1.595500e-01 0 9 65 1.368800e+01 2.380000e+00 -1.210500e+03 2.773600e+03 0
-2.480100e-01 1.867100e-01 -1.593100e-01 0 10 65 1.363300e+01 2.380000e+00 -1.508300e+03 2.835500e+03 0
-2.592000e-01 2.265100e-01 -1.613000e-01 0 11 65 1.308900e+01 2.380000e+00 -1.003700e+03 2.226600e+03 0
-2.851200e-01 2.351500e-01 -1.617300e-01 0 12 65 1.267800e+01 2.380000e+00 -1.005600e+03 2.124200e+03 0
-3.077600e-01 2.792600e-01 -1.639300e-01 0 13 65 1.199100e+01 2.380000e+00 -7.187600e+02 1.763600e+03 0
-3.085800e-01 2.988400e-01 -1.649000e-01 0 14 65 1.150300e+01 2.380000e+00 -6.032500e+02 1.649300e+03 0
-1.222300e-01 4.120100e-01 -1.705500e-01 0 15 65 1.141700e+01 2.380000e+00 1.483400e+02 1.257300e+03 0
3.536000e-01 3.486500e-01 -1.673900e-01 0 28 65 1.314000e+01 2.380000e+00 1.134500e+03 1521 0
6.799100e-01 6.386000e-01 -1.818500e-01 0 29 65 1.468100e+01 2.380000e+00 1.290400e+03 9.406700e+02 0
6.725500e-01 7.359500e-01 -1.867100e-01 0 30 65 1.559000e+01 2.380000e+00 1192 8.569500e+02 0
6.793700e-01 7.975800e-01 -1.897800e-01 0 31 65 1.570900e+01 2.380000e+00 1.154600e+03 8.162500e+02 0
6.766400e-01 8.335400e-01 -1.915700e-01 0 32 65 1.509400e+01 2.380000e+00 1.129700e+03 7.955100e+02 0
6.810000e-01 8.778700e-01 -1.937800e-01 0 33 65 1.340100e+01 2.380000e+00 1.108600e+03 7.727000e+02 0
7.050100e-01 8.407100e-01 -1.919300e-01 0 35 65 1.114300e+01 2.380000e+00 1.150300e+03 7.921900e+02 0
-8.212400e-01 8.917700e-01 -1.944800e-01 0 36 65 1.171100e+01 2.380000e+00 -5.262900e+01 7.411200e+02 0
-8.447100e-01 8.751300e-01 -1.936500e-01 0 37 65 1.219300e+01 2.380000e+00 -8.487100e+01 7.477400e+02 0
-8.782700e-01 8.225900e-01 -1.910300e-01 0 38 65 1.177500e+01 2.380000e+00 -1.637600e+02 7.711800e+02 0
-9.123700e-01 7.003900e-01 -1.849300e-01 0 39 65 1.045000e+01 2.380000e+00 -3.547800e+02 8.409200e+02 0
0 0 -1.500000e-01 3.204100e-02 1 66 1.544500e+01 2.380000e+00 2167 -3.612800e+03 0
-7.093800e-02 1.126500e-01 -1.556200e-01 3.204100e-02 5 66 1.418400e+01 2.380000e+00 -3.056400e+03 7.600300e+03 0
-1.585200e-01 1.859700e-01 -1.592800e-01 3.204100e-02 8 66 1.335900e+01 2.380000e+00 -1.093500e+03 2.914400e+03 0
-1.986300e-01 1.943000e-01 -1.596900e-01 3.204100e-02 9 66 1.266100e+01 2.380000e+00 -1.158100e+03 2.721800e+03 0
-2.480100e-01 1.877000e-01 -1.593600e-01 3.204100e-02 10 66 1.260600e+01 2.380000e+00 -1.490400e+03 2.815700e+03 0
-2.564700e-01 2.317800e-01 -1.615600e-01 3.204100e-02 11 66 1.214800e+01 2.380000e+00 -9.404200e+02 2.169500e+03 0
-2.851200e-01 2.388600e-01 -1.619100e-01 3.204100e-02 12 66 1.169400e+01 2.380000e+00 -9.695500e+02 2.087400e+03 0
-3.077600e-01 2.805400e-01 -1.639900e-01 3.204100e-02 13 66 1.106800e+01 2.380000e+00 -7.104600e+02 1.755600e+03 0
-3.085800e-01 2.885000e-01 -1.643900e-01 3.204100e-02 14 66 1.053300e+01 2.380000e+00 -6.629000e+02 1.707200e+03 0
-1.184100e-01 4.165600e-01 -1.707800e-01 3.204100e-02 15 66 1.051400e+01 2.380000e+00 1.623100e+02 1.246200e+03 0
3.536000e-01 3.291500e-01 -1.664200e-01 3.204100e-02 28 66 1.212100e+01 2.380000e+00 1.169800e+03 1.611400e+03 0
6.799100e-01 6.389600e-01 -1.818700e-01 3.204100e-02 29 66 1.366700e+01 2.380000e+00 1290 9.403100e+02 0
6.725500e-01 7.353100e-01 -1.866700e-01 3.204100e-02 30 66 1.458900e+01 2.380000e+00 1.192500e+03 8.574200e+02 0
6.711800e-01 8.044500e-01 -1.901200e-01 3.204100e-02 31 66 1.472800e+01 2.380000e+00 1.142600e+03 8.119600e+02 0
6.766400e-01 8.350200e-01 -1.916500e-01 3.204100e-02 32 66 1.416300e+01 2.380000e+00 1.128800e+03 7.947000e+02 0
6.810000e-01 8.776100e-01 -1.937700e-01 3.204100e-02 33 66 1.259700e+01 2.380000e+00 1.108700e+03 7.728300e+02 0
7.142900e-01 8.180800e-01 -1.908000e-01 3.204100e-02 35 66 1.017000e+01 2.380000e+00 1173 8.049500e+02 0
-8.212400e-01 8.956200e-01 -1.946700e-01 3.204100e-02 36 66 1.067000e+01 2.380000e+00 -4.924500e+01 7.395400e+02 0
-8.447100e-01 8.820400e-01 -1.939900e-01 3.204100e-02 37 66 1.119300e+01 2.380000e+00 -7.844100e+01 7.448100e+02 0
-8.681700e-01 8.627400e-01 -1.930300e-01 3.204100e-02 38 66 1.073400e+01 2.380000e+00 -1.141600e+02 7.527500e+02 0
-1.696000e+00 1.012000e+01 -6.547100e-01 -8.010300e-01 297 40 1.001400e+01 2.380000e+00 5.763200e+02 4.212900e+02 1
-1.550000e+00 1.031200e+01 -6.643200e-01 -8.010300e-01 300 40 1.027300e+01 2.380000e+00 5.874800e+02 4.207800e+02 1
-1.637000e+00 1.034800e+01 -6.661200e-01 -8.010300e-01 301 40 1.144400e+01 2.380000e+00 5.825300e+02 4.206600e+02 1
-1.642500e+00 1.038300e+01 -6.678300e-01 -8.010300e-01 302 40 1.157100e+01 2.380000e+00 5.825700e+02 4.205700e+02 1
-1.730300e+00 1.040400e+01 -6.688900e-01 -8.010300e-01 303 40 1.073700e+01 2.380000e+00 5.774500e+02 4.204900e+02 1
-3.848100e+00 1.137200e+01 -7.171700e-01 -8.010300e-01 345 40 1.049800e+01 2.380000e+00 4.702100e+02 4.176400e+02 1
-3.765200e+00 1.138200e+01 -7.176900e-01 -8.010300e-01 346 40 1.057800e+01 2.380000e+00 4.749800e+02 4.176300e+02 1
7.159300e-01 2.737900e+00 -2.865500e-01 -7.689800e-01 83 41 1.071200e+01 2.380000e+00 8.249500e+02 5.048200e+02 0
7.473000e-01 2.792500e+00 -2.892800e-01 -7.689800e-01 84 41 1.098700e+01 2.380000e+00 8.297400e+02 5.026000e+02 0
7.333900e-01 2.839700e+00 -2.916300e-01 -7.689800e-01 85 41 1.039700e+01 2.380000e+00 8.241500e+02 5.006700e+02 0
-1.368300e+00 1.019900e+01 -6.586600e-01 -7.689800e-01 296 41 1.027500e+01 2.380000e+00 5.975900e+02 4.211400e+02 0
-1.534400e+00 1.020600e+01 -6.590500e-01 -7.689800e-01 297 41 1.069400e+01 2.380000e+00 5.873500e+02 4.210800e+02 1
-1.631600e+00 1.031100e+01 -6.642600e-01 -7.689800e-01 300 41 1.056900e+01 2.380000e+00 5.824600e+02 4.207700e+02 1
-1.637000e+00 1.034700e+01 -6.660800e-01 -7.689800e-01 301 41 1.170500e+01 2.380000e+00 5.825200e+02 4.206600e+02 1
-1.642500e+00 1.038300e+01 -6.678300e-01 -7.689800e-01 302 41 1.179800e+01 2.380000e+00 5.825700e+02 4.205700e+02 1
-1.647900e+00 1.038400e+01 -6.679200e-01 -7.689800e-01 303 41 1.090500e+01 2.380000e+00 5.822500e+02 4.205600e+02 1
-3.836900e+00 1.134700e+01 -7.159300e-01 -7.689800e-01 344 41 1.029400e+01 2.380000e+00 4.703400e+02 4.177000e+02 1
-3.848100e+00 1.137600e+01 -7.173800e-01 -7.689800e-01 345 41 1.171000e+01 2.380000e+00 4.703000e+02 4.176300e+02 1
-3.859300e+00 1.141400e+01 -7.192600e-01 -7.689800e-01 346 41 1.200600e+01 2.380000e+00 4.704200e+02 4.175400e+02 1
-3.776100e+00 1.147100e+01 -7.221100e-01 -7.689800e-01 347 41 1.117500e+01 2.380000e+00 4.760600e+02 4.174300e+02 1
7.246600e-01 2.802700e+00 -2.897800e-01 -7.369400e-01 84 42 1.022900e+01 2.380000e+00 8.238700e+02 5.021400e+02 0
-3.942000e+00 1.134200e+01 -7.156800e-01 -7.369400e-01 345 42 1.112200e+01 2.380000e+00 4.644600e+02 4.176900e+02 1
-3.953400e+00 1.137200e+01 -7.172000e-01 -7.369400e-01 346 42 1.146200e+01 2.380000e+00 4.644400e+02 4.176100e+02 1
-3.964900e+00 1.140200e+01 -7.186900e-01 -7.369400e-01 347 42 1.074800e+01 2.380000e+00 4.644100e+02 4.175500e+02 1
0 0 -1.500000e-01 -6.408200e-02 1 63 1.037200e+01 2.380000e+00 2167 -3.612800e+03 0
6.851000e-01 7.881100e-01 -1.893100e-01 -6.408200e-02 32 63 1.011300e+01 2.380000e+00 1.166300e+03 8.222000e+02 0
7.159300e-01 7.970200e-01 -1.897500e-01 -6.408200e-02 33 63 9.845800e+00 2.380000e+00 1189 8.174200e+02 0
0 0 -1.500000e-01 -3.204100e-02 1 64 1.545800e+01 2.380000e+00 2167 -3.612800e+03 0
-7.093800e-02 1.119900e-01 -1.555900e-01 -3.204100e-02 5 64 1.415900e+01 2.380000e+00 -3.117800e+03 7.718200e+03 0
-1.585200e-01 1.860500e-01 -1.592800e-01 -3.204100e-02 8 64 1.335400e+01 2.380000e+00 -1.092300e+03 2.912600e+03 0
-2.008100e-01 1.912300e-01 -1.595400e-01 -3.204100e-02 9 64 1.268600e+01 2.380000e+00 -1214 2778 0
-2.480100e-01 1.859300e-01 -1.592700e-01 -3.204100e-02 10 64 1.261600e+01 2.380000e+00 -1.522500e+03 2.851300e+03 0
-2.592000e-01 2.253400e-01 -1.612400e-01 -3.204100e-02 11 64 1.211200e+01 2.380000e+00 -1016 2240 0
-2.851200e-01 2.321000e-01 -1.615800e-01 -3.204100e-02 12 64 1.165400e+01 2.380000e+00 -1.036500e+03 2.155700e+03 0
-3.077600e-01 2.760800e-01 -1.637700e-01 -3.204100e-02 13 64 1.097000e+01 2.380000e+00 -7.399000e+02 1.784200e+03 0
-1.222300e-01 4.150200e-01 -1.707000e-01 -3.204100e-02 15 64 1.037600e+01 2.380000e+00 1.530900e+02 1.249700e+03 0
3.536000e-01 3.604100e-01 -1.679800e-01 -3.204100e-02 28 64 1.212900e+01 2.380000e+00 1.115600e+03 1.472600e+03 0
6.799100e-01 6.388700e-01 -1.818600e-01 -3.204100e-02 29 64 1.366400e+01 2.380000e+00 1.290100e+03 9.403900e+02 0
6.725500e-01 7.359500e-01 -1.867100e-01 -3.204100e-02 30 64 1.454300e+01 2.380000e+00 1192 8.569600e+02 0
6.793700e-01 7.975800e-01 -1.897800e-01 -3.204100e-02 31 64 1.462200e+01 2.380000e+00 1.154600e+03 8.162600e+02 0
6.851000e-01 8.278800e-01 -1.912900e-01 -3.204100e-02 32 64 1.390500e+01 2.380000e+00 1.140600e+03 7.988000e+02 0
6.984700e-01 8.714500e-01 -1.934600e-01 -3.204100e-02 33 64 1.190000e+01 2.380000e+00 1.126700e+03 7.761800e+02 0
7.743100e-01 5.083900e-01 -1.753600e-01 -3.204100e-02 34 64 1.059500e+01 2.380000e+00 1.632100e+03 1.120100e+03 0
7.328400e-01 8.065300e-01 -1.902300e-01 -3.204100e-02 35 64 1.033900e+01 2.380000e+00 1.197900e+03 8.120800e+02 0
-8.307900e-01 8.858800e-01 -1.941800e-01 -3.204100e-02 36 64 1.076000e+01 2.380000e+00 -6.480200e+01 7.434200e+02 0
-8.545300e-01 8.618100e-01 -1.929800e-01 -3.204100e-02 37 64 1.111500e+01 2.380000e+00 -1.049100e+02 7.533800e+02 0
-8.883600e-01 7.741800e-01 -1.886100e-01 -3.204100e-02 38 64 1.068600e+01 2.380000e+00 -2.290200e+02 7.961100e+02 0
