0 0 -1.500000e-01 0 1 65 1.638500e+01 3.110000e+00 2167 -3.612800e+03 0
-7.093800e-02 1.119700e-01 -1.573000e-01 0 5 65 1.520000e+01 3.110000e+00 -3.125600e+03 7.759900e+03 0
-1.585200e-01 1.860000e-01 -1.621300e-01 0 8 65 1.434800e+01 3.110000e+00 -1.094700e+03 2.931200e+03 0
-2.008100e-01 1.915900e-01 -1.624900e-01 0 9 65 1.368900e+01 3.110000e+00 -1.210200e+03 2788 0
-2.480100e-01 1.861200e-01 -1.621300e-01 0 10 65 1.364500e+01 3.110000e+00 -1.521100e+03 2.864500e+03 0
-2.619200e-01 2.212300e-01 -1.644200e-01 0 11 65 1.312000e+01 3.110000e+00 -1.072600e+03 2.302600e+03 0
-2.881200e-01 2.285700e-01 -1.649000e-01 0 12 65 1.273800e+01 3.110000e+00 -1.085800e+03 2.207200e+03 0
-3.044900e-01 2.803500e-01 -1.682800e-01 0 13 65 1.203600e+01 3.110000e+00 -7.037400e+02 1.770700e+03 0
-3.050300e-01 3.042600e-01 -1.698400e-01 0 14 65 1.158400e+01 3.110000e+00 -5.661300e+02 1.634500e+03 0
-1.260500e-01 3.805900e-01 -1.748100e-01 0 15 65 1.141100e+01 3.110000e+00 8.528800e+01 1.356600e+03 0
3.536000e-01 3.237400e-01 -1.711100e-01 0 28 65 1.317200e+01 3.110000e+00 1.181200e+03 1653 0
6.799100e-01 6.396200e-01 -1.917000e-01 0 29 65 1.469500e+01 3.110000e+00 1.289900e+03 9.511100e+02 0
6.725500e-01 7.360600e-01 -1.979900e-01 0 30 65 1.560500e+01 3.110000e+00 1.192500e+03 8.680200e+02 0
6.793700e-01 7.975700e-01 -2.020000e-01 0 31 65 1.574500e+01 3.110000e+00 1.155100e+03 8.272500e+02 0
6.766400e-01 8.343700e-01 -2.044000e-01 0 32 65 1.518900e+01 3.110000e+00 1.129700e+03 8.059600e+02 0
6.810000e-01 8.741700e-01 -2.070000e-01 0 33 65 1.368000e+01 3.110000e+00 1111 7.853400e+02 0
7.699500e-01 7.399200e-01 -1.982400e-01 0 35 65 1.094800e+01 3.110000e+00 1.288800e+03 8.678600e+02 0
-8.212400e-01 9.020900e-01 -2.088200e-01 0 36 65 1.180300e+01 3.110000e+00 -4.397800e+01 7.470400e+02 0
-8.348900e-01 9.104600e-01 -2.093600e-01 0 37 65 1.228800e+01 3.110000e+00 -4.648500e+01 7.434800e+02 0
-8.580800e-01 9.048800e-01 -2.090000e-01 0 38 65 1.192900e+01 3.110000e+00 -6.778500e+01 7.453400e+02 0
-9.123700e-01 8.730700e-01 -2.069200e-01 0 39 65 1.059900e+01 3.110000e+00 -1.369500e+02 7.576500e+02 0
0 0 -1.500000e-01 3.204100e-02 1 66 1.539100e+01 3.110000e+00 2167 -3.612800e+03 0
-7.093800e-02 1.128500e-01 -1.573600e-01 3.204100e-02 5 66 1.419100e+01 3.110000e+00 -3.043800e+03 7.602300e+03 0
-1.585200e-01 1.858900e-01 -1.621200e-01 3.204100e-02 8 66 1.334800e+01 3.110000e+00 -1.096400e+03 2.933600e+03 0
-2.008100e-01 1.922400e-01 -1.625300e-01 3.204100e-02 9 66 1.267500e+01 3.110000e+00 -1.200300e+03 2.775600e+03 0
-2.504700e-01 1.825600e-01 -1.619000e-01 3.204100e-02 10 66 1.263300e+01 3.110000e+00 -1.600200e+03 2.937500e+03 0
-2.619200e-01 2.215600e-01 -1.644500e-01 3.204100e-02 11 66 1.203100e+01 3.110000e+00 -1.068900e+03 2.298600e+03 0
-2.881200e-01 2.289900e-01 -1.649300e-01 3.204100e-02 12 66 1.174300e+01 3.110000e+00 -1.081200e+03 2.202600e+03 0
-3.044900e-01 2.814000e-01 -1.683500e-01 3.204100e-02 13 66 1.105000e+01 3.110000e+00 -6.970200e+02 1.764200e+03 0
-3.014900e-01 3.011700e-01 -1.696400e-01 3.204100e-02 14 66 1.048800e+01 3.110000e+00 -5.736800e+02 1.651200e+03 0
-1.260500e-01 3.407100e-01 -1.722100e-01 3.204100e-02 15 66 1.066000e+01 3.110000e+00 -4.284200e+00 1.497100e+03 0
3.462300e-01 3.901200e-01 -1.754400e-01 3.204100e-02 28 66 1.215200e+01 3.110000e+00 1.059200e+03 1.379200e+03 0
6.799100e-01 6.373000e-01 -1.915500e-01 3.204100e-02 29 66 1.366900e+01 3.110000e+00 1.292400e+03 9.534800e+02 0
6.725500e-01 7.336400e-01 -1.978300e-01 3.204100e-02 30 66 1.456100e+01 3.110000e+00 1.194400e+03 8.697900e+02 0
6.793700e-01 7.973800e-01 -2.019900e-01 3.204100e-02 31 66 1.469100e+01 3.110000e+00 1.155200e+03 8.273600e+02 0
6.766400e-01 8.363900e-01 -2.045300e-01 3.204100e-02 32 66 1.411500e+01 3.110000e+00 1.128500e+03 8.048500e+02 0
6.722700e-01 8.816500e-01 -2.074800e-01 3.204100e-02 33 66 1.255400e+01 3.110000e+00 1.099800e+03 7.815200e+02 0
7.977800e-01 8.216700e-01 -2.035700e-01 3.204100e-02 35 66 1.005200e+01 3.110000e+00 1.246700e+03 8.156600e+02 0
-8.212400e-01 8.995700e-01 -2.086500e-01 3.204100e-02 36 66 1.093400e+01 3.110000e+00 -4.616100e+01 7.480600e+02 0
-8.348900e-01 9.067300e-01 -2.091200e-01 3.204100e-02 37 66 1.150400e+01 3.110000e+00 -4.969600e+01 7.449600e+02 0
-8.479800e-01 9.100500e-01 -2.093400e-01 3.204100e-02 38 66 1.116900e+01 3.110000e+00 -5.609500e+01 7.434400e+02 0
0 0 -1.500000e-01 6.408200e-02 1 67 9.619400e+00 3.110000e+00 2167 -3.612800e+03 0
6.567200e-01 7.638100e-01 -1.998000e-01 6.408200e-02 30 67 9.930700e+00 3.110000e+00 1.156300e+03 8.482200e+02 0
6.630000e-01 8.032300e-01 -2.023700e-01 6.408200e-02 31 67 1.028800e+01 3.110000e+00 1.136300e+03 8.234700e+02 0
6.766400e-01 8.303300e-01 -2.041400e-01 6.408200e-02 32 67 1.006900e+01 3.110000e+00 1132 8.081800e+02 0
7.246600e-01 8.507000e-01 -2.054700e-01 6.408200e-02 33 67 9.656900e+00 3.110000e+00 1.161700e+03 7.981600e+02 0
-8.283400e-01 4.739000e+00 -4.589800e-01 -1.025300e+00 139 33 1.022200e+01 3.110000e+00 5.584500e+02 4.645900e+02 1
1.478800e+00 9.347600e+00 -7.594600e-01 -1.025300e+00 272 33 1.050300e+01 3.110000e+00 7.841200e+02 4.341000e+02 1
1.706900e+00 9.344500e+00 -7.592600e-01 -1.025300e+00 273 33 1.067700e+01 3.110000e+00 7.999800e+02 4.341900e+02 1
1.014400e+00 9.936000e+00 -7.978200e-01 -1.025300e+00 287 33 1.016900e+01 3.110000e+00 7.485300e+02 4.320200e+02 1
7.047400e-01 9.984600e+00 -8.009900e-01 -1.025300e+00 288 33 1.052100e+01 3.110000e+00 7.282800e+02 4.317800e+02 1
5.500400e-01 1.001400e+01 -8.029400e-01 -1.025300e+00 289 33 1.062400e+01 3.110000e+00 7.182400e+02 4.316500e+02 1
7.096500e-01 1.005200e+01 -8.053600e-01 -1.025300e+00 290 33 1.085200e+01 3.110000e+00 7.283600e+02 4.315800e+02 1
7.912300e-01 1.008000e+01 -8.072400e-01 -1.025300e+00 291 33 1.068700e+01 3.110000e+00 7.334700e+02 4.315200e+02 1
1.032100e+00 1.011000e+01 -8.091700e-01 -1.025300e+00 292 33 9.992400e+00 3.110000e+00 7.487100e+02 4.315000e+02 1
9.085500e-01 2.958700e+00 -3.429000e-01 -9.932700e-01 91 34 1.059400e+01 3.110000e+00 8.582600e+02 5.062600e+02 1
9.683000e-01 2.967000e+00 -3.434500e-01 -9.932700e-01 92 34 1.080300e+01 3.110000e+00 8.711800e+02 5.060700e+02 1
1.029100e+00 3.009000e+00 -3.461900e-01 -9.932700e-01 93 34 1.049000e+01 3.110000e+00 8.820800e+02 5.046700e+02 1
9.642100e-01 3.073400e+00 -3.503900e-01 -9.932700e-01 94 34 1.101800e+01 3.110000e+00 8.639400e+02 5.023200e+02 1
9.745800e-01 3.116400e+00 -3.531900e-01 -9.932700e-01 95 34 1.165400e+01 3.110000e+00 8.637200e+02 5.009000e+02 1
9.849500e-01 3.148600e+00 -3.552900e-01 -9.932700e-01 96 34 1.153900e+01 3.110000e+00 8.641100e+02 4.998600e+02 1
9.953100e-01 3.184900e+00 -3.576600e-01 -9.932700e-01 97 34 1.068300e+01 3.110000e+00 8.642700e+02 4.987200e+02 1
-7.923200e-01 4.532400e+00 -4.455100e-01 -9.932700e-01 133 34 1.050000e+01 3.110000e+00 5.572800e+02 4.675200e+02 1
-7.983200e-01 4.557200e+00 -4.471300e-01 -9.932700e-01 134 34 1.056200e+01 3.110000e+00 5.572000e+02 4.671500e+02 1
-7.475800e-01 4.701000e+00 -4.565000e-01 -9.932700e-01 138 34 1.165800e+01 3.110000e+00 5.683100e+02 4.651700e+02 1
-7.906900e-01 4.729400e+00 -4.583600e-01 -9.932700e-01 139 34 1.252400e+01 3.110000e+00 5.632600e+02 4.647500e+02 1
-8.722600e-01 4.746400e+00 -4.594700e-01 -9.932700e-01 140 34 1.245800e+01 3.110000e+00 5.527700e+02 4.644500e+02 1
-9.167400e-01 4.783300e+00 -4.618700e-01 -9.932700e-01 141 34 1.162700e+01 3.110000e+00 5.479400e+02 4.639200e+02 1
-9.617500e-01 4.822100e+00 -4.644000e-01 -9.932700e-01 142 34 1.005600e+01 3.110000e+00 5.431800e+02 4.633800e+02 1
1.620700e+00 9.284900e+00 -7.553700e-01 -9.932700e-01 271 34 1.091000e+01 3.110000e+00 7.946500e+02 4.343700e+02 1
1.700600e+00 9.308100e+00 -7.568800e-01 -9.932700e-01 272 34 1.183000e+01 3.110000e+00 7.999600e+02 4.343100e+02 1
1.781100e+00 9.324300e+00 -7.579400e-01 -9.932700e-01 273 34 1.186100e+01 3.110000e+00 8.053800e+02 4.342800e+02 1
1.862100e+00 9.338600e+00 -7.588700e-01 -9.932700e-01 274 34 1.111100e+01 3.110000e+00 8.108400e+02 4.342600e+02 1
1.794200e+00 9.393600e+00 -7.624600e-01 -9.932700e-01 275 34 1.037500e+01 3.110000e+00 8.054500e+02 4.340400e+02 1
7.830500e-01 9.980600e+00 -8.007300e-01 -9.932700e-01 288 34 1.031900e+01 3.110000e+00 7.333400e+02 4.318200e+02 1
5.500400e-01 9.981400e+00 -8.007900e-01 -9.932700e-01 289 34 1.054200e+01 3.110000e+00 7.183200e+02 4.317500e+02 1
5.519500e-01 10 -8.020100e-01 -9.932700e-01 290 34 1.068400e+01 3.110000e+00 7.184000e+02 4.316900e+02 1
7.121100e-01 1.004400e+01 -8.048500e-01 -9.932700e-01 291 34 1.042000e+01 3.110000e+00 7.285500e+02 4.316000e+02 1
-3.192200e-01 2.603700e+00 -3.197600e-01 -9.612300e-01 79 35 1.006200e+01 3.110000e+00 5.711200e+02 5.183100e+02 0
-2.802000e-01 2.598300e+00 -3.194100e-01 -9.612300e-01 80 35 9.939600e+00 3.110000e+00 5.806000e+02 5.186500e+02 0
8.498900e-01 2.975100e+00 -3.439800e-01 -9.612300e-01 90 35 1.189200e+01 3.110000e+00 8.442100e+02 5.055600e+02 1
8.840000e-01 2.996500e+00 -3.453700e-01 -9.612300e-01 91 35 1.278200e+01 3.110000e+00 8.506600e+02 5.048500e+02 1
9.434700e-01 3.011300e+00 -3.463400e-01 -9.612300e-01 92 35 1.273400e+01 3.110000e+00 8.629900e+02 5.044300e+02 1
1.029100e+00 2.989900e+00 -3.449400e-01 -9.612300e-01 93 35 1.125900e+01 3.110000e+00 8.833300e+02 5.053500e+02 1
9.388400e-01 3.095300e+00 -3.518100e-01 -9.612300e-01 94 35 1.325300e+01 3.110000e+00 8.572500e+02 5.015300e+02 1
9.745800e-01 3.120900e+00 -3.534900e-01 -9.612300e-01 95 35 1.397200e+01 3.110000e+00 8.634600e+02 5.007500e+02 1
1.010900e+00 3.141600e+00 -3.548300e-01 -9.612300e-01 96 35 1.372700e+01 3.110000e+00 8.699900e+02 5.001300e+02 1
9.953100e-01 3.175200e+00 -3.570200e-01 -9.612300e-01 97 35 1.271400e+01 3.110000e+00 8.648100e+02 4.990300e+02 1
9.792200e-01 3.225300e+00 -3.602900e-01 -9.612300e-01 98 35 1.106300e+01 3.110000e+00 8.587500e+02 4.974400e+02 1
-7.923200e-01 4.527200e+00 -4.451700e-01 -9.612300e-01 133 35 1.049400e+01 3.110000e+00 5.571300e+02 4.675900e+02 1
-8.346100e-01 4.529400e+00 -4.453200e-01 -9.612300e-01 134 35 1.062900e+01 3.110000e+00 5.512400e+02 4.675200e+02 1
-7.475800e-01 4.694200e+00 -4.560600e-01 -9.612300e-01 138 35 1.190900e+01 3.110000e+00 5.681300e+02 4.652600e+02 1
-7.906900e-01 4.722500e+00 -4.579100e-01 -9.612300e-01 139 35 1.275100e+01 3.110000e+00 5.630600e+02 4.648400e+02 1
-8.343400e-01 4.750000e+00 -4.597000e-01 -9.612300e-01 140 35 1.265600e+01 3.110000e+00 5.579700e+02 4.644300e+02 1
-8.785400e-01 4.790000e+00 -4.623100e-01 -9.612300e-01 141 35 1.180500e+01 3.110000e+00 5.532300e+02 4.638700e+02 1
-9.617500e-01 4.829300e+00 -4.648700e-01 -9.612300e-01 142 35 1.034500e+01 3.110000e+00 5.434100e+02 4.632900e+02 1
1.620700e+00 9.280200e+00 -7.550700e-01 -9.612300e-01 271 35 1.064600e+01 3.110000e+00 7.947000e+02 4.343900e+02 1
1.700600e+00 9.305300e+00 -7.567000e-01 -9.612300e-01 272 35 1.132400e+01 3.110000e+00 7.999900e+02 4.343200e+02 1
1.706900e+00 9.319000e+00 -7.576000e-01 -9.612300e-01 273 35 1.110600e+01 3.110000e+00 8.002700e+02 4.342800e+02 1
1.787600e+00 9.326600e+00 -7.580900e-01 -9.612300e-01 274 35 9.925500e+00 3.110000e+00 8.058000e+02 4.342800e+02 1
8.403400e-01 2.956000e+00 -3.427300e-01 -9.291900e-01 89 36 1.049600e+01 3.110000e+00 8.430800e+02 5.062400e+02 1
8.498900e-01 2.977700e+00 -3.441500e-01 -9.291900e-01 90 36 1.203000e+01 3.110000e+00 8.440800e+02 5.054600e+02 1
8.840000e-01 3.000700e+00 -3.456400e-01 -9.291900e-01 91 36 1.281500e+01 3.110000e+00 8.504300e+02 5.047000e+02 1
9.186500e-01 3.027700e+00 -3.474100e-01 -9.291900e-01 92 36 1.270200e+01 3.110000e+00 8.565900e+02 5.038100e+02 1
9.388400e-01 3.097400e+00 -3.519500e-01 -9.291900e-01 94 36 1.333600e+01 3.110000e+00 8.571300e+02 5.014700e+02 1
9.745800e-01 3.122300e+00 -3.535700e-01 -9.291900e-01 95 36 1.406000e+01 3.110000e+00 8.633900e+02 5.007000e+02 1
1.010900e+00 3.142200e+00 -3.548700e-01 -9.291900e-01 96 36 1.376600e+01 3.110000e+00 8.699500e+02 5.001100e+02 1
9.953100e-01 3.168300e+00 -3.565700e-01 -9.291900e-01 97 36 1.267400e+01 3.110000e+00 8.651900e+02 4.992500e+02 1
1.005700e+00 3.179600e+00 -3.573100e-01 -9.291900e-01 98 36 1.115700e+01 3.110000e+00 8.667300e+02 4.989100e+02 1
-7.849600e-01 4.694900e+00 -4.561100e-01 -9.291900e-01 138 36 1.020600e+01 3.110000e+00 5.630700e+02 4.652200e+02 1
-7.906900e-01 4.708200e+00 -4.569700e-01 -9.291900e-01 139 36 1.094500e+01 3.110000e+00 5.626600e+02 4.650300e+02 1
-8.722600e-01 4.733200e+00 -4.586000e-01 -9.291900e-01 140 36 1.081600e+01 3.110000e+00 5.523700e+02 4.646300e+02 1
8.348900e-01 2.993600e+00 -3.451800e-01 -8.971500e-01 91 37 1.068700e+01 3.110000e+00 8.399300e+02 5.048600e+02 1
8.193300e-01 3.047000e+00 -3.486700e-01 -8.971500e-01 92 37 1.056500e+01 3.110000e+00 8.338900e+02 5.029600e+02 1
9.388400e-01 3.097800e+00 -3.519800e-01 -8.971500e-01 94 37 1.145200e+01 3.110000e+00 8.571100e+02 5.014500e+02 1
9.745800e-01 3.123400e+00 -3.536400e-01 -8.971500e-01 95 37 1.195700e+01 3.110000e+00 8.633300e+02 5.006700e+02 1
9.590300e-01 3.160500e+00 -3.560600e-01 -8.971500e-01 96 37 1.156900e+01 3.110000e+00 858 4.994400e+02 1
9.691200e-01 3.146400e+00 -3.551400e-01 -8.971500e-01 97 37 1.016200e+01 3.110000e+00 8.608900e+02 4.999100e+02 1
0 0 -1.500000e-01 -3.204100e-02 1 64 1.533600e+01 3.110000e+00 2167 -3.612800e+03 0
-7.093800e-02 1.116100e-01 -1.572800e-01 -3.204100e-02 5 64 1.417400e+01 3.110000e+00 -3.160200e+03 7.826700e+03 0
-1.585200e-01 1.860300e-01 -1.621300e-01 -3.204100e-02 8 64 1.331300e+01 3.110000e+00 -1.094300e+03 2.930600e+03 0
-2.008100e-01 1.905700e-01 -1.624200e-01 -3.204100e-02 9 64 1.265700e+01 3.110000e+00 -1.226100e+03 2.807900e+03 0
-2.480100e-01 1.842300e-01 -1.620100e-01 -3.204100e-02 10 64 1.263600e+01 3.110000e+00 -1.556300e+03 2.903600e+03 0
-2.619200e-01 2.185800e-01 -1.642500e-01 -3.204100e-02 11 64 1.219800e+01 3.110000e+00 -1.103200e+03 2.335400e+03 0
-2.881200e-01 2.254500e-01 -1.647000e-01 -3.204100e-02 12 64 1.176500e+01 3.110000e+00 -1.120200e+03 2.242100e+03 0
-3.044900e-01 2.792400e-01 -1.682100e-01 -3.204100e-02 13 64 1.105600e+01 3.110000e+00 -7.109900e+02 1.777800e+03 0
-3.014900e-01 3.089900e-01 -1.701500e-01 -3.204100e-02 14 64 1.057200e+01 3.110000e+00 -5.332400e+02 1.611400e+03 0
-1.298700e-01 4.433600e-01 -1.789100e-01 -3.204100e-02 15 64 1.047000e+01 3.110000e+00 1.812400e+02 1.195800e+03 0
3.536000e-01 2.725500e-01 -1.677700e-01 -3.204100e-02 28 64 1.218900e+01 3.110000e+00 1.314900e+03 1.996100e+03 0
6.799100e-01 6.406100e-01 -1.917700e-01 -3.204100e-02 29 64 1.370100e+01 3.110000e+00 1.288800e+03 9.501100e+02 0
6.804600e-01 7.307900e-01 -1.976500e-01 -3.204100e-02 30 64 1.461400e+01 3.110000e+00 1.204800e+03 8.721100e+02 0
6.793700e-01 7.975400e-01 -2.020000e-01 -3.204100e-02 31 64 1.476300e+01 3.110000e+00 1.155100e+03 8.272700e+02 0
6.851000e-01 8.255300e-01 -2.038200e-01 -3.204100e-02 32 64 1.423500e+01 3.110000e+00 1.142500e+03 8.110400e+02 0
6.810000e-01 8.694400e-01 -2.066900e-01 -3.204100e-02 33 64 1.279800e+01 3.110000e+00 1.113600e+03 7.876900e+02 0
7.514000e-01 6.695500e-01 -1.936500e-01 -3.204100e-02 35 64 9.937500e+00 3.110000e+00 1.340800e+03 9.248100e+02 0
-8.403400e-01 8.788300e-01 -2.073000e-01 -3.204100e-02 36 64 1.075600e+01 3.110000e+00 -7.860200e+01 7.563700e+02 0
-8.447100e-01 9.037700e-01 -2.089300e-01 -3.204100e-02 37 64 1.111900e+01 3.110000e+00 -5.925100e+01 7.459900e+02 0
-8.681700e-01 9.141600e-01 -2.096000e-01 -3.204100e-02 38 64 1.069300e+01 3.110000e+00 -6.674200e+01 7.415200e+02 0
