0 0 -1.500000e-01 0 1 65 1.643200e+01 2.100000e+00 2167 -3.612800e+03 0
-7.093800e-02 1.119800e-01 -1.549300e-01 0 5 65 1.520300e+01 2.100000e+00 -3.115700e+03 7704 0
-1.585200e-01 1.859900e-01 -1.581800e-01 0 8 65 1.436400e+01 2.100000e+00 -1.092600e+03 2.907200e+03 0
-2.008100e-01 1.917400e-01 -1.584400e-01 0 9 65 1.367700e+01 2.100000e+00 -1.205700e+03 2762 0
-2.480100e-01 1.863000e-01 -1.582000e-01 0 10 65 1.364900e+01 2.100000e+00 -1515 2.837300e+03 0
-2.619200e-01 2.212600e-01 -1.597400e-01 0 11 65 1.310800e+01 2.100000e+00 -1.070300e+03 2.281400e+03 0
-2.881200e-01 2.282700e-01 -1.600400e-01 0 12 65 1.265300e+01 2.100000e+00 -1087 2.190100e+03 0
-3.077600e-01 2.779700e-01 -1.622300e-01 0 13 65 1.188500e+01 2.100000e+00 -7.268700e+02 1.766800e+03 0
-3.192200e-01 3.054000e-01 -1.634400e-01 0 14 65 1.150800e+01 2.100000e+00 -5.937900e+02 1.608400e+03 0
-1.260500e-01 4.327200e-01 -1.690400e-01 0 15 65 1.136200e+01 2.100000e+00 1.730500e+02 1.203100e+03 0
3.536000e-01 3.447200e-01 -1.651700e-01 0 28 65 1.312100e+01 2.100000e+00 1141 1.532900e+03 0
6.722700e-01 6.462200e-01 -1.784400e-01 0 29 65 1.469900e+01 2.100000e+00 1.272800e+03 9.284100e+02 0
6.725500e-01 7.388200e-01 -1.825100e-01 0 30 65 1.566300e+01 2.100000e+00 1.189600e+03 8.506100e+02 0
6.711800e-01 8.044000e-01 -1.854000e-01 0 31 65 1.585600e+01 2.100000e+00 1.142400e+03 8.077900e+02 0
6.766400e-01 8.331800e-01 -1.866600e-01 0 32 65 1.536900e+01 2.100000e+00 1.129700e+03 7.915300e+02 0
6.810000e-01 8.713900e-01 -1.883400e-01 0 33 65 1.399200e+01 2.100000e+00 1.111900e+03 7.717400e+02 0
-1.011100e+00 5.093000e-01 -1.724100e-01 0 35 65 1.089700e+01 2.100000e+00 -9.078600e+02 1.016100e+03 0
-8.403400e-01 8.694300e-01 -1.882600e-01 0 36 65 1.167700e+01 2.100000e+00 -8.688200e+01 7.463900e+02 0
-8.643500e-01 8.600200e-01 -1.878400e-01 0 37 65 1.226800e+01 2.100000e+00 -1.138500e+02 7.501300e+02 0
-9.085500e-01 8.059800e-01 -1.854600e-01 0 38 65 1.188100e+01 2.100000e+00 -2.063600e+02 7.749700e+02 0
-9.745800e-01 7.236100e-01 -1.818400e-01 0 39 65 1.037400e+01 2.100000e+00 -3.736200e+02 8.202200e+02 0
0 0 -1.500000e-01 3.204100e-02 1 66 1.538600e+01 2.100000e+00 2167 -3.612800e+03 0
-7.093800e-02 1.125500e-01 -1.549500e-01 3.204100e-02 5 66 1.419100e+01 2.100000e+00 -3.063100e+03 7.602900e+03 0
-1.585200e-01 1.858200e-01 -1.581800e-01 3.204100e-02 8 66 1.335900e+01 2.100000e+00 -1.095200e+03 2911 0
-2.008100e-01 1.919300e-01 -1.584500e-01 3.204100e-02 9 66 1.263200e+01 2.100000e+00 -1.202800e+03 2.758400e+03 0
-2.480100e-01 1.872300e-01 -1.582400e-01 3.204100e-02 10 66 1.267500e+01 2.100000e+00 -1.498100e+03 2.818600e+03 0
-2.619200e-01 2.231800e-01 -1.598200e-01 3.204100e-02 11 66 1.214700e+01 2.100000e+00 -1.048900e+03 2.258500e+03 0
-2.881200e-01 2.309900e-01 -1.601600e-01 3.204100e-02 12 66 1.163900e+01 2.100000e+00 -1058 2.160800e+03 0
-3.077600e-01 2.784200e-01 -1.622500e-01 3.204100e-02 13 66 1.086900e+01 2.100000e+00 -7.239400e+02 1.763900e+03 0
-1.260500e-01 1.621200e-01 -1.571300e-01 3.204100e-02 15 66 1.056300e+01 2.100000e+00 -1.351700e+03 3.587900e+03 0
3.609700e-01 3.520100e-01 -1.654900e-01 3.204100e-02 28 66 1.204800e+01 2.100000e+00 1.146700e+03 1.502700e+03 0
6.722700e-01 6.435100e-01 -1.783200e-01 3.204100e-02 29 66 1.362500e+01 2.100000e+00 1.275600e+03 9.310900e+02 0
6.725500e-01 7.375200e-01 -1.824500e-01 3.204100e-02 30 66 1.462000e+01 2.100000e+00 1.190600e+03 8.515500e+02 0
6.711800e-01 8.044600e-01 -1.854000e-01 3.204100e-02 31 66 1.483100e+01 2.100000e+00 1.142400e+03 8.077600e+02 0
6.766400e-01 8.344000e-01 -1.867200e-01 3.204100e-02 32 66 1.435700e+01 2.100000e+00 1129 7.908600e+02 0
6.810000e-01 8.737100e-01 -1.884400e-01 3.204100e-02 33 66 1.299400e+01 2.100000e+00 1.110600e+03 7.706000e+02 0
6.029700e-01 9.172000e-01 -1.903600e-01 3.204100e-02 35 66 9.991500e+00 2.100000e+00 1027 7.490700e+02 0
-8.594400e-01 8.479500e-01 -1.873100e-01 3.204100e-02 36 66 1.063900e+01 2.100000e+00 -1.222700e+02 7.556500e+02 0
-8.741700e-01 8.461800e-01 -1.872300e-01 3.204100e-02 37 66 1.119000e+01 2.100000e+00 -1.352500e+02 7.562000e+02 0
-9.186500e-01 7.954700e-01 -1.850000e-01 3.204100e-02 38 66 1.075900e+01 2.100000e+00 -2.270600e+02 7.801700e+02 0
3.055800e-01 5.146800e-01 -1.726500e-01 6.408200e-02 29 67 9.798300e+00 2.100000e+00 8.918600e+02 1.076800e+03 0
6.567200e-01 7.342100e-01 -1.823100e-01 6.408200e-02 30 67 1.015000e+01 2.100000e+00 1177 8.535300e+02 0
6.466300e-01 8.243200e-01 -1.862700e-01 6.408200e-02 31 67 1.014200e+01 2.100000e+00 1.108200e+03 7.958100e+02 0
6.258900e-01 8.592600e-01 -1.878100e-01 6.408200e-02 32 67 9.616800e+00 2.100000e+00 1.071700e+03 7.767900e+02 0
7.560300e-01 5.641900e+00 -3.982600e-01 -8.010300e-01 164 40 1.110200e+01 2.100000e+00 7.608100e+02 4.422000e+02 1
7.606700e-01 5.669600e+00 -3.994800e-01 -8.010300e-01 165 40 1.167700e+01 2.100000e+00 761 4.419300e+02 1
7.653100e-01 5.682300e+00 -4.000300e-01 -8.010300e-01 166 40 1.106800e+01 2.100000e+00 7.613800e+02 4.418200e+02 1
-9.767600e-02 6.247300e+00 -4.248900e-01 -8.010300e-01 180 40 1.131100e+01 2.100000e+00 6.660900e+02 4.365100e+02 1
0 6.283200e+00 -4.264700e-01 -8.010300e-01 181 40 1.169800e+01 2.100000e+00 6.762300e+02 4.362800e+02 1
-4.938400e-02 6.320100e+00 -4.281000e-01 -8.010300e-01 182 40 1.135300e+01 2.100000e+00 6.713100e+02 4.359700e+02 1
-4.965700e-02 6.352300e+00 -4.295100e-01 -8.010300e-01 183 40 1.037400e+01 2.100000e+00 6.714000e+02 4.357300e+02 1
7.956000e-01 5.598500e+00 -3.963500e-01 -7.689800e-01 163 41 1.027800e+01 2.100000e+00 7.659200e+02 4.426400e+02 1
7.560300e-01 5.640300e+00 -3.981900e-01 -7.689800e-01 164 41 1.235400e+01 2.100000e+00 7.608300e+02 4.422100e+02 1
7.606700e-01 5.673300e+00 -3.996400e-01 -7.689800e-01 165 41 1.297000e+01 2.100000e+00 7.609600e+02 4.419000e+02 1
7.653100e-01 5.705500e+00 -4.010500e-01 -7.689800e-01 166 41 1.250400e+01 2.100000e+00 7.611000e+02 4.416000e+02 1
7.699500e-01 5.745900e+00 -4.028300e-01 -7.689800e-01 167 41 1.111500e+01 2.100000e+00 7.611400e+02 4.412200e+02 1
8.201500e-01 5.769200e+00 -4.038600e-01 -7.689800e-01 168 41 1.037800e+01 2.100000e+00 7.665100e+02 4.410300e+02 1
-1.942600e-01 6.202400e+00 -4.229200e-01 -7.689800e-01 179 41 1.139300e+01 2.100000e+00 6.558900e+02 4.368100e+02 1
-9.767600e-02 6.243400e+00 -4.247200e-01 -7.689800e-01 180 41 1.251800e+01 2.100000e+00 6.660700e+02 4.365400e+02 1
-4.911100e-02 6.280600e+00 -4.263600e-01 -7.689800e-01 181 41 1.294800e+01 2.100000e+00 6.712000e+02 4.362800e+02 1
-9.876700e-02 6.314100e+00 -4.278300e-01 -7.689800e-01 182 41 1.271000e+01 2.100000e+00 6.662700e+02 436 1
-1.489700e-01 6.349300e+00 -4.293800e-01 -7.689800e-01 183 41 1.181300e+01 2.100000e+00 6.613500e+02 4.357100e+02 1
-1.997200e-01 6.379100e+00 -4.306900e-01 -7.689800e-01 184 41 1.039200e+01 2.100000e+00 6.564100e+02 4.354600e+02 1
1.126800e+00 3.888500e+00 -3.211000e-01 -7.369400e-01 119 42 9.774300e+00 2.100000e+00 8.545400e+02 4.673800e+02 0
7.115600e-01 5.647800e+00 -3.985200e-01 -7.369400e-01 164 42 1.157200e+01 2.100000e+00 7.556200e+02 4.421200e+02 1
7.606700e-01 5.676000e+00 -3.997500e-01 -7.369400e-01 165 42 1.223100e+01 2.100000e+00 7.609300e+02 4.418700e+02 1
7.653100e-01 5.709600e+00 -4.012300e-01 -7.369400e-01 166 42 1.188500e+01 2.100000e+00 7.610500e+02 4.415600e+02 1
8.152400e-01 5.739400e+00 -4.025400e-01 -7.369400e-01 167 42 1.070500e+01 2.100000e+00 7.663400e+02 4.413100e+02 1
-2.913900e-01 6.206500e+00 -4.231000e-01 -7.369400e-01 179 42 1.067400e+01 2.100000e+00 6.458900e+02 4.367300e+02 1
-1.465100e-01 6.247500e+00 -4.249000e-01 -7.369400e-01 180 42 1.172100e+01 2.100000e+00 6.610700e+02 4.364800e+02 1
-9.822200e-02 6.283000e+00 -4.264700e-01 -7.369400e-01 181 42 1.223200e+01 2.100000e+00 6.661900e+02 4.362300e+02 1
-1.481500e-01 6.313700e+00 -4.278100e-01 -7.369400e-01 182 42 1.210500e+01 2.100000e+00 6.612500e+02 4.359800e+02 1
-1.986300e-01 6.341700e+00 -4.290500e-01 -7.369400e-01 183 42 1.131000e+01 2.100000e+00 6.562900e+02 4.357400e+02 1
0 0 -1.500000e-01 -2.563300e-01 1 57 9.507300e+00 2.100000e+00 2167 -3.612800e+03 0
3.143100e-01 4.440500e-01 -1.695400e-01 -2.563300e-01 17 57 9.794100e+00 2.100000e+00 9.463600e+02 1.212500e+03 0
3.339500e-01 4.749100e-01 -1.709000e-01 -2.563300e-01 18 57 1.021500e+01 2.100000e+00 9.588200e+02 1.148700e+03 0
3.486900e-01 5.108900e-01 -1.724800e-01 -2.563300e-01 19 57 9.507800e+00 2.100000e+00 9.587200e+02 1.085400e+03 0
0 0 -1.500000e-01 -6.408200e-02 1 63 1.035100e+01 2.100000e+00 2167 -3.612800e+03 0
3.383200e-02 8.068500e-03 -1.503600e-01 -6.408200e-02 2 63 1.017500e+01 2.100000e+00 1.998600e+03 -4.027800e+03 0
6.799100e-01 5.200500e-01 -1.728800e-01 -6.408200e-02 29 63 9.441200e+00 2.100000e+00 1.457100e+03 1.089600e+03 0
6.646300e-01 6.911300e-01 -1.804100e-01 -6.408200e-02 30 63 1.012400e+01 2.100000e+00 1.220700e+03 8.874200e+02 0
6.630000e-01 8.107700e-01 -1.856800e-01 -6.408200e-02 31 63 1.016300e+01 2.100000e+00 1.130900e+03 8.038700e+02 0
6.681800e-01 8.023200e-01 -1.853000e-01 -6.408200e-02 32 63 9.682000e+00 2.100000e+00 1141 8.089600e+02 0
0 0 -1.500000e-01 -3.204100e-02 1 64 1.542600e+01 2.100000e+00 2167 -3.612800e+03 0
-7.093800e-02 1.115200e-01 -1.549100e-01 -3.204100e-02 5 64 1.417100e+01 2.100000e+00 -3.159600e+03 7.788200e+03 0
-1.585200e-01 1.860800e-01 -1.581900e-01 -3.204100e-02 8 64 1.335500e+01 2.100000e+00 -1.091200e+03 2.905300e+03 0
-1.986300e-01 1.937500e-01 -1.585300e-01 -3.204100e-02 9 64 1.264200e+01 2.100000e+00 -1.165600e+03 2.725600e+03 0
-2.480100e-01 1.853500e-01 -1.581600e-01 -3.204100e-02 10 64 1.258500e+01 2.100000e+00 -1.532600e+03 2.856800e+03 0
-2.619200e-01 2.203500e-01 -1.597000e-01 -3.204100e-02 11 64 1.196500e+01 2.100000e+00 -1.080800e+03 2.292600e+03 0
-2.851200e-01 2.304200e-01 -1.601400e-01 -3.204100e-02 12 64 1.157100e+01 2.100000e+00 -1.053600e+03 2168 0
-3.044900e-01 2.788400e-01 -1.622700e-01 -3.204100e-02 13 64 1.081800e+01 2.100000e+00 -7.121800e+02 1.761900e+03 0
-3.298600e-01 3.040000e-01 -1.633800e-01 -3.204100e-02 14 64 1.050500e+01 2.100000e+00 -6.274000e+02 1.613700e+03 0
3.536000e-01 3.269500e-01 -1.643900e-01 -3.204100e-02 28 64 1.211800e+01 2.100000e+00 1.173900e+03 1.617300e+03 0
6.799100e-01 6.416800e-01 -1.782400e-01 -3.204100e-02 29 64 1.372800e+01 2.100000e+00 1.286800e+03 9.331900e+02 0
6.725500e-01 7.401900e-01 -1.825700e-01 -3.204100e-02 30 64 1.467500e+01 2.100000e+00 1.188500e+03 8.496300e+02 0
6.711800e-01 8.042600e-01 -1.853900e-01 -3.204100e-02 31 64 1.485900e+01 2.100000e+00 1.142500e+03 8.078700e+02 0
6.766400e-01 8.320700e-01 -1.866100e-01 -3.204100e-02 32 64 1.436200e+01 2.100000e+00 1.130300e+03 7.921300e+02 0
6.810000e-01 8.702900e-01 -1.882900e-01 -3.204100e-02 33 64 1.295700e+01 2.100000e+00 1.112400e+03 7.722800e+02 0
6.864600e-01 9.515400e-01 -1.918700e-01 -3.204100e-02 35 64 9.896800e+00 2.100000e+00 1.076800e+03 7.359000e+02 0
-8.307900e-01 8.727000e-01 -1.884000e-01 -3.204100e-02 36 64 1.071600e+01 2.100000e+00 -7.675100e+01 7.451300e+02 0
-8.643500e-01 8.477900e-01 -1.873000e-01 -3.204100e-02 37 64 1.132000e+01 2.100000e+00 -1.261600e+02 7.556400e+02 0
-8.984600e-01 8.129600e-01 -1.857700e-01 -3.204100e-02 38 64 1.089900e+01 2.100000e+00 -1.902400e+02 7.716500e+02 0
