0 0 -1.500000e-01 0 1 65 1.647800e+01 3.170000e+00 2167 -3.612800e+03 0
-7.093800e-02 1.119600e-01 -1.574400e-01 0 5 65 1.520300e+01 3.170000e+00 -3.127600e+03 7766 0
-1.585200e-01 1.860200e-01 -1.623600e-01 0 8 65 1.434400e+01 3.170000e+00 -1.094500e+03 2.932200e+03 0
-2.008100e-01 1.915000e-01 -1.627300e-01 0 9 65 1.368800e+01 3.170000e+00 -1.211800e+03 2.791200e+03 0
-2.480100e-01 1.862500e-01 -1.623800e-01 0 10 65 1.364200e+01 3.170000e+00 -1.518900e+03 2.863200e+03 0
-2.619200e-01 2.217100e-01 -1.647300e-01 0 11 65 1.307400e+01 3.170000e+00 -1.067400e+03 2298 0
-2.881200e-01 2.297900e-01 -1.652700e-01 0 12 65 1.267700e+01 3.170000e+00 -1.072700e+03 2.195100e+03 0
-3.077600e-01 2.777900e-01 -1.684600e-01 0 13 65 1.197100e+01 3.170000e+00 -7.295800e+02 1.787500e+03 0
-3.085800e-01 3.040800e-01 -1.702100e-01 0 14 65 1.154500e+01 3.170000e+00 -5.759300e+02 1.635900e+03 0
-1.260500e-01 3.869200e-01 -1.757100e-01 0 15 65 1.134600e+01 3.170000e+00 9.742600e+01 1.338500e+03 0
3.609700e-01 2.748500e-01 -1.682700e-01 0 28 65 1.310800e+01 3.170000e+00 1333 1.980100e+03 0
6.722700e-01 6.460300e-01 -1.929400e-01 0 29 65 1.468000e+01 3.170000e+00 1.273900e+03 9.453600e+02 0
6.725500e-01 7.372000e-01 -1.989900e-01 0 30 65 1.562000e+01 3.170000e+00 1.191600e+03 8.681000e+02 0
6.711800e-01 8.044100e-01 -2.034600e-01 0 31 65 1.575700e+01 3.170000e+00 1.143100e+03 8.238500e+02 0
6.766400e-01 8.299200e-01 -2.051600e-01 0 32 65 1.518300e+01 3.170000e+00 1.132300e+03 8.093100e+02 0
6.810000e-01 8.663300e-01 -2.075800e-01 0 33 65 1.356300e+01 3.170000e+00 1.115300e+03 7.901400e+02 0
-1.026400e+00 3.791400e-01 -1.752000e-01 0 34 65 1.063100e+01 3.170000e+00 -1.550100e+03 1.271900e+03 0
7.421200e-01 8.038900e-01 -2.034300e-01 0 35 65 1.125300e+01 3.170000e+00 1209 8.257700e+02 0
-8.212400e-01 9.042200e-01 -2.100900e-01 0 36 65 1.181400e+01 3.170000e+00 -4.217500e+01 7.470100e+02 0
-8.447100e-01 9.000500e-01 -2.098200e-01 0 37 65 1.229200e+01 3.170000e+00 -6.256200e+01 7.483300e+02 0
-8.580800e-01 9.096700e-01 -2.104600e-01 0 38 65 1.196200e+01 3.170000e+00 -6.359200e+01 7.442700e+02 0
-8.709000e-01 9.462400e-01 -2.128900e-01 0 39 65 1.071700e+01 3.170000e+00 -4.154500e+01 7.302100e+02 0
0 0 -1.500000e-01 3.204100e-02 1 66 1.550600e+01 3.170000e+00 2167 -3.612800e+03 0
-7.093800e-02 1.126400e-01 -1.574900e-01 3.204100e-02 5 66 1.419600e+01 3.170000e+00 -3.064300e+03 7.644100e+03 0
-1.604300e-01 1.843300e-01 -1.622500e-01 3.204100e-02 8 66 1.333900e+01 3.170000e+00 -1.130200e+03 2.967800e+03 0
-2.008100e-01 1.920600e-01 -1.627600e-01 3.204100e-02 9 66 1.271100e+01 3.170000e+00 -1.203300e+03 2.780500e+03 0
-2.480100e-01 1.871600e-01 -1.624400e-01 3.204100e-02 10 66 1.260500e+01 3.170000e+00 -1.502200e+03 2.844600e+03 0
-2.592000e-01 2.265500e-01 -1.650600e-01 3.204100e-02 11 66 1.203500e+01 3.170000e+00 -1.004700e+03 2.242200e+03 0
-2.881200e-01 2.319800e-01 -1.654200e-01 3.204100e-02 12 66 1.161000e+01 3.170000e+00 -1.049700e+03 2.171700e+03 0
-3.110400e-01 2.768500e-01 -1.684000e-01 3.204100e-02 13 66 1.093100e+01 3.170000e+00 -7.448600e+02 1.792800e+03 0
-3.085800e-01 2.957400e-01 -1.696600e-01 3.204100e-02 14 66 1.052300e+01 3.170000e+00 -6.215300e+02 1.680200e+03 0
3.609700e-01 2.311700e-01 -1.653600e-01 3.204100e-02 28 66 1.206800e+01 3.170000e+00 1.525400e+03 2.455100e+03 0
6.722700e-01 6.429800e-01 -1.927300e-01 3.204100e-02 29 66 1.366200e+01 3.170000e+00 1.277100e+03 9.483900e+02 0
6.725500e-01 7.359700e-01 -1.989100e-01 3.204100e-02 30 66 1.462700e+01 3.170000e+00 1.192600e+03 869 0
6.711800e-01 8.044300e-01 -2.034600e-01 3.204100e-02 31 66 1.475100e+01 3.170000e+00 1.143100e+03 8.238400e+02 0
6.766400e-01 8.292100e-01 -2.051100e-01 3.204100e-02 32 66 1.412800e+01 3.170000e+00 1.132800e+03 8.097000e+02 0
6.722700e-01 8.700800e-01 -2.078300e-01 3.204100e-02 33 66 1.231900e+01 3.170000e+00 1.105900e+03 7.881000e+02 0
7.514000e-01 7.332100e-01 -1.987300e-01 3.204100e-02 35 66 1.041800e+01 3.170000e+00 1.275900e+03 8.732000e+02 0
-8.403400e-01 8.871000e-01 -2.089600e-01 3.204100e-02 36 66 1.084000e+01 3.170000e+00 -7.104400e+01 7.537200e+02 0
-8.447100e-01 9.107600e-01 -2.105300e-01 3.204100e-02 37 66 1.135900e+01 3.170000e+00 -5.320100e+01 7.440500e+02 0
-8.479800e-01 9.442400e-01 -2.127500e-01 3.204100e-02 38 66 1.116000e+01 3.170000e+00 -2.758900e+01 7.312700e+02 0
-8.398000e-01 1.008000e+00 -2.169900e-01 3.204100e-02 39 66 1.034900e+01 3.170000e+00 2.544500e+01 7.095800e+02 0
0 0 -1.500000e-01 6.408200e-02 1 67 9.682200e+00 3.170000e+00 2167 -3.612800e+03 0
6.329800e-01 7.583200e-01 -2.004000e-01 6.408200e-02 30 67 9.832200e+00 3.170000e+00 1.136800e+03 8.522300e+02 0
6.548100e-01 8.105300e-01 -2.038700e-01 6.408200e-02 31 67 1.052300e+01 3.170000e+00 1.124300e+03 8.198800e+02 0
6.766400e-01 8.450500e-01 -2.061600e-01 6.408200e-02 32 67 1.041500e+01 3.170000e+00 1.123500e+03 8.010800e+02 0
1.353300e+00 1.064900e+01 -8.577000e-01 -1.025300e+00 311 33 9.969900e+00 3.170000e+00 7.653800e+02 4.308400e+02 1
9.693900e-01 1.123400e+01 -8.966200e-01 -1.025300e+00 324 33 1.025800e+01 3.170000e+00 7.396000e+02 4.292400e+02 1
7.956000e-01 1.125800e+01 -8.981800e-01 -1.025300e+00 325 33 1.038000e+01 3.170000e+00 7.295700e+02 4.291400e+02 1
9.549300e-01 4.250700e+00 -4.325000e-01 -9.932700e-01 126 34 1.056400e+01 3.170000e+00 8.142400e+02 4.744900e+02 1
9.625700e-01 4.290100e+00 -4.351200e-01 -9.932700e-01 127 34 1.053100e+01 3.170000e+00 8.142800e+02 4.738200e+02 1
1.012800e+00 4.353500e+00 -4.393300e-01 -9.932700e-01 129 34 1.242000e+01 3.170000e+00 8.200500e+02 4.728100e+02 1
1.020700e+00 4.385400e+00 -4.414500e-01 -9.932700e-01 130 34 1.298300e+01 3.170000e+00 8.202900e+02 4.722900e+02 1
1.028600e+00 4.416500e+00 -4.435200e-01 -9.932700e-01 131 34 1.250400e+01 3.170000e+00 8.205600e+02 4.717900e+02 1
1.000800e+00 4.460200e+00 -4.464300e-01 -9.932700e-01 132 34 1.107400e+01 3.170000e+00 8.151900e+02 4.710700e+02 1
-7.792300e-01 5.688900e+00 -5.280800e-01 -9.932700e-01 169 34 1.034300e+01 3.170000e+00 5.867800e+02 4.548000e+02 1
-7.377500e-01 5.723800e+00 -5.304100e-01 -9.932700e-01 170 34 1.075900e+01 3.170000e+00 5.920600e+02 4.545000e+02 1
-7.421200e-01 5.687100e+00 -5.279600e-01 -9.932700e-01 171 34 1.023000e+01 3.170000e+00 5.909100e+02 4.548400e+02 1
-8.968200e-01 5.974100e+00 -5.470400e-01 -9.932700e-01 174 34 1.048600e+01 3.170000e+00 5.793900e+02 4.522000e+02 1
-8.545300e-01 6.014300e+00 -5.497100e-01 -9.932700e-01 175 34 1.071800e+01 3.170000e+00 5.846400e+02 4.518900e+02 1
-8.116900e-01 5.987700e+00 -5.479400e-01 -9.932700e-01 176 34 1.023700e+01 3.170000e+00 5.887100e+02 4.521400e+02 1
1.759000e+00 1.055200e+01 -8.513100e-01 -9.932700e-01 308 34 1.082200e+01 3.170000e+00 7.909000e+02 4.312100e+02 1
1.433200e+00 1.068300e+01 -8.599600e-01 -9.932700e-01 310 34 1.035500e+01 3.170000e+00 7.699900e+02 4.307700e+02 1
1.607000e+00 1.070600e+01 -8.615200e-01 -9.932700e-01 311 34 1.102500e+01 3.170000e+00 7.803100e+02 4.307500e+02 1
1.697100e+00 1.071500e+01 -8.621000e-01 -9.932700e-01 312 34 1.035500e+01 3.170000e+00 7.856800e+02 4.307500e+02 1
8.812700e-01 1.124400e+01 -8.972500e-01 -9.932700e-01 324 34 1.113900e+01 3.170000e+00 7.345100e+02 4.292000e+02 1
8.840000e-01 1.127700e+01 -8.994600e-01 -9.932700e-01 325 34 1.131600e+01 3.170000e+00 7.345500e+02 4.291200e+02 1
9.811300e-01 4.214800e+00 -4.301200e-01 -9.612300e-01 125 35 1.071300e+01 3.170000e+00 8.193700e+02 4.751500e+02 1
9.549300e-01 4.259600e+00 -4.330900e-01 -9.612300e-01 126 35 1.211800e+01 3.170000e+00 8.139800e+02 4.743400e+02 1
9.625700e-01 4.293800e+00 -4.353600e-01 -9.612300e-01 127 35 1.220200e+01 3.170000e+00 8.141700e+02 4.737600e+02 1
9.702100e-01 4.322300e+00 -4.372600e-01 -9.612300e-01 128 35 1.192300e+01 3.170000e+00 8.145200e+02 4.732800e+02 1
1.012800e+00 4.353900e+00 -4.393600e-01 -9.612300e-01 129 35 1.373600e+01 3.170000e+00 8.200400e+02 4.728000e+02 1
1.020700e+00 4.386900e+00 -4.415600e-01 -9.612300e-01 130 35 1.423100e+01 3.170000e+00 8.202500e+02 4.722600e+02 1
1.028600e+00 4.418700e+00 -4.436700e-01 -9.612300e-01 131 35 1.359200e+01 3.170000e+00 8.204900e+02 4.717600e+02 1
9.650300e-01 4.467500e+00 -4.469100e-01 -9.612300e-01 132 35 1.151000e+01 3.170000e+00 8.097400e+02 4.709200e+02 1
1.044400e+00 4.456600e+00 -4.461800e-01 -9.612300e-01 133 35 1.066200e+01 3.170000e+00 8.217200e+02 4.711700e+02 1
-6.916400e-01 5.643600e+00 -5.250800e-01 -9.612300e-01 170 35 1.043800e+01 3.170000e+00 5.958200e+02 4.552800e+02 1
-8.496200e-01 5.981700e+00 -5.475400e-01 -9.612300e-01 174 35 1.115700e+01 3.170000e+00 5.845600e+02 4.521700e+02 1
-8.545300e-01 6.014300e+00 -5.497100e-01 -9.612300e-01 175 35 1.153800e+01 3.170000e+00 5.846400e+02 4.518900e+02 1
-8.594400e-01 6.011000e+00 -5.494900e-01 -9.612300e-01 176 35 1.134400e+01 3.170000e+00 5.840600e+02 4.519200e+02 1
-8.163300e-01 5.991200e+00 -5.481800e-01 -9.612300e-01 177 35 1.081900e+01 3.170000e+00 5.882800e+02 4.521100e+02 1
1.842700e+00 1.049900e+01 -8.477700e-01 -9.612300e-01 308 35 1.034300e+01 3.170000e+00 7.965700e+02 4.313800e+02 1
1.932800e+00 1.053100e+01 -8.498600e-01 -9.612300e-01 309 35 9.884400e+00 3.170000e+00 8.018000e+02 4.313200e+02 1
1.353300e+00 1.073600e+01 -8.635300e-01 -9.612300e-01 311 35 1.024000e+01 3.170000e+00 7.647900e+02 4.306000e+02 1
1.145600e+00 1.117600e+01 -8.927400e-01 -9.612300e-01 324 35 1.029800e+01 3.170000e+00 750 4.294300e+02 1
1.060800e+00 1.123000e+01 -8.963500e-01 -9.612300e-01 325 35 1.054300e+01 3.170000e+00 7.448500e+02 4.292700e+02 1
1.015000e+00 4.204400e+00 -4.294300e-01 -9.291900e-01 125 36 1.041000e+01 3.170000e+00 8.249800e+02 4.753700e+02 1
9.549300e-01 4.255200e+00 -4.328000e-01 -9.291900e-01 126 36 1.164600e+01 3.170000e+00 8.141100e+02 4.744200e+02 1
9.282000e-01 4.300200e+00 -4.357900e-01 -9.291900e-01 127 36 1.192100e+01 3.170000e+00 8.087400e+02 4.736200e+02 1
9.702100e-01 4.327600e+00 -4.376100e-01 -9.291900e-01 128 36 1.207000e+01 3.170000e+00 8.143700e+02 4.732000e+02 1
9.778500e-01 4.361900e+00 -4.398900e-01 -9.291900e-01 129 36 1.317500e+01 3.170000e+00 8.145400e+02 4.726300e+02 1
1.020700e+00 4.387500e+00 -4.415900e-01 -9.291900e-01 130 36 1.354700e+01 3.170000e+00 8.202300e+02 4.722500e+02 1
1.028600e+00 4.420500e+00 -4.437800e-01 -9.291900e-01 131 36 1.282400e+01 3.170000e+00 8.204400e+02 4.717300e+02 1
-7.552200e-01 5.964900e+00 -5.464300e-01 -9.291900e-01 174 36 9.849600e+00 3.170000e+00 5.943500e+02 4.523700e+02 1
-8.070600e-01 6.021500e+00 -5.501900e-01 -9.291900e-01 175 36 1.018800e+01 3.170000e+00 5.898000e+02 4.518600e+02 1
-8.116900e-01 5.944400e+00 -5.450600e-01 -9.291900e-01 176 36 1.027700e+01 3.170000e+00 5.879400e+02 4.525100e+02 1
-6.192100e+00 6.360600e+00 -5.727200e-01 -6.087800e-01 256 46 1.066500e+01 3.170000e+00 7.063700e+01 4.463700e+02 0
-6.425900e+00 6.195300e+00 -5.617400e-01 -6.087800e-01 257 46 1.117800e+01 3.170000e+00 3.168000e+01 4.473900e+02 1
-6.661300e+00 6.015200e+00 -5.497700e-01 -6.087800e-01 258 46 1.060600e+01 3.170000e+00 -1.112600e+01 4.485800e+02 0
-6.192100e+00 6.289900e+00 -5.680300e-01 -5.767400e-01 256 47 1.013600e+01 3.170000e+00 6.377900e+01 4.468500e+02 0
-6.495700e+00 6.085400e+00 -5.544400e-01 -5.767400e-01 257 47 1.084400e+01 3.170000e+00 1.310700e+01 4.481500e+02 1
-6.661300e+00 6.001400e+00 -5.488500e-01 -5.767400e-01 258 47 1.037000e+01 3.170000e+00 -1.270900e+01 4.486800e+02 0
0 0 -1.500000e-01 -6.408200e-02 1 63 1.067300e+01 3.170000e+00 2167 -3.612800e+03 0
-1.855300e-02 3.520800e-02 -1.523400e-01 -6.408200e-02 3 63 9.375600e+00 3.170000e+00 3859 -7.380900e+03 0
6.466300e-01 7.998500e-01 -2.031600e-01 -6.408200e-02 31 63 9.665000e+00 3.170000e+00 1.123300e+03 8.260300e+02 0
6.766400e-01 7.759200e-01 -2.015700e-01 -6.408200e-02 32 63 1.001300e+01 3.170000e+00 1.167200e+03 8.416600e+02 0
6.984700e-01 7.349000e-01 -1.988400e-01 -6.408200e-02 33 63 9.589100e+00 3.170000e+00 1220 8.704900e+02 0
0 0 -1.500000e-01 -3.204100e-02 1 64 1.548500e+01 3.170000e+00 2167 -3.612800e+03 0
-7.093800e-02 1.118000e-01 -1.574300e-01 -3.204100e-02 5 64 1.418100e+01 3.170000e+00 -3.142700e+03 7.795200e+03 0
-1.585200e-01 1.860700e-01 -1.623700e-01 -3.204100e-02 8 64 1.331600e+01 3.170000e+00 -1.093800e+03 2.931200e+03 0
-2.008100e-01 1.905400e-01 -1.626600e-01 -3.204100e-02 9 64 1.265400e+01 3.170000e+00 -1.226600e+03 2.809700e+03 0
-2.504700e-01 1.809300e-01 -1.620200e-01 -3.204100e-02 10 64 1.262300e+01 3.170000e+00 -1.632900e+03 2.974900e+03 0
-2.619200e-01 2.203400e-01 -1.646400e-01 -3.204100e-02 11 64 1.206700e+01 3.170000e+00 -1083 2.314800e+03 0
-2.881200e-01 2.257100e-01 -1.650000e-01 -3.204100e-02 12 64 1.160800e+01 3.170000e+00 -1.117400e+03 2.240400e+03 0
-3.044900e-01 2.784900e-01 -1.685100e-01 -3.204100e-02 13 64 1.086100e+01 3.170000e+00 -7.159300e+02 1.783700e+03 0
-3.227700e-01 3.072700e-01 -1.704200e-01 -3.204100e-02 14 64 1.053100e+01 3.170000e+00 -5.937900e+02 1.617200e+03 0
-1.260500e-01 4.223400e-01 -1.780700e-01 -3.204100e-02 15 64 1.039200e+01 3.170000e+00 1.573500e+02 1.244500e+03 0
3.683300e-01 2.261800e-01 -1.650300e-01 -3.204100e-02 28 64 1.211700e+01 3.170000e+00 1590 2532 0
6.799100e-01 6.414400e-01 -1.926300e-01 -3.204100e-02 29 64 1.366600e+01 3.170000e+00 1.287900e+03 9.502200e+02 0
6.725500e-01 7.392400e-01 -1.991300e-01 -3.204100e-02 30 64 1.460100e+01 3.170000e+00 1190 8.666200e+02 0
6.793700e-01 7.972700e-01 -2.029900e-01 -3.204100e-02 31 64 1.474800e+01 3.170000e+00 1.155300e+03 8.283400e+02 0
6.766400e-01 8.271500e-01 -2.049700e-01 -3.204100e-02 32 64 1.420700e+01 3.170000e+00 1134 8.108500e+02 0
6.810000e-01 8.618000e-01 -2.072800e-01 -3.204100e-02 33 64 1.268900e+01 3.170000e+00 1.117800e+03 7.924400e+02 0
7.328400e-01 8.492500e-01 -2.064400e-01 -3.204100e-02 35 64 1.011600e+01 3.170000e+00 1.169800e+03 7.999900e+02 0
-8.307900e-01 8.953800e-01 -2.095100e-01 -3.204100e-02 36 64 1.080700e+01 3.170000e+00 -5.672100e+01 7.504500e+02 0
-8.447100e-01 9.003300e-01 -2.098400e-01 -3.204100e-02 37 64 1.125000e+01 3.170000e+00 -6.231400e+01 7.482100e+02 0
-8.782700e-01 8.819400e-01 -2.086100e-01 -3.204100e-02 38 64 1.084200e+01 3.170000e+00 -1.034100e+02 7.552700e+02 0
