0 0 -1.500000e-01 0 1 65 1.645700e+01 2.550000e+00 2167 -3.612800e+03 0
-7.093800e-02 1.121400e-01 -1.559900e-01 0 5 65 1.518500e+01 2.550000e+00 -3.104500e+03 7.698800e+03 0
-1.585200e-01 1.860300e-01 -1.599400e-01 0 8 65 1.436500e+01 2.550000e+00 -1093 2.917200e+03 0
-2.008100e-01 1.913600e-01 -1.602300e-01 0 9 65 1.367100e+01 2.550000e+00 -1.212400e+03 2.779500e+03 0
-2.480100e-01 1.860600e-01 -1.599400e-01 0 10 65 1.362800e+01 2.550000e+00 -1.520600e+03 2.852600e+03 0
-2.619200e-01 2.211000e-01 -1.618200e-01 0 11 65 1.309900e+01 2.550000e+00 -1.073100e+03 2.292700e+03 0
-2.881200e-01 2.287800e-01 -1.622300e-01 0 12 65 1.269400e+01 2.550000e+00 -1.082300e+03 2.193600e+03 0
-3.044900e-01 2.815600e-01 -1.650500e-01 0 13 65 1.196300e+01 2.550000e+00 -6.952200e+02 1.752900e+03 0
-3.085800e-01 2.993000e-01 -1.660000e-01 0 14 65 1.141400e+01 2.550000e+00 -6.009300e+02 1.649900e+03 0
-1.260500e-01 4.144100e-01 -1.721500e-01 0 15 65 1.144200e+01 2.550000e+00 1.452400e+02 1.253700e+03 0
3.609700e-01 2.851900e-01 -1.652400e-01 0 28 65 1.312800e+01 2.550000e+00 1.299100e+03 1.885500e+03 0
6.799100e-01 6.389500e-01 -1.841500e-01 0 29 65 1.466500e+01 2.550000e+00 1.290100e+03 9.429900e+02 0
6.725500e-01 7.360800e-01 -1.893400e-01 0 30 65 1.558100e+01 2.550000e+00 1192 8.594500e+02 0
6.793700e-01 7.975800e-01 -1.926200e-01 0 31 65 1.569600e+01 2.550000e+00 1.154700e+03 8.188100e+02 0
6.766400e-01 8.344300e-01 -1.945900e-01 0 32 65 1.507200e+01 2.550000e+00 1.129200e+03 7.975600e+02 0
6.722700e-01 8.812600e-01 -1.971000e-01 0 33 65 1.340400e+01 2.550000e+00 1.099700e+03 7.734200e+02 0
7.293000e-01 8.309200e-01 -1.944100e-01 0 34 65 1.192700e+01 2.550000e+00 1.178100e+03 8.005700e+02 0
7.606700e-01 8.584700e-01 -1.958800e-01 0 35 65 1.143400e+01 2.550000e+00 1.187500e+03 7.864600e+02 0
-8.307900e-01 8.569200e-01 -1.958000e-01 0 36 65 1.175800e+01 2.550000e+00 -9.199400e+01 7.583300e+02 0
-8.545300e-01 8.623200e-01 -1.960800e-01 0 37 65 1.216000e+01 2.550000e+00 -1.045000e+02 7.555200e+02 0
-8.782700e-01 8.339000e-01 -1.945700e-01 0 38 65 1.171100e+01 2.550000e+00 -1.515700e+02 7.681100e+02 0
-9.331100e-01 7.328100e-01 -1.891600e-01 0 39 65 1.029600e+01 2.550000e+00 -3.236800e+02 8.217300e+02 0
0 0 -1.500000e-01 3.204100e-02 1 66 1.547400e+01 2.550000e+00 2167 -3.612800e+03 0
-7.093800e-02 1.126900e-01 -1.560200e-01 3.204100e-02 5 66 1.416600e+01 2.550000e+00 -3.053800e+03 7.601300e+03 0
-1.585200e-01 1.859200e-01 -1.599400e-01 3.204100e-02 8 66 1.335000e+01 2.550000e+00 -1.094700e+03 2.919700e+03 0
-2.008100e-01 1.919300e-01 -1.602600e-01 3.204100e-02 9 66 1.264500e+01 2.550000e+00 -1.203700e+03 2.768600e+03 0
-2.504700e-01 1.832500e-01 -1.597900e-01 3.204100e-02 10 66 1.262800e+01 2.550000e+00 -1.585200e+03 2.909500e+03 0
-2.619200e-01 2.226600e-01 -1.619000e-01 3.204100e-02 11 66 1.210700e+01 2.550000e+00 -1.055500e+03 2.273800e+03 0
-2.911200e-01 2.281900e-01 -1.622000e-01 3.204100e-02 12 66 1.178300e+01 2.550000e+00 -1.099300e+03 2199 0
-3.077600e-01 2.786200e-01 -1.648900e-01 3.204100e-02 13 66 1.110800e+01 2.550000e+00 -7.232200e+02 1.770800e+03 0
-1.336900e-01 4.007100e-01 -1.714200e-01 3.204100e-02 15 66 1.033000e+01 2.550000e+00 1.083000e+02 1.288500e+03 0
3.536000e-01 3.136400e-01 -1.667600e-01 3.204100e-02 28 66 1.208600e+01 2.550000e+00 1.202400e+03 1.697700e+03 0
6.799100e-01 6.363600e-01 -1.840100e-01 3.204100e-02 29 66 1.364300e+01 2.550000e+00 1293 9.456200e+02 0
6.725500e-01 7.343800e-01 -1.892500e-01 3.204100e-02 30 66 1.455800e+01 2.550000e+00 1.193400e+03 8.606900e+02 0
6.711800e-01 8.044600e-01 -1.929900e-01 3.204100e-02 31 66 1.466900e+01 2.550000e+00 1.142700e+03 8.145100e+02 0
6.766400e-01 8.352600e-01 -1.946400e-01 3.204100e-02 32 66 1.405300e+01 2.550000e+00 1.128800e+03 7.971000e+02 0
6.722700e-01 8.824600e-01 -1.971600e-01 3.204100e-02 33 66 1.243100e+01 2.550000e+00 1099 7.728300e+02 0
7.473000e-01 8.192900e-01 -1.937800e-01 3.204100e-02 34 66 1.090300e+01 2.550000e+00 1.202200e+03 8.075100e+02 0
7.699500e-01 8.498300e-01 -1.954200e-01 3.204100e-02 35 66 1.044800e+01 2.550000e+00 1.201200e+03 7.911500e+02 0
-8.307900e-01 8.692200e-01 -1.964500e-01 3.204100e-02 36 66 1.070000e+01 2.550000e+00 -8.024800e+01 7.528900e+02 0
-8.545300e-01 8.541600e-01 -1.956500e-01 3.204100e-02 37 66 1.111600e+01 2.550000e+00 -1.125700e+02 7.591700e+02 0
-8.883600e-01 7.792700e-01 -1.916500e-01 3.204100e-02 38 66 1.074200e+01 2.550000e+00 -2.227400e+02 7.956900e+02 0
0 0 -1.500000e-01 6.408200e-02 1 67 9.623100e+00 2.550000e+00 2167 -3.612800e+03 0
1.828000e-02 6.002400e-03 -1.503200e-01 6.408200e-02 2 67 9.606900e+00 2.550000e+00 2.113400e+03 -3.928200e+03 0
6.409000e-01 7.371400e-01 -1.893900e-01 6.408200e-02 30 67 9.576800e+00 2.550000e+00 1159 8.578400e+02 0
6.630000e-01 7.726500e-01 -1.912900e-01 6.408200e-02 31 67 9.775700e+00 2.550000e+00 1.155900e+03 8.340700e+02 0
-7.983200e-01 9.255100e+00 -6.446100e-01 -8.330700e-01 267 39 1.132100e+01 2.550000e+00 6.269000e+02 4.264600e+02 1
-8.013300e-01 9.289700e+00 -6.464600e-01 -8.330700e-01 268 39 1.206600e+01 2.550000e+00 6.269500e+02 4.263400e+02 1
-8.043300e-01 9.323500e+00 -6.482700e-01 -8.330700e-01 269 39 1.182700e+01 2.550000e+00 6.269900e+02 4.262200e+02 1
-7.339300e-01 9.364400e+00 -6.504600e-01 -8.330700e-01 270 39 1.026400e+01 2.550000e+00 6.320700e+02 4.261000e+02 1
-2.741500e+00 1.061700e+01 -7.174100e-01 -8.330700e-01 315 39 1.031300e+01 2.550000e+00 5.197200e+02 4.218700e+02 0
-2.922100e+00 1.060500e+01 -7.167700e-01 -8.330700e-01 316 39 1.198400e+01 2.550000e+00 5.088200e+02 4.218600e+02 1
-3.017600e+00 1.061300e+01 -7.172000e-01 -8.330700e-01 317 39 1.253500e+01 2.550000e+00 5.033100e+02 4.218100e+02 1
-3.027100e+00 1.064700e+01 -7.189900e-01 -8.330700e-01 318 39 1.215100e+01 2.550000e+00 5.033500e+02 4.217300e+02 1
-3.036700e+00 1.067400e+01 -7.204200e-01 -8.330700e-01 319 39 1.081700e+01 2.550000e+00 5.032600e+02 4.216600e+02 1
-7.983200e-01 9.255200e+00 -6.446200e-01 -8.010300e-01 267 40 1.122900e+01 2.550000e+00 6.269000e+02 4.264600e+02 1
-8.013300e-01 9.289800e+00 -6.464700e-01 -8.010300e-01 268 40 1.195800e+01 2.550000e+00 6.269500e+02 4.263400e+02 1
-8.043300e-01 9.324400e+00 -6.483200e-01 -8.010300e-01 269 40 1.172600e+01 2.550000e+00 6.269900e+02 4.262200e+02 1
-8.807200e-01 9.352900e+00 -6.498400e-01 -8.010300e-01 270 40 1.046500e+01 2.550000e+00 622 4.261000e+02 1
-2.827200e+00 1.059100e+01 -7.159900e-01 -8.010300e-01 315 40 1.076900e+01 2.550000e+00 5.142000e+02 4.219200e+02 1
-2.922100e+00 1.059800e+01 -7.164000e-01 -8.010300e-01 316 40 1.241500e+01 2.550000e+00 5.087000e+02 4.218800e+02 1
-3.017600e+00 1.060700e+01 -7.168600e-01 -8.010300e-01 317 40 1.297600e+01 2.550000e+00 5.032000e+02 4.218300e+02 1
-3.027100e+00 1.064000e+01 -7.186000e-01 -8.010300e-01 318 40 1.259400e+01 2.550000e+00 5.032200e+02 4.217400e+02 1
-3.036700e+00 1.066000e+01 -7.197200e-01 -8.010300e-01 319 40 1.131000e+01 2.550000e+00 5.030300e+02 4.216900e+02 1
-2.836200e+00 1.060300e+01 -7.166500e-01 -7.689800e-01 316 41 1.103700e+01 2.550000e+00 5.138800e+02 4.218800e+02 1
-2.931400e+00 1.061600e+01 -7.173300e-01 -7.689800e-01 317 41 1.152000e+01 2.550000e+00 5.084600e+02 4.218300e+02 1
-2.940700e+00 1.064400e+01 -7.188200e-01 -7.689800e-01 318 41 1.115900e+01 2.550000e+00 5.083900e+02 4.217500e+02 1
-8.741700e+00 8.814400e+00 1.988400e+00 -6.408200e-01 361 45 1.096000e+01 2.550000e+00 7.154300e+01 2.507100e+02 0
-8.766000e+00 8.942100e+00 -6.278900e-01 -6.408200e-01 362 45 1.140100e+01 2.550000e+00 7.364500e+01 4.252400e+02 1
-8.889100e+00 8.920300e+00 -6.267200e-01 -6.408200e-01 363 45 1.098700e+01 2.550000e+00 6.389100e+01 4.252800e+02 1
-8.447100e+00 9.221000e+00 -6.427900e-01 -6.087800e-01 361 46 1.150200e+01 2.550000e+00 1.127900e+02 4.244200e+02 1
-8.569000e+00 9.171600e+00 -6.401500e-01 -6.087800e-01 362 46 1.204000e+01 2.550000e+00 1.017200e+02 4.245400e+02 1
-8.691500e+00 9.103100e+00 -6.364900e-01 -6.087800e-01 363 46 1.173400e+01 2.550000e+00 8.927800e+01 4.247300e+02 1
-8.913600e+00 8.980800e+00 -6.299600e-01 -6.087800e-01 364 46 1.080400e+01 2.550000e+00 6.639500e+01 4.250700e+02 1
-8.447100e+00 8.732000e+00 3.234900e+00 -5.767400e-01 361 47 1.024600e+01 2.550000e+00 8.817900e+01 1.666600e+02 0
-8.569000e+00 8.997500e+00 2.135600e+00 -5.767400e-01 362 47 1.075600e+01 2.550000e+00 9.543800e+01 2.432700e+02 0
-8.592800e+00 9.118100e+00 1.688400e+00 -5.767400e-01 363 47 1.052900e+01 2.550000e+00 1.007800e+02 2.735100e+02 0
0 0 -1.500000e-01 -3.204100e-02 1 64 1.544200e+01 2.550000e+00 2167 -3.612800e+03 0
-7.093800e-02 1.115600e-01 -1.559600e-01 -3.204100e-02 5 64 1.416700e+01 2.550000e+00 -3.159900e+03 7.805300e+03 0
-1.585200e-01 1.860700e-01 -1.599400e-01 -3.204100e-02 8 64 1.332700e+01 2.550000e+00 -1.092400e+03 2.916300e+03 0
-1.986300e-01 1.936600e-01 -1.603500e-01 -3.204100e-02 9 64 1.265700e+01 2.550000e+00 -1.167900e+03 2.737600e+03 0
-2.480100e-01 1.851800e-01 -1.599000e-01 -3.204100e-02 10 64 1.257000e+01 2.550000e+00 -1.536900e+03 2.870600e+03 0
-2.592000e-01 2.243600e-01 -1.619900e-01 -3.204100e-02 11 64 1.205200e+01 2.550000e+00 -1027 2.254900e+03 0
-2.851200e-01 2.314600e-01 -1.623700e-01 -3.204100e-02 12 64 1.161900e+01 2.550000e+00 -1.043500e+03 2.165900e+03 0
-2.979400e-01 2.871300e-01 -1.653400e-01 -3.204100e-02 13 64 1.088300e+01 2.550000e+00 -6.432800e+02 1.720400e+03 0
-1.336900e-01 3.964400e-01 -1.711900e-01 -3.204100e-02 15 64 1.054200e+01 2.550000e+00 1.006500e+02 1.300200e+03 0
3.683300e-01 2.261800e-01 -1.620900e-01 -3.204100e-02 28 64 1.213000e+01 2.550000e+00 1.589100e+03 2.517300e+03 0
6.799100e-01 6.408900e-01 -1.842500e-01 -3.204100e-02 29 64 1.364400e+01 2.550000e+00 1288 9.410300e+02 0
6.725500e-01 7.384500e-01 -1.894600e-01 -3.204100e-02 30 64 1.455600e+01 2.550000e+00 1.190200e+03 8.577300e+02 0
6.793700e-01 7.975500e-01 -1.926200e-01 -3.204100e-02 31 64 1.466100e+01 2.550000e+00 1.154700e+03 8.188300e+02 0
6.766400e-01 8.333600e-01 -1.945400e-01 -3.204100e-02 32 64 1.399700e+01 2.550000e+00 1.129900e+03 7.981400e+02 0
6.635400e-01 8.864500e-01 -1.973700e-01 -3.204100e-02 33 64 1.213500e+01 2.550000e+00 1.089800e+03 7.707700e+02 0
7.293000e-01 7.995300e-01 -1.927300e-01 -3.204100e-02 34 64 1.109800e+01 2.550000e+00 1.199800e+03 8.187500e+02 0
7.514000e-01 8.440100e-01 -1.951100e-01 -3.204100e-02 35 64 1.046400e+01 2.550000e+00 1.188900e+03 7.938800e+02 0
-8.212400e-01 8.436600e-01 -1.950900e-01 -3.204100e-02 36 64 1.083600e+01 2.550000e+00 -9.776600e+01 7.645400e+02 0
-8.545300e-01 8.651200e-01 -1.962300e-01 -3.204100e-02 37 64 1.118200e+01 2.550000e+00 -1.017800e+02 7.542900e+02 0
-8.883600e-01 8.427400e-01 -1.950400e-01 -3.204100e-02 38 64 1.069600e+01 2.550000e+00 -1.498900e+02 7.638000e+02 0
