0 0 -1.500000e-01 0 1 65 1.648100e+01 3.140000e+00 2167 -3.612800e+03 0
-7.093800e-02 1.120300e-01 -1.573700e-01 0 5 65 1.520300e+01 3.140000e+00 -3.120500e+03 7.751400e+03 0
-1.585200e-01 1.860500e-01 -1.622500e-01 0 8 65 1.436800e+01 3.140000e+00 -1.094100e+03 2931 0
-2.008100e-01 1.913500e-01 -1.626000e-01 0 9 65 1.368600e+01 3.140000e+00 -1.214100e+03 2.793400e+03 0
-2.504700e-01 1.823500e-01 -1.620000e-01 0 10 65 1.366000e+01 3.140000e+00 -1.604500e+03 2.942800e+03 0
-2.619200e-01 2.223800e-01 -1.646400e-01 0 11 65 1.304800e+01 3.140000e+00 -1.059800e+03 2.289300e+03 0
-2.881200e-01 2.303400e-01 -1.651600e-01 0 12 65 1.265700e+01 3.140000e+00 -1.066800e+03 2.188600e+03 0
-3.044900e-01 2.815700e-01 -1.685400e-01 0 13 65 1.192200e+01 3.140000e+00 -6.959800e+02 1.763600e+03 0
-3.121300e-01 3.042700e-01 -1.700300e-01 0 14 65 1.140500e+01 3.140000e+00 -5.836100e+02 1.633700e+03 0
-1.336900e-01 3.303700e-01 -1.717500e-01 0 15 65 1.131800e+01 3.140000e+00 -4.992400e+01 1540 0
3.536000e-01 3.167600e-01 -1.708500e-01 0 28 65 1.317100e+01 3.140000e+00 1196 1.691400e+03 0
6.799100e-01 6.405500e-01 -1.921700e-01 0 29 65 1.469800e+01 3.140000e+00 1.288900e+03 9.506500e+02 0
6.725500e-01 7.373300e-01 -1.985400e-01 0 30 65 1.561900e+01 3.140000e+00 1.191500e+03 8.675500e+02 0
6.793700e-01 7.975700e-01 -2.025000e-01 0 31 65 1.576500e+01 3.140000e+00 1.155100e+03 8.277000e+02 0
6.766400e-01 8.330000e-01 -2.048400e-01 0 32 65 1.522300e+01 3.140000e+00 1.130500e+03 8.071600e+02 0
6.810000e-01 8.734300e-01 -2.075000e-01 0 33 65 1.374800e+01 3.140000e+00 1.111400e+03 7.861500e+02 0
7.699500e-01 6.834600e-01 -1.949900e-01 0 35 65 1.082900e+01 3.140000e+00 1.346400e+03 9.134300e+02 0
-8.403400e-01 8.824200e-01 -2.080900e-01 0 36 65 1.180000e+01 3.140000e+00 -7.530700e+01 7.552700e+02 0
-8.545300e-01 8.817400e-01 -2.080500e-01 0 37 65 1.222500e+01 3.140000e+00 -8.628100e+01 7.553200e+02 0
-8.782700e-01 8.563500e-01 -2.063700e-01 0 38 65 1.173000e+01 3.140000e+00 -1.285300e+02 7.659800e+02 0
-9.020000e-01 7.523100e-01 -1.995200e-01 0 39 65 1.016100e+01 3.140000e+00 -2.696800e+02 8.189500e+02 0
0 0 -1.500000e-01 3.204100e-02 1 66 1.545700e+01 3.140000e+00 2167 -3.612800e+03 0
-7.093800e-02 1.121700e-01 -1.573800e-01 3.204100e-02 5 66 1.418400e+01 3.140000e+00 -3.107300e+03 7.725900e+03 0
-1.604300e-01 1.843900e-01 -1.621400e-01 3.204100e-02 8 66 1.337000e+01 3.140000e+00 -1.129100e+03 2.965600e+03 0
-2.008100e-01 1.908200e-01 -1.625600e-01 3.204100e-02 9 66 1.271700e+01 3.140000e+00 -1.222100e+03 2.803500e+03 0
-2.504700e-01 1.823000e-01 -1.620000e-01 3.204100e-02 10 66 1.268500e+01 3.140000e+00 -1.605500e+03 2944 0
-2.619200e-01 2.228900e-01 -1.646700e-01 3.204100e-02 11 66 1.211600e+01 3.140000e+00 -1.054100e+03 2.283200e+03 0
-2.881200e-01 2.318600e-01 -1.652600e-01 3.204100e-02 12 66 1.166000e+01 3.140000e+00 -1.050800e+03 2.172300e+03 0
-3.044900e-01 2.817600e-01 -1.685500e-01 3.204100e-02 13 66 1.097100e+01 3.140000e+00 -6.947400e+02 1.762400e+03 0
-4.087100e-01 2.486500e-01 -1.663700e-01 3.204100e-02 15 66 1.050800e+01 3.140000e+00 -1.265200e+03 1.975400e+03 0
3.462300e-01 3.672100e-01 -1.741700e-01 3.204100e-02 28 66 1.209900e+01 3.140000e+00 1089 1.459200e+03 0
6.799100e-01 6.404700e-01 -1.921600e-01 3.204100e-02 29 66 1.367900e+01 3.140000e+00 1289 9.507300e+02 0
6.725500e-01 7.361600e-01 -1.984600e-01 3.204100e-02 30 66 1.457400e+01 3.140000e+00 1.192400e+03 8.684000e+02 0
6.793700e-01 7.975800e-01 -2.025000e-01 3.204100e-02 31 66 1.472400e+01 3.140000e+00 1.155100e+03 8.277000e+02 0
6.766400e-01 8.332700e-01 -2.048500e-01 3.204100e-02 32 66 1.420200e+01 3.140000e+00 1.130300e+03 8.070100e+02 0
6.722700e-01 8.800300e-01 -2.079300e-01 3.204100e-02 33 66 1.278700e+01 3.140000e+00 1.100700e+03 7.827500e+02 0
7.699500e-01 5.953300e-01 -1.891900e-01 3.204100e-02 35 66 9.973500e+00 3.140000e+00 1.462400e+03 1.004400e+03 0
-8.403400e-01 8.813300e-01 -2.080200e-01 3.204100e-02 36 66 1.074400e+01 3.140000e+00 -7.630700e+01 7.557300e+02 0
-8.643500e-01 8.763300e-01 -2.076900e-01 3.204100e-02 37 66 1.117700e+01 3.140000e+00 -9.857100e+01 7.574600e+02 0
-8.782700e-01 8.683600e-01 -2.071600e-01 3.204100e-02 38 66 1.069500e+01 3.140000e+00 -1.165300e+02 7.606700e+02 0
0 0 -1.500000e-01 6.408200e-02 1 67 9.676300e+00 3.140000e+00 2167 -3.612800e+03 0
1.855300e-02 8.145700e-03 -1.505400e-01 6.408200e-02 2 67 9.500700e+00 3.140000e+00 2.156200e+03 -4.067800e+03 0
6.569900e-01 6.809700e-01 -1.948300e-01 6.408200e-02 29 67 9.429100e+00 3.140000e+00 1.222100e+03 9.119400e+02 0
6.567200e-01 7.671900e-01 -2.005000e-01 6.408200e-02 30 67 1.044400e+01 3.140000e+00 1154 8.464200e+02 0
6.711800e-01 8.043200e-01 -2.029500e-01 6.408200e-02 31 67 1.066200e+01 3.140000e+00 1.143100e+03 8.234500e+02 0
6.935500e-01 8.312700e-01 -2.047200e-01 6.408200e-02 32 67 1.003500e+01 3.140000e+00 1.146500e+03 8.084700e+02 0
0 0 -1.500000e-01 9.612300e-02 1 68 1.007100e+01 3.140000e+00 2167 -3.612800e+03 0
-1.637000e-03 3.487200e-02 -1.523000e-01 9.612300e-02 2 68 9.605000e+00 3.140000e+00 3.510500e+03 -7.201700e+03 0
3.208600e-01 5.569200e-01 -1.866600e-01 9.612300e-02 29 68 9.147400e+00 3.140000e+00 8.953700e+02 1.032400e+03 0
6.725500e-01 7.530600e-01 -1.995700e-01 9.612300e-02 30 68 9.650500e+00 3.140000e+00 1.179600e+03 8.564000e+02 0
6.711800e-01 8.029000e-01 -2.028500e-01 9.612300e-02 31 68 9.984600e+00 3.140000e+00 1.144100e+03 8.243000e+02 0
6.681800e-01 8.484600e-01 -2.058500e-01 9.612300e-02 32 68 9.808800e+00 3.140000e+00 1.114200e+03 7.986600e+02 0
6.722700e-01 8.889700e-01 -2.085200e-01 9.612300e-02 33 68 9.418000e+00 3.140000e+00 1.096100e+03 7.784600e+02 0
1.669200e+00 9.055700e+00 -7.461400e-01 -1.025300e+00 267 33 1.022700e+01 3.140000e+00 8.007200e+02 4.356200e+02 1
1.675500e+00 9.140100e+00 -7.517000e-01 -1.025300e+00 268 33 1.010000e+01 3.140000e+00 8.001600e+02 4.353100e+02 1
1.608700e+00 9.216100e+00 -7.566900e-01 -1.025300e+00 269 33 1.017400e+01 3.140000e+00 7.945700e+02 4.350100e+02 1
8.433400e-01 9.733500e+00 -7.907500e-01 -1.025300e+00 282 33 1.012500e+01 3.140000e+00 7.383500e+02 433 1
9.265600e-01 9.823800e+00 -7.967000e-01 -1.025300e+00 284 33 1.032600e+01 3.140000e+00 7.434000e+02 4.327400e+02 1
9.298300e-01 9.874200e+00 -8.000200e-01 -1.025300e+00 285 33 1.069500e+01 3.140000e+00 7.433600e+02 4.325800e+02 1
8.553500e-01 9.877800e+00 -8.002600e-01 -1.025300e+00 286 33 1.046700e+01 3.140000e+00 7.384800e+02 4.325500e+02 1
1.128500e+00 2.822400e+00 -3.358000e-01 -9.932700e-01 89 34 1.006900e+01 3.140000e+00 9.185800e+02 5.123600e+02 0
1.068400e+00 2.856300e+00 -3.380300e-01 -9.932700e-01 90 34 1.033900e+01 3.140000e+00 9.017400e+02 5.108800e+02 1
9.331100e-01 2.904400e+00 -3.412000e-01 -9.932700e-01 91 34 1.019300e+01 3.140000e+00 8.670800e+02 5.087400e+02 1
-6.790900e-01 4.514100e+00 -4.471600e-01 -9.932700e-01 132 34 1.063600e+01 3.140000e+00 5.727500e+02 4.682800e+02 1
-7.202900e-01 4.524900e+00 -4.478800e-01 -9.932700e-01 133 34 1.115200e+01 3.140000e+00 5.672200e+02 4.680800e+02 1
-7.620400e-01 4.528900e+00 -4.481400e-01 -9.932700e-01 134 34 1.089600e+01 3.140000e+00 5.614500e+02 4.679900e+02 1
1.584600e+00 9.079700e+00 -7.477200e-01 -9.932700e-01 265 34 1.029100e+01 3.140000e+00 7.943900e+02 4.355000e+02 1
1.735300e+00 9.089700e+00 -7.483700e-01 -9.932700e-01 266 34 1.118600e+01 3.140000e+00 8.050300e+02 4.355200e+02 1
1.669200e+00 9.132800e+00 -7.512100e-01 -9.932700e-01 267 34 1.164800e+01 3.140000e+00 7.998000e+02 4.353300e+02 1
1.675500e+00 9.168000e+00 -7.535300e-01 -9.932700e-01 268 34 1.140300e+01 3.140000e+00 7.998400e+02 4.352100e+02 1
1.608700e+00 9.220100e+00 -7.569600e-01 -9.932700e-01 269 34 1.107000e+01 3.140000e+00 7.945300e+02 4.349900e+02 1
1.541300e+00 9.261400e+00 -7.596800e-01 -9.932700e-01 270 34 1.048200e+01 3.140000e+00 7.893500e+02 4.348200e+02 1
7.666800e-01 9.783000e+00 -7.940100e-01 -9.932700e-01 282 34 1.112600e+01 3.140000e+00 7.330800e+02 4.328200e+02 1
6.924600e-01 9.823400e+00 -7.966800e-01 -9.932700e-01 283 34 1.130300e+01 3.140000e+00 7.280500e+02 4.326700e+02 1
7.721300e-01 9.852800e+00 -7.986100e-01 -9.932700e-01 284 34 1.144000e+01 3.140000e+00 7.331500e+02 4.326000e+02 1
8.523500e-01 9.881000e+00 -8.004700e-01 -9.932700e-01 285 34 1.166500e+01 3.140000e+00 7.382700e+02 4.325400e+02 1
8.553500e-01 9.915600e+00 -8.027400e-01 -9.932700e-01 286 34 1.135000e+01 3.140000e+00 7.383100e+02 4.324300e+02 1
7.803200e-01 9.955300e+00 -8.053600e-01 -9.932700e-01 287 34 1.023200e+01 3.140000e+00 7.332800e+02 4.322800e+02 1
7.246600e-01 2.797000e+00 -3.341200e-01 -9.612300e-01 84 35 1.023300e+01 3.140000e+00 8.243900e+02 5.125700e+02 1
8.250600e-01 2.787600e+00 -3.335100e-01 -9.612300e-01 85 35 1.205000e+01 3.140000e+00 8.487800e+02 5.131700e+02 1
8.580800e-01 2.812700e+00 -3.351600e-01 -9.612300e-01 86 35 1.275500e+01 3.140000e+00 8.551600e+02 5.122100e+02 1
8.681700e-01 2.844700e+00 -3.372700e-01 -9.612300e-01 87 35 1.252700e+01 3.140000e+00 8.556500e+02 5.109400e+02 1
9.494800e-01 2.844600e+00 -3.372600e-01 -9.612300e-01 88 35 1.233600e+01 3.140000e+00 8.747000e+02 5.111100e+02 1
9.844000e-01 2.883700e+00 -3.398300e-01 -9.612300e-01 89 35 1.320200e+01 3.140000e+00 8.802300e+02 5.096400e+02 1
1.019900e+00 2.913600e+00 -3.418000e-01 -9.612300e-01 90 35 1.356400e+01 3.140000e+00 8.863700e+02 5.085600e+02 1
1.031300e+00 2.944200e+00 -3.438100e-01 -9.612300e-01 91 35 1.311700e+01 3.140000e+00 8.868900e+02 5.074300e+02 1
1.018000e+00 2.967700e+00 -3.453600e-01 -9.612300e-01 92 35 1.195800e+01 3.140000e+00 8.823000e+02 5.065400e+02 1
9.789400e-01 2.945300e+00 -3.438900e-01 -9.612300e-01 93 35 1.029100e+01 3.140000e+00 8.749500e+02 5.072900e+02 1
-7.448500e-01 4.466800e+00 -4.440500e-01 -9.612300e-01 131 35 1.025300e+01 3.140000e+00 5.620500e+02 4.689300e+02 1
-7.148400e-01 4.516600e+00 -4.473300e-01 -9.612300e-01 132 35 1.128800e+01 3.140000e+00 5.677600e+02 4.682100e+02 1
-7.202900e-01 4.539000e+00 -4.488000e-01 -9.612300e-01 133 35 1.183800e+01 3.140000e+00 5.676200e+02 4.678800e+02 1
-7.257500e-01 4.555400e+00 -4.498800e-01 -9.612300e-01 134 35 1.148000e+01 3.140000e+00 5.673200e+02 4.676300e+02 1
1.800700e+00 9.042200e+00 -7.452500e-01 -9.612300e-01 265 35 1.039400e+01 3.140000e+00 8.103200e+02 4.357200e+02 1
1.662900e+00 9.102900e+00 -7.492500e-01 -9.612300e-01 266 35 1.091200e+01 3.140000e+00 7.997100e+02 4.354400e+02 1
1.669200e+00 9.137100e+00 -7.514900e-01 -9.612300e-01 267 35 1.120900e+01 3.140000e+00 7.997500e+02 4.353200e+02 1
1.529800e+00 9.198200e+00 -7.555100e-01 -9.612300e-01 268 35 1.074300e+01 3.140000e+00 7.892100e+02 4.350500e+02 1
1.535500e+00 9.226700e+00 -7.573900e-01 -9.612300e-01 269 35 1.043000e+01 3.140000e+00 7.893200e+02 4.349500e+02 1
6.924600e-01 9.823800e+00 -7.967000e-01 -9.612300e-01 283 35 1.064900e+01 3.140000e+00 7.280500e+02 4.326700e+02 1
6.949200e-01 9.857200e+00 -7.989000e-01 -9.612300e-01 284 35 1.063500e+01 3.140000e+00 7.280900e+02 4.325600e+02 1
7.748600e-01 9.887800e+00 -8.009100e-01 -9.612300e-01 285 35 1.054600e+01 3.140000e+00 7.331900e+02 4.324900e+02 1
9.331100e-01 9.906800e+00 -8.021600e-01 -9.612300e-01 286 35 1.029300e+01 3.140000e+00 7.434100e+02 4.324800e+02 1
7.926000e-01 2.784400e+00 -3.332900e-01 -9.291900e-01 84 36 1.104800e+01 3.140000e+00 8.412100e+02 5.132300e+02 1
8.479800e-01 2.791000e+00 -3.337300e-01 -9.291900e-01 85 36 1.278200e+01 3.140000e+00 8.540600e+02 5.130700e+02 1
8.580800e-01 2.820300e+00 -3.356600e-01 -9.291900e-01 86 36 1.346500e+01 3.140000e+00 8.547100e+02 5.118900e+02 1
8.916400e-01 2.847500e+00 -3.374500e-01 -9.291900e-01 87 36 1.307700e+01 3.140000e+00 8.609700e+02 5.108800e+02 1
9.494800e-01 2.850800e+00 -3.376700e-01 -9.291900e-01 88 36 1.241000e+01 3.140000e+00 8.742900e+02 5.108600e+02 1
9.603900e-01 2.898000e+00 -3.407800e-01 -9.291900e-01 89 36 1.376600e+01 3.140000e+00 8.737500e+02 5.090400e+02 1
9.955900e-01 2.927400e+00 -3.427100e-01 -9.291900e-01 90 36 1.413000e+01 3.140000e+00 8.798900e+02 5.079900e+02 1
1.031300e+00 2.951800e+00 -3.443200e-01 -9.291900e-01 91 36 1.359000e+01 3.140000e+00 8.863700e+02 5.071500e+02 1
1.042800e+00 2.972700e+00 -3.456900e-01 -9.291900e-01 92 36 1.228600e+01 3.140000e+00 8.875400e+02 5.064000e+02 1
1.079300e+00 2.963500e+00 -3.450800e-01 -9.291900e-01 93 36 1.059200e+01 3.140000e+00 8.964000e+02 5.068100e+02 1
-6.790900e-01 4.515300e+00 -4.472400e-01 -9.291900e-01 132 36 1.038900e+01 3.140000e+00 5.727800e+02 4.682600e+02 1
-7.202900e-01 4.552700e+00 -4.497000e-01 -9.291900e-01 133 36 1.072400e+01 3.140000e+00 568 4.676800e+02 1
-6.894600e-01 4.581700e+00 -4.516200e-01 -9.291900e-01 134 36 1.025900e+01 3.140000e+00 5.731100e+02 4.672800e+02 1
8.479800e-01 2.799900e+00 -3.343200e-01 -8.971500e-01 85 37 1.158700e+01 3.140000e+00 8.535300e+02 5.127100e+02 1
8.812700e-01 2.819700e+00 -3.356200e-01 -8.971500e-01 86 37 1.222500e+01 3.140000e+00 8.602300e+02 5.119700e+02 1
9.151000e-01 2.847000e+00 -3.374100e-01 -8.971500e-01 87 37 1.173600e+01 3.140000e+00 8.664900e+02 5.109400e+02 1
9.603900e-01 2.907000e+00 -3.413700e-01 -8.971500e-01 89 37 1.236500e+01 3.140000e+00 8.731700e+02 5.086900e+02 1
9.955900e-01 2.933700e+00 -3.431300e-01 -8.971500e-01 90 37 1.268600e+01 3.140000e+00 8.794700e+02 5.077500e+02 1
1.006800e+00 2.965800e+00 -3.452400e-01 -8.971500e-01 91 37 1.205600e+01 3.140000e+00 8.799100e+02 5.065900e+02 1
1.067600e+00 2.961600e+00 -3.449600e-01 -8.971500e-01 92 37 1.063300e+01 3.140000e+00 8.938800e+02 5.068600e+02 1
0 0 -1.500000e-01 -3.204100e-02 1 64 1.545600e+01 3.140000e+00 2167 -3.612800e+03 0
-7.093800e-02 1.117300e-01 -1.573500e-01 -3.204100e-02 5 64 1.418200e+01 3.140000e+00 -3.149100e+03 7.806400e+03 0
-1.585200e-01 1.860600e-01 -1.622500e-01 -3.204100e-02 8 64 1.335600e+01 3.140000e+00 -1.093900e+03 2.930800e+03 0
-2.008100e-01 1.911300e-01 -1.625800e-01 -3.204100e-02 9 64 1.263100e+01 3.140000e+00 -1.217400e+03 2.797600e+03 0
-2.504700e-01 1.814200e-01 -1.619400e-01 -3.204100e-02 10 64 1.263400e+01 3.140000e+00 -1623 2.963300e+03 0
-2.619200e-01 2.205400e-01 -1.645200e-01 -3.204100e-02 11 64 1.211600e+01 3.140000e+00 -1.080600e+03 2.311700e+03 0
-2.851200e-01 2.308300e-01 -1.652000e-01 -3.204100e-02 12 64 1.164800e+01 3.140000e+00 -1.051200e+03 2.184400e+03 0
-3.012100e-01 2.826100e-01 -1.686000e-01 -3.204100e-02 13 64 1.087300e+01 3.140000e+00 -6.805600e+02 1.757900e+03 0
3.536000e-01 2.766500e-01 -1.682100e-01 -3.204100e-02 28 64 1.218600e+01 3.140000e+00 1.301500e+03 1.962400e+03 0
6.799100e-01 6.404300e-01 -1.921600e-01 -3.204100e-02 29 64 1.365300e+01 3.140000e+00 1289 9.507700e+02 0
6.725500e-01 7.379100e-01 -1.985800e-01 -3.204100e-02 30 64 1.460000e+01 3.140000e+00 1191 8.671300e+02 0
6.793700e-01 7.975200e-01 -2.025000e-01 -3.204100e-02 31 64 1.473900e+01 3.140000e+00 1.155100e+03 8.277300e+02 0
6.766400e-01 8.312600e-01 -2.047200e-01 -3.204100e-02 32 64 1.418600e+01 3.140000e+00 1.131500e+03 8.081200e+02 0
6.810000e-01 8.712600e-01 -2.073500e-01 -3.204100e-02 33 64 1.266900e+01 3.140000e+00 1.112600e+03 7.872300e+02 0
7.606700e-01 7.023700e-01 -1.962400e-01 -3.204100e-02 35 64 1.023500e+01 3.140000e+00 1.315800e+03 8.970900e+02 0
-8.403400e-01 8.818600e-01 -2.080500e-01 -3.204100e-02 36 64 1.087300e+01 3.140000e+00 -7.581800e+01 7.555100e+02 0
-8.447100e-01 8.808600e-01 -2.079900e-01 -3.204100e-02 37 64 1.130800e+01 3.140000e+00 -7.993700e+01 7.558600e+02 0
-8.580800e-01 8.326200e-01 -2.048100e-01 -3.204100e-02 38 64 1.078400e+01 3.140000e+00 -1.377100e+02 7.773100e+02 0
