0 0 -1.500000e-01 0 1 65 1.648400e+01 3.180000e+00 2167 -3.612800e+03 0
-7.093800e-02 1.117900e-01 -1.574500e-01 0 5 65 1.519600e+01 3.180000e+00 -3.143800e+03 7.797700e+03 0
-1.585200e-01 1.859600e-01 -1.624000e-01 0 8 65 1.434100e+01 3.180000e+00 -1.095400e+03 2.933700e+03 0
-2.008100e-01 1.923000e-01 -1.628200e-01 0 9 65 1.366900e+01 3.180000e+00 -1.199600e+03 2.776100e+03 0
-2.480100e-01 1.868300e-01 -1.624600e-01 0 10 65 1.364300e+01 3.180000e+00 -1.508300e+03 2.851600e+03 0
-2.619200e-01 2.225300e-01 -1.648400e-01 0 11 65 1.310900e+01 3.180000e+00 -1.058300e+03 2.288400e+03 0
-2.881200e-01 2.327000e-01 -1.655100e-01 0 12 65 1.269200e+01 3.180000e+00 -1.042200e+03 2.164300e+03 0
-3.044900e-01 2.827000e-01 -1.688500e-01 0 13 65 1.200800e+01 3.180000e+00 -6.888800e+02 1.757400e+03 0
-3.085800e-01 3.002400e-01 -1.700200e-01 0 14 65 1.148600e+01 3.180000e+00 -5.965100e+02 1656 0
-1.184100e-01 4.275400e-01 -1.785000e-01 0 15 65 1.137900e+01 3.180000e+00 1.783600e+02 1233 0
-3.642400e-01 3.647200e-01 -1.743200e-01 0 16 65 1.119800e+01 3.180000e+00 -4.307800e+02 1.381200e+03 0
3.609700e-01 3.394700e-01 -1.726300e-01 0 28 65 1.312900e+01 3.180000e+00 1170 1.577900e+03 0
6.799100e-01 6.377000e-01 -1.925200e-01 0 29 65 1.468400e+01 3.180000e+00 1.292100e+03 9.541700e+02 0
6.725500e-01 7.360800e-01 -1.990700e-01 0 30 65 1.560200e+01 3.180000e+00 1.192500e+03 8.690700e+02 0
6.793700e-01 7.975800e-01 -2.031700e-01 0 31 65 1.572800e+01 3.180000e+00 1.155100e+03 8.283000e+02 0
6.766400e-01 8.329700e-01 -2.055300e-01 0 32 65 1.512900e+01 3.180000e+00 1.130500e+03 8.077700e+02 0
6.722700e-01 8.814200e-01 -2.087600e-01 0 33 65 1.343500e+01 3.180000e+00 1100 7.826700e+02 0
7.514000e-01 7.844900e-01 -2.023000e-01 0 35 65 1.086800e+01 3.180000e+00 1.232400e+03 8.381200e+02 0
-8.116900e-01 9.088400e-01 -2.105900e-01 0 36 65 1.170300e+01 3.180000e+00 -3.146400e+01 7.454500e+02 0
-8.348900e-01 8.998100e-01 -2.099900e-01 0 37 65 1.212100e+01 3.180000e+00 -5.575300e+01 7.487200e+02 0
-8.681700e-01 8.649700e-01 -2.076700e-01 0 38 65 1.168000e+01 3.180000e+00 -1.124100e+02 7.628800e+02 0
0 0 -1.500000e-01 3.204100e-02 1 66 1.547800e+01 3.180000e+00 2167 -3.612800e+03 0
-7.093800e-02 1.118600e-01 -1.574600e-01 3.204100e-02 5 66 1.418500e+01 3.180000e+00 -3.137200e+03 7.784900e+03 0
-1.585200e-01 1.858300e-01 -1.623900e-01 3.204100e-02 8 66 1.333600e+01 3.180000e+00 -1.097400e+03 2.936600e+03 0
-2.008100e-01 1.930900e-01 -1.628700e-01 3.204100e-02 9 66 1.264500e+01 3.180000e+00 -1.187700e+03 2.761100e+03 0
-2.504700e-01 1.845500e-01 -1.623000e-01 3.204100e-02 10 66 1.263200e+01 3.180000e+00 -1.562100e+03 2.896800e+03 0
-2.619200e-01 2.250000e-01 -1.650000e-01 3.204100e-02 11 66 1.215900e+01 3.180000e+00 -1.031100e+03 2.259200e+03 0
-2.881200e-01 2.358400e-01 -1.657200e-01 3.204100e-02 12 66 1.169200e+01 3.180000e+00 -1.010400e+03 2132 0
-3.012100e-01 2.859100e-01 -1.690600e-01 3.204100e-02 13 66 1.099300e+01 3.180000e+00 -6.601600e+02 1.738400e+03 0
-4.114400e-01 1.789300e-01 -1.619300e-01 3.204100e-02 14 66 1.044000e+01 3.180000e+00 -2.428900e+03 2899 0
-1.145900e-01 4.488700e-01 -1.799300e-01 3.204100e-02 15 66 1.047200e+01 3.180000e+00 2.136500e+02 1.186600e+03 0
3.609700e-01 3.404800e-01 -1.727000e-01 3.204100e-02 28 66 1.212800e+01 3.180000e+00 1.168100e+03 1.573200e+03 0
6.722700e-01 6.394300e-01 -1.926300e-01 3.204100e-02 29 66 1.364200e+01 3.180000e+00 1.280900e+03 9.521300e+02 0
6.725500e-01 7.347300e-01 -1.989800e-01 3.204100e-02 30 66 1.458800e+01 3.180000e+00 1.193600e+03 8.700600e+02 0
6.711800e-01 8.044800e-01 -2.036300e-01 3.204100e-02 31 66 1.473100e+01 3.180000e+00 1.143100e+03 8.239600e+02 0
6.766400e-01 8.327100e-01 -2.055200e-01 3.204100e-02 32 66 1.415500e+01 3.180000e+00 1.130700e+03 8.079200e+02 0
6.810000e-01 8.737400e-01 -2.082500e-01 3.204100e-02 33 66 1.252200e+01 3.180000e+00 1.111300e+03 7.865900e+02 0
-8.021400e-01 9.217900e-01 -2.114600e-01 3.204100e-02 36 66 1.068700e+01 3.180000e+00 -1.404500e+01 7.405200e+02 0
-8.447100e-01 9.040700e-01 -2.102700e-01 3.204100e-02 37 66 1.106000e+01 3.180000e+00 -5.903100e+01 7.468500e+02 0
-8.681700e-01 8.623000e-01 -2.074900e-01 3.204100e-02 38 66 1.056700e+01 3.180000e+00 -1.150500e+02 7.640600e+02 0
8.458000e-01 3.371500e+00 -3.747800e-01 -1.025300e+00 101 33 1.018100e+01 3.180000e+00 8.252100e+02 4.938800e+02 1
8.818100e-01 3.413900e+00 -3.776000e-01 -1.025300e+00 102 33 1.070800e+01 3.180000e+00 8.305000e+02 4.927600e+02 1
9.740300e-01 3.425200e+00 -3.783600e-01 -1.025300e+00 103 33 1.116300e+01 3.180000e+00 8.478400e+02 4.925900e+02 1
1.039800e+00 3.435000e+00 -3.790100e-01 -1.025300e+00 104 33 1.095500e+01 3.180000e+00 8.600700e+02 4.924200e+02 1
-9.232800e-01 4.791800e+00 -4.694700e-01 -1.025300e+00 142 33 1.047300e+01 3.180000e+00 5.473400e+02 4.647200e+02 1
-9.298300e-01 4.853900e+00 -4.736100e-01 -1.025300e+00 143 33 1.017400e+01 3.180000e+00 5.483700e+02 4.639100e+02 1
-7.516700e-01 5.005700e+00 -4.837300e-01 -1.025300e+00 146 33 1.126700e+01 3.180000e+00 5.755200e+02 4.621700e+02 1
-7.966900e-01 5.027800e+00 -4.852100e-01 -1.025300e+00 147 33 1.211600e+01 3.180000e+00 5.703300e+02 4.618700e+02 1
-8.823600e-01 5.039300e+00 -4.859700e-01 -1.025300e+00 148 33 1.199900e+01 3.180000e+00 5.597800e+02 4.616700e+02 1
-9.691200e-01 5.008500e+00 -4.839200e-01 -1.025300e+00 149 33 1.101100e+01 3.180000e+00 5.479100e+02 4.619700e+02 1
1.744500e+00 9.532200e+00 -7.855200e-01 -1.025300e+00 279 33 1.137100e+01 3.180000e+00 8.004400e+02 4.344600e+02 1
1.674700e+00 9.591100e+00 -7.894400e-01 -1.025300e+00 280 33 1.214400e+01 3.180000e+00 7.950600e+02 4.342400e+02 1
1.680700e+00 9.628700e+00 -7.919500e-01 -1.025300e+00 281 33 1.158100e+01 3.180000e+00 7.950600e+02 4.341200e+02 1
1.615700e+00 9.697600e+00 -7.965400e-01 -1.025300e+00 283 33 1.096600e+01 3.180000e+00 7.899900e+02 4.338700e+02 1
6.439000e-01 1.028200e+01 -8.355100e-01 -1.025300e+00 296 33 1.136500e+01 3.180000e+00 7.234900e+02 4.318000e+02 1
7.268400e-01 1.030800e+01 -8.372600e-01 -1.025300e+00 297 33 1.149500e+01 3.180000e+00 7.285900e+02 4.317400e+02 1
7.293000e-01 1.033300e+01 -8.389100e-01 -1.025300e+00 298 33 1.139600e+01 3.180000e+00 7.286600e+02 4.316700e+02 1
7.317500e-01 1.037700e+01 -8.418400e-01 -1.025300e+00 299 33 1.139200e+01 3.180000e+00 7.286600e+02 4.315500e+02 1
8.157900e-01 1.040900e+01 -8.440000e-01 -1.025300e+00 300 33 1.102000e+01 3.180000e+00 7.337500e+02 4.314800e+02 1
8.468900e-01 3.259900e+00 -3.673400e-01 -9.932700e-01 98 34 1.116000e+01 3.180000e+00 8.300800e+02 4.971100e+02 1
8.823600e-01 3.295300e+00 -3.697000e-01 -9.932700e-01 99 34 1.210800e+01 3.180000e+00 8.356800e+02 4.961200e+02 1
9.183700e-01 3.322100e+00 -3.714900e-01 -9.932700e-01 100 34 1.208000e+01 3.180000e+00 8.416800e+02 4.953900e+02 1
9.549300e-01 3.341100e+00 -3.727500e-01 -9.932700e-01 101 34 1.156000e+01 3.180000e+00 8.480600e+02 4.949100e+02 1
9.644800e-01 3.386500e+00 -3.757800e-01 -9.932700e-01 102 34 1.336200e+01 3.180000e+00 8.477900e+02 4.936400e+02 1
1.001900e+00 3.409200e+00 -3.772900e-01 -9.932700e-01 103 34 1.395400e+01 3.180000e+00 854 4.930700e+02 1
1.011700e+00 3.437500e+00 -3.791800e-01 -9.932700e-01 104 34 1.361000e+01 3.180000e+00 8.545300e+02 4.923100e+02 1
1.049900e+00 3.454900e+00 -3.803400e-01 -9.932700e-01 105 34 1.243200e+01 3.180000e+00 8.610200e+02 4.919000e+02 1
9.453800e-01 3.507800e+00 -3.838600e-01 -9.932700e-01 106 34 1.053600e+01 3.180000e+00 8.387100e+02 4.903600e+02 1
-8.785400e-01 4.806400e+00 -4.704400e-01 -9.932700e-01 141 34 1.006100e+01 3.180000e+00 5.537200e+02 4.645700e+02 1
-8.848100e-01 4.823700e+00 -4.716000e-01 -9.932700e-01 142 34 1.060000e+01 3.180000e+00 5.534000e+02 4.643400e+02 1
-8.910900e-01 4.858000e+00 -4.738800e-01 -9.932700e-01 143 34 1.031600e+01 3.180000e+00 5.535800e+02 4.638900e+02 1
-5.500400e-01 4.995900e+00 -4.830800e-01 -9.932700e-01 145 34 1.030700e+01 3.180000e+00 6.010900e+02 4.624500e+02 0
-7.516700e-01 5.004800e+00 -4.836700e-01 -9.932700e-01 146 34 1.222900e+01 3.180000e+00 5.755000e+02 4.621800e+02 1
-7.966900e-01 5.029300e+00 -4.853100e-01 -9.932700e-01 147 34 1.299300e+01 3.180000e+00 5.703700e+02 4.618500e+02 1
-8.021400e-01 5.062700e+00 -4.875300e-01 -9.932700e-01 148 34 1.270900e+01 3.180000e+00 5.705000e+02 4.614500e+02 1
-8.883600e-01 5.078500e+00 -4.885900e-01 -9.932700e-01 149 34 1.125100e+01 3.180000e+00 5.600700e+02 4.612000e+02 1
1.668700e+00 9.553300e+00 -7.869200e-01 -9.932700e-01 279 34 1.156600e+01 3.180000e+00 7.950600e+02 4.343700e+02 1
1.674700e+00 9.593200e+00 -7.895800e-01 -9.932700e-01 280 34 1.228900e+01 3.180000e+00 7.950300e+02 4.342400e+02 1
1.680700e+00 9.625600e+00 -7.917400e-01 -9.932700e-01 281 34 1.174500e+01 3.180000e+00 7.950900e+02 4.341300e+02 1
1.692700e+00 9.680500e+00 -7.954000e-01 -9.932700e-01 283 34 1.097000e+01 3.180000e+00 7.953200e+02 4.339500e+02 1
5.634100e-01 1.028000e+01 -8.353500e-01 -9.932700e-01 296 34 1.093900e+01 3.180000e+00 7.184600e+02 4.317800e+02 1
6.460800e-01 1.031100e+01 -8.374400e-01 -9.932700e-01 297 34 1.116800e+01 3.180000e+00 7.235400e+02 4.317100e+02 1
7.293000e-01 1.031600e+01 -8.377500e-01 -9.932700e-01 298 34 1.104500e+01 3.180000e+00 7.287100e+02 4.317200e+02 1
7.317500e-01 1.037000e+01 -8.413400e-01 -9.932700e-01 299 34 1.076600e+01 3.180000e+00 7.286900e+02 4.315700e+02 1
8.973700e-01 1.040300e+01 -8.435900e-01 -9.932700e-01 300 34 1.024500e+01 3.180000e+00 7.388200e+02 4.315200e+02 1
8.998200e-01 3.263300e+00 -3.675600e-01 -9.612300e-01 98 35 1.167100e+01 3.180000e+00 8.406600e+02 4.970900e+02 1
8.823600e-01 3.302200e+00 -3.701600e-01 -9.612300e-01 99 35 1.255500e+01 3.180000e+00 8.353800e+02 4.959200e+02 1
9.183700e-01 3.325700e+00 -3.717300e-01 -9.612300e-01 100 35 1.241200e+01 3.180000e+00 8.415100e+02 4.952900e+02 1
9.276500e-01 3.365600e+00 -3.743900e-01 -9.612300e-01 101 35 1.051700e+01 3.180000e+00 8.415300e+02 4.941700e+02 1
9.644800e-01 3.389000e+00 -3.759400e-01 -9.612300e-01 102 35 1.364700e+01 3.180000e+00 8.476700e+02 4.935700e+02 1
1.001900e+00 3.411600e+00 -3.774500e-01 -9.612300e-01 103 35 1.424000e+01 3.180000e+00 8.538800e+02 493 1
1.011700e+00 3.441200e+00 -3.794300e-01 -9.612300e-01 104 35 1.383700e+01 3.180000e+00 8.543500e+02 4.922100e+02 1
1.021500e+00 3.469300e+00 -3.813000e-01 -9.612300e-01 105 35 1.257200e+01 3.180000e+00 8.548800e+02 4.914800e+02 1
9.740300e-01 3.518300e+00 -3.845700e-01 -9.612300e-01 106 35 1.086500e+01 3.180000e+00 8.436400e+02 4.901300e+02 1
-6.725500e-01 5.017500e+00 -4.845100e-01 -9.612300e-01 146 35 1.134300e+01 3.180000e+00 5.858700e+02 4.620900e+02 1
-7.568500e-01 5.037100e+00 -4.858200e-01 -9.612300e-01 147 35 1.195900e+01 3.180000e+00 5.756100e+02 4.617900e+02 1
-7.620400e-01 5.073400e+00 -4.882400e-01 -9.612300e-01 148 35 1.155900e+01 3.180000e+00 5.758100e+02 4.613600e+02 1
1.750800e+00 9.564100e+00 -7.876400e-01 -9.612300e-01 280 35 1.039500e+01 3.180000e+00 8.005100e+02 4.343600e+02 1
9.262900e-01 3.247400e+00 -3.665100e-01 -9.291900e-01 98 36 1.032400e+01 3.180000e+00 8.468000e+02 4.976100e+02 1
9.091000e-01 3.299000e+00 -3.699500e-01 -9.291900e-01 99 36 1.102800e+01 3.180000e+00 8.408800e+02 4.960500e+02 1
8.913600e-01 3.339100e+00 -3.726200e-01 -9.291900e-01 100 36 1.084500e+01 3.180000e+00 8.355500e+02 4.948700e+02 1
1.009500e+00 3.340200e+00 -3.726900e-01 -9.291900e-01 101 36 1.035800e+01 3.180000e+00 8.589200e+02 4.950100e+02 1
9.920400e-01 3.382800e+00 -3.755300e-01 -9.291900e-01 102 36 1.198700e+01 3.180000e+00 8.533600e+02 4.937900e+02 1
1.001900e+00 3.415800e+00 -3.777300e-01 -9.291900e-01 103 36 1.245100e+01 3.180000e+00 8.536800e+02 4.928900e+02 1
9.835800e-01 3.456700e+00 -3.804600e-01 -9.291900e-01 104 36 1.199100e+01 3.180000e+00 8.482200e+02 4.917600e+02 1
9.647600e-01 3.496000e+00 -3.830800e-01 -9.291900e-01 105 36 1.046500e+01 3.180000e+00 8.428700e+02 4.907000e+02 1
0 0 -1.500000e-01 -6.408200e-02 1 63 1.021200e+01 3.180000e+00 2167 -3.612800e+03 0
-3.410500e-02 3.929600e-03 -1.502600e-01 -6.408200e-02 2 63 9.976100e+00 3.180000e+00 2.590200e+03 -3.907400e+03 0
0 0 -1.500000e-01 -3.204100e-02 1 64 1.548000e+01 3.180000e+00 2167 -3.612800e+03 0
-7.093800e-02 1.114800e-01 -1.574300e-01 -3.204100e-02 5 64 1.416900e+01 3.180000e+00 -3.173200e+03 7.854200e+03 0
-1.585200e-01 1.860800e-01 -1.624100e-01 -3.204100e-02 8 64 1.331500e+01 3.180000e+00 -1.093600e+03 2.931100e+03 0
-1.986300e-01 1.933800e-01 -1.628900e-01 -3.204100e-02 9 64 1.264400e+01 3.180000e+00 -1.173500e+03 2.757200e+03 0
-2.480100e-01 1.855900e-01 -1.623700e-01 -3.204100e-02 10 64 1.264100e+01 3.180000e+00 -1531 2.876900e+03 0
-2.619200e-01 2.210400e-01 -1.647400e-01 -3.204100e-02 11 64 1.215000e+01 3.180000e+00 -1075 2.306400e+03 0
-2.881200e-01 2.311500e-01 -1.654100e-01 -3.204100e-02 12 64 1.167200e+01 3.180000e+00 -1.058400e+03 2.180700e+03 0
-3.077600e-01 2.792800e-01 -1.686200e-01 -3.204100e-02 13 64 1.103100e+01 3.180000e+00 -7.197200e+02 1.778100e+03 0
-3.050300e-01 2.997000e-01 -1.699800e-01 -3.204100e-02 14 64 1.051500e+01 3.180000e+00 -5.906000e+02 1.659600e+03 0
-1.145900e-01 4.398600e-01 -1.793300e-01 -3.204100e-02 15 64 1.057700e+01 3.180000e+00 2.019400e+02 1.205700e+03 0
3.609700e-01 3.633700e-01 -1.742300e-01 -3.204100e-02 28 64 1.212500e+01 3.180000e+00 1129 1.476600e+03 0
6.799100e-01 6.391500e-01 -1.926100e-01 -3.204100e-02 29 64 1.368600e+01 3.180000e+00 1.290500e+03 9.526900e+02 0
6.725500e-01 7.369000e-01 -1.991300e-01 -3.204100e-02 30 64 1.457900e+01 3.180000e+00 1.191900e+03 8.684700e+02 0
6.793700e-01 7.975800e-01 -2.031700e-01 -3.204100e-02 31 64 1.469000e+01 3.180000e+00 1.155100e+03 8.283000e+02 0
6.766400e-01 8.344400e-01 -2.056300e-01 -3.204100e-02 32 64 1.405100e+01 3.180000e+00 1.129700e+03 8.069700e+02 0
6.722700e-01 8.863700e-01 -2.090900e-01 -3.204100e-02 33 64 1.222900e+01 3.180000e+00 1.097400e+03 7.802900e+02 0
7.421200e-01 7.610900e-01 -2.007400e-01 -3.204100e-02 35 64 1.028300e+01 3.180000e+00 1.242300e+03 8.532900e+02 0
-8.021400e-01 9.135000e-01 -2.109000e-01 -3.204100e-02 36 64 1.058900e+01 3.180000e+00 -2.082100e+01 7.437600e+02 0
-8.250600e-01 8.918800e-01 -2.094600e-01 -3.204100e-02 37 64 1.105900e+01 3.180000e+00 -5.569300e+01 7.521200e+02 0
-8.580800e-01 8.320800e-01 -2.054800e-01 -3.204100e-02 38 64 1.067700e+01 3.180000e+00 -1.383000e+02 7.781200e+02 0
