0 0 -1.500000e-01 0 1 65 1.643400e+01 3.290000e+00 2167 -3.612800e+03 0
-7.093800e-02 1.120700e-01 -1.577300e-01 0 5 65 1.519900e+01 3.290000e+00 -3.117900e+03 7.751900e+03 0
-1.585200e-01 1.860600e-01 -1.628300e-01 0 8 65 1.436800e+01 3.290000e+00 -1.094200e+03 2.934300e+03 0
-2.008100e-01 1.915900e-01 -1.632200e-01 0 9 65 1.367700e+01 3.290000e+00 -1.210700e+03 2.792200e+03 0
-2.480100e-01 1.864900e-01 -1.628600e-01 0 10 65 1.362700e+01 3.290000e+00 -1.514800e+03 2.861100e+03 0
-2.619200e-01 2.214600e-01 -1.652800e-01 0 11 65 1.305000e+01 3.290000e+00 -1.070500e+03 2.303600e+03 0
-2.851200e-01 2.337100e-01 -1.661200e-01 0 12 65 1.268300e+01 3.290000e+00 -1.021800e+03 2157 0
-3.077600e-01 2.792100e-01 -1.692600e-01 0 13 65 1.197900e+01 3.290000e+00 -7.203800e+02 1.780600e+03 0
-3.085800e-01 3.059100e-01 -1.711000e-01 0 14 65 1.151000e+01 3.290000e+00 -5.664500e+02 1.628700e+03 0
-1.184100e-01 3.683400e-01 -1.754100e-01 0 15 65 1.129300e+01 3.290000e+00 7.599900e+01 1.399700e+03 0
-3.642400e-01 3.665800e-01 -1.752900e-01 0 16 65 1.131200e+01 3.290000e+00 -424 1377 0
3.536000e-01 3.544700e-01 -1.744500e-01 0 28 65 1.311800e+01 3.290000e+00 1.125600e+03 1.513100e+03 0
6.722700e-01 6.450900e-01 -1.945000e-01 0 29 65 1.469600e+01 3.290000e+00 1275 9.481800e+02 0
6.725500e-01 7.364100e-01 -2.008000e-01 0 30 65 1.562000e+01 3.290000e+00 1.192300e+03 8.705100e+02 0
6.793700e-01 7.975800e-01 -2.050200e-01 0 31 65 1.576800e+01 3.290000e+00 1.155200e+03 8.299600e+02 0
6.766400e-01 8.332300e-01 -2.074800e-01 0 32 65 1.520800e+01 3.290000e+00 1.130400e+03 8.092800e+02 0
6.810000e-01 8.737500e-01 -2.102700e-01 0 33 65 1.363700e+01 3.290000e+00 1.111300e+03 7.882300e+02 0
-1.008400e+00 2.144200e-01 -1.647900e-01 0 34 65 1.096200e+01 3.290000e+00 -3.614500e+03 2.099400e+03 0
7.328400e-01 7.624100e-01 -2.025900e-01 0 35 65 1.100600e+01 3.290000e+00 1.232100e+03 8.538300e+02 0
-8.116900e-01 9.085800e-01 -2.126700e-01 0 36 65 1.168600e+01 3.290000e+00 -3.174000e+01 7.470900e+02 0
-8.447100e-01 8.853900e-01 -2.110800e-01 0 37 65 1.219400e+01 3.290000e+00 -7.583800e+01 7.560400e+02 0
-8.681700e-01 8.575600e-01 -2.091600e-01 0 38 65 1.181800e+01 3.290000e+00 -1.198200e+02 7.677000e+02 0
-9.123700e-01 7.754000e-01 -2.034900e-01 0 39 65 1.046500e+01 3.290000e+00 -2.479400e+02 8.076800e+02 0
0 0 -1.500000e-01 3.204100e-02 1 66 1.538000e+01 3.290000e+00 2167 -3.612800e+03 0
-7.093800e-02 1.125000e-01 -1.577600e-01 3.204100e-02 5 66 1.419700e+01 3.290000e+00 -3.078100e+03 7675 0
-1.585200e-01 1.860100e-01 -1.628300e-01 3.204100e-02 8 66 1.335600e+01 3.290000e+00 -1095 2.935400e+03 0
-2.008100e-01 1.923900e-01 -1.632700e-01 3.204100e-02 9 66 1.268200e+01 3.290000e+00 -1.198400e+03 2.776900e+03 0
-2.480100e-01 1.875800e-01 -1.629400e-01 3.204100e-02 10 66 1.263000e+01 3.290000e+00 -1495 2.839100e+03 0
-2.619200e-01 2.220600e-01 -1.653200e-01 3.204100e-02 11 66 1.204400e+01 3.290000e+00 -1.063700e+03 2.296300e+03 0
-2.881200e-01 2.303900e-01 -1.658900e-01 3.204100e-02 12 66 1.167100e+01 3.290000e+00 -1.066500e+03 2191 0
-3.044900e-01 2.836300e-01 -1.695700e-01 3.204100e-02 13 66 1.099100e+01 3.290000e+00 -6.831400e+02 1.753600e+03 0
-3.085800e-01 3.075500e-01 -1.712200e-01 3.204100e-02 14 66 1.041400e+01 3.290000e+00 -5.579800e+02 1.620400e+03 0
-1.107700e-01 3.231800e-01 -1.722900e-01 3.204100e-02 15 66 1.042000e+01 3.290000e+00 -1.577000e+01 1.578600e+03 0
3.462300e-01 4.103800e-01 -1.783100e-01 3.204100e-02 28 66 1.211700e+01 3.290000e+00 1.036600e+03 1.321300e+03 0
6.722700e-01 6.424600e-01 -1.943200e-01 3.204100e-02 29 66 1.371000e+01 3.290000e+00 1.277800e+03 9.508000e+02 0
6.725500e-01 7.350900e-01 -2.007100e-01 3.204100e-02 30 66 1.461500e+01 3.290000e+00 1.193300e+03 8.714800e+02 0
6.711800e-01 8.044800e-01 -2.054900e-01 3.204100e-02 31 66 1.476400e+01 3.290000e+00 1.143200e+03 8.256200e+02 0
6.766400e-01 8.334800e-01 -2.074900e-01 3.204100e-02 32 66 1.422000e+01 3.290000e+00 1.130300e+03 8.091400e+02 0
6.810000e-01 8.733500e-01 -2.102500e-01 3.204100e-02 33 66 1.270400e+01 3.290000e+00 1.111600e+03 7.884200e+02 0
-9.994100e-01 4.771300e-01 -1.829100e-01 3.204100e-02 34 66 1.006400e+01 3.290000e+00 -1.011900e+03 1.080400e+03 0
7.421200e-01 7.583500e-01 -2.023100e-01 3.204100e-02 35 66 1.024600e+01 3.290000e+00 1.244600e+03 8.568400e+02 0
-8.212400e-01 9.025000e-01 -2.122600e-01 3.204100e-02 36 66 1.062900e+01 3.290000e+00 -4.371300e+01 7.493700e+02 0
-8.447100e-01 8.939300e-01 -2.116600e-01 3.204100e-02 37 66 1.105200e+01 3.290000e+00 -6.808700e+01 7.524900e+02 0
-8.782700e-01 8.299500e-01 -2.072500e-01 3.204100e-02 38 66 1.048800e+01 3.290000e+00 -1.562700e+02 7.803100e+02 0
1.027500e+00 9.331800e+00 -7.937200e-01 -1.057400e+00 270 32 1.042400e+01 3.290000e+00 7.530500e+02 4.363700e+02 1
1.031300e+00 9.356300e+00 -7.954100e-01 -1.057400e+00 271 32 1.073900e+01 3.290000e+00 7.531600e+02 4.362800e+02 1
9.612100e-01 9.413600e+00 -7.993600e-01 -1.057400e+00 272 32 1.035200e+01 3.290000e+00 7.479900e+02 4.360600e+02 1
1.773400e+00 8.537000e+00 -7.388900e-01 -1.025300e+00 251 33 1.009400e+01 3.290000e+00 8.152900e+02 4.397000e+02 1
1.780500e+00 8.581100e+00 -7.419400e-01 -1.025300e+00 252 33 1.122200e+01 3.290000e+00 8.151900e+02 4.395200e+02 1
1.718900e+00 8.629800e+00 -7.453000e-01 -1.025300e+00 253 33 1.140000e+01 3.290000e+00 8.098500e+02 4.392900e+02 1
1.587600e+00 8.689600e+00 -7.494200e-01 -1.025300e+00 254 33 1.055900e+01 3.290000e+00 7.992300e+02 439 1
9.470200e-01 9.176200e+00 -7.829900e-01 -1.025300e+00 268 33 1.042700e+01 3.290000e+00 7.484000e+02 4.369000e+02 1
8.774500e-01 9.315700e+00 -7.926100e-01 -1.025300e+00 269 33 1.098300e+01 3.290000e+00 7.427600e+02 4.363700e+02 1
8.073300e-01 9.359500e+00 -7.956300e-01 -1.025300e+00 270 33 1.153700e+01 3.290000e+00 7.377000e+02 4.362000e+02 1
8.103300e-01 9.394400e+00 -7.980400e-01 -1.025300e+00 271 33 1.160200e+01 3.290000e+00 7.377400e+02 4.360800e+02 1
8.133300e-01 9.428900e+00 -8.004200e-01 -1.025300e+00 272 33 1.106900e+01 3.290000e+00 7.377800e+02 4.359600e+02 1
-8.632600e-01 3.828800e+00 -4.141100e-01 -9.932700e-01 114 34 1.060400e+01 3.290000e+00 5.200300e+02 4.820600e+02 1
-9.331100e-01 3.854400e+00 -4.158800e-01 -9.932700e-01 115 34 1.088500e+01 3.290000e+00 5.096500e+02 4.814500e+02 1
-1.035400e+00 3.850200e+00 -4.155900e-01 -9.932700e-01 116 34 1.033100e+01 3.290000e+00 4.925300e+02 4.814100e+02 1
-7.404800e-01 4.049600e+00 -4.293500e-01 -9.932700e-01 119 34 1.114100e+01 3.290000e+00 5.489800e+02 4.778800e+02 1
-8.116900e-01 4.073000e+00 -4.309600e-01 -9.932700e-01 120 34 1.206700e+01 3.290000e+00 5.386600e+02 4.773800e+02 1
-8.512600e-01 4.086600e+00 -4.319000e-01 -9.932700e-01 121 34 1.210800e+01 3.290000e+00 533 4.770900e+02 1
-9.573900e-01 4.067400e+00 -4.305700e-01 -9.932700e-01 122 34 1.141600e+01 3.290000e+00 5.156000e+02 4.773200e+02 1
-1.131700e+00 3.988000e+00 -4.251000e-01 -9.932700e-01 123 34 1.029500e+01 3.290000e+00 4.842200e+02 4.786000e+02 1
1.841700e+00 8.531100e+00 -7.384800e-01 -9.932700e-01 251 34 1.160500e+01 3.290000e+00 8.205700e+02 4.397500e+02 1
1.780500e+00 8.581500e+00 -7.419600e-01 -9.932700e-01 252 34 1.286000e+01 3.290000e+00 8.151900e+02 4.395100e+02 1
1.787600e+00 8.616900e+00 -7.444100e-01 -9.932700e-01 253 34 1.305500e+01 3.290000e+00 8.152100e+02 4.393700e+02 1
1.725700e+00 8.664600e+00 -7.477000e-01 -9.932700e-01 254 34 1.210600e+01 3.290000e+00 8.098900e+02 4.391500e+02 1
5.849700e-01 9.336600e+00 -7.940500e-01 -9.932700e-01 269 34 1.058200e+01 3.290000e+00 7.224700e+02 4.362100e+02 1
5.871500e-01 9.370100e+00 -7.963700e-01 -9.932700e-01 270 34 1.083400e+01 3.290000e+00 7.225100e+02 4.360900e+02 1
6.630000e-01 9.403900e+00 -7.986900e-01 -9.932700e-01 271 34 1.074600e+01 3.290000e+00 7.276000e+02 436 1
1.050400e+00 2.174200e+00 -2.999800e-01 -9.612300e-01 71 35 1.033400e+01 3.290000e+00 9.648300e+02 5.488500e+02 1
1.007300e+00 2.265700e+00 -3.062900e-01 -9.612300e-01 72 35 1.209300e+01 3.290000e+00 9.404600e+02 5.425700e+02 1
9.625700e-01 2.313400e+00 -3.095800e-01 -9.612300e-01 73 35 1.285400e+01 3.290000e+00 9.220700e+02 5.394400e+02 1
9.361100e-01 2.353100e+00 -3.123200e-01 -9.612300e-01 74 35 1.264300e+01 3.290000e+00 9.104500e+02 5.369700e+02 1
1.009500e+00 2.368600e+00 -3.133900e-01 -9.612300e-01 75 35 1.166900e+01 3.290000e+00 9.298600e+02 5.362700e+02 1
1.084500e+00 2.347800e+00 -3.119500e-01 -9.612300e-01 76 35 1.256200e+01 3.290000e+00 9.536600e+02 5.377100e+02 1
1.057500e+00 2.404300e+00 -3.158500e-01 -9.612300e-01 77 35 1.302400e+01 3.290000e+00 9.396700e+02 5.343400e+02 1
1.029400e+00 2.462800e+00 -3.198800e-01 -9.612300e-01 78 35 1.252600e+01 3.290000e+00 9.258800e+02 5.310300e+02 1
9.789400e-01 2.508700e+00 -3.230600e-01 -9.612300e-01 79 35 1.122300e+01 3.290000e+00 9.079100e+02 5.284600e+02 1
6.242500e-01 2.985800e+00 -3.559700e-01 -9.612300e-01 89 35 1.037800e+01 3.290000e+00 7.936700e+02 5.071600e+02 0
6.313500e-01 2.992000e+00 -3.563900e-01 -9.612300e-01 90 35 1.023900e+01 3.290000e+00 7.950200e+02 5.069600e+02 0
-9.249200e-01 3.801100e+00 -4.122000e-01 -9.612300e-01 114 35 1.072100e+01 3.290000e+00 5.084100e+02 4.825600e+02 1
-9.642100e-01 3.842800e+00 -4.150800e-01 -9.612300e-01 115 35 1.098500e+01 3.290000e+00 5.039400e+02 4.816500e+02 1
-9.726700e-01 3.879000e+00 -4.175800e-01 -9.612300e-01 116 35 1.043200e+01 3.290000e+00 5.043400e+02 4.809000e+02 1
-7.404800e-01 4.041600e+00 -4.288000e-01 -9.612300e-01 119 35 1.131300e+01 3.290000e+00 5.486900e+02 4.780300e+02 1
-8.116900e-01 4.074900e+00 -4.310900e-01 -9.612300e-01 120 35 1.224000e+01 3.290000e+00 5.387300e+02 4.773400e+02 1
-8.512600e-01 4.092700e+00 -4.323200e-01 -9.612300e-01 121 35 1.224800e+01 3.290000e+00 5.332500e+02 4.769700e+02 1
-8.913600e-01 4.092000e+00 -4.322700e-01 -9.612300e-01 122 35 1.145300e+01 3.290000e+00 5.269700e+02 4.769400e+02 1
1.773400e+00 8.542600e+00 -7.392800e-01 -9.612300e-01 251 35 1.126800e+01 3.290000e+00 8.152100e+02 4.396800e+02 1
1.780500e+00 8.580200e+00 -7.418800e-01 -9.612300e-01 252 35 1.252200e+01 3.290000e+00 8.152000e+02 4.395200e+02 1
1.718900e+00 8.628500e+00 -7.452100e-01 -9.612300e-01 253 35 1.272900e+01 3.290000e+00 8.098700e+02 4.392900e+02 1
1.725700e+00 8.660300e+00 -7.474000e-01 -9.612300e-01 254 35 1.185400e+01 3.290000e+00 8.099500e+02 4.391700e+02 1
1.088600e+00 2.095000e+00 -2.945200e-01 -9.291900e-01 71 36 1.106500e+01 3.290000e+00 9.880600e+02 5.547600e+02 0
9.879500e-01 2.273600e+00 -3.068400e-01 -9.291900e-01 72 36 1.286700e+01 3.290000e+00 9.338000e+02 5.420100e+02 1
9.429300e-01 2.324000e+00 -3.103200e-01 -9.291900e-01 73 36 1.366200e+01 3.290000e+00 9.152700e+02 5.387300e+02 1
9.361100e-01 2.354000e+00 -3.123800e-01 -9.291900e-01 74 36 1.348000e+01 3.290000e+00 9.103700e+02 5.369200e+02 1
1.029700e+00 2.355100e+00 -3.124600e-01 -9.291900e-01 75 36 1.303200e+01 3.290000e+00 9.370600e+02 5.371200e+02 1
1.064100e+00 2.374000e+00 -3.137600e-01 -9.291900e-01 76 36 1.374000e+01 3.290000e+00 9.448300e+02 5.361100e+02 1
1.057500e+00 2.414100e+00 -3.165300e-01 -9.291900e-01 77 36 1.411900e+01 3.290000e+00 9.386300e+02 5.337900e+02 1
1.029400e+00 2.465400e+00 -3.200700e-01 -9.291900e-01 78 36 1.353800e+01 3.290000e+00 9.256100e+02 5.308800e+02 1
1.000200e+00 2.510800e+00 -3.232000e-01 -9.291900e-01 79 36 1.208000e+01 3.290000e+00 9.134200e+02 5.284100e+02 1
-8.116900e-01 4.073300e+00 -4.309800e-01 -9.291900e-01 120 36 1.010500e+01 3.290000e+00 5.386700e+02 4.773700e+02 1
-8.512600e-01 4.057600e+00 -4.299000e-01 -9.291900e-01 121 36 1.022000e+01 3.290000e+00 5.318400e+02 4.776100e+02 1
1.780500e+00 8.547600e+00 -7.396200e-01 -9.291900e-01 252 36 1.001900e+01 3.290000e+00 8.156700e+02 4.396600e+02 1
1.512600e+00 8.650600e+00 -7.467300e-01 -9.291900e-01 253 36 1.031700e+01 3.290000e+00 7.940800e+02 4.391300e+02 1
1.088600e+00 2.055800e+00 -2.918100e-01 -8.971500e-01 71 37 1.003900e+01 3.290000e+00 9.939900e+02 5.578100e+02 0
9.879500e-01 2.267600e+00 -3.064200e-01 -8.971500e-01 72 37 1.175500e+01 3.290000e+00 9.344600e+02 5.423900e+02 1
9.429300e-01 2.327700e+00 -3.105700e-01 -8.971500e-01 73 37 1.252000e+01 3.290000e+00 9.149000e+02 5.385100e+02 1
9.560300e-01 2.344300e+00 -3.117100e-01 -8.971500e-01 74 37 1.234300e+01 3.290000e+00 9.170300e+02 5.375500e+02 1
1.029700e+00 2.349400e+00 -3.120600e-01 -8.971500e-01 75 37 1.212800e+01 3.290000e+00 9.376900e+02 5.374600e+02 1
1.064100e+00 2.381300e+00 -3.142700e-01 -8.971500e-01 76 37 1.293100e+01 3.290000e+00 9.440100e+02 5.356800e+02 1
1.057500e+00 2.420700e+00 -3.169900e-01 -8.971500e-01 77 37 1.326800e+01 3.290000e+00 9.379200e+02 5.334100e+02 1
1.029400e+00 2.469700e+00 -3.203600e-01 -8.971500e-01 78 37 1.266300e+01 3.290000e+00 9.251900e+02 5.306500e+02 1
1.021500e+00 2.509000e+00 -3.230700e-01 -8.971500e-01 79 37 1.107300e+01 3.290000e+00 9.192900e+02 5.285600e+02 1
0 0 -1.500000e-01 -3.204100e-02 1 64 1.545300e+01 3.290000e+00 2167 -3.612800e+03 0
-7.093800e-02 1.116800e-01 -1.577000e-01 -3.204100e-02 5 64 1.417300e+01 3.290000e+00 -3.154800e+03 7.822800e+03 0
-1.585200e-01 1.860900e-01 -1.628400e-01 -3.204100e-02 8 64 1.334700e+01 3.290000e+00 -1.093700e+03 2.933600e+03 0
-2.008100e-01 1.912000e-01 -1.631900e-01 -3.204100e-02 9 64 1.264500e+01 3.290000e+00 -1.216700e+03 2.799800e+03 0
-2.480100e-01 1.853900e-01 -1.627900e-01 -3.204100e-02 10 64 1.259100e+01 3.290000e+00 -1.535100e+03 2.883600e+03 0
-2.592000e-01 2.237900e-01 -1.654400e-01 -3.204100e-02 11 64 1.207300e+01 3.290000e+00 -1.034600e+03 2.276800e+03 0
-2.851200e-01 2.300800e-01 -1.658700e-01 -3.204100e-02 12 64 1.168100e+01 3.290000e+00 -1.059400e+03 2.195500e+03 0
-3.044900e-01 2.797800e-01 -1.693000e-01 -3.204100e-02 13 64 1.103800e+01 3.290000e+00 -7.077100e+02 1.777700e+03 0
-3.085800e-01 3.086200e-01 -1.712900e-01 -3.204100e-02 14 64 1.050000e+01 3.290000e+00 -5.524900e+02 1.615100e+03 0
-1.298700e-01 2.237900e-01 -1.654400e-01 -3.204100e-02 15 64 1.021800e+01 3.290000e+00 -5.493100e+02 2.330900e+03 0
3.536000e-01 3.627500e-01 -1.750200e-01 -3.204100e-02 28 64 1.207500e+01 3.290000e+00 1.112700e+03 1480 0
6.799100e-01 6.383800e-01 -1.940400e-01 -3.204100e-02 29 64 1.366400e+01 3.290000e+00 1.291400e+03 9.552100e+02 0
6.725500e-01 7.366900e-01 -2.008200e-01 -3.204100e-02 30 64 1.458800e+01 3.290000e+00 1.192100e+03 8.703100e+02 0
6.793700e-01 7.975700e-01 -2.050200e-01 -3.204100e-02 31 64 1.473900e+01 3.290000e+00 1.155200e+03 8.299600e+02 0
6.851000e-01 8.254400e-01 -2.069400e-01 -3.204100e-02 32 64 1.416500e+01 3.290000e+00 1.142700e+03 8.137900e+02 0
6.810000e-01 8.710900e-01 -2.100900e-01 -3.204100e-02 33 64 1.254000e+01 3.290000e+00 1.112800e+03 7.895500e+02 0
-1.035400e+00 4.413500e-01 -1.804500e-01 -3.204100e-02 34 64 1.015600e+01 3.290000e+00 -1.215600e+03 1.138400e+03 0
-8.212400e-01 8.967600e-01 -2.118600e-01 -3.204100e-02 36 64 1.073600e+01 3.290000e+00 -4.870100e+01 7.517100e+02 0
-8.348900e-01 8.954900e-01 -2.117700e-01 -3.204100e-02 37 64 1.129500e+01 3.290000e+00 -5.962200e+01 7.520100e+02 0
-8.479800e-01 8.981700e-01 -2.119600e-01 -3.204100e-02 38 64 1.097000e+01 3.290000e+00 -6.663600e+01 7.507000e+02 0
