0 0 -1.500000e-01 0 1 65 1.634500e+01 3.220000e+00 2167 -3.612800e+03 0
-7.093800e-02 1.122000e-01 -1.575700e-01 0 5 65 1.522600e+01 3.220000e+00 -3.104700e+03 7.723700e+03 0
-1.585200e-01 1.860100e-01 -1.625600e-01 0 8 65 1.437200e+01 3.220000e+00 -1.094800e+03 2.933700e+03 0
-1.986300e-01 1.942300e-01 -1.631100e-01 0 9 65 1.371000e+01 3.220000e+00 -1.161100e+03 2.742300e+03 0
-2.480100e-01 1.866100e-01 -1.626000e-01 0 10 65 1.365600e+01 3.220000e+00 -1.512400e+03 2857 0
-2.619200e-01 2.222200e-01 -1.650000e-01 0 11 65 1.309000e+01 3.220000e+00 -1.061700e+03 2.292900e+03 0
-2.881200e-01 2.307600e-01 -1.655800e-01 0 12 65 1.270400e+01 3.220000e+00 -1.062600e+03 2.185700e+03 0
-3.077600e-01 2.782300e-01 -1.687800e-01 0 13 65 1.199000e+01 3.220000e+00 -7.267100e+02 1.785600e+03 0
-3.085800e-01 3.042200e-01 -1.705400e-01 0 14 65 1.147000e+01 3.220000e+00 -5.752400e+02 1636 0
-1.184100e-01 4.469400e-01 -1.801700e-01 0 15 65 1.138000e+01 3.220000e+00 2.048900e+02 1.190900e+03 0
-3.601500e-01 3.729200e-01 -1.751800e-01 0 16 65 1.131000e+01 3.220000e+00 -3.932900e+02 1.356500e+03 0
3.609700e-01 2.924100e-01 -1.697400e-01 0 28 65 1.319100e+01 3.220000e+00 1.278600e+03 1.846800e+03 0
6.799100e-01 6.399700e-01 -1.932000e-01 0 29 65 1.469900e+01 3.220000e+00 1.289600e+03 9.525000e+02 0
6.725500e-01 7.359600e-01 -1.996900e-01 0 30 65 1.561300e+01 3.220000e+00 1.192600e+03 8.697700e+02 0
6.793700e-01 7.975800e-01 -2.038500e-01 0 31 65 1.574600e+01 3.220000e+00 1.155100e+03 8.289000e+02 0
6.766400e-01 8.329900e-01 -2.062400e-01 0 32 65 1.517800e+01 3.220000e+00 1.130500e+03 8.083600e+02 0
6.722700e-01 8.793700e-01 -2.093700e-01 0 33 65 1.362900e+01 3.220000e+00 1101 7.842600e+02 0
6.392600e-01 9.542700e-01 -2.144200e-01 0 34 65 1.133600e+01 3.220000e+00 1.040600e+03 7.504500e+02 0
7.792300e-01 6.346900e-01 -1.928500e-01 0 35 65 1.106300e+01 3.220000e+00 1.417400e+03 9.616900e+02 0
-8.403400e-01 8.785700e-01 -2.093100e-01 0 36 65 1.191100e+01 3.220000e+00 -7.890000e+01 7.580200e+02 0
-8.545300e-01 8.802600e-01 -2.094300e-01 0 37 65 1.229400e+01 3.220000e+00 -8.770900e+01 7.570600e+02 0
-8.782700e-01 8.544600e-01 -2.076800e-01 0 38 65 1.186900e+01 3.220000e+00 -1.304900e+02 7.679400e+02 0
-9.123700e-01 7.973800e-01 -2.038300e-01 0 39 65 1.052400e+01 3.220000e+00 -2.204400e+02 7.949300e+02 0
0 0 -1.500000e-01 3.204100e-02 1 66 1.533300e+01 3.220000e+00 2167 -3.612800e+03 0
-7.093800e-02 1.125500e-01 -1.576000e-01 3.204100e-02 5 66 1.421800e+01 3.220000e+00 -3.072400e+03 7.661600e+03 0
-1.585200e-01 1.858700e-01 -1.625500e-01 3.204100e-02 8 66 1.333700e+01 3.220000e+00 -1.096900e+03 2.936600e+03 0
-2.008100e-01 1.926200e-01 -1.630000e-01 3.204100e-02 9 66 1.269400e+01 3.220000e+00 -1.194900e+03 2771 0
-2.480100e-01 1.879100e-01 -1.626900e-01 3.204100e-02 10 66 1.265100e+01 3.220000e+00 -1.488900e+03 2.830800e+03 0
-2.646500e-01 2.197900e-01 -1.648400e-01 3.204100e-02 11 66 1.217200e+01 3.220000e+00 -1.099500e+03 2.321400e+03 0
-2.881200e-01 2.351800e-01 -1.658800e-01 3.204100e-02 12 66 1.162900e+01 3.220000e+00 -1017 2.139500e+03 0
-3.044900e-01 2.843600e-01 -1.692000e-01 3.204100e-02 13 66 1.085700e+01 3.220000e+00 -6.785200e+02 1.747900e+03 0
-1.069500e-01 4.764600e-01 -1.821700e-01 3.204100e-02 15 66 1.054900e+01 3.220000e+00 2.579500e+02 1.134400e+03 0
3.536000e-01 3.536300e-01 -1.738700e-01 3.204100e-02 28 66 1.223300e+01 3.220000e+00 1.126900e+03 1.515300e+03 0
6.799100e-01 6.386900e-01 -1.931200e-01 3.204100e-02 29 66 1.370600e+01 3.220000e+00 1291 9.537900e+02 0
6.725500e-01 7.351500e-01 -1.996300e-01 3.204100e-02 30 66 1.460000e+01 3.220000e+00 1.193300e+03 8.703600e+02 0
6.711800e-01 8.044700e-01 -2.043100e-01 3.204100e-02 31 66 1.472800e+01 3.220000e+00 1.143100e+03 8.245700e+02 0
6.766400e-01 8.348300e-01 -2.063600e-01 3.204100e-02 32 66 1.414500e+01 3.220000e+00 1.129500e+03 8.073500e+02 0
6.722700e-01 8.814500e-01 -2.095100e-01 3.204100e-02 33 66 1.258800e+01 3.220000e+00 1100 7.832500e+02 0
6.662700e-01 9.149600e-01 -2.117700e-01 3.204100e-02 34 66 1.079100e+01 3.220000e+00 1.078600e+03 7.675800e+02 0
7.699500e-01 7.038400e-01 -1.975200e-01 3.204100e-02 35 66 1.023800e+01 3.220000e+00 1.324400e+03 8.974100e+02 0
-8.212400e-01 8.969500e-01 -2.105500e-01 3.204100e-02 36 66 1.090100e+01 3.220000e+00 -4.850100e+01 7.506600e+02 0
-8.348900e-01 8.997700e-01 -2.107400e-01 3.204100e-02 37 66 1.132100e+01 3.220000e+00 -5.581500e+01 7.492900e+02 0
-8.580800e-01 8.809900e-01 -2.094800e-01 3.204100e-02 38 66 1.092700e+01 3.220000e+00 -8.961400e+01 7.567000e+02 0
-9.020000e-01 8.125800e-01 -2.048600e-01 3.204100e-02 39 66 9.875200e+00 3.220000e+00 -1.941900e+02 7.873800e+02 0
1.575900e+00 1.250800e+01 -9.944000e-01 -1.057400e+00 362 32 1.055300e+01 3.220000e+00 7.661500e+02 4.272600e+02 1
1.481500e+00 1.255500e+01 -9.975900e-01 -1.057400e+00 363 32 1.095600e+01 3.220000e+00 7.610300e+02 4.271500e+02 1
1.188500e+00 1.262100e+01 -1.002000e+00 -1.057400e+00 364 32 1.133100e+01 3.220000e+00 7.457200e+02 4.269600e+02 1
1.291100e+00 1.263700e+01 -1.003100e+00 -1.057400e+00 365 32 1.135000e+01 3.220000e+00 7.508800e+02 4.269500e+02 1
1.493800e+00 1.263800e+01 -1.003200e+00 -1.057400e+00 366 32 1.078000e+01 3.220000e+00 7.612100e+02 4.269900e+02 1
1.517000e-01 9.633000e+00 -8.003300e-01 -1.025300e+00 279 33 1.021500e+01 3.220000e+00 6.926800e+02 4.341600e+02 1
3.806100e-01 9.663000e+00 -8.023600e-01 -1.025300e+00 280 33 1.011000e+01 3.220000e+00 7.078900e+02 4.341300e+02 1
3.099400e-01 9.912800e+00 -8.192200e-01 -1.025300e+00 285 33 1.084400e+01 3.220000e+00 7.029500e+02 4.333200e+02 1
3.110400e-01 9.934200e+00 -8.206700e-01 -1.025300e+00 286 33 1.024400e+01 3.220000e+00 7.030100e+02 4.332500e+02 1
-1.877100e+00 1.186400e+01 -9.509200e-01 -1.025300e+00 345 33 1.070500e+01 3.220000e+00 5.840400e+02 4.278000e+02 1
-2.070800e+00 1.186900e+01 -9.512600e-01 -1.025300e+00 346 33 1.152500e+01 3.220000e+00 5.737600e+02 4.277400e+02 1
-2.265600e+00 1.186800e+01 -9.512300e-01 -1.025300e+00 347 33 1.181200e+01 3.220000e+00 5.633800e+02 4.277000e+02 1
-2.272200e+00 1.190200e+01 -9.535000e-01 -1.025300e+00 348 33 1.159800e+01 3.220000e+00 5.634000e+02 4.276300e+02 1
-2.373700e+00 1.191200e+01 -9.541800e-01 -1.025300e+00 349 33 1.082200e+01 3.220000e+00 5.581300e+02 4.275900e+02 1
1.473300e+00 1.248100e+01 -9.926300e-01 -1.025300e+00 361 33 1.053200e+01 3.220000e+00 7.610100e+02 4.272900e+02 1
1.378900e+00 1.253000e+01 -9.959100e-01 -1.025300e+00 362 33 1.170200e+01 3.220000e+00 7.558900e+02 4.271800e+02 1
1.284000e+00 1.257500e+01 -9.989400e-01 -1.025300e+00 363 33 1.199000e+01 3.220000e+00 7.508000e+02 4.270700e+02 1
1.188500e+00 1.262000e+01 -1.002000e+00 -1.025300e+00 364 33 1.228900e+01 3.220000e+00 7.457200e+02 4.269600e+02 1
1.291100e+00 1.264600e+01 -1.003800e+00 -1.025300e+00 365 33 1.242200e+01 3.220000e+00 7.508400e+02 4.269400e+02 1
1.394200e+00 1.266900e+01 -1.005300e+00 -1.025300e+00 366 33 1.168200e+01 3.220000e+00 7.559800e+02 4.269100e+02 1
1.398000e+00 1.268300e+01 -1.006200e+00 -1.025300e+00 367 33 1.019700e+01 3.220000e+00 7.561000e+02 4.268900e+02 1
-2.652000e-01 2.736100e+00 -3.347100e-01 -9.932700e-01 82 34 1.043100e+01 3.220000e+00 5.900100e+02 5.141000e+02 0
-2.684700e-01 2.790900e+00 -3.384100e-01 -9.932700e-01 83 34 1.024200e+01 3.220000e+00 5.913400e+02 5.118600e+02 0
2.324600e-01 9.882900e+00 -8.172000e-01 -9.932700e-01 285 34 1.027900e+01 3.220000e+00 6.979500e+02 4.333900e+02 1
-1.403800e+00 1.188700e+01 -9.525000e-01 -9.932700e-01 344 34 1.017000e+01 3.220000e+00 6.095000e+02 4.278600e+02 0
-1.971000e+00 1.184700e+01 -9.497900e-01 -9.932700e-01 345 34 1.145600e+01 3.220000e+00 5.788700e+02 4.278100e+02 1
-2.165000e+00 1.184700e+01 -9.498000e-01 -9.932700e-01 346 34 1.222500e+01 3.220000e+00 5.685100e+02 4.277700e+02 1
-2.265600e+00 1.186500e+01 -9.510100e-01 -9.932700e-01 347 34 1.250500e+01 3.220000e+00 5.633400e+02 4.277100e+02 1
-2.366900e+00 1.188300e+01 -9.522400e-01 -9.932700e-01 348 34 1.232100e+01 3.220000e+00 5.581600e+02 4.276500e+02 1
-2.563600e+00 1.187800e+01 -9.518800e-01 -9.932700e-01 349 34 1.149400e+01 3.220000e+00 5.476500e+02 4.276100e+02 1
1.378900e+00 1.252900e+01 -9.958200e-01 -9.932700e-01 362 34 1.101200e+01 3.220000e+00 7.558900e+02 4.271800e+02 1
1.382700e+00 1.256400e+01 -9.981900e-01 -9.932700e-01 363 34 1.099100e+01 3.220000e+00 7.559200e+02 4.271100e+02 1
1.287500e+00 1.261000e+01 -1.001300e+00 -9.932700e-01 364 34 1.123500e+01 3.220000e+00 7.508200e+02 4.270100e+02 1
1.291100e+00 1.264500e+01 -1.003700e+00 -9.932700e-01 365 34 1.159800e+01 3.220000e+00 7.508400e+02 4.269400e+02 1
1.394200e+00 1.267000e+01 -1.005400e+00 -9.932700e-01 366 34 1.082300e+01 3.220000e+00 7.559700e+02 4.269100e+02 1
-3.281700e+00 1.306300e+01 -1.031900e+00 -9.932700e-01 389 34 1.081800e+01 3.220000e+00 5.262900e+02 4.252400e+02 1
-3.396300e+00 1.314000e+01 -1.037100e+00 -9.932700e-01 390 34 1.066700e+01 3.220000e+00 5.217900e+02 4.250900e+02 1
-1.971000e+00 1.181200e+01 -9.474100e-01 -9.612300e-01 345 35 1.050700e+01 3.220000e+00 5.785200e+02 4.278900e+02 1
-2.259100e+00 1.181400e+01 -9.475600e-01 -9.612300e-01 346 35 1.099300e+01 3.220000e+00 5.631300e+02 4.278200e+02 1
-2.360100e+00 1.182800e+01 -9.485000e-01 -9.612300e-01 347 35 1.121700e+01 3.220000e+00 5.578900e+02 4.277600e+02 1
-2.461500e+00 1.185900e+01 -9.506200e-01 -9.612300e-01 348 35 1.107400e+01 3.220000e+00 5.528500e+02 4.276800e+02 1
-2.658500e+00 1.185100e+01 -9.500400e-01 -9.612300e-01 349 35 1.023000e+01 3.220000e+00 5.422600e+02 4.276500e+02 1
-3.281700e+00 1.302000e+01 1.822200e+00 -9.612300e-01 389 35 1.027400e+01 3.220000e+00 5.253100e+02 2.925700e+02 0
-3.396300e+00 1.307400e+01 -1.032600e+00 -9.612300e-01 390 35 1.028300e+01 3.220000e+00 5.209100e+02 4.252000e+02 1
7.822300e-01 1.364400e+00 -2.421100e-01 -8.330700e-01 48 39 1.060100e+01 3.220000e+00 1.001400e+03 6.392700e+02 0
7.857700e-01 1.361300e+00 -2.419000e-01 -8.330700e-01 49 39 1.059100e+01 3.220000e+00 1004 6.398800e+02 0
7.694000e-01 1.380300e+00 -2.431900e-01 -8.010300e-01 48 40 1.008600e+01 3.220000e+00 9.910900e+02 6.362300e+02 0
7.726800e-01 1.416800e+00 -2.456500e-01 -8.010300e-01 49 40 1.013400e+01 3.220000e+00 9.844700e+02 6.298000e+02 0
0 0 -1.500000e-01 -3.204100e-02 1 64 1.532600e+01 3.220000e+00 2167 -3.612800e+03 0
-7.093800e-02 1.117800e-01 -1.575500e-01 -3.204100e-02 5 64 1.419700e+01 3.220000e+00 -3.144400e+03 7.800400e+03 0
-1.585200e-01 1.860500e-01 -1.625600e-01 -3.204100e-02 8 64 1.332600e+01 3.220000e+00 -1.094100e+03 2.932700e+03 0
-1.986300e-01 1.940600e-01 -1.631000e-01 -3.204100e-02 9 64 1.271300e+01 3.220000e+00 -1.163600e+03 2.745500e+03 0
-2.455500e-01 1.899600e-01 -1.628200e-01 -3.204100e-02 10 64 1.260900e+01 3.220000e+00 -1.441700e+03 2.792400e+03 0
-2.564700e-01 2.291900e-01 -1.654700e-01 -3.204100e-02 11 64 1.204700e+01 3.220000e+00 -9.677800e+02 2.214600e+03 0
-2.851200e-01 2.305400e-01 -1.655600e-01 -3.204100e-02 12 64 1.170800e+01 3.220000e+00 -1.054400e+03 2.189100e+03 0
-3.077600e-01 2.739100e-01 -1.684900e-01 -3.204100e-02 13 64 1.099800e+01 3.220000e+00 -7.559000e+02 1814 0
-1.260500e-01 4.377200e-01 -1.795500e-01 -3.204100e-02 15 64 1.039500e+01 3.220000e+00 1.797700e+02 1.210100e+03 0
3.609700e-01 2.608200e-01 -1.676100e-01 -3.204100e-02 28 64 1.213800e+01 3.220000e+00 1.384300e+03 2.107800e+03 0
6.799100e-01 6.436400e-01 -1.934500e-01 -3.204100e-02 29 64 1.366500e+01 3.220000e+00 1.285600e+03 9.488000e+02 0
6.725500e-01 7.375200e-01 -1.997900e-01 -3.204100e-02 30 64 1.458000e+01 3.220000e+00 1.191400e+03 8.686400e+02 0
6.793700e-01 7.975100e-01 -2.038400e-01 -3.204100e-02 31 64 1.472000e+01 3.220000e+00 1.155200e+03 8.289400e+02 0
6.766400e-01 8.304900e-01 -2.060700e-01 -3.204100e-02 32 64 1.416400e+01 3.220000e+00 1132 8.097400e+02 0
6.722700e-01 8.753200e-01 -2.090900e-01 -3.204100e-02 33 64 1.262000e+01 3.220000e+00 1.103200e+03 7.862400e+02 0
7.606700e-01 5.806900e-01 -1.892000e-01 -3.204100e-02 35 64 1.016300e+01 3.220000e+00 1.473100e+03 1.023600e+03 0
-8.594400e-01 8.552700e-01 -2.077400e-01 -3.204100e-02 36 64 1.086700e+01 3.220000e+00 -1.155200e+02 7.679000e+02 0
-8.741700e-01 8.496800e-01 -2.073600e-01 -3.204100e-02 37 64 1.127900e+01 3.220000e+00 -1.322900e+02 7.701800e+02 0
-8.984600e-01 8.381500e-01 -2.065800e-01 -3.204100e-02 38 64 1.089800e+01 3.220000e+00 -1.628900e+02 7.750800e+02 0
