0 0 -1.500000e-01 0 1 65 1.635900e+01 1.390000e+00 2167 -3.612800e+03 0
-7.093800e-02 1.120800e-01 -1.532600e-01 0 5 65 1.522500e+01 1.390000e+00 -3.099900e+03 7.647800e+03 0
-1.585200e-01 1.860300e-01 -1.554200e-01 0 8 65 1.438200e+01 1.390000e+00 -1.090400e+03 2.889500e+03 0
-2.008100e-01 1.915200e-01 -1.555800e-01 0 9 65 1.370200e+01 1.390000e+00 -1.207300e+03 2.749800e+03 0
-2.480100e-01 1.859700e-01 -1.554100e-01 0 10 65 1.368800e+01 1.390000e+00 -1.519100e+03 2.827600e+03 0
-2.619200e-01 2.209400e-01 -1.564300e-01 0 11 65 1.314900e+01 1.390000e+00 -1.072600e+03 2.270700e+03 0
-2.881200e-01 2.298100e-01 -1.566900e-01 0 12 65 1.271700e+01 1.390000e+00 -1069 2.159200e+03 0
-3.077600e-01 2.802800e-01 -1.581600e-01 0 13 65 1.202200e+01 1.390000e+00 -7.107600e+02 1.739200e+03 0
-3.085800e-01 2.946400e-01 -1.585800e-01 0 14 65 1.156900e+01 1.390000e+00 -6.255500e+02 1.654500e+03 0
-1.260500e-01 3.602400e-01 -1.604900e-01 0 15 65 1.144100e+01 1.390000e+00 4.347800e+01 1.394200e+03 0
3.536000e-01 3.162600e-01 -1.592100e-01 0 28 65 1.317000e+01 1.390000e+00 1.195500e+03 1.660600e+03 0
6.799100e-01 6.417400e-01 -1.686900e-01 0 29 65 1.473900e+01 1.390000e+00 1.286100e+03 9.220200e+02 0
6.725500e-01 7.365200e-01 -1.714500e-01 0 30 65 1.564300e+01 1.390000e+00 1.190800e+03 8.414700e+02 0
6.711800e-01 8.044600e-01 -1.734200e-01 0 31 65 1.581400e+01 1.390000e+00 1.141900e+03 7.971200e+02 0
6.766400e-01 8.303600e-01 -1.741800e-01 0 32 65 1.533500e+01 1.390000e+00 1.130900e+03 7.824900e+02 0
6.722700e-01 8.680100e-01 -1.752700e-01 0 33 65 1.395500e+01 1.390000e+00 1.105900e+03 7.627500e+02 0
7.606700e-01 8.733500e-01 -1.754300e-01 0 35 65 1.079600e+01 1.390000e+00 1.177200e+03 7.616900e+02 0
-8.307900e-01 8.911900e-01 -1.759500e-01 0 36 65 1.173700e+01 1.390000e+00 -5.954000e+01 7.275100e+02 0
-8.545300e-01 8.921300e-01 -1.759800e-01 0 37 65 1.224800e+01 1.390000e+00 -7.579400e+01 7.267600e+02 0
-8.782700e-01 8.862000e-01 -1.758000e-01 0 38 65 1.189000e+01 1.390000e+00 -9.840700e+01 7.288600e+02 0
-9.020000e-01 9.010000e-01 -1.762400e-01 0 39 65 1.062300e+01 1.390000e+00 -1.015800e+02 7.224700e+02 0
0 0 -1.500000e-01 3.204100e-02 1 66 1.520800e+01 1.390000e+00 2167 -3.612800e+03 0
-7.093800e-02 1.124500e-01 -1.532700e-01 3.204100e-02 5 66 1.421500e+01 1.390000e+00 -3.065900e+03 7.582700e+03 0
-1.585200e-01 1.860500e-01 -1.554200e-01 3.204100e-02 8 66 1.335700e+01 1.390000e+00 -1.090200e+03 2.889200e+03 0
-2.008100e-01 1.913000e-01 -1.555700e-01 3.204100e-02 9 66 1.268000e+01 1.390000e+00 -1.210700e+03 2754 0
-2.504700e-01 1.818400e-01 -1.552900e-01 3.204100e-02 10 66 1.266600e+01 1.390000e+00 -1.609500e+03 2.912800e+03 0
-2.646500e-01 2.160300e-01 -1.562900e-01 3.204100e-02 11 66 1.216900e+01 1.390000e+00 -1.140400e+03 2331 0
-2.911200e-01 2.249100e-01 -1.565500e-01 3.204100e-02 12 66 1.168100e+01 1.390000e+00 -1.133600e+03 2.212300e+03 0
-3.077600e-01 2.809800e-01 -1.581800e-01 3.204100e-02 13 66 1.106100e+01 1.390000e+00 -7.062200e+02 1.734800e+03 0
-1.184100e-01 3.781600e-01 -1.610100e-01 3.204100e-02 15 66 1.036700e+01 1.390000e+00 9.648000e+01 1.336100e+03 0
3.536000e-01 2.924900e-01 -1.585200e-01 3.204100e-02 28 66 1.214900e+01 1.390000e+00 1.253200e+03 1.807900e+03 0
6.799100e-01 6.392000e-01 -1.686100e-01 3.204100e-02 29 66 1.371400e+01 1.390000e+00 1.288900e+03 9.245600e+02 0
6.725500e-01 7.331100e-01 -1.713500e-01 3.204100e-02 30 66 1.462900e+01 1.390000e+00 1.193500e+03 8.439400e+02 0
6.711800e-01 8.044500e-01 -1.734200e-01 3.204100e-02 31 66 1.484000e+01 1.390000e+00 1.141900e+03 7.971300e+02 0
6.766400e-01 8.313500e-01 -1.742100e-01 3.204100e-02 32 66 1.443000e+01 1.390000e+00 1.130300e+03 7.819500e+02 0
6.722700e-01 8.642300e-01 -1.751600e-01 3.204100e-02 33 66 1.315200e+01 1.390000e+00 1.107900e+03 7.646400e+02 0
-8.403400e-01 8.830200e-01 -1.757100e-01 3.204100e-02 36 66 1.073200e+01 1.390000e+00 -7.384300e+01 7.307600e+02 0
-8.545300e-01 8.945500e-01 -1.760500e-01 3.204100e-02 37 66 1.132600e+01 1.390000e+00 -7.360300e+01 7.257800e+02 0
-8.782700e-01 8.853100e-01 -1.757800e-01 3.204100e-02 38 66 1.111500e+01 1.390000e+00 -9.923600e+01 7.292200e+02 0
-9.020000e-01 8.645900e-01 -1.751700e-01 3.204100e-02 39 66 1.015700e+01 1.390000e+00 -1.368500e+02 7.376800e+02 0
0 0 -1.500000e-01 6.408200e-02 1 67 1.028600e+01 1.390000e+00 2167 -3.612800e+03 0
6.711800e-01 8.036500e-01 -1.734000e-01 6.408200e-02 31 67 9.959800e+00 1.390000e+00 1.142400e+03 7.976000e+02 0
6.935500e-01 8.309100e-01 -1.741900e-01 6.408200e-02 32 67 1.012500e+01 1.390000e+00 1.145500e+03 7.825300e+02 0
0 0 -1.500000e-01 9.612300e-02 1 68 9.942800e+00 1.390000e+00 2167 -3.612800e+03 0
6.630000e-01 7.511000e-01 -1.718700e-01 9.612300e-02 31 68 9.837700e+00 1.390000e+00 1.170300e+03 8.309500e+02 0
7.020100e-01 7.458500e-01 -1.717200e-01 9.612300e-02 32 68 9.719200e+00 1.390000e+00 1.213300e+03 8.355800e+02 0
2.605600e-01 6.660700e+00 -3.439400e-01 -8.971500e-01 192 37 1.099700e+01 1.390000e+00 7.022400e+02 4.244300e+02 1
1.571500e-01 6.702100e+00 -3.451500e-01 -8.971500e-01 193 37 1.219300e+01 1.390000e+00 6.922700e+02 4.241100e+02 1
1.579700e-01 6.738100e+00 -3.462000e-01 -8.971500e-01 194 37 1.250300e+01 1.390000e+00 6.923500e+02 4.238600e+02 1
2.117200e-01 6.771700e+00 -3.471800e-01 -8.971500e-01 195 37 1.198500e+01 1.390000e+00 6.974600e+02 4.236600e+02 1
3.192200e-01 6.786600e+00 -3.476100e-01 -8.971500e-01 196 37 1.122900e+01 1.390000e+00 7.076400e+02 4.236100e+02 1
2.673800e-01 6.813000e+00 -3.483800e-01 -8.971500e-01 197 37 1.144600e+01 1.390000e+00 7.026900e+02 4.234100e+02 1
2.687500e-01 6.852800e+00 -3.495400e-01 -8.971500e-01 198 37 1.109700e+01 1.390000e+00 7.027700e+02 4.231600e+02 1
2.084500e-01 6.665300e+00 -3.440800e-01 -8.651100e-01 192 38 1.141100e+01 1.390000e+00 6.972100e+02 4.243700e+02 1
1.571500e-01 6.703400e+00 -3.451900e-01 -8.651100e-01 193 38 1.261500e+01 1.390000e+00 6.922700e+02 4.241000e+02 1
1.579700e-01 6.738300e+00 -3.462100e-01 -8.651100e-01 194 38 1.290300e+01 1.390000e+00 6.923500e+02 4.238600e+02 1
2.117200e-01 6.771800e+00 -3.471800e-01 -8.651100e-01 195 38 1.243400e+01 1.390000e+00 6.974600e+02 4.236600e+02 1
2.660200e-01 6.804700e+00 -3.481400e-01 -8.651100e-01 196 38 1.184300e+01 1.390000e+00 7.025700e+02 4.234700e+02 1
2.139100e-01 6.840000e+00 -3.491700e-01 -8.651100e-01 197 38 1.184200e+01 1.390000e+00 6.976300e+02 4.232200e+02 1
2.150000e-01 6.867600e+00 -3.499700e-01 -8.651100e-01 198 38 1.141000e+01 1.390000e+00 6.977100e+02 4.230400e+02 1
1.047700e-01 6.691200e+00 -3.448300e-01 -8.330700e-01 193 39 1.103500e+01 1.390000e+00 6.872400e+02 4.241600e+02 1
1.053200e-01 6.735800e+00 -3.461300e-01 -8.330700e-01 194 39 1.129100e+01 1.390000e+00 6.873300e+02 4.238600e+02 1
1.587900e-01 6.771800e+00 -3.471800e-01 -8.330700e-01 195 39 1.082600e+01 1.390000e+00 6.924400e+02 4.236400e+02 1
2.660200e-01 6.759900e+00 -3.468300e-01 -8.330700e-01 196 39 1.026700e+01 1.390000e+00 7.026300e+02 4.237600e+02 1
2.566900e+00 2.942400e+00 -2.356800e-01 -7.369400e-01 113 42 1.044400e+01 1.390000e+00 1.240400e+03 4.865400e+02 1
2.620600e+00 2.944200e+00 -2.357300e-01 -7.369400e-01 114 42 1.058600e+01 1.390000e+00 1.252600e+03 4.865700e+02 1
2.643800e+00 2.929400e+00 -2.353000e-01 -7.369400e-01 115 42 1.008200e+01 1.390000e+00 1.261100e+03 4.871800e+02 1
-1.362000e+00 2.357400e+00 -2.186400e-01 -7.049000e-01 79 43 1.112100e+01 1.390000e+00 2.755000e+02 5.055500e+02 1
-1.401000e+00 2.374400e+00 -2.191400e-01 -7.049000e-01 80 43 1.173200e+01 1.390000e+00 2.682000e+02 5.045500e+02 1
-1.462400e+00 2.379700e+00 -2.192900e-01 -7.049000e-01 81 43 1.140200e+01 1.390000e+00 2.529700e+02 5.041300e+02 1
-1.547000e+00 2.348500e+00 -2.183800e-01 -7.049000e-01 82 43 1.033900e+01 1.390000e+00 2.245000e+02 5.056100e+02 1
-1.604300e+00 2.455900e+00 -2.215100e-01 -7.049000e-01 85 43 1.023900e+01 1.390000e+00 2.306200e+02 4.999300e+02 1
-1.646600e+00 2.467600e+00 -2.218500e-01 -7.049000e-01 86 43 1.056900e+01 1.390000e+00 2.221400e+02 4.992600e+02 1
-1.689400e+00 2.450600e+00 -2.213600e-01 -7.049000e-01 87 43 1.009900e+01 1.390000e+00 2.079400e+02 5.000100e+02 1
2.483400e+00 2.973800e+00 -2.365900e-01 -7.049000e-01 112 43 1.125200e+01 1.390000e+00 1.214900e+03 4.852200e+02 1
2.505700e+00 3.002700e+00 -2.374300e-01 -7.049000e-01 113 43 1.231000e+01 1.390000e+00 1.214800e+03 4.841800e+02 1
2.559000e+00 2.999500e+00 -2.373400e-01 -7.049000e-01 114 43 1.239400e+01 1.390000e+00 1.227600e+03 4.843800e+02 1
2.643800e+00 2.974300e+00 -2.366100e-01 -7.049000e-01 115 43 1.181100e+01 1.390000e+00 1252 4.854600e+02 1
2.667000e+00 2.996800e+00 -2.372600e-01 -7.049000e-01 116 43 1.155900e+01 1.390000e+00 1253 4.846600e+02 1
2.658500e+00 3.053900e+00 -2.389200e-01 -7.049000e-01 117 43 1.135500e+01 1.390000e+00 1240 4.825700e+02 1
2.649500e+00 3.105500e+00 -2.404300e-01 -7.049000e-01 118 43 1.042800e+01 1.390000e+00 1.228400e+03 4.807500e+02 1
-1.362000e+00 2.356000e+00 -2.186000e-01 -6.728600e-01 79 44 1.163500e+01 1.390000e+00 2.752500e+02 5.056300e+02 1
-1.379500e+00 2.387900e+00 -2.195300e-01 -6.728600e-01 80 44 1.235800e+01 1.390000e+00 2.763100e+02 5.038800e+02 1
-1.440600e+00 2.393800e+00 -2.197000e-01 -6.728600e-01 81 44 1.207500e+01 1.390000e+00 2.613100e+02 5.034400e+02 1
-1.524900e+00 2.375500e+00 -2.191700e-01 -6.728600e-01 82 44 1.075600e+01 1.390000e+00 2.357000e+02 5.042200e+02 1
-1.517300e+00 2.468300e+00 -2.218700e-01 -6.728600e-01 84 44 1.091200e+01 1.390000e+00 2.550200e+02 4.995000e+02 1
-1.581400e+00 2.470500e+00 -2.219400e-01 -6.728600e-01 85 44 1.180200e+01 1.390000e+00 2.391800e+02 4.992600e+02 1
-1.623400e+00 2.483100e+00 -2.223000e-01 -6.728600e-01 86 44 1.181700e+01 1.390000e+00 2.309200e+02 4.985600e+02 1
-1.712900e+00 2.453000e+00 -2.214300e-01 -6.728600e-01 87 44 1.099900e+01 1.390000e+00 2.024500e+02 4.998500e+02 0
2.422800e+00 3.025400e+00 -2.380900e-01 -6.728600e-01 112 44 1.109200e+01 1.390000e+00 1.191800e+03 4.832200e+02 1
2.475200e+00 3.019700e+00 -2.379300e-01 -6.728600e-01 113 44 1.200900e+01 1.390000e+00 1.204700e+03 4.835100e+02 1
2.528100e+00 3.021000e+00 -2.379700e-01 -6.728600e-01 114 44 1.184900e+01 1.390000e+00 1.216500e+03 4.835400e+02 1
2.643800e+00 2.955800e+00 -2.360700e-01 -6.728600e-01 115 44 1.175300e+01 1.390000e+00 1.255700e+03 4.861600e+02 1
2.667000e+00 2.991600e+00 -2.371100e-01 -6.728600e-01 116 44 1.243200e+01 1.390000e+00 1254 4.848500e+02 1
2.690200e+00 3.025100e+00 -2.380800e-01 -6.728600e-01 117 44 1.238700e+01 1.390000e+00 1.252700e+03 4.836500e+02 1
2.681500e+00 3.082200e+00 -2.397500e-01 -6.728600e-01 118 44 1.148500e+01 1.390000e+00 1.239800e+03 4.816000e+02 1
-3.697500e+00 4.860400e+00 -2.915300e-01 -6.728600e-01 177 44 1.126400e+01 1.390000e+00 1.932100e+02 4.388000e+02 1
-3.718500e+00 4.934500e+00 -2.936800e-01 -6.728600e-01 178 44 1.187400e+01 1.390000e+00 1.980500e+02 4.379000e+02 1
-3.739500e+00 4.955300e+00 -2.942900e-01 -6.728600e-01 179 44 1.125500e+01 1.390000e+00 1.975100e+02 4.376500e+02 1
-1.340700e+00 2.337500e+00 -2.180600e-01 -6.408200e-01 79 45 1.017900e+01 1.390000e+00 2.776200e+02 5.066900e+02 1
-1.336400e+00 2.400600e+00 -2.199000e-01 -6.408200e-01 80 45 1.100200e+01 1.390000e+00 2.898400e+02 5.033100e+02 1
-1.375100e+00 2.430200e+00 -2.207600e-01 -6.408200e-01 81 45 1.082400e+01 1.390000e+00 2.847800e+02 5.017100e+02 1
-1.539900e+00 2.454900e+00 -2.214800e-01 -6.408200e-01 84 45 1.073400e+01 1.390000e+00 2.468400e+02 5.001100e+02 1
-1.581400e+00 2.470400e+00 -2.219300e-01 -6.408200e-01 85 45 1.144200e+01 1.390000e+00 2.391600e+02 4.992600e+02 1
-1.646600e+00 2.469600e+00 -2.219100e-01 -6.408200e-01 86 45 1.132800e+01 1.390000e+00 2.225100e+02 4.991700e+02 1
-1.736300e+00 2.446200e+00 -2.212300e-01 -6.408200e-01 87 45 1.040200e+01 1.390000e+00 1.951100e+02 5.001300e+02 0
2.643800e+00 2.882000e+00 -2.339200e-01 -6.408200e-01 115 45 1.085500e+01 1.390000e+00 1271 4.890500e+02 1
2.698400e+00 2.936500e+00 -2.355100e-01 -6.408200e-01 116 45 1.149200e+01 1.390000e+00 1.272500e+03 4.869900e+02 1
2.721800e+00 2.968400e+00 -2.364300e-01 -6.408200e-01 117 45 1.145200e+01 1.390000e+00 1.271400e+03 4.858100e+02 1
2.681500e+00 3.028000e+00 -2.381700e-01 -6.408200e-01 118 45 1.064000e+01 1.390000e+00 1.250200e+03 4.835400e+02 1
-3.601500e+00 4.882200e+00 -2.921600e-01 -6.408200e-01 177 45 1.105500e+01 1.390000e+00 2.074800e+02 4.386000e+02 1
-3.621900e+00 4.998400e+00 -2.955400e-01 -6.408200e-01 178 45 1.175100e+01 1.390000e+00 2.161600e+02 4.372200e+02 1
-3.691000e+00 4.997800e+00 -2.955300e-01 -6.408200e-01 179 45 1.114000e+01 1.390000e+00 2.076400e+02 4.371900e+02 1
0 0 -1.500000e-01 -3.204100e-02 1 64 1.537700e+01 1.390000e+00 2167 -3.612800e+03 0
-7.093800e-02 1.117800e-01 -1.532500e-01 -3.204100e-02 5 64 1.420300e+01 1.390000e+00 -3.128600e+03 7.702800e+03 0
-1.585200e-01 1.860300e-01 -1.554200e-01 -3.204100e-02 8 64 1.337800e+01 1.390000e+00 -1.090400e+03 2.889500e+03 0
-2.008100e-01 1.920000e-01 -1.555900e-01 -3.204100e-02 9 64 1.266500e+01 1.390000e+00 -1200 2.740600e+03 0
-2.480100e-01 1.864500e-01 -1.554300e-01 -3.204100e-02 10 64 1.267100e+01 1.390000e+00 -1.510300e+03 2.817900e+03 0
-2.619200e-01 2.206000e-01 -1.564200e-01 -3.204100e-02 11 64 1.209200e+01 1.390000e+00 -1.076500e+03 2.274900e+03 0
-2.851200e-01 2.336400e-01 -1.568000e-01 -3.204100e-02 12 64 1.174600e+01 1.390000e+00 -1019 2.120100e+03 0
-3.077600e-01 2.805300e-01 -1.581700e-01 -3.204100e-02 13 64 1.106800e+01 1.390000e+00 -7.091600e+02 1.737700e+03 0
-3.050300e-01 2.833600e-01 -1.582500e-01 -3.204100e-02 14 64 1.062100e+01 1.390000e+00 -6.837600e+02 1.720700e+03 0
-1.298700e-01 3.851200e-01 -1.612100e-01 -3.204100e-02 15 64 1.042400e+01 1.390000e+00 8.732700e+01 1.313800e+03 0
3.462300e-01 3.313400e-01 -1.596500e-01 -3.204100e-02 28 64 1.216400e+01 1.390000e+00 1.145200e+03 1.580800e+03 0
6.722700e-01 6.519800e-01 -1.689800e-01 -3.204100e-02 29 64 1.373700e+01 1.390000e+00 1.266200e+03 9.117500e+02 0
6.725500e-01 7.391700e-01 -1.715200e-01 -3.204100e-02 30 64 1.462800e+01 1.390000e+00 1.188800e+03 8.395700e+02 0
6.711800e-01 8.042600e-01 -1.734200e-01 -3.204100e-02 31 64 1.477300e+01 1.390000e+00 1142 7.972400e+02 0
6.766400e-01 8.281600e-01 -1.741100e-01 -3.204100e-02 32 64 1.423600e+01 1.390000e+00 1.132200e+03 7.837100e+02 0
6.722700e-01 8.660900e-01 -1.752200e-01 -3.204100e-02 33 64 1.275000e+01 1.390000e+00 1.106900e+03 7.637100e+02 0
7.792300e-01 8.681300e-01 -1.752800e-01 -3.204100e-02 35 64 9.930700e+00 1.390000e+00 1.196200e+03 7.646300e+02 0
-8.116900e-01 9.109100e-01 -1.765200e-01 -3.204100e-02 36 64 1.076700e+01 1.390000e+00 -2.887200e+01 7.198500e+02 0
-8.348900e-01 9.152400e-01 -1.766500e-01 -3.204100e-02 37 64 1.130300e+01 1.390000e+00 -4.157000e+01 7.178200e+02 0
-8.681700e-01 8.994600e-01 -1.761900e-01 -3.204100e-02 38 64 1.089600e+01 1.390000e+00 -7.892300e+01 7.235800e+02 0
