0 0 -1.500000e-01 0 1 65 1.635800e+01 3.470000e+00 2167 -3.612800e+03 0
-7.093800e-02 1.119500e-01 -1.581500e-01 0 5 65 1.522100e+01 3.470000e+00 -3.130900e+03 7.783500e+03 0
-1.585200e-01 1.860600e-01 -1.635400e-01 0 8 65 1.437800e+01 3.470000e+00 -1.094600e+03 2.938700e+03 0
-2.008100e-01 1.911700e-01 -1.639100e-01 0 9 65 1.371700e+01 3.470000e+00 -1.217600e+03 2.804500e+03 0
-2.480100e-01 1.865000e-01 -1.635700e-01 0 10 65 1.367300e+01 3.470000e+00 -1515 2.864900e+03 0
-2.619200e-01 2.221900e-01 -1.661700e-01 0 11 65 1.314900e+01 3.470000e+00 -1.062600e+03 2.298400e+03 0
-2.881200e-01 2.306300e-01 -1.667800e-01 0 12 65 1.270000e+01 3.470000e+00 -1.064400e+03 2192 0
-3.077600e-01 2.786200e-01 -1.702700e-01 0 13 65 1.195800e+01 3.470000e+00 -7.244600e+02 1.787600e+03 0
-3.050300e-01 3.078900e-01 -1.724000e-01 0 14 65 1.143100e+01 3.470000e+00 -5.478300e+02 1.622500e+03 0
-1.260500e-01 4.010300e-01 -1.791800e-01 0 15 65 1.142800e+01 3.470000e+00 1.227200e+02 1.303600e+03 0
3.609700e-01 3.436400e-01 -1.750000e-01 0 28 65 1.315300e+01 3.470000e+00 1.162600e+03 1.564300e+03 0
6.799100e-01 6.399900e-01 -1.965700e-01 0 29 65 1.469700e+01 3.470000e+00 1.289800e+03 9.564100e+02 0
6.725500e-01 7.366900e-01 -2.036100e-01 0 30 65 1.562500e+01 3.470000e+00 1.192200e+03 8.730600e+02 0
6.711800e-01 8.044500e-01 -2.085400e-01 0 31 65 1.577900e+01 3.470000e+00 1.143300e+03 8.283500e+02 0
6.766400e-01 8.315800e-01 -2.105100e-01 0 32 65 1.523000e+01 3.470000e+00 1.131500e+03 8.128800e+02 0
6.810000e-01 8.695900e-01 -2.132800e-01 0 33 65 1.369100e+01 3.470000e+00 1.113700e+03 7.929700e+02 0
-4.501800e-01 9.997100e-01 -2.227400e-01 0 34 65 1.096600e+01 3.470000e+00 2.736500e+02 7.215100e+02 0
7.514000e-01 7.850400e-01 -2.071200e-01 0 35 65 1.080400e+01 3.470000e+00 1.232200e+03 8.421800e+02 0
-8.498900e-01 8.583400e-01 -2.124600e-01 0 36 65 1.182900e+01 3.470000e+00 -1.054500e+02 7.701800e+02 0
-8.643500e-01 8.675300e-01 -2.131300e-01 0 37 65 1.229100e+01 3.470000e+00 -1.072300e+02 7.658600e+02 0
-8.883600e-01 8.497500e-01 -2.118300e-01 0 38 65 1.191100e+01 3.470000e+00 -1.430900e+02 7.733800e+02 0
-9.538400e-01 7.492400e-01 -2.045200e-01 0 39 65 1.062200e+01 3.470000e+00 -3.183800e+02 8.242400e+02 0
0 0 -1.500000e-01 3.204100e-02 1 66 1.532800e+01 3.470000e+00 2167 -3.612800e+03 0
-7.093800e-02 1.129100e-01 -1.582200e-01 3.204100e-02 5 66 1.421100e+01 3.470000e+00 -3.041500e+03 7.611100e+03 0
-1.585200e-01 1.860100e-01 -1.635300e-01 3.204100e-02 8 66 1.338400e+01 3.470000e+00 -1.095300e+03 2.939600e+03 0
-2.008100e-01 1.918900e-01 -1.639600e-01 3.204100e-02 9 66 1.272000e+01 3.470000e+00 -1.206500e+03 2.790600e+03 0
-2.480100e-01 1.873600e-01 -1.636300e-01 3.204100e-02 10 66 1.267400e+01 3.470000e+00 -1.499500e+03 2.847700e+03 0
-2.619200e-01 2.224000e-01 -1.661800e-01 3.204100e-02 11 66 1.222100e+01 3.470000e+00 -1.060300e+03 2.295900e+03 0
-2.911200e-01 2.253200e-01 -1.664000e-01 3.204100e-02 12 66 1.167000e+01 3.470000e+00 -1.133100e+03 2.249800e+03 0
-3.077600e-01 2.799300e-01 -1.703700e-01 3.204100e-02 13 66 1.080700e+01 3.470000e+00 -7.159000e+02 1.779300e+03 0
3.609700e-01 3.504500e-01 -1.755000e-01 3.204100e-02 28 66 1.208400e+01 3.470000e+00 1.150500e+03 1.534400e+03 0
6.799100e-01 6.378000e-01 -1.964100e-01 3.204100e-02 29 66 1.367900e+01 3.470000e+00 1.292200e+03 9.586400e+02 0
6.725500e-01 7.346400e-01 -2.034600e-01 3.204100e-02 30 66 1.459000e+01 3.470000e+00 1.193800e+03 8.745700e+02 0
6.711800e-01 8.044600e-01 -2.085400e-01 3.204100e-02 31 66 1.473400e+01 3.470000e+00 1.143300e+03 8.283400e+02 0
6.766400e-01 8.340500e-01 -2.106900e-01 3.204100e-02 32 66 1.416700e+01 3.470000e+00 1.130100e+03 8.115200e+02 0
6.722700e-01 8.778200e-01 -2.138700e-01 3.204100e-02 33 66 1.260200e+01 3.470000e+00 1102 7.887300e+02 0
4.501800e-02 7.466700e-01 -2.043300e-01 3.204100e-02 34 66 1.021400e+01 3.470000e+00 5.742600e+02 8.496400e+02 0
7.514000e-01 8.325200e-01 -2.105800e-01 3.204100e-02 35 66 1.003300e+01 3.470000e+00 1.197300e+03 8.139600e+02 0
-8.689900e-01 8.197300e-01 -2.096500e-01 3.204100e-02 36 66 1.070000e+01 3.470000e+00 -1.603100e+02 7.879600e+02 0
-8.643500e-01 8.472500e-01 -2.116500e-01 3.204100e-02 37 66 1.116300e+01 3.470000e+00 -1.274900e+02 7.749500e+02 0
-8.883600e-01 7.926100e-01 -2.076700e-01 3.204100e-02 38 66 1.088900e+01 3.470000e+00 -207 8.014100e+02 0
-6.332600e-01 7.339900e+00 -6.840900e-01 -1.121400e+00 212 30 1.028100e+01 3.470000e+00 6.237700e+02 4.468900e+02 1
-6.362600e-01 7.362600e+00 -6.857400e-01 -1.121400e+00 213 30 1.167600e+01 3.470000e+00 6.237300e+02 4.467700e+02 1
-7.554900e-01 7.367400e+00 -6.860900e-01 -1.121400e+00 214 30 1.197700e+01 3.470000e+00 6.134500e+02 4.466900e+02 1
-8.758100e-01 7.338400e+00 -6.839800e-01 -1.121400e+00 215 30 1.137500e+01 3.470000e+00 6.026800e+02 4.467900e+02 1
9.994100e-01 1.158000e+01 -9.926100e-01 -1.121400e+00 334 30 1.041600e+01 3.470000e+00 7.399600e+02 4.323500e+02 1
1.275800e+00 1.158700e+01 -9.931000e-01 -1.121400e+00 335 30 1.130400e+01 3.470000e+00 7.553000e+02 4.324000e+02 1
1.371000e+00 1.160100e+01 -9.941300e-01 -1.121400e+00 336 30 1.096900e+01 3.470000e+00 7.605200e+02 4.323900e+02 1
1.558500e+00 1.160300e+01 -9.942600e-01 -1.121400e+00 337 30 1.014400e+01 3.470000e+00 7.709400e+02 4.324300e+02 1
1.379200e+00 1.160700e+01 -9.945500e-01 -1.121400e+00 338 30 1.043400e+01 3.470000e+00 7.609400e+02 4.323800e+02 1
5.238500e-01 3.294200e+00 -3.897000e-01 -1.089400e+00 97 31 1.117400e+01 3.470000e+00 7.640700e+02 4.994600e+02 1
5.822400e-01 3.326600e+00 -3.920600e-01 -1.089400e+00 98 31 1.317400e+01 3.470000e+00 7.749000e+02 4.986100e+02 1
6.149800e-01 3.355600e+00 -3.941600e-01 -1.089400e+00 99 31 1.410400e+01 3.470000e+00 7.806000e+02 4.978500e+02 1
6.212500e-01 3.387400e+00 -3.964800e-01 -1.089400e+00 100 31 1.411300e+01 3.470000e+00 7.809800e+02 4.969700e+02 1
6.821000e-01 3.406500e+00 -3.978700e-01 -1.089400e+00 101 31 1.324800e+01 3.470000e+00 7.922300e+02 4.965400e+02 1
6.613600e-01 3.447800e+00 -4.008700e-01 -1.089400e+00 102 31 1.186400e+01 3.470000e+00 7.870600e+02 4.953900e+02 1
6.122500e-01 3.502100e+00 -4.048300e-01 -1.089400e+00 103 31 1.100900e+01 3.470000e+00 7.763600e+02 4.939000e+02 1
7.306600e-01 3.522000e+00 -4.062800e-01 -1.089400e+00 104 31 1.021600e+01 3.470000e+00 7.979900e+02 4.935600e+02 1
-5.756900e-01 7.346200e+00 -6.845400e-01 -1.089400e+00 212 31 1.114100e+01 3.470000e+00 6.288400e+02 4.468900e+02 1
-6.362600e-01 7.361800e+00 -6.856800e-01 -1.089400e+00 213 31 1.240500e+01 3.470000e+00 6.237200e+02 4.467700e+02 1
-6.973700e-01 7.384000e+00 -6.873000e-01 -1.089400e+00 214 31 1.270600e+01 3.470000e+00 6.186500e+02 4.466200e+02 1
-7.006500e-01 7.414200e+00 -6.894900e-01 -1.089400e+00 215 31 1.209300e+01 3.470000e+00 6.186800e+02 4.464500e+02 1
-7.039200e-01 7.449400e+00 -6.920500e-01 -1.089400e+00 216 31 1.046300e+01 3.470000e+00 6.187600e+02 4.462600e+02 1
-8.288800e-01 7.526700e+00 -6.976800e-01 -1.089400e+00 218 31 1.056400e+01 3.470000e+00 6.089500e+02 4.457900e+02 1
-8.327000e-01 7.556400e+00 -6.998400e-01 -1.089400e+00 219 31 1.106600e+01 3.470000e+00 6.089600e+02 4.456300e+02 1
-7.767700e-01 7.576600e+00 -7.013100e-01 -1.089400e+00 220 31 1.054900e+01 3.470000e+00 6.139000e+02 4.455500e+02 1
-2.710100e+00 1.015600e+01 -8.889700e-01 -1.089400e+00 302 31 1.083800e+01 3.470000e+00 5.137900e+02 4.349600e+02 1
-2.719100e+00 1.016400e+01 -8.895800e-01 -1.089400e+00 303 31 1.093500e+01 3.470000e+00 5.133800e+02 4.349300e+02 1
-2.893400e+00 1.003100e+01 1.726900e+00 -1.089400e+00 304 31 1.035600e+01 3.470000e+00 4.998400e+02 2.777800e+02 0
-2.337700e+00 1.041500e+01 -9.078400e-01 -1.089400e+00 307 31 1.063800e+01 3.470000e+00 5.408100e+02 4.343500e+02 1
-2.345300e+00 1.045600e+01 -9.108100e-01 -1.089400e+00 308 31 1.098100e+01 3.470000e+00 5.409400e+02 4.342400e+02 1
-2.437000e+00 1.047400e+01 -9.121400e-01 -1.089400e+00 309 31 1.037500e+01 3.470000e+00 5.356900e+02 4.341600e+02 1
9.085500e-01 1.159400e+01 -9.936100e-01 -1.089400e+00 334 31 1.028900e+01 3.470000e+00 7.348600e+02 4.322900e+02 1
1.275800e+00 1.158400e+01 -9.928700e-01 -1.089400e+00 335 31 1.100400e+01 3.470000e+00 7.553200e+02 4.324100e+02 1
1.462400e+00 1.147400e+01 -9.849000e-01 -1.089400e+00 336 31 1.050600e+01 3.470000e+00 7.664100e+02 4.327100e+02 1
1.103400e+00 1.140100e+01 2.704900e+00 -1.089400e+00 338 31 1.014000e+01 3.470000e+00 7.429000e+02 2.351500e+02 0
-1.909900e-01 2.385700e+00 -3.236000e-01 -1.057400e+00 71 32 1.051500e+01 3.470000e+00 5.945700e+02 5.344100e+02 0
-2.324600e-01 2.421000e+00 -3.261700e-01 -1.057400e+00 72 32 1.076000e+01 3.470000e+00 5.849200e+02 5.323800e+02 0
6.024300e-01 3.268500e+00 -3.878300e-01 -1.057400e+00 97 32 1.189500e+01 3.470000e+00 7.804400e+02 5.003400e+02 1
6.087000e-01 3.324300e+00 -3.918900e-01 -1.057400e+00 98 32 1.403000e+01 3.470000e+00 7.801900e+02 4.987200e+02 1
6.149800e-01 3.359100e+00 -3.944200e-01 -1.057400e+00 99 32 1.505400e+01 3.470000e+00 7.805000e+02 4.977500e+02 1
6.482600e-01 3.386600e+00 -3.964200e-01 -1.057400e+00 100 32 1.509100e+01 3.470000e+00 7.862500e+02 4.970300e+02 1
7.093800e-01 3.407000e+00 -3.979100e-01 -1.057400e+00 101 32 1.405300e+01 3.470000e+00 7.974900e+02 4.965600e+02 1
6.889200e-01 3.449600e+00 -4.010000e-01 -1.057400e+00 102 32 1.205100e+01 3.470000e+00 7.922700e+02 4.953900e+02 1
5.287600e-01 3.515600e+00 -4.058100e-01 -1.057400e+00 103 32 1.150700e+01 3.470000e+00 7.604600e+02 4.934400e+02 1
7.025600e-01 3.513900e+00 -4.056900e-01 -1.057400e+00 104 32 1.107400e+01 3.470000e+00 7.929700e+02 4.937300e+02 1
7.661300e-01 3.509800e+00 -4.053900e-01 -1.057400e+00 105 32 1.033700e+01 3.470000e+00 8.050100e+02 4.939300e+02 1
-5.784200e-01 7.350300e+00 -6.848400e-01 -1.057400e+00 213 32 1.124600e+01 3.470000e+00 6.286400e+02 4.468600e+02 1
-6.392600e-01 7.392000e+00 -6.878700e-01 -1.057400e+00 214 32 1.158000e+01 3.470000e+00 6.237500e+02 4.466000e+02 1
-7.006500e-01 7.437100e+00 -6.911600e-01 -1.057400e+00 215 32 1.108400e+01 3.470000e+00 6.189200e+02 4.463300e+02 1
-7.137400e-01 7.540400e+00 -6.986700e-01 -1.057400e+00 219 32 1.028900e+01 3.470000e+00 6.188400e+02 4.457700e+02 1
3.228200e+00 7.406300e+00 -6.889100e-01 -1.057400e+00 233 32 1.053500e+01 3.470000e+00 9.632900e+02 4.483100e+02 1
3.305700e+00 7.433700e+00 -6.909100e-01 -1.057400e+00 234 32 1.117800e+01 3.470000e+00 9.691700e+02 4.481900e+02 1
3.383700e+00 7.419300e+00 -6.898600e-01 -1.057400e+00 235 32 1.074200e+01 3.470000e+00 9.766800e+02 4.483100e+02 0
-2.455500e+00 1.018300e+01 -8.909600e-01 -1.057400e+00 301 32 1.031900e+01 3.470000e+00 5.300200e+02 4.349600e+02 1
-2.545900e+00 1.019900e+01 -8.921200e-01 -1.057400e+00 302 32 1.143600e+01 3.470000e+00 5.247000e+02 4.348800e+02 1
-2.554300e+00 1.022700e+01 -8.941600e-01 -1.057400e+00 303 32 1.154100e+01 3.470000e+00 5.246400e+02 4.348000e+02 1
-2.728100e+00 1.020700e+01 -8.927000e-01 -1.057400e+00 304 32 1.070000e+01 3.470000e+00 5.135900e+02 4.348100e+02 1
-2.080400e+00 1.044600e+01 -9.101100e-01 -1.057400e+00 306 32 1.016100e+01 3.470000e+00 5.568200e+02 4.343400e+02 1
-2.254200e+00 1.044100e+01 -9.097100e-01 -1.057400e+00 307 32 1.138300e+01 3.470000e+00 5.462300e+02 4.343000e+02 1
-2.345300e+00 1.045800e+01 -9.109700e-01 -1.057400e+00 308 32 1.159200e+01 3.470000e+00 5.409800e+02 4.342300e+02 1
-2.605100e+00 1.043600e+01 -9.093500e-01 -1.057400e+00 309 32 1.082100e+01 3.470000e+00 5.249600e+02 4.342200e+02 1
-2.291800e-01 2.381500e+00 -3.232900e-01 -1.025300e+00 71 33 1.010800e+01 3.470000e+00 5.839500e+02 5.345400e+02 0
-2.518300e-01 2.404500e+00 -3.249600e-01 -1.025300e+00 72 33 1.032300e+01 3.470000e+00 5.789000e+02 5.332200e+02 0
-6.630000e-01 3.071900e+00 -3.735200e-01 -1.025300e+00 91 33 1.026800e+01 3.470000e+00 5.182400e+02 5.043100e+02 0
6.024300e-01 3.288400e+00 -3.892800e-01 -1.025300e+00 97 33 1.095600e+01 3.470000e+00 7.799100e+02 4.997500e+02 1
6.087000e-01 3.327800e+00 -3.921500e-01 -1.025300e+00 98 33 1.310300e+01 3.470000e+00 7.801000e+02 4.986200e+02 1
6.417200e-01 3.356600e+00 -3.942400e-01 -1.025300e+00 99 33 1.415800e+01 3.470000e+00 7.858100e+02 4.978600e+02 1
6.752700e-01 3.384500e+00 -3.962700e-01 -1.025300e+00 100 33 1.424600e+01 3.470000e+00 7.915600e+02 4.971300e+02 1
7.366600e-01 3.406100e+00 -3.978500e-01 -1.025300e+00 101 33 1.325500e+01 3.470000e+00 8.027900e+02 4.966300e+02 1
9.920400e-01 3.384700e+00 -3.962900e-01 -1.025300e+00 102 33 1.050900e+01 3.470000e+00 8.533700e+02 4.976100e+02 0
3.061200e-01 3.548200e+00 -4.081900e-01 -1.025300e+00 103 33 1.016600e+01 3.470000e+00 7.187900e+02 4.923000e+02 1
7.306600e-01 3.488600e+00 -4.038400e-01 -1.025300e+00 104 33 1.030200e+01 3.470000e+00 7.990100e+02 4.944200e+02 1
3.088300e+00 7.447800e+00 -6.919400e-01 -1.025300e+00 232 33 1.063300e+01 3.470000e+00 9.493200e+02 448 1
3.101600e+00 7.484400e+00 -6.946000e-01 -1.025300e+00 233 33 1.189700e+01 3.470000e+00 9.492300e+02 4.478000e+02 1
3.178600e+00 7.490100e+00 -6.950100e-01 -1.025300e+00 234 33 1.246200e+01 3.470000e+00 9.558200e+02 4.478000e+02 1
3.192200e+00 7.522600e+00 -6.973800e-01 -1.025300e+00 235 33 1.217400e+01 3.470000e+00 9.558600e+02 4.476300e+02 1
3.141700e+00 7.566200e+00 -7.005500e-01 -1.025300e+00 236 33 1.129100e+01 3.470000e+00 9.499000e+02 4.473600e+02 1
3.026300e+00 7.662500e+00 -7.075600e-01 -1.025300e+00 237 33 1.104100e+01 3.470000e+00 9.366700e+02 4.467800e+02 1
-2.299500e+00 1.025700e+01 -8.963700e-01 -1.025300e+00 302 33 1.009000e+01 3.470000e+00 5.408000e+02 4.347900e+02 1
-2.307100e+00 1.027600e+01 -8.977300e-01 -1.025300e+00 303 33 1.035600e+01 3.470000e+00 5.406100e+02 4.347400e+02 1
-2.254200e+00 1.034000e+01 -9.024200e-01 -1.025300e+00 307 33 1.020700e+01 3.470000e+00 5.448000e+02 4.345800e+02 1
-2.429100e+00 1.034000e+01 -9.023900e-01 -1.025300e+00 308 33 1.022600e+01 3.470000e+00 5.341200e+02 4.345300e+02 1
6.684500e-01 3.352400e+00 -3.939400e-01 -9.932700e-01 99 34 1.032400e+01 3.470000e+00 7.911800e+02 4.980200e+02 1
6.212500e-01 3.391500e+00 -3.967800e-01 -9.932700e-01 100 34 1.031000e+01 3.470000e+00 7.808700e+02 4.968600e+02 1
6.821000e-01 3.420700e+00 -3.989000e-01 -9.932700e-01 101 34 1.040200e+01 3.470000e+00 7.918100e+02 4.961500e+02 1
3.025200e+00 7.432900e+00 -6.908500e-01 -9.932700e-01 232 34 1.030000e+01 3.470000e+00 9.442500e+02 4.480600e+02 1
3.101600e+00 7.478100e+00 -6.941400e-01 -9.932700e-01 233 34 1.151500e+01 3.470000e+00 9.494400e+02 4.478400e+02 1
3.178600e+00 7.486400e+00 -6.947400e-01 -9.932700e-01 234 34 12 3.470000e+00 9.559500e+02 4.478200e+02 1
3.256100e+00 7.488400e+00 -6.948900e-01 -9.932700e-01 235 34 1.189500e+01 3.470000e+00 9.627200e+02 4.478500e+02 1
3.141700e+00 7.565300e+00 -7.004800e-01 -9.932700e-01 236 34 1.139100e+01 3.470000e+00 9.499300e+02 4.473600e+02 1
3.155100e+00 7.614100e+00 -7.040300e-01 -9.932700e-01 237 34 1.074300e+01 3.470000e+00 9.494100e+02 4.471000e+02 1
1.362000e+00 1.754900e+00 -2.777000e-01 -8.010300e-01 65 40 1.005300e+01 3.470000e+00 1.157300e+03 5.898100e+02 0
1.418800e+00 1.682600e+00 -2.724400e-01 -8.010300e-01 66 40 1.001400e+01 3.470000e+00 1.202500e+03 5.986100e+02 0
-4.121200e+00 3.721400e+00 -4.207900e-01 -7.689800e-01 160 41 1.011100e+01 3.470000e+00 -2.750400e+01 4.826700e+02 0
-4.190800e+00 3.695900e+00 -4.189300e-01 -7.689800e-01 161 41 1.006900e+01 3.470000e+00 -4.371200e+01 4.831100e+02 0
-3.966000e+00 3.832700e+00 -4.288900e-01 -7.369400e-01 159 42 1.058100e+01 3.470000e+00 1.755500e+01 4.806700e+02 1
-4.034500e+00 3.814700e+00 -4.275700e-01 -7.369400e-01 160 42 1.158500e+01 3.470000e+00 3.562700e+00 4.809300e+02 1
-4.103500e+00 3.792200e+00 -4.259300e-01 -7.369400e-01 161 42 1.149300e+01 3.470000e+00 -1.144800e+01 4.812900e+02 0
-4.002500e+00 4.041900e+00 -4.441100e-01 -7.369400e-01 164 42 1.005800e+01 3.470000e+00 4.658800e+01 4.768300e+02 0
-3.991100e+00 3.860100e+00 -4.308800e-01 -7.049000e-01 160 43 1.110000e+01 3.470000e+00 1.835700e+01 4.801200e+02 1
-4.059800e+00 3.839300e+00 -4.293700e-01 -7.049000e-01 161 43 1.104600e+01 3.470000e+00 3.936300e+00 4.804300e+02 1
-4.269400e+00 3.700100e+00 -4.192400e-01 -7.049000e-01 164 43 1.027800e+01 3.470000e+00 -5.563300e+01 4.829200e+02 0
0 0 -1.500000e-01 -3.204100e-02 1 64 1.547200e+01 3.470000e+00 2167 -3.612800e+03 0
-7.093800e-02 1.111800e-01 -1.580900e-01 -3.204100e-02 5 64 1.419800e+01 3.470000e+00 -3.204900e+03 7.926100e+03 0
-1.585200e-01 1.861000e-01 -1.635400e-01 -3.204100e-02 8 64 1.335600e+01 3.470000e+00 -1094 2.937800e+03 0
-1.986300e-01 1.935500e-01 -1.640800e-01 -3.204100e-02 9 64 1.267200e+01 3.470000e+00 -1.171600e+03 2.760700e+03 0
-2.480100e-01 1.862300e-01 -1.635500e-01 -3.204100e-02 10 64 1.262800e+01 3.470000e+00 -1520 2.870500e+03 0
-2.619200e-01 2.222100e-01 -1.661700e-01 -3.204100e-02 11 64 1.215100e+01 3.470000e+00 -1.062400e+03 2.298200e+03 0
-2.881200e-01 2.315900e-01 -1.668500e-01 -3.204100e-02 12 64 1.172000e+01 3.470000e+00 -1.054200e+03 2.181800e+03 0
-3.077600e-01 2.775800e-01 -1.702000e-01 -3.204100e-02 13 64 1.101500e+01 3.470000e+00 -7.313700e+02 1.794300e+03 0
-1.298700e-01 3.578400e-01 -1.760400e-01 -3.204100e-02 15 64 1.054300e+01 3.470000e+00 2.889900e+01 1.437700e+03 0
3.609700e-01 3.351000e-01 -1.743800e-01 -3.204100e-02 28 64 1.218700e+01 3.470000e+00 1.178600e+03 1604 0
6.799100e-01 6.427300e-01 -1.967700e-01 -3.204100e-02 29 64 1.367800e+01 3.470000e+00 1.286800e+03 9.536500e+02 0
6.725500e-01 7.382500e-01 -2.037200e-01 -3.204100e-02 30 64 1.460700e+01 3.470000e+00 1191 8.719300e+02 0
6.793700e-01 7.974400e-01 -2.080300e-01 -3.204100e-02 31 64 1.477100e+01 3.470000e+00 1.155400e+03 8.327600e+02 0
6.766400e-01 8.301300e-01 -2.104000e-01 -3.204100e-02 32 64 1.423700e+01 3.470000e+00 1.132400e+03 8.136900e+02 0
6.810000e-01 8.679800e-01 -2.131600e-01 -3.204100e-02 33 64 1.272900e+01 3.470000e+00 1.114600e+03 7.937800e+02 0
-8.307900e-01 8.824700e-01 -2.142100e-01 -3.204100e-02 36 64 1.095700e+01 3.470000e+00 -6.846400e+01 760 0
-8.447100e-01 8.908000e-01 -2.148200e-01 -3.204100e-02 37 64 1.141900e+01 3.470000e+00 -7.100200e+01 7.562800e+02 0
-8.782700e-01 8.635700e-01 -2.128400e-01 -3.204100e-02 38 64 1.105800e+01 3.470000e+00 -1.214600e+02 7.673600e+02 0
