0 0 -1.500000e-01 0 1 65 1.634700e+01 2.090000e+00 2167 -3.612800e+03 0
-7.093800e-02 1.121500e-01 -1.549100e-01 0 5 65 1.521200e+01 2.090000e+00 -3.099900e+03 7.673300e+03 0
-1.585200e-01 1.860900e-01 -1.581500e-01 0 8 65 1.438700e+01 2.090000e+00 -1.091100e+03 2905 0
-2.008100e-01 1.911500e-01 -1.583700e-01 0 9 65 1.369900e+01 2.090000e+00 -1.214600e+03 2.772900e+03 0
-2.480100e-01 1.864900e-01 -1.581700e-01 0 10 65 1.364700e+01 2.090000e+00 -1.511500e+03 2.833300e+03 0
-2.619200e-01 2.216300e-01 -1.597100e-01 0 11 65 1.299200e+01 2.090000e+00 -1.066100e+03 2.276700e+03 0
-2.851200e-01 2.326000e-01 -1.601900e-01 0 12 65 1.268000e+01 2.090000e+00 -1.030900e+03 2.144700e+03 0
-3.044900e-01 2.812400e-01 -1.623200e-01 0 13 65 1.198100e+01 2.090000e+00 -6.966700e+02 1.746600e+03 0
-3.121300e-01 3.055200e-01 -1.633800e-01 0 14 65 1.144900e+01 2.090000e+00 -5.757500e+02 1.608900e+03 0
-1.298700e-01 3.766000e-01 -1.664900e-01 0 15 65 1.144900e+01 2.090000e+00 7.017200e+01 1.351400e+03 0
3.609700e-01 3.267900e-01 -1.643100e-01 0 28 65 1.318400e+01 2.090000e+00 1.194100e+03 1.619200e+03 0
6.799100e-01 6.379700e-01 -1.779400e-01 0 29 65 1.469800e+01 2.090000e+00 1.290800e+03 9.367600e+02 0
6.725500e-01 7.363800e-01 -1.822500e-01 0 30 65 1.564400e+01 2.090000e+00 1.191500e+03 8.522200e+02 0
6.793700e-01 7.975300e-01 -1.849300e-01 0 31 65 1.583300e+01 2.090000e+00 1.154400e+03 8.119300e+02 0
6.766400e-01 8.299800e-01 -1.863500e-01 0 32 65 1.537500e+01 2.090000e+00 1.131600e+03 7.931300e+02 0
6.810000e-01 8.624800e-01 -1.877700e-01 0 33 65 1.407800e+01 2.090000e+00 1.116700e+03 7.760500e+02 0
6.482600e-01 9.506600e-01 -1.916300e-01 0 34 65 1.146700e+01 2.090000e+00 1.048200e+03 7.355300e+02 0
7.421200e-01 6.824200e-01 -1.798800e-01 0 35 65 1.097500e+01 2.090000e+00 1.315200e+03 8.971100e+02 0
-8.212400e-01 9.036400e-01 -1.895700e-01 0 36 65 1.169800e+01 2.090000e+00 -4.214700e+01 7.322700e+02 0
-8.250600e-01 9.150900e-01 -1.900700e-01 0 37 65 1.220800e+01 2.090000e+00 -3.513300e+01 7.276900e+02 0
-8.479800e-01 9.062200e-01 -1.896900e-01 0 38 65 1.195400e+01 2.090000e+00 -5.891500e+01 7.308400e+02 0
-8.605300e-01 9.238300e-01 -1.904600e-01 0 39 65 1.083600e+01 2.090000e+00 -5.255500e+01 7.238000e+02 0
8.916400e-01 1.056900e+00 -1.962800e-01 0 44 65 1.020600e+01 2.090000e+00 1174 7.001700e+02 0
0 0 -1.500000e-01 3.204100e-02 1 66 1.531300e+01 2.090000e+00 2167 -3.612800e+03 0
-7.093800e-02 1.124500e-01 -1.549200e-01 3.204100e-02 5 66 1.419000e+01 2.090000e+00 -3.071800e+03 7.619200e+03 0
-1.604300e-01 1.843200e-01 -1.580700e-01 3.204100e-02 8 66 1.335700e+01 2.090000e+00 -1.127800e+03 2.941900e+03 0
-2.008100e-01 1.924000e-01 -1.584300e-01 3.204100e-02 9 66 1.270500e+01 2.090000e+00 -1.195600e+03 2.749200e+03 0
-2.504700e-01 1.836200e-01 -1.580400e-01 3.204100e-02 10 66 1.264600e+01 2.090000e+00 -1.576700e+03 2.890900e+03 0
-2.619200e-01 2.225200e-01 -1.597400e-01 3.204100e-02 11 66 1.204700e+01 2.090000e+00 -1.056200e+03 2.266100e+03 0
-2.851200e-01 2.345400e-01 -1.602700e-01 3.204100e-02 12 66 1.166300e+01 2.090000e+00 -1.011200e+03 2.124700e+03 0
-3.044900e-01 2.818300e-01 -1.623400e-01 3.204100e-02 13 66 1.099200e+01 2.090000e+00 -6.928700e+02 1.742900e+03 0
3.609700e-01 3.417000e-01 -1.649600e-01 3.204100e-02 28 66 1.225000e+01 2.090000e+00 1165 1.547400e+03 0
6.799100e-01 6.360100e-01 -1.778500e-01 3.204100e-02 29 66 1.374900e+01 2.090000e+00 1293 9.387600e+02 0
6.725500e-01 7.358300e-01 -1.822200e-01 3.204100e-02 30 66 1.467900e+01 2.090000e+00 1.191900e+03 8.526200e+02 0
6.711800e-01 8.044500e-01 -1.852300e-01 3.204100e-02 31 66 1.487000e+01 2.090000e+00 1.142400e+03 8.076100e+02 0
6.766400e-01 8.304000e-01 -1.863600e-01 3.204100e-02 32 66 1.441600e+01 2.090000e+00 1.131300e+03 7.929000e+02 0
6.722700e-01 8.659000e-01 -1.879200e-01 3.204100e-02 33 66 1.313700e+01 2.090000e+00 1.107500e+03 7.741600e+02 0
6.302600e-01 9.436900e-01 -1.913300e-01 3.204100e-02 34 66 1.061500e+01 2.090000e+00 1.037400e+03 7.381000e+02 0
-4.174400e-01 6.306100e-01 -1.776200e-01 3.204100e-02 35 66 1.013900e+01 2.090000e+00 3.801900e+01 9.058700e+02 0
-8.212400e-01 9.050200e-01 -1.896300e-01 3.204100e-02 36 66 1.065000e+01 2.090000e+00 -4.096300e+01 7.317200e+02 0
-8.250600e-01 9.328900e-01 -1.908500e-01 3.204100e-02 37 66 1.125600e+01 2.090000e+00 -2.049800e+01 7.208800e+02 0
-8.378900e-01 9.425400e-01 -1.912800e-01 3.204100e-02 38 66 1.119900e+01 2.090000e+00 -2.155600e+01 7.171200e+02 0
-8.501600e-01 9.351400e-01 -1.909500e-01 3.204100e-02 39 66 1.043100e+01 2.090000e+00 -3.594900e+01 7.196800e+02 0
-3.383200e-02 2.715400e-03 -1.501200e-01 6.408200e-02 2 67 9.393700e+00 2.090000e+00 2.554700e+03 -3.831900e+03 0
6.302600e-01 8.138000e-01 -1.856400e-01 6.408200e-02 31 67 9.731100e+00 2.090000e+00 1.099500e+03 8.012800e+02 0
6.512600e-01 8.141900e-01 -1.856600e-01 6.408200e-02 32 67 1.008000e+01 2.090000e+00 1.118200e+03 8.015000e+02 0
6.548100e-01 7.603500e-01 -1.833000e-01 6.408200e-02 33 67 9.734700e+00 2.090000e+00 1.156100e+03 8.350400e+02 0
-5.784200e-01 1.738600e+00 -2.261400e-01 -7.369400e-01 54 42 1.044000e+01 2.090000e+00 4.108000e+02 5.636900e+02 1
-6.040600e-01 1.743300e+00 -2.263400e-01 -7.369400e-01 55 42 1.103900e+01 2.090000e+00 4.021000e+02 5.630900e+02 1
-6.452600e-01 1.743700e+00 -2.263600e-01 -7.369400e-01 56 42 1.062200e+01 2.090000e+00 3.869300e+02 5.628700e+02 1
-5.391300e-01 1.696800e+00 -2.243100e-01 -7.049000e-01 53 43 1.123300e+01 2.090000e+00 4.185900e+02 5.683300e+02 1
-5.639600e-01 1.714900e+00 -2.251000e-01 -7.049000e-01 54 43 1.272200e+01 2.090000e+00 4.122300e+02 5.662500e+02 1
-6.335300e-01 1.729600e+00 -2.257400e-01 -7.049000e-01 55 43 1.316300e+01 2.090000e+00 3.887100e+02 5.644000e+02 1
-7.353000e-01 1.745100e+00 -2.264200e-01 -7.049000e-01 56 43 1.320100e+01 2.090000e+00 3.539800e+02 5.623500e+02 1
-7.028300e-01 1.803000e+00 -2.289600e-01 -7.049000e-01 57 43 1.318200e+01 2.090000e+00 3.767700e+02 5.567400e+02 1
-6.687300e-01 1.851600e+00 -2.310900e-01 -7.049000e-01 58 43 1.266500e+01 2.090000e+00 3.971700e+02 5.523300e+02 0
-6.488100e-01 1.862100e+00 -2.315500e-01 -7.049000e-01 59 43 1.092800e+01 2.090000e+00 4.057800e+02 5.514500e+02 0
9.434700e-01 3.029000e+00 -2.826500e-01 -7.049000e-01 92 43 1.030200e+01 2.090000e+00 8.616100e+02 4.901400e+02 0
-5.816900e-01 1.688100e+00 -2.239300e-01 -6.728600e-01 53 44 1.147300e+01 2.090000e+00 4.008100e+02 5.690900e+02 1
-6.651800e-01 1.694400e+00 -2.242000e-01 -6.728600e-01 54 44 1.313500e+01 2.090000e+00 3.701400e+02 5.680200e+02 1
-7.366600e-01 1.707100e+00 -2.247600e-01 -6.728600e-01 55 44 1.407500e+01 2.090000e+00 3.456800e+02 5.663200e+02 1
-7.503100e-01 1.739500e+00 -2.261800e-01 -6.728600e-01 56 44 1.433300e+01 2.090000e+00 3.473200e+02 5.628600e+02 1
-7.028300e-01 1.804300e+00 -2.290100e-01 -6.728600e-01 57 44 1.396900e+01 2.090000e+00 377 5.566200e+02 1
-6.531700e-01 1.861500e+00 -2.315200e-01 -6.728600e-01 58 44 1.304900e+01 2.090000e+00 4.041700e+02 5.514900e+02 0
-7.437600e-01 1.823700e+00 -2.298600e-01 -6.728600e-01 59 44 1.135500e+01 2.090000e+00 3.660600e+02 5.546100e+02 1
-9.336500e-01 1.798000e+00 -2.287400e-01 -6.728600e-01 60 44 1.094900e+01 2.090000e+00 2.937000e+02 5.562900e+02 1
-1.031300e+00 1.763500e+00 -2.272300e-01 -6.728600e-01 61 44 1.009500e+01 2.090000e+00 2.504500e+02 5.592500e+02 0
-6.810000e-01 1.678000e+00 -2.234800e-01 -6.408200e-01 53 45 1.036600e+01 2.090000e+00 3.607900e+02 5.697600e+02 1
-7.374800e-01 1.676300e+00 -2.234100e-01 -6.408200e-01 54 45 1.234700e+01 2.090000e+00 3.387700e+02 5.696900e+02 1
-7.661300e-01 1.697900e+00 -2.243600e-01 -6.408200e-01 55 45 1.338600e+01 2.090000e+00 3.326000e+02 5.671800e+02 1
-7.653100e-01 1.736800e+00 -2.260600e-01 -6.408200e-01 56 45 1.349400e+01 2.090000e+00 3.412200e+02 5.630700e+02 1
-7.181100e-01 1.803000e+00 -2.289600e-01 -6.408200e-01 57 45 1.276700e+01 2.090000e+00 3.713200e+02 5.566800e+02 1
-7.309300e-01 1.824100e+00 -2.298800e-01 -6.408200e-01 58 45 1.167500e+01 2.090000e+00 3.706500e+02 5.546200e+02 1
-8.703500e-01 1.790200e+00 -2.284000e-01 -6.408200e-01 59 45 1.139300e+01 2.090000e+00 3.144700e+02 5.573000e+02 1
-8.853600e-01 1.834300e+00 -2.303300e-01 -6.408200e-01 60 45 1.084300e+01 2.090000e+00 3.185900e+02 5.530800e+02 0
0 0 -1.500000e-01 -2.242900e-01 1 58 9.467400e+00 2.090000e+00 2167 -3.612800e+03 0
0 0 -1.500000e-01 -3.204100e-02 1 64 1.534300e+01 2.090000e+00 2167 -3.612800e+03 0
-7.093800e-02 1.119300e-01 -1.549000e-01 -3.204100e-02 5 64 1.418900e+01 2.090000e+00 -3.120800e+03 7.713400e+03 0
-1.585200e-01 1.860900e-01 -1.581500e-01 -3.204100e-02 8 64 1.336100e+01 2.090000e+00 -1.091100e+03 2.904900e+03 0
-2.008100e-01 1.899500e-01 -1.583200e-01 -3.204100e-02 9 64 1.267400e+01 2.090000e+00 -1.233400e+03 2.796300e+03 0
-2.480100e-01 1.857300e-01 -1.581300e-01 -3.204100e-02 10 64 1.261000e+01 2.090000e+00 -1.525300e+03 2.848600e+03 0
-2.619200e-01 2.213500e-01 -1.596900e-01 -3.204100e-02 11 64 1.202000e+01 2.090000e+00 -1.069300e+03 2.280100e+03 0
-2.881200e-01 2.282300e-01 -1.599900e-01 -3.204100e-02 12 64 1.164800e+01 2.090000e+00 -1.087400e+03 2.190400e+03 0
-3.077600e-01 2.779000e-01 -1.621700e-01 -3.204100e-02 13 64 1.099000e+01 2.090000e+00 -7.273500e+02 1.767100e+03 0
-1.336900e-01 2.937900e-01 -1.628700e-01 -3.204100e-02 15 64 1.050600e+01 2.090000e+00 -1.704600e+02 1.706300e+03 0
3.609700e-01 3.598100e-01 -1.657600e-01 -3.204100e-02 28 64 1.212600e+01 2.090000e+00 1.133800e+03 1.470700e+03 0
6.799100e-01 6.399400e-01 -1.780200e-01 -3.204100e-02 29 64 1.365000e+01 2.090000e+00 1.288700e+03 9.347700e+02 0
6.804600e-01 7.311400e-01 -1.820200e-01 -3.204100e-02 30 64 1.459000e+01 2.090000e+00 1.203700e+03 8.562600e+02 0
6.793700e-01 7.973200e-01 -1.849200e-01 -3.204100e-02 31 64 1.478400e+01 2.090000e+00 1.154500e+03 8.120500e+02 0
6.851000e-01 8.210800e-01 -1.859600e-01 -3.204100e-02 32 64 1.433900e+01 2.090000e+00 1.144600e+03 7.982800e+02 0
6.810000e-01 8.586800e-01 -1.876000e-01 -3.204100e-02 33 64 1.305500e+01 2.090000e+00 1.118800e+03 7.779800e+02 0
6.572700e-01 9.432200e-01 -1.913100e-01 -3.204100e-02 34 64 1.042400e+01 2.090000e+00 1.058200e+03 7.387200e+02 0
-8.307900e-01 8.909800e-01 -1.890200e-01 -3.204100e-02 36 64 1.075900e+01 2.090000e+00 -6.008200e+01 7.372800e+02 0
-8.348900e-01 8.870600e-01 -1.888500e-01 -3.204100e-02 37 64 1.123400e+01 2.090000e+00 -6.655900e+01 7.388400e+02 0
-8.580800e-01 8.493200e-01 -1.871900e-01 -3.204100e-02 38 64 1.095500e+01 2.090000e+00 -1.198400e+02 7.549000e+02 0
