0 0 -1.500000e-01 0 1 65 1.638600e+01 3.260000e+00 2167 -3.612800e+03 0
-7.093800e-02 1.120200e-01 -1.576600e-01 0 5 65 1.522900e+01 3.260000e+00 -3.122200e+03 7759 0
-1.585200e-01 1.860100e-01 -1.627100e-01 0 8 65 1.438800e+01 3.260000e+00 -1.094900e+03 2.934700e+03 0
-2.008100e-01 1.916300e-01 -1.631000e-01 0 9 65 1.372700e+01 3.260000e+00 -1210 2.790700e+03 0
-2.480100e-01 1.871200e-01 -1.627900e-01 0 10 65 1.367800e+01 3.260000e+00 -1.503200e+03 2.847600e+03 0
-2.619200e-01 2.232500e-01 -1.652600e-01 0 11 65 1.315000e+01 3.260000e+00 -1.050300e+03 2.281400e+03 0
-2.881200e-01 2.338000e-01 -1.659800e-01 0 12 65 1.272000e+01 3.260000e+00 -1.031100e+03 2.154500e+03 0
-3.077600e-01 2.805400e-01 -1.691800e-01 0 13 65 1.201400e+01 3.260000e+00 -7.116600e+02 1.771600e+03 0
-3.085800e-01 2.996200e-01 -1.704800e-01 0 14 65 1.149300e+01 3.260000e+00 -6.000300e+02 1.660800e+03 0
-1.222300e-01 4.117000e-01 -1.781400e-01 0 15 65 1.151200e+01 3.260000e+00 1.475300e+02 1.272500e+03 0
-3.642400e-01 3.645700e-01 -1.749200e-01 0 16 65 1.118700e+01 3.260000e+00 -4.313900e+02 1383 0
3.536000e-01 3.423000e-01 -1.734000e-01 0 28 65 1.315400e+01 3.260000e+00 1.146100e+03 1.565200e+03 0
6.799100e-01 6.379900e-01 -1.936100e-01 0 29 65 1.470400e+01 3.260000e+00 1.291800e+03 9.551300e+02 0
6.725500e-01 7.360100e-01 -2.003100e-01 0 30 65 1.561300e+01 3.260000e+00 1.192600e+03 8.703500e+02 0
6.793700e-01 7.975800e-01 -2.045200e-01 0 31 65 1.576300e+01 3.260000e+00 1.155200e+03 8.295100e+02 0
6.766400e-01 8.329400e-01 -2.069300e-01 0 32 65 1.523800e+01 3.260000e+00 1.130600e+03 8.089900e+02 0
6.810000e-01 8.724000e-01 -2.096300e-01 0 33 65 1.381500e+01 3.260000e+00 1112 7.884500e+02 0
6.482600e-01 9.515400e-01 -2.150400e-01 0 34 65 1.125900e+01 3.260000e+00 1.048500e+03 7.522900e+02 0
7.699500e-01 6.096000e-01 -1.916700e-01 0 35 65 1.055200e+01 3.260000e+00 1441 9.894500e+02 0
-8.403400e-01 8.753200e-01 -2.098300e-01 0 36 65 1.178300e+01 3.260000e+00 -8.195300e+01 7.599600e+02 0
-8.643500e-01 8.598600e-01 -2.087700e-01 0 37 65 1.221900e+01 3.260000e+00 -1.146500e+02 7.663200e+02 0
-8.883600e-01 8.257900e-01 -2.064400e-01 0 38 65 1.177800e+01 3.260000e+00 -1.686200e+02 7.817000e+02 0
-9.331100e-01 7.610600e-01 -2.020200e-01 0 39 65 1.043400e+01 3.260000e+00 -2.841800e+02 8.148700e+02 0
0 0 -1.500000e-01 3.204100e-02 1 66 1.528600e+01 3.260000e+00 2167 -3.612800e+03 0
-7.093800e-02 1.123000e-01 -1.576800e-01 3.204100e-02 5 66 1.421100e+01 3.260000e+00 -3.095800e+03 7708 0
-1.585200e-01 1.858100e-01 -1.627000e-01 3.204100e-02 8 66 1.336700e+01 3.260000e+00 -1.097900e+03 2.938900e+03 0
-2.008100e-01 1.921400e-01 -1.631300e-01 3.204100e-02 9 66 1.271600e+01 3.260000e+00 -1.202200e+03 2.780900e+03 0
-2.480100e-01 1.874900e-01 -1.628100e-01 3.204100e-02 10 66 1.263200e+01 3.260000e+00 -1.496600e+03 2.840200e+03 0
-2.564700e-01 2.319500e-01 -1.658500e-01 3.204100e-02 11 66 1.216400e+01 3.260000e+00 -9.403000e+02 2.185400e+03 0
-2.851200e-01 2.403200e-01 -1.664300e-01 3.204100e-02 12 66 1.173900e+01 3.260000e+00 -9.572900e+02 2.090600e+03 0
-3.077600e-01 2.816000e-01 -1.692500e-01 3.204100e-02 13 66 1.101300e+01 3.260000e+00 -7.048200e+02 1.764900e+03 0
-3.085800e-01 2.972700e-01 -1.703200e-01 3.204100e-02 14 66 1.053300e+01 3.260000e+00 -6.130700e+02 1.673500e+03 0
-1.260500e-01 1.108800e-01 -1.575800e-01 3.204100e-02 15 66 1.053500e+01 3.260000e+00 -3.909800e+03 7.630100e+03 0
3.536000e-01 3.688100e-01 -1.752100e-01 3.204100e-02 28 66 1.215800e+01 3.260000e+00 1.103700e+03 1.456400e+03 0
6.799100e-01 6.320000e-01 -1.932000e-01 3.204100e-02 29 66 1.371800e+01 3.260000e+00 1.298500e+03 9.613100e+02 0
6.725500e-01 7.337800e-01 -2.001500e-01 3.204100e-02 30 66 1.462300e+01 3.260000e+00 1.194400e+03 8.719800e+02 0
6.711800e-01 8.044700e-01 -2.049900e-01 3.204100e-02 31 66 1.477800e+01 3.260000e+00 1.143100e+03 8.251700e+02 0
6.766400e-01 8.335000e-01 -2.069700e-01 3.204100e-02 32 66 1.425400e+01 3.260000e+00 1.130300e+03 8.086800e+02 0
6.810000e-01 8.717700e-01 -2.095900e-01 3.204100e-02 33 66 1.280700e+01 3.260000e+00 1.112400e+03 7.887600e+02 0
-8.498900e-01 8.663500e-01 -2.092200e-01 3.204100e-02 36 66 1.081000e+01 3.260000e+00 -9.753100e+01 7.637000e+02 0
-8.643500e-01 8.696800e-01 -2.094400e-01 3.204100e-02 37 66 1.124200e+01 3.260000e+00 -1.050300e+02 762 0
-8.883600e-01 8.423800e-01 -2.075800e-01 3.204100e-02 38 66 1.077000e+01 3.260000e+00 -1.506900e+02 7.738400e+02 0
0 0 -1.500000e-01 6.408200e-02 1 67 1.012600e+01 3.260000e+00 2167 -3.612800e+03 0
-1.800700e-02 1.132500e-02 -1.507700e-01 6.408200e-02 2 67 9.830900e+00 3.260000e+00 2.634600e+03 -4384 0
6.567200e-01 7.690400e-01 -2.025600e-01 6.408200e-02 30 67 9.927400e+00 3.260000e+00 1.152800e+03 8.470300e+02 0
6.630000e-01 8.008700e-01 -2.047400e-01 6.408200e-02 31 67 1.034000e+01 3.260000e+00 1.137900e+03 8.271400e+02 0
6.681800e-01 8.072500e-01 -2.051800e-01 6.408200e-02 32 67 9.914600e+00 3.260000e+00 1.138600e+03 8.234600e+02 0
0 0 -1.500000e-01 9.612300e-02 1 68 9.655900e+00 3.260000e+00 2167 -3.612800e+03 0
6.630000e-01 8.093300e-01 -2.053200e-01 9.612300e-02 31 68 1.001000e+01 3.260000e+00 1.132600e+03 8.221200e+02 0
1.198900e+00 1.165300e+01 -9.465100e-01 -1.025300e+00 339 33 1.022800e+01 3.260000e+00 7.506400e+02 4.294900e+02 1
-1.299800e+00 1.380300e+01 -1.093500e+00 -1.025300e+00 398 33 1.066500e+01 3.260000e+00 6.260400e+02 4.249400e+02 1
-1.520300e+00 1.381600e+01 -1.094300e+00 -1.025300e+00 399 33 1.087500e+01 3.260000e+00 6.159700e+02 4.248800e+02 1
-1.850700e+00 1.380900e+01 -1.093800e+00 -1.025300e+00 400 33 1.027200e+01 3.260000e+00 6.007500e+02 4.248300e+02 1
-1.080400e+00 1.378100e+01 -1.092000e+00 -9.932700e-01 397 34 1.012900e+01 3.260000e+00 6.360500e+02 4.250200e+02 1
-1.191500e+00 1.380800e+01 -1.093800e+00 -9.932700e-01 398 34 1.111500e+01 3.260000e+00 6.310500e+02 4.249500e+02 1
-1.303100e+00 1.383500e+01 -1.095600e+00 -9.932700e-01 399 34 1.131000e+01 3.260000e+00 6.260400e+02 4.248900e+02 1
-1.197500e+00 1.388200e+01 -1.098800e+00 -9.932700e-01 400 34 1.072900e+01 3.260000e+00 6.311100e+02 4.248400e+02 1
-3.470500e-01 3.668100e+00 -4.007200e-01 -9.612300e-01 107 35 1.057600e+01 3.260000e+00 6.025300e+02 4.857900e+02 0
-3.211300e-01 3.721700e+00 -4.043800e-01 -9.612300e-01 108 35 1.051700e+01 3.260000e+00 6.083500e+02 4.846200e+02 0
0 0 -1.500000e-01 -6.408200e-02 1 63 1.082300e+01 3.260000e+00 2167 -3.612800e+03 0
6.804600e-01 7.499200e-01 -2.012600e-01 -6.408200e-02 30 63 9.546400e+00 3.260000e+00 1.189900e+03 8.606200e+02 0
6.630000e-01 8.005500e-01 -2.047200e-01 -6.408200e-02 31 63 9.908300e+00 3.260000e+00 1.138100e+03 8.273300e+02 0
0 0 -1.500000e-01 -3.204100e-02 1 64 1.542600e+01 3.260000e+00 2167 -3.612800e+03 0
-7.093800e-02 1.115900e-01 -1.576300e-01 -3.204100e-02 5 64 1.420900e+01 3.260000e+00 -3163 7.837600e+03 0
-1.585200e-01 1.860700e-01 -1.627200e-01 -3.204100e-02 8 64 1.335700e+01 3.260000e+00 -1.093900e+03 2.933300e+03 0
-2.008100e-01 1.915300e-01 -1.630900e-01 -3.204100e-02 9 64 1.271400e+01 3.260000e+00 -1.211500e+03 2.792600e+03 0
-2.480100e-01 1.871800e-01 -1.627900e-01 -3.204100e-02 10 64 1.271600e+01 3.260000e+00 -1.502200e+03 2.846500e+03 0
-2.619200e-01 2.229000e-01 -1.652400e-01 -3.204100e-02 11 64 1.221900e+01 3.260000e+00 -1.054300e+03 2.285600e+03 0
-2.881200e-01 2.322000e-01 -1.658700e-01 -3.204100e-02 12 64 1.168100e+01 3.260000e+00 -1.047500e+03 2.171100e+03 0
-3.077600e-01 2.794700e-01 -1.691000e-01 -3.204100e-02 13 64 1.096200e+01 3.260000e+00 -7.186000e+02 1.778300e+03 0
-1.298700e-01 4.472600e-01 -1.805700e-01 -3.204100e-02 15 64 1.064800e+01 3.260000e+00 1.864800e+02 1.190100e+03 0
3.536000e-01 2.562900e-01 -1.675200e-01 -3.204100e-02 28 64 1.208900e+01 3.260000e+00 1.374300e+03 2.151500e+03 0
6.799100e-01 6.438400e-01 -1.940100e-01 -3.204100e-02 29 64 1.365700e+01 3.260000e+00 1.285400e+03 9.492400e+02 0
6.804600e-01 7.302800e-01 -1.999200e-01 -3.204100e-02 30 64 1.457300e+01 3.260000e+00 1.205300e+03 8.747900e+02 0
6.793700e-01 7.975800e-01 -2.045200e-01 -3.204100e-02 31 64 1.471300e+01 3.260000e+00 1.155200e+03 8.295100e+02 0
6.766400e-01 8.330900e-01 -2.069400e-01 -3.204100e-02 32 64 1.419600e+01 3.260000e+00 1.130500e+03 8.089100e+02 0
6.810000e-01 8.725200e-01 -2.096400e-01 -3.204100e-02 33 64 1.287200e+01 3.260000e+00 1112 7.883800e+02 0
6.752700e-01 9.338900e-01 -2.138300e-01 -3.204100e-02 34 64 1.071600e+01 3.260000e+00 1.076900e+03 7.600700e+02 0
-8.212400e-01 8.894200e-01 -2.107900e-01 -3.204100e-02 36 64 1.064400e+01 3.260000e+00 -5.515300e+01 7.543200e+02 0
-8.545300e-01 8.470100e-01 -2.078900e-01 -3.204100e-02 37 64 1.112800e+01 3.260000e+00 -1.201500e+02 7.723100e+02 0
-8.883600e-01 7.730100e-01 -2.028400e-01 -3.204100e-02 38 64 1.069400e+01 3.260000e+00 -2.310900e+02 8.090900e+02 0
