0 0 -1.500000e-01 0 1 65 1.635000e+01 3.580000e+00 2167 -3.612800e+03 0
-7.093800e-02 1.115700e-01 -1.583800e-01 0 5 65 1.522500e+01 3.580000e+00 -3.168600e+03 7.860300e+03 0
-1.585200e-01 1.860500e-01 -1.639700e-01 0 8 65 1.437700e+01 3.580000e+00 -1095 2.941500e+03 0
-2.008100e-01 1.912300e-01 -1.643600e-01 0 9 65 1.369600e+01 3.580000e+00 -1.216900e+03 2.805900e+03 0
-2.480100e-01 1.864500e-01 -1.640000e-01 0 10 65 1.367400e+01 3.580000e+00 -1.516300e+03 2.868600e+03 0
-2.619200e-01 2.211700e-01 -1.666000e-01 0 11 65 1.315000e+01 3.580000e+00 -1.074300e+03 2.313100e+03 0
-2.881200e-01 2.279900e-01 -1.671200e-01 0 12 65 1.272000e+01 3.580000e+00 -1093 2.223100e+03 0
-3.044900e-01 2.815500e-01 -1.711400e-01 0 13 65 1.198900e+01 3.580000e+00 -6.967200e+02 1.771800e+03 0
-3.050300e-01 3.114200e-01 -1.733800e-01 0 14 65 1.150500e+01 3.580000e+00 -5.302200e+02 1.607100e+03 0
-1.145900e-01 3.862700e-01 -1.790000e-01 0 15 65 1.137100e+01 3.580000e+00 1.183700e+02 1.348500e+03 0
-3.560500e-01 3.747100e-01 -1.781300e-01 0 16 65 1.123500e+01 3.580000e+00 -3.795500e+02 1.357400e+03 0
3.536000e-01 3.161200e-01 -1.737300e-01 0 28 65 1.314000e+01 3.580000e+00 1.197800e+03 1.703400e+03 0
6.799100e-01 6.393500e-01 -1.980000e-01 0 29 65 1.468100e+01 3.580000e+00 1.290600e+03 9.587900e+02 0
6.725500e-01 7.361900e-01 -2.052700e-01 0 30 65 1.560500e+01 3.580000e+00 1.192700e+03 8.751100e+02 0
6.711800e-01 8.044700e-01 -2.104000e-01 0 31 65 1.575000e+01 3.580000e+00 1.143400e+03 830 0
6.766400e-01 8.321800e-01 -2.124800e-01 0 32 65 1.521400e+01 3.580000e+00 1.131300e+03 8.142000e+02 0
6.810000e-01 8.724900e-01 -2.155000e-01 0 33 65 1.374700e+01 3.580000e+00 1.112200e+03 7.931600e+02 0
7.514000e-01 6.061700e-01 -1.955100e-01 0 35 65 1.090800e+01 3.580000e+00 1.422200e+03 9.977600e+02 0
-8.498900e-01 8.704900e-01 -2.153500e-01 0 36 65 1.178500e+01 3.580000e+00 -9.373000e+01 7.663500e+02 0
-8.643500e-01 8.704000e-01 -2.153500e-01 0 37 65 1.224700e+01 3.580000e+00 -1.045000e+02 7.661400e+02 0
-8.883600e-01 8.570500e-01 -2.143400e-01 0 38 65 1.188700e+01 3.580000e+00 -1.356300e+02 7.716100e+02 0
-9.331100e-01 8.401100e-01 -2.130700e-01 0 39 65 1.057400e+01 3.580000e+00 -1.874100e+02 7.785500e+02 0
0 0 -1.500000e-01 3.204100e-02 1 66 1.527100e+01 3.580000e+00 2167 -3.612800e+03 0
-7.093800e-02 1.121300e-01 -1.584200e-01 3.204100e-02 5 66 1.421300e+01 3.580000e+00 -3.114400e+03 7.755700e+03 0
-1.585200e-01 1.860300e-01 -1.639700e-01 3.204100e-02 8 66 1.338100e+01 3.580000e+00 -1.095200e+03 2.941800e+03 0
-2.008100e-01 1.914300e-01 -1.643700e-01 3.204100e-02 9 66 1.273300e+01 3.580000e+00 -1.213700e+03 2.801900e+03 0
-2.480100e-01 1.867700e-01 -1.640200e-01 3.204100e-02 10 66 1.266400e+01 3.580000e+00 -1.510500e+03 2.862100e+03 0
-2.619200e-01 2.216100e-01 -1.666400e-01 3.204100e-02 11 66 1.214000e+01 3.580000e+00 -1.069300e+03 2.307700e+03 0
-2.851200e-01 2.314400e-01 -1.673800e-01 3.204100e-02 12 66 1.175400e+01 3.580000e+00 -1.045600e+03 2.186700e+03 0
-3.044900e-01 2.793200e-01 -1.709700e-01 3.204100e-02 13 66 1.104900e+01 3.580000e+00 -7.110700e+02 1.785900e+03 0
-4.256300e-01 6.551200e-02 -1.549200e-01 3.204100e-02 14 66 1.061200e+01 3.580000e+00 -65347 51996 0
-4.125300e-01 2.466000e-01 -1.685100e-01 3.204100e-02 15 66 1.050100e+01 3.580000e+00 -1.299300e+03 1.999900e+03 0
3.536000e-01 2.605400e-01 -1.695600e-01 3.204100e-02 28 66 1.205600e+01 3.580000e+00 1.358100e+03 2.115800e+03 0
6.799100e-01 6.369900e-01 -1.978200e-01 3.204100e-02 29 66 1.364600e+01 3.580000e+00 1.293200e+03 9.612000e+02 0
6.725500e-01 7.345000e-01 -2.051400e-01 3.204100e-02 30 66 1.456800e+01 3.580000e+00 1194 8.763500e+02 0
6.711800e-01 8.044600e-01 -2.104000e-01 3.204100e-02 31 66 1.470500e+01 3.580000e+00 1.143400e+03 830 0
6.766400e-01 8.338200e-01 -2.126000e-01 3.204100e-02 32 66 1.415700e+01 3.580000e+00 1.130300e+03 8.133000e+02 0
6.722700e-01 8.784400e-01 -2.159500e-01 3.204100e-02 33 66 1.264100e+01 3.580000e+00 1.101800e+03 7.900600e+02 0
2.701100e-02 8.751000e-01 -2.157000e-01 3.204100e-02 34 66 1.025700e+01 3.580000e+00 5.792600e+02 7.796800e+02 0
7.606700e-01 5.586800e-01 -1.919400e-01 3.204100e-02 35 66 1.035000e+01 3.580000e+00 1.510800e+03 1.059200e+03 0
-8.403400e-01 8.795900e-01 -2.160400e-01 3.204100e-02 36 66 1.098300e+01 3.580000e+00 -7.814500e+01 7.625900e+02 0
-8.545300e-01 8.799600e-01 -2.160600e-01 3.204100e-02 37 66 1.138000e+01 3.580000e+00 -8.818600e+01 7.622000e+02 0
-8.883600e-01 8.555700e-01 -2.142300e-01 3.204100e-02 38 66 1.095000e+01 3.580000e+00 -1.371400e+02 7.722800e+02 0
-9.331100e-01 8.254400e-01 -2.119700e-01 3.204100e-02 39 66 9.833200e+00 3.580000e+00 -2.039200e+02 7.855000e+02 0
0 0 -1.500000e-01 6.408200e-02 1 67 1.041400e+01 3.580000e+00 2167 -3.612800e+03 0
6.548100e-01 8.177800e-01 -2.114000e-01 6.408200e-02 31 67 9.918800e+00 3.580000e+00 1.120300e+03 8.218400e+02 0
6.597200e-01 7.772500e-01 -2.083500e-01 6.408200e-02 32 67 9.744800e+00 3.580000e+00 1.150300e+03 8.466000e+02 0
-5.672300e-01 8.002300e+00 -7.507900e-01 -1.121400e+00 232 30 1.033300e+01 3.580000e+00 6.349100e+02 4.449600e+02 1
-5.696900e-01 8.068400e+00 -7.557500e-01 -1.121400e+00 233 30 1.010900e+01 3.580000e+00 6.352100e+02 4.446600e+02 1
5.909700e-01 3.924500e+00 -4.446400e-01 -1.089400e+00 115 31 1.023300e+01 3.580000e+00 7.637600e+02 4.856700e+02 1
6.275300e-01 3.961800e+00 -4.474400e-01 -1.089400e+00 116 31 1.195200e+01 3.580000e+00 7.691300e+02 4.849600e+02 1
6.646300e-01 3.988900e+00 -4.494800e-01 -1.089400e+00 117 31 1.246800e+01 3.580000e+00 7.747000e+02 4.844600e+02 1
6.703600e-01 4.011300e+00 -4.511500e-01 -1.089400e+00 118 31 1.178800e+01 3.580000e+00 7.751700e+02 4.840300e+02 1
7.142900e-01 4.090600e+00 -4.571100e-01 -1.089400e+00 120 31 1.111800e+01 3.580000e+00 7.805900e+02 4.825700e+02 1
7.530300e-01 4.117400e+00 -4.591200e-01 -1.089400e+00 121 31 1.049300e+01 3.580000e+00 7.861800e+02 4.821100e+02 1
-6.248000e-01 7.968500e+00 -7.482500e-01 -1.089400e+00 230 31 1.056100e+01 3.580000e+00 6.300500e+02 4.451000e+02 1
-6.275300e-01 8.006100e+00 -7.510700e-01 -1.089400e+00 231 31 1.198900e+01 3.580000e+00 6.301300e+02 4.449200e+02 1
-6.302600e-01 8.041100e+00 -7.537000e-01 -1.089400e+00 232 31 1.239000e+01 3.580000e+00 6.301900e+02 4.447600e+02 1
-6.329800e-01 8.076100e+00 -7.563300e-01 -1.089400e+00 233 31 1.193500e+01 3.580000e+00 6.302600e+02 4.445900e+02 1
-5.721400e-01 8.112400e+00 -7.590500e-01 -1.089400e+00 234 31 1.061700e+01 3.580000e+00 6.353300e+02 4.444500e+02 1
1.915300e+00 1.204800e+01 -1.054500e+00 -1.089400e+00 352 31 9.881200e+00 3.580000e+00 7.872400e+02 4.329800e+02 1
1.536600e+00 1.219200e+01 -1.065300e+00 -1.089400e+00 353 31 1.086100e+01 3.580000e+00 7.660600e+02 4.325800e+02 1
1.541000e+00 1.223000e+01 -1.068200e+00 -1.089400e+00 354 31 1.093700e+01 3.580000e+00 7.660600e+02 4.325100e+02 1
-1.899000e-01 2.955700e+00 -3.719100e-01 -1.057400e+00 88 32 9.923200e+00 3.580000e+00 6.144500e+02 5.105800e+02 0
-1.680700e-01 3.042600e+00 -3.784300e-01 -1.057400e+00 89 32 1.028000e+01 3.580000e+00 6.214300e+02 5.076200e+02 0
-1.699800e-01 3.075100e+00 -3.808700e-01 -1.057400e+00 90 32 9.998800e+00 3.580000e+00 6.218100e+02 5.065300e+02 0
6.220700e-01 3.926900e+00 -4.448200e-01 -1.057400e+00 115 32 1.170300e+01 3.580000e+00 7.689000e+02 4.856600e+02 1
6.589000e-01 3.958500e+00 -4.471900e-01 -1.057400e+00 116 32 1.362600e+01 3.580000e+00 7.743800e+02 4.850600e+02 1
6.962800e-01 3.985500e+00 -4.492200e-01 -1.057400e+00 117 32 1.438900e+01 3.580000e+00 7.799700e+02 4.845700e+02 1
7.342100e-01 4.009700e+00 -4.510400e-01 -1.057400e+00 118 32 1.397200e+01 3.580000e+00 7.856400e+02 4.841400e+02 1
6.760900e-01 4.057300e+00 -4.546100e-01 -1.057400e+00 119 32 1.225200e+01 3.580000e+00 7.751500e+02 4.831500e+02 1
7.142900e-01 4.083000e+00 -4.565400e-01 -1.057400e+00 120 32 1.289800e+01 3.580000e+00 7.807600e+02 4.827100e+02 1
7.202900e-01 4.106900e+00 -4.583300e-01 -1.057400e+00 121 32 1.218500e+01 3.580000e+00 7.812000e+02 4.822700e+02 1
7.263000e-01 4.135100e+00 -4.604500e-01 -1.057400e+00 122 32 1.057200e+01 3.580000e+00 7.815400e+02 4.817500e+02 1
-5.623200e-01 7.961200e+00 -7.477000e-01 -1.057400e+00 230 32 1.053100e+01 3.580000e+00 635 4.451600e+02 1
-6.275300e-01 8.006700e+00 -7.511200e-01 -1.057400e+00 231 32 1.193800e+01 3.580000e+00 6.301400e+02 4.449200e+02 1
-6.302600e-01 8.042600e+00 -7.538200e-01 -1.057400e+00 232 32 1.231800e+01 3.580000e+00 6.302100e+02 4.447500e+02 1
-6.329800e-01 8.076200e+00 -7.563400e-01 -1.057400e+00 233 32 1.188800e+01 3.580000e+00 6.302600e+02 4.445900e+02 1
-5.721400e-01 8.100300e+00 -7.581400e-01 -1.057400e+00 234 32 1.078500e+01 3.580000e+00 6.352500e+02 4.445100e+02 1
-6.439000e-01 8.202600e+00 -7.658300e-01 -1.057400e+00 237 32 1.012200e+01 3.580000e+00 6.304000e+02 4.440200e+02 1
-1.995500e+00 1.092300e+01 -9.700900e-01 -1.057400e+00 319 32 1.094700e+01 3.580000e+00 5.677300e+02 4.345500e+02 1
-2.088800e+00 1.094300e+01 -9.715600e-01 -1.057400e+00 320 32 1.166300e+01 3.580000e+00 5.625700e+02 4.344800e+02 1
-2.182700e+00 1.096000e+01 -9.728200e-01 -1.057400e+00 321 32 1.155200e+01 3.580000e+00 5.573500e+02 4.344100e+02 1
-2.101900e+00 1.099800e+01 -9.757100e-01 -1.057400e+00 322 32 1.059000e+01 3.580000e+00 5.624700e+02 4.343400e+02 1
1.632700e+00 1.218200e+01 -1.064600e+00 -1.057400e+00 353 32 1.022400e+01 3.580000e+00 7.712100e+02 4.326300e+02 1
1.541000e+00 1.214500e+01 -1.061800e+00 -1.057400e+00 354 32 1.035200e+01 3.580000e+00 7.665700e+02 4.326800e+02 1
-1.440600e-01 3.051000e+00 -3.790600e-01 -1.025300e+00 89 33 1.031100e+01 3.580000e+00 6.267400e+02 5.073700e+02 0
-1.214100e-01 3.095400e+00 -3.824000e-01 -1.025300e+00 90 33 1.003100e+01 3.580000e+00 6.324700e+02 5.059500e+02 0
6.842800e-01 3.921600e+00 -4.444200e-01 -1.025300e+00 115 33 1.143400e+01 3.580000e+00 7.794000e+02 4.858400e+02 1
6.902800e-01 3.954900e+00 -4.469200e-01 -1.025300e+00 116 33 1.345600e+01 3.580000e+00 7.796600e+02 4.851700e+02 1
6.962800e-01 3.987200e+00 -4.493500e-01 -1.025300e+00 117 33 1.430800e+01 3.580000e+00 7.799300e+02 4.845400e+02 1
7.342100e-01 4.012200e+00 -4.512200e-01 -1.025300e+00 118 33 1.408100e+01 3.580000e+00 7.855800e+02 4.840900e+02 1
7.082900e-01 4.045600e+00 -4.537300e-01 -1.025300e+00 119 33 1.298900e+01 3.580000e+00 7.806100e+02 4.834100e+02 1
7.142900e-01 4.075300e+00 -4.559700e-01 -1.025300e+00 120 33 1.280300e+01 3.580000e+00 7.809200e+02 4.828500e+02 1
7.530300e-01 4.087500e+00 -4.568800e-01 -1.025300e+00 121 33 1.201900e+01 3.580000e+00 7.868700e+02 4.826700e+02 1
7.593100e-01 4.107500e+00 -4.583800e-01 -1.025300e+00 122 33 1.059000e+01 3.580000e+00 7.874100e+02 4.823000e+02 1
3.247900e+00 7.997200e+00 -7.504000e-01 -1.025300e+00 249 33 1.080700e+01 3.580000e+00 9.446000e+02 4.465900e+02 1
3.193000e+00 8.065900e+00 -7.555600e-01 -1.025300e+00 250 33 1.134600e+01 3.580000e+00 9.379300e+02 4.462300e+02 1
3.205800e+00 8.101500e+00 -7.582400e-01 -1.025300e+00 251 33 1.157700e+01 3.580000e+00 9.378700e+02 4.460600e+02 1
3.287200e+00 8.108700e+00 -7.587800e-01 -1.025300e+00 252 33 1.128900e+01 3.580000e+00 9.442600e+02 4.460600e+02 1
-2.082300e+00 1.090600e+01 -9.688000e-01 -1.025300e+00 319 33 1.108100e+01 3.580000e+00 5.625000e+02 4.345700e+02 1
-2.262900e+00 1.090800e+01 -9.689100e-01 -1.025300e+00 320 33 1.187400e+01 3.580000e+00 5.520600e+02 4.345200e+02 1
-2.270000e+00 1.093300e+01 -9.707800e-01 -1.025300e+00 321 33 1.173900e+01 3.580000e+00 5.519700e+02 4.344600e+02 1
-2.189500e+00 1.092000e+01 -9.698100e-01 -1.025300e+00 322 33 1.074700e+01 3.580000e+00 5.564600e+02 4.345100e+02 1
7.216600e-01 3.945500e+00 -4.462100e-01 -9.932700e-01 116 34 1.121700e+01 3.580000e+00 7.850800e+02 4.854000e+02 1
7.279300e-01 3.985100e+00 -4.491900e-01 -9.932700e-01 117 34 1.204100e+01 3.580000e+00 7.851800e+02 4.846100e+02 1
7.022900e-01 4.021500e+00 -4.519200e-01 -9.932700e-01 118 34 1.212500e+01 3.580000e+00 7.801600e+02 4.838700e+02 1
7.404800e-01 4.012500e+00 -4.512500e-01 -9.932700e-01 119 34 1.151500e+01 3.580000e+00 7.866000e+02 4.840900e+02 1
7.467600e-01 3.955700e+00 -4.469800e-01 -9.932700e-01 120 34 1.055700e+01 3.580000e+00 789 4.852200e+02 1
3.234800e+00 7.882500e+00 -7.417900e-01 -9.932700e-01 248 34 1.056400e+01 3.580000e+00 9.472300e+02 4.471600e+02 1
3.247900e+00 7.992300e+00 -7.500400e-01 -9.932700e-01 249 34 1.163800e+01 3.580000e+00 9.447500e+02 4.466100e+02 1
3.261000e+00 8.030600e+00 -7.529100e-01 -9.932700e-01 250 34 1.189300e+01 3.580000e+00 9.446100e+02 4.464300e+02 1
3.274100e+00 8.057000e+00 -7.549000e-01 -9.932700e-01 251 34 1.184000e+01 3.580000e+00 9.448400e+02 4.463100e+02 1
3.287200e+00 8.095100e+00 -7.577600e-01 -9.932700e-01 252 34 1.164400e+01 3.580000e+00 9.447000e+02 4.461200e+02 1
3.300300e+00 8.117100e+00 -7.594100e-01 -9.932700e-01 253 34 1.064600e+01 3.580000e+00 9.450700e+02 4.460200e+02 1
-2.350000e+00 1.089000e+01 -9.675700e-01 -9.932700e-01 320 34 1.014000e+01 3.580000e+00 5.467800e+02 4.345400e+02 1
-3.803400e-01 1.291700e+00 -2.469800e-01 -9.612300e-01 42 35 1.045800e+01 3.580000e+00 4.087200e+02 6.489200e+02 1
-3.666900e-01 1.316800e+00 -2.488600e-01 -9.612300e-01 43 35 1.036900e+01 3.580000e+00 4.212300e+02 6.442200e+02 1
-3.519600e-01 1.349700e+00 -2.513300e-01 -9.612300e-01 44 35 1.001500e+01 3.580000e+00 4.353900e+02 6.382800e+02 1
3.518500e+00 7.878300e+00 -7.414800e-01 -9.612300e-01 249 35 1.051300e+01 3.580000e+00 9.711800e+02 4.473100e+02 0
3.600600e+00 7.849800e+00 -7.393400e-01 -9.612300e-01 250 35 1.048500e+01 3.580000e+00 9.791300e+02 4.474900e+02 0
-3.724200e-01 1.221100e+00 -2.416800e-01 -9.291900e-01 40 36 1.047500e+01 3.580000e+00 3.956300e+02 6.636800e+02 1
-2.796600e-01 1.252200e+00 -2.440100e-01 -9.291900e-01 42 36 1.086300e+01 3.580000e+00 4.523800e+02 6.578000e+02 1
-3.208600e-01 1.289600e+00 -2.468200e-01 -9.291900e-01 43 36 1.156300e+01 3.580000e+00 4.386500e+02 6.498200e+02 1
-3.754300e-01 1.343200e+00 -2.508400e-01 -9.291900e-01 44 36 1.188700e+01 3.580000e+00 4.225900e+02 6.392600e+02 1
-4.201700e-01 1.381300e+00 -2.537000e-01 -9.291900e-01 45 36 1.166000e+01 3.580000e+00 4.091700e+02 6.322600e+02 1
-4.420000e-01 1.414600e+00 -2.562000e-01 -9.291900e-01 46 36 1.055300e+01 3.580000e+00 4.060800e+02 6.265900e+02 1
-3.836100e-01 1.191300e+00 -2.394400e-01 -8.971500e-01 39 37 1.135000e+01 3.580000e+00 3.815500e+02 6.703400e+02 1
-4.043500e-01 1.216200e+00 -2.413100e-01 -8.971500e-01 40 37 1.256700e+01 3.580000e+00 3.770600e+02 6.644700e+02 0
-4.365400e-01 1.233000e+00 -2.425700e-01 -8.971500e-01 41 37 1.278100e+01 3.580000e+00 3.644400e+02 6.605000e+02 0
-4.810100e-01 1.236700e+00 -2.428400e-01 -8.971500e-01 42 37 1.187800e+01 3.580000e+00 3.418700e+02 6.593200e+02 0
-5.958800e-01 1.339800e+00 -2.505900e-01 -8.971500e-01 43 37 1.095200e+01 3.580000e+00 3.143300e+02 6.381900e+02 0
-4.106200e-01 1.374400e+00 -2.531800e-01 -8.971500e-01 44 37 1.184500e+01 3.580000e+00 4.122300e+02 6.335100e+02 1
-4.321800e-01 1.400200e+00 -2.551200e-01 -8.971500e-01 45 37 1.170200e+01 3.580000e+00 4.075700e+02 6.290100e+02 1
-4.665500e-01 1.424800e+00 -2.569700e-01 -8.971500e-01 46 37 1.061500e+01 3.580000e+00 3.969600e+02 6.247900e+02 1
1.596100e+00 2.108700e+00 -3.083100e-01 -8.971500e-01 79 37 1.050300e+01 3.580000e+00 1.151700e+03 5.595300e+02 0
1.508800e+00 2.202500e+00 -3.153600e-01 -8.971500e-01 80 37 1.089100e+01 3.580000e+00 1.103700e+03 5.523700e+02 0
1.527900e+00 2.221200e+00 -3.167600e-01 -8.971500e-01 81 37 1.031100e+01 3.580000e+00 1.105900e+03 5.511400e+02 0
-3.939800e-01 1.172900e+00 -2.380600e-01 -8.651100e-01 39 38 1.129500e+01 3.580000e+00 3.705700e+02 6.745600e+02 0
-4.256300e-01 1.205500e+00 -2.405000e-01 -8.651100e-01 40 38 1.243800e+01 3.580000e+00 3.624700e+02 6.666800e+02 0
-4.474500e-01 1.232300e+00 -2.425200e-01 -8.651100e-01 41 38 1.270400e+01 3.580000e+00 3.584200e+02 6.605600e+02 0
-4.698300e-01 1.253200e+00 -2.440900e-01 -8.651100e-01 42 38 1.218700e+01 3.580000e+00 3.525900e+02 6.559400e+02 0
-5.385800e-01 1.274800e+00 -2.457100e-01 -8.651100e-01 43 38 1.091700e+01 3.580000e+00 3.233800e+02 6.509600e+02 0
1.530300e+00 2.192900e+00 -3.146300e-01 -8.651100e-01 80 38 1.060400e+01 3.580000e+00 1.112300e+03 5.531100e+02 0
1.549700e+00 2.224500e+00 -3.170100e-01 -8.651100e-01 81 38 1.013500e+01 3.580000e+00 1112 5.509800e+02 0
-4.256300e-01 1.196900e+00 -2.398600e-01 -8.330700e-01 40 39 1.047500e+01 3.580000e+00 3.599800e+02 6.686300e+02 0
-4.802000e-01 1.226500e+00 -2.420800e-01 -8.330700e-01 41 39 1.053400e+01 3.580000e+00 3.392400e+02 6.615200e+02 0
-5.145700e-01 1.251800e+00 -2.439800e-01 -8.330700e-01 42 39 1.015100e+01 3.580000e+00 3.287700e+02 6.558500e+02 0
-4.012400e+00 4.419800e+00 -4.818300e-01 -8.010300e-01 172 40 1.141000e+01 3.580000e+00 9.981000e+01 4.722700e+02 1
-4.035800e+00 4.447800e+00 -4.839300e-01 -8.010300e-01 173 40 1.210100e+01 3.580000e+00 1.002900e+02 4.718500e+02 1
-4.153700e+00 4.387200e+00 -4.793800e-01 -8.010300e-01 174 40 1.173500e+01 3.580000e+00 7.589500e+01 4.726100e+02 1
-4.605000e+00 3.906800e+00 -4.433100e-01 -8.010300e-01 175 40 1.034000e+01 3.580000e+00 -6.827200e+01 4.799600e+02 0
-2.830700e+00 3.316800e+00 -3.990200e-01 -7.689800e-01 126 41 1.031600e+01 3.580000e+00 1.216700e+02 4.951100e+02 1
-3.083900e+00 3.187600e+00 -3.893200e-01 -7.689800e-01 128 41 1.149300e+01 3.580000e+00 5.011200e+01 4.982300e+02 1
-3.108200e+00 3.212700e+00 -3.912000e-01 -7.689800e-01 129 41 1.164800e+01 3.580000e+00 5.049200e+01 4.974900e+02 1
-3.202800e+00 3.167400e+00 -3.878000e-01 -7.689800e-01 130 41 1.116300e+01 3.580000e+00 2.318700e+01 4.986200e+02 0
-3.988900e+00 4.309900e+00 -4.735700e-01 -7.689800e-01 171 41 1.085000e+01 3.580000e+00 8.817100e+01 4.739200e+02 1
-4.012400e+00 4.402200e+00 -4.805000e-01 -7.689800e-01 172 41 1.272200e+01 3.580000e+00 9.745900e+01 4.725300e+02 1
-4.082800e+00 4.401800e+00 -4.804700e-01 -7.689800e-01 173 41 1.345700e+01 3.580000e+00 8.769400e+01 4.724700e+02 1
-4.106500e+00 4.431400e+00 -4.827000e-01 -7.689800e-01 174 41 1.317700e+01 3.580000e+00 8.843400e+01 4.720200e+02 1
-4.272600e+00 4.317000e+00 -4.741000e-01 -7.689800e-01 175 41 1.174000e+01 3.580000e+00 4.929300e+01 4.735400e+02 0
-2.830700e+00 3.297000e+00 -3.975300e-01 -7.369400e-01 126 42 1.017300e+01 3.580000e+00 1.182500e+02 4.956300e+02 1
-3.059600e+00 3.162200e+00 -3.874100e-01 -7.369400e-01 127 42 1.127000e+01 3.580000e+00 4.965700e+01 4.989900e+02 1
-3.083900e+00 3.186500e+00 -3.892400e-01 -7.369400e-01 128 42 1.235900e+01 3.580000e+00 4.989800e+01 4.982600e+02 1
-3.143100e+00 3.177400e+00 -3.885500e-01 -7.369400e-01 129 42 1.252500e+01 3.580000e+00 3.672700e+01 4.984300e+02 1
-3.202800e+00 3.167600e+00 -3.878100e-01 -7.369400e-01 130 42 1.210300e+01 3.580000e+00 2.323300e+01 4.986100e+02 0
-3.334100e+00 3.074600e+00 -3.808300e-01 -7.369400e-01 131 42 1.097200e+01 3.580000e+00 -2.269900e+01 5.011100e+02 0
-4.081700e+00 4.214100e+00 -4.663800e-01 -7.369400e-01 171 42 1.054000e+01 3.580000e+00 6.123500e+01 4.753100e+02 1
-4.059000e+00 4.364800e+00 -4.776900e-01 -7.369400e-01 172 42 1.211700e+01 3.580000e+00 8.592500e+01 4.730300e+02 1
-4.082800e+00 4.404800e+00 -4.807000e-01 -7.369400e-01 173 42 1.288500e+01 3.580000e+00 8.810400e+01 4.724200e+02 1
-4.153700e+00 4.386800e+00 -4.793500e-01 -7.369400e-01 174 42 1.270800e+01 3.580000e+00 7.582900e+01 4.726200e+02 1
-4.272600e+00 4.310400e+00 -4.736100e-01 -7.369400e-01 175 42 1.154200e+01 3.580000e+00 4.832600e+01 4.736400e+02 0
-3.059600e+00 3.141800e+00 -3.858800e-01 -7.049000e-01 127 43 1.027000e+01 3.580000e+00 4.552100e+01 4.995800e+02 1
-3.118500e+00 3.152900e+00 -3.867100e-01 -7.049000e-01 128 43 1.130800e+01 3.580000e+00 3.639400e+01 4.991600e+02 1
-3.143100e+00 3.172300e+00 -3.881700e-01 -7.049000e-01 129 43 1.150900e+01 3.580000e+00 3.566800e+01 4.985700e+02 1
-3.202800e+00 3.160300e+00 -3.872600e-01 -7.049000e-01 130 43 1.107700e+01 3.580000e+00 2.170200e+01 4.988200e+02 0
0 0 -1.500000e-01 -6.408200e-02 1 63 1.028600e+01 3.580000e+00 2167 -3.612800e+03 0
6.512600e-01 8.596400e-01 -2.145400e-01 -6.408200e-02 32 63 9.673100e+00 3.580000e+00 1.093900e+03 7.990600e+02 0
6.460800e-01 8.859100e-01 -2.165100e-01 -6.408200e-02 33 63 9.608500e+00 3.580000e+00 1.076400e+03 7.859500e+02 0
0 0 -1.500000e-01 -3.204100e-02 1 64 1.537200e+01 3.580000e+00 2167 -3.612800e+03 0
-7.093800e-02 1.107400e-01 -1.583100e-01 -3.204100e-02 5 64 1.420400e+01 3.580000e+00 -3.250500e+03 8.018300e+03 0
-1.585200e-01 1.860800e-01 -1.639700e-01 -3.204100e-02 8 64 1.336500e+01 3.580000e+00 -1.094500e+03 2.940700e+03 0
-1.986300e-01 1.937600e-01 -1.645500e-01 -3.204100e-02 9 64 1.265400e+01 3.580000e+00 -1.168700e+03 2.759200e+03 0
-2.480100e-01 1.865800e-01 -1.640100e-01 -3.204100e-02 10 64 1.264900e+01 3.580000e+00 -1514 2866 0
-2.619200e-01 2.213100e-01 -1.666200e-01 -3.204100e-02 11 64 1.190400e+01 3.580000e+00 -1.072700e+03 2.311300e+03 0
-2.851200e-01 2.337900e-01 -1.675500e-01 -3.204100e-02 12 64 1.164700e+01 3.580000e+00 -1.021500e+03 2162 0
-3.012100e-01 2.870300e-01 -1.715500e-01 -3.204100e-02 13 64 1.092500e+01 3.580000e+00 -6.538800e+02 1739 0
-1.107700e-01 2.324300e-01 -1.674500e-01 -3.204100e-02 15 64 1.027900e+01 3.580000e+00 -4.134100e+02 2.242200e+03 0
3.536000e-01 3.059000e-01 -1.729700e-01 -3.204100e-02 28 64 1.212800e+01 3.580000e+00 1.221200e+03 1.763700e+03 0
6.799100e-01 6.430600e-01 -1.982800e-01 -3.204100e-02 29 64 1.368300e+01 3.580000e+00 1.286500e+03 9.550500e+02 0
6.725500e-01 7.381000e-01 -2.054100e-01 -3.204100e-02 30 64 1.460500e+01 3.580000e+00 1.191200e+03 8.737200e+02 0
6.793700e-01 7.974800e-01 -2.098700e-01 -3.204100e-02 31 64 1.476400e+01 3.580000e+00 1.155400e+03 8.344000e+02 0
6.766400e-01 8.309200e-01 -2.123800e-01 -3.204100e-02 32 64 1.425700e+01 3.580000e+00 1132 8.149000e+02 0
6.810000e-01 8.710100e-01 -2.153900e-01 -3.204100e-02 33 64 1.288000e+01 3.580000e+00 1113 7.939000e+02 0
6.392600e-01 9.554000e-01 -2.217300e-01 -3.204100e-02 34 64 1.044200e+01 3.580000e+00 1.040300e+03 7.552700e+02 0
7.606700e-01 6.719100e-01 -2.004500e-01 -3.204100e-02 35 64 9.914000e+00 3.580000e+00 1.349300e+03 9.303300e+02 0
-8.785400e-01 8.430800e-01 -2.133000e-01 -3.204100e-02 36 64 1.051800e+01 3.580000e+00 -1.426600e+02 7.781600e+02 0
-8.741700e-01 8.636700e-01 -2.148400e-01 -3.204100e-02 37 64 1.096200e+01 3.580000e+00 -1.183800e+02 7.689200e+02 0
-8.984600e-01 8.573900e-01 -2.143700e-01 -3.204100e-02 38 64 1.060400e+01 3.580000e+00 -1.428400e+02 7.712900e+02 0
