0 0 -1.500000e-01 0 1 65 1.633600e+01 3.770000e+00 2167 -3.612800e+03 0
-7.093800e-02 1.120600e-01 -1.588600e-01 0 5 65 1.523500e+01 3.770000e+00 -3.123400e+03 7780 0
-1.585200e-01 1.860300e-01 -1.647100e-01 0 8 65 1.439100e+01 3.770000e+00 -1.095800e+03 2.946500e+03 0
-2.008100e-01 1.914300e-01 -1.651400e-01 0 9 65 1.370800e+01 3.770000e+00 -1.214300e+03 2.806400e+03 0
-2.480100e-01 1.860600e-01 -1.647100e-01 0 10 65 1.368000e+01 3.770000e+00 -1524 2881 0
-2.619200e-01 2.214100e-01 -1.675100e-01 0 11 65 1.314300e+01 3.770000e+00 -1.071900e+03 2314 0
-2.881200e-01 2.292100e-01 -1.681200e-01 0 12 65 1.269100e+01 3.770000e+00 -1.080100e+03 2.213500e+03 0
-3.044900e-01 2.819300e-01 -1.722900e-01 0 13 65 1.195100e+01 3.770000e+00 -6.945300e+02 1.772900e+03 0
-3.121300e-01 3.066100e-01 -1.742400e-01 0 14 65 1.155000e+01 3.770000e+00 -5.720700e+02 1633 0
-1.260500e-01 3.381000e-01 -1.767300e-01 0 15 65 1.143700e+01 3.770000e+00 -1.146200e+01 1.519400e+03 0
-3.642400e-01 3.705900e-01 -1.793000e-01 0 16 65 1.128300e+01 3.770000e+00 -4.099600e+02 1.372300e+03 0
3.536000e-01 2.909100e-01 -1.730000e-01 0 28 65 1.316000e+01 3.770000e+00 1.259900e+03 1.866600e+03 0
6.722700e-01 6.447600e-01 -2.009800e-01 0 29 65 1.472100e+01 3.770000e+00 1.275700e+03 9.560600e+02 0
6.725500e-01 7.353600e-01 -2.081500e-01 0 30 65 1.564400e+01 3.770000e+00 1.193500e+03 8.786300e+02 0
6.793700e-01 7.975800e-01 -2.130700e-01 0 31 65 1.578900e+01 3.770000e+00 1.155500e+03 8.372100e+02 0
6.766400e-01 8.325100e-01 -2.158300e-01 0 32 65 1.522000e+01 3.770000e+00 1.131200e+03 8.168700e+02 0
6.810000e-01 8.722400e-01 -2.189700e-01 0 33 65 1.360900e+01 3.770000e+00 1.112500e+03 7.961200e+02 0
-9.904000e-01 1.790500e-01 -1.641600e-01 0 34 65 1.083100e+01 3.770000e+00 -4.655600e+03 2550 0
7.514000e-01 7.488600e-01 -2.092100e-01 0 35 65 1.087200e+01 3.770000e+00 1.262400e+03 8.710600e+02 0
-8.594400e-01 8.590700e-01 -2.179300e-01 0 36 65 1.179700e+01 3.770000e+00 -1.120500e+02 7.738700e+02 0
-8.643500e-01 8.716600e-01 -2.189200e-01 0 37 65 1.224600e+01 3.770000e+00 -1.034000e+02 7.682400e+02 0
-8.984600e-01 8.388500e-01 -2.163300e-01 0 38 65 1.186300e+01 3.770000e+00 -1.624700e+02 7.824200e+02 0
-9.538400e-01 7.727300e-01 -2.111000e-01 0 39 65 1.050900e+01 3.770000e+00 -2.860500e+02 815 0
0 0 -1.500000e-01 3.204100e-02 1 66 1.526000e+01 3.770000e+00 2167 -3.612800e+03 0
-7.093800e-02 1.127600e-01 -1.589200e-01 3.204100e-02 5 66 1.421500e+01 3.770000e+00 -3.058500e+03 7.654600e+03 0
-1.585200e-01 1.858900e-01 -1.647000e-01 3.204100e-02 8 66 1.337100e+01 3.770000e+00 -1.097800e+03 2.949400e+03 0
-2.008100e-01 1.921300e-01 -1.651900e-01 3.204100e-02 9 66 1.269200e+01 3.770000e+00 -1.203600e+03 2793 0
-2.504700e-01 1.833400e-01 -1.645000e-01 3.204100e-02 10 66 1.270200e+01 3.770000e+00 -1.586900e+03 2.936300e+03 0
-2.619200e-01 2.230100e-01 -1.676300e-01 3.204100e-02 11 66 1.209800e+01 3.770000e+00 -1054 2.294800e+03 0
-2.881200e-01 2.307200e-01 -1.682400e-01 3.204100e-02 12 66 1.162100e+01 3.770000e+00 -1064 2.197100e+03 0
-3.110400e-01 2.765000e-01 -1.718600e-01 3.204100e-02 13 66 1.084700e+01 3.770000e+00 -7.481100e+02 1.806200e+03 0
-3.156700e-01 3.092900e-01 -1.744600e-01 3.204100e-02 14 66 1.059700e+01 3.770000e+00 -5.668200e+02 1619 0
-1.298700e-01 2.996500e-01 -1.736900e-01 3.204100e-02 15 66 1.061600e+01 3.770000e+00 -1.396100e+02 1.704200e+03 0
3.609700e-01 2.224800e-01 -1.675900e-01 3.204100e-02 28 66 1.213500e+01 3.770000e+00 1.579300e+03 2.600400e+03 0
6.722700e-01 6.437800e-01 -2.009100e-01 3.204100e-02 29 66 1.372600e+01 3.770000e+00 1.276700e+03 9.570300e+02 0
6.725500e-01 7.346200e-01 -2.080900e-01 3.204100e-02 30 66 1.464000e+01 3.770000e+00 1.194100e+03 8.791800e+02 0
6.711800e-01 8.044600e-01 -2.136100e-01 3.204100e-02 31 66 1.479100e+01 3.770000e+00 1.143500e+03 8.328600e+02 0
6.766400e-01 8.348700e-01 -2.160200e-01 3.204100e-02 32 66 1.423700e+01 3.770000e+00 1.129800e+03 8.155700e+02 0
6.810000e-01 8.745500e-01 -2.191500e-01 3.204100e-02 33 66 1.266500e+01 3.770000e+00 1.111200e+03 7.949700e+02 0
7.421200e-01 8.269000e-01 -2.153900e-01 3.204100e-02 35 66 9.955300e+00 3.770000e+00 1.193100e+03 8.214200e+02 0
-8.594400e-01 8.641100e-01 -2.183300e-01 3.204100e-02 36 66 1.082900e+01 3.770000e+00 -1.070900e+02 7.716300e+02 0
-8.643500e-01 8.678200e-01 -2.186200e-01 3.204100e-02 37 66 1.128200e+01 3.770000e+00 -1.071100e+02 7.699100e+02 0
-8.883600e-01 8.365400e-01 -2.161500e-01 3.204100e-02 38 66 1.088100e+01 3.770000e+00 -1.572300e+02 7.836900e+02 0
0 0 -1.500000e-01 9.612300e-02 1 68 1.054100e+01 3.770000e+00 2167 -3.612800e+03 0
0 8.770800e+00 -8.435300e-01 -1.089400e+00 253 31 1.018800e+01 3.770000e+00 6.815500e+02 4.443600e+02 1
9.934000e-01 1.151300e+01 -1.060400e+00 -1.089400e+00 332 31 1.167500e+01 3.770000e+00 7.399600e+02 4.364100e+02 1
9.058200e-01 1.155500e+01 -1.063700e+00 -1.089400e+00 333 31 1.242900e+01 3.770000e+00 7.349100e+02 4.362900e+02 1
9.085500e-01 1.159200e+01 -1.066600e+00 -1.089400e+00 334 31 1.229100e+01 3.770000e+00 7.349400e+02 4.362000e+02 1
8.201500e-01 1.163300e+01 -1.069900e+00 -1.089400e+00 335 31 1.176100e+01 3.770000e+00 7.299000e+02 4.360900e+02 1
7.312100e-01 1.165500e+01 -1.071600e+00 -1.089400e+00 336 31 1.137000e+01 3.770000e+00 7.249200e+02 4.360200e+02 1
5.500400e-01 1.162700e+01 -1.069400e+00 -1.089400e+00 337 31 1.053700e+01 3.770000e+00 7.149900e+02 4.360300e+02 1
2.062700e-01 8.798300e+00 -8.457000e-01 -1.057400e+00 253 32 1.054300e+01 3.770000e+00 6.966400e+02 4.443300e+02 1
9.934000e-01 1.151700e+01 -1.060700e+00 -1.057400e+00 332 32 1.195900e+01 3.770000e+00 7.399500e+02 4.364000e+02 1
9.058200e-01 1.155700e+01 -1.063800e+00 -1.057400e+00 333 32 1.274200e+01 3.770000e+00 7.349100e+02 4.362800e+02 1
8.177000e-01 1.159800e+01 -1.067100e+00 -1.057400e+00 334 32 1.270500e+01 3.770000e+00 7.298700e+02 4.361700e+02 1
9.112800e-01 1.162600e+01 -1.069300e+00 -1.057400e+00 335 32 1.222900e+01 3.770000e+00 7.349700e+02 4.361300e+02 1
8.226100e-01 1.166200e+01 -1.072100e+00 -1.057400e+00 336 32 1.157800e+01 3.770000e+00 7.299500e+02 4.360300e+02 1
6.417200e-01 1.169300e+01 -1.074600e+00 -1.057400e+00 337 32 1.052000e+01 3.770000e+00 7.199000e+02 4.359100e+02 1
-2.664300e+00 1.064600e+01 -9.918100e-01 -1.025300e+00 316 33 1.029100e+01 3.770000e+00 5.248000e+02 4.375200e+02 1
-2.672700e+00 1.069000e+01 -9.953100e-01 -1.025300e+00 317 33 1.146500e+01 3.770000e+00 5.250100e+02 4.374000e+02 1
-2.767700e+00 1.070100e+01 -9.961900e-01 -1.025300e+00 318 33 1.121300e+01 3.770000e+00 5.195900e+02 4.373500e+02 1
-2.342600e+00 1.085200e+01 -1.008100e+00 -1.025300e+00 319 33 9.809200e+00 3.770000e+00 5.467100e+02 4.370900e+02 1
-2.611100e+00 1.082600e+01 -1.006000e+00 -1.025300e+00 320 33 1.143100e+01 3.770000e+00 5.307000e+02 4.370800e+02 1
-2.706600e+00 1.081200e+01 -1.005000e+00 -1.025300e+00 321 33 1.069600e+01 3.770000e+00 5.249400e+02 4.370900e+02 1
1.083700e+00 1.150200e+01 -1.059500e+00 -1.025300e+00 332 33 1.040300e+01 3.770000e+00 7.450600e+02 4.364600e+02 1
9.964100e-01 1.154200e+01 -1.062700e+00 -1.025300e+00 333 33 1.107900e+01 3.770000e+00 7.400100e+02 4.363400e+02 1
9.085500e-01 1.158900e+01 -1.066300e+00 -1.025300e+00 334 33 1.101900e+01 3.770000e+00 7.349500e+02 4.362100e+02 1
9.112800e-01 1.162700e+01 -1.069400e+00 -1.025300e+00 335 33 1.050800e+01 3.770000e+00 7.349600e+02 4.361300e+02 1
-7.775900e-02 6.351700e-01 -2.002200e-01 -9.932700e-01 20 34 9.097100e+00 3.770000e+00 4.128400e+02 9.381900e+02 0
-2.758900e+00 1.066900e+01 -9.936300e-01 -9.932700e-01 317 34 1.113900e+01 3.770000e+00 5.195800e+02 4.374300e+02 1
-2.767700e+00 1.071300e+01 -9.971200e-01 -9.932700e-01 318 34 1.104900e+01 3.770000e+00 5.197900e+02 4.373200e+02 1
-2.602900e+00 1.077900e+01 -1.002400e+00 -9.932700e-01 319 34 1.024900e+01 3.770000e+00 5.304900e+02 4.372000e+02 1
-2.524000e+00 1.084400e+01 -1.007500e+00 -9.932700e-01 320 34 1.097500e+01 3.770000e+00 5.360500e+02 4.370600e+02 1
0 0 -1.500000e-01 -3.204100e-02 1 64 1.538100e+01 3.770000e+00 2167 -3.612800e+03 0
-7.093800e-02 1.113700e-01 -1.588100e-01 -3.204100e-02 5 64 1.422000e+01 3.770000e+00 -3.189500e+03 7.907600e+03 0
-1.585200e-01 1.860800e-01 -1.647100e-01 -3.204100e-02 8 64 1.336800e+01 3.770000e+00 -1095 2.945400e+03 0
-2.008100e-01 1.909000e-01 -1.650900e-01 -3.204100e-02 9 64 1.267200e+01 3.770000e+00 -1.222500e+03 2.816700e+03 0
-2.480100e-01 1.843000e-01 -1.645700e-01 -3.204100e-02 10 64 1.265900e+01 3.770000e+00 -1.556800e+03 2.917600e+03 0
-2.619200e-01 2.197800e-01 -1.673800e-01 -3.204100e-02 11 64 1.219500e+01 3.770000e+00 -1.090500e+03 2.334100e+03 0
-2.851200e-01 2.326900e-01 -1.684000e-01 -3.204100e-02 12 64 1.168600e+01 3.770000e+00 -1.033100e+03 2.177300e+03 0
-2.979400e-01 2.886400e-01 -1.728200e-01 -3.204100e-02 13 64 1.098400e+01 3.770000e+00 -6.358300e+02 1.733500e+03 0
-3.085800e-01 3.014700e-01 -1.738400e-01 -3.204100e-02 14 64 1.052500e+01 3.770000e+00 -5.905600e+02 1660 0
3.609700e-01 2.270500e-01 -1.679500e-01 -3.204100e-02 28 64 1.207100e+01 3.770000e+00 1.550600e+03 2.529300e+03 0
6.799100e-01 6.401300e-01 -2.006200e-01 -3.204100e-02 29 64 1.368700e+01 3.770000e+00 1.289900e+03 961 0
6.725500e-01 7.369000e-01 -2.082700e-01 -3.204100e-02 30 64 1.463300e+01 3.770000e+00 1.192300e+03 8.775000e+02 0
6.793700e-01 7.975000e-01 -2.130600e-01 -3.204100e-02 31 64 1.478100e+01 3.770000e+00 1.155600e+03 8.372500e+02 0
6.851000e-01 8.235800e-01 -2.151200e-01 -3.204100e-02 32 64 1.420400e+01 3.770000e+00 1.144100e+03 8.220500e+02 0
6.897400e-01 8.633700e-01 -2.182700e-01 -3.204100e-02 33 64 1.257500e+01 3.770000e+00 1.124700e+03 8.007500e+02 0
-8.594400e-01 8.632200e-01 -2.182600e-01 -3.204100e-02 36 64 1.074400e+01 3.770000e+00 -1.079600e+02 7.720200e+02 0
-8.741700e-01 8.760500e-01 -2.192700e-01 -3.204100e-02 37 64 1.118300e+01 3.770000e+00 -1.063900e+02 7.661900e+02 0
-9.085500e-01 8.460300e-01 -2.169000e-01 -3.204100e-02 38 64 1.087100e+01 3.770000e+00 -1.624500e+02 7.789000e+02 0
