0 0 -1.500000e-01 0 1 65 1.625100e+01 2.540000e+00 2167 -3.612800e+03 0
-7.093800e-02 1.120600e-01 -1.559700e-01 0 5 65 1.521700e+01 2.540000e+00 -3.111700e+03 7.712400e+03 0
-1.585200e-01 1.860300e-01 -1.599000e-01 0 8 65 1.439400e+01 2.540000e+00 -1093 2917 0
-2.008100e-01 1.915200e-01 -1.602000e-01 0 9 65 1.370900e+01 2.540000e+00 -1210 2.776200e+03 0
-2.480100e-01 1.862800e-01 -1.599200e-01 0 10 65 1.366300e+01 2.540000e+00 -1.516500e+03 2.847800e+03 0
-2.619200e-01 2.215100e-01 -1.617900e-01 0 11 65 1.315000e+01 2.540000e+00 -1.068400e+03 2.287500e+03 0
-2.881200e-01 2.292500e-01 -1.622000e-01 0 12 65 1.272000e+01 2.540000e+00 -1.077300e+03 2.188300e+03 0
-3.077600e-01 2.779800e-01 -1.648000e-01 0 13 65 1.199400e+01 2.540000e+00 -7.274400e+02 1.774800e+03 0
-3.014900e-01 3.107900e-01 -1.665400e-01 0 14 65 1.144500e+01 2.540000e+00 -5.236400e+02 1.592600e+03 0
-1.298700e-01 3.463600e-01 -1.684400e-01 0 15 65 1.130500e+01 2.540000e+00 1.808300e+00 1.464400e+03 0
-3.642400e-01 3.719900e-01 -1.698000e-01 0 16 65 1.121700e+01 2.540000e+00 -4.037900e+02 1.347700e+03 0
3.536000e-01 2.869900e-01 -1.652800e-01 0 28 65 1.315500e+01 2.540000e+00 1.269700e+03 1.870100e+03 0
6.799100e-01 6.437300e-01 -1.842700e-01 0 29 65 1.470900e+01 2.540000e+00 1.284900e+03 9.380300e+02 0
6.725500e-01 7.384600e-01 -1.893100e-01 0 30 65 1.563300e+01 2.540000e+00 1.190200e+03 8.575800e+02 0
6.793700e-01 7.975100e-01 -1.924500e-01 0 31 65 1.578900e+01 2.540000e+00 1.154700e+03 8.187000e+02 0
6.766400e-01 8.310400e-01 -1.942400e-01 0 32 65 1.525500e+01 2.540000e+00 1.131300e+03 7.992700e+02 0
6.810000e-01 8.681900e-01 -1.962200e-01 0 33 65 1.378200e+01 2.540000e+00 1.113900e+03 7.798500e+02 0
6.572700e-01 9.406800e-01 -2.000700e-01 0 34 65 1.113900e+01 2.540000e+00 1.059600e+03 7.463500e+02 0
7.050100e-01 8.697300e-01 -1.963000e-01 0 35 65 1.109600e+01 2.540000e+00 1.133200e+03 7.795300e+02 0
-8.021400e-01 9.111900e-01 -1.985000e-01 0 36 65 1.175300e+01 2.540000e+00 -2.242700e+01 7.357900e+02 0
-8.348900e-01 8.929900e-01 -1.975400e-01 0 37 65 1.217000e+01 2.540000e+00 -6.146600e+01 7.426200e+02 0
-8.681700e-01 8.499500e-01 -1.952400e-01 0 38 65 1.177600e+01 2.540000e+00 -1.270900e+02 7.607000e+02 0
-9.020000e-01 7.912200e-01 -1.921200e-01 0 39 65 1.035200e+01 2.540000e+00 -2.191200e+02 7.888600e+02 0
0 0 -1.500000e-01 3.204100e-02 1 66 1.532000e+01 2.540000e+00 2167 -3.612800e+03 0
-7.093800e-02 1.119100e-01 -1.559600e-01 3.204100e-02 5 66 1.421200e+01 2.540000e+00 -3.126200e+03 7.740200e+03 0
-1.585200e-01 1.859700e-01 -1.599000e-01 3.204100e-02 8 66 1.336500e+01 2.540000e+00 -1094 2.918300e+03 0
-2.008100e-01 1.919200e-01 -1.602200e-01 3.204100e-02 9 66 1.264800e+01 2.540000e+00 -1204 2.768700e+03 0
-2.480100e-01 1.868500e-01 -1.599500e-01 3.204100e-02 10 66 1.258900e+01 2.540000e+00 -1.506200e+03 2.836400e+03 0
-2.619200e-01 2.220200e-01 -1.618200e-01 3.204100e-02 11 66 1.212100e+01 2.540000e+00 -1.062700e+03 2.281300e+03 0
-2.911200e-01 2.242200e-01 -1.619400e-01 3.204100e-02 12 66 1.168500e+01 2.540000e+00 -1.143700e+03 2.243500e+03 0
-3.110400e-01 2.725000e-01 -1.645100e-01 3.204100e-02 13 66 1.100400e+01 2.540000e+00 -7.739200e+02 1.810200e+03 0
-2.979400e-01 3.168100e-01 -1.668600e-01 3.204100e-02 14 66 1.042100e+01 2.540000e+00 -4.862800e+02 1.564600e+03 0
3.536000e-01 3.156800e-01 -1.668000e-01 3.204100e-02 28 66 1.218300e+01 2.540000e+00 1.197800e+03 1.685900e+03 0
6.799100e-01 6.427900e-01 -1.842200e-01 3.204100e-02 29 66 1.375700e+01 2.540000e+00 1.285900e+03 9.389700e+02 0
6.725500e-01 7.367000e-01 -1.892200e-01 3.204100e-02 30 66 1.466700e+01 2.540000e+00 1.191500e+03 8.588500e+02 0
6.793700e-01 7.975700e-01 -1.924600e-01 3.204100e-02 31 66 1.482000e+01 2.540000e+00 1.154700e+03 8.186600e+02 0
6.766400e-01 8.315600e-01 -1.942700e-01 3.204100e-02 32 66 1.428700e+01 2.540000e+00 1.130900e+03 7.989800e+02 0
6.810000e-01 8.671400e-01 -1.961600e-01 3.204100e-02 33 66 1.282500e+01 2.540000e+00 1.114400e+03 7.803700e+02 0
-9.633900e-01 4.084300e-01 -1.717400e-01 3.204100e-02 34 66 9.924400e+00 2.540000e+00 -1.273400e+03 1.198200e+03 0
6.771800e-01 9.260600e-01 -1.993000e-01 3.204100e-02 35 66 9.959900e+00 2.540000e+00 1.081600e+03 7.528800e+02 0
-8.116900e-01 9.027500e-01 -1.980600e-01 3.204100e-02 36 66 1.072900e+01 2.540000e+00 -3.631300e+01 7.390100e+02 0
-8.348900e-01 8.823000e-01 -1.969700e-01 3.204100e-02 37 66 1.118600e+01 2.540000e+00 -7.112000e+01 7.470700e+02 0
-8.580800e-01 8.352200e-01 -1.944600e-01 3.204100e-02 38 66 1.080300e+01 2.540000e+00 -1.346300e+02 7.677100e+02 0
-1.487000e-01 6.525000e-02 -1.534700e-01 6.408200e-02 6 67 9.886900e+00 2.540000e+00 55270 -79026 0
-1.735300e-01 1.013600e-01 -1.554000e-01 6.408200e-02 7 67 1.004500e+01 2.540000e+00 -5909 9310 0
-1.699800e-01 1.755700e-01 -1.593500e-01 6.408200e-02 8 67 9.742400e+00 2.540000e+00 -1.328700e+03 3.153800e+03 0
6.722700e-01 6.788800e-01 -1.861400e-01 6.408200e-02 29 67 1.016100e+01 2.540000e+00 1.240600e+03 9.049600e+02 0
6.725500e-01 7.446900e-01 -1.896400e-01 6.408200e-02 30 67 1.096000e+01 2.540000e+00 1.185400e+03 8.531200e+02 0
6.793700e-01 7.967900e-01 -1.924200e-01 6.408200e-02 31 67 1.100400e+01 2.540000e+00 1.155200e+03 8.191400e+02 0
6.935500e-01 7.670400e-01 -1.908300e-01 6.408200e-02 32 67 1.033200e+01 2.540000e+00 1.189500e+03 8.383400e+02 0
0 0 -1.500000e-01 9.612300e-02 1 68 1.063400e+01 2.540000e+00 2167 -3.612800e+03 0
3.437800e-02 5.985300e-03 -1.503200e-01 9.612300e-02 2 68 1.011000e+01 2.540000e+00 1.953900e+03 -3.893800e+03 0
6.488100e-01 7.735400e-01 -1.911800e-01 9.612300e-02 30 68 9.589800e+00 2.540000e+00 1.141600e+03 833 0
6.630000e-01 7.949000e-01 -1.923100e-01 9.612300e-02 31 68 9.772300e+00 2.540000e+00 1.141200e+03 8.199200e+02 0
-1.113200e+00 3.383600e+00 -3.301100e-01 -8.651100e-01 103 38 1.070600e+01 2.540000e+00 4.498400e+02 4.823000e+02 1
-1.152200e+00 3.400200e+00 -3.310000e-01 -8.651100e-01 104 38 1.239500e+01 2.540000e+00 4.437700e+02 4.818200e+02 1
-1.163400e+00 3.429200e+00 -3.325500e-01 -8.651100e-01 105 38 1.327700e+01 2.540000e+00 4.438400e+02 4.810500e+02 1
-1.203200e+00 3.447100e+00 -3.335000e-01 -8.651100e-01 106 38 1.324700e+01 2.540000e+00 4.378300e+02 4.805500e+02 1
-1.301400e+00 3.447400e+00 -3.335100e-01 -8.651100e-01 107 38 1.199300e+01 2.540000e+00 4.198200e+02 4.804100e+02 1
-1.167700e+00 3.506100e+00 -3.366400e-01 -8.651100e-01 108 38 1.170000e+01 2.540000e+00 4.485900e+02 4.791300e+02 1
-1.237600e+00 3.493600e+00 -3.359700e-01 -8.651100e-01 109 38 1.190400e+01 2.540000e+00 4.350400e+02 4.793400e+02 1
-1.338300e+00 3.485500e+00 -3.355400e-01 -8.651100e-01 110 38 1.098800e+01 2.540000e+00 4.161700e+02 4.794100e+02 1
-1.085400e+00 3.388900e+00 -3.304000e-01 -8.330700e-01 103 39 1.196600e+01 2.540000e+00 4.554400e+02 4.822000e+02 1
-1.152200e+00 3.402600e+00 -3.311300e-01 -8.330700e-01 104 39 1.350000e+01 2.540000e+00 4.439500e+02 4.817500e+02 1
-1.191800e+00 3.424500e+00 -3.323000e-01 -8.330700e-01 105 39 1.417100e+01 2.540000e+00 4.382400e+02 4.811400e+02 1
-1.203200e+00 3.452400e+00 -3.337800e-01 -8.330700e-01 106 39 1.401000e+01 2.540000e+00 4.382200e+02 4.804100e+02 1
-1.272500e+00 3.452400e+00 -3.337800e-01 -8.330700e-01 107 39 1.260900e+01 2.540000e+00 4.255200e+02 4.803200e+02 1
-1.109400e+00 3.544800e+00 -3.387000e-01 -8.330700e-01 108 39 1.185500e+01 2.540000e+00 4.617400e+02 4.782600e+02 1
-1.208100e+00 3.536300e+00 -3.382500e-01 -8.330700e-01 109 39 1.251300e+01 2.540000e+00 4.434700e+02 4.783400e+02 1
-1.278800e+00 3.542900e+00 -3.386000e-01 -8.330700e-01 110 39 1.167800e+01 2.540000e+00 4.313200e+02 4.781000e+02 1
7.437600e-01 1.423200e+00 -2.257600e-01 -8.010300e-01 48 40 9.799000e+00 2.540000e+00 9.686300e+02 6.189500e+02 0
7.464900e-01 1.484500e+00 -2.290200e-01 -8.010300e-01 49 40 9.946000e+00 2.540000e+00 9.577600e+02 6.090300e+02 0
-1.113200e+00 3.381100e+00 -3.299800e-01 -8.010300e-01 103 40 1.140900e+01 2.540000e+00 4.496600e+02 4.823700e+02 1
-1.180300e+00 3.395400e+00 -3.307500e-01 -8.010300e-01 104 40 1.278900e+01 2.540000e+00 4.381700e+02 4.819000e+02 1
-1.191800e+00 3.427300e+00 -3.324500e-01 -8.010300e-01 105 40 1.321600e+01 2.540000e+00 4.384600e+02 4.810600e+02 1
-1.174600e+00 3.466300e+00 -3.345200e-01 -8.010300e-01 106 40 1.281400e+01 2.540000e+00 4.445000e+02 4.801000e+02 1
-1.156800e+00 3.490800e+00 -3.358300e-01 -8.010300e-01 107 40 1.142500e+01 2.540000e+00 4.494900e+02 4.795100e+02 1
-1.178700e+00 3.557100e+00 -3.393500e-01 -8.010300e-01 109 40 1.129200e+01 2.540000e+00 4.502000e+02 4.778800e+02 1
-1.249100e+00 3.556200e+00 -3.393100e-01 -8.010300e-01 110 40 1.061300e+01 2.540000e+00 4.376000e+02 4.778200e+02 1
-1.543700e+00 2.403600e+00 -2.779500e-01 -7.369400e-01 83 42 1.061800e+01 2.540000e+00 2.359600e+02 5.177100e+02 0
-1.539900e+00 2.455700e+00 -2.807200e-01 -7.369400e-01 84 42 1.057400e+01 2.540000e+00 2.467300e+02 5.150800e+02 0
6.351700e+00 8.396300e+00 8.530400e+00 -7.369400e-01 389 42 1.089600e+01 2.540000e+00 1.146500e+03 -2.268300e+02 0
6.368000e+00 9.072900e+00 7.854200e+00 -7.369400e-01 390 42 1.122800e+01 2.540000e+00 1.116100e+03 -1.399400e+02 0
6.278000e+00 9.822400e+00 7.043700e+00 -7.369400e-01 391 42 1.062900e+01 2.540000e+00 1.080200e+03 -5.320200e+01 0
-1.521300e+00 2.423100e+00 -2.789900e-01 -7.049000e-01 83 43 1.057600e+01 2.540000e+00 2.454600e+02 5.167600e+02 0
-1.517300e+00 2.469600e+00 -2.814600e-01 -7.049000e-01 84 43 1.058700e+01 2.540000e+00 2.550200e+02 5.144400e+02 0
6.474200e+00 9.633100e+00 7.060100e+00 -7.049000e-01 390 43 1.079100e+01 2.540000e+00 1.100900e+03 -6.261400e+01 0
7.806700e+00 1.008300e+01 5.956200e+00 -7.049000e-01 404 43 1.113700e+01 2.540000e+00 1.171800e+03 1.982700e+01 0
7.495400e+00 1.014400e+01 6.322500e+00 -7.049000e-01 405 43 1.105100e+01 2.540000e+00 1.147800e+03 6.842400e-01 0
8.106300e+00 9.551800e+00 6.714400e+00 -7.049000e-01 408 43 1.109800e+01 2.540000e+00 1.216700e+03 -4.708800e+01 0
0 0 -1.500000e-01 -6.728600e-01 1 44 9.455500e+00 2.540000e+00 2167 -3.612800e+03 0
6.891600e+00 9.873400e+00 5.326000e+00 -6.728600e-01 378 44 1.041400e+01 2.540000e+00 1.123200e+03 5.177400e+01 0
7.116200e+00 9.254900e+00 6.162300e+00 -6.728600e-01 379 44 1.054000e+01 2.540000e+00 1.165400e+03 -2.338700e+01 0
6.927100e+00 1.027400e+01 6.674600e+00 -6.728600e-01 404 44 1.100700e+01 2.540000e+00 1.105100e+03 -1.451400e+01 0
6.944300e+00 1.018800e+01 6.859700e+00 -6.728600e-01 405 44 1.115700e+01 2.540000e+00 1.109200e+03 -2.849400e+01 0
8.217300e+00 9.694700e+00 6.365500e+00 -6.728600e-01 408 44 1.073300e+01 2.540000e+00 1.217600e+03 -1.971100e+01 0
8.257700e+00 8.959300e+00 7.454100e+00 -6.728600e-01 410 44 1.089500e+01 2.540000e+00 1.259900e+03 -1.234400e+02 0
0 0 -1.500000e-01 -6.408200e-01 1 45 9.363400e+00 2.540000e+00 2167 -3.612800e+03 0
7.013000e+00 8.413500e+00 7.368600e+00 -6.408200e-01 379 45 1.010500e+01 2.540000e+00 1.200400e+03 -1.465800e+02 0
7.568500e+00 7.396600e+00 8.007700e+00 -6.408200e-01 381 45 1.024200e+01 2.540000e+00 1.316100e+03 -2.681500e+02 0
-4.539200e+00 3.865900e-01 -1.705800e-01 -1.602100e-01 132 60 1.064700e+01 2.540000e+00 -5.751500e+03 1.016700e+03 0
-4.537800e+00 7.168200e-01 -1.881600e-01 -1.602100e-01 133 60 1.093700e+01 2.540000e+00 -3.072900e+03 7.581200e+02 0
-4.535900e+00 9.565300e-01 -2.009200e-01 -1.602100e-01 134 60 1.091200e+01 2.540000e+00 -2.199200e+03 6.738400e+02 0
-4.496900e+00 1.274000e+00 -2.178200e-01 -1.602100e-01 135 60 1.052100e+01 2.540000e+00 -1.503600e+03 6.084400e+02 0
0 0 -1.500000e-01 -1.281600e-01 1 61 9.732200e+00 2.540000e+00 2167 -3.612800e+03 0
4.504600e+00 5.244400e-01 -1.779200e-01 -1.281600e-01 131 61 1.052200e+01 2.540000e+00 9.888400e+03 1.407100e+03 0
-4.539200e+00 4.916000e-01 -1.761700e-01 -1.281600e-01 132 61 1.163500e+01 2.540000e+00 -4.563400e+03 9.019300e+02 0
-4.537800e+00 7.340100e-01 -1.890700e-01 -1.281600e-01 133 61 1.171400e+01 2.540000e+00 -2.993200e+03 7.504200e+02 0
-4.572200e+00 7.323600e-01 -1.889900e-01 -1.281600e-01 134 61 1.103700e+01 2.540000e+00 -3.022400e+03 7.505700e+02 0
0 0 -1.500000e-01 -9.612300e-02 1 62 9.820000e+00 2.540000e+00 2167 -3.612800e+03 0
6.711800e-01 7.962100e-01 -1.923800e-01 -9.612300e-02 31 62 9.988300e+00 2.540000e+00 1.147900e+03 8.193100e+02 0
6.851000e-01 8.196900e-01 -1.936300e-01 -9.612300e-02 32 62 9.954800e+00 2.540000e+00 1.145700e+03 8.058000e+02 0
-4.537800e+00 7.858100e-01 -1.918300e-01 -9.612300e-02 133 62 1.049500e+01 2.540000e+00 -2.772100e+03 7.290600e+02 0
-1.527900e-01 7.067400e-02 -1.537600e-01 -6.408200e-02 6 63 9.721300e+00 2.540000e+00 -111800 162030 0
-1.784400e-01 8.136300e-02 -1.543300e-01 -6.408200e-02 7 63 9.622900e+00 2.540000e+00 -15928 22522 0
-1.757100e-01 1.656900e-01 -1.588200e-01 -6.408200e-02 8 63 9.376800e+00 2.540000e+00 -1.566700e+03 3.427400e+03 0
6.646300e-01 6.917100e-01 -1.868200e-01 -6.408200e-02 29 63 1.013600e+01 2.540000e+00 1.220500e+03 8.937200e+02 0
6.804600e-01 7.350400e-01 -1.891300e-01 -6.408200e-02 30 63 1.086200e+01 2.540000e+00 1.200900e+03 8.602700e+02 0
6.875500e-01 7.891000e-01 -1.920100e-01 -6.408200e-02 31 63 1.090500e+01 2.540000e+00 1168 8.240500e+02 0
6.766400e-01 8.361600e-01 -1.945100e-01 -6.408200e-02 32 63 1.062700e+01 2.540000e+00 1.128200e+03 7.964700e+02 0
6.810000e-01 8.372400e-01 -1.945700e-01 -6.408200e-02 33 63 9.991600e+00 2.540000e+00 1.131400e+03 7.959700e+02 0
0 0 -1.500000e-01 -3.204100e-02 1 64 1.516000e+01 2.540000e+00 2167 -3.612800e+03 0
-7.093800e-02 1.119400e-01 -1.559600e-01 -3.204100e-02 5 64 1.418600e+01 2.540000e+00 -3.123200e+03 7.734500e+03 0
-1.604300e-01 1.844600e-01 -1.598200e-01 -3.204100e-02 8 64 1.344900e+01 2.540000e+00 -1.126700e+03 2.949800e+03 0
-2.008100e-01 1.896600e-01 -1.601000e-01 -3.204100e-02 9 64 1.276400e+01 2.540000e+00 -1239 2.812500e+03 0
-2.480100e-01 1.848600e-01 -1.598400e-01 -3.204100e-02 10 64 1.269200e+01 2.540000e+00 -1.542800e+03 2877 0
-2.592000e-01 2.249700e-01 -1.619800e-01 -3.204100e-02 11 64 1.205100e+01 2.540000e+00 -1.020400e+03 2.247600e+03 0
-2.851200e-01 2.332400e-01 -1.624200e-01 -3.204100e-02 12 64 1.175500e+01 2.540000e+00 -1.025100e+03 2147 0
-3.012100e-01 2.838800e-01 -1.651100e-01 -3.204100e-02 13 64 1.098500e+01 2.540000e+00 -6.718300e+02 1.739200e+03 0
-3.085800e-01 3.047000e-01 -1.662200e-01 -3.204100e-02 14 64 1.039100e+01 2.540000e+00 -5.718800e+02 1.621600e+03 0
-1.375100e-01 4.291700e-01 -1.728500e-01 -3.204100e-02 15 64 1.037700e+01 2.540000e+00 1.480800e+02 1.217300e+03 0
3.609700e-01 2.583600e-01 -1.637500e-01 -3.204100e-02 28 64 1.207200e+01 2.540000e+00 1.393400e+03 2.117500e+03 0
6.799100e-01 6.441500e-01 -1.842900e-01 -3.204100e-02 29 64 1.363000e+01 2.540000e+00 1.284500e+03 9.376200e+02 0
6.725500e-01 7.393200e-01 -1.893600e-01 -3.204100e-02 30 64 1.457700e+01 2.540000e+00 1.189500e+03 8.569500e+02 0
6.793700e-01 7.973400e-01 -1.924400e-01 -3.204100e-02 31 64 1.473500e+01 2.540000e+00 1.154800e+03 8.188000e+02 0
6.766400e-01 8.296100e-01 -1.941600e-01 -3.204100e-02 32 64 1.419400e+01 2.540000e+00 1.132100e+03 8.000600e+02 0
6.810000e-01 8.690300e-01 -1.962600e-01 -3.204100e-02 33 64 1.269400e+01 2.540000e+00 1.113400e+03 7.794300e+02 0
-7.830500e-01 9.308400e-01 -1.995500e-01 -3.204100e-02 36 64 1.090100e+01 2.540000e+00 6.744500e+00 7.284700e+02 0
-8.348900e-01 8.997500e-01 -1.979000e-01 -3.204100e-02 37 64 1.117600e+01 2.540000e+00 -5.548300e+01 7.398600e+02 0
-8.883600e-01 8.251200e-01 -1.939200e-01 -3.204100e-02 38 64 1.073000e+01 2.540000e+00 -1.689200e+02 7.719900e+02 0
