0 0 -1.500000e-01 0 1 65 1.620400e+01 2.410000e+00 2167 -3.612800e+03 0
-7.093800e-02 1.118800e-01 -1.556500e-01 0 5 65 1.521400e+01 2.410000e+00 -3128 7739 0
-1.585200e-01 1.860600e-01 -1.594000e-01 0 8 65 1.440100e+01 2.410000e+00 -1.092200e+03 2.913100e+03 0
-2.008100e-01 1.915600e-01 -1.596700e-01 0 9 65 1.369900e+01 2.410000e+00 -1.209100e+03 2.772500e+03 0
-2.480100e-01 1.864400e-01 -1.594200e-01 0 10 65 1.364000e+01 2.410000e+00 -1.513200e+03 2.841600e+03 0
-2.619200e-01 2.211800e-01 -1.611700e-01 0 11 65 1.308000e+01 2.410000e+00 -1.071800e+03 2.288800e+03 0
-2.881200e-01 2.265200e-01 -1.614400e-01 0 12 65 1.272000e+01 2.410000e+00 -1.106900e+03 2.215900e+03 0
-3.077600e-01 2.770300e-01 -1.639900e-01 0 13 65 1.197100e+01 2.410000e+00 -7.335600e+02 1.778500e+03 0
-3.085800e-01 3.064900e-01 -1.654800e-01 0 14 65 1.156100e+01 2.410000e+00 -5.624100e+02 1.610300e+03 0
-1.260500e-01 3.803300e-01 -1.692100e-01 0 15 65 1.150800e+01 2.410000e+00 8.509600e+01 1.345600e+03 0
3.609700e-01 3.243200e-01 -1.663800e-01 0 28 65 1.319200e+01 2.410000e+00 1.199600e+03 1638 0
6.799100e-01 6.364600e-01 -1.821400e-01 0 29 65 1.468800e+01 2.410000e+00 1.292800e+03 9.433200e+02 0
6.725500e-01 7.357600e-01 -1.871600e-01 0 30 65 1.560500e+01 2.410000e+00 1.192200e+03 8.575500e+02 0
6.793700e-01 7.975500e-01 -1.902800e-01 0 31 65 1.575300e+01 2.410000e+00 1.154600e+03 8.167200e+02 0
6.766400e-01 8.311300e-01 -1.919800e-01 0 32 65 1.520800e+01 2.410000e+00 1.131100e+03 7.972800e+02 0
6.810000e-01 8.675800e-01 -1.938200e-01 0 33 65 1.368700e+01 2.410000e+00 1.114100e+03 7.782300e+02 0
7.606700e-01 7.353800e-01 -1.871400e-01 0 35 65 1.085500e+01 2.410000e+00 1.282900e+03 8.601900e+02 0
-8.498900e-01 8.640600e-01 -1.936400e-01 0 36 65 1.179600e+01 2.410000e+00 -9.928300e+01 7.528900e+02 0
-8.545300e-01 8.708700e-01 -1.939800e-01 0 37 65 1.210000e+01 2.410000e+00 -9.616300e+01 7.498400e+02 0
-8.782700e-01 8.478400e-01 -1.928200e-01 0 38 65 1.149000e+01 2.410000e+00 -1.368100e+02 7.596800e+02 0
8.799000e-01 1.069300e+00 -2.040100e-01 0 44 65 1.015300e+01 2.410000e+00 1.160100e+03 7.006600e+02 0
9.003700e-01 1.117900e+00 -2.064600e-01 0 45 65 1.000900e+01 2.410000e+00 1.150900e+03 6.861200e+02 0
0 0 -1.500000e-01 3.204100e-02 1 66 1.528400e+01 2.410000e+00 2167 -3.612800e+03 0
-7.093800e-02 1.123400e-01 -1.556700e-01 3.204100e-02 5 66 1.420800e+01 2.410000e+00 -3.084900e+03 7656 0
-1.585200e-01 1.860100e-01 -1.593900e-01 3.204100e-02 8 66 1.341100e+01 2.410000e+00 -1093 2.914200e+03 0
-2.008100e-01 1.920000e-01 -1.597000e-01 3.204100e-02 9 66 1.269900e+01 2.410000e+00 -1.202300e+03 2764 0
-2.504700e-01 1.830800e-01 -1.592500e-01 3.204100e-02 10 66 1.264900e+01 2.410000e+00 -1.588100e+03 2.909900e+03 0
-2.619200e-01 2.223300e-01 -1.612300e-01 3.204100e-02 11 66 1.213800e+01 2.410000e+00 -1059 2.274900e+03 0
-2.851200e-01 2.337100e-01 -1.618000e-01 3.204100e-02 12 66 1.171100e+01 2.410000e+00 -1.020200e+03 2.139600e+03 0
-3.044900e-01 2.825500e-01 -1.642700e-01 3.204100e-02 13 66 1.095600e+01 2.410000e+00 -6.887800e+02 1.744300e+03 0
-3.121300e-01 3.040100e-01 -1.653500e-01 3.204100e-02 14 66 1.061400e+01 2.410000e+00 -5.841100e+02 1.622200e+03 0
-1.260500e-01 3.773400e-01 -1.690600e-01 3.204100e-02 15 66 1.057700e+01 2.410000e+00 7.917900e+01 1.354900e+03 0
3.536000e-01 3.416700e-01 -1.672600e-01 3.204100e-02 28 66 1.216800e+01 2.410000e+00 1.146500e+03 1.552300e+03 0
6.722700e-01 6.386500e-01 -1.822500e-01 3.204100e-02 29 66 1.368500e+01 2.410000e+00 1.281100e+03 9.408100e+02 0
6.725500e-01 7.343100e-01 -1.870900e-01 3.204100e-02 30 66 1.461900e+01 2.410000e+00 1.193300e+03 8.586100e+02 0
6.711800e-01 8.044800e-01 -1.906300e-01 3.204100e-02 31 66 1.478600e+01 2.410000e+00 1.142600e+03 8.123900e+02 0
6.766400e-01 8.325900e-01 -1.920500e-01 3.204100e-02 32 66 1.426600e+01 2.410000e+00 1.130200e+03 7.964800e+02 0
6.810000e-01 8.695700e-01 -1.939200e-01 3.204100e-02 33 66 1.280600e+01 2.410000e+00 1113 7.772300e+02 0
-8.498900e-01 8.591500e-01 -1.933900e-01 3.204100e-02 36 66 1.074700e+01 2.410000e+00 -1.040700e+02 7.550600e+02 0
-8.643500e-01 8.495200e-01 -1.929000e-01 3.204100e-02 37 66 1.104200e+01 2.410000e+00 -1.245700e+02 7.591500e+02 0
-8.782700e-01 8.152600e-01 -1.911700e-01 3.204100e-02 38 66 1.033900e+01 2.410000e+00 -1.719300e+02 7.752000e+02 0
0 0 -1.500000e-01 6.408200e-02 1 67 1.054500e+01 2.410000e+00 2167 -3.612800e+03 0
8.185100e-04 3.484500e-02 -1.517600e-01 6.408200e-02 2 67 1.006100e+01 2.410000e+00 3.464500e+03 -7.176600e+03 0
6.804600e-01 7.194300e-01 -1.863300e-01 6.408200e-02 30 67 1.026400e+01 2.410000e+00 1.213500e+03 8.699600e+02 0
6.793700e-01 7.975700e-01 -1.902800e-01 6.408200e-02 31 67 1.039900e+01 2.410000e+00 1.154600e+03 8.167100e+02 0
6.681800e-01 8.366100e-01 -1.922500e-01 6.408200e-02 32 67 9.848900e+00 2.410000e+00 1.120400e+03 7.941100e+02 0
-1.016600e+00 2.628500e+00 -2.827500e-01 -8.330700e-01 82 39 1.034100e+01 2.410000e+00 4.020900e+02 5.064400e+02 1
-1.029100e+00 2.665800e+00 -2.846400e-01 -8.330700e-01 83 39 1.084100e+01 2.410000e+00 4.032400e+02 5.048000e+02 1
-1.041700e+00 2.698400e+00 -2.862800e-01 -8.330700e-01 84 39 1.058400e+01 2.410000e+00 4.038600e+02 5.034000e+02 1
-1.100100e+00 2.695200e+00 -2.861200e-01 -8.330700e-01 85 39 1.032100e+01 2.410000e+00 3.897500e+02 5.034200e+02 1
-1.091400e+00 2.569400e+00 -2.797700e-01 -8.010300e-01 81 40 1.105800e+01 2.410000e+00 3.768000e+02 5.089400e+02 1
-1.105000e+00 2.601600e+00 -2.813900e-01 -8.010300e-01 82 40 1.286600e+01 2.410000e+00 3.774500e+02 5.074500e+02 1
-1.096300e+00 2.643600e+00 -2.835200e-01 -8.010300e-01 83 40 1.381900e+01 2.410000e+00 3.846500e+02 5.056200e+02 1
-1.132300e+00 2.665600e+00 -2.846200e-01 -8.010300e-01 84 40 1.440700e+01 2.410000e+00 3.786700e+02 5.046000e+02 1
-1.168800e+00 2.683300e+00 -2.855200e-01 -8.010300e-01 85 40 1.455700e+01 2.410000e+00 3.721500e+02 5.037800e+02 1
-1.205900e+00 2.699200e+00 -2.863200e-01 -8.010300e-01 86 40 1.395200e+01 2.410000e+00 3.653600e+02 5.030400e+02 1
-1.290500e+00 2.694400e+00 -2.860800e-01 -8.010300e-01 87 40 1.212700e+01 2.410000e+00 3.449300e+02 5.030800e+02 1
-1.047700e+00 2.589800e+00 -2.808000e-01 -7.689800e-01 81 41 1.205900e+01 2.410000e+00 3.900300e+02 5.081000e+02 1
-1.082900e+00 2.608700e+00 -2.817500e-01 -7.689800e-01 82 41 1.380300e+01 2.410000e+00 3.837000e+02 5.071800e+02 1
-1.096300e+00 2.642800e+00 -2.834700e-01 -7.689800e-01 83 41 1.472500e+01 2.410000e+00 3.845600e+02 5.056500e+02 1
-1.132300e+00 2.666200e+00 -2.846500e-01 -7.689800e-01 84 41 1.539900e+01 2.410000e+00 3.787400e+02 5.045800e+02 1
-1.191800e+00 2.674300e+00 -2.850700e-01 -7.689800e-01 85 41 1.562500e+01 2.410000e+00 3.656300e+02 5.041100e+02 1
-1.229100e+00 2.689200e+00 -2.858200e-01 -7.689800e-01 86 41 1.502900e+01 2.410000e+00 3.586800e+02 5.034100e+02 1
-1.290500e+00 2.692800e+00 -2.860000e-01 -7.689800e-01 87 41 1.329700e+01 2.410000e+00 3.447300e+02 5.031400e+02 1
-7.595800e-01 2.826100e+00 -2.927300e-01 -7.689800e-01 88 41 9.978200e+00 2.410000e+00 4.807600e+02 4.988400e+02 0
-9.123700e-01 2.932800e+00 -2.981200e-01 -7.689800e-01 89 41 9.806700e+00 2.410000e+00 4.554000e+02 4.946400e+02 1
-1.047700e+00 2.589600e+00 -2.807900e-01 -7.369400e-01 81 42 1.145800e+01 2.410000e+00 3.900200e+02 5.081100e+02 1
-1.060800e+00 2.616700e+00 -2.821600e-01 -7.369400e-01 82 42 1.313700e+01 2.410000e+00 3.900200e+02 5.068700e+02 1
-1.096300e+00 2.641300e+00 -2.834000e-01 -7.369400e-01 83 42 1.403000e+01 2.410000e+00 3.843800e+02 5.057200e+02 1
-1.154900e+00 2.656700e+00 -2.841800e-01 -7.369400e-01 84 42 1.469200e+01 2.410000e+00 3.722000e+02 5.049300e+02 1
-1.191800e+00 2.675400e+00 -2.851200e-01 -7.369400e-01 85 42 1.490500e+01 2.410000e+00 3.657700e+02 5.040600e+02 1
-1.229100e+00 2.690400e+00 -2.858800e-01 -7.369400e-01 86 42 1.430500e+01 2.410000e+00 3.588300e+02 5.033600e+02 1
-1.290500e+00 2.690900e+00 -2.859000e-01 -7.369400e-01 87 42 1.266400e+01 2.410000e+00 3.444800e+02 5.032200e+02 1
-1.141000e+00 2.614300e+00 -2.820400e-01 -7.049000e-01 83 43 1.073000e+01 2.410000e+00 3.702900e+02 5.068100e+02 1
-1.200200e+00 2.636800e+00 -2.831700e-01 -7.049000e-01 84 43 1.137300e+01 2.410000e+00 3.588700e+02 5.057000e+02 1
-1.191800e+00 2.679500e+00 -2.853300e-01 -7.049000e-01 85 43 1.134800e+01 2.410000e+00 3.662800e+02 5.038900e+02 1
-1.182800e+00 2.699500e+00 -2.863400e-01 -7.049000e-01 86 43 1.070900e+01 2.410000e+00 3.708400e+02 5.030700e+02 1
6.957400e+00 7.869900e+00 7.821200e+00 -6.728600e-01 376 44 1.032800e+01 2.410000e+00 1229 -2.150800e+02 0
6.975900e+00 8.527600e+00 7.144500e+00 -6.728600e-01 377 44 1.063500e+01 2.410000e+00 1.191600e+03 -1.242800e+02 0
9.091000e+00 9.254400e+00 4.373200e+00 -6.728600e-01 393 44 1.065500e+01 2.410000e+00 1.312700e+03 9.082900e+01 0
8.899700e+00 9.181400e+00 4.986900e+00 -6.728600e-01 394 44 1.112900e+01 2.410000e+00 1.301500e+03 4.819900e+01 0
8.707400e+00 9.336000e+00 5.133400e+00 -6.728600e-01 395 44 1.064300e+01 2.410000e+00 1277 4.419100e+01 0
6.846100e+00 8.678100e+00 6.624800e+00 -6.408200e-01 370 45 1.099200e+01 2.410000e+00 1175 -8.028900e+01 0
6.965600e+00 8.722600e+00 6.508900e+00 -6.408200e-01 371 45 1.126100e+01 2.410000e+00 1.181900e+03 -7.036000e+01 0
6.680700e+00 9.410600e+00 5.889100e+00 -6.408200e-01 372 45 1.050000e+01 2.410000e+00 1.128200e+03 8.736600e-01 0
6.975900e+00 8.659100e+00 6.984600e+00 -6.408200e-01 377 45 1.109800e+01 2.410000e+00 1.184600e+03 -1.060100e+02 0
9.091000e+00 9.104500e+00 4.677300e+00 -6.408200e-01 393 45 1.160400e+01 2.410000e+00 1.321900e+03 6.593500e+01 0
9.006900e+00 8.947000e+00 5.215200e+00 -6.408200e-01 394 45 1.207100e+01 2.410000e+00 1.324700e+03 2.427200e+01 0
8.922400e+00 8.704500e+00 5.827100e+00 -6.408200e-01 395 45 1.178800e+01 2.410000e+00 1.333500e+03 -2.753800e+01 0
8.837200e+00 8.360500e+00 6.503800e+00 -6.408200e-01 396 45 1.108100e+01 2.410000e+00 1.350500e+03 -9.206000e+01 0
7.209500e+00 7.225800e+00 7.751300e+00 -6.087800e-01 368 46 1.040100e+01 2.410000e+00 1.299600e+03 -2.613800e+02 0
6.727100e+00 8.350700e+00 7.083800e+00 -6.087800e-01 369 46 1.044500e+01 2.410000e+00 1183 -1.298200e+02 0
6.544000e+00 9.165300e+00 6.264200e+00 -6.087800e-01 370 46 1.050900e+01 2.410000e+00 1129 -3.299200e+01 0
6.561800e+00 9.158100e+00 6.327700e+00 -6.087800e-01 371 46 1.050100e+01 2.410000e+00 1.130400e+03 -3.743900e+01 0
8.986700e+00 8.328000e+00 5.365600e+00 -6.087800e-01 384 46 1.120000e+01 2.410000e+00 1.370200e+03 -1.214500e+01 0
8.905400e+00 8.446300e+00 5.403300e+00 -6.087800e-01 385 46 1.169500e+01 2.410000e+00 1.353900e+03 -9.395700e+00 0
8.823600e+00 8.322800e+00 5.801300e+00 -6.087800e-01 386 46 1.142100e+01 2.410000e+00 1.355500e+03 -4.363700e+01 0
7.789000e+00 7.390100e+00 6.935100e+00 -5.767400e-01 367 47 1.080200e+01 2.410000e+00 1.341400e+03 -1.844200e+02 0
7.309600e+00 7.526500e+00 7.361600e+00 -5.767400e-01 368 47 1.100700e+01 2.410000e+00 1.285900e+03 -2.065900e+02 0
6.927900e+00 8.511700e+00 6.687500e+00 -5.767400e-01 369 47 1.026300e+01 2.410000e+00 1.190500e+03 -9.343900e+01 0
8.403400e+00 7.867300e+00 6.947600e+00 -5.767400e-01 386 47 1.066000e+01 2.410000e+00 1.353400e+03 -1.534000e+02 0
6.445800e+00 2.558100e+00 1.110900e+01 -5.447000e-01 376 48 1.020800e+01 2.410000e+00 2.105200e+03 -2027 0
6.793700e-01 7.865300e-01 -1.897200e-01 -9.612300e-02 31 62 9.993000e+00 2.410000e+00 1162 8.235000e+02 0
6.766400e-01 8.304300e-01 -1.919400e-01 -9.612300e-02 32 62 9.964900e+00 2.410000e+00 1.131500e+03 7.976600e+02 0
0 0 -1.500000e-01 -6.408200e-02 1 63 1.008800e+01 2.410000e+00 2167 -3.612800e+03 0
1.909900e-03 3.484100e-02 -1.517600e-01 -6.408200e-02 2 63 9.924800e+00 2.410000e+00 3.443900e+03 -7.168800e+03 0
6.799100e-01 6.170700e-01 -1.811600e-01 -6.408200e-02 29 63 9.848900e+00 2.410000e+00 1.315100e+03 9.638400e+02 0
6.725500e-01 7.402800e-01 -1.873900e-01 -6.408200e-02 30 63 1.078000e+01 2.410000e+00 1.188700e+03 8.542800e+02 0
6.711800e-01 8.017300e-01 -1.904900e-01 -6.408200e-02 31 63 1.129600e+01 2.410000e+00 1.144300e+03 8.140300e+02 0
6.681800e-01 8.266700e-01 -1.917500e-01 -6.408200e-02 32 63 1.112500e+01 2.410000e+00 1.126300e+03 7.995700e+02 0
6.810000e-01 8.435800e-01 -1.926000e-01 -6.408200e-02 33 63 1.030700e+01 2.410000e+00 1.127600e+03 7.906200e+02 0
0 0 -1.500000e-01 -3.204100e-02 1 64 1.532300e+01 2.410000e+00 2167 -3.612800e+03 0
-7.093800e-02 1.115200e-01 -1.556300e-01 -3.204100e-02 5 64 1.417900e+01 2.410000e+00 -3.162800e+03 7.805800e+03 0
-1.585200e-01 1.861000e-01 -1.594000e-01 -3.204100e-02 8 64 1.337500e+01 2.410000e+00 -1.091600e+03 2.912300e+03 0
-2.008100e-01 1.903400e-01 -1.596100e-01 -3.204100e-02 9 64 1.268100e+01 2.410000e+00 -1.227900e+03 2796 0
-2.480100e-01 1.847900e-01 -1.593300e-01 -3.204100e-02 10 64 1.260100e+01 2.410000e+00 -1.543800e+03 2.875500e+03 0
-2.619200e-01 2.188300e-01 -1.610500e-01 -3.204100e-02 11 64 1.205700e+01 2.410000e+00 -1.098900e+03 2.317800e+03 0
-2.881200e-01 2.220800e-01 -1.612200e-01 -3.204100e-02 12 64 1.170400e+01 2.410000e+00 -1.157500e+03 2.267200e+03 0
-3.110400e-01 2.719400e-01 -1.637300e-01 -3.204100e-02 13 64 1.093800e+01 2.410000e+00 -7.776900e+02 1.811600e+03 0
-3.050300e-01 3.162900e-01 -1.659700e-01 -3.204100e-02 14 64 1.053000e+01 2.410000e+00 -5.053200e+02 1.563600e+03 0
-1.298700e-01 4.335900e-01 -1.719000e-01 -3.204100e-02 15 64 1.061000e+01 2.410000e+00 1.677100e+02 1.205800e+03 0
3.609700e-01 3.104800e-01 -1.656800e-01 -3.204100e-02 28 64 1.219800e+01 2.410000e+00 1.230800e+03 1.714800e+03 0
6.799100e-01 6.394800e-01 -1.823000e-01 -3.204100e-02 29 64 1.367200e+01 2.410000e+00 1.289400e+03 9.402600e+02 0
6.725500e-01 7.364600e-01 -1.871900e-01 -3.204100e-02 30 64 1.455500e+01 2.410000e+00 1.191600e+03 8.570400e+02 0
6.793700e-01 7.974700e-01 -1.902800e-01 -3.204100e-02 31 64 1.468100e+01 2.410000e+00 1.154600e+03 8.167700e+02 0
6.766400e-01 8.285700e-01 -1.918500e-01 -3.204100e-02 32 64 1.410800e+01 2.410000e+00 1.132600e+03 7.986900e+02 0
6.722700e-01 8.653800e-01 -1.937100e-01 -3.204100e-02 33 64 1.251400e+01 2.410000e+00 1.107900e+03 7.791700e+02 0
-8.403400e-01 8.793400e-01 -1.944100e-01 -3.204100e-02 36 64 1.090700e+01 2.410000e+00 -7.776900e+01 7.464400e+02 0
-8.545300e-01 8.736300e-01 -1.941200e-01 -3.204100e-02 37 64 1.124300e+01 2.410000e+00 -9.353000e+01 7.486500e+02 0
-8.883600e-01 8.375400e-01 -1.923000e-01 -3.204100e-02 38 64 1.074900e+01 2.410000e+00 -1.553300e+02 7.642700e+02 0
