0 0 -1.500000e-01 0 1 65 1.633700e+01 3.370000e+00 2167 -3.612800e+03 0
-7.093800e-02 1.117800e-01 -1.579000e-01 0 5 65 1.522300e+01 3.370000e+00 -3.146100e+03 7.809100e+03 0
-1.585200e-01 1.860200e-01 -1.631400e-01 0 8 65 1.437400e+01 3.370000e+00 -1.094900e+03 2937 0
-2.008100e-01 1.916400e-01 -1.635400e-01 0 9 65 1.370600e+01 3.370000e+00 -1.210100e+03 2.793100e+03 0
-2.480100e-01 1.865000e-01 -1.631800e-01 0 10 65 1.366300e+01 3.370000e+00 -1.514800e+03 2.862700e+03 0
-2.592000e-01 2.255800e-01 -1.659400e-01 0 11 65 1.299900e+01 3.370000e+00 -1.015400e+03 2.257500e+03 0
-2.851200e-01 2.334000e-01 -1.664900e-01 0 12 65 1.265200e+01 3.370000e+00 -1025 2.161800e+03 0
-3.012100e-01 2.853800e-01 -1.701700e-01 0 13 65 1.194300e+01 3.370000e+00 -6.636700e+02 1.745100e+03 0
-3.085800e-01 2.971300e-01 -1.710000e-01 0 14 65 1.152500e+01 3.370000e+00 -6.139700e+02 1.676200e+03 0
-1.260500e-01 4.216100e-01 -1.797900e-01 0 15 65 1.148900e+01 3.370000e+00 1.561700e+02 1.249500e+03 0
3.609700e-01 3.380700e-01 -1.738900e-01 0 28 65 1.318300e+01 3.370000e+00 1.172800e+03 1588 0
6.799100e-01 6.386200e-01 -1.951300e-01 0 29 65 1.470700e+01 3.370000e+00 1.291200e+03 9.562300e+02 0
6.725500e-01 7.364200e-01 -2.020400e-01 0 30 65 1.563200e+01 3.370000e+00 1.192400e+03 8.717300e+02 0
6.711800e-01 8.044200e-01 -2.068400e-01 0 31 65 1.578100e+01 3.370000e+00 1.143200e+03 8.268600e+02 0
6.766400e-01 8.309300e-01 -2.087200e-01 0 32 65 1.523000e+01 3.370000e+00 1.131900e+03 8.117500e+02 0
6.810000e-01 8.723800e-01 -2.116400e-01 0 33 65 1.366900e+01 3.370000e+00 1.112100e+03 7.900900e+02 0
7.421200e-01 7.418900e-01 -2.024200e-01 0 35 65 1.100500e+01 3.370000e+00 1.258800e+03 8.696600e+02 0
-8.403400e-01 8.866400e-01 -2.126500e-01 0 36 65 1.171300e+01 3.370000e+00 -7.156300e+01 7.567000e+02 0
-8.545300e-01 8.988800e-01 -2.135200e-01 0 37 65 1.216800e+01 3.370000e+00 -7.073200e+01 7.514200e+02 0
-8.681700e-01 9.070100e-01 -2.140900e-01 0 38 65 1.176300e+01 3.370000e+00 -7.318700e+01 7.479400e+02 0
-9.020000e-01 9.378600e-01 -2.162700e-01 0 39 65 1.028800e+01 3.370000e+00 -6.981400e+01 7.356000e+02 0
0 0 -1.500000e-01 3.204100e-02 1 66 1.528000e+01 3.370000e+00 2167 -3.612800e+03 0
-7.093800e-02 1.121500e-01 -1.579300e-01 3.204100e-02 5 66 1.421300e+01 3.370000e+00 -3.110700e+03 7.740800e+03 0
-1.585200e-01 1.859900e-01 -1.631400e-01 3.204100e-02 8 66 1.338900e+01 3.370000e+00 -1.095500e+03 2.937700e+03 0
-1.986300e-01 1.946100e-01 -1.637500e-01 3.204100e-02 9 66 1.273000e+01 3.370000e+00 -1.155800e+03 2.738700e+03 0
-2.480100e-01 1.874300e-01 -1.632400e-01 3.204100e-02 10 66 1.266600e+01 3.370000e+00 -1.497900e+03 2.843900e+03 0
-2.592000e-01 2.266600e-01 -1.660200e-01 3.204100e-02 11 66 1.208700e+01 3.370000e+00 -1.003900e+03 2245 0
-2.851200e-01 2.350500e-01 -1.666100e-01 3.204100e-02 12 66 1.168300e+01 3.370000e+00 -1.008400e+03 2.144800e+03 0
-3.044900e-01 2.820400e-01 -1.699300e-01 3.204100e-02 13 66 1.095000e+01 3.370000e+00 -6.933100e+02 1.764900e+03 0
-3.050300e-01 3.035400e-01 -1.714500e-01 3.204100e-02 14 66 1.061100e+01 3.370000e+00 -5.702200e+02 1.642800e+03 0
-1.298700e-01 4.559700e-01 -1.822200e-01 3.204100e-02 15 66 1.054400e+01 3.370000e+00 1.978900e+02 1.174100e+03 0
3.609700e-01 3.966100e-01 -1.780300e-01 3.204100e-02 28 66 1.221500e+01 3.370000e+00 1.082500e+03 1.364900e+03 0
6.722700e-01 6.404600e-01 -1.952600e-01 3.204100e-02 29 66 1.371500e+01 3.370000e+00 1280 9.540700e+02 0
6.725500e-01 7.332800e-01 -2.018200e-01 3.204100e-02 30 66 1.462400e+01 3.370000e+00 1.194800e+03 8.740300e+02 0
6.711800e-01 8.044800e-01 -2.068500e-01 3.204100e-02 31 66 1.476900e+01 3.370000e+00 1.143200e+03 8.268200e+02 0
6.766400e-01 8.325400e-01 -2.088300e-01 3.204100e-02 32 66 1.422100e+01 3.370000e+00 1.130900e+03 8.108500e+02 0
6.810000e-01 8.761700e-01 -2.119100e-01 3.204100e-02 33 66 1.266200e+01 3.370000e+00 1.110100e+03 7.882200e+02 0
-4.771900e-01 9.196200e-01 -2.149800e-01 3.204100e-02 34 66 1.012500e+01 3.370000e+00 2.150900e+02 7.490200e+02 0
7.421200e-01 8.031000e-01 -2.067500e-01 3.204100e-02 35 66 1.007400e+01 3.370000e+00 1.209700e+03 8.292700e+02 0
-8.403400e-01 8.863700e-01 -2.126300e-01 3.204100e-02 36 66 1.063300e+01 3.370000e+00 -7.180600e+01 7.568100e+02 0
-8.545300e-01 9.111300e-01 -2.143800e-01 3.204100e-02 37 66 1.109900e+01 3.370000e+00 -5.991300e+01 7.465200e+02 0
-8.782700e-01 9.019900e-01 -2.137400e-01 3.204100e-02 38 66 1.081000e+01 3.370000e+00 -8.486900e+01 7.497900e+02 0
9.789400e-01 9.588600e+00 -8.275500e-01 -1.121400e+00 277 30 1.035400e+01 3.370000e+00 7.482000e+02 4.365200e+02 1
1.058100e+00 9.521200e+00 -8.227900e-01 -1.121400e+00 278 30 1.007900e+01 3.370000e+00 7.539600e+02 4.367700e+02 1
-7.612200e-01 5.348200e+00 -5.279200e-01 -1.089400e+00 156 31 1.035000e+01 3.370000e+00 5.820500e+02 4.607900e+02 1
-8.512600e-01 5.373800e+00 -5.297300e-01 -1.089400e+00 157 31 1.107200e+01 3.370000e+00 5.719000e+02 4.604500e+02 1
-1.028100e+00 5.373500e+00 -5.297000e-01 -1.089400e+00 158 31 1.102800e+01 3.370000e+00 5.509400e+02 4.603300e+02 1
-1.207000e+00 5.364700e+00 -5.290800e-01 -1.089400e+00 159 31 1.048300e+01 3.370000e+00 5.295100e+02 4.602900e+02 1
-9.663900e-01 5.528000e+00 -5.406200e-01 -1.089400e+00 162 31 1.065800e+01 3.370000e+00 5.620700e+02 4.588100e+02 1
-1.016600e+00 5.557200e+00 -5.426900e-01 -1.089400e+00 163 31 1.042600e+01 3.370000e+00 5.570200e+02 4.584900e+02 1
9.754000e-01 9.543400e+00 -8.243600e-01 -1.089400e+00 276 31 1.070200e+01 3.370000e+00 7.482200e+02 4.366700e+02 1
9.036400e-01 9.596400e+00 -8.281100e-01 -1.089400e+00 277 31 1.112200e+01 3.370000e+00 7.431000e+02 4.364700e+02 1
8.313400e-01 9.618200e+00 -8.296500e-01 -1.089400e+00 278 31 1.063400e+01 3.370000e+00 7.381400e+02 4.363700e+02 1
1.065700e+00 9.671400e+00 -8.334100e-01 -1.089400e+00 280 31 1.014600e+01 3.370000e+00 7.535200e+02 4.362700e+02 1
1.145900e+00 9.673600e+00 -8.335600e-01 -1.089400e+00 281 31 1.036200e+01 3.370000e+00 7.588700e+02 4.362900e+02 1
-8.035100e-01 5.342700e+00 -5.275300e-01 -1.057400e+00 156 32 1.108100e+01 3.370000e+00 5.768900e+02 4.608100e+02 1
-8.938200e-01 5.365400e+00 -5.291300e-01 -1.057400e+00 157 32 1.177200e+01 3.370000e+00 5.666600e+02 4.605100e+02 1
-9.852200e-01 5.382200e+00 -5.303200e-01 -1.057400e+00 158 32 1.156300e+01 3.370000e+00 5.562400e+02 4.602700e+02 1
-1.163900e+00 5.377700e+00 -5.300000e-01 -1.057400e+00 159 32 1.061800e+01 3.370000e+00 535 4.601900e+02 1
-9.603900e-01 5.503100e+00 -5.388600e-01 -1.057400e+00 161 32 1.043500e+01 3.370000e+00 5.621600e+02 4.590600e+02 1
-1.010300e+00 5.529900e+00 -5.407500e-01 -1.057400e+00 162 32 1.134600e+01 3.370000e+00 5.570600e+02 4.587700e+02 1
-1.060800e+00 5.555800e+00 -5.425900e-01 -1.057400e+00 163 32 1.106500e+01 3.370000e+00 5.519300e+02 4.584800e+02 1
6.024300e-01 9.598200e+00 -8.282300e-01 -1.057400e+00 277 32 9.981900e+00 3.370000e+00 7.228700e+02 4.363700e+02 1
-8.035100e-01 5.334600e+00 -5.269600e-01 -1.025300e+00 156 33 1.013900e+01 3.370000e+00 5.767100e+02 4.609000e+02 1
-9.363800e-01 5.356500e+00 -5.285000e-01 -1.025300e+00 157 33 1.068900e+01 3.370000e+00 5.613800e+02 4.605700e+02 1
-1.070900e+00 5.360600e+00 -5.287900e-01 -1.025300e+00 158 33 1.030300e+01 3.370000e+00 5.455200e+02 4.604300e+02 1
-9.224700e-01 5.532600e+00 -5.409500e-01 -1.025300e+00 162 33 9.970000e+00 3.370000e+00 5.672400e+02 4.588000e+02 1
-9.282000e-01 5.565700e+00 -5.432900e-01 -1.025300e+00 163 33 9.973200e+00 3.370000e+00 5.673400e+02 4.584700e+02 1
-2.349100e+00 8.227900e+00 -7.314100e-01 -1.025300e+00 247 33 1.078900e+01 3.370000e+00 4.992200e+02 4.405200e+02 1
-2.426100e+00 8.272400e+00 -7.345500e-01 -1.025300e+00 248 33 1.109700e+01 3.370000e+00 4.944200e+02 4.403000e+02 1
-2.571200e+00 8.269600e+00 -7.343500e-01 -1.025300e+00 249 33 1.058400e+01 3.370000e+00 4.833100e+02 4.402600e+02 1
-2.475200e+00 8.438800e+00 -7.463100e-01 -1.025300e+00 253 33 1.051400e+01 3.370000e+00 4.946900e+02 4.395900e+02 1
-2.761100e+00 8.393000e+00 -7.430700e-01 -1.025300e+00 254 33 1.017500e+01 3.370000e+00 4.722000e+02 4.396700e+02 1
5.033900e-01 1.043200e+00 -2.237200e-01 -9.932700e-01 42 34 1.062900e+01 3.370000e+00 9.158400e+02 7.182200e+02 0
4.927500e-01 1.191400e+00 -2.341800e-01 -9.932700e-01 43 34 1.241800e+01 3.370000e+00 8.797700e+02 6.759500e+02 0
4.927500e-01 1.278500e+00 -2.403400e-01 -9.932700e-01 44 34 1.322200e+01 3.370000e+00 8.661400e+02 6.560700e+02 1
4.922000e-01 1.341600e+00 -2.448000e-01 -9.932700e-01 45 34 1.317600e+01 3.370000e+00 8.571800e+02 6.434000e+02 1
4.911100e-01 1.371800e+00 -2.469400e-01 -9.932700e-01 46 34 1.222100e+01 3.370000e+00 8.527900e+02 6.377800e+02 1
4.518200e-01 1.190200e+00 -2.341000e-01 -9.932700e-01 47 34 1.015600e+01 3.370000e+00 8.560800e+02 6.758200e+02 0
2.783800e+00 5.569200e+00 -5.435300e-01 -9.932700e-01 180 34 1.003900e+01 3.370000e+00 1.001700e+03 461 1
2.848400e+00 5.597600e+00 -5.455400e-01 -9.932700e-01 181 34 1.155200e+01 3.370000e+00 1.007800e+03 4.607500e+02 1
2.913600e+00 5.607500e+00 -5.462400e-01 -9.932700e-01 182 34 1.223000e+01 3.370000e+00 1015 4.607000e+02 1
2.929700e+00 5.639400e+00 -5.484900e-01 -9.932700e-01 183 34 1.242100e+01 3.370000e+00 1015 4.603800e+02 1
2.945800e+00 5.670300e+00 -5.506800e-01 -9.932700e-01 184 34 1.216400e+01 3.370000e+00 1.015100e+03 4.600800e+02 1
2.911700e+00 5.728300e+00 -5.547800e-01 -9.932700e-01 185 34 1.126300e+01 3.370000e+00 1.007800e+03 4.594900e+02 1
-2.560900e+00 8.232400e+00 -7.317200e-01 -9.932700e-01 248 34 1.027200e+01 3.370000e+00 4.831500e+02 4.404200e+02 1
5.033900e-01 1.024800e+00 -2.224200e-01 -9.612300e-01 42 35 1.164800e+01 3.370000e+00 9.202100e+02 7.244100e+02 0
5.042100e-01 1.180100e+00 -2.333900e-01 -9.612300e-01 43 35 1.337300e+01 3.370000e+00 8.884500e+02 6.788700e+02 0
4.927500e-01 1.281100e+00 -2.405200e-01 -9.612300e-01 44 35 1.417400e+01 3.370000e+00 8.657700e+02 6.555300e+02 1
5.042100e-01 1.343400e+00 -2.449300e-01 -9.612300e-01 45 35 1.413200e+01 3.370000e+00 8.631000e+02 6.431700e+02 1
5.033900e-01 1.394700e+00 -2.485600e-01 -9.612300e-01 46 35 1.321900e+01 3.370000e+00 8.560400e+02 6.337700e+02 1
5.396700e-01 1.242500e+00 -2.378000e-01 -9.612300e-01 47 35 1.127400e+01 3.370000e+00 8.977100e+02 6.643500e+02 1
6.024300e-01 1.536800e+00 -2.585900e-01 -9.612300e-01 49 35 1.122600e+01 3.370000e+00 8.841400e+02 6.119000e+02 1
6.283500e-01 1.546400e+00 -2.592800e-01 -9.612300e-01 50 35 1.038500e+01 3.370000e+00 8.943500e+02 6.106800e+02 1
2.783800e+00 5.595900e+00 -5.454200e-01 -9.612300e-01 180 35 1.077300e+01 3.370000e+00 1.000200e+03 4.607300e+02 1
2.897500e+00 5.574400e+00 -5.439000e-01 -9.612300e-01 181 35 1.217600e+01 3.370000e+00 1015 4.610300e+02 1
2.913600e+00 5.608600e+00 -5.463200e-01 -9.612300e-01 182 35 1.273700e+01 3.370000e+00 1.014900e+03 4.606900e+02 1
2.929700e+00 5.639700e+00 -5.485200e-01 -9.612300e-01 183 35 1.279900e+01 3.370000e+00 1015 4.603800e+02 1
2.945800e+00 5.669400e+00 -5.506100e-01 -9.612300e-01 184 35 1.250800e+01 3.370000e+00 1.015200e+03 4.600900e+02 1
2.961900e+00 5.700100e+00 -5.527800e-01 -9.612300e-01 185 35 1.165500e+01 3.370000e+00 1.015300e+03 4.598000e+02 1
4.922000e-01 1.110100e+00 -2.284400e-01 -9.291900e-01 42 36 1.085900e+01 3.370000e+00 8.942200e+02 6.975400e+02 0
5.042100e-01 1.205900e+00 -2.352100e-01 -9.291900e-01 43 36 1.245300e+01 3.370000e+00 8.839600e+02 6.725400e+02 0
5.044800e-01 1.288000e+00 -2.410100e-01 -9.291900e-01 44 36 1.318300e+01 3.370000e+00 8.710700e+02 6.541800e+02 1
5.042100e-01 1.356900e+00 -2.458900e-01 -9.291900e-01 45 36 1.312900e+01 3.370000e+00 8.612900e+02 6.406100e+02 1
5.279400e-01 1.377100e+00 -2.473100e-01 -9.291900e-01 46 36 1.235900e+01 3.370000e+00 8.705200e+02 6.371000e+02 1
5.396700e-01 6.718500e-01 -1.974700e-01 -9.291900e-01 47 36 1.109400e+01 3.370000e+00 1.098200e+03 9.196900e+02 0
6.283500e-01 1.496300e+00 -2.557300e-01 -9.291900e-01 48 36 1.228900e+01 3.370000e+00 9.015200e+02 6.180500e+02 1
6.417200e-01 1.503600e+00 -2.562500e-01 -9.291900e-01 49 36 1.260900e+01 3.370000e+00 9.065400e+02 6.170200e+02 1
6.550800e-01 1.517100e+00 -2.572000e-01 -9.291900e-01 50 36 1.172500e+01 3.370000e+00 9.105800e+02 6.150900e+02 1
2.995800e+00 5.526200e+00 -5.405000e-01 -9.291900e-01 181 36 1.108200e+01 3.370000e+00 1.029800e+03 4.616000e+02 1
3.012400e+00 5.557100e+00 -5.426800e-01 -9.291900e-01 182 36 1.145700e+01 3.370000e+00 1.029900e+03 4.612900e+02 1
3.029100e+00 5.587700e+00 -5.448400e-01 -9.291900e-01 183 36 1.125700e+01 3.370000e+00 1030 4.609800e+02 1
3.045700e+00 5.612700e+00 -5.466100e-01 -9.291900e-01 184 36 1.078900e+01 3.370000e+00 1.030400e+03 4.607400e+02 1
6.100700e-01 1.304500e+00 -2.421800e-01 -8.971500e-01 44 37 9.805300e+00 3.370000e+00 9.247000e+02 6.516900e+02 1
5.647800e-01 1.173800e+00 -2.329400e-01 -8.971500e-01 46 37 1.038100e+01 3.370000e+00 9.256000e+02 6.810900e+02 0
6.902800e-01 1.358200e+00 -2.459700e-01 -8.971500e-01 47 37 1.040800e+01 3.370000e+00 9.558300e+02 6.418300e+02 0
6.411700e-01 1.475600e+00 -2.542700e-01 -8.971500e-01 48 37 1.191500e+01 3.370000e+00 9.106000e+02 6.213200e+02 1
6.548100e-01 1.495000e+00 -2.556400e-01 -8.971500e-01 49 37 1.208800e+01 3.370000e+00 9.138800e+02 6.184200e+02 1
6.684500e-01 1.524900e+00 -2.577600e-01 -8.971500e-01 50 37 1.111500e+01 3.370000e+00 9.154200e+02 6.140300e+02 1
0 0 -1.500000e-01 -3.204100e-02 1 64 1.534800e+01 3.370000e+00 2167 -3.612800e+03 0
-7.093800e-02 1.110400e-01 -1.578500e-01 -3.204100e-02 5 64 1.420100e+01 3.370000e+00 -3.217900e+03 7.947500e+03 0
-1.585200e-01 1.860500e-01 -1.631500e-01 -3.204100e-02 8 64 1.333400e+01 3.370000e+00 -1.094500e+03 2.936400e+03 0
-2.008100e-01 1.915000e-01 -1.635300e-01 -3.204100e-02 9 64 1.265400e+01 3.370000e+00 -1.212200e+03 2.795700e+03 0
-2.480100e-01 1.860300e-01 -1.631500e-01 -3.204100e-02 10 64 1.264300e+01 3.370000e+00 -1.523400e+03 2.872200e+03 0
-2.619200e-01 2.204800e-01 -1.655800e-01 -3.204100e-02 11 64 1.214400e+01 3.370000e+00 -1.081800e+03 2.317200e+03 0
-2.851200e-01 2.307300e-01 -1.663000e-01 -3.204100e-02 12 64 1.160800e+01 3.370000e+00 -1.052700e+03 2.190100e+03 0
-3.012100e-01 2.840200e-01 -1.700700e-01 -3.204100e-02 13 64 1.092700e+01 3.370000e+00 -6.720700e+02 1.753400e+03 0
-3.050300e-01 2.886300e-01 -1.704000e-01 -3.204100e-02 14 64 1.040100e+01 3.370000e+00 -6.540400e+02 1.724900e+03 0
-1.298700e-01 4.326600e-01 -1.805700e-01 -3.204100e-02 15 64 1.038200e+01 3.370000e+00 1.660300e+02 1.223500e+03 0
3.609700e-01 3.186600e-01 -1.725200e-01 -3.204100e-02 28 64 1.211100e+01 3.370000e+00 1.212800e+03 1.686700e+03 0
6.722700e-01 6.462900e-01 -1.956700e-01 -3.204100e-02 29 64 1.365500e+01 3.370000e+00 1.273800e+03 9.482500e+02 0
6.725500e-01 7.383800e-01 -2.021800e-01 -3.204100e-02 30 64 1.461400e+01 3.370000e+00 1.190800e+03 8.703000e+02 0
6.793700e-01 7.973900e-01 -2.063500e-01 -3.204100e-02 31 64 1.476700e+01 3.370000e+00 1.155400e+03 8.312800e+02 0
6.766400e-01 8.291200e-01 -2.085900e-01 -3.204100e-02 32 64 1.420900e+01 3.370000e+00 1.132900e+03 8.127500e+02 0
6.810000e-01 8.677800e-01 -2.113200e-01 -3.204100e-02 33 64 1.259800e+01 3.370000e+00 1.114600e+03 7.923900e+02 0
7.421200e-01 7.764900e-01 -2.048700e-01 -3.204100e-02 35 64 1.027700e+01 3.370000e+00 1.229900e+03 8.459300e+02 0
-8.498900e-01 8.733500e-01 -2.117100e-01 -3.204100e-02 36 64 1.073400e+01 3.370000e+00 -9.089800e+01 7.621800e+02 0
-8.643500e-01 8.737900e-01 -2.117400e-01 -3.204100e-02 37 64 1.114400e+01 3.370000e+00 -1.011200e+02 7.617500e+02 0
-8.782700e-01 8.727000e-01 -2.116700e-01 -3.204100e-02 38 64 1.060800e+01 3.370000e+00 -1.124100e+02 7.619900e+02 0
