0 0 -1.500000e-01 0 1 65 1.640000e+01 2.510000e+00 2167 -3.612800e+03 0
-7.093800e-02 1.120900e-01 -1.559000e-01 0 5 65 1.521100e+01 2.510000e+00 -3.109300e+03 7.706600e+03 0
-1.604300e-01 1.844300e-01 -1.597000e-01 0 8 65 1.438300e+01 2.510000e+00 -1.127100e+03 2.949800e+03 0
-2.008100e-01 1.918400e-01 -1.600900e-01 0 9 65 1.374700e+01 2.510000e+00 -1205 2.769400e+03 0
-2.480100e-01 1.870100e-01 -1.598400e-01 0 10 65 1.364200e+01 2.510000e+00 -1.503200e+03 2.832400e+03 0
-2.619200e-01 2.220000e-01 -1.616800e-01 0 11 65 1.314300e+01 2.510000e+00 -1.062800e+03 2.280900e+03 0
-2.881200e-01 2.275500e-01 -1.619700e-01 0 12 65 1.267900e+01 2.510000e+00 -1.095700e+03 2.206400e+03 0
-3.110400e-01 2.744000e-01 -1.644300e-01 0 13 65 1.194400e+01 2.510000e+00 -7.606800e+02 1.796900e+03 0
-3.121300e-01 3.085400e-01 -1.662300e-01 0 14 65 1.157400e+01 2.510000e+00 -5.605900e+02 1.601200e+03 0
-1.222300e-01 4.216500e-01 -1.721800e-01 0 15 65 1.143300e+01 2.510000e+00 1.632300e+02 1.235700e+03 0
3.609700e-01 2.996000e-01 -1.657600e-01 0 28 65 1.315800e+01 2.510000e+00 1.258300e+03 1.784100e+03 0
6.722700e-01 6.432100e-01 -1.838300e-01 0 29 65 1.467800e+01 2.510000e+00 1.276300e+03 9.378100e+02 0
6.725500e-01 7.359700e-01 -1.887100e-01 0 30 65 1.561900e+01 2.510000e+00 1.192100e+03 8.589200e+02 0
6.793700e-01 7.975300e-01 -1.919500e-01 0 31 65 1.573800e+01 2.510000e+00 1.154700e+03 8.182400e+02 0
6.766400e-01 8.299800e-01 -1.936600e-01 0 32 65 1.513400e+01 2.510000e+00 1.131900e+03 7.994100e+02 0
6.810000e-01 8.713000e-01 -1.958300e-01 0 33 65 1.344700e+01 2.510000e+00 1.112200e+03 7.778500e+02 0
7.235700e-01 8.499300e-01 -1.947100e-01 0 35 65 1.135800e+01 2.510000e+00 1.160800e+03 7.895900e+02 0
-8.212400e-01 9.010500e-01 -1.974000e-01 0 36 65 1.179000e+01 2.510000e+00 -4.457900e+01 7.391300e+02 0
-8.348900e-01 8.952400e-01 -1.970900e-01 0 37 65 1.226800e+01 2.510000e+00 -5.945200e+01 7.412800e+02 0
-8.479800e-01 8.837200e-01 -1.964900e-01 0 38 65 1.191600e+01 2.510000e+00 -7.934000e+01 7.458500e+02 0
-8.605300e-01 8.957400e-01 -1.971200e-01 0 39 65 1.078500e+01 2.510000e+00 -7.741900e+01 7.406800e+02 0
0 0 -1.500000e-01 3.204100e-02 1 66 1.536000e+01 2.510000e+00 2167 -3.612800e+03 0
-7.093800e-02 1.128000e-01 -1.559300e-01 3.204100e-02 5 66 1.420100e+01 2.510000e+00 -3.043100e+03 7.579400e+03 0
-1.604300e-01 1.843000e-01 -1.596900e-01 3.204100e-02 8 66 1.338200e+01 2.510000e+00 -1.129200e+03 2.952600e+03 0
-2.008100e-01 1.931900e-01 -1.601600e-01 3.204100e-02 9 66 1.275100e+01 2.510000e+00 -1.184700e+03 2744 0
-2.504700e-01 1.850600e-01 -1.597300e-01 3.204100e-02 10 66 1.259700e+01 2.510000e+00 -1.550600e+03 2.870600e+03 0
-2.646500e-01 2.202700e-01 -1.615900e-01 3.204100e-02 11 66 1.214400e+01 2.510000e+00 -1.092500e+03 2.300800e+03 0
-2.911200e-01 2.245300e-01 -1.618100e-01 3.204100e-02 12 66 1.165200e+01 2.510000e+00 -1.140100e+03 2.239300e+03 0
-3.143100e-01 2.724000e-01 -1.643300e-01 3.204100e-02 13 66 1.086200e+01 2.510000e+00 -7.837700e+02 1.809600e+03 0
-3.227700e-01 3.068900e-01 -1.661400e-01 3.204100e-02 14 66 1.047500e+01 2.510000e+00 -595 1.607500e+03 0
-1.184100e-01 4.564200e-01 -1.740100e-01 3.204100e-02 15 66 1.051000e+01 2.510000e+00 2.170900e+02 1.160200e+03 0
3.536000e-01 3.368900e-01 -1.677200e-01 3.204100e-02 28 66 1.209800e+01 2.510000e+00 1.155200e+03 1.576300e+03 0
6.722700e-01 6.404600e-01 -1.836900e-01 3.204100e-02 29 66 1.363600e+01 2.510000e+00 1.279200e+03 9.405600e+02 0
6.725500e-01 7.338200e-01 -1.886000e-01 3.204100e-02 30 66 1.454900e+01 2.510000e+00 1.193800e+03 8.604900e+02 0
6.711800e-01 8.044800e-01 -1.923200e-01 3.204100e-02 31 66 1.462700e+01 2.510000e+00 1.142600e+03 8.138900e+02 0
6.766400e-01 8.315900e-01 -1.937400e-01 3.204100e-02 32 66 1.393100e+01 2.510000e+00 1.130900e+03 7.985100e+02 0
6.810000e-01 8.777400e-01 -1.961700e-01 3.204100e-02 33 66 1.198000e+01 2.510000e+00 1.108700e+03 7.746900e+02 0
7.050100e-01 8.817800e-01 -1.963800e-01 3.204100e-02 35 66 1.044600e+01 2.510000e+00 1.126500e+03 7.731700e+02 0
-8.212400e-01 8.971100e-01 -1.971900e-01 3.204100e-02 36 66 1.087900e+01 2.510000e+00 -4.800200e+01 7.407300e+02 0
-8.348900e-01 8.941500e-01 -1.970400e-01 3.204100e-02 37 66 1.136000e+01 2.510000e+00 -6.041500e+01 7.417300e+02 0
-8.378900e-01 8.971200e-01 -1.971900e-01 3.204100e-02 38 66 1.106200e+01 2.510000e+00 -5.993700e+01 7.404700e+02 0
-8.605300e-01 9.055600e-01 -1.976300e-01 3.204100e-02 39 66 1.012500e+01 2.510000e+00 -6.861800e+01 7.367300e+02 0
6.646300e-01 7.471000e-01 -1.893000e-01 6.408200e-02 30 67 1.026900e+01 2.510000e+00 1.175600e+03 8.507600e+02 0
6.793700e-01 7.959500e-01 -1.918700e-01 6.408200e-02 31 67 1.073100e+01 2.510000e+00 1.155700e+03 8.192000e+02 0
6.935500e-01 8.067500e-01 -1.924400e-01 6.408200e-02 32 67 1.054200e+01 2.510000e+00 1.161700e+03 8.130400e+02 0
7.159300e-01 8.015700e-01 -1.921700e-01 6.408200e-02 33 67 9.858000e+00 2.510000e+00 1.185900e+03 8.166200e+02 0
-4.081700e-01 1.332300e+00 -2.200900e-01 -7.369400e-01 45 42 1.045300e+01 2.510000e+00 4.042000e+02 6.263400e+02 1
-4.420000e-01 1.378200e+00 -2.225000e-01 -7.369400e-01 46 42 1.223800e+01 2.510000e+00 3.982100e+02 6.180300e+02 1
-4.643700e-01 1.422600e+00 -2.248400e-01 -7.369400e-01 47 42 1.291200e+01 2.510000e+00 3.975800e+02 6.105700e+02 1
-4.744700e-01 1.462300e+00 -2.269200e-01 -7.369400e-01 48 42 1.260500e+01 2.510000e+00 4.014500e+02 6.043900e+02 1
-4.845600e-01 1.491100e+00 -2.284400e-01 -7.369400e-01 49 42 1.117100e+01 2.510000e+00 4.029100e+02 6.001000e+02 1
-5.882400e-01 1.543500e+00 -2.311900e-01 -7.369400e-01 50 42 1.059800e+01 2.510000e+00 3.695600e+02 5.922600e+02 0
-6.548100e-01 1.574300e+00 -2.328100e-01 -7.369400e-01 51 42 1.031500e+01 2.510000e+00 3.487900e+02 5.878900e+02 0
-4.081700e-01 1.349500e+00 -2.209900e-01 -7.049000e-01 45 43 1.174600e+01 2.510000e+00 4.080600e+02 6.232400e+02 1
-4.420000e-01 1.393000e+00 -2.232800e-01 -7.049000e-01 46 43 1.352300e+01 2.510000e+00 4.015000e+02 6.155300e+02 1
-4.643700e-01 1.436200e+00 -2.255500e-01 -7.049000e-01 47 43 1.422400e+01 2.510000e+00 4.005000e+02 6.084400e+02 1
-4.872900e-01 1.477200e+00 -2.277000e-01 -7.049000e-01 48 43 1.399800e+01 2.510000e+00 3.988600e+02 6.021000e+02 1
-5.107500e-01 1.518800e+00 -2.299000e-01 -7.049000e-01 49 43 1.300900e+01 2.510000e+00 3.972200e+02 5.960400e+02 0
-5.481300e-01 1.541300e+00 -2.310800e-01 -7.049000e-01 50 43 1.253500e+01 2.510000e+00 3.859700e+02 5.927600e+02 0
-6.002400e-01 1.556100e+00 -2.318600e-01 -7.049000e-01 51 43 1.187800e+01 2.510000e+00 3.673000e+02 5.905200e+02 0
-6.679100e-01 1.579100e+00 -2.330700e-01 -7.049000e-01 52 43 1.134200e+01 2.510000e+00 3.445400e+02 5.872000e+02 0
-7.377500e-01 1.625900e+00 -2.355200e-01 -7.049000e-01 53 43 1.050500e+01 2.510000e+00 3.272500e+02 5.811100e+02 0
-4.201700e-01 1.364600e+00 -2.217800e-01 -6.728600e-01 45 44 1.100300e+01 2.510000e+00 4.056100e+02 6.205000e+02 1
-4.420000e-01 1.412600e+00 -2.243000e-01 -6.728600e-01 46 44 1.283800e+01 2.510000e+00 4.057200e+02 6.123300e+02 1
-4.769200e-01 1.451000e+00 -2.263300e-01 -6.728600e-01 47 44 1.357200e+01 2.510000e+00 3.979700e+02 6.060900e+02 1
-5.385800e-01 1.492100e+00 -2.284900e-01 -6.728600e-01 48 44 1.355100e+01 2.510000e+00 3.795600e+02 5.996400e+02 1
-5.631400e-01 1.534300e+00 -2.307100e-01 -6.728600e-01 49 44 1.285100e+01 2.510000e+00 3.781500e+02 5.936300e+02 0
-5.882400e-01 1.556300e+00 -2.318700e-01 -6.728600e-01 50 44 1.206500e+01 2.510000e+00 3.723300e+02 5.905600e+02 0
-4.911100e-01 1.551900e+00 -2.316400e-01 -6.728600e-01 51 44 1.069800e+01 2.510000e+00 4.120100e+02 5.916700e+02 0
-6.679100e-01 1.560200e+00 -2.320700e-01 -6.728600e-01 52 44 1.162100e+01 2.510000e+00 3.401700e+02 5.896200e+02 0
-7.377500e-01 1.593000e+00 -2.338000e-01 -6.728600e-01 53 44 1.094800e+01 2.510000e+00 3.194600e+02 5.850900e+02 0
-5.898800e-01 1.438500e+00 -2.256700e-01 -6.408200e-01 47 45 1.095000e+01 2.510000e+00 3.442300e+02 6.072900e+02 1
-6.283500e-01 1.478000e+00 -2.277500e-01 -6.408200e-01 48 45 1.156200e+01 2.510000e+00 3.370700e+02 6.011400e+02 1
-6.548100e-01 1.512900e+00 -2.295800e-01 -6.408200e-01 49 45 1.107200e+01 2.510000e+00 3.343000e+02 5.960400e+02 0
-6.818200e-01 1.521700e+00 -2.300500e-01 -6.408200e-01 50 45 1.055100e+01 2.510000e+00 3.250100e+02 5.946700e+02 0
-7.093800e-01 1.364500e+00 -2.217800e-01 -6.408200e-01 51 45 9.793300e+00 2.510000e+00 2.678100e+02 6.185100e+02 0
-7.096500e-01 1.493100e+00 -2.285400e-01 -6.408200e-01 52 45 1.029800e+01 2.510000e+00 3.056500e+02 5.985000e+02 1
1.085500e+01 4.294500e+00 5.120000e+00 -2.883700e-01 366 56 1.013400e+01 2.510000e+00 2.341900e+03 -3.514600e+02 0
0 0 -1.500000e-01 -6.408200e-02 1 63 1.058000e+01 2.510000e+00 2167 -3.612800e+03 0
-6.384400e-02 1.469600e-02 -1.507700e-01 -6.408200e-02 3 63 9.438700e+00 2.510000e+00 3.311700e+03 -4.791800e+03 0
6.488100e-01 7.381800e-01 -1.888300e-01 -6.408200e-02 30 63 9.807300e+00 2.510000e+00 1.166300e+03 8.566800e+02 0
6.630000e-01 8.108000e-01 -1.926500e-01 -6.408200e-02 31 63 1.019100e+01 2.510000e+00 1.131200e+03 810 0
6.851000e-01 8.291700e-01 -1.936200e-01 -6.408200e-02 32 63 9.819300e+00 2.510000e+00 1.139900e+03 8.000300e+02 0
0 0 -1.500000e-01 -3.204100e-02 1 64 1.542100e+01 2.510000e+00 2167 -3.612800e+03 0
-7.093800e-02 1.113300e-01 -1.558600e-01 -3.204100e-02 5 64 1.417700e+01 2.510000e+00 -3.181600e+03 7.845700e+03 0
-1.585200e-01 1.860900e-01 -1.597900e-01 -3.204100e-02 8 64 1.336000e+01 2.510000e+00 -1092 2.914900e+03 0
-1.986300e-01 1.933100e-01 -1.601700e-01 -3.204100e-02 9 64 1.272500e+01 2.510000e+00 -1.173100e+03 2.743200e+03 0
-2.480100e-01 1.856300e-01 -1.597600e-01 -3.204100e-02 10 64 1.257500e+01 2.510000e+00 -1.528400e+03 2.860500e+03 0
-2.619200e-01 2.200500e-01 -1.615800e-01 -3.204100e-02 11 64 1.212200e+01 2.510000e+00 -1085 2.304700e+03 0
-2.881200e-01 2.237300e-01 -1.617700e-01 -3.204100e-02 12 64 1.162600e+01 2.510000e+00 -1.138500e+03 2.249800e+03 0
-3.110400e-01 2.715200e-01 -1.642800e-01 -3.204100e-02 13 64 1.093400e+01 2.510000e+00 -7.808100e+02 1.816300e+03 0
-3.085800e-01 3.030600e-01 -1.659400e-01 -3.204100e-02 14 64 1.053000e+01 2.510000e+00 -5.805400e+02 1.629500e+03 0
-1.145900e-01 4.220000e-01 -1.722000e-01 -3.204100e-02 15 64 1.036100e+01 2.510000e+00 1.771800e+02 1.235500e+03 0
3.609700e-01 3.034700e-01 -1.659600e-01 -3.204100e-02 28 64 1.220900e+01 2.510000e+00 1.248200e+03 1.759400e+03 0
6.722700e-01 6.447600e-01 -1.839200e-01 -3.204100e-02 29 64 1.369500e+01 2.510000e+00 1.274600e+03 9.362700e+02 0
6.725500e-01 7.379900e-01 -1.888200e-01 -3.204100e-02 30 64 1.465700e+01 2.510000e+00 1.190500e+03 8.574600e+02 0
6.793700e-01 7.973700e-01 -1.919400e-01 -3.204100e-02 31 64 1.479600e+01 2.510000e+00 1.154800e+03 8.183400e+02 0
6.766400e-01 8.285000e-01 -1.935800e-01 -3.204100e-02 32 64 1.422700e+01 2.510000e+00 1.132700e+03 8.002300e+02 0
6.810000e-01 8.692100e-01 -1.957200e-01 -3.204100e-02 33 64 1.262800e+01 2.510000e+00 1.113300e+03 7.789000e+02 0
7.421200e-01 8.472600e-01 -1.945700e-01 -3.204100e-02 35 64 1.040500e+01 2.510000e+00 1.178700e+03 7.913700e+02 0
-8.307900e-01 8.923900e-01 -1.969400e-01 -3.204100e-02 36 64 1.071400e+01 2.510000e+00 -5.903500e+01 7.425200e+02 0
-8.250600e-01 9.003300e-01 -1.973600e-01 -3.204100e-02 37 64 1.118100e+01 2.510000e+00 -4.794200e+01 7.393700e+02 0
-8.378900e-01 8.763700e-01 -1.961000e-01 -3.204100e-02 38 64 1.080900e+01 2.510000e+00 -7.876900e+01 7.491300e+02 0
