0 0 -1.500000e-01 0 1 65 1.635700e+01 3.120000e+00 2167 -3.612800e+03 0
-7.093800e-02 1.117500e-01 -1.573100e-01 0 5 65 1.521600e+01 3.120000e+00 -3.146500e+03 7.800600e+03 0
-1.585200e-01 1.860700e-01 -1.621700e-01 0 8 65 1.437800e+01 3.120000e+00 -1.093700e+03 2930 0
-2.008100e-01 1.910800e-01 -1.625000e-01 0 9 65 1.371700e+01 3.120000e+00 -1.218100e+03 2.798100e+03 0
-2.480100e-01 1.863900e-01 -1.621900e-01 0 10 65 1.365900e+01 3.120000e+00 -1.516100e+03 2859 0
-2.619200e-01 2.223200e-01 -1.645400e-01 0 11 65 1.312300e+01 3.120000e+00 -1.060400e+03 2.289600e+03 0
-2.851200e-01 2.344200e-01 -1.653300e-01 0 12 65 1.270400e+01 3.120000e+00 -1.014300e+03 2.146400e+03 0
-3.077600e-01 2.772600e-01 -1.681400e-01 0 13 65 1.192700e+01 3.120000e+00 -7.330400e+02 1790 0
-3.156700e-01 2.957800e-01 -1.693500e-01 0 14 65 1.152100e+01 3.120000e+00 -6.393400e+02 1.677700e+03 0
-1.260500e-01 4.027300e-01 -1.763400e-01 0 15 65 1.145400e+01 3.120000e+00 1.257600e+02 1.293300e+03 0
3.609700e-01 2.988000e-01 -1.695400e-01 0 28 65 1.316500e+01 3.120000e+00 1261 1.801400e+03 0
6.799100e-01 6.378800e-01 -1.917200e-01 0 29 65 1.469600e+01 3.120000e+00 1.291800e+03 9.530400e+02 0
6.725500e-01 7.357400e-01 -1.981200e-01 0 30 65 1.560300e+01 3.120000e+00 1.192700e+03 8.684000e+02 0
6.793700e-01 7.975800e-01 -2.021700e-01 0 31 65 1.573800e+01 3.120000e+00 1.155100e+03 8.274000e+02 0
6.766400e-01 8.320900e-01 -2.044300e-01 0 32 65 1.518900e+01 3.120000e+00 1131 8.073600e+02 0
6.810000e-01 8.722900e-01 -2.070600e-01 0 33 65 1.367400e+01 3.120000e+00 1112 7.864200e+02 0
7.514000e-01 6.183700e-01 -1.904500e-01 0 35 65 1.103800e+01 3.120000e+00 1.404600e+03 9.765500e+02 0
-8.594400e-01 8.577700e-01 -2.061100e-01 0 36 65 1.180700e+01 3.120000e+00 -1.129800e+02 7.653900e+02 0
-8.643500e-01 8.712300e-01 -2.069900e-01 0 37 65 1.228700e+01 3.120000e+00 -1.034500e+02 7.593800e+02 0
-8.883600e-01 8.503500e-01 -2.056200e-01 0 38 65 1.193200e+01 3.120000e+00 -1.422500e+02 7.682300e+02 0
-9.227400e-01 7.853000e-01 -2.013700e-01 0 39 65 1.066700e+01 3.120000e+00 -2.437100e+02 7.997000e+02 0
0 0 -1.500000e-01 3.204100e-02 1 66 1.530400e+01 3.120000e+00 2167 -3.612800e+03 0
-7.093800e-02 1.121800e-01 -1.573400e-01 3.204100e-02 5 66 1.419100e+01 3.120000e+00 -3106 7.722500e+03 0
-1.585200e-01 1.860500e-01 -1.621700e-01 3.204100e-02 8 66 1.337100e+01 3.120000e+00 -1.093900e+03 2.930400e+03 0
-2.008100e-01 1.912400e-01 -1.625100e-01 3.204100e-02 9 66 1.274100e+01 3.120000e+00 -1.215600e+03 2795 0
-2.480100e-01 1.866600e-01 -1.622100e-01 3.204100e-02 10 66 1.266700e+01 3.120000e+00 -1.511300e+03 2.853700e+03 0
-2.592000e-01 2.265600e-01 -1.648200e-01 3.204100e-02 11 66 1.212700e+01 3.120000e+00 -1.004500e+03 2.241100e+03 0
-2.851200e-01 2.340200e-01 -1.653100e-01 3.204100e-02 12 66 1.165500e+01 3.120000e+00 -1.018400e+03 2.150500e+03 0
-3.077600e-01 2.779400e-01 -1.681800e-01 3.204100e-02 13 66 1.082900e+01 3.120000e+00 -7.285000e+02 1.785600e+03 0
-3.263100e-01 2.946200e-01 -1.692700e-01 3.204100e-02 14 66 1.052000e+01 3.120000e+00 -6.731800e+02 1.682100e+03 0
-1.222300e-01 2.865600e-01 -1.687400e-01 3.204100e-02 15 66 1.052700e+01 3.120000e+00 -1.680300e+02 1.771900e+03 0
3.609700e-01 3.404100e-01 -1.722700e-01 3.204100e-02 28 66 1.218100e+01 3.120000e+00 1.168200e+03 1.572400e+03 0
6.799100e-01 6.335100e-01 -1.914400e-01 3.204100e-02 29 66 1.366400e+01 3.120000e+00 1.296700e+03 9.575300e+02 0
6.725500e-01 7.329500e-01 -1.979400e-01 3.204100e-02 30 66 1.456900e+01 3.120000e+00 1.194900e+03 8.704500e+02 0
6.793700e-01 7.974900e-01 -2.021600e-01 3.204100e-02 31 66 1.469900e+01 3.120000e+00 1.155100e+03 8.274500e+02 0
6.766400e-01 8.340900e-01 -2.045600e-01 3.204100e-02 32 66 1.413200e+01 3.120000e+00 1.129800e+03 8.062600e+02 0
6.722700e-01 8.799000e-01 -2.075500e-01 3.204100e-02 33 66 1.256200e+01 3.120000e+00 1.100700e+03 7.825200e+02 0
7.514000e-01 6.217500e-01 -1.906700e-01 3.204100e-02 35 66 1.017100e+01 3.120000e+00 1400 9.728300e+02 0
-8.785400e-01 8.422200e-01 -2.050900e-01 3.204100e-02 36 66 1.091500e+01 3.120000e+00 -1.432900e+02 7.721400e+02 0
-8.741700e-01 8.682000e-01 -2.067900e-01 3.204100e-02 37 66 1.140900e+01 3.120000e+00 -1.136500e+02 7.605300e+02 0
-8.782700e-01 8.818800e-01 -2.076800e-01 3.204100e-02 38 66 1.110700e+01 3.120000e+00 -1.034300e+02 7.546000e+02 0
0 0 -1.500000e-01 6.408200e-02 1 67 1.058600e+01 3.120000e+00 2167 -3.612800e+03 0
0 0 -1.500000e-01 9.612300e-02 1 68 1.042600e+01 3.120000e+00 2167 -3.612800e+03 0
5.347600e-01 6.799700e+00 -5.947700e-01 -1.089400e+00 197 31 1.042600e+01 3.120000e+00 7.284300e+02 4.461700e+02 1
5.912400e-01 6.843300e+00 -5.976200e-01 -1.089400e+00 198 31 1.089000e+01 3.120000e+00 7.335400e+02 4.459100e+02 1
7.022900e-01 6.867500e+00 -5.992000e-01 -1.089400e+00 199 31 1.097100e+01 3.120000e+00 7.438500e+02 4.458100e+02 1
8.144200e-01 6.872600e+00 -5.995400e-01 -1.089400e+00 200 31 1.092900e+01 3.120000e+00 7.543800e+02 4.458300e+02 1
1.036800e+00 6.864500e+00 -5.990000e-01 -1.089400e+00 201 31 1.029000e+01 3.120000e+00 7.754500e+02 4.459900e+02 1
-9.412900e-02 3.878100e+00 -4.036700e-01 -1.057400e+00 116 32 1.008100e+01 3.120000e+00 6.496100e+02 4.797200e+02 1
-1.582500e-01 3.994900e+00 -4.113000e-01 -1.057400e+00 117 32 1.079000e+01 3.120000e+00 6.405600e+02 4.773200e+02 1
-1.915300e-01 4.054200e+00 -4.151800e-01 -1.057400e+00 118 32 1.045300e+01 3.120000e+00 6.360600e+02 4.761600e+02 1
-9.904000e-02 4.212000e+00 -4.255100e-01 -1.057400e+00 122 32 1.031900e+01 3.120000e+00 6.524300e+02 4.734200e+02 1
-6.657300e-02 4.260000e+00 -4.286500e-01 -1.057400e+00 123 32 1.020200e+01 3.120000e+00 6.578300e+02 4.726300e+02 1
8.512600e-01 6.738200e+00 -5.907400e-01 -1.057400e+00 196 32 1.071600e+01 3.120000e+00 7.591400e+02 4.467400e+02 1
8.021400e-01 6.791400e+00 -5.942200e-01 -1.057400e+00 197 32 1.307000e+01 3.120000e+00 7.539400e+02 4.463600e+02 1
7.524900e-01 6.832200e+00 -5.968900e-01 -1.057400e+00 198 32 1.426200e+01 3.120000e+00 7.488700e+02 4.460600e+02 1
7.563100e-01 6.863700e+00 -5.989500e-01 -1.057400e+00 199 32 1.460800e+01 3.120000e+00 7.489700e+02 4.458600e+02 1
8.144200e-01 6.885800e+00 -6.004000e-01 -1.057400e+00 200 32 1.435100e+01 3.120000e+00 7.542600e+02 4.457400e+02 1
8.185100e-01 6.914400e+00 -6.022700e-01 -1.057400e+00 201 32 1.364900e+01 3.120000e+00 7.543900e+02 4.455600e+02 1
8.774500e-01 6.928700e+00 -6.032100e-01 -1.057400e+00 202 32 1.235100e+01 3.120000e+00 7.597700e+02 4.455000e+02 1
9.920400e-01 6.814300e+00 -5.957200e-01 -1.057400e+00 203 32 1.013400e+01 3.120000e+00 7.718000e+02 4.463000e+02 1
-7.661300e-01 1.086600e+01 -8.607700e-01 -1.057400e+00 313 32 1.054500e+01 3.120000e+00 6.388400e+02 4.290700e+02 1
-7.685900e-01 1.088300e+01 -8.618600e-01 -1.057400e+00 314 32 1.077400e+01 3.120000e+00 6.387800e+02 4.290200e+02 1
-1.255100e-01 3.952600e+00 -4.085400e-01 -1.025300e+00 116 33 1.173800e+01 3.120000e+00 6.453300e+02 4.781900e+02 1
-2.215400e-01 4.017800e+00 -4.128000e-01 -1.025300e+00 117 33 1.265400e+01 3.120000e+00 6.307100e+02 4.768200e+02 1
-2.553800e-01 4.055800e+00 -4.152900e-01 -1.025300e+00 118 33 1.267300e+01 3.120000e+00 6.259400e+02 4.760600e+02 1
-3.219500e-01 4.079100e+00 -4.168200e-01 -1.025300e+00 119 33 1.167000e+01 3.120000e+00 6.158300e+02 4.755600e+02 1
1.309600e-01 4.168900e+00 -4.226900e-01 -1.025300e+00 121 33 1.093100e+01 3.120000e+00 6.876800e+02 4.744200e+02 0
-6.602700e-02 4.213100e+00 -4.255800e-01 -1.025300e+00 122 33 1.161500e+01 3.120000e+00 6.575000e+02 4.734400e+02 1
-1.331500e-01 4.257300e+00 -4.284700e-01 -1.025300e+00 123 33 1.164700e+01 3.120000e+00 6.477100e+02 4.726200e+02 1
-1.342400e-01 4.288000e+00 -4.304800e-01 -1.025300e+00 124 33 1.080900e+01 3.120000e+00 6.478800e+02 4.721000e+02 1
9.044600e-01 6.736100e+00 -5.906100e-01 -1.025300e+00 196 33 1.125000e+01 3.120000e+00 7.642800e+02 4.467800e+02 1
8.021400e-01 6.795100e+00 -5.944600e-01 -1.025300e+00 197 33 1.367200e+01 3.120000e+00 7.539000e+02 4.463300e+02 1
7.524900e-01 6.835600e+00 -5.971100e-01 -1.025300e+00 198 33 1.485200e+01 3.120000e+00 7.488400e+02 4.460400e+02 1
7.563100e-01 6.867700e+00 -5.992100e-01 -1.025300e+00 199 33 1.515400e+01 3.120000e+00 7.489400e+02 4.458300e+02 1
8.144200e-01 6.890000e+00 -6.006700e-01 -1.025300e+00 200 33 1.493700e+01 3.120000e+00 7.542200e+02 4.457100e+02 1
8.185100e-01 6.919100e+00 -6.025800e-01 -1.025300e+00 201 33 1.444000e+01 3.120000e+00 7.543500e+02 4.455300e+02 1
8.226100e-01 6.942900e+00 -6.041300e-01 -1.025300e+00 202 33 1.329900e+01 3.120000e+00 7.545200e+02 4.453800e+02 1
7.164700e-01 6.932300e+00 -6.034400e-01 -1.025300e+00 203 33 1.111000e+01 3.120000e+00 7.447000e+02 4.453900e+02 1
-6.810000e-01 1.085500e+01 -8.600000e-01 -1.025300e+00 313 33 1.089100e+01 3.120000e+00 6.437800e+02 4.291200e+02 1
-7.685900e-01 1.088500e+01 -8.620200e-01 -1.025300e+00 314 33 1.105600e+01 3.120000e+00 6.387900e+02 4.290200e+02 1
3.331400e+00 1.103100e+01 -8.715300e-01 -1.025300e+00 331 33 1.085500e+01 3.120000e+00 8.793100e+02 4.296900e+02 1
3.251100e+00 1.109300e+01 -8.755900e-01 -1.025300e+00 332 33 1.109900e+01 3.120000e+00 8.735300e+02 4.295100e+02 1
3.170400e+00 1.112200e+01 -8.774600e-01 -1.025300e+00 333 33 1.020300e+01 3.120000e+00 8.683200e+02 4.294200e+02 1
-1.984100e+00 1.391400e+01 -1.060100e+00 -1.025300e+00 405 33 1.086400e+01 3.120000e+00 5.953700e+02 4.228400e+02 1
-2.099500e+00 1.397200e+01 -1.063900e+00 -1.025300e+00 406 33 1.076000e+01 3.120000e+00 5.905500e+02 4.227300e+02 1
-1.568800e-01 3.982500e+00 -4.105000e-01 -9.932700e-01 116 34 1.145800e+01 3.120000e+00 6.406200e+02 4.775600e+02 1
-2.215400e-01 4.024500e+00 -4.132400e-01 -9.932700e-01 117 34 1.248900e+01 3.120000e+00 6.308200e+02 4.766900e+02 1
-2.553800e-01 4.058200e+00 -4.154500e-01 -9.932700e-01 118 34 1.261200e+01 3.120000e+00 6.259800e+02 4.760200e+02 1
-3.219500e-01 4.073600e+00 -4.164500e-01 -9.932700e-01 119 34 1.167300e+01 3.120000e+00 6.157200e+02 4.756600e+02 1
1.309600e-01 4.165800e+00 -4.224800e-01 -9.932700e-01 121 34 1.054700e+01 3.120000e+00 6.876800e+02 4.744700e+02 0
-3.301300e-02 4.202100e+00 -4.248600e-01 -9.932700e-01 122 34 1.120500e+01 3.120000e+00 6.624800e+02 4.736600e+02 1
-9.985900e-02 4.255500e+00 -4.283500e-01 -9.932700e-01 123 34 1.128000e+01 3.120000e+00 6.527400e+02 4.726800e+02 1
-1.006800e-01 4.293800e+00 -4.308600e-01 -9.932700e-01 124 34 1.057500e+01 3.120000e+00 6.529900e+02 4.720300e+02 1
1.700300e+00 5.028500e+00 -4.789100e-01 -9.932700e-01 153 34 1.100600e+01 3.120000e+00 8.925500e+02 4.630300e+02 0
1.795000e+00 5.032700e+00 -4.791900e-01 -9.932700e-01 154 34 1.101400e+01 3.120000e+00 9.048000e+02 4.630500e+02 0
9.576600e-01 6.742300e+00 -5.910100e-01 -9.932700e-01 196 34 1.028300e+01 3.120000e+00 7.693400e+02 4.467600e+02 1
8.021400e-01 6.796100e+00 -5.945300e-01 -9.932700e-01 197 34 1.243100e+01 3.120000e+00 7.539000e+02 4.463200e+02 1
7.524900e-01 6.837300e+00 -5.972200e-01 -9.932700e-01 198 34 1.343900e+01 3.120000e+00 7.488300e+02 4.460300e+02 1
7.022900e-01 6.875600e+00 -5.997300e-01 -9.932700e-01 199 34 1.359500e+01 3.120000e+00 7.437900e+02 4.457500e+02 1
8.144200e-01 6.889300e+00 -6.006300e-01 -9.932700e-01 200 34 1.345100e+01 3.120000e+00 7.542300e+02 4.457200e+02 1
8.730800e-01 6.914700e+00 -6.022900e-01 -9.932700e-01 201 34 1.332600e+01 3.120000e+00 7.595000e+02 4.455800e+02 1
8.226100e-01 6.950700e+00 -6.046400e-01 -9.932700e-01 202 34 1.243300e+01 3.120000e+00 7.544500e+02 4.453300e+02 1
6.062500e-01 6.966000e+00 -6.056500e-01 -9.932700e-01 203 34 1.053700e+01 3.120000e+00 7.342200e+02 4.451300e+02 1
3.202000e+00 1.087200e+01 -8.611100e-01 -9.932700e-01 327 34 1.082700e+01 3.120000e+00 8.743000e+02 4.300700e+02 1
3.122600e+00 1.091700e+01 -8.640800e-01 -9.932700e-01 328 34 1.071900e+01 3.120000e+00 8.687900e+02 4.299300e+02 1
3.421400e+00 1.099700e+01 -8.693300e-01 -9.932700e-01 331 34 1.094400e+01 3.120000e+00 8.852300e+02 4.298000e+02 1
3.431800e+00 1.103700e+01 -8.719500e-01 -9.932700e-01 332 34 1.113200e+01 3.120000e+00 8.851400e+02 4.297000e+02 1
3.532700e+00 1.103100e+01 -8.715500e-01 -9.932700e-01 333 34 1.030100e+01 3.120000e+00 8.912400e+02 4.297400e+02 0
-1.873900e+00 1.398400e+01 -1.064700e+00 -9.932700e-01 405 34 1.030500e+01 3.120000e+00 6.008600e+02 4.227500e+02 1
-2.099500e+00 1.398600e+01 -1.064800e+00 -9.932700e-01 406 34 1.024100e+01 3.120000e+00 5.906600e+02 4.227100e+02 1
-1.582500e-01 3.982300e+00 -4.104800e-01 -9.612300e-01 117 35 9.912400e+00 3.120000e+00 6.403900e+02 4.775700e+02 1
-1.915300e-01 4.036400e+00 -4.140200e-01 -9.612300e-01 118 35 1.018600e+01 3.120000e+00 6.358000e+02 4.765000e+02 1
1.700300e+00 5.014300e+00 -4.779800e-01 -9.612300e-01 153 35 1.018500e+01 3.120000e+00 8.931300e+02 4.632100e+02 0
1.795000e+00 5.031000e+00 -4.790800e-01 -9.612300e-01 154 35 1.026400e+01 3.120000e+00 9.048800e+02 4.630700e+02 0
7.563100e-01 6.873300e+00 -5.995800e-01 -9.612300e-01 199 35 1.028600e+01 3.120000e+00 7.488900e+02 4.457900e+02 1
-2.671600e+00 5.893000e+00 -5.354600e-01 -9.291900e-01 193 36 1.028600e+01 3.120000e+00 3.878900e+02 4.511900e+02 1
-2.738200e+00 6.028200e+00 -5.443100e-01 -9.291900e-01 194 36 1.088800e+01 3.120000e+00 3.878500e+02 4.500400e+02 1
-2.805300e+00 6.117400e+00 -5.501400e-01 -9.291900e-01 195 36 1.083200e+01 3.120000e+00 3.854500e+02 4.493000e+02 1
-3.427100e+00 7.532300e+00 -6.426800e-01 -9.291900e-01 238 36 1.105900e+01 3.120000e+00 3.917100e+02 4.401300e+02 1
-3.571500e+00 7.501200e+00 -6.406500e-01 -9.291900e-01 239 36 1.196100e+01 3.120000e+00 3.785000e+02 4.402300e+02 1
-3.586500e+00 7.524800e+00 -6.421900e-01 -9.291900e-01 240 36 1.206100e+01 3.120000e+00 3.782400e+02 4.401100e+02 1
-3.601500e+00 7.536900e+00 -6.429900e-01 -9.291900e-01 241 36 1.151800e+01 3.120000e+00 3.775000e+02 4.400400e+02 1
-3.616500e+00 7.561300e+00 -6.445800e-01 -9.291900e-01 242 36 1.055900e+01 3.120000e+00 3.772900e+02 4.399100e+02 1
-2.776400e+00 6.092300e+00 -5.485000e-01 -8.971500e-01 193 37 1.078500e+01 3.120000e+00 3.871400e+02 4.495100e+02 1
-2.843500e+00 6.093700e+00 -5.485900e-01 -8.971500e-01 194 37 1.154300e+01 3.120000e+00 3.803500e+02 4.494600e+02 1
-2.858300e+00 6.124400e+00 -5.505900e-01 -8.971500e-01 195 37 1.136600e+01 3.120000e+00 3.804100e+02 4.492200e+02 1
-2.926200e+00 6.145500e+00 -5.519700e-01 -8.971500e-01 196 37 1.034800e+01 3.120000e+00 3.745900e+02 4.490200e+02 1
-3.427100e+00 7.533900e+00 -6.427900e-01 -8.971500e-01 238 37 1.196100e+01 3.120000e+00 3.917800e+02 4.401300e+02 1
-3.571500e+00 7.504400e+00 -6.408600e-01 -8.971500e-01 239 37 1.298500e+01 3.120000e+00 3.786300e+02 4.402200e+02 1
-3.586500e+00 7.531400e+00 -6.426300e-01 -8.971500e-01 240 37 1.309100e+01 3.120000e+00 3.785100e+02 4.400700e+02 1
-3.666900e+00 7.522500e+00 -6.420400e-01 -8.971500e-01 241 37 1.261400e+01 3.120000e+00 3.714900e+02 4.400800e+02 1
-3.682200e+00 7.536100e+00 -6.429400e-01 -8.971500e-01 242 37 1.179600e+01 3.120000e+00 3.708100e+02 4.400100e+02 1
-3.565500e+00 7.568400e+00 -6.450500e-01 -8.971500e-01 243 37 1.008300e+01 3.120000e+00 3.817700e+02 4.398900e+02 1
-2.948800e+00 6.049900e+00 -5.457200e-01 -8.651100e-01 194 38 1.016200e+01 3.120000e+00 3.672400e+02 4.497500e+02 1
-2.964100e+00 6.069300e+00 -5.469900e-01 -8.651100e-01 195 38 1.014400e+01 3.120000e+00 3.667100e+02 4.495900e+02 1
-3.427100e+00 7.531000e+00 -6.426000e-01 -8.651100e-01 238 38 1.112000e+01 3.120000e+00 3.916600e+02 4.401400e+02 1
-3.506500e+00 7.532300e+00 -6.426800e-01 -8.651100e-01 239 38 1.213900e+01 3.120000e+00 3.851500e+02 4.401000e+02 1
-3.586500e+00 7.532100e+00 -6.426700e-01 -8.651100e-01 240 38 1.221400e+01 3.120000e+00 3.785400e+02 4.400700e+02 1
-3.666900e+00 7.532100e+00 -6.426700e-01 -8.651100e-01 241 38 1.183700e+01 3.120000e+00 3.719000e+02 4.400400e+02 1
-3.616500e+00 7.589500e+00 -6.464300e-01 -8.651100e-01 242 38 1.128200e+01 3.120000e+00 3.784600e+02 4.397700e+02 1
0 0 -1.500000e-01 -3.204100e-02 1 64 1.537800e+01 3.120000e+00 2167 -3.612800e+03 0
-7.093800e-02 1.109900e-01 -1.572600e-01 -3.204100e-02 5 64 1.419000e+01 3.120000e+00 -3.220900e+03 7.944100e+03 0
-1.585200e-01 1.860900e-01 -1.621700e-01 -3.204100e-02 8 64 1.334000e+01 3.120000e+00 -1.093300e+03 2.929500e+03 0
-1.986300e-01 1.936300e-01 -1.626700e-01 -3.204100e-02 9 64 1.266400e+01 3.120000e+00 -1.169700e+03 2.751200e+03 0
-2.480100e-01 1.865800e-01 -1.622000e-01 -3.204100e-02 10 64 1.263700e+01 3.120000e+00 -1.512600e+03 2.855200e+03 0
-2.592000e-01 2.273800e-01 -1.648700e-01 -3.204100e-02 11 64 1.215500e+01 3.120000e+00 -9.959600e+02 2.231800e+03 0
-2.881200e-01 2.325200e-01 -1.652100e-01 -3.204100e-02 12 64 1.171800e+01 3.120000e+00 -1.043900e+03 2165 0
-3.044900e-01 2.794300e-01 -1.682800e-01 -3.204100e-02 13 64 1.088100e+01 3.120000e+00 -7.097200e+02 1.776800e+03 0
-4.291700e-01 1.213900e-01 -1.579400e-01 -3.204100e-02 14 64 1.050400e+01 3.120000e+00 -5.489700e+03 5.197800e+03 0
-1.222300e-01 4.701500e-01 -1.807500e-01 -3.204100e-02 15 64 1.043700e+01 3.120000e+00 2.273600e+02 1.143400e+03 0
3.609700e-01 2.602400e-01 -1.670200e-01 -3.204100e-02 28 64 1.211200e+01 3.120000e+00 1.386500e+03 2.111400e+03 0
6.799100e-01 6.396600e-01 -1.918400e-01 -3.204100e-02 29 64 1.367500e+01 3.120000e+00 1.289800e+03 9.512300e+02 0
6.725500e-01 7.378600e-01 -1.982600e-01 -3.204100e-02 30 64 1.460000e+01 3.120000e+00 1.191100e+03 8.668600e+02 0
6.793700e-01 7.974400e-01 -2.021600e-01 -3.204100e-02 31 64 1.473400e+01 3.120000e+00 1.155200e+03 8.274800e+02 0
6.766400e-01 8.297300e-01 -2.042700e-01 -3.204100e-02 32 64 1.418600e+01 3.120000e+00 1.132400e+03 8.086700e+02 0
6.810000e-01 8.722000e-01 -2.070500e-01 -3.204100e-02 33 64 1.268100e+01 3.120000e+00 1.112100e+03 7.864600e+02 0
7.514000e-01 6.248800e-01 -1.908700e-01 -3.204100e-02 35 64 1.006500e+01 3.120000e+00 1.395800e+03 9.694400e+02 0
-8.594400e-01 8.503100e-01 -2.056200e-01 -3.204100e-02 36 64 1.066400e+01 3.120000e+00 -1.204600e+02 7.687600e+02 0
-8.741700e-01 8.500200e-01 -2.056000e-01 -3.204100e-02 37 64 1.125100e+01 3.120000e+00 -1.318800e+02 7.686300e+02 0
-8.984600e-01 8.331600e-01 -2.045000e-01 -3.204100e-02 38 64 1.097300e+01 3.120000e+00 -1.682400e+02 7.760300e+02 0
