0 0 -1.500000e-01 0 1 65 1.637700e+01 3.190000e+00 2167 -3.612800e+03 0
-7.093800e-02 1.119200e-01 -1.574900e-01 0 5 65 1.521900e+01 3.190000e+00 -3.130700e+03 7.772800e+03 0
-1.585200e-01 1.860800e-01 -1.624400e-01 0 8 65 1.439100e+01 3.190000e+00 -1.093700e+03 2.931500e+03 0
-2.008100e-01 1.911400e-01 -1.627800e-01 0 9 65 1.370600e+01 3.190000e+00 -1.217400e+03 2.798600e+03 0
-2.480100e-01 1.864200e-01 -1.624700e-01 0 10 65 1.367300e+01 3.190000e+00 -1.515800e+03 2.860100e+03 0
-2.619200e-01 2.222200e-01 -1.648600e-01 0 11 65 1.312200e+01 3.190000e+00 -1.061700e+03 2.292300e+03 0
-2.881200e-01 2.293600e-01 -1.653400e-01 0 12 65 1.268500e+01 3.190000e+00 -1.077400e+03 2.200200e+03 0
-3.077600e-01 2.787500e-01 -1.686400e-01 0 13 65 1.193500e+01 3.190000e+00 -7.232300e+02 1.781700e+03 0
-3.085800e-01 3.070600e-01 -1.705400e-01 0 14 65 1.152800e+01 3.190000e+00 -5.604000e+02 1.621100e+03 0
-1.222300e-01 4.074900e-01 -1.772500e-01 0 15 65 1.140400e+01 3.190000e+00 1.407300e+02 1.282200e+03 0
-3.601500e-01 3.714200e-01 -1.748400e-01 0 16 65 1.120000e+01 3.190000e+00 -3.985100e+02 1.360600e+03 0
3.609700e-01 2.699500e-01 -1.680500e-01 0 28 65 1.313200e+01 3.190000e+00 1350 2.022500e+03 0
6.799100e-01 6.404800e-01 -1.928400e-01 0 29 65 1.468700e+01 3.190000e+00 1289 9.515000e+02 0
6.725500e-01 7.374900e-01 -1.993200e-01 0 30 65 1.563300e+01 3.190000e+00 1.191400e+03 8.682000e+02 0
6.793700e-01 7.975000e-01 -2.033400e-01 0 31 65 1.578600e+01 3.190000e+00 1.155200e+03 8.285000e+02 0
6.766400e-01 8.308800e-01 -2.055700e-01 0 32 65 1.526800e+01 3.190000e+00 1.131800e+03 8.090800e+02 0
6.722700e-01 8.749500e-01 -2.085200e-01 0 33 65 1.386400e+01 3.190000e+00 1.103300e+03 7.859800e+02 0
6.302600e-01 9.648600e-01 -2.145300e-01 0 34 65 1.127700e+01 3.190000e+00 1.029600e+03 7.456400e+02 0
7.699500e-01 7.427900e-01 -1.996800e-01 0 35 65 1.085200e+01 3.190000e+00 1.286200e+03 867 0
-8.403400e-01 8.855400e-01 -2.092200e-01 0 36 65 1.177800e+01 3.190000e+00 -7.247600e+01 7.546500e+02 0
-8.447100e-01 8.954600e-01 -2.098900e-01 0 37 65 1.231100e+01 3.190000e+00 -6.666500e+01 7.504800e+02 0
-8.681700e-01 8.765300e-01 -2.086200e-01 0 38 65 1.196300e+01 3.190000e+00 -1.012100e+02 7.580100e+02 0
-8.916400e-01 8.204400e-01 -2.048700e-01 0 39 65 1.061300e+01 3.190000e+00 -1.770800e+02 7.832700e+02 0
0 0 -1.500000e-01 3.204100e-02 1 66 1.541300e+01 3.190000e+00 2167 -3.612800e+03 0
-7.093800e-02 1.123100e-01 -1.575100e-01 3.204100e-02 5 66 1.419900e+01 3.190000e+00 -3.094300e+03 7.702600e+03 0
-1.604300e-01 1.844100e-01 -1.623300e-01 3.204100e-02 8 66 1.338800e+01 3.190000e+00 -1129 2.966500e+03 0
-2.008100e-01 1.913700e-01 -1.628000e-01 3.204100e-02 9 66 1.267200e+01 3.190000e+00 -1.213800e+03 2.794100e+03 0
-2.504700e-01 1.831800e-01 -1.622500e-01 3.204100e-02 10 66 1.266900e+01 3.190000e+00 -1.588300e+03 2926 0
-2.619200e-01 2.235900e-01 -1.649500e-01 3.204100e-02 11 66 1.209900e+01 3.190000e+00 -1.046500e+03 2.275900e+03 0
-2.911200e-01 2.284600e-01 -1.652800e-01 3.204100e-02 12 66 1.167600e+01 3.190000e+00 -1.097600e+03 2.208900e+03 0
-3.143100e-01 2.736500e-01 -1.683000e-01 3.204100e-02 13 66 1.100300e+01 3.190000e+00 -7.759800e+02 1.813700e+03 0
-3.085800e-01 3.080200e-01 -1.706000e-01 3.204100e-02 14 66 1.054100e+01 3.190000e+00 -5.554800e+02 1.616400e+03 0
-1.260500e-01 4.349400e-01 -1.790900e-01 3.204100e-02 15 66 1.024000e+01 3.190000e+00 1.758600e+02 1.215800e+03 0
-3.601500e-01 3.692400e-01 -1.746900e-01 3.204100e-02 16 66 1.029000e+01 3.190000e+00 -4.062800e+02 1.367400e+03 0
3.609700e-01 3.144200e-01 -1.710300e-01 3.204100e-02 28 66 1.200700e+01 3.190000e+00 1.222200e+03 1707 0
6.799100e-01 6.375000e-01 -1.926400e-01 3.204100e-02 29 66 1.357700e+01 3.190000e+00 1.292300e+03 9.545300e+02 0
6.725500e-01 7.367800e-01 -1.992800e-01 3.204100e-02 30 66 1.452500e+01 3.190000e+00 1192 8.687100e+02 0
6.711800e-01 8.044700e-01 -2.038000e-01 3.204100e-02 31 66 1.468400e+01 3.190000e+00 1.143100e+03 8.241200e+02 0
6.766400e-01 8.337600e-01 -2.057600e-01 3.204100e-02 32 66 1.418300e+01 3.190000e+00 1.130100e+03 8.074900e+02 0
6.722700e-01 8.793200e-01 -2.088100e-01 3.204100e-02 33 66 1.288500e+01 3.190000e+00 1.101100e+03 7.838400e+02 0
6.662700e-01 9.378000e-01 -2.127200e-01 3.204100e-02 34 66 1.066400e+01 3.190000e+00 1.068100e+03 7.572400e+02 0
-8.498900e-01 8.755000e-01 -2.085500e-01 3.204100e-02 36 66 1.083900e+01 3.190000e+00 -8.876600e+01 7.587500e+02 0
-8.643500e-01 8.801000e-01 -2.088600e-01 3.204100e-02 37 66 1.136300e+01 3.190000e+00 -9.501700e+01 7.565500e+02 0
-8.782700e-01 8.896900e-01 -2.095000e-01 3.204100e-02 38 66 1.094300e+01 3.190000e+00 -9.610200e+01 7.523100e+02 0
0 0 -1.500000e-01 6.408200e-02 1 67 9.937100e+00 3.190000e+00 2167 -3.612800e+03 0
1.364200e-02 1.214500e-02 -1.508100e-01 6.408200e-02 2 67 9.602400e+00 3.190000e+00 2.304100e+03 -4.366400e+03 0
6.567200e-01 7.064500e-01 -1.972500e-01 6.408200e-02 30 67 9.834900e+00 3.190000e+00 1.199800e+03 8.914200e+02 0
6.766400e-01 7.837400e-01 -2.024200e-01 6.408200e-02 32 67 9.901300e+00 3.190000e+00 1.161800e+03 8.369600e+02 0
7.072000e-01 8.264400e-01 -2.052700e-01 6.408200e-02 33 67 1.048100e+01 3.190000e+00 1.161700e+03 8.122000e+02 0
7.202900e-01 8.109700e-01 -2.042400e-01 6.408200e-02 34 67 1.023000e+01 3.190000e+00 1.183900e+03 8.213800e+02 0
6.261600e-01 8.879900e+00 -7.438900e-01 -1.121400e+00 256 30 1.034000e+01 3.190000e+00 7.269100e+02 4.365900e+02 1
9.663900e-01 8.761800e+00 -7.359900e-01 -1.089400e+00 254 31 1.016400e+01 3.190000e+00 7.524100e+02 4.371800e+02 1
9.009100e-01 8.822000e+00 -7.400200e-01 -1.089400e+00 255 31 1.137600e+01 3.190000e+00 7.472100e+02 4.369100e+02 1
9.044600e-01 8.856900e+00 -7.423500e-01 -1.089400e+00 256 31 1.165500e+01 3.190000e+00 7.472600e+02 4.367800e+02 1
1.047700e+00 8.873000e+00 -7.434300e-01 -1.089400e+00 257 31 1.112000e+01 3.190000e+00 7.575900e+02 4.367700e+02 1
1.192000e+00 8.876500e+00 -7.436600e-01 -1.089400e+00 258 31 1.048000e+01 3.190000e+00 7.680800e+02 4.368000e+02 1
-8.774500e-01 4.565900e+00 -4.553700e-01 -1.057400e+00 135 32 1.066300e+01 3.190000e+00 5.464100e+02 468 1
-9.208300e-01 4.587000e+00 -4.567800e-01 -1.057400e+00 136 32 1.158700e+01 3.190000e+00 5.410700e+02 4.676600e+02 1
-9.647600e-01 4.598400e+00 -4.575500e-01 -1.057400e+00 137 32 1.166700e+01 3.190000e+00 5.353700e+02 4.674500e+02 1
-1.009200e+00 4.569400e+00 -4.556000e-01 -1.057400e+00 138 32 1.085900e+01 3.190000e+00 5.281600e+02 4.678300e+02 1
-9.931300e-01 4.776400e+00 -4.694500e-01 -1.057400e+00 141 32 1.065900e+01 3.190000e+00 5.375500e+02 4.649900e+02 1
-1.038700e+00 4.796400e+00 -4.707800e-01 -1.057400e+00 142 32 1.095900e+01 3.190000e+00 5.321700e+02 4.646900e+02 1
-1.084800e+00 4.815500e+00 -4.720600e-01 -1.057400e+00 143 32 1.027000e+01 3.190000e+00 5.267300e+02 4.644100e+02 1
8.316100e-01 8.829600e+00 -7.405200e-01 -1.057400e+00 255 32 1.071700e+01 3.190000e+00 7.421000e+02 4.368600e+02 1
8.348900e-01 8.863800e+00 -7.428100e-01 -1.057400e+00 256 32 1.091400e+01 3.190000e+00 7.421500e+02 4.367300e+02 1
4.147100e-01 2.558300e+00 -3.211000e-01 -1.025300e+00 77 33 1.009500e+01 3.190000e+00 7.566500e+02 5.232400e+02 0
-9.140100e-01 4.529600e+00 -4.529400e-01 -1.025300e+00 135 33 1.058400e+01 3.190000e+00 5.400700e+02 4.684900e+02 1
-9.576600e-01 4.584600e+00 -4.566200e-01 -1.025300e+00 136 33 1.157400e+01 3.190000e+00 5.358800e+02 4.676600e+02 1
-1.001900e+00 4.597100e+00 -4.574600e-01 -1.025300e+00 137 33 1.170000e+01 3.190000e+00 5.301900e+02 4.674400e+02 1
-1.046600e+00 4.571300e+00 -4.557300e-01 -1.025300e+00 138 33 1.098900e+01 3.190000e+00 5.230300e+02 4.677700e+02 1
-1.069500e+00 4.762000e+00 -4.684900e-01 -1.025300e+00 141 33 1.146900e+01 3.190000e+00 5.268700e+02 4.651200e+02 1
-1.115600e+00 4.783300e+00 -4.699100e-01 -1.025300e+00 142 33 1.175600e+01 3.190000e+00 5.215000e+02 4.648000e+02 1
-1.162300e+00 4.802500e+00 -4.711900e-01 -1.025300e+00 143 33 1.110400e+01 3.190000e+00 5.160200e+02 4.645100e+02 1
-2.710100e+00 7.524000e+00 -6.532100e-01 -1.025300e+00 232 33 1.055000e+01 3.190000e+00 4.509000e+02 4.413700e+02 1
-2.785100e+00 7.577600e+00 -6.567900e-01 -1.025300e+00 233 33 1.073600e+01 3.190000e+00 4.464100e+02 4.410700e+02 1
-1.069500e+00 4.756100e+00 -4.680900e-01 -9.932700e-01 141 34 1.049700e+01 3.190000e+00 5.266700e+02 4.652000e+02 1
-1.077200e+00 4.803700e+00 -4.712700e-01 -9.932700e-01 142 34 1.078100e+01 3.190000e+00 5.273200e+02 4.645700e+02 1
-1.084800e+00 4.839000e+00 -4.736300e-01 -9.932700e-01 143 34 1.016000e+01 3.190000e+00 5.275500e+02 4.641100e+02 1
-2.663200e+00 7.442200e+00 -6.477400e-01 -9.932700e-01 228 34 1.048600e+01 3.190000e+00 4.521800e+02 4.418200e+02 1
-2.635600e+00 7.578700e+00 -6.568700e-01 -9.932700e-01 231 34 1.036100e+01 3.190000e+00 4.588100e+02 4.411300e+02 1
-2.710100e+00 7.597900e+00 -6.581500e-01 -9.932700e-01 232 34 1.118000e+01 3.190000e+00 4.532600e+02 441 1
-2.721800e+00 7.629500e+00 -6.602700e-01 -9.932700e-01 233 34 1.147900e+01 3.190000e+00 4.532900e+02 4.408300e+02 1
-2.797100e+00 7.640900e+00 -6.610200e-01 -9.932700e-01 234 34 1.091100e+01 3.190000e+00 4.474700e+02 4.407500e+02 1
2.899200e+00 4.487600e+00 -4.501300e-01 -9.612300e-01 162 35 9.943200e+00 3.190000e+00 1096 4.727300e+02 1
2.961400e+00 4.794600e+00 -4.706700e-01 -9.612300e-01 163 35 1.028200e+01 3.190000e+00 1078 4.681300e+02 1
3.068600e+00 4.790400e+00 -4.703800e-01 -9.612300e-01 164 35 1.041700e+01 3.190000e+00 1.093500e+03 4.682800e+02 1
3.042700e+00 4.833300e+00 -4.732500e-01 -9.612300e-01 165 35 1.027000e+01 3.190000e+00 1.086200e+03 4.676500e+02 1
-2.721800e+00 7.618600e+00 -6.595400e-01 -9.612300e-01 233 35 1.020800e+01 3.190000e+00 4.529500e+02 4.408900e+02 1
3.055800e+00 4.611700e+00 -4.584300e-01 -9.291900e-01 161 36 1.035300e+01 3.190000e+00 1.107700e+03 4.709100e+02 1
2.943100e+00 4.781200e+00 -4.697700e-01 -9.291900e-01 162 36 1.277800e+01 3.190000e+00 1.076600e+03 4.683000e+02 1
2.917200e+00 4.842800e+00 -4.738900e-01 -9.291900e-01 163 36 1.391700e+01 3.190000e+00 1.067900e+03 4.674100e+02 1
2.935200e+00 4.874100e+00 -4.759800e-01 -9.291900e-01 164 36 1.406500e+01 3.190000e+00 1.067900e+03 467 1
2.908500e+00 4.931800e+00 -4.798400e-01 -9.291900e-01 165 36 1.334000e+01 3.190000e+00 1.059700e+03 4.662000e+02 1
2.791100e+00 5.038100e+00 -4.869500e-01 -9.291900e-01 166 36 1.187500e+01 3.190000e+00 1.036100e+03 4.647100e+02 1
2.672200e+00 5.068500e+00 -4.889800e-01 -9.291900e-01 167 36 1.033100e+01 3.190000e+00 1.018300e+03 4.642300e+02 1
3.055800e+00 4.609500e+00 -4.582800e-01 -8.971500e-01 161 37 1.100500e+01 3.190000e+00 1.107900e+03 4.709500e+02 1
2.943100e+00 4.772800e+00 -4.692100e-01 -8.971500e-01 162 37 1.346500e+01 3.190000e+00 1.077300e+03 4.684200e+02 1
2.917200e+00 4.836900e+00 -4.734900e-01 -8.971500e-01 163 37 1.460800e+01 3.190000e+00 1.068400e+03 4.675000e+02 1
2.935200e+00 4.865900e+00 -4.754300e-01 -8.971500e-01 164 37 1.473000e+01 3.190000e+00 1.068600e+03 4.671100e+02 1
2.953200e+00 4.890600e+00 -4.770900e-01 -8.971500e-01 165 37 1.391700e+01 3.190000e+00 1.069100e+03 4.667900e+02 1
2.656100e+00 5.108500e+00 -4.916600e-01 -8.971500e-01 166 37 1.233900e+01 3.190000e+00 1.013600e+03 4.637200e+02 1
2.400400e+00 5.126200e+00 -4.928400e-01 -8.971500e-01 167 37 1.111100e+01 3.190000e+00 9.791900e+02 4.633000e+02 1
2.924800e+00 4.756900e+00 -4.681500e-01 -8.651100e-01 161 38 1.033200e+01 3.190000e+00 1076 4.686300e+02 1
2.899200e+00 4.808700e+00 -4.716000e-01 -8.651100e-01 162 38 1.247600e+01 3.190000e+00 1.068200e+03 4.678800e+02 1
2.917200e+00 4.832100e+00 -4.731800e-01 -8.651100e-01 163 38 1.348700e+01 3.190000e+00 1.068800e+03 4.675600e+02 1
2.935200e+00 4.852900e+00 -4.745600e-01 -8.651100e-01 164 38 1.351300e+01 3.190000e+00 1.069600e+03 4.672900e+02 1
2.953200e+00 4.863400e+00 -4.752700e-01 -8.651100e-01 165 38 1.253100e+01 3.190000e+00 1.071300e+03 4.671600e+02 1
2.295900e+00 5.194800e+00 -4.974300e-01 -8.651100e-01 166 38 1.140400e+01 3.190000e+00 9.619400e+02 4.624000e+02 0
2.309800e+00 5.144600e+00 -4.940700e-01 -8.651100e-01 167 38 1.037100e+01 3.190000e+00 9.664300e+02 4.630100e+02 0
0 0 -1.500000e-01 -6.408200e-02 1 63 9.966400e+00 3.190000e+00 2167 -3.612800e+03 0
6.883700e-01 7.059700e-01 -1.972200e-01 -6.408200e-02 30 63 1.005100e+01 3.190000e+00 1.234100e+03 8.927500e+02 0
7.202900e-01 7.409600e-01 -1.995600e-01 -6.408200e-02 31 63 1.006000e+01 3.190000e+00 1.237200e+03 8.669900e+02 0
6.343500e-01 8.627700e-01 -2.077000e-01 -6.408200e-02 32 63 9.896500e+00 3.190000e+00 1.077700e+03 7.913400e+02 0
6.373500e-01 8.905900e-01 -2.095600e-01 -6.408200e-02 33 63 1.015200e+01 3.190000e+00 1.066700e+03 7.777900e+02 0
6.572700e-01 8.999900e-01 -2.101900e-01 -6.408200e-02 34 63 9.827800e+00 3.190000e+00 1.078500e+03 7.737600e+02 0
0 0 -1.500000e-01 -3.204100e-02 1 64 1.540200e+01 3.190000e+00 2167 -3.612800e+03 0
-7.093800e-02 1.112800e-01 -1.574400e-01 -3.204100e-02 5 64 1.419600e+01 3.190000e+00 -3.192400e+03 7.891700e+03 0
-1.585200e-01 1.861000e-01 -1.624500e-01 -3.204100e-02 8 64 1.337400e+01 3.190000e+00 -1.093400e+03 2931 0
-2.008100e-01 1.900500e-01 -1.627100e-01 -3.204100e-02 9 64 1.269800e+01 3.190000e+00 -1.234400e+03 2.819900e+03 0
-2.480100e-01 1.853800e-01 -1.624000e-01 -3.204100e-02 10 64 1.266800e+01 3.190000e+00 -1.534900e+03 2.881400e+03 0
-2.619200e-01 2.205600e-01 -1.647500e-01 -3.204100e-02 11 64 1.217300e+01 3.190000e+00 -1.080400e+03 2.312400e+03 0
-2.881200e-01 2.256600e-01 -1.650900e-01 -3.204100e-02 12 64 1.169000e+01 3.190000e+00 -1118 2.241400e+03 0
-3.044900e-01 2.801700e-01 -1.687400e-01 -3.204100e-02 13 64 1.090600e+01 3.190000e+00 -7.050400e+02 1.773400e+03 0
-3.050300e-01 3.140600e-01 -1.710000e-01 -3.204100e-02 14 64 1.059100e+01 3.190000e+00 -5.168800e+02 1.587600e+03 0
-1.222300e-01 2.762700e-01 -1.684800e-01 -3.204100e-02 15 64 1.034900e+01 3.190000e+00 -2.110500e+02 1.841500e+03 0
3.536000e-01 2.538500e-01 -1.669800e-01 -3.204100e-02 28 64 1.221800e+01 3.190000e+00 1384 2.175300e+03 0
6.799100e-01 6.465100e-01 -1.932400e-01 -3.204100e-02 29 64 1.377600e+01 3.190000e+00 1.282500e+03 9.454800e+02 0
6.725500e-01 7.404500e-01 -1.995200e-01 -3.204100e-02 30 64 1.470800e+01 3.190000e+00 1.189100e+03 8.660600e+02 0
6.793700e-01 7.971800e-01 -2.033200e-01 -3.204100e-02 31 64 1.488200e+01 3.190000e+00 1.155400e+03 8.286900e+02 0
6.766400e-01 8.283600e-01 -2.054000e-01 -3.204100e-02 32 64 1.440300e+01 3.190000e+00 1.133300e+03 8.104800e+02 0
6.722700e-01 8.699100e-01 -2.081800e-01 -3.204100e-02 33 64 1.313000e+01 3.190000e+00 1106 7.884800e+02 0
6.392600e-01 9.542600e-01 -2.138200e-01 -3.204100e-02 34 64 1.075900e+01 3.190000e+00 1.040600e+03 7.500100e+02 0
-8.307900e-01 8.964300e-01 -2.099500e-01 -3.204100e-02 36 64 1.066600e+01 3.190000e+00 -5.579900e+01 7.503000e+02 0
-8.447100e-01 8.946800e-01 -2.098400e-01 -3.204100e-02 37 64 1.125600e+01 3.190000e+00 -6.736200e+01 7.507900e+02 0
-8.580800e-01 8.809900e-01 -2.089200e-01 -3.204100e-02 38 64 1.090400e+01 3.190000e+00 -8.960100e+01 7.562800e+02 0
