0 0 -1.500000e-01 0 1 65 1.626000e+01 1.990000e+00 2167 -3.612800e+03 0
-7.093800e-02 1.119000e-01 -1.546700e-01 0 5 65 1.521700e+01 1.990000e+00 -3.122600e+03 7.713300e+03 0
-1.585200e-01 1.860600e-01 -1.577600e-01 0 8 65 1.438300e+01 1.990000e+00 -1.091300e+03 2.903200e+03 0
-1.986300e-01 1.943700e-01 -1.581000e-01 0 9 65 1.371400e+01 1.990000e+00 -1.156300e+03 2.711700e+03 0
-2.480100e-01 1.871500e-01 -1.578000e-01 0 10 65 1.365300e+01 1.990000e+00 -1.499300e+03 2.817700e+03 0
-2.619200e-01 2.223700e-01 -1.592700e-01 0 11 65 1.310800e+01 1.990000e+00 -1.057600e+03 2.265800e+03 0
-2.881200e-01 2.300000e-01 -1.595900e-01 0 12 65 1.267200e+01 1.990000e+00 -1.068300e+03 2.169200e+03 0
-3.044900e-01 2.824800e-01 -1.617800e-01 0 13 65 1.194100e+01 1.990000e+00 -6.886700e+02 1.737100e+03 0
-3.121300e-01 3.062400e-01 -1.627700e-01 0 14 65 1.148200e+01 1.990000e+00 -5.718700e+02 1.603500e+03 0
-1.260500e-01 3.806100e-01 -1.658700e-01 0 15 65 1.133600e+01 1.990000e+00 8.581000e+01 1.337800e+03 0
-3.601500e-01 3.690500e-01 -1.653900e-01 0 16 65 1.134900e+01 1.990000e+00 -4.058000e+02 1.348200e+03 0
3.462300e-01 3.463800e-01 -1.644400e-01 0 28 65 1.316500e+01 1.990000e+00 1.119700e+03 1.522500e+03 0
6.722700e-01 6.465900e-01 -1.769600e-01 0 29 65 1.469000e+01 1.990000e+00 1.272300e+03 9.263300e+02 0
6.725500e-01 7.362600e-01 -1.807000e-01 0 30 65 1.560000e+01 1.990000e+00 1.191500e+03 8.507800e+02 0
6.711800e-01 8.044500e-01 -1.835400e-01 0 31 65 1.573400e+01 1.990000e+00 1.142300e+03 8.061100e+02 0
6.766400e-01 8.316400e-01 -1.846800e-01 0 32 65 1.516200e+01 1.990000e+00 1.130500e+03 7.907300e+02 0
6.810000e-01 8.728500e-01 -1.863900e-01 0 33 65 1.356600e+01 1.990000e+00 1111 7.693900e+02 0
-9.904000e-01 5.467700e-01 -1.728000e-01 0 34 65 1.074100e+01 1.990000e+00 -7.652700e+02 9.689700e+02 0
7.142900e-01 8.615200e-01 -1.859200e-01 0 35 65 1.118800e+01 1.990000e+00 1.145500e+03 7.756800e+02 0
-7.926000e-01 9.234400e-01 -1.885000e-01 0 36 65 1.184600e+01 1.990000e+00 -5.490600e+00 7.235400e+02 0
-8.348900e-01 9.033900e-01 -1.876700e-01 0 37 65 1.228700e+01 1.990000e+00 -5.203400e+01 7.307900e+02 0
-8.782700e-01 8.666400e-01 -1.861300e-01 0 38 65 1.194700e+01 1.990000e+00 -1.175900e+02 7.454700e+02 0
-9.331100e-01 7.891500e-01 -1.829000e-01 0 39 65 1.068400e+01 1.990000e+00 -2.465000e+02 7.816800e+02 0
0 0 -1.500000e-01 3.204100e-02 1 66 1.519800e+01 1.990000e+00 2167 -3.612800e+03 0
-7.093800e-02 1.119600e-01 -1.546700e-01 3.204100e-02 5 66 1.421500e+01 1.990000e+00 -3.116300e+03 7.701200e+03 0
-1.585200e-01 1.859500e-01 -1.577500e-01 3.204100e-02 8 66 1.339400e+01 1.990000e+00 -1093 2.905600e+03 0
-1.986300e-01 1.949200e-01 -1.581300e-01 3.204100e-02 9 66 1.271500e+01 1.990000e+00 -1.148300e+03 2.701600e+03 0
-2.480100e-01 1.881100e-01 -1.578400e-01 3.204100e-02 10 66 1.264100e+01 1.990000e+00 -1.482100e+03 2.798600e+03 0
-2.619200e-01 2.237700e-01 -1.593300e-01 3.204100e-02 11 66 1.202300e+01 1.990000e+00 -1.042200e+03 2.249200e+03 0
-2.881200e-01 2.323500e-01 -1.596900e-01 3.204100e-02 12 66 1.162900e+01 1.990000e+00 -1.043500e+03 2.144200e+03 0
-3.012100e-01 2.860800e-01 -1.619300e-01 3.204100e-02 13 66 1.085400e+01 1.990000e+00 -6.575600e+02 1.715900e+03 0
-4.185300e-01 1.456200e-01 -1.560700e-01 3.204100e-02 14 66 1.048100e+01 1.990000e+00 -3.680200e+03 3.830800e+03 0
3.462300e-01 3.935000e-01 -1.664100e-01 3.204100e-02 28 66 1.210800e+01 1.990000e+00 1.054500e+03 1.348800e+03 0
6.799100e-01 6.364200e-01 -1.765400e-01 3.204100e-02 29 66 1.360500e+01 1.990000e+00 1.292500e+03 9.367700e+02 0
6.725500e-01 7.300200e-01 -1.804400e-01 3.204100e-02 30 66 1.445400e+01 1.990000e+00 1.196400e+03 8.553500e+02 0
6.711800e-01 8.040500e-01 -1.835200e-01 3.204100e-02 31 66 1.451100e+01 1.990000e+00 1.142600e+03 8.063500e+02 0
6.766400e-01 8.373700e-01 -1.849100e-01 3.204100e-02 32 66 1.379600e+01 1.990000e+00 1.127200e+03 7.876100e+02 0
6.810000e-01 8.857200e-01 -1.869300e-01 3.204100e-02 33 66 1.179600e+01 1.990000e+00 1.104200e+03 7.631600e+02 0
7.383000e-01 5.158600e-01 -1.715100e-01 3.204100e-02 34 66 1.045200e+01 1.990000e+00 1.557200e+03 1.098300e+03 0
7.142900e-01 8.198900e-01 -1.841900e-01 3.204100e-02 35 66 1.043000e+01 1.990000e+00 1.171500e+03 7.980700e+02 0
-7.926000e-01 9.211800e-01 -1.884100e-01 3.204100e-02 36 66 1.074900e+01 1.990000e+00 -7.297900e+00 7.244100e+02 0
-8.447100e-01 8.900700e-01 -1.871100e-01 3.204100e-02 37 66 1.112500e+01 1.990000e+00 -7.089800e+01 7.360600e+02 0
-8.883600e-01 8.314900e-01 -1.846700e-01 3.204100e-02 38 66 1.082200e+01 1.990000e+00 -1.616100e+02 7.612900e+02 0
0 0 -1.500000e-01 6.408200e-02 1 67 1.008700e+01 1.990000e+00 2167 -3.612800e+03 0
-3.328600e-02 9.740500e-03 -1.504100e-01 6.408200e-02 2 67 1.002100e+01 1.990000e+00 2756 -4.300600e+03 0
-6.657300e-02 1.542400e-02 -1.506400e-01 6.408200e-02 3 67 9.524000e+00 1.990000e+00 3381 -4.866100e+03 0
6.417200e-01 6.746800e-01 -1.781300e-01 6.408200e-02 29 67 1.031000e+01 1.990000e+00 1.209700e+03 8.991700e+02 0
6.409000e-01 7.827600e-01 -1.826400e-01 6.408200e-02 30 67 1.167600e+01 1.990000e+00 1.127800e+03 8.186500e+02 0
6.548100e-01 8.044000e-01 -1.835400e-01 6.408200e-02 31 67 1.229500e+01 1.990000e+00 1.127300e+03 8.057900e+02 0
6.766400e-01 8.070600e-01 -1.836500e-01 6.408200e-02 32 67 1.235900e+01 1.990000e+00 1.145600e+03 8.046900e+02 0
6.897400e-01 8.263000e-01 -1.844500e-01 6.408200e-02 33 67 1.170500e+01 1.990000e+00 1.145400e+03 7.939500e+02 0
7.022900e-01 8.326300e-01 -1.847200e-01 6.408200e-02 34 67 1.033900e+01 1.990000e+00 1.152600e+03 7.907000e+02 0
0 0 -1.500000e-01 9.612300e-02 1 68 9.913000e+00 1.990000e+00 2167 -3.612800e+03 0
6.409000e-01 7.841600e-01 -1.827000e-01 9.612300e-02 30 68 1.045900e+01 1.990000e+00 1.126900e+03 8.177700e+02 0
6.466300e-01 8.034200e-01 -1.835000e-01 9.612300e-02 31 68 1.116500e+01 1.990000e+00 1.120400e+03 8.061900e+02 0
6.681800e-01 8.134700e-01 -1.839200e-01 9.612300e-02 32 68 1.121800e+01 1.990000e+00 1.133900e+03 8.007800e+02 0
6.897400e-01 8.359800e-01 -1.848600e-01 9.612300e-02 33 68 1.069700e+01 1.990000e+00 1.139500e+03 7.886200e+02 0
7.112900e-01 8.455100e-01 -1.852500e-01 9.612300e-02 34 68 9.700700e+00 1.990000e+00 1.152600e+03 7.839300e+02 0
-1.029100e+00 3.029000e+00 -2.763000e-01 -8.330700e-01 93 39 1.174600e+01 1.990000e+00 4.385700e+02 4.856700e+02 1
-1.065700e+00 3.037700e+00 -2.766600e-01 -8.330700e-01 94 39 1.252800e+01 1.990000e+00 4.316600e+02 4.853300e+02 1
-1.051500e+00 3.079600e+00 -2.784100e-01 -8.330700e-01 95 39 1.230700e+01 1.990000e+00 4.382000e+02 484 1
-1.114500e+00 3.116700e+00 -2.799500e-01 -8.330700e-01 96 39 1.210200e+01 1.990000e+00 4.284500e+02 4.827400e+02 1
-1.204900e+00 3.119700e+00 -2.800800e-01 -8.330700e-01 97 39 1.208600e+01 1.990000e+00 4.103700e+02 4.825200e+02 1
-1.270300e+00 3.126800e+00 -2.803700e-01 -8.330700e-01 98 39 1.132100e+01 1.990000e+00 3.977700e+02 4.822000e+02 1
-1.336900e+00 3.137300e+00 -2.808100e-01 -8.330700e-01 99 39 1.014700e+01 1.990000e+00 3.853800e+02 4.817800e+02 1
-9.683000e-01 3.024700e+00 -2.761200e-01 -8.010300e-01 92 40 1.157900e+01 1.990000e+00 4.509800e+02 4.859100e+02 1
-1.029100e+00 3.019100e+00 -2.758800e-01 -8.010300e-01 93 40 1.315100e+01 1.990000e+00 4.377100e+02 486 1
-1.040300e+00 3.037100e+00 -2.766300e-01 -8.010300e-01 94 40 1.371100e+01 1.990000e+00 4.369100e+02 4.853900e+02 1
-1.025900e+00 3.096700e+00 -2.791200e-01 -8.010300e-01 95 40 1.348800e+01 1.990000e+00 4.448900e+02 4.835000e+02 1
-1.140500e+00 3.112500e+00 -2.797700e-01 -8.010300e-01 96 40 1.368300e+01 1.990000e+00 4.228000e+02 4.828400e+02 1
-1.204900e+00 3.121100e+00 -2.801400e-01 -8.010300e-01 97 40 1.359900e+01 1.990000e+00 4.105000e+02 4.824700e+02 1
-1.243900e+00 3.133200e+00 -2.806400e-01 -8.010300e-01 98 40 1.274800e+01 1.990000e+00 4.037300e+02 4.820400e+02 1
-1.310200e+00 3.117200e+00 -2.799700e-01 -8.010300e-01 99 40 1.138300e+01 1.990000e+00 3.887800e+02 4.824400e+02 1
-1.018000e+00 3.004800e+00 -2.752800e-01 -7.689800e-01 92 41 1.164200e+01 1.990000e+00 4.388400e+02 4.865000e+02 1
-1.079300e+00 3.010800e+00 -2.755400e-01 -7.689800e-01 93 41 1.294800e+01 1.990000e+00 4.264200e+02 4.862000e+02 1
-1.091100e+00 3.020800e+00 -2.759500e-01 -7.689800e-01 94 41 1.313600e+01 1.990000e+00 4.248500e+02 4.858500e+02 1
-9.745800e-01 3.117600e+00 -2.799900e-01 -7.689800e-01 95 41 1.268300e+01 1.990000e+00 4.570400e+02 4.829200e+02 1
-1.166400e+00 3.105000e+00 -2.794600e-01 -7.689800e-01 96 41 1.324000e+01 1.990000e+00 4.168500e+02 4.830300e+02 1
-1.231000e+00 3.113400e+00 -2.798100e-01 -7.689800e-01 97 41 1.313500e+01 1.990000e+00 4.044700e+02 4.826700e+02 1
-1.243900e+00 3.133800e+00 -2.806700e-01 -7.689800e-01 98 41 1.223300e+01 1.990000e+00 4.037900e+02 4.820200e+02 1
-1.256700e+00 3.117900e+00 -2.800000e-01 -7.689800e-01 99 41 1.075300e+01 1.990000e+00 3.996900e+02 4.825000e+02 1
-1.129600e+00 3.001400e+00 -2.751500e-01 -7.369400e-01 93 42 1.096000e+01 1.990000e+00 4.149600e+02 4.864300e+02 1
-1.167200e+00 3.030900e+00 -2.763700e-01 -7.369400e-01 94 42 1.081400e+01 1.990000e+00 4.098300e+02 4.854000e+02 1
8.707900e+00 1.020300e+01 4.373900e+00 -7.369400e-01 405 42 1.042700e+01 1.990000e+00 1.229100e+03 1.167500e+02 0
8.729500e+00 9.849400e+00 5.180500e+00 -7.369400e-01 406 42 1.039700e+01 1.990000e+00 1.247500e+03 5.806900e+01 0
7.468900e+00 9.042200e+00 5.827900e+00 -7.049000e-01 376 43 1.009500e+01 1.990000e+00 1.203200e+03 -1.091200e+01 0
7.488900e+00 9.174100e+00 5.672700e+00 -7.049000e-01 377 43 1.027600e+01 1.990000e+00 1.197800e+03 4.584800e+00 0
6.514600e+00 8.143200e+00 8.151000e+00 -7.049000e-01 380 43 1.054100e+01 1.990000e+00 1.174600e+03 -2.183500e+02 0
6.946500e+00 8.705100e+00 7.216900e+00 -7.049000e-01 381 43 1.075000e+01 1.990000e+00 1179 -1.192000e+02 0
8.466400e+00 1.007200e+01 4.995200e+00 -7.049000e-01 404 43 1.163000e+01 1.990000e+00 1.218400e+03 7.625600e+01 0
8.707900e+00 1.005500e+01 4.704300e+00 -7.049000e-01 405 43 1.214300e+01 1.990000e+00 1.236100e+03 9.309100e+01 0
8.729500e+00 9.940500e+00 5.003300e+00 -7.049000e-01 406 43 1.210100e+01 1.990000e+00 1.242900e+03 7.168400e+01 0
8.640200e+00 9.078800e+00 6.630400e+00 -7.049000e-01 407 43 1.135300e+01 1.990000e+00 1.283200e+03 -6.383400e+01 0
6.618000e+00 8.166100e+00 8.044100e+00 -6.728600e-01 380 44 1.085300e+01 1.990000e+00 1.181900e+03 -2.093800e+02 0
6.842800e+00 9.039500e+00 6.897800e+00 -6.728600e-01 381 44 1.094100e+01 1.990000e+00 1.154600e+03 -8.044200e+01 0
7.399900e+00 9.540300e+00 5.674300e+00 -6.728600e-01 383 44 1.043100e+01 1.990000e+00 1.172200e+03 1.841300e+01 0
8.576400e+00 9.831300e+00 5.279200e+00 -6.728600e-01 404 44 1.159400e+01 1.990000e+00 1.237900e+03 5.159200e+01 0
8.707900e+00 9.846600e+00 5.126600e+00 -6.728600e-01 405 44 1.199000e+01 1.990000e+00 1.246300e+03 6.131500e+01 0
8.619000e+00 9.799700e+00 5.452600e+00 -6.728600e-01 406 44 1.189700e+01 1.990000e+00 1.241900e+03 3.985500e+01 0
8.926700e+00 1.023000e+01 3.134100e+00 -6.408200e-01 400 45 1.069600e+01 1.990000e+00 1.245900e+03 1.914900e+02 0
6.488100e-01 7.772800e-01 -1.824100e-01 -9.612300e-02 30 62 9.643900e+00 1.990000e+00 1.138800e+03 8.223100e+02 0
6.548100e-01 8.138200e-01 -1.839300e-01 -9.612300e-02 31 62 9.715000e+00 1.990000e+00 1.121600e+03 8.002900e+02 0
-4.469100e+00 7.434900e-01 -1.810000e-01 -9.612300e-02 131 62 1.033700e+01 1.990000e+00 -2.906100e+03 7.408700e+02 0
-4.396200e+00 1.257600e+00 -2.024400e-01 -9.612300e-02 132 62 1.017000e+01 1.990000e+00 -1.487200e+03 6.049700e+02 0
0 0 -1.500000e-01 -6.408200e-02 1 63 1.035900e+01 1.990000e+00 2167 -3.612800e+03 0
-4.433600e+00 9.700900e-01 -1.904500e-01 -6.408200e-02 131 63 1.015800e+01 1.990000e+00 -2.107700e+03 6.646000e+02 0
0 0 -1.500000e-01 -3.204100e-02 1 64 1.538000e+01 1.990000e+00 2167 -3.612800e+03 0
-7.093800e-02 1.115400e-01 -1.546500e-01 -3.204100e-02 5 64 1.418600e+01 1.990000e+00 -3.156700e+03 7.778700e+03 0
-1.585200e-01 1.860900e-01 -1.577600e-01 -3.204100e-02 8 64 1.336800e+01 1.990000e+00 -1.090900e+03 2.902600e+03 0
-1.986300e-01 1.942600e-01 -1.581000e-01 -3.204100e-02 9 64 1.267800e+01 1.990000e+00 -1.157900e+03 2.713800e+03 0
-2.480100e-01 1.866300e-01 -1.577800e-01 -3.204100e-02 10 64 1.259200e+01 1.990000e+00 -1.508700e+03 2.828100e+03 0
-2.619200e-01 2.217000e-01 -1.592400e-01 -3.204100e-02 11 64 1.217300e+01 1.990000e+00 -1.065200e+03 2.273900e+03 0
-2.851200e-01 2.337700e-01 -1.597500e-01 -3.204100e-02 12 64 1.162300e+01 1.990000e+00 -1.018800e+03 2.130600e+03 0
-3.044900e-01 2.835100e-01 -1.618200e-01 -3.204100e-02 13 64 1.092800e+01 1.990000e+00 -6.821700e+02 1.730800e+03 0
-3.156700e-01 3.132300e-01 -1.630600e-01 -3.204100e-02 14 64 1.053200e+01 1.990000e+00 -5.449000e+02 1.568900e+03 0
-1.298700e-01 3.123600e-01 -1.630200e-01 -3.204100e-02 15 64 1.041900e+01 1.990000e+00 -9.477000e+01 1.604500e+03 0
3.462300e-01 3.054700e-01 -1.627400e-01 -3.204100e-02 28 64 1.216700e+01 1.990000e+00 1.198900e+03 1.733700e+03 0
6.722700e-01 6.508200e-01 -1.771400e-01 -3.204100e-02 29 64 1.369900e+01 1.990000e+00 1.267900e+03 9.222100e+02 0
6.725500e-01 7.386000e-01 -1.808000e-01 -3.204100e-02 30 64 1.461000e+01 1.990000e+00 1.189700e+03 8.491000e+02 0
6.793700e-01 7.974100e-01 -1.832500e-01 -3.204100e-02 31 64 1.476000e+01 1.990000e+00 1.154400e+03 8.105000e+02 0
6.766400e-01 8.291100e-01 -1.845700e-01 -3.204100e-02 32 64 1.421300e+01 1.990000e+00 1132 7.921200e+02 0
6.810000e-01 8.665800e-01 -1.861300e-01 -3.204100e-02 33 64 1.269600e+01 1.990000e+00 1.114400e+03 7.725000e+02 0
-7.926000e-01 9.285000e-01 -1.887100e-01 -3.204100e-02 36 64 1.098700e+01 1.990000e+00 -1.478900e+00 7.216100e+02 0
-8.348900e-01 9.115400e-01 -1.880100e-01 -3.204100e-02 37 64 1.142700e+01 1.990000e+00 -4.500700e+01 7.275500e+02 0
-8.782700e-01 8.759500e-01 -1.865200e-01 -3.204100e-02 38 64 1.103200e+01 1.990000e+00 -1.085000e+02 7.414500e+02 0
