0 0 -1.500000e-01 0 1 65 1.631100e+01 3.830000e+00 2167 -3.612800e+03 0
-7.093800e-02 1.118300e-01 -1.589800e-01 0 5 65 1.521300e+01 3.830000e+00 -3.145400e+03 7.824700e+03 0
-1.585200e-01 1.860500e-01 -1.649500e-01 0 8 65 1.438800e+01 3.830000e+00 -1.095500e+03 2.947400e+03 0
-1.986300e-01 1.939200e-01 -1.655800e-01 0 9 65 1.369700e+01 3.830000e+00 -1167 2.762100e+03 0
-2.480100e-01 1.864000e-01 -1.649700e-01 0 10 65 1.364400e+01 3.830000e+00 -1.517900e+03 2.875500e+03 0
-2.619200e-01 2.218700e-01 -1.678200e-01 0 11 65 1.314600e+01 3.830000e+00 -1.066800e+03 2.309700e+03 0
-2.881200e-01 2.308600e-01 -1.685500e-01 0 12 65 1.270500e+01 3.830000e+00 -1.062600e+03 2.196800e+03 0
-3.044900e-01 2.820900e-01 -1.726600e-01 0 13 65 1.194300e+01 3.830000e+00 -6.936100e+02 1773 0
-3.014900e-01 3.094700e-01 -1.748600e-01 0 14 65 1.146600e+01 3.830000e+00 -5.316300e+02 1.621600e+03 0
-1.222300e-01 4.108200e-01 -1.830000e-01 0 15 65 1.152200e+01 3.830000e+00 1.459100e+02 1.284100e+03 0
3.536000e-01 3.365500e-01 -1.770400e-01 0 28 65 1.318200e+01 3.830000e+00 1.156900e+03 1.602500e+03 0
6.799100e-01 6.392900e-01 -2.013600e-01 0 29 65 1.470400e+01 3.830000e+00 1.290900e+03 9.627900e+02 0
6.725500e-01 7.371800e-01 -2.092200e-01 0 30 65 1.564100e+01 3.830000e+00 1.192100e+03 8.782200e+02 0
6.711800e-01 8.044500e-01 -2.146300e-01 0 31 65 1.580100e+01 3.830000e+00 1.143500e+03 8.337800e+02 0
6.766400e-01 8.314200e-01 -2.167900e-01 0 32 65 1.528000e+01 3.830000e+00 1.131900e+03 8.183700e+02 0
6.722700e-01 8.736900e-01 -2.201900e-01 0 33 65 1.383100e+01 3.830000e+00 1.104400e+03 7.961200e+02 0
7.142900e-01 7.797400e-01 -2.126400e-01 0 35 65 1.095500e+01 3.830000e+00 1201 8.501400e+02 0
-8.116900e-01 9.116000e-01 -2.232300e-01 0 36 65 1.172800e+01 3.830000e+00 -2.946000e+01 7.534000e+02 0
-8.348900e-01 9.048900e-01 -2.226900e-01 0 37 65 1.225600e+01 3.830000e+00 -5.164700e+01 7.557100e+02 0
-8.580800e-01 8.903600e-01 -2.215300e-01 0 38 65 1.192700e+01 3.830000e+00 -8.124900e+01 7.612600e+02 0
-8.916400e-01 8.532000e-01 -2.185400e-01 0 39 65 1.060400e+01 3.830000e+00 -1.421900e+02 7.767800e+02 0
0 0 -1.500000e-01 3.204100e-02 1 66 1.527200e+01 3.830000e+00 2167 -3.612800e+03 0
-7.093800e-02 1.119300e-01 -1.589900e-01 3.204100e-02 5 66 1.420900e+01 3.830000e+00 -3.136200e+03 7.806900e+03 0
-1.585200e-01 1.859500e-01 -1.649400e-01 3.204100e-02 8 66 1.337900e+01 3.830000e+00 -1097 2.949500e+03 0
-1.986300e-01 1.950200e-01 -1.656700e-01 3.204100e-02 9 66 1.269100e+01 3.830000e+00 -1.150900e+03 2.741700e+03 0
-2.480100e-01 1.882000e-01 -1.651200e-01 3.204100e-02 10 66 1.261600e+01 3.830000e+00 -1.485400e+03 2.839200e+03 0
-2.592000e-01 2.281400e-01 -1.683300e-01 3.204100e-02 11 66 1.213400e+01 3.830000e+00 -9.893500e+02 2.237700e+03 0
-2.881200e-01 2.333600e-01 -1.687500e-01 3.204100e-02 12 66 1.168000e+01 3.830000e+00 -1.036700e+03 2.170400e+03 0
-3.044900e-01 2.818600e-01 -1.726400e-01 3.204100e-02 13 66 1.098300e+01 3.830000e+00 -6.950800e+02 1.774400e+03 0
3.462300e-01 3.578400e-01 -1.787500e-01 3.204100e-02 28 66 1.223300e+01 3.830000e+00 1.103100e+03 1.508200e+03 0
6.722700e-01 6.451000e-01 -2.018200e-01 3.204100e-02 29 66 1.375100e+01 3.830000e+00 1.275400e+03 9.566700e+02 0
6.725500e-01 7.357900e-01 -2.091100e-01 3.204100e-02 30 66 1.466500e+01 3.830000e+00 1.193200e+03 8.792400e+02 0
6.711800e-01 8.044800e-01 -2.146300e-01 3.204100e-02 31 66 1.482500e+01 3.830000e+00 1.143500e+03 8.337600e+02 0
6.766400e-01 8.328800e-01 -2.169100e-01 3.204100e-02 32 66 1.429700e+01 3.830000e+00 1131 8.175700e+02 0
6.810000e-01 8.679700e-01 -2.197300e-01 3.204100e-02 33 66 1.278900e+01 3.830000e+00 1.114800e+03 7.991500e+02 0
6.957400e-01 8.376400e-01 -2.172900e-01 3.204100e-02 35 66 1.009200e+01 3.830000e+00 1145 8.153600e+02 0
-7.926000e-01 9.305100e-01 -2.247500e-01 3.204100e-02 36 66 1.074000e+01 3.830000e+00 -7.262300e-01 7.463600e+02 0
-8.250600e-01 9.266300e-01 -2.244400e-01 3.204100e-02 37 66 1.124000e+01 3.830000e+00 -2.640200e+01 7.473400e+02 0
-8.479800e-01 9.206400e-01 -2.239600e-01 3.204100e-02 38 66 1.090400e+01 3.830000e+00 -4.737300e+01 7.492900e+02 0
0 0 -1.500000e-01 6.408200e-02 1 67 1.047700e+01 3.830000e+00 2167 -3.612800e+03 0
-8.185100e-04 3.471600e-02 -1.527900e-01 6.408200e-02 2 67 9.757300e+00 3.830000e+00 3.482400e+03 -7.169900e+03 0
4.387200e-01 5.199600e-01 -1.917700e-01 -9.612300e-01 25 35 9.176800e+00 3.830000e+00 1.088800e+03 1104 0
4.501800e-01 6.774400e-01 -2.044200e-01 -9.612300e-01 26 35 9.194700e+00 3.830000e+00 9.957900e+02 9.189400e+02 0
-1.094600e+00 3.957200e+00 -4.679000e-01 -9.612300e-01 119 35 1.061600e+01 3.830000e+00 4.885300e+02 4.862900e+02 1
-1.071400e+00 3.994400e+00 -4.708900e-01 -9.612300e-01 120 35 1.162800e+01 3.830000e+00 4.941600e+02 4.856100e+02 1
-1.047700e+00 4.036000e+00 -4.742300e-01 -9.612300e-01 121 35 1.195900e+01 3.830000e+00 4.999700e+02 4.848600e+02 1
-1.056400e+00 4.062000e+00 -4.763200e-01 -9.612300e-01 122 35 1.180100e+01 3.830000e+00 4.998600e+02 4.843700e+02 1
-1.131700e+00 4.056800e+00 -4.759000e-01 -9.612300e-01 123 35 1.133100e+01 3.830000e+00 4.878100e+02 4.843800e+02 1
-1.174600e+00 4.078700e+00 -4.776600e-01 -9.612300e-01 124 35 1.062900e+01 3.830000e+00 4.822600e+02 4.839300e+02 1
-1.149200e+00 3.903600e+00 -4.636000e-01 -9.291900e-01 118 36 1.121000e+01 3.830000e+00 4.768000e+02 4.872700e+02 1
-1.126800e+00 3.948500e+00 -4.672000e-01 -9.291900e-01 119 36 1.249400e+01 3.830000e+00 4.828900e+02 4.864200e+02 1
-1.103900e+00 3.988400e+00 -4.704100e-01 -9.291900e-01 120 36 1.328000e+01 3.830000e+00 4.886700e+02 4.856900e+02 1
-1.080400e+00 4.028100e+00 -4.736000e-01 -9.291900e-01 121 36 1.360900e+01 3.830000e+00 4.944200e+02 4.849700e+02 1
-1.089400e+00 4.058100e+00 -4.760000e-01 -9.291900e-01 122 36 1.349400e+01 3.830000e+00 4.945000e+02 4.844100e+02 1
-1.165000e+00 4.067400e+00 -4.767500e-01 -9.291900e-01 123 36 1.295800e+01 3.830000e+00 4.831600e+02 4.841500e+02 1
-1.208100e+00 4.088700e+00 -4.784600e-01 -9.291900e-01 124 36 1.217700e+01 3.830000e+00 4.775700e+02 4.837200e+02 1
-1.150300e+00 4.132100e+00 -4.819500e-01 -9.291900e-01 125 36 1.133300e+01 3.830000e+00 4.887500e+02 4.830100e+02 1
8.627100e-01 1.903500e+00 -3.029200e-01 -8.971500e-01 63 37 9.974300e+00 3.830000e+00 9.385100e+02 5.773800e+02 0
-1.181100e+00 3.892900e+00 -4.627400e-01 -8.971500e-01 118 37 1.150200e+01 3.830000e+00 4.709900e+02 4.874400e+02 1
-1.191200e+00 3.928400e+00 -4.655900e-01 -8.971500e-01 119 37 1.253500e+01 3.830000e+00 4.713900e+02 4.867300e+02 1
-1.168800e+00 3.974600e+00 -4.693000e-01 -8.971500e-01 120 37 1.290700e+01 3.830000e+00 4.775800e+02 4.858700e+02 1
-1.113200e+00 4.026600e+00 -4.734800e-01 -8.971500e-01 121 37 1.312100e+01 3.830000e+00 4.891800e+02 4.849600e+02 1
-1.122500e+00 4.056600e+00 -4.758900e-01 -8.971500e-01 122 37 1.311100e+01 3.830000e+00 4.892600e+02 4.843900e+02 1
-1.165000e+00 4.076700e+00 -4.775000e-01 -8.971500e-01 123 37 1.257400e+01 3.830000e+00 4.836400e+02 4.839800e+02 1
-1.241700e+00 4.081600e+00 -4.779000e-01 -8.971500e-01 124 37 1.179000e+01 3.830000e+00 4.719800e+02 4.838100e+02 1
-1.218000e+00 4.103900e+00 -4.796900e-01 -8.971500e-01 125 37 1.111800e+01 3.830000e+00 4.768700e+02 4.834300e+02 1
-1.181100e+00 3.891500e+00 -4.626200e-01 -8.651100e-01 118 38 1.022800e+01 3.830000e+00 4.709100e+02 4.874700e+02 1
-1.159000e+00 3.941200e+00 -4.666200e-01 -8.651100e-01 119 38 1.087200e+01 3.830000e+00 4.773100e+02 4.865200e+02 1
-1.168800e+00 3.979300e+00 -4.696800e-01 -8.651100e-01 120 38 1.066900e+01 3.830000e+00 4.778400e+02 4.857800e+02 1
1.407600e+00 2.274500e+00 -3.327200e-01 -8.330700e-01 78 39 1.003200e+01 3.830000e+00 1.059500e+03 5.506500e+02 0
6.126900e+00 9.714700e+00 8.012700e+00 -8.330700e-01 402 39 1.063700e+01 3.830000e+00 1072 -1.161500e+02 0
6.361500e+00 1.044400e+01 6.896500e+00 -8.330700e-01 403 39 1.105600e+01 3.830000e+00 1.062800e+03 -2.032400e+01 0
6.377300e+00 1.023100e+01 7.262100e+00 -8.330700e-01 404 39 1.031500e+01 3.830000e+00 1.070500e+03 -4.939300e+01 0
6.934200e+00 7.455200e+00 9.099200e+00 -8.010300e-01 392 40 1.027800e+01 3.830000e+00 1251 -3.458000e+02 0
7.058900e+00 7.606200e+00 8.929300e+00 -8.010300e-01 393 40 1.050400e+01 3.830000e+00 1.251400e+03 -3.194700e+02 0
6.969700e+00 8.911300e+00 7.770700e+00 -8.010300e-01 394 40 1.007300e+01 3.830000e+00 1.167700e+03 -1.446200e+02 0
6.455100e+00 9.255300e+00 8.294000e+00 -8.010300e-01 402 40 1.094100e+01 3.830000e+00 1.112600e+03 -158 0
6.251800e+00 1.020700e+01 7.337400e+00 -8.010300e-01 403 40 1.103900e+01 3.830000e+00 1.063300e+03 -5.455900e+01 0
7.235700e+00 9.784600e+00 6.116700e+00 -7.689800e-01 391 41 1.061900e+01 3.830000e+00 1.147800e+03 1.989500e-01 0
7.254200e+00 8.748300e+00 7.569800e+00 -7.689800e-01 392 41 1.111100e+01 3.830000e+00 1.198300e+03 -1.411000e+02 0
7.165800e+00 8.310800e+00 8.185100e+00 -7.689800e-01 393 41 1.137100e+01 3.830000e+00 1.215600e+03 -2.105800e+02 0
6.969700e+00 8.904800e+00 7.778100e+00 -7.689800e-01 394 41 1.092100e+01 3.830000e+00 1168 -1.454700e+02 0
0 0 -1.500000e-01 -7.369400e-01 1 42 9.372000e+00 3.830000e+00 2167 -3.612800e+03 0
7.147500e+00 9.296200e+00 6.996600e+00 -7.369400e-01 392 42 1.021400e+01 3.830000e+00 1.162900e+03 -7.496600e+01 0
6.951900e+00 8.804000e+00 7.847000e+00 -7.369400e-01 393 42 1.066300e+01 3.830000e+00 1.171900e+03 -1.558100e+02 0
6.755200e+00 8.988400e+00 7.870700e+00 -7.369400e-01 394 42 1.026600e+01 3.830000e+00 1.147800e+03 -1.464100e+02 0
7.058300e+00 7.934300e+00 8.967900e+00 -7.369400e-01 399 42 1.092100e+01 3.830000e+00 1.228300e+03 -2.943600e+02 0
7.492700e+00 5.743200e+00 1.020100e+01 -7.049000e-01 399 43 1.019500e+01 3.830000e+00 1.470100e+03 -6.637400e+02 0
7.620400e+00 8.679200e+00 7.795400e+00 -7.049000e-01 400 43 1.007400e+01 3.830000e+00 1.228900e+03 -1.610400e+02 0
1.850900e+00 1.214300e+00 -2.475500e-01 -4.165300e-01 65 52 1.030600e+01 3.830000e+00 1.685600e+03 6.908700e+02 0
1.968500e+00 1.125600e+00 -2.404200e-01 -4.165300e-01 66 52 1.025900e+01 3.830000e+00 1.854800e+03 7.174600e+02 0
1.920800e+00 1.116800e+00 -2.397100e-01 -3.844900e-01 65 53 1.156400e+01 3.830000e+00 1.832300e+03 7.196200e+02 0
2.004000e+00 1.065100e+00 -2.355600e-01 -3.844900e-01 66 53 1.174200e+01 3.830000e+00 1.956800e+03 7.380200e+02 0
2.070800e+00 1.005300e+00 -2.307600e-01 -3.844900e-01 67 53 1.105200e+01 3.830000e+00 2.096900e+03 7.617000e+02 0
-2.157100e+00 8.991400e-01 -2.222300e-01 -3.844900e-01 68 53 1.007700e+01 3.830000e+00 -9.573600e+02 7.377300e+02 0
1.873600e+00 1.078200e+00 -2.366200e-01 -3.524500e-01 64 54 1.074800e+01 3.830000e+00 1.845100e+03 7.316200e+02 0
1.955700e+00 1.057400e+00 -2.349400e-01 -3.524500e-01 65 54 1.128700e+01 3.830000e+00 1.931700e+03 7.400700e+02 0
2.021700e+00 1.019700e+00 -2.319200e-01 -3.524500e-01 66 54 1.138800e+01 3.830000e+00 2.035700e+03 7.551800e+02 0
2.070800e+00 9.612400e-01 -2.272200e-01 -3.524500e-01 67 54 1.112000e+01 3.830000e+00 2.172600e+03 7.806200e+02 0
2.029100e+00 8.249400e-01 -2.162700e-01 -3.524500e-01 68 54 1.033800e+01 3.830000e+00 2.425800e+03 8.535400e+02 0
0 0 -1.500000e-01 -6.408200e-02 1 63 9.902800e+00 3.830000e+00 2167 -3.612800e+03 0
6.957400e-01 7.833100e-01 -2.129300e-01 -6.408200e-02 31 63 9.676400e+00 3.830000e+00 1.180700e+03 8.473900e+02 0
6.681800e-01 8.240900e-01 -2.162000e-01 -6.408200e-02 32 63 1.020300e+01 3.830000e+00 1.128700e+03 8.222900e+02 0
6.897400e-01 8.405700e-01 -2.175300e-01 -6.408200e-02 33 63 1.083500e+01 3.830000e+00 1138 8.136400e+02 0
7.202900e-01 8.546800e-01 -2.186600e-01 -6.408200e-02 34 63 1.057600e+01 3.830000e+00 1156 8.067600e+02 0
0 0 -1.500000e-01 -3.204100e-02 1 64 1.537900e+01 3.830000e+00 2167 -3.612800e+03 0
-7.093800e-02 1.115500e-01 -1.589600e-01 -3.204100e-02 5 64 1.417100e+01 3.830000e+00 -3.172700e+03 7.877400e+03 0
-1.585200e-01 1.861000e-01 -1.649500e-01 -3.204100e-02 8 64 1.338200e+01 3.830000e+00 -1.094800e+03 2.946500e+03 0
-1.986300e-01 1.929100e-01 -1.655000e-01 -3.204100e-02 9 64 1.264400e+01 3.830000e+00 -1182 2.781100e+03 0
-2.480100e-01 1.850300e-01 -1.648600e-01 -3.204100e-02 10 64 1.258400e+01 3.830000e+00 -1.543400e+03 2.903800e+03 0
-2.619200e-01 2.205000e-01 -1.677100e-01 -3.204100e-02 11 64 1.215000e+01 3.830000e+00 -1.082400e+03 2.326500e+03 0
-2.881200e-01 2.298400e-01 -1.684600e-01 -3.204100e-02 12 64 1.164600e+01 3.830000e+00 -1.073400e+03 2.207800e+03 0
-3.077600e-01 2.799500e-01 -1.724900e-01 -3.204100e-02 13 64 1.089300e+01 3.830000e+00 -7.162600e+02 1.785700e+03 0
-3.192200e-01 3.047100e-01 -1.744800e-01 -3.204100e-02 14 64 1.045300e+01 3.830000e+00 -5.995600e+02 1.642400e+03 0
-1.222300e-01 4.069800e-01 -1.826900e-01 -3.204100e-02 15 64 1.052800e+01 3.830000e+00 1.396700e+02 1.294100e+03 0
3.536000e-01 3.175600e-01 -1.755100e-01 -3.204100e-02 28 64 1.214300e+01 3.830000e+00 1.194900e+03 1.700200e+03 0
6.799100e-01 6.416700e-01 -2.015500e-01 -3.204100e-02 29 64 1.364100e+01 3.830000e+00 1.288300e+03 9.603900e+02 0
6.725500e-01 7.386600e-01 -2.093400e-01 -3.204100e-02 30 64 1.459200e+01 3.830000e+00 1191 8.771400e+02 0
6.711800e-01 8.042900e-01 -2.146100e-01 -3.204100e-02 31 64 1.475500e+01 3.830000e+00 1.143600e+03 8.338700e+02 0
6.766400e-01 8.279600e-01 -2.165100e-01 -3.204100e-02 32 64 1.426000e+01 3.830000e+00 1.133900e+03 8.203000e+02 0
6.810000e-01 8.598900e-01 -2.190800e-01 -3.204100e-02 33 64 1.297000e+01 3.830000e+00 1.119300e+03 8.032600e+02 0
7.022900e-01 8.841600e-01 -2.210300e-01 -3.204100e-02 34 64 1.085300e+01 3.830000e+00 1.123800e+03 7.915700e+02 0
7.606700e-01 6.434700e-01 -2.016900e-01 -3.204100e-02 35 64 1.025400e+01 3.830000e+00 1.383800e+03 9.616200e+02 0
-8.212400e-01 9.001600e-01 -2.223100e-01 -3.204100e-02 36 64 1.082100e+01 3.830000e+00 -4.601100e+01 7.578400e+02 0
-8.348900e-01 8.878400e-01 -2.213200e-01 -3.204100e-02 37 64 1.130700e+01 3.830000e+00 -6.675600e+01 7.626900e+02 0
-8.580800e-01 8.686100e-01 -2.197800e-01 -3.204100e-02 38 64 1.100800e+01 3.830000e+00 -1.017400e+02 7.705200e+02 0
-8.709000e-01 8.665100e-01 -2.196100e-01 -3.204100e-02 39 64 9.873300e+00 3.830000e+00 -1.132900e+02 7.712100e+02 0
