0 0 -1.500000e-01 0 1 65 1.633800e+01 3.310000e+00 2167 -3.612800e+03 0
-7.093800e-02 1.119000e-01 -1.577700e-01 0 5 65 1.523000e+01 3.310000e+00 -3.134300e+03 7.784100e+03 0
-1.585200e-01 1.860200e-01 -1.629100e-01 0 8 65 1.437700e+01 3.310000e+00 -1.094900e+03 2.935700e+03 0
-2.008100e-01 1.911000e-01 -1.632600e-01 0 9 65 1.369500e+01 3.310000e+00 -1.218200e+03 2802 0
-2.480100e-01 1.856000e-01 -1.628800e-01 0 10 65 1.366200e+01 3.310000e+00 -1.531300e+03 2.879800e+03 0
-2.619200e-01 2.210500e-01 -1.653400e-01 0 11 65 1.315500e+01 3.310000e+00 -1.075100e+03 2.308900e+03 0
-2.881200e-01 2.281900e-01 -1.658400e-01 0 12 65 1.269600e+01 3.310000e+00 -1.090200e+03 2.215400e+03 0
-3.077600e-01 2.770500e-01 -1.692300e-01 0 13 65 1.185900e+01 3.310000e+00 -7.346900e+02 1.794800e+03 0
-3.192200e-01 3.063900e-01 -1.712600e-01 0 14 65 1.147300e+01 3.310000e+00 -5.899900e+02 1.624700e+03 0
-1.260500e-01 3.739900e-01 -1.759600e-01 0 15 65 1.149600e+01 3.310000e+00 7.200800e+01 1.380700e+03 0
3.609700e-01 3.035000e-01 -1.710600e-01 0 28 65 1.314200e+01 3.310000e+00 1.248900e+03 1.774900e+03 0
6.799100e-01 6.394500e-01 -1.943800e-01 0 29 65 1.469400e+01 3.310000e+00 1.290200e+03 9.544300e+02 0
6.725500e-01 7.365100e-01 -2.011100e-01 0 30 65 1.563000e+01 3.310000e+00 1.192300e+03 8.707500e+02 0
6.711800e-01 8.044600e-01 -2.058300e-01 0 31 65 1.577400e+01 3.310000e+00 1.143200e+03 8.259300e+02 0
6.766400e-01 8.318600e-01 -2.077300e-01 0 32 65 1.520800e+01 3.310000e+00 1.131300e+03 8.103300e+02 0
6.722700e-01 8.764200e-01 -2.108300e-01 0 33 65 1.363400e+01 3.310000e+00 1.102600e+03 7.870400e+02 0
6.932800e-01 9.025000e-01 -2.126400e-01 0 34 65 1.135900e+01 3.310000e+00 1.106400e+03 7.750200e+02 0
7.514000e-01 7.628600e-01 -2.029400e-01 0 35 65 1.099600e+01 3.310000e+00 1.250100e+03 8.543100e+02 0
-8.403400e-01 8.780900e-01 -2.109400e-01 0 36 65 1.182300e+01 3.310000e+00 -7.940000e+01 7.594800e+02 0
-8.643500e-01 8.823000e-01 -2.112300e-01 0 37 65 1.221100e+01 3.310000e+00 -9.301400e+01 7.572900e+02 0
-8.883600e-01 8.775000e-01 -2.109000e-01 0 38 65 1.175700e+01 3.310000e+00 -1.151100e+02 7.589300e+02 0
-9.331100e-01 8.127600e-01 -2.064100e-01 0 39 65 1.023300e+01 3.310000e+00 -2.185400e+02 7.879500e+02 0
0 0 -1.500000e-01 3.204100e-02 1 66 1.531400e+01 3.310000e+00 2167 -3.612800e+03 0
-7.093800e-02 1.123500e-01 -1.578000e-01 3.204100e-02 5 66 1.423000e+01 3.310000e+00 -3.091800e+03 7.702200e+03 0
-1.585200e-01 1.859800e-01 -1.629100e-01 3.204100e-02 8 66 1.335400e+01 3.310000e+00 -1.095500e+03 2.936500e+03 0
-2.008100e-01 1.910200e-01 -1.632600e-01 3.204100e-02 9 66 1.269700e+01 3.310000e+00 -1.219500e+03 2.803700e+03 0
-2.504700e-01 1.817900e-01 -1.626200e-01 3.204100e-02 10 66 1.264800e+01 3.310000e+00 -1.616100e+03 2.959200e+03 0
-2.646500e-01 2.179900e-01 -1.651300e-01 3.204100e-02 11 66 1.219300e+01 3.310000e+00 -1.120900e+03 2.345900e+03 0
-2.911200e-01 2.259000e-01 -1.656800e-01 3.204100e-02 12 66 1.168900e+01 3.310000e+00 -1.126300e+03 2240 0
-3.143100e-01 2.712500e-01 -1.688300e-01 3.204100e-02 13 66 1.085100e+01 3.310000e+00 -7.931400e+02 1.832200e+03 0
-1.298700e-01 3.362300e-01 -1.733300e-01 3.204100e-02 15 66 1.044400e+01 3.310000e+00 -2.492900e+01 1.518500e+03 0
3.683300e-01 3.372900e-01 -1.734100e-01 3.204100e-02 28 66 1.215800e+01 3.310000e+00 1.193400e+03 1.591800e+03 0
6.799100e-01 6.364600e-01 -1.941700e-01 3.204100e-02 29 66 1.365100e+01 3.310000e+00 1.293500e+03 9.574800e+02 0
6.725500e-01 7.349900e-01 -2.010100e-01 3.204100e-02 30 66 1.460700e+01 3.310000e+00 1.193400e+03 8.718600e+02 0
6.711800e-01 8.044800e-01 -2.058300e-01 3.204100e-02 31 66 1.475000e+01 3.310000e+00 1.143200e+03 8.259200e+02 0
6.766400e-01 8.327700e-01 -2.078000e-01 3.204100e-02 32 66 1.416000e+01 3.310000e+00 1.130700e+03 8.098300e+02 0
6.722700e-01 8.781000e-01 -2.109400e-01 3.204100e-02 33 66 1.249500e+01 3.310000e+00 1.101800e+03 7.862200e+02 0
7.473000e-01 8.465600e-01 -2.087500e-01 3.204100e-02 34 66 1.026300e+01 3.310000e+00 1.184200e+03 8.038100e+02 0
7.606700e-01 8.087200e-01 -2.061300e-01 3.204100e-02 35 66 1.027000e+01 3.310000e+00 1.222700e+03 8.254200e+02 0
-8.307900e-01 8.897200e-01 -2.117500e-01 3.204100e-02 36 66 1.089700e+01 3.310000e+00 -6.182800e+01 7.547300e+02 0
-8.643500e-01 8.829300e-01 -2.112800e-01 3.204100e-02 37 66 1.132500e+01 3.310000e+00 -9.241500e+01 7.570200e+02 0
-8.984600e-01 8.734200e-01 -2.106200e-01 3.204100e-02 38 66 1.091800e+01 3.310000e+00 -1.265100e+02 7.605100e+02 0
-1.107700e+00 1.410400e+01 -1.128800e+00 -1.025300e+00 407 33 1.039800e+01 3.310000e+00 6.361500e+02 4.251600e+02 1
-1.110500e+00 1.415500e+01 -1.132400e+00 -1.025300e+00 408 33 1.046500e+01 3.310000e+00 6.362400e+02 4.250900e+02 1
-1.001900e+00 1.419200e+01 -1.134900e+00 -1.025300e+00 409 33 1.011300e+01 3.310000e+00 6.412600e+02 4.250500e+02 1
-2.488300e-01 3.967300e+00 -4.253400e-01 -9.932700e-01 115 34 1.028800e+01 3.310000e+00 6.254800e+02 4.802600e+02 0
-2.823900e-01 4.005900e+00 -4.280100e-01 -9.932700e-01 116 34 1.067700e+01 3.310000e+00 6.207600e+02 4.794800e+02 0
-3.164900e-01 4.019200e+00 -4.289400e-01 -9.932700e-01 117 34 1.005900e+01 3.310000e+00 6.155400e+02 4.791800e+02 0
-9.945000e-01 1.408200e+01 -1.127300e+00 -9.932700e-01 406 34 1.058600e+01 3.310000e+00 6.411800e+02 4.252200e+02 1
-9.969500e-01 1.413900e+01 -1.131300e+00 -9.932700e-01 407 34 1.104100e+01 3.310000e+00 6.412800e+02 4.251300e+02 1
-1.110500e+00 1.417000e+01 -1.133400e+00 -9.932700e-01 408 34 1.092400e+01 3.310000e+00 6.363000e+02 4.250700e+02 1
-1.224500e+00 1.419200e+01 -1.135000e+00 -9.932700e-01 409 34 1.044000e+01 3.310000e+00 6.312800e+02 4.250100e+02 1
-2.510100e-01 4.006300e+00 -4.280400e-01 -9.612300e-01 116 35 1.016200e+01 3.310000e+00 6.258100e+02 4.795000e+02 0
0 0 -1.500000e-01 -3.204100e-02 1 64 1.534300e+01 3.310000e+00 2167 -3.612800e+03 0
-7.093800e-02 1.115700e-01 -1.577400e-01 -3.204100e-02 5 64 1.419900e+01 3.310000e+00 -3.165600e+03 7.844500e+03 0
-1.585200e-01 1.860800e-01 -1.629100e-01 -3.204100e-02 8 64 1.337500e+01 3.310000e+00 -1.093900e+03 2.934200e+03 0
-2.008100e-01 1.907200e-01 -1.632400e-01 -3.204100e-02 9 64 1.268500e+01 3.310000e+00 -1.224200e+03 2.809500e+03 0
-2.480100e-01 1.850100e-01 -1.628400e-01 -3.204100e-02 10 64 1.263300e+01 3.310000e+00 -1.542200e+03 2892 0
-2.619200e-01 2.200600e-01 -1.652700e-01 -3.204100e-02 11 64 1.210400e+01 3.310000e+00 -1.086500e+03 2.321200e+03 0
-2.881200e-01 2.255900e-01 -1.656600e-01 -3.204100e-02 12 64 1.164700e+01 3.310000e+00 -1119 2.244600e+03 0
-3.077600e-01 2.741100e-01 -1.690200e-01 -3.204100e-02 13 64 1.076800e+01 3.310000e+00 -7.546500e+02 1.814300e+03 0
-3.263100e-01 3.020900e-01 -1.709700e-01 -3.204100e-02 14 64 1.049700e+01 3.310000e+00 -6.307000e+02 1.645400e+03 0
-1.298700e-01 2.560600e-01 -1.677700e-01 -3.204100e-02 15 64 1.063200e+01 3.310000e+00 -3.341000e+02 1.997700e+03 0
3.609700e-01 2.974200e-01 -1.706400e-01 -3.204100e-02 28 64 1.215600e+01 3.310000e+00 1.264900e+03 1.814400e+03 0
6.799100e-01 6.438600e-01 -1.946800e-01 -3.204100e-02 29 64 1.369700e+01 3.310000e+00 1.285400e+03 950 0
6.725500e-01 7.385300e-01 -2.012600e-01 -3.204100e-02 30 64 1.462000e+01 3.310000e+00 1.190700e+03 8.692800e+02 0
6.793700e-01 7.974700e-01 -2.053500e-01 -3.204100e-02 31 64 1.476900e+01 3.310000e+00 1.155300e+03 8.303300e+02 0
6.766400e-01 8.307200e-01 -2.076500e-01 -3.204100e-02 32 64 1.421600e+01 3.310000e+00 1132 8.109600e+02 0
6.722700e-01 8.764500e-01 -2.108300e-01 -3.204100e-02 33 64 1.269400e+01 3.310000e+00 1.102600e+03 7.870300e+02 0
6.752700e-01 9.214200e-01 -2.139500e-01 -3.204100e-02 34 64 1.058100e+01 3.310000e+00 1.082700e+03 7.662000e+02 0
-8.498900e-01 8.651400e-01 -2.100400e-01 -3.204100e-02 36 64 1.060200e+01 3.310000e+00 -9.872300e+01 7.649300e+02 0
-8.643500e-01 8.824500e-01 -2.112400e-01 -3.204100e-02 37 64 1.104900e+01 3.310000e+00 -9.286900e+01 7.572300e+02 0
-8.883600e-01 8.681800e-01 -2.102500e-01 -3.204100e-02 38 64 1.067400e+01 3.310000e+00 -1.242700e+02 7.629400e+02 0
