0 0 -1.500000e-01 0 1 65 1.629000e+01 2.780000e+00 2167 -3.612800e+03 0
-7.093800e-02 1.122000e-01 -1.565400e-01 0 5 65 1.521200e+01 2.780000e+00 -3.101600e+03 7.701700e+03 0
-1.585200e-01 1.861000e-01 -1.608400e-01 0 8 65 1.440100e+01 2.780000e+00 -1.092500e+03 2.921200e+03 0
-2.008100e-01 1.903800e-01 -1.610900e-01 0 9 65 1.371200e+01 2.780000e+00 -1.228100e+03 2.803800e+03 0
-2.480100e-01 1.862200e-01 -1.608500e-01 0 10 65 1.369500e+01 2.780000e+00 -1.518200e+03 2.854600e+03 0
-2.619200e-01 2.212500e-01 -1.628900e-01 0 11 65 1.315500e+01 2.780000e+00 -1.071700e+03 2.295500e+03 0
-2.881200e-01 2.269400e-01 -1.632200e-01 0 12 65 1.273000e+01 2.780000e+00 -1.102900e+03 2.218600e+03 0
-3.044900e-01 2.799300e-01 -1.663100e-01 0 13 65 1.198800e+01 2.780000e+00 -7.060300e+02 1.767400e+03 0
-3.085800e-01 2.972400e-01 -1.673200e-01 0 14 65 1.147300e+01 2.780000e+00 -6.125900e+02 1665 0
-1.222300e-01 4.034000e-01 -1.735100e-01 0 15 65 1.144500e+01 2.780000e+00 1.341000e+02 1.286200e+03 0
-3.601500e-01 3.637600e-01 -1.712000e-01 0 16 65 1.127500e+01 2.780000e+00 -4.258400e+02 1.378100e+03 0
3.536000e-01 3.294700e-01 -1.692000e-01 0 28 65 1.314700e+01 2.780000e+00 1.169500e+03 1.617400e+03 0
6.799100e-01 6.406300e-01 -1.873300e-01 0 29 65 1.468100e+01 2.780000e+00 1.288500e+03 9.449100e+02 0
6.725500e-01 7.370000e-01 -1.929400e-01 0 30 65 1.562800e+01 2.780000e+00 1.191500e+03 8.622900e+02 0
6.793700e-01 7.975500e-01 -1.964700e-01 0 31 65 1.579500e+01 2.780000e+00 1.154800e+03 8.222900e+02 0
6.766400e-01 8.318500e-01 -1.984700e-01 0 32 65 1.529100e+01 2.780000e+00 1.130900e+03 8.024100e+02 0
6.810000e-01 8.690200e-01 -2.006400e-01 0 33 65 1.387200e+01 2.780000e+00 1.113600e+03 783 0
7.606700e-01 7.318300e-01 -1.926400e-01 0 35 65 1.108800e+01 2.780000e+00 1.286500e+03 8.685000e+02 0
-8.498900e-01 8.667700e-01 -2.005100e-01 0 36 65 1.182400e+01 2.780000e+00 -9.686700e+01 7.568400e+02 0
-8.643500e-01 8.486000e-01 -1.994500e-01 0 37 65 1.207300e+01 2.780000e+00 -1.257200e+02 7.647200e+02 0
-8.681700e-01 8.085900e-01 -1.971200e-01 0 38 65 1.146100e+01 2.780000e+00 -1.717000e+02 7.838900e+02 0
0 0 -1.500000e-01 3.204100e-02 1 66 1.518500e+01 2.780000e+00 2167 -3.612800e+03 0
-7.093800e-02 1.127200e-01 -1.565700e-01 3.204100e-02 5 66 1.420400e+01 2.780000e+00 -3.053300e+03 7.608800e+03 0
-1.604300e-01 1.844500e-01 -1.607500e-01 3.204100e-02 8 66 1.336700e+01 2.780000e+00 -1.127400e+03 2.955700e+03 0
-2.008100e-01 1.897500e-01 -1.610600e-01 3.204100e-02 9 66 1.268800e+01 2.780000e+00 -1.238100e+03 2.816200e+03 0
-2.504700e-01 1.814300e-01 -1.605700e-01 3.204100e-02 10 66 1.268900e+01 2.780000e+00 -1.621600e+03 2.954400e+03 0
-2.619200e-01 2.204200e-01 -1.628400e-01 3.204100e-02 11 66 1.212000e+01 2.780000e+00 -1.081200e+03 2.305700e+03 0
-2.851200e-01 2.289200e-01 -1.633400e-01 3.204100e-02 12 66 1.168400e+01 2.780000e+00 -1.070800e+03 2.197900e+03 0
-3.077600e-01 2.751000e-01 -1.660300e-01 3.204100e-02 13 66 1.097100e+01 2.780000e+00 -7.471200e+02 1798 0
-1.260500e-01 3.789900e-01 -1.720800e-01 3.204100e-02 15 66 1.039500e+01 2.780000e+00 8.229500e+01 1356 0
3.536000e-01 3.462000e-01 -1.701700e-01 3.204100e-02 28 66 1.214100e+01 2.780000e+00 1.138900e+03 1539 0
6.799100e-01 6.375400e-01 -1.871500e-01 3.204100e-02 29 66 1.365200e+01 2.780000e+00 1.291900e+03 9.480300e+02 0
6.725500e-01 7.346600e-01 -1.928100e-01 3.204100e-02 30 66 1.461500e+01 2.780000e+00 1.193300e+03 864 0
6.711800e-01 8.044500e-01 -1.968800e-01 3.204100e-02 31 66 1.480100e+01 2.780000e+00 1.142800e+03 8.179600e+02 0
6.766400e-01 8.349700e-01 -1.986500e-01 3.204100e-02 32 66 1.433700e+01 2.780000e+00 1.129100e+03 8.007000e+02 0
6.810000e-01 8.718300e-01 -2.008000e-01 3.204100e-02 33 66 1.302900e+01 2.780000e+00 1112 7.816000e+02 0
-8.498900e-01 8.755800e-01 -2.010200e-01 3.204100e-02 36 66 1.091600e+01 2.780000e+00 -8.847100e+01 7.530200e+02 0
-8.643500e-01 8.514200e-01 -1.996100e-01 3.204100e-02 37 66 1.111000e+01 2.780000e+00 -1.228500e+02 7.634300e+02 0
-8.782700e-01 7.518200e-01 -1.938100e-01 3.204100e-02 38 66 1.044100e+01 2.780000e+00 -2.498400e+02 8.147100e+02 0
0 0 -1.500000e-01 6.408200e-02 1 67 1.015100e+01 2.780000e+00 2167 -3.612800e+03 0
6.569900e-01 6.669300e-01 -1.888600e-01 6.408200e-02 29 67 1.011100e+01 2.780000e+00 1.234800e+03 9.188800e+02 0
6.725500e-01 7.320700e-01 -1.926600e-01 6.408200e-02 30 67 1.070400e+01 2.780000e+00 1.195300e+03 8.659000e+02 0
6.711800e-01 7.998800e-01 -1.966100e-01 6.408200e-02 31 67 1.080000e+01 2.780000e+00 1.145700e+03 8.207000e+02 0
6.681800e-01 8.503700e-01 -1.995500e-01 6.408200e-02 32 67 1.013300e+01 2.780000e+00 1.112900e+03 7.922800e+02 0
6.722700e-01 8.783300e-01 -2.011800e-01 6.408200e-02 33 67 9.900100e+00 2.780000e+00 1.101300e+03 7.782400e+02 0
6.488100e-01 7.540800e-01 -1.939400e-01 9.612300e-02 30 68 9.944300e+00 2.780000e+00 1.155100e+03 8.496100e+02 0
6.466300e-01 8.239700e-01 -1.980100e-01 9.612300e-02 31 68 1.026900e+01 2.780000e+00 1.108800e+03 8.061600e+02 0
6.428100e-01 8.677300e-01 -2.005600e-01 9.612300e-02 32 68 9.822800e+00 2.780000e+00 1.082100e+03 7.829200e+02 0
-3.928900e-01 1.259600e+00 -2.234000e-01 -7.689800e-01 41 41 1.046800e+01 2.780000e+00 3.945800e+02 6.442800e+02 1
-4.139000e-01 1.298700e+00 -2.256700e-01 -7.689800e-01 42 41 1.049000e+01 2.780000e+00 3.934100e+02 6.363200e+02 1
-3.628700e-01 1.134600e+00 -2.161200e-01 -7.369400e-01 39 42 1.095700e+01 2.780000e+00 3.772300e+02 6.733100e+02 1
-3.830600e-01 1.207300e+00 -2.203500e-01 -7.369400e-01 40 42 1.268900e+01 2.780000e+00 3.862900e+02 6.556200e+02 1
-4.038000e-01 1.242600e+00 -2.224100e-01 -7.369400e-01 41 42 1.333200e+01 2.780000e+00 3.845000e+02 6.477300e+02 1
-4.250800e-01 1.269900e+00 -2.240000e-01 -7.369400e-01 42 42 1.311300e+01 2.780000e+00 3.804800e+02 6.419100e+02 1
-4.469100e-01 1.296800e+00 -2.255600e-01 -7.369400e-01 43 42 1.204900e+01 2.780000e+00 3.762500e+02 6.364300e+02 1
-4.575500e-01 1.381000e+00 -2.304700e-01 -7.369400e-01 44 42 1.058400e+01 2.780000e+00 3.914600e+02 6.211200e+02 0
-3.525100e-01 1.164300e+00 -2.178400e-01 -7.049000e-01 39 43 1.160700e+01 2.780000e+00 3.916400e+02 6.659800e+02 1
-3.724200e-01 1.210200e+00 -2.205200e-01 -7.049000e-01 40 43 1.316100e+01 2.780000e+00 3.928700e+02 6.550600e+02 1
-3.928900e-01 1.247000e+00 -2.226600e-01 -7.049000e-01 41 43 1.370400e+01 2.780000e+00 3.914100e+02 6.469000e+02 1
-4.027100e-01 1.277300e+00 -2.244300e-01 -7.049000e-01 42 43 1.328500e+01 2.780000e+00 3.939000e+02 6.405900e+02 1
-3.666900e-01 1.286200e+00 -2.249500e-01 -7.049000e-01 43 43 1.148500e+01 2.780000e+00 4.144800e+02 6.391200e+02 1
-5.983300e-01 1.306600e+00 -2.261300e-01 -7.049000e-01 44 43 1.136600e+01 2.780000e+00 3.031600e+02 6.333800e+02 1
-6.722700e-01 1.296000e+00 -2.255200e-01 -7.049000e-01 45 43 1.129700e+01 2.780000e+00 2.628400e+02 6.348100e+02 0
-6.630000e-01 1.349000e+00 -2.286000e-01 -7.049000e-01 46 43 1.115100e+01 2.780000e+00 2.848800e+02 6.251900e+02 1
-6.651800e-01 1.374200e+00 -2.300700e-01 -7.049000e-01 47 43 1.062500e+01 2.780000e+00 2.916600e+02 6.208300e+02 0
-3.525100e-01 1.223000e+00 -2.212600e-01 -6.728600e-01 39 44 1.040200e+01 2.780000e+00 4.069200e+02 6.524100e+02 1
-3.617800e-01 1.219700e+00 -2.210700e-01 -6.728600e-01 40 44 1.157700e+01 2.780000e+00 4.010800e+02 6.530500e+02 1
-3.928900e-01 1.260400e+00 -2.234400e-01 -6.728600e-01 41 44 1.184600e+01 2.780000e+00 3.947800e+02 6.441100e+02 1
-5.816900e-01 1.296100e+00 -2.255200e-01 -6.728600e-01 42 44 1.168400e+01 2.780000e+00 3.082100e+02 6.355000e+02 1
-6.073400e-01 1.281900e+00 -2.246900e-01 -6.728600e-01 43 44 1.170400e+01 2.780000e+00 2.907300e+02 6.380600e+02 1
-6.100700e-01 1.299500e+00 -2.257200e-01 -6.728600e-01 44 44 1.180200e+01 2.780000e+00 2.950900e+02 6.346200e+02 1
-6.482600e-01 1.324100e+00 -2.271500e-01 -6.728600e-01 45 44 1.151200e+01 2.780000e+00 2.840900e+02 6.297600e+02 1
-6.384400e-01 1.369900e+00 -2.298200e-01 -6.728600e-01 46 44 1.126400e+01 2.780000e+00 3.029800e+02 6.217400e+02 0
-6.149800e-01 1.408000e+00 -2.320400e-01 -6.728600e-01 47 44 1.059400e+01 2.780000e+00 3.247500e+02 6.156000e+02 0
-5.145700e-01 1.266000e+00 -2.237700e-01 -6.408200e-01 42 45 1.039800e+01 2.780000e+00 3.331900e+02 6.419600e+02 1
-5.500400e-01 1.302200e+00 -2.258800e-01 -6.408200e-01 43 45 1.049800e+01 2.780000e+00 3.259000e+02 6.345900e+02 1
-5.866000e-01 1.340700e+00 -2.281200e-01 -6.408200e-01 44 45 1.018700e+01 2.780000e+00 3.192100e+02 6.272100e+02 1
-6.122500e-01 1.383200e+00 -2.306000e-01 -6.408200e-01 45 45 9.845900e+00 2.780000e+00 3.191400e+02 6.196900e+02 0
6.646300e-01 7.615200e-01 -1.943700e-01 -9.612300e-02 30 62 1.022600e+01 2.780000e+00 1.165400e+03 8.449500e+02 0
6.711800e-01 7.924300e-01 -1.961700e-01 -9.612300e-02 31 62 1.043000e+01 2.780000e+00 1.150600e+03 8.252300e+02 0
6.851000e-01 7.611600e-01 -1.943500e-01 -9.612300e-02 32 62 9.748500e+00 2.780000e+00 1.185700e+03 8.457100e+02 0
0 0 -1.500000e-01 -6.408200e-02 1 63 1.009300e+01 2.780000e+00 2167 -3.612800e+03 0
6.569900e-01 6.796500e-01 -1.896000e-01 -6.408200e-02 29 63 1.018100e+01 2.780000e+00 1223 9.075100e+02 0
6.646300e-01 7.514800e-01 -1.937900e-01 -6.408200e-02 30 63 1.113000e+01 2.780000e+00 1.172600e+03 8.518100e+02 0
6.711800e-01 8.035200e-01 -1.968200e-01 -6.408200e-02 31 63 1.125600e+01 2.780000e+00 1.143400e+03 8.185200e+02 0
6.766400e-01 8.196500e-01 -1.977600e-01 -6.408200e-02 32 63 1.058100e+01 2.780000e+00 1.138300e+03 8.092400e+02 0
0 0 -1.500000e-01 -3.204100e-02 1 64 1.537500e+01 2.780000e+00 2167 -3.612800e+03 0
-7.093800e-02 1.117900e-01 -1.565100e-01 -3.204100e-02 5 64 1.418000e+01 2.780000e+00 -3.139800e+03 7.775200e+03 0
-1.585200e-01 1.861000e-01 -1.608400e-01 -3.204100e-02 8 64 1.338600e+01 2.780000e+00 -1.092500e+03 2.921300e+03 0
-2.008100e-01 1.901300e-01 -1.610800e-01 -3.204100e-02 9 64 1.269700e+01 2.780000e+00 -1.232100e+03 2.808700e+03 0
-2.480100e-01 1.862800e-01 -1.608500e-01 -3.204100e-02 10 64 1.267300e+01 2.780000e+00 -1.517200e+03 2.853400e+03 0
-2.619200e-01 2.215400e-01 -1.629100e-01 -3.204100e-02 11 64 1.215700e+01 2.780000e+00 -1.068500e+03 2292 0
-2.881200e-01 2.270700e-01 -1.632300e-01 -3.204100e-02 12 64 1.171900e+01 2.780000e+00 -1.101400e+03 2.217100e+03 0
-3.077600e-01 2.753500e-01 -1.660400e-01 -3.204100e-02 13 64 1.101000e+01 2.780000e+00 -7.454200e+02 1.796300e+03 0
3.462300e-01 3.210600e-01 -1.687100e-01 -3.204100e-02 28 64 1.213700e+01 2.780000e+00 1.166100e+03 1.659600e+03 0
6.722700e-01 6.514600e-01 -1.879600e-01 -3.204100e-02 29 64 1.368200e+01 2.780000e+00 1.267900e+03 9.339500e+02 0
6.725500e-01 7.395600e-01 -1.930900e-01 -3.204100e-02 30 64 1.461500e+01 2.780000e+00 1.189500e+03 8.604400e+02 0
6.793700e-01 7.973400e-01 -1.964600e-01 -3.204100e-02 31 64 1.477300e+01 2.780000e+00 1155 8.224200e+02 0
6.766400e-01 8.290100e-01 -1.983100e-01 -3.204100e-02 32 64 1.426300e+01 2.780000e+00 1.132600e+03 8.039800e+02 0
6.810000e-01 8.658000e-01 -2.004500e-01 -3.204100e-02 33 64 1.284300e+01 2.780000e+00 1.115300e+03 7.846100e+02 0
-8.689900e-01 8.295600e-01 -1.983400e-01 -3.204100e-02 36 64 1.072600e+01 2.780000e+00 -1.492000e+02 7.735500e+02 0
-8.545300e-01 8.503500e-01 -1.995500e-01 -3.204100e-02 37 64 1.102400e+01 2.780000e+00 -1.165100e+02 7.640900e+02 0
-8.580800e-01 8.239200e-01 -1.980100e-01 -3.204100e-02 38 64 1.050200e+01 2.780000e+00 -1.467900e+02 7.764700e+02 0
