0 0 -1.500000e-01 0 1 65 1.629500e+01 3.240000e+00 2167 -3.612800e+03 0
-7.093800e-02 1.119500e-01 -1.576000e-01 0 5 65 1.522000e+01 3.240000e+00 -3.129200e+03 7.771800e+03 0
-1.585200e-01 1.860300e-01 -1.626400e-01 0 8 65 1.436900e+01 3.240000e+00 -1.094500e+03 2.933700e+03 0
-2.008100e-01 1.917500e-01 -1.630300e-01 0 9 65 1.370600e+01 3.240000e+00 -1.208100e+03 2.787900e+03 0
-2.480100e-01 1.870000e-01 -1.627000e-01 0 10 65 1.366500e+01 3.240000e+00 -1.505300e+03 2.849500e+03 0
-2.619200e-01 2.224300e-01 -1.651100e-01 0 11 65 1.312400e+01 3.240000e+00 -1.059500e+03 2.290800e+03 0
-2.881200e-01 2.304700e-01 -1.656600e-01 0 12 65 1.270800e+01 3.240000e+00 -1.065600e+03 2.189200e+03 0
-3.077600e-01 2.777400e-01 -1.688700e-01 0 13 65 1.201500e+01 3.240000e+00 -7.299900e+02 1.789100e+03 0
-3.050300e-01 3.075900e-01 -1.708900e-01 0 14 65 1.154600e+01 3.240000e+00 -5.490700e+02 1620 0
-1.184100e-01 4.015600e-01 -1.772800e-01 0 15 65 1.147700e+01 3.240000e+00 1.379400e+02 1.299100e+03 0
-3.683300e-01 3.654700e-01 -1.748300e-01 0 16 65 1.121000e+01 3.240000e+00 -4.361100e+02 1.379300e+03 0
3.536000e-01 3.053100e-01 -1.707400e-01 0 28 65 1.317900e+01 3.240000e+00 1.222300e+03 1.760700e+03 0
6.799100e-01 6.365300e-01 -1.932400e-01 0 29 65 1.470500e+01 3.240000e+00 1.293400e+03 9.563000e+02 0
6.725500e-01 7.355600e-01 -1.999700e-01 0 30 65 1.562500e+01 3.240000e+00 1.192900e+03 8.703700e+02 0
6.793700e-01 7.975600e-01 -2.041800e-01 0 31 65 1.577400e+01 3.240000e+00 1.155200e+03 8.292200e+02 0
6.766400e-01 8.317500e-01 -2.065000e-01 0 32 65 1.524700e+01 3.240000e+00 1.131300e+03 8.093500e+02 0
6.810000e-01 8.724100e-01 -2.092600e-01 0 33 65 1.378000e+01 3.240000e+00 1112 7.881400e+02 0
6.957400e-01 8.487100e-01 -2.076500e-01 0 35 65 1.090900e+01 3.240000e+00 1138 8.005700e+02 0
-8.212400e-01 8.966200e-01 -2.109100e-01 0 36 65 1.175600e+01 3.240000e+00 -4.879900e+01 7.510700e+02 0
-8.447100e-01 8.890800e-01 -2.104000e-01 0 37 65 1.227600e+01 3.240000e+00 -7.243900e+01 7.538000e+02 0
-8.782700e-01 8.674300e-01 -2.089300e-01 0 38 65 1.191600e+01 3.240000e+00 -1.175000e+02 7.624700e+02 0
-9.123700e-01 8.527200e-01 -2.079300e-01 0 39 65 1.048300e+01 3.240000e+00 -1.579200e+02 7.684100e+02 0
0 0 -1.500000e-01 3.204100e-02 1 66 1.534400e+01 3.240000e+00 2167 -3.612800e+03 0
-7.093800e-02 1.123300e-01 -1.576300e-01 3.204100e-02 5 66 1.420800e+01 3.240000e+00 -3.093500e+03 7703 0
-1.585200e-01 1.859000e-01 -1.626300e-01 3.204100e-02 8 66 1.332400e+01 3.240000e+00 -1.096600e+03 2.936600e+03 0
-2.008100e-01 1.918700e-01 -1.630300e-01 3.204100e-02 9 66 1.269900e+01 3.240000e+00 -1.206200e+03 2.785600e+03 0
-2.480100e-01 1.868200e-01 -1.626900e-01 3.204100e-02 10 66 1.266100e+01 3.240000e+00 -1.508600e+03 2.853200e+03 0
-2.592000e-01 2.267000e-01 -1.654000e-01 3.204100e-02 11 66 1.212600e+01 3.240000e+00 -1.003300e+03 2.241900e+03 0
-2.851200e-01 2.369400e-01 -1.661000e-01 3.204100e-02 12 66 1.173200e+01 3.240000e+00 -9.895900e+02 2.123300e+03 0
-3.110400e-01 2.767500e-01 -1.688000e-01 3.204100e-02 13 66 1.102000e+01 3.240000e+00 -7.456600e+02 1.794800e+03 0
-3.050300e-01 3.052900e-01 -1.707400e-01 3.204100e-02 14 66 1.054000e+01 3.240000e+00 -5.609100e+02 1.631600e+03 0
-1.260500e-01 3.685500e-01 -1.750400e-01 3.204100e-02 15 66 1.063600e+01 3.240000e+00 6.070200e+01 1.397300e+03 0
3.462300e-01 3.852800e-01 -1.761700e-01 3.204100e-02 28 66 1.214200e+01 3.240000e+00 1.065200e+03 1.397200e+03 0
6.799100e-01 6.315200e-01 -1.929000e-01 3.204100e-02 29 66 1.369800e+01 3.240000e+00 1299 9.614900e+02 0
6.725500e-01 7.332700e-01 -1.998100e-01 3.204100e-02 30 66 1.459900e+01 3.240000e+00 1.194700e+03 8.720500e+02 0
6.711800e-01 8.044700e-01 -2.046500e-01 3.204100e-02 31 66 1.474000e+01 3.240000e+00 1.143100e+03 8.248700e+02 0
6.766400e-01 8.340100e-01 -2.066500e-01 3.204100e-02 32 66 1.420600e+01 3.240000e+00 1130 8.081000e+02 0
6.810000e-01 8.755100e-01 -2.094700e-01 3.204100e-02 33 66 1.272900e+01 3.240000e+00 1.110400e+03 7.866100e+02 0
6.586300e-01 8.043400e-01 -2.046400e-01 3.204100e-02 35 66 1.010900e+01 3.240000e+00 1.131700e+03 8.246700e+02 0
-8.307900e-01 8.858900e-01 -2.101800e-01 3.204100e-02 36 66 1.098100e+01 3.240000e+00 -6.523500e+01 7.553600e+02 0
-8.545300e-01 8.813200e-01 -2.098700e-01 3.204100e-02 37 66 1.145700e+01 3.240000e+00 -8.673400e+01 7.569000e+02 0
-8.883600e-01 8.718200e-01 -2.092200e-01 3.204100e-02 38 66 1.111900e+01 3.240000e+00 -1.206300e+02 7.603900e+02 0
6.488100e-01 7.412800e-01 -2.003600e-01 6.408200e-02 30 67 1.004600e+01 3.240000e+00 1.164500e+03 8.655900e+02 0
6.548100e-01 8.178600e-01 -2.055600e-01 6.408200e-02 31 67 1.012800e+01 3.240000e+00 1120 8.166900e+02 0
6.851000e-01 7.871100e-01 -2.034700e-01 6.408200e-02 32 67 9.825200e+00 3.240000e+00 1.167500e+03 8.358000e+02 0
-6.679100e-01 5.283900e+00 -5.089400e-01 -9.612300e-01 154 35 1.034400e+01 3.240000e+00 5.919500e+02 4.598400e+02 1
-6.302600e-01 5.306100e+00 -5.104500e-01 -9.612300e-01 155 35 1.110400e+01 3.240000e+00 5.969100e+02 4.596300e+02 1
-6.343500e-01 5.355500e+00 -5.138000e-01 -9.612300e-01 156 35 1.153900e+01 3.240000e+00 5.973300e+02 4.591000e+02 1
-6.384400e-01 5.396000e+00 -5.165600e-01 -9.612300e-01 157 35 1.181100e+01 3.240000e+00 5.975800e+02 4.586800e+02 1
-6.425300e-01 5.427400e+00 -5.186900e-01 -9.612300e-01 158 35 1.198900e+01 3.240000e+00 5.976600e+02 4.583500e+02 1
-6.897400e-01 5.448100e+00 -5.201000e-01 -9.612300e-01 159 35 1.188500e+01 3.240000e+00 5.924900e+02 4.581100e+02 1
-7.374800e-01 5.458200e+00 -5.207800e-01 -9.612300e-01 160 35 1.136900e+01 3.240000e+00 5.870900e+02 4.579700e+02 1
-7.857700e-01 5.439900e+00 -5.195400e-01 -9.612300e-01 161 35 1.048000e+01 3.240000e+00 5.810700e+02 4.581200e+02 1
0 0 -1.500000e-01 -9.291900e-01 1 36 9.358000e+00 3.240000e+00 2167 -3.612800e+03 0
-6.679100e-01 5.300900e+00 -5.101000e-01 -9.291900e-01 154 36 1.062700e+01 3.240000e+00 5.922800e+02 4.596600e+02 1
-6.722700e-01 5.316700e+00 -5.111700e-01 -9.291900e-01 155 36 1.144300e+01 3.240000e+00 5.920600e+02 4.594900e+02 1
-6.766400e-01 5.342700e+00 -5.129400e-01 -9.291900e-01 156 36 1.176600e+01 3.240000e+00 5.920400e+02 4.592100e+02 1
-6.384400e-01 5.384800e+00 -5.158000e-01 -9.291900e-01 157 36 1.186800e+01 3.240000e+00 5.973700e+02 4.587900e+02 1
-6.853700e-01 5.419000e+00 -5.181200e-01 -9.291900e-01 158 36 1.204000e+01 3.240000e+00 5.924600e+02 4.584100e+02 1
-7.328400e-01 5.440300e+00 -5.195600e-01 -9.291900e-01 159 36 1.200200e+01 3.240000e+00 5.872800e+02 4.581600e+02 1
-7.808600e-01 5.439500e+00 -5.195100e-01 -9.291900e-01 160 36 1.144600e+01 3.240000e+00 5.816300e+02 4.581300e+02 1
0 0 -1.500000e-01 -8.971500e-01 1 37 9.618500e+00 3.240000e+00 2167 -3.612800e+03 0
-9.052800e-01 5.427000e+00 -5.186600e-01 -8.971500e-01 159 37 1.008100e+01 3.240000e+00 5.667600e+02 4.581700e+02 1
2.203200e+00 1.985400e+00 -2.848700e-01 -6.728600e-01 86 44 1.003900e+01 3.240000e+00 1.397400e+03 5.672800e+02 0
2.252600e+00 1.983500e+00 -2.847400e-01 -6.728600e-01 87 44 1.010100e+01 3.240000e+00 1.415900e+03 5.676500e+02 0
2.272700e+00 1.902900e+00 -2.792600e-01 -6.408200e-01 86 45 1.111900e+01 3.240000e+00 1.456700e+03 5.752900e+02 0
2.252600e+00 1.982300e+00 -2.846600e-01 -6.408200e-01 87 45 1.153600e+01 3.240000e+00 1.416400e+03 5.677600e+02 0
2.255000e+00 2.034400e+00 -2.882000e-01 -6.408200e-01 88 45 1.129600e+01 3.240000e+00 1.397300e+03 5.632100e+02 0
2.280900e+00 2.058700e+00 -2.898500e-01 -6.408200e-01 89 45 1.053400e+01 3.240000e+00 1.397300e+03 5.612800e+02 0
2.306800e+00 2.076900e+00 -2.910800e-01 -6.408200e-01 90 45 1.014000e+01 3.240000e+00 1.399500e+03 5.598900e+02 0
2.272700e+00 1.896700e+00 -2.788400e-01 -6.087800e-01 86 46 1.100600e+01 3.240000e+00 1.459400e+03 5.759000e+02 0
2.276000e+00 1.948100e+00 -2.823300e-01 -6.087800e-01 87 46 1.155600e+01 3.240000e+00 1.438800e+03 5.709900e+02 0
2.278700e+00 2.006400e+00 -2.863000e-01 -6.087800e-01 88 46 1.170700e+01 3.240000e+00 1.416300e+03 5.657200e+02 0
2.328900e+00 2.004900e+00 -2.862000e-01 -6.087800e-01 89 46 1.132200e+01 3.240000e+00 1.434800e+03 5.660500e+02 0
2.355400e+00 1.995000e+00 -2.855200e-01 -6.087800e-01 90 46 1.043900e+01 3.240000e+00 1.448300e+03 5.670300e+02 0
2.255000e+00 2.033600e+00 -2.881500e-01 -5.767400e-01 88 47 1.055600e+01 3.240000e+00 1.397600e+03 5.632800e+02 0
2.328900e+00 2.004200e+00 -2.861500e-01 -5.767400e-01 89 47 1.029400e+01 3.240000e+00 1.435100e+03 5.661100e+02 0
0 0 -1.500000e-01 -9.612300e-02 1 62 9.639300e+00 3.240000e+00 2167 -3.612800e+03 0
6.512600e-01 8.560300e-01 -2.081500e-01 -9.612300e-02 32 62 9.783400e+00 3.240000e+00 1.095600e+03 7.958600e+02 0
6.810000e-01 8.734000e-01 -2.093300e-01 -9.612300e-02 33 62 9.756600e+00 3.240000e+00 1.111500e+03 7.876500e+02 0
0 0 -1.500000e-01 -6.408200e-02 1 63 1.000400e+01 3.240000e+00 2167 -3.612800e+03 0
-1.937200e-02 9.610800e-03 -1.506500e-01 -6.408200e-02 2 63 9.944900e+00 3.240000e+00 2.597500e+03 -4.258700e+03 0
6.264400e-01 6.567200e-01 -1.946100e-01 -6.408200e-02 29 63 9.479000e+00 3.240000e+00 1.209400e+03 9.344900e+02 0
6.488100e-01 7.609600e-01 -2.016900e-01 -6.408200e-02 30 63 1.035200e+01 3.240000e+00 1.150600e+03 8.519100e+02 0
6.630000e-01 8.111900e-01 -2.051000e-01 -6.408200e-02 31 63 1.084600e+01 3.240000e+00 1.131400e+03 8.207300e+02 0
6.681800e-01 8.466100e-01 -2.075100e-01 -6.408200e-02 32 63 1.083900e+01 3.240000e+00 1.115300e+03 8.011200e+02 0
6.810000e-01 8.531800e-01 -2.079600e-01 -6.408200e-02 33 63 1.013900e+01 3.240000e+00 1.122700e+03 7.979300e+02 0
0 0 -1.500000e-01 -3.204100e-02 1 64 1.537200e+01 3.240000e+00 2167 -3.612800e+03 0
-7.093800e-02 1.115300e-01 -1.575800e-01 -3.204100e-02 5 64 1.419900e+01 3.240000e+00 -3.168700e+03 7.847900e+03 0
-1.585200e-01 1.860700e-01 -1.626400e-01 -3.204100e-02 8 64 1.337700e+01 3.240000e+00 -1.093900e+03 2.932800e+03 0
-1.986300e-01 1.938700e-01 -1.631700e-01 -3.204100e-02 9 64 1.266500e+01 3.240000e+00 -1.166300e+03 2.749400e+03 0
-2.480100e-01 1.861400e-01 -1.626400e-01 -3.204100e-02 10 64 1.264300e+01 3.240000e+00 -1521 2.866900e+03 0
-2.619200e-01 2.208400e-01 -1.650000e-01 -3.204100e-02 11 64 1.217200e+01 3.240000e+00 -1.077400e+03 2.310100e+03 0
-2.881200e-01 2.272300e-01 -1.654400e-01 -3.204100e-02 12 64 1.171500e+01 3.240000e+00 -1.100600e+03 2.224700e+03 0
-3.110400e-01 2.707900e-01 -1.683900e-01 -3.204100e-02 13 64 1.104500e+01 3.240000e+00 -7.870700e+02 1.834800e+03 0
-3.050300e-01 3.172100e-01 -1.715500e-01 -3.204100e-02 14 64 1.052000e+01 3.240000e+00 -5.018700e+02 1.573800e+03 0
-1.107700e-01 3.544100e-01 -1.740800e-01 -3.204100e-02 15 64 1.056100e+01 3.240000e+00 6.226200e+01 1.448600e+03 0
3.536000e-01 2.540200e-01 -1.672600e-01 -3.204100e-02 28 64 1.214300e+01 3.240000e+00 1.383400e+03 2.174600e+03 0
6.722700e-01 6.456500e-01 -1.938600e-01 -3.204100e-02 29 64 1.368900e+01 3.240000e+00 1.274300e+03 9.468400e+02 0
6.725500e-01 7.375100e-01 -2.001000e-01 -3.204100e-02 30 64 1.462300e+01 3.240000e+00 1.191400e+03 8.689500e+02 0
6.793700e-01 7.973600e-01 -2.041700e-01 -3.204100e-02 31 64 1.477800e+01 3.240000e+00 1.155300e+03 8.293400e+02 0
6.766400e-01 8.300900e-01 -2.063900e-01 -3.204100e-02 32 64 1.425400e+01 3.240000e+00 1.132300e+03 8.102600e+02 0
6.897400e-01 8.674600e-01 -2.089300e-01 -3.204100e-02 33 64 1.276400e+01 3.240000e+00 1.122100e+03 7.907800e+02 0
7.050100e-01 9.161300e-01 -2.122300e-01 -3.204100e-02 35 64 1.020400e+01 3.240000e+00 1.108800e+03 7.680200e+02 0
-8.307900e-01 8.771000e-01 -2.095800e-01 -3.204100e-02 36 64 1.062300e+01 3.240000e+00 -7.326500e+01 7.590800e+02 0
-8.643500e-01 8.460200e-01 -2.074700e-01 -3.204100e-02 37 64 1.107700e+01 3.240000e+00 -1.286100e+02 7.723100e+02 0
-8.883600e-01 8.230600e-01 -2.059100e-01 -3.204100e-02 38 64 1.059800e+01 3.240000e+00 -1.716300e+02 7.827500e+02 0
