0 0 -1.500000e-01 0 1 65 1.640000e+01 3.190000e+00 2167 -3.612800e+03 0
-7.093800e-02 1.121500e-01 -1.575000e-01 0 5 65 1.522800e+01 3.190000e+00 -3.109100e+03 7.731100e+03 0
-1.585200e-01 1.860500e-01 -1.624400e-01 0 8 65 1.436900e+01 3.190000e+00 -1.094200e+03 2.932100e+03 0
-2.008100e-01 1.915500e-01 -1.628100e-01 0 9 65 1.370400e+01 3.190000e+00 -1.211100e+03 2.790700e+03 0
-2.480100e-01 1.865600e-01 -1.624800e-01 0 10 65 1.366100e+01 3.190000e+00 -1.513300e+03 2.857400e+03 0
-2.619200e-01 2.219800e-01 -1.648500e-01 0 11 65 1.303500e+01 3.190000e+00 -1.064300e+03 2.295100e+03 0
-2.881200e-01 2.297300e-01 -1.653600e-01 0 12 65 1.268600e+01 3.190000e+00 -1.073300e+03 2.196100e+03 0
-3.077600e-01 2.776900e-01 -1.685700e-01 0 13 65 1.197300e+01 3.190000e+00 -7.302400e+02 1.788500e+03 0
-3.050300e-01 3.124800e-01 -1.709000e-01 0 14 65 1.150100e+01 3.190000e+00 -5.245700e+02 1.595200e+03 0
-1.222300e-01 3.986600e-01 -1.766600e-01 0 15 65 1.145100e+01 3.190000e+00 1.258800e+02 1.305800e+03 0
-3.601500e-01 3.713900e-01 -1.748400e-01 0 16 65 1.121500e+01 3.190000e+00 -3.986400e+02 1.360700e+03 0
3.609700e-01 3.070000e-01 -1.705300e-01 0 28 65 1.316200e+01 3.190000e+00 1240 1.750900e+03 0
6.799100e-01 6.394400e-01 -1.927700e-01 0 29 65 1.471200e+01 3.190000e+00 1.290200e+03 9.525600e+02 0
6.725500e-01 7.360000e-01 -1.992200e-01 0 30 65 1.562700e+01 3.190000e+00 1.192600e+03 8.692900e+02 0
6.793700e-01 7.975700e-01 -2.033400e-01 0 31 65 1.577300e+01 3.190000e+00 1.155100e+03 8.284600e+02 0
6.766400e-01 8.322100e-01 -2.056600e-01 0 32 65 1.524300e+01 3.190000e+00 1131 8.083400e+02 0
6.810000e-01 8.733400e-01 -2.084100e-01 0 33 65 1.378300e+01 3.190000e+00 1.111500e+03 7.869400e+02 0
6.212500e-01 9.704300e-01 -2.149000e-01 0 34 65 1.134500e+01 3.190000e+00 1.020800e+03 7.433200e+02 0
7.792300e-01 5.979000e-01 -1.899900e-01 0 35 65 1.090000e+01 3.190000e+00 1.470800e+03 1.002500e+03 0
-8.403400e-01 8.781600e-01 -2.087300e-01 0 36 65 1.175500e+01 3.190000e+00 -7.927100e+01 7.577800e+02 0
-8.545300e-01 8.821200e-01 -2.090000e-01 0 37 65 1.217500e+01 3.190000e+00 -8.595600e+01 7.558600e+02 0
-8.883600e-01 8.584400e-01 -2.074100e-01 0 38 65 1.173300e+01 3.190000e+00 -1.339900e+02 7.655700e+02 0
-9.331100e-01 7.920100e-01 -2.029700e-01 0 39 65 1.028100e+01 3.190000e+00 -2.437300e+02 7.969100e+02 0
0 0 -1.500000e-01 3.204100e-02 1 66 1.536800e+01 3.190000e+00 2167 -3.612800e+03 0
-7.093800e-02 1.129000e-01 -1.575500e-01 3.204100e-02 5 66 1.421200e+01 3.190000e+00 -3.040600e+03 7.599200e+03 0
-1.585200e-01 1.859900e-01 -1.624400e-01 3.204100e-02 8 66 1.337700e+01 3.190000e+00 -1095 2.933400e+03 0
-2.008100e-01 1.915600e-01 -1.628100e-01 3.204100e-02 9 66 1.266300e+01 3.190000e+00 -1.210900e+03 2.790400e+03 0
-2.504700e-01 1.832800e-01 -1.622600e-01 3.204100e-02 10 66 1.263600e+01 3.190000e+00 -1.586400e+03 2.923900e+03 0
-2.619200e-01 2.226300e-01 -1.648900e-01 3.204100e-02 11 66 1.196700e+01 3.190000e+00 -1.057100e+03 2.287400e+03 0
-2.881200e-01 2.284700e-01 -1.652800e-01 3.204100e-02 12 66 1.163900e+01 3.190000e+00 -1087 2.209900e+03 0
-3.044900e-01 2.797200e-01 -1.687100e-01 3.204100e-02 13 66 1.092600e+01 3.190000e+00 -7.079500e+02 1.776200e+03 0
-2.908500e-01 3.307500e-01 -1.721200e-01 3.204100e-02 14 66 1.049700e+01 3.190000e+00 -4.093300e+02 1.515600e+03 0
-4.125300e-01 2.435500e-01 -1.662900e-01 3.204100e-02 15 66 1.055200e+01 3.190000e+00 -1.331700e+03 2019 0
3.609700e-01 3.280100e-01 -1.719400e-01 3.204100e-02 28 66 1.210900e+01 3.190000e+00 1.192600e+03 1.633800e+03 0
6.799100e-01 6.341900e-01 -1.924100e-01 3.204100e-02 29 66 1.371900e+01 3.190000e+00 1296 9.579300e+02 0
6.725500e-01 7.333500e-01 -1.990500e-01 3.204100e-02 30 66 1.460100e+01 3.190000e+00 1.194600e+03 8.712300e+02 0
6.711800e-01 8.044400e-01 -2.038000e-01 3.204100e-02 31 66 1.473600e+01 3.190000e+00 1.143100e+03 8.241400e+02 0
6.766400e-01 8.344600e-01 -2.058100e-01 3.204100e-02 32 66 1.421000e+01 3.190000e+00 1.129700e+03 8.071100e+02 0
6.810000e-01 8.764900e-01 -2.086200e-01 3.204100e-02 33 66 1.279300e+01 3.190000e+00 1.109800e+03 7.853900e+02 0
6.212500e-01 9.698700e-01 -2.148600e-01 3.204100e-02 34 66 1.058800e+01 3.190000e+00 1021 7.435400e+02 0
-8.403400e-01 8.831800e-01 -2.090700e-01 3.204100e-02 36 66 1.076100e+01 3.190000e+00 -7.463500e+01 7.556500e+02 0
-8.545300e-01 8.807700e-01 -2.089100e-01 3.204100e-02 37 66 1.116100e+01 3.190000e+00 -8.721500e+01 7.564300e+02 0
-8.782700e-01 8.495900e-01 -2.068200e-01 3.204100e-02 38 66 1.073200e+01 3.190000e+00 -1.354600e+02 7.697300e+02 0
7.863200e-01 9.111800e+00 -7.594000e-01 -1.089400e+00 263 31 1.007800e+01 3.190000e+00 7.373900e+02 4.357700e+02 1
9.328300e-01 9.133600e+00 -7.608600e-01 -1.089400e+00 264 31 1.167400e+01 3.190000e+00 7.476300e+02 4.357400e+02 1
8.643500e-01 9.174200e+00 -7.635700e-01 -1.089400e+00 265 31 1.230700e+01 3.190000e+00 7.425800e+02 4.355700e+02 1
8.676300e-01 9.201100e+00 -7.653700e-01 -1.089400e+00 266 31 1.209600e+01 3.190000e+00 7.426600e+02 4.354800e+02 1
9.434700e-01 9.237700e+00 -7.678200e-01 -1.089400e+00 267 31 1.110500e+01 3.190000e+00 7.477700e+02 4.353700e+02 1
-9.822200e-02 6.274800e+00 -5.696600e-01 -1.057400e+00 181 32 1.120100e+01 3.190000e+00 6.663400e+02 4.505000e+02 1
-1.481500e-01 6.298400e+00 -5.712400e-01 -1.057400e+00 182 32 1.193600e+01 3.190000e+00 6.613500e+02 4.502900e+02 1
-1.986300e-01 6.325700e+00 -5.730700e-01 -1.057400e+00 183 32 1.183800e+01 3.190000e+00 6.563700e+02 4.500600e+02 1
-2.496500e-01 6.379500e+00 -5.766600e-01 -1.057400e+00 184 32 1.115400e+01 3.190000e+00 6.515600e+02 4.496300e+02 1
-1.506100e-01 6.423900e+00 -5.796300e-01 -1.057400e+00 185 32 1.154600e+01 3.190000e+00 6.617500e+02 4.493500e+02 1
-1.009500e-01 6.458200e+00 -5.819300e-01 -1.057400e+00 186 32 1.170900e+01 3.190000e+00 6.668600e+02 4.491300e+02 1
-1.015000e-01 6.489000e+00 -5.839900e-01 -1.057400e+00 187 32 1.123500e+01 3.190000e+00 6.669400e+02 4.489000e+02 1
-5.102100e-02 6.514500e+00 -5.856900e-01 -1.057400e+00 188 32 1.042500e+01 3.190000e+00 6.720200e+02 4.487500e+02 1
7.863200e-01 9.105200e+00 -7.589600e-01 -1.057400e+00 263 32 1.143500e+01 3.190000e+00 7.374200e+02 4.358000e+02 1
8.610800e-01 9.143200e+00 -7.615000e-01 -1.057400e+00 264 32 1.325600e+01 3.190000e+00 7.425100e+02 4.356800e+02 1
7.923200e-01 9.183800e+00 -7.642100e-01 -1.057400e+00 265 32 1.393000e+01 3.190000e+00 7.374700e+02 4.355100e+02 1
7.953200e-01 9.213700e+00 -7.662100e-01 -1.057400e+00 266 32 1.351000e+01 3.190000e+00 7.375400e+02 4.354100e+02 1
8.709000e-01 9.220300e+00 -7.666600e-01 -1.057400e+00 267 32 1.192000e+01 3.190000e+00 7.427900e+02 4.354100e+02 1
8.013300e-01 9.289900e+00 -7.713100e-01 -1.057400e+00 268 32 1.111200e+01 3.190000e+00 7.375900e+02 4.351400e+02 1
4.387200e-01 9.335100e+00 -7.743400e-01 -1.057400e+00 269 32 1.030600e+01 3.190000e+00 7.123700e+02 4.348600e+02 1
7.202900e-02 3.067800e+00 -3.551800e-01 -1.025300e+00 89 33 1.026100e+01 3.190000e+00 6.728600e+02 5.020200e+02 0
-4.911100e-02 6.263600e+00 -5.689100e-01 -1.025300e+00 181 33 1.158600e+01 3.190000e+00 6.713300e+02 4.506200e+02 1
-9.876700e-02 6.303600e+00 -5.715900e-01 -1.025300e+00 182 33 1.230000e+01 3.190000e+00 6.664100e+02 4.502800e+02 1
-1.489700e-01 6.340100e+00 -5.740300e-01 -1.025300e+00 183 33 1.210400e+01 3.190000e+00 6.614800e+02 4.499800e+02 1
-2.995800e-01 6.344700e+00 -5.743400e-01 -1.025300e+00 184 33 1.049900e+01 3.190000e+00 6.462800e+02 4.498600e+02 1
-1.004000e-01 6.421200e+00 -5.794500e-01 -1.025300e+00 185 33 1.126200e+01 3.190000e+00 6.667600e+02 4.494000e+02 1
-1.009500e-01 6.449900e+00 -5.813700e-01 -1.025300e+00 186 33 1.157900e+01 3.190000e+00 6.668200e+02 4.491900e+02 1
0 6.459700e+00 -5.820300e-01 -1.025300e+00 187 33 1.116900e+01 3.190000e+00 6.769100e+02 4.491700e+02 1
5.102100e-02 6.424300e+00 -5.796600e-01 -1.025300e+00 188 33 1.061600e+01 3.190000e+00 6.819200e+02 4.494600e+02 1
5.129400e-02 6.457100e+00 -5.818500e-01 -1.025300e+00 189 33 1.006400e+01 3.190000e+00 6.820100e+02 4.492200e+02 1
-2.899200e+00 8.211300e+00 -6.991700e-01 -1.025300e+00 254 33 1.054400e+01 3.190000e+00 4.567700e+02 4.380700e+02 1
-2.772000e+00 8.361800e+00 -7.092400e-01 -1.025300e+00 255 33 1.033700e+01 3.190000e+00 4.705600e+02 4.374800e+02 1
8.578000e-01 9.109400e+00 -7.592400e-01 -1.025300e+00 263 33 1.120100e+01 3.190000e+00 7.424600e+02 4.358100e+02 1
7.893200e-01 9.149700e+00 -7.619400e-01 -1.025300e+00 264 33 1.293800e+01 3.190000e+00 7.374200e+02 4.356400e+02 1
7.923200e-01 9.184100e+00 -7.642400e-01 -1.025300e+00 265 33 1.354700e+01 3.190000e+00 7.374700e+02 4.355100e+02 1
7.230200e-01 9.223000e+00 -7.668400e-01 -1.025300e+00 266 33 1.300300e+01 3.190000e+00 7.324400e+02 4.353500e+02 1
8.709000e-01 9.175600e+00 -7.636700e-01 -1.025300e+00 267 33 1.060800e+01 3.190000e+00 7.430300e+02 4.355700e+02 1
8.013300e-01 9.256200e+00 -7.690600e-01 -1.025300e+00 268 33 1.026500e+01 3.190000e+00 7.377500e+02 4.352600e+02 1
3.525100e-01 2.305900e+00 -3.042200e-01 -9.932700e-01 69 34 1.040000e+01 3.190000e+00 7.458900e+02 5.367800e+02 0
-4.938400e-02 6.309000e+00 -5.719500e-01 -9.932700e-01 182 34 1.073200e+01 3.190000e+00 6.714600e+02 4.502700e+02 1
-4.965700e-02 6.355500e+00 -5.750600e-01 -9.932700e-01 183 34 1.057800e+01 3.190000e+00 6.716000e+02 4.499200e+02 1
-2.670800e+00 8.242300e+00 -7.012500e-01 -9.932700e-01 252 34 1.080800e+01 3.190000e+00 4.750300e+02 4.380200e+02 1
-2.681500e+00 8.366100e+00 -7.095300e-01 -9.932700e-01 253 34 1.234700e+01 3.190000e+00 4.774700e+02 4.374900e+02 1
-2.761100e+00 8.384400e+00 -7.107500e-01 -9.932700e-01 254 34 1.276500e+01 3.190000e+00 4.719700e+02 4.373900e+02 1
-2.910600e+00 8.353000e+00 -7.086500e-01 -9.932700e-01 255 34 1.174200e+01 3.190000e+00 4.599200e+02 4.374600e+02 1
-2.643800e+00 8.498100e+00 -7.183600e-01 -9.932700e-01 256 34 1.153000e+01 3.190000e+00 4.836100e+02 4.369700e+02 1
-2.793900e+00 8.485100e+00 -7.174800e-01 -9.932700e-01 257 34 1.168500e+01 3.190000e+00 4.721800e+02 4.369700e+02 1
8.610800e-01 9.140400e+00 -7.613100e-01 -9.932700e-01 264 34 1.033000e+01 3.190000e+00 7.425300e+02 4.356900e+02 1
8.643500e-01 9.154500e+00 -7.622500e-01 -9.932700e-01 265 34 1.061200e+01 3.190000e+00 7.426800e+02 4.356400e+02 1
6.507200e-01 9.212800e+00 -7.661500e-01 -9.932700e-01 266 34 1.030000e+01 3.190000e+00 7.274300e+02 4.353600e+02 1
-4.038000e+00 9.513000e+00 -7.862300e-01 -9.932700e-01 297 34 1.001700e+01 3.190000e+00 4.143000e+02 4.328900e+02 1
-3.889600e+00 9.615300e+00 -7.930700e-01 -9.932700e-01 298 34 1.117600e+01 3.190000e+00 4.268700e+02 4.326100e+02 1
-3.984000e+00 9.613000e+00 -7.929200e-01 -9.932700e-01 299 34 1.139800e+01 3.190000e+00 4.206900e+02 4.325900e+02 1
-4.160500e+00 9.571400e+00 -7.901400e-01 -9.932700e-01 300 34 1.072400e+01 3.190000e+00 4.080200e+02 4.326700e+02 1
-2.739300e+00 8.311800e+00 -7.059000e-01 -9.612300e-01 252 35 1.089800e+01 3.190000e+00 4.716900e+02 4.377000e+02 1
-2.750200e+00 8.356400e+00 -7.088800e-01 -9.612300e-01 253 35 1.254900e+01 3.190000e+00 4.720500e+02 4.375100e+02 1
-2.830200e+00 8.366800e+00 -7.095700e-01 -9.612300e-01 254 35 1.298100e+01 3.190000e+00 4.663400e+02 4.374400e+02 1
-2.979900e+00 8.343700e+00 -7.080300e-01 -9.612300e-01 255 35 1.170800e+01 3.190000e+00 4.544600e+02 4.374800e+02 1
-2.713400e+00 8.481800e+00 -7.172600e-01 -9.612300e-01 256 35 1.156400e+01 3.190000e+00 4.780500e+02 4.370100e+02 1
-2.863700e+00 8.466000e+00 -7.162100e-01 -9.612300e-01 257 35 1.196000e+01 3.190000e+00 4.665100e+02 4.370200e+02 1
-2.945000e+00 8.462400e+00 -7.159700e-01 -9.612300e-01 258 35 1.087700e+01 3.190000e+00 4.603900e+02 437 1
-3.795700e+00 9.610600e+00 -7.927600e-01 -9.612300e-01 297 35 1.164800e+01 3.190000e+00 4.328300e+02 4.326500e+02 1
-3.889600e+00 9.615300e+00 -7.930700e-01 -9.612300e-01 298 35 1.267300e+01 3.190000e+00 4.268700e+02 4.326100e+02 1
-3.984000e+00 9.610700e+00 -7.927700e-01 -9.612300e-01 299 35 1.274000e+01 3.190000e+00 4.206300e+02 4.326000e+02 1
-4.078900e+00 9.601100e+00 -7.921200e-01 -9.612300e-01 300 35 1.194200e+01 3.190000e+00 4.141900e+02 4.326000e+02 1
-4.092600e+00 9.643200e+00 -7.949400e-01 -9.612300e-01 301 35 1.052400e+01 3.190000e+00 4.145300e+02 4.324700e+02 1
-2.750200e+00 8.359600e+00 -7.090900e-01 -9.291900e-01 253 36 1.090400e+01 3.190000e+00 4.721400e+02 4.374900e+02 1
-2.830200e+00 8.370100e+00 -7.097900e-01 -9.291900e-01 254 36 1.123800e+01 3.190000e+00 4.664200e+02 4.374200e+02 1
-2.841300e+00 8.403100e+00 -7.120000e-01 -9.291900e-01 255 36 1.035300e+01 3.190000e+00 4.664800e+02 4.372800e+02 1
-2.783000e+00 8.437300e+00 -7.142900e-01 -9.291900e-01 256 36 1.020900e+01 3.190000e+00 4.717400e+02 4.371600e+02 1
-3.003400e+00 8.418000e+00 -7.130000e-01 -9.291900e-01 257 36 1.046800e+01 3.190000e+00 4.548200e+02 4.371600e+02 1
-3.795700e+00 9.615000e+00 -7.930500e-01 -9.291900e-01 297 36 1.128300e+01 3.190000e+00 4.329500e+02 4.326400e+02 1
-3.970600e+00 9.581200e+00 -7.908000e-01 -9.291900e-01 298 36 1.220000e+01 3.190000e+00 4.206600e+02 4.326900e+02 1
-4.065300e+00 9.575700e+00 -7.904300e-01 -9.291900e-01 299 36 1.218600e+01 3.190000e+00 4.143400e+02 4.326800e+02 1
-4.160500e+00 9.559100e+00 -7.893200e-01 -9.291900e-01 300 36 1.139700e+01 3.190000e+00 4.076600e+02 4.327100e+02 1
-4.092600e+00 9.642200e+00 -7.948700e-01 -9.291900e-01 301 36 1.024900e+01 3.190000e+00 4.145000e+02 4.324700e+02 1
0 0 -1.500000e-01 -3.204100e-02 1 64 1.540000e+01 3.190000e+00 2167 -3.612800e+03 0
-7.093800e-02 1.116500e-01 -1.574700e-01 -3.204100e-02 5 64 1.420500e+01 3.190000e+00 -3157 7.823500e+03 0
-1.585200e-01 1.860800e-01 -1.624500e-01 -3.204100e-02 8 64 1.334900e+01 3.190000e+00 -1.093600e+03 2.931400e+03 0
-2.008100e-01 1.905400e-01 -1.627400e-01 -3.204100e-02 9 64 1.270600e+01 3.190000e+00 -1.226600e+03 2.810100e+03 0
-2.480100e-01 1.849300e-01 -1.623700e-01 -3.204100e-02 10 64 1.262600e+01 3.190000e+00 -1.543300e+03 2.890800e+03 0
-2.619200e-01 2.210500e-01 -1.647800e-01 -3.204100e-02 11 64 1.196800e+01 3.190000e+00 -1.074900e+03 2.306500e+03 0
-2.881200e-01 2.320300e-01 -1.655200e-01 -3.204100e-02 12 64 1.163600e+01 3.190000e+00 -1.049100e+03 2.171500e+03 0
-3.110400e-01 2.768100e-01 -1.685100e-01 -3.204100e-02 13 64 1.093600e+01 3.190000e+00 -7.451900e+02 1.793500e+03 0
-1.184100e-01 3.565300e-01 -1.738500e-01 -3.204100e-02 15 64 1.042300e+01 3.190000e+00 5.057000e+01 1439 0
3.609700e-01 3.148000e-01 -1.710500e-01 -3.204100e-02 28 64 1.218100e+01 3.190000e+00 1.221400e+03 1.704900e+03 0
6.799100e-01 6.429500e-01 -1.930000e-01 -3.204100e-02 29 64 1.367400e+01 3.190000e+00 1.286300e+03 9.490200e+02 0
6.725500e-01 7.377100e-01 -1.993400e-01 -3.204100e-02 30 64 1.460500e+01 3.190000e+00 1.191200e+03 8.680400e+02 0
6.793700e-01 7.974400e-01 -2.033300e-01 -3.204100e-02 31 64 1.476100e+01 3.190000e+00 1.155200e+03 8.285300e+02 0
6.766400e-01 8.294200e-01 -2.054700e-01 -3.204100e-02 32 64 1.423900e+01 3.190000e+00 1.132600e+03 8.098900e+02 0
6.810000e-01 8.701600e-01 -2.082000e-01 -3.204100e-02 33 64 1.278300e+01 3.190000e+00 1.113200e+03 7.885200e+02 0
6.392600e-01 9.561700e-01 -2.139500e-01 -3.204100e-02 34 64 1.035900e+01 3.190000e+00 1.039800e+03 7.492400e+02 0
7.885000e-01 6.250400e-01 -1.918000e-01 -3.204100e-02 35 64 1.005800e+01 3.190000e+00 1.442300e+03 9.718500e+02 0
-8.403400e-01 8.654100e-01 -2.078800e-01 -3.204100e-02 36 64 1.079900e+01 3.190000e+00 -9.130000e+01 7.633000e+02 0
-8.545300e-01 8.757400e-01 -2.085700e-01 -3.204100e-02 37 64 1.112900e+01 3.190000e+00 -9.194700e+01 7.585700e+02 0
-8.883600e-01 8.677500e-01 -2.080400e-01 -3.204100e-02 38 64 1.063400e+01 3.190000e+00 -1.246300e+02 7.614600e+02 0
