0 0 -1.500000e-01 0 1 65 1.637800e+01 3.240000e+00 2167 -3.612800e+03 0
-7.093800e-02 1.118300e-01 -1.576000e-01 0 5 65 1.522500e+01 3.240000e+00 -3.140600e+03 7.793700e+03 0
-1.585200e-01 1.860600e-01 -1.626400e-01 0 8 65 1.438300e+01 3.240000e+00 -1.094100e+03 2.933200e+03 0
-2.008100e-01 1.912100e-01 -1.629900e-01 0 9 65 1.370200e+01 3.240000e+00 -1.216400e+03 2.798400e+03 0
-2.480100e-01 1.861500e-01 -1.626400e-01 0 10 65 1.365000e+01 3.240000e+00 -1.520900e+03 2.866900e+03 0
-2.619200e-01 2.214900e-01 -1.650500e-01 0 11 65 1.311800e+01 3.240000e+00 -1070 2.302100e+03 0
-2.881200e-01 2.292200e-01 -1.655700e-01 0 12 65 1.266100e+01 3.240000e+00 -1079 2.202700e+03 0
-3.077600e-01 2.788400e-01 -1.689400e-01 0 13 65 1.187100e+01 3.240000e+00 -7.227100e+02 1782 0
-3.156700e-01 3.062300e-01 -1.708000e-01 0 14 65 1.159100e+01 3.240000e+00 -5.820800e+02 1.624900e+03 0
-1.298700e-01 3.730400e-01 -1.753400e-01 0 15 65 1.143100e+01 3.240000e+00 6.233600e+01 1.382100e+03 0
3.609700e-01 3.053200e-01 -1.707400e-01 0 28 65 1.316600e+01 3.240000e+00 1.244200e+03 1.762200e+03 0
6.799100e-01 6.393400e-01 -1.934300e-01 0 29 65 1.469400e+01 3.240000e+00 1.290300e+03 9.534400e+02 0
6.725500e-01 7.366800e-01 -2.000400e-01 0 30 65 1.561700e+01 3.240000e+00 1.192100e+03 8.695600e+02 0
6.793700e-01 7.975600e-01 -2.041800e-01 0 31 65 1.576900e+01 3.240000e+00 1.155200e+03 8.292200e+02 0
6.766400e-01 8.318700e-01 -2.065100e-01 0 32 65 1.524100e+01 3.240000e+00 1.131200e+03 8.092800e+02 0
6.810000e-01 8.708600e-01 -2.091600e-01 0 33 65 1.377000e+01 3.240000e+00 1.112900e+03 7.889100e+02 0
7.421200e-01 6.796800e-01 -1.961700e-01 0 35 65 1.089400e+01 3.240000e+00 1.319200e+03 9.174100e+02 0
-8.403400e-01 8.787700e-01 -2.097000e-01 0 36 65 1.174500e+01 3.240000e+00 -7.872800e+01 7.582100e+02 0
-8.545300e-01 8.855800e-01 -2.101600e-01 0 37 65 1.221200e+01 3.240000e+00 -8.277100e+01 7.551000e+02 0
-8.681700e-01 8.831600e-01 -2.099900e-01 0 38 65 1.181000e+01 3.240000e+00 -9.494800e+01 7.559000e+02 0
-8.709000e-01 8.969900e-01 -2.109300e-01 0 39 65 1.047100e+01 3.240000e+00 -8.409100e+01 7.501300e+02 0
0 0 -1.500000e-01 3.204100e-02 1 66 1.525300e+01 3.240000e+00 2167 -3.612800e+03 0
-7.093800e-02 1.118800e-01 -1.576000e-01 3.204100e-02 5 66 1.421900e+01 3.240000e+00 -3.135800e+03 7.784500e+03 0
-1.585200e-01 1.859500e-01 -1.626300e-01 3.204100e-02 8 66 1.335700e+01 3.240000e+00 -1.095700e+03 2.935400e+03 0
-2.008100e-01 1.922900e-01 -1.630600e-01 3.204100e-02 9 66 1.268900e+01 3.240000e+00 -1.199900e+03 2.777700e+03 0
-2.480100e-01 1.876700e-01 -1.627500e-01 3.204100e-02 10 66 1.263900e+01 3.240000e+00 -1.493300e+03 2.836200e+03 0
-2.619200e-01 2.231200e-01 -1.651600e-01 3.204100e-02 11 66 1.204100e+01 3.240000e+00 -1.051800e+03 2.282600e+03 0
-2.881200e-01 2.328800e-01 -1.658200e-01 3.204100e-02 12 66 1.157400e+01 3.240000e+00 -1.040400e+03 2.163600e+03 0
-3.110400e-01 2.780700e-01 -1.688900e-01 3.204100e-02 13 66 1.080700e+01 3.240000e+00 -7.367700e+02 1.786200e+03 0
-3.085800e-01 3.163300e-01 -1.714900e-01 3.204100e-02 14 66 1.079000e+01 3.240000e+00 -5.144200e+02 1.577300e+03 0
-1.298700e-01 3.423100e-01 -1.732500e-01 3.204100e-02 15 66 1.058700e+01 3.240000e+00 -8.837800e+00 1.492400e+03 0
3.609700e-01 3.304800e-01 -1.724500e-01 3.204100e-02 28 66 1.210600e+01 3.240000e+00 1.187600e+03 1.622300e+03 0
6.799100e-01 6.364100e-01 -1.932300e-01 3.204100e-02 29 66 1.368200e+01 3.240000e+00 1.293500e+03 9.564400e+02 0
6.725500e-01 7.348100e-01 -1.999200e-01 3.204100e-02 30 66 1.459200e+01 3.240000e+00 1.193500e+03 8.709200e+02 0
6.793700e-01 7.975700e-01 -2.041800e-01 3.204100e-02 31 66 1.473900e+01 3.240000e+00 1.155200e+03 8.292100e+02 0
6.766400e-01 8.337700e-01 -2.066400e-01 3.204100e-02 32 66 1.420700e+01 3.240000e+00 1.130100e+03 8.082300e+02 0
6.810000e-01 8.716200e-01 -2.092100e-01 3.204100e-02 33 66 1.270900e+01 3.240000e+00 1.112500e+03 7.885400e+02 0
7.328400e-01 7.009600e-01 -1.976200e-01 3.204100e-02 35 66 9.973300e+00 3.240000e+00 1287 8.989500e+02 0
-8.689900e-01 8.476600e-01 -2.075800e-01 3.204100e-02 36 66 1.063200e+01 3.240000e+00 -1.304600e+02 7.714700e+02 0
-8.741700e-01 8.723900e-01 -2.092600e-01 3.204100e-02 37 66 1.099300e+01 3.240000e+00 -1.096300e+02 7.603800e+02 0
-8.782700e-01 8.970900e-01 -2.109400e-01 3.204100e-02 38 66 1.053700e+01 3.240000e+00 -8.927300e+01 7.499700e+02 0
0 0 -1.500000e-01 6.408200e-02 1 67 1.080900e+01 3.240000e+00 2167 -3.612800e+03 0
-2.346400e-02 4.678300e-02 -1.531800e-01 6.408200e-02 3 67 9.482300e+00 3.240000e+00 5.382300e+03 -10838 0
6.409000e-01 7.839100e-01 -2.032500e-01 6.408200e-02 30 67 1.003800e+01 3.240000e+00 1.127900e+03 8.367600e+02 0
6.711800e-01 7.752100e-01 -2.026600e-01 6.408200e-02 31 67 1.050800e+01 3.240000e+00 1.162500e+03 8.430500e+02 0
6.935500e-01 7.854200e-01 -2.033500e-01 6.408200e-02 32 67 1.026000e+01 3.240000e+00 1.176700e+03 8.370600e+02 0
9.483900e-01 5.418700e+00 -5.181000e-01 -1.089400e+00 159 31 1.009700e+01 3.240000e+00 7.870300e+02 4.595600e+02 1
8.242400e-01 5.472600e+00 -5.217600e-01 -1.089400e+00 160 31 1.144600e+01 3.240000e+00 7.713200e+02 4.589100e+02 1
7.857700e-01 5.514900e+00 -5.246300e-01 -1.089400e+00 161 31 1.196600e+01 3.240000e+00 7.661800e+02 4.584400e+02 1
7.906900e-01 5.550100e+00 -5.270200e-01 -1.089400e+00 162 31 1.195100e+01 3.240000e+00 7.662900e+02 4.580900e+02 1
7.514000e-01 5.595600e+00 -5.301100e-01 -1.089400e+00 163 31 1.139400e+01 3.240000e+00 7.611200e+02 4.576100e+02 1
8.005100e-01 5.626000e+00 -5.321800e-01 -1.089400e+00 164 31 1.025400e+01 3.240000e+00 7.664300e+02 4.573500e+02 1
-5.252100e-01 9.561800e+00 -7.995400e-01 -1.089400e+00 276 31 1.009800e+01 3.240000e+00 6.473700e+02 4.344400e+02 1
1.191500e+00 1.380800e+01 -1.088000e+00 -1.089400e+00 398 31 1.042700e+01 3.240000e+00 7.413800e+02 4.251500e+02 0
1.194500e+00 1.383100e+01 -1.089600e+00 -1.089400e+00 399 31 1.067900e+01 3.240000e+00 7.414400e+02 4.251100e+02 0
1.088600e+00 1.387800e+01 -1.092800e+00 -1.089400e+00 400 31 1.030900e+01 3.240000e+00 7.363700e+02 4.250200e+02 0
8.190600e-01 5.452000e+00 -5.203600e-01 -1.057400e+00 159 32 1.186000e+01 3.240000e+00 771 4.591200e+02 1
7.808600e-01 5.491600e+00 -5.230500e-01 -1.057400e+00 160 32 1.353300e+01 3.240000e+00 7.659100e+02 4.586800e+02 1
7.857700e-01 5.523500e+00 -5.252100e-01 -1.057400e+00 161 32 1.422900e+01 3.240000e+00 7.660600e+02 4.583600e+02 1
7.906900e-01 5.554100e+00 -5.272900e-01 -1.057400e+00 162 32 1.420000e+01 3.240000e+00 7.662300e+02 4.580500e+02 1
7.956000e-01 5.583100e+00 -5.292700e-01 -1.057400e+00 163 32 1.355800e+01 3.240000e+00 7.664200e+02 4.577600e+02 1
8.449800e-01 5.596400e+00 -5.301700e-01 -1.057400e+00 164 32 1.205000e+01 3.240000e+00 7.719900e+02 4.576700e+02 1
-5.980600e-01 9.547900e+00 -7.986000e-01 -1.057400e+00 275 32 1.117900e+01 3.240000e+00 6.424300e+02 4.344700e+02 1
-6.002400e-01 9.585100e+00 -8.011300e-01 -1.057400e+00 276 32 1.156200e+01 3.240000e+00 6.424900e+02 4.343400e+02 1
-6.777300e-01 9.615000e+00 -8.031500e-01 -1.057400e+00 277 32 1.084500e+01 3.240000e+00 6.375100e+02 4.342200e+02 1
-7.666800e-01 9.754800e+00 -8.126500e-01 -1.057400e+00 282 32 9.957400e+00 3.240000e+00 6.325100e+02 4.337500e+02 1
-1.777800e+00 1.247600e+01 -9.975100e-01 -1.057400e+00 363 32 1.037900e+01 3.240000e+00 5.944800e+02 4.268600e+02 1
-1.980800e+00 1.250700e+01 -9.995800e-01 -1.057400e+00 364 32 1.068400e+01 3.240000e+00 5.844500e+02 4.267600e+02 1
-1.702200e+00 1.266500e+01 -1.010400e+00 -1.057400e+00 368 32 1.036400e+01 3.240000e+00 5.997500e+02 4.265200e+02 1
-1.907700e+00 1.270200e+01 -1.012900e+00 -1.057400e+00 369 32 1.044000e+01 3.240000e+00 5.897800e+02 4.264100e+02 1
1.191500e+00 1.381200e+01 -1.088300e+00 -1.057400e+00 398 32 1.059800e+01 3.240000e+00 7.413700e+02 4.251400e+02 0
1.194500e+00 1.383600e+01 -1.089900e+00 -1.057400e+00 399 32 1.097500e+01 3.240000e+00 7.414200e+02 4.251000e+02 0
9.797600e-01 1.388300e+01 -1.093100e+00 -1.057400e+00 400 32 1.078300e+01 3.240000e+00 7.313200e+02 4.249900e+02 0
7.639500e-01 1.393200e+01 -1.096400e+00 -1.057400e+00 401 32 1.040700e+01 3.240000e+00 7.212400e+02 4.248700e+02 0
-4.256300e-01 2.600500e+00 -3.266500e-01 -1.025300e+00 79 33 1.057500e+01 3.240000e+00 5.445100e+02 5.199400e+02 1
-3.664200e-01 2.650200e+00 -3.300300e-01 -1.025300e+00 80 33 1.143200e+01 3.240000e+00 5.618200e+02 5.178400e+02 1
-3.274100e-01 2.720000e+00 -3.347700e-01 -1.025300e+00 81 33 1.192200e+01 3.240000e+00 5.745700e+02 5.149100e+02 1
-3.094000e-01 2.780900e+00 -3.389100e-01 -1.025300e+00 82 33 1.241800e+01 3.240000e+00 5.814300e+02 5.124500e+02 1
-3.132200e-01 2.820800e+00 -3.416200e-01 -1.025300e+00 83 33 1.232800e+01 3.240000e+00 5.821800e+02 5.108600e+02 1
-3.170400e-01 2.848900e+00 -3.435300e-01 -1.025300e+00 84 33 1.183100e+01 3.240000e+00 5.824400e+02 5.097700e+02 1
-3.208600e-01 2.884400e+00 -3.459400e-01 -1.025300e+00 85 33 1.218900e+01 3.240000e+00 5.829900e+02 5.084200e+02 1
-3.014900e-01 2.926100e+00 -3.487800e-01 -1.025300e+00 86 33 1.225200e+01 3.240000e+00 5.888900e+02 5.069200e+02 1
-3.050300e-01 2.956600e+00 -3.508400e-01 -1.025300e+00 87 33 1.128400e+01 3.240000e+00 5.892200e+02 5.058200e+02 1
8.621700e-01 5.444800e+00 -5.198700e-01 -1.025300e+00 159 33 1.198800e+01 3.240000e+00 7.762600e+02 4.592200e+02 1
8.242400e-01 5.487400e+00 -5.227600e-01 -1.025300e+00 160 33 1.364600e+01 3.240000e+00 7.711100e+02 4.587500e+02 1
7.857700e-01 5.527500e+00 -5.254900e-01 -1.025300e+00 161 33 1.431200e+01 3.240000e+00 7.660100e+02 4.583200e+02 1
7.906900e-01 5.559300e+00 -5.276500e-01 -1.025300e+00 162 33 1.425400e+01 3.240000e+00 7.661700e+02 458 1
7.956000e-01 5.588800e+00 -5.296500e-01 -1.025300e+00 163 33 1.366200e+01 3.240000e+00 7.663500e+02 4.577100e+02 1
8.894500e-01 5.602400e+00 -5.305800e-01 -1.025300e+00 164 33 1.250700e+01 3.240000e+00 7.770700e+02 4.576400e+02 1
8.949100e-01 5.640600e+00 -5.331700e-01 -1.025300e+00 165 33 1.122900e+01 3.240000e+00 7.771300e+02 4.572700e+02 1
7.653100e-01 5.699100e+00 -5.371500e-01 -1.025300e+00 166 33 1.019300e+01 3.240000e+00 7.614700e+02 4.566200e+02 1
-6.728200e-01 9.544100e+00 -7.983400e-01 -1.025300e+00 275 33 1.062100e+01 3.240000e+00 6.374100e+02 4.344600e+02 1
-6.752700e-01 9.569300e+00 -8.000500e-01 -1.025300e+00 276 33 1.102100e+01 3.240000e+00 6.374000e+02 4.343700e+02 1
-8.283400e-01 9.561400e+00 -7.995100e-01 -1.025300e+00 277 33 1.034400e+01 3.240000e+00 6.271500e+02 4.343500e+02 1
3.197700e+00 9.698200e+00 -8.088100e-01 -1.025300e+00 294 33 1.017800e+01 3.240000e+00 8.962800e+02 4.351400e+02 1
3.048100e+00 9.783400e+00 -8.145900e-01 -1.025300e+00 295 33 1.076500e+01 3.240000e+00 8.844900e+02 4.348100e+02 1
2.897500e+00 9.860500e+00 -8.198300e-01 -1.025300e+00 296 33 1.046900e+01 3.240000e+00 8.729800e+02 4.345200e+02 1
-1.575900e+00 1.246700e+01 -9.968800e-01 -1.025300e+00 362 33 1.015300e+01 3.240000e+00 6.046700e+02 4.269200e+02 1
-1.876600e+00 1.249100e+01 -9.985000e-01 -1.025300e+00 363 33 1.130700e+01 3.240000e+00 5.895900e+02 4.268100e+02 1
-1.980800e+00 1.250800e+01 -9.996600e-01 -1.025300e+00 364 33 1.161300e+01 3.240000e+00 5.844600e+02 4.267600e+02 1
-2.085600e+00 1.250900e+01 -9.997400e-01 -1.025300e+00 365 33 1.099900e+01 3.240000e+00 5.791700e+02 4.267300e+02 1
-2.002600e+00 1.260300e+01 -1.006100e+00 -1.025300e+00 368 33 1.106700e+01 3.240000e+00 5.841900e+02 4.265800e+02 1
-2.108500e+00 1.261400e+01 -1.006900e+00 -1.025300e+00 369 33 1.123200e+01 3.240000e+00 5.789800e+02 4.265300e+02 1
8.709000e-01 1.387300e+01 -1.092400e+00 -1.025300e+00 400 33 1.007800e+01 3.240000e+00 7.263100e+02 4.249800e+02 0
-3.617800e-01 2.566300e+00 -3.243300e-01 -9.932700e-01 79 34 1.150000e+01 3.240000e+00 5.585600e+02 5.216800e+02 1
-3.664200e-01 2.667100e+00 -3.311800e-01 -9.932700e-01 80 34 1.241600e+01 3.240000e+00 5.626800e+02 5.170900e+02 1
-3.710600e-01 2.731000e+00 -3.355200e-01 -9.932700e-01 81 34 1.243800e+01 3.240000e+00 5.647200e+02 5.143600e+02 1
-3.094000e-01 2.785200e+00 -3.392000e-01 -9.932700e-01 82 34 1.271100e+01 3.240000e+00 5.816100e+02 5.122700e+02 1
-3.132200e-01 2.824100e+00 -3.418400e-01 -9.932700e-01 83 34 1.256900e+01 3.240000e+00 5.823200e+02 5.107300e+02 1
-3.396800e-01 2.844600e+00 -3.432300e-01 -9.932700e-01 84 34 1.170500e+01 3.240000e+00 5.771200e+02 5.098900e+02 1
-3.208600e-01 2.893400e+00 -3.465500e-01 -9.932700e-01 85 34 1.256700e+01 3.240000e+00 5.833400e+02 5.080800e+02 1
-3.014900e-01 2.936300e+00 -3.494600e-01 -9.932700e-01 86 34 1.270500e+01 3.240000e+00 5.892600e+02 5.065600e+02 1
-2.815700e-01 2.975400e+00 -3.521200e-01 -9.932700e-01 87 34 1.175600e+01 3.240000e+00 595 5.052000e+02 1
9.914900e-01 5.386800e+00 -5.159300e-01 -9.932700e-01 159 34 1.030100e+01 3.240000e+00 7.928100e+02 4.599300e+02 1
8.676300e-01 5.480000e+00 -5.222600e-01 -9.932700e-01 160 34 1.176800e+01 3.240000e+00 7.763700e+02 4.588600e+02 1
8.294300e-01 5.524700e+00 -5.253000e-01 -9.932700e-01 161 34 1.226200e+01 3.240000e+00 7.711900e+02 4.583700e+02 1
7.906900e-01 5.565000e+00 -5.280400e-01 -9.932700e-01 162 34 1.212500e+01 3.240000e+00 7.660900e+02 4.579400e+02 1
7.956000e-01 5.596100e+00 -5.301400e-01 -9.932700e-01 163 34 1.167200e+01 3.240000e+00 7.662500e+02 4.576400e+02 1
8.005100e-01 5.628000e+00 -5.323100e-01 -9.932700e-01 164 34 1.100600e+01 3.240000e+00 7.664000e+02 4.573300e+02 1
3.255200e+00 9.597500e+00 -8.019700e-01 -9.932700e-01 292 34 1.030500e+01 3.240000e+00 9.023800e+02 4.355000e+02 1
3.107100e+00 9.710800e+00 -8.096600e-01 -9.932700e-01 293 34 1.031200e+01 3.240000e+00 8.899100e+02 4.350700e+02 1
3.117700e+00 9.740300e+00 -8.116700e-01 -9.932700e-01 294 34 1.130800e+01 3.240000e+00 8.900200e+02 4.349800e+02 1
3.128400e+00 9.771800e+00 -8.138100e-01 -9.932700e-01 295 34 1.184500e+01 3.240000e+00 8.900900e+02 4.348800e+02 1
3.058500e+00 9.833900e+00 -8.180300e-01 -9.932700e-01 296 34 1.144200e+01 3.240000e+00 8.841800e+02 4.346500e+02 1
-1.876600e+00 1.249200e+01 -9.986000e-01 -9.932700e-01 363 34 1.022700e+01 3.240000e+00 5.896000e+02 4.268100e+02 1
-2.079800e+00 1.247500e+01 -9.974700e-01 -9.932700e-01 364 34 1.048200e+01 3.240000e+00 5.791500e+02 4.268000e+02 1
-3.405000e-01 2.493200e+00 -3.193700e-01 -9.612300e-01 79 35 1.068000e+01 3.240000e+00 5.600200e+02 5.252900e+02 1
-3.879800e-01 2.652500e+00 -3.301800e-01 -9.612300e-01 80 35 1.154300e+01 3.240000e+00 5.566800e+02 5.176900e+02 1
-4.583700e-01 2.721800e+00 -3.349000e-01 -9.612300e-01 81 35 1.123900e+01 3.240000e+00 5.435600e+02 5.145600e+02 1
-3.536000e-01 2.766400e+00 -3.379300e-01 -9.612300e-01 82 35 1.083600e+01 3.240000e+00 5.704900e+02 5.129400e+02 1
-2.684700e-01 2.817500e+00 -3.414000e-01 -9.612300e-01 83 35 1.074600e+01 3.240000e+00 5.923300e+02 5.110700e+02 1
-3.437800e-01 2.884500e+00 -3.459500e-01 -9.612300e-01 85 35 1.086500e+01 3.240000e+00 5.778600e+02 5.083700e+02 1
-3.014900e-01 2.946000e+00 -3.501300e-01 -9.612300e-01 86 35 1.117100e+01 3.240000e+00 5.896200e+02 5.062100e+02 1
-2.346400e-01 2.993600e+00 -3.533600e-01 -9.612300e-01 87 35 1.058800e+01 3.240000e+00 6.057600e+02 5.046500e+02 0
1.582500e+00 3.725700e+00 -4.030900e-01 -9.612300e-01 117 35 1.042700e+01 3.240000e+00 9.434400e+02 4.867000e+02 0
1.659900e+00 3.728300e+00 -4.032700e-01 -9.612300e-01 118 35 1.107300e+01 3.240000e+00 9.571400e+02 4.867400e+02 0
1.738500e+00 3.721900e+00 -4.028300e-01 -9.612300e-01 119 35 1.086700e+01 3.240000e+00 9.717300e+02 4.869900e+02 0
3.037800e+00 9.759400e+00 -8.129600e-01 -9.612300e-01 294 35 1.068300e+01 3.240000e+00 8.842700e+02 4.348900e+02 1
3.128400e+00 9.760400e+00 -8.130300e-01 -9.612300e-01 295 35 1.094700e+01 3.240000e+00 8.903200e+02 4.349100e+02 1
3.139000e+00 9.802100e+00 -8.158600e-01 -9.612300e-01 296 35 1.034700e+01 3.240000e+00 8.901800e+02 4.347800e+02 1
1.755700e+00 3.670000e+00 -3.993100e-01 -9.291900e-01 118 36 1.040500e+01 3.240000e+00 9.789400e+02 4.882400e+02 0
1.835100e+00 3.675400e+00 -3.996700e-01 -9.291900e-01 119 36 1.055800e+01 3.240000e+00 9.929900e+02 4.882200e+02 0
-2.646300e+00 4.868500e+00 -4.807200e-01 -8.971500e-01 160 37 1.070200e+01 3.240000e+00 3.269100e+02 4.631200e+02 1
-2.706600e+00 4.884100e+00 -4.817800e-01 -8.971500e-01 161 37 1.169500e+01 3.240000e+00 3.204000e+02 4.628900e+02 1
-2.767400e+00 4.892300e+00 -4.823400e-01 -8.971500e-01 162 37 1.167700e+01 3.240000e+00 3.133000e+02 4.627400e+02 1
-2.784600e+00 4.924300e+00 -4.845100e-01 -8.971500e-01 163 37 1.087400e+01 3.240000e+00 3.136000e+02 4.623400e+02 1
-3.803400e+00 5.931000e+00 -5.529000e-01 -8.971500e-01 206 37 1.060400e+01 3.240000e+00 2.714600e+02 4.517500e+02 1
-3.821900e+00 6.052300e+00 -5.611400e-01 -8.971500e-01 207 37 1.148800e+01 3.240000e+00 2.779600e+02 4.507700e+02 1
-3.840500e+00 6.121200e+00 -5.658200e-01 -8.971500e-01 208 37 1.117800e+01 3.240000e+00 2.807300e+02 4.502300e+02 1
-3.915800e+00 6.051700e+00 -5.611000e-01 -8.971500e-01 209 37 1.030500e+01 3.240000e+00 2.683600e+02 4.507300e+02 1
-3.934600e+00 6.138400e+00 -5.669900e-01 -8.971500e-01 210 37 1.084600e+01 3.240000e+00 2.724300e+02 4.500500e+02 1
-4.068000e+00 6.101800e+00 -5.645000e-01 -8.971500e-01 211 37 1.014700e+01 3.240000e+00 2.564600e+02 4.502500e+02 1
-2.689600e+00 4.842500e+00 -4.789600e-01 -8.651100e-01 160 38 1.179200e+01 3.240000e+00 3.193800e+02 4.634100e+02 1
-2.706600e+00 4.880100e+00 -4.815100e-01 -8.651100e-01 161 38 1.291000e+01 3.240000e+00 3.201000e+02 4.629400e+02 1
-2.767400e+00 4.887700e+00 -4.820300e-01 -8.651100e-01 162 38 1.297200e+01 3.240000e+00 3.129500e+02 4.627900e+02 1
-2.828800e+00 4.890000e+00 -4.821800e-01 -8.651100e-01 163 38 1.220600e+01 3.240000e+00 3.053300e+02 4.627200e+02 1
-2.935200e+00 4.852700e+00 -4.796500e-01 -8.651100e-01 164 38 1.152500e+01 3.240000e+00 2.887600e+02 4.630900e+02 1
-2.953200e+00 4.889700e+00 -4.821600e-01 -8.651100e-01 165 38 1.142300e+01 3.240000e+00 2.895300e+02 4.626200e+02 1
-3.016200e+00 4.889600e+00 -4.821600e-01 -8.651100e-01 166 38 1.060700e+01 3.240000e+00 2.815500e+02 4.625700e+02 1
-3.971200e+00 5.785500e+00 -5.430100e-01 -8.651100e-01 206 38 1.228300e+01 3.240000e+00 2.430800e+02 4.528500e+02 1
-3.934300e+00 5.975600e+00 -5.559300e-01 -8.651100e-01 207 38 1.339200e+01 3.240000e+00 2.610800e+02 4.513100e+02 1
-3.896900e+00 6.074200e+00 -5.626200e-01 -8.651100e-01 208 38 1.335300e+01 3.240000e+00 2.718300e+02 4.505600e+02 1
-3.972500e+00 6.032900e+00 -5.598200e-01 -8.651100e-01 209 38 1.261200e+01 3.240000e+00 2.612500e+02 4.508400e+02 1
-3.934600e+00 6.119000e+00 -5.656700e-01 -8.651100e-01 210 38 1.258900e+01 3.240000e+00 2.711000e+02 4.502000e+02 1
-4.068000e+00 6.086200e+00 -5.634400e-01 -8.651100e-01 211 38 1.152700e+01 3.240000e+00 2.553500e+02 4.503700e+02 1
-2.819800e+00 4.769500e+00 -4.740000e-01 -8.330700e-01 160 39 1.113400e+01 3.240000e+00 2.967300e+02 4.642200e+02 1
-2.750200e+00 4.858400e+00 -4.800300e-01 -8.330700e-01 161 39 1.219100e+01 3.240000e+00 3.128500e+02 4.631700e+02 1
-2.811300e+00 4.863600e+00 -4.803900e-01 -8.330700e-01 162 39 1.236400e+01 3.240000e+00 3.054600e+02 4.630500e+02 1
-2.873000e+00 4.866300e+00 -4.805700e-01 -8.330700e-01 163 39 1.198500e+01 3.240000e+00 2.978200e+02 4.629700e+02 1
-2.935200e+00 4.865700e+00 -4.805300e-01 -8.330700e-01 164 39 1.177600e+01 3.240000e+00 2.898400e+02 4.629300e+02 1
-2.997900e+00 4.865600e+00 -4.805200e-01 -8.330700e-01 165 39 1.153700e+01 3.240000e+00 2.818400e+02 4.628800e+02 1
-3.151300e+00 4.779400e+00 -4.746700e-01 -8.330700e-01 166 39 1.054000e+01 3.240000e+00 2.546200e+02 4.638300e+02 1
-3.971200e+00 5.807700e+00 -5.445200e-01 -8.330700e-01 206 39 1.213900e+01 3.240000e+00 2.447900e+02 4.526700e+02 1
-3.934300e+00 5.981400e+00 -5.563200e-01 -8.330700e-01 207 39 1.327200e+01 3.240000e+00 2.615000e+02 4.512700e+02 1
-3.953400e+00 6.039500e+00 -5.602600e-01 -8.330700e-01 208 39 1.333500e+01 3.240000e+00 2.636700e+02 4.508000e+02 1
-3.972500e+00 6.058200e+00 -5.615400e-01 -8.330700e-01 209 39 1.268700e+01 3.240000e+00 2.630400e+02 4.506400e+02 1
-3.991600e+00 6.081600e+00 -5.631300e-01 -8.330700e-01 210 39 1.231100e+01 3.240000e+00 2.627500e+02 4.504500e+02 1
-4.125300e+00 6.051600e+00 -5.610900e-01 -8.330700e-01 211 39 1.123700e+01 3.240000e+00 2.470500e+02 4.506100e+02 1
-3.068600e+00 4.790600e+00 -4.754300e-01 -8.010300e-01 164 40 9.805300e+00 3.240000e+00 2.663000e+02 4.637500e+02 1
-4.046700e+00 5.933500e+00 -5.530700e-01 -8.010300e-01 207 40 1.093200e+01 3.240000e+00 2.463900e+02 4.515900e+02 1
-4.009900e+00 6.013800e+00 -5.585200e-01 -8.010300e-01 208 40 1.109600e+01 3.240000e+00 2.560700e+02 4.509700e+02 1
-4.029300e+00 6.041000e+00 -5.603700e-01 -8.010300e-01 209 40 1.048500e+01 3.240000e+00 2.560500e+02 4.507400e+02 1
0 0 -1.500000e-01 -3.204100e-02 1 64 1.542100e+01 3.240000e+00 2167 -3.612800e+03 0
-7.093800e-02 1.112400e-01 -1.575600e-01 -3.204100e-02 5 64 1.419600e+01 3.240000e+00 -3197 7.902500e+03 0
-1.585200e-01 1.861000e-01 -1.626400e-01 -3.204100e-02 8 64 1.340000e+01 3.240000e+00 -1.093500e+03 2.932200e+03 0
-2.008100e-01 1.897400e-01 -1.628900e-01 -3.204100e-02 9 64 1.269100e+01 3.240000e+00 -1.239300e+03 2.827100e+03 0
-2.504700e-01 1.800000e-01 -1.622300e-01 -3.204100e-02 10 64 1.262700e+01 3.240000e+00 -1.652100e+03 2.997500e+03 0
-2.619200e-01 2.193400e-01 -1.649000e-01 -3.204100e-02 11 64 1.220200e+01 3.240000e+00 -1.094600e+03 2.328600e+03 0
-2.881200e-01 2.262100e-01 -1.653700e-01 -3.204100e-02 12 64 1.166600e+01 3.240000e+00 -1112 2.236200e+03 0
-3.044900e-01 2.790800e-01 -1.689600e-01 -3.204100e-02 13 64 1.083300e+01 3.240000e+00 -7.121600e+02 1.781200e+03 0
3.683300e-01 2.724500e-01 -1.685100e-01 -3.204100e-02 28 64 1.214400e+01 3.240000e+00 1.367300e+03 2.004100e+03 0
6.799100e-01 6.420600e-01 -1.936200e-01 -3.204100e-02 29 64 1.367500e+01 3.240000e+00 1.287300e+03 9.507000e+02 0
6.725500e-01 7.388500e-01 -2.001900e-01 -3.204100e-02 30 64 1.460500e+01 3.240000e+00 1.190400e+03 8.679800e+02 0
6.793700e-01 7.974600e-01 -2.041700e-01 -3.204100e-02 31 64 1.476000e+01 3.240000e+00 1.155200e+03 8.292800e+02 0
6.766400e-01 8.308000e-01 -2.064400e-01 -3.204100e-02 32 64 1.424100e+01 3.240000e+00 1.131900e+03 8.098700e+02 0
6.897400e-01 8.633600e-01 -2.086500e-01 -3.204100e-02 33 64 1.281000e+01 3.240000e+00 1.124400e+03 7.928600e+02 0
-9.814000e-01 1.061400e-01 -1.572100e-01 -3.204100e-02 34 64 9.922100e+00 3.240000e+00 -10585 4.945900e+03 0
7.514000e-01 5.410300e-01 -1.867500e-01 -3.204100e-02 35 64 9.916700e+00 3.240000e+00 1.529100e+03 1.079100e+03 0
-8.307900e-01 8.820200e-01 -2.099200e-01 -3.204100e-02 36 64 1.079300e+01 3.240000e+00 -6.875000e+01 7.569900e+02 0
-8.447100e-01 8.748500e-01 -2.094300e-01 -3.204100e-02 37 64 1.133800e+01 3.240000e+00 -8.559300e+01 7.598100e+02 0
-8.580800e-01 8.588200e-01 -2.083400e-01 -3.204100e-02 38 64 1.102200e+01 3.240000e+00 -1.109800e+02 7.666100e+02 0
-8.398000e-01 8.839400e-01 -2.100500e-01 -3.204100e-02 39 64 9.770600e+00 3.240000e+00 -7.356700e+01 7.560300e+02 0
