0 0 -1.500000e-01 0 1 65 1.621600e+01 3.210000e+00 2167 -3.612800e+03 0
-7.093800e-02 1.117800e-01 -1.575200e-01 0 5 65 1.521000e+01 3.210000e+00 -3.144700e+03 7.800400e+03 0
-1.585200e-01 1.860600e-01 -1.625200e-01 0 8 65 1.439300e+01 3.210000e+00 -1094 2.932400e+03 0
-2.008100e-01 1.908400e-01 -1.628400e-01 0 9 65 1.371400e+01 3.210000e+00 -1222 2.804800e+03 0
-2.480100e-01 1.861200e-01 -1.625300e-01 0 10 65 1.366600e+01 3.210000e+00 -1.521400e+03 2.866800e+03 0
-2.619200e-01 2.219300e-01 -1.649400e-01 0 11 65 1.312300e+01 3.210000e+00 -1065 2.296200e+03 0
-2.851200e-01 2.341300e-01 -1.657600e-01 0 12 65 1.270900e+01 3.210000e+00 -1.017400e+03 2.151100e+03 0
-3.077600e-01 2.784800e-01 -1.687400e-01 0 13 65 1.195400e+01 3.210000e+00 -7.250600e+02 1.783800e+03 0
-3.121300e-01 3.046900e-01 -1.705100e-01 0 14 65 1.156800e+01 3.210000e+00 -5.814800e+02 1.632800e+03 0
-1.222300e-01 4.068000e-01 -1.773800e-01 0 15 65 1.137100e+01 3.210000e+00 1.395900e+02 1.284300e+03 0
-3.601500e-01 3.720600e-01 -1.750400e-01 0 16 65 1.126400e+01 3.210000e+00 -3.963000e+02 1359 0
3.609700e-01 2.702200e-01 -1.681900e-01 0 28 65 1.318100e+01 3.210000e+00 1.349100e+03 2.020600e+03 0
6.799100e-01 6.400500e-01 -1.930800e-01 0 29 65 1.470000e+01 3.210000e+00 1.289500e+03 9.522500e+02 0
6.725500e-01 7.360500e-01 -1.995400e-01 0 30 65 1.562100e+01 3.210000e+00 1.192500e+03 8.695500e+02 0
6.793700e-01 7.975700e-01 -2.036800e-01 0 31 65 1.576700e+01 3.210000e+00 1.155100e+03 8.287600e+02 0
6.766400e-01 8.312800e-01 -2.059500e-01 0 32 65 1.524300e+01 3.210000e+00 1.131500e+03 8.091500e+02 0
6.810000e-01 8.682500e-01 -2.084300e-01 0 33 65 1.380700e+01 3.210000e+00 1.114300e+03 7.897700e+02 0
7.514000e-01 6.506500e-01 -1.937900e-01 0 35 65 1.097900e+01 3.210000e+00 1.363100e+03 9.443200e+02 0
-8.403400e-01 8.847800e-01 -2.095500e-01 0 36 65 1.190500e+01 3.210000e+00 -7.318200e+01 7.552500e+02 0
-8.545300e-01 8.886900e-01 -2.098100e-01 0 37 65 1.230900e+01 3.210000e+00 -7.989500e+01 7.533900e+02 0
-8.883600e-01 8.670500e-01 -2.083500e-01 0 38 65 1.187200e+01 3.210000e+00 -1.253300e+02 7.620400e+02 0
-9.227400e-01 8.707300e-01 -2.086000e-01 0 39 65 1.040900e+01 3.210000e+00 -1.469800e+02 7.598700e+02 0
0 0 -1.500000e-01 3.204100e-02 1 66 1.525300e+01 3.210000e+00 2167 -3.612800e+03 0
-7.093800e-02 1.124400e-01 -1.575700e-01 3.204100e-02 5 66 1.418800e+01 3.210000e+00 -3.082600e+03 7.680800e+03 0
-1.585200e-01 1.860200e-01 -1.625200e-01 3.204100e-02 8 66 1.340700e+01 3.210000e+00 -1.094600e+03 2.933200e+03 0
-2.008100e-01 1.912800e-01 -1.628700e-01 3.204100e-02 9 66 1.272100e+01 3.210000e+00 -1.215200e+03 2.796200e+03 0
-2.480100e-01 1.869800e-01 -1.625800e-01 3.204100e-02 10 66 1.269100e+01 3.210000e+00 -1.505600e+03 2.849200e+03 0
-2.619200e-01 2.229800e-01 -1.650100e-01 3.204100e-02 11 66 1.210800e+01 3.210000e+00 -1.053300e+03 2.283600e+03 0
-2.851200e-01 2.349500e-01 -1.658100e-01 3.204100e-02 12 66 1.173100e+01 3.210000e+00 -1.009200e+03 2.142800e+03 0
-3.044900e-01 2.801100e-01 -1.688500e-01 3.204100e-02 13 66 1.093800e+01 3.210000e+00 -7.054800e+02 1.774100e+03 0
-3.192200e-01 3.053100e-01 -1.705500e-01 3.204100e-02 14 66 1.059600e+01 3.210000e+00 -5.956300e+02 1.628400e+03 0
-1.184100e-01 4.265000e-01 -1.787000e-01 3.204100e-02 15 66 1.033900e+01 3.210000e+00 1.768500e+02 1236 0
3.609700e-01 3.016500e-01 -1.703000e-01 3.204100e-02 28 66 1.221600e+01 3.210000e+00 1.253600e+03 1.784700e+03 0
6.722700e-01 6.427600e-01 -1.932600e-01 3.204100e-02 29 66 1.372100e+01 3.210000e+00 1.277400e+03 9.492400e+02 0
6.725500e-01 7.354700e-01 -1.995000e-01 3.204100e-02 30 66 1.463200e+01 3.210000e+00 1193 8.699800e+02 0
6.711800e-01 8.044800e-01 -2.041400e-01 3.204100e-02 31 66 1.477300e+01 3.210000e+00 1.143100e+03 8.244200e+02 0
6.766400e-01 8.338300e-01 -2.061200e-01 3.204100e-02 32 66 1.424700e+01 3.210000e+00 1130 8.077500e+02 0
6.810000e-01 8.736200e-01 -2.088000e-01 3.204100e-02 33 66 1.283700e+01 3.210000e+00 1.111400e+03 7.871000e+02 0
7.235700e-01 7.079200e-01 -1.976400e-01 3.204100e-02 35 66 1.015000e+01 3.210000e+00 1.270200e+03 8.925500e+02 0
-8.403400e-01 8.863300e-01 -2.096500e-01 3.204100e-02 36 66 1.090000e+01 3.210000e+00 -7.176700e+01 7.546000e+02 0
-8.545300e-01 8.867700e-01 -2.096800e-01 3.204100e-02 37 66 1.128300e+01 3.210000e+00 -8.166000e+01 7.541900e+02 0
-8.782700e-01 8.682100e-01 -2.084300e-01 3.204100e-02 38 66 1.080700e+01 3.210000e+00 -1.167200e+02 7.617100e+02 0
5.582300e-01 9.603300e-01 -2.146300e-01 6.728600e-01 34 86 9.905200e+00 3.210000e+00 9.776400e+02 7.466200e+02 0
6.029700e-01 9.712600e-01 -2.153700e-01 6.728600e-01 35 86 1.046300e+01 3.210000e+00 1007 7.430100e+02 0
6.589000e-01 9.965900e-01 -2.170700e-01 6.728600e-01 36 86 1.021100e+01 3.210000e+00 1.038400e+03 7.342700e+02 0
6.122500e-01 9.731700e-01 -2.154900e-01 7.049000e-01 35 87 1.022600e+01 3.210000e+00 1.013200e+03 7.424200e+02 0
6.398100e-01 9.895500e-01 -2.166000e-01 7.049000e-01 36 87 1.010400e+01 3.210000e+00 1.027300e+03 7.366000e+02 0
6.875500e-01 8.766000e+00 -7.399600e-01 -1.121400e+00 253 30 1.044100e+01 3.210000e+00 7.318600e+02 4.373200e+02 1
4.832000e-01 8.807100e+00 -7.427200e-01 -1.121400e+00 254 30 1.028100e+01 3.210000e+00 7.167400e+02 4.370900e+02 1
8.217900e-01 8.727100e+00 -7.373400e-01 -1.089400e+00 252 31 1.113600e+01 3.210000e+00 7.419500e+02 4.375200e+02 1
7.563100e-01 8.768100e+00 -7.401000e-01 -1.089400e+00 253 31 1.144800e+01 3.210000e+00 7.369100e+02 4.373400e+02 1
5.522200e-01 8.813900e+00 -7.431800e-01 -1.089400e+00 254 31 1.093100e+01 3.210000e+00 7.217600e+02 4.370900e+02 1
-1.000800e+00 4.459000e+00 -4.500900e-01 -1.057400e+00 132 32 1.057500e+01 3.210000e+00 5.252300e+02 4.697300e+02 1
-1.044400e+00 4.477800e+00 -4.513600e-01 -1.057400e+00 133 32 1.157300e+01 3.210000e+00 5.197400e+02 4.694000e+02 1
-1.088600e+00 4.498500e+00 -4.527500e-01 -1.057400e+00 134 32 1.152000e+01 3.210000e+00 5.143000e+02 4.690500e+02 1
-1.169900e+00 4.498400e+00 -4.527500e-01 -1.057400e+00 135 32 1.045800e+01 3.210000e+00 5.028200e+02 4.689800e+02 1
-1.084000e+00 4.645200e+00 -4.626200e-01 -1.057400e+00 138 32 1.080900e+01 3.210000e+00 5.206600e+02 4.669500e+02 1
-1.091900e+00 4.686400e+00 -4.654000e-01 -1.057400e+00 139 32 1.092500e+01 3.210000e+00 5.211200e+02 4.663800e+02 1
6.848200e-01 8.734400e+00 -7.378300e-01 -1.057400e+00 252 32 1.074100e+01 3.210000e+00 7.318000e+02 4.374500e+02 1
7.563100e-01 8.762700e+00 -7.397400e-01 -1.057400e+00 253 32 1.085900e+01 3.210000e+00 7.369400e+02 4.373600e+02 1
-8.935500e-01 4.483300e+00 -4.517300e-01 -1.025300e+00 132 33 1.059500e+01 3.210000e+00 5.413800e+02 4.694600e+02 1
-9.724000e-01 4.501000e+00 -4.529200e-01 -1.025300e+00 133 33 1.151700e+01 3.210000e+00 5.308300e+02 4.691200e+02 1
-1.016000e+00 4.502500e+00 -4.530200e-01 -1.025300e+00 134 33 1.133200e+01 3.210000e+00 5.247100e+02 4.690600e+02 1
-1.076100e+00 4.603600e+00 -4.598200e-01 -1.025300e+00 137 33 1.069100e+01 3.210000e+00 5.201700e+02 4.675400e+02 1
-1.084000e+00 4.648500e+00 -4.628500e-01 -1.025300e+00 138 33 1.160800e+01 3.210000e+00 5.207800e+02 4.669100e+02 1
-1.091900e+00 4.684900e+00 -4.653000e-01 -1.025300e+00 139 33 1.170500e+01 3.210000e+00 5.210700e+02 4.664000e+02 1
-1.099800e+00 4.712400e+00 -4.671500e-01 -1.025300e+00 140 33 1.094000e+01 3.210000e+00 5.210200e+02 4.660200e+02 1
-2.566900e+00 7.382800e+00 -6.468600e-01 -1.025300e+00 225 33 1.000400e+01 3.210000e+00 4.584200e+02 4.424300e+02 1
-2.701100e+00 7.366600e+00 -6.457700e-01 -1.025300e+00 226 33 1.009800e+01 3.210000e+00 4.464800e+02 4.424600e+02 1
-2.612700e+00 7.495100e+00 -6.544300e-01 -1.025300e+00 229 33 1.065900e+01 3.210000e+00 4.581100e+02 4.418200e+02 1
-2.686600e+00 7.525800e+00 -6.564900e-01 -1.025300e+00 230 33 1.135400e+01 3.210000e+00 4.529100e+02 4.416300e+02 1
-2.761100e+00 7.541600e+00 -6.575500e-01 -1.025300e+00 231 33 1.126800e+01 3.210000e+00 4.472300e+02 4.415200e+02 1
-2.836200e+00 7.542400e+00 -6.576000e-01 -1.025300e+00 232 33 1.033200e+01 3.210000e+00 4.410200e+02 4.414800e+02 1
-1.121400e+00 4.613600e+00 -4.605000e-01 -9.932700e-01 138 34 1.044400e+01 3.210000e+00 5.143200e+02 4.673600e+02 1
-1.016600e+00 4.703900e+00 -4.665700e-01 -9.932700e-01 139 34 1.038400e+01 3.210000e+00 5.319500e+02 4.662000e+02 1
-2.689100e+00 7.342300e+00 -6.441400e-01 -9.932700e-01 225 34 1.114600e+01 3.210000e+00 4.466900e+02 4.426000e+02 1
-2.701100e+00 7.376900e+00 -6.464700e-01 -9.932700e-01 226 34 1.130900e+01 3.210000e+00 4.468300e+02 4.424100e+02 1
-2.651400e+00 7.405700e+00 -6.484100e-01 -9.932700e-01 227 34 1.038300e+01 3.210000e+00 4.519900e+02 4.422700e+02 1
-2.550500e+00 7.522100e+00 -6.562400e-01 -9.932700e-01 229 34 1.137500e+01 3.210000e+00 4.641400e+02 4.417100e+02 1
-2.624200e+00 7.538700e+00 -6.573600e-01 -9.932700e-01 230 34 1.213400e+01 3.210000e+00 4.585200e+02 4.415900e+02 1
-2.698400e+00 7.546900e+00 -6.579100e-01 -9.932700e-01 231 34 1.201500e+01 3.210000e+00 4.526100e+02 4.415200e+02 1
-2.773100e+00 7.519900e+00 -6.560900e-01 -9.932700e-01 232 34 1.095700e+01 3.210000e+00 4.455100e+02 4.416300e+02 1
2.811300e+00 4.748600e+00 -4.695900e-01 -9.612300e-01 162 35 1.008700e+01 3.210000e+00 1.060600e+03 4.689200e+02 1
-2.689100e+00 7.313000e+00 -6.421700e-01 -9.612300e-01 225 35 1.043800e+01 3.210000e+00 4.457000e+02 4.427600e+02 1
-2.639700e+00 7.399900e+00 -6.480200e-01 -9.612300e-01 226 35 1.056300e+01 3.210000e+00 4.527900e+02 4.423100e+02 1
-2.363900e+00 7.595100e+00 -6.611500e-01 -9.612300e-01 229 35 1.030800e+01 3.210000e+00 4.817800e+02 4.414100e+02 1
-2.561700e+00 7.528400e+00 -6.566600e-01 -9.612300e-01 230 35 1.102200e+01 3.210000e+00 4.634000e+02 4.416700e+02 1
-2.761100e+00 7.402200e+00 -6.481700e-01 -9.612300e-01 231 35 1.088800e+01 3.210000e+00 4.425900e+02 4.422400e+02 1
3.060700e+00 4.590000e+00 -4.589100e-01 -9.291900e-01 159 36 1.109800e+01 3.210000e+00 1.110500e+03 4.715200e+02 1
2.949900e+00 4.703000e+00 -4.665200e-01 -9.291900e-01 160 36 1.255000e+01 3.210000e+00 1.084200e+03 4.697100e+02 1
2.924800e+00 4.755200e+00 -4.700300e-01 -9.291900e-01 161 36 1.319800e+01 3.210000e+00 1.076200e+03 4.689300e+02 1
2.899200e+00 4.806100e+00 -4.734500e-01 -9.291900e-01 162 36 1.313800e+01 3.210000e+00 1.068400e+03 4.681800e+02 1
2.873000e+00 4.860400e+00 -4.771100e-01 -9.291900e-01 163 36 1.237400e+01 3.210000e+00 1.060400e+03 4.674000e+02 1
2.801800e+00 4.951600e+00 -4.832500e-01 -9.291900e-01 164 36 1.071100e+01 3.210000e+00 1.043800e+03 4.661100e+02 1
2.974500e+00 4.635600e+00 -4.619700e-01 -8.971500e-01 159 37 1.209000e+01 3.210000e+00 1.093600e+03 4.707400e+02 1
2.906500e+00 4.728500e+00 -4.682300e-01 -8.971500e-01 160 37 1.383200e+01 3.210000e+00 1.075800e+03 4.693000e+02 1
2.881200e+00 4.787600e+00 -4.722100e-01 -8.971500e-01 161 37 1.446800e+01 3.210000e+00 1.067400e+03 4.684300e+02 1
2.855300e+00 4.840800e+00 -4.757900e-01 -8.971500e-01 162 37 1.425400e+01 3.210000e+00 1.059500e+03 4.676600e+02 1
2.828800e+00 4.884500e+00 -4.787300e-01 -8.971500e-01 163 37 1.337000e+01 3.210000e+00 1.052500e+03 4.670300e+02 1
2.712800e+00 4.990400e+00 -4.858600e-01 -8.971500e-01 164 37 1.186700e+01 3.210000e+00 1029 4.655300e+02 1
2.931400e+00 4.637900e+00 -4.621400e-01 -8.651100e-01 159 38 1.146300e+01 3.210000e+00 1.087200e+03 4.706700e+02 1
2.906500e+00 4.715400e+00 -4.673500e-01 -8.651100e-01 160 38 1.322100e+01 3.210000e+00 1.076900e+03 4.694900e+02 1
2.924800e+00 4.753500e+00 -4.699100e-01 -8.651100e-01 161 38 1.383700e+01 3.210000e+00 1.076300e+03 4.689500e+02 1
2.899200e+00 4.816500e+00 -4.741500e-01 -8.651100e-01 162 38 1.353900e+01 3.210000e+00 1.067500e+03 4.680300e+02 1
2.828800e+00 4.895000e+00 -4.794400e-01 -8.651100e-01 163 38 1.254800e+01 3.210000e+00 1.051700e+03 4.668900e+02 1
2.712800e+00 4.996000e+00 -4.862300e-01 -8.651100e-01 164 38 1.123400e+01 3.210000e+00 1.028600e+03 4.654600e+02 1
3.123500e+00 4.463700e+00 -4.504100e-01 -8.330700e-01 160 39 1.031700e+01 3.210000e+00 1.132300e+03 4.736100e+02 0
3.012100e+00 4.641000e+00 -4.623400e-01 -8.330700e-01 161 39 1.104000e+01 3.210000e+00 1.098600e+03 4.707000e+02 1
2.943100e+00 4.774800e+00 -4.713500e-01 -8.330700e-01 162 39 1.104300e+01 3.210000e+00 1.077100e+03 4.686600e+02 1
2.917200e+00 4.829100e+00 -4.750000e-01 -8.330700e-01 163 39 1.036400e+01 3.210000e+00 1069 4.678700e+02 1
0 0 -1.500000e-01 -6.408200e-02 1 63 9.679500e+00 3.210000e+00 2167 -3.612800e+03 0
6.329800e-01 7.891400e-01 -2.031100e-01 -6.408200e-02 30 63 1.023300e+01 3.210000e+00 1.117200e+03 8.328500e+02 0
6.548100e-01 8.065300e-01 -2.042800e-01 -6.408200e-02 31 63 1.065800e+01 3.210000e+00 1.126800e+03 8.228300e+02 0
6.766400e-01 8.413400e-01 -2.066200e-01 -6.408200e-02 32 63 1.002600e+01 3.210000e+00 1.125600e+03 8.036700e+02 0
0 0 -1.500000e-01 -3.204100e-02 1 64 1.527900e+01 3.210000e+00 2167 -3.612800e+03 0
-7.093800e-02 1.111700e-01 -1.574800e-01 -3.204100e-02 5 64 1.417900e+01 3.210000e+00 -3.204300e+03 7.915300e+03 0
-1.585200e-01 1.860900e-01 -1.625200e-01 -3.204100e-02 8 64 1.336400e+01 3.210000e+00 -1.093500e+03 2.931600e+03 0
-2.008100e-01 1.902700e-01 -1.628100e-01 -3.204100e-02 9 64 1.268200e+01 3.210000e+00 -1.230900e+03 2816 0
-2.504700e-01 1.812300e-01 -1.622000e-01 -3.204100e-02 10 64 1.263700e+01 3.210000e+00 -1627 2.969200e+03 0
-2.619200e-01 2.209300e-01 -1.648700e-01 -3.204100e-02 11 64 1.213600e+01 3.210000e+00 -1.076300e+03 2.308400e+03 0
-2.881200e-01 2.293400e-01 -1.654300e-01 -3.204100e-02 12 64 1.167600e+01 3.210000e+00 -1.077700e+03 2.200800e+03 0
-3.077600e-01 2.793200e-01 -1.688000e-01 -3.204100e-02 13 64 1.092500e+01 3.210000e+00 -7.195300e+02 1.778400e+03 0
-3.192200e-01 3.066200e-01 -1.706400e-01 -3.204100e-02 14 64 1.061000e+01 3.210000e+00 -5.886700e+02 1.621800e+03 0
6.799100e-01 6.440900e-01 -1.933500e-01 -3.204100e-02 29 64 1.362300e+01 3.210000e+00 1.285100e+03 9.482000e+02 0
6.804600e-01 7.287100e-01 -1.990400e-01 -3.204100e-02 30 64 1.454500e+01 3.210000e+00 1.206500e+03 8.752000e+02 0
6.793700e-01 7.975800e-01 -2.036800e-01 -3.204100e-02 31 64 1.467600e+01 3.210000e+00 1.155100e+03 8.287500e+02 0
6.766400e-01 8.293100e-01 -2.058100e-01 -3.204100e-02 32 64 1.416300e+01 3.210000e+00 1.132700e+03 8.102500e+02 0
6.810000e-01 8.603700e-01 -2.079000e-01 -3.204100e-02 33 64 1.276200e+01 3.210000e+00 1.118600e+03 7.937600e+02 0
-8.403400e-01 8.831400e-01 -2.094400e-01 -3.204100e-02 36 64 1.093100e+01 3.210000e+00 -7.468500e+01 7.559400e+02 0
-8.643500e-01 8.798300e-01 -2.092100e-01 -3.204100e-02 37 64 1.128800e+01 3.210000e+00 -9.528100e+01 7.569400e+02 0
-8.984600e-01 8.607900e-01 -2.079300e-01 -3.204100e-02 38 64 1.085100e+01 3.210000e+00 -1.391400e+02 7.646300e+02 0
