0 0 -1.500000e-01 0 1 65 1.637300e+01 3.440000e+00 2167 -3.612800e+03 0
-7.093800e-02 1.118700e-01 -1.580700e-01 0 5 65 1.522100e+01 3.440000e+00 -3.137800e+03 7.795700e+03 0
-1.585200e-01 1.860600e-01 -1.634200e-01 0 8 65 1.438900e+01 3.440000e+00 -1.094500e+03 2.937900e+03 0
-2.008100e-01 1.908200e-01 -1.637600e-01 0 9 65 1.370100e+01 3.440000e+00 -1.222800e+03 2.810500e+03 0
-2.480100e-01 1.858300e-01 -1.634000e-01 0 10 65 1.366000e+01 3.440000e+00 -1.527300e+03 2878 0
-2.619200e-01 2.212200e-01 -1.659600e-01 0 11 65 1.306800e+01 3.440000e+00 -1.073500e+03 2.309600e+03 0
-2.881200e-01 2.283000e-01 -1.664700e-01 0 12 65 1.270900e+01 3.440000e+00 -1.089300e+03 2.216900e+03 0
-3.044900e-01 2.811800e-01 -1.702800e-01 0 13 65 1.197400e+01 3.440000e+00 -6.988800e+02 1.771600e+03 0
-3.085800e-01 3.102000e-01 -1.723800e-01 0 14 65 1.155500e+01 3.440000e+00 -5.447000e+02 1610 0
-1.222300e-01 4.321800e-01 -1.811700e-01 0 15 65 1.129600e+01 3.440000e+00 1.783600e+02 1.226300e+03 0
3.536000e-01 3.215900e-01 -1.732000e-01 0 28 65 1.312400e+01 3.440000e+00 1186 1.670700e+03 0
6.799100e-01 6.395800e-01 -1.961400e-01 0 29 65 1.469500e+01 3.440000e+00 1.290200e+03 9.563500e+02 0
6.725500e-01 7.364900e-01 -2.031300e-01 0 30 65 1.561400e+01 3.440000e+00 1.192400e+03 8.727500e+02 0
6.711800e-01 8.044600e-01 -2.080300e-01 0 31 65 1.575900e+01 3.440000e+00 1.143300e+03 8.278900e+02 0
6.766400e-01 8.321500e-01 -2.100300e-01 0 32 65 1.523800e+01 3.440000e+00 1.131200e+03 8.121200e+02 0
6.810000e-01 8.712300e-01 -2.128500e-01 0 33 65 1.382500e+01 3.440000e+00 1.112800e+03 7.917100e+02 0
7.606700e-01 6.901900e-01 -1.997900e-01 0 35 65 1.058900e+01 3.440000e+00 1.328900e+03 9.119800e+02 0
-8.403400e-01 8.715200e-01 -2.128700e-01 0 36 65 1.182100e+01 3.440000e+00 -8.562300e+01 7.641100e+02 0
-8.545300e-01 8.830700e-01 -2.137000e-01 0 37 65 1.220000e+01 3.440000e+00 -8.521000e+01 7.589400e+02 0
-8.782700e-01 8.764000e-01 -2.132200e-01 0 38 65 1.173900e+01 3.440000e+00 -1.088700e+02 7.613800e+02 0
-9.538400e-01 8.157300e-01 -2.088400e-01 0 39 65 1.042700e+01 3.440000e+00 -2.313500e+02 7.879000e+02 0
0 0 -1.500000e-01 3.204100e-02 1 66 1.535100e+01 3.440000e+00 2167 -3.612800e+03 0
-7.093800e-02 1.125600e-01 -1.581200e-01 3.204100e-02 5 66 1.421100e+01 3.440000e+00 -3.073200e+03 7.671100e+03 0
-1.585200e-01 1.859900e-01 -1.634200e-01 3.204100e-02 8 66 1.338400e+01 3.440000e+00 -1.095600e+03 2.939500e+03 0
-2.008100e-01 1.918700e-01 -1.638400e-01 3.204100e-02 9 66 1.272400e+01 3.440000e+00 -1.206700e+03 2.790200e+03 0
-2.504700e-01 1.822200e-01 -1.631400e-01 3.204100e-02 10 66 1.261900e+01 3.440000e+00 -1.607800e+03 2.952700e+03 0
-2.592000e-01 2.257500e-01 -1.662800e-01 3.204100e-02 11 66 1.213000e+01 3.440000e+00 -1.013800e+03 2257 0
-2.851200e-01 2.326700e-01 -1.667800e-01 3.204100e-02 12 66 1.169100e+01 3.440000e+00 -1.032700e+03 2.170900e+03 0
-3.012100e-01 2.858500e-01 -1.706200e-01 3.204100e-02 13 66 1.102200e+01 3.440000e+00 -6.608500e+02 1.743500e+03 0
-3.050300e-01 3.120000e-01 -1.725100e-01 3.204100e-02 14 66 1.047300e+01 3.440000e+00 -5.272300e+02 1.601900e+03 0
-1.260500e-01 3.667200e-01 -1.764500e-01 3.204100e-02 15 66 1.026100e+01 3.440000e+00 5.671000e+01 1.406800e+03 0
3.462300e-01 3.551600e-01 -1.756200e-01 3.204100e-02 28 66 1.202300e+01 3.440000e+00 1.106900e+03 1512 0
6.722700e-01 6.443700e-01 -1.964800e-01 3.204100e-02 29 66 1.368900e+01 3.440000e+00 1.275800e+03 9.512500e+02 0
6.725500e-01 7.351500e-01 -2.030300e-01 3.204100e-02 30 66 1.460200e+01 3.440000e+00 1.193400e+03 8.737300e+02 0
6.711800e-01 8.044700e-01 -2.080300e-01 3.204100e-02 31 66 1.475000e+01 3.440000e+00 1.143300e+03 8.278800e+02 0
6.766400e-01 8.336300e-01 -2.101300e-01 3.204100e-02 32 66 1.426200e+01 3.440000e+00 1.130300e+03 8.113000e+02 0
6.722700e-01 8.777100e-01 -2.133100e-01 3.204100e-02 33 66 1.295500e+01 3.440000e+00 1102 7.883400e+02 0
6.302600e-01 9.645600e-01 -2.195800e-01 3.204100e-02 34 66 1.049200e+01 3.440000e+00 1.029900e+03 7.494200e+02 0
-8.403400e-01 8.609200e-01 -2.121000e-01 3.204100e-02 36 66 1.083100e+01 3.440000e+00 -9.575700e+01 7.687700e+02 0
-8.643500e-01 8.585100e-01 -2.119300e-01 3.204100e-02 37 66 1.109300e+01 3.440000e+00 -1.161000e+02 7.694300e+02 0
-9.085500e-01 8.126400e-01 -2.086200e-01 3.204100e-02 38 66 1.053500e+01 3.440000e+00 -1.994300e+02 7.903000e+02 0
0 0 -1.500000e-01 6.408200e-02 1 67 1.079200e+01 3.440000e+00 2167 -3.612800e+03 0
2.182700e-03 3.475800e-02 -1.525100e-01 6.408200e-02 2 67 1.024300e+01 3.440000e+00 3.430700e+03 -7.156700e+03 0
6.883700e-01 7.147200e-01 -2.015600e-01 6.408200e-02 30 67 9.959200e+00 3.440000e+00 1.226700e+03 8.896600e+02 0
6.875500e-01 7.903500e-01 -2.070100e-01 6.408200e-02 31 67 9.969300e+00 3.440000e+00 1.167800e+03 8.368600e+02 0
7.383000e-01 4.220100e+00 -4.544100e-01 -1.089400e+00 124 31 1.011100e+01 3.440000e+00 7.815600e+02 4.783800e+02 1
6.766400e-01 4.266600e+00 -4.577600e-01 -1.089400e+00 125 31 1.167000e+01 3.440000e+00 7.711300e+02 4.775100e+02 1
6.821000e-01 4.307300e+00 -4.607000e-01 -1.089400e+00 126 31 1.244100e+01 3.440000e+00 7.712100e+02 4.768200e+02 1
6.875500e-01 4.342300e+00 -4.632300e-01 -1.089400e+00 127 31 1.271200e+01 3.440000e+00 7.714000e+02 4.762400e+02 1
7.276600e-01 4.370500e+00 -4.652600e-01 -1.089400e+00 128 31 1.257400e+01 3.440000e+00 7.768800e+02 4.758200e+02 1
8.032400e-01 4.392400e+00 -4.668400e-01 -1.089400e+00 129 31 1.191800e+01 3.440000e+00 7.877200e+02 4.755400e+02 1
8.799000e-01 4.416500e+00 -4.685800e-01 -1.089400e+00 130 31 1.044300e+01 3.440000e+00 7.985600e+02 4.752200e+02 1
-5.194800e-01 8.292600e+00 -7.481800e-01 -1.089400e+00 239 31 1.045500e+01 3.440000e+00 6.406500e+02 4.418500e+02 1
-5.868800e-01 8.320200e+00 -7.501700e-01 -1.089400e+00 240 31 1.162800e+01 3.440000e+00 6.356600e+02 4.417000e+02 1
-6.548100e-01 8.349000e+00 -7.522500e-01 -1.089400e+00 241 31 1.176100e+01 3.440000e+00 6.306700e+02 4.415500e+02 1
-7.232900e-01 8.376000e+00 -7.541900e-01 -1.089400e+00 242 31 1.077100e+01 3.440000e+00 6.256600e+02 4.414100e+02 1
1.477400e+00 1.251800e+01 -1.053000e+00 -1.089400e+00 362 31 1.061400e+01 3.440000e+00 7.610800e+02 4.300900e+02 1
1.679000e+00 1.252200e+01 -1.053300e+00 -1.089400e+00 363 31 1.063600e+01 3.440000e+00 7.714400e+02 4.301300e+02 1
6.376200e-01 4.242400e+00 -4.560200e-01 -1.057400e+00 124 32 1.115100e+01 3.440000e+00 7.655700e+02 4.778900e+02 1
6.089800e-01 4.283200e+00 -4.589600e-01 -1.057400e+00 125 32 1.270400e+01 3.440000e+00 7.605000e+02 4.771500e+02 1
6.138900e-01 4.319400e+00 -4.615800e-01 -1.057400e+00 126 32 1.348200e+01 3.440000e+00 7.606800e+02 4.765500e+02 1
6.531700e-01 4.348700e+00 -4.636900e-01 -1.057400e+00 127 32 1.393200e+01 3.440000e+00 7.661100e+02 4.761000e+02 1
6.930100e-01 4.376000e+00 -4.656600e-01 -1.057400e+00 128 32 1.398700e+01 3.440000e+00 7.716000e+02 4.756900e+02 1
7.333900e-01 4.401000e+00 -4.674600e-01 -1.057400e+00 129 32 1.336700e+01 3.440000e+00 7.771500e+02 4.753300e+02 1
7.743100e-01 4.421600e+00 -4.689500e-01 -1.057400e+00 130 32 1.194600e+01 3.440000e+00 7.828000e+02 4.750400e+02 1
-5.844200e-01 8.288500e+00 -7.478800e-01 -1.057400e+00 239 32 1.106800e+01 3.440000e+00 6.356200e+02 4.418400e+02 1
-6.520800e-01 8.318600e+00 -7.500500e-01 -1.057400e+00 240 32 1.235000e+01 3.440000e+00 6.306400e+02 4.416800e+02 1
-6.548100e-01 8.353300e+00 -7.525500e-01 -1.057400e+00 241 32 1.251600e+01 3.440000e+00 6.307000e+02 4.415300e+02 1
-6.575400e-01 8.388100e+00 -7.550700e-01 -1.057400e+00 242 32 1.157300e+01 3.440000e+00 6.307600e+02 4.413800e+02 1
-8.654400e-01 8.476000e+00 -7.614100e-01 -1.057400e+00 245 32 1.038300e+01 3.440000e+00 6.157800e+02 4.409300e+02 1
-9.358400e-01 8.497500e+00 -7.629600e-01 -1.057400e+00 246 32 1.071500e+01 3.440000e+00 6.107000e+02 4.408200e+02 1
-2.237300e+00 1.122400e+01 -9.596500e-01 -1.057400e+00 329 32 1.044100e+01 3.440000e+00 5.575000e+02 4.319600e+02 1
-2.438400e+00 1.124500e+01 -9.611200e-01 -1.057400e+00 332 32 1.023600e+01 3.440000e+00 5.464600e+02 4.318600e+02 1
-2.355100e+00 1.134500e+01 -9.683800e-01 -1.057400e+00 333 32 1.137700e+01 3.440000e+00 5.523900e+02 4.316500e+02 1
-2.362200e+00 1.138200e+01 -9.710100e-01 -1.057400e+00 334 32 1.179800e+01 3.440000e+00 5.524500e+02 4.315700e+02 1
-2.369300e+00 1.140500e+01 -9.726600e-01 -1.057400e+00 335 32 1.137300e+01 3.440000e+00 5.523400e+02 4.315200e+02 1
1.477400e+00 1.245900e+01 -1.048700e+00 -1.057400e+00 362 32 1.068100e+01 3.440000e+00 7.613900e+02 4.302000e+02 1
1.679000e+00 1.252200e+01 -1.053300e+00 -1.057400e+00 363 32 1.078200e+01 3.440000e+00 7.714400e+02 4.301300e+02 1
5.705000e-01 4.253100e+00 -4.567900e-01 -1.025300e+00 124 33 1.057800e+01 3.440000e+00 7.550800e+02 4.776300e+02 1
5.751400e-01 4.286000e+00 -4.591700e-01 -1.025300e+00 125 33 1.187400e+01 3.440000e+00 7.553100e+02 4.770700e+02 1
6.138900e-01 4.319800e+00 -4.616000e-01 -1.025300e+00 126 33 1.259200e+01 3.440000e+00 7.606700e+02 4.765400e+02 1
6.875500e-01 4.344500e+00 -4.633900e-01 -1.025300e+00 127 33 1.325400e+01 3.440000e+00 7.713600e+02 4.762000e+02 1
7.276600e-01 4.371600e+00 -4.653400e-01 -1.025300e+00 128 33 1.343900e+01 3.440000e+00 7.768600e+02 4.758000e+02 1
7.333900e-01 4.400900e+00 -4.674600e-01 -1.025300e+00 129 33 1.287500e+01 3.440000e+00 7.771500e+02 4.753300e+02 1
7.391200e-01 4.421000e+00 -4.689100e-01 -1.025300e+00 130 33 1.157500e+01 3.440000e+00 7.776100e+02 4.750100e+02 1
-4.545500e-01 8.299300e+00 -7.486600e-01 -1.025300e+00 239 33 1.020600e+01 3.440000e+00 6.457000e+02 4.418400e+02 1
-6.520800e-01 8.319300e+00 -7.501000e-01 -1.025300e+00 240 33 1.117300e+01 3.440000e+00 6.306500e+02 4.416800e+02 1
-5.893300e-01 8.358400e+00 -7.529300e-01 -1.025300e+00 241 33 1.135200e+01 3.440000e+00 6.357400e+02 4.415400e+02 1
-3.945200e-01 8.395600e+00 -7.556100e-01 -1.025300e+00 242 33 1.062000e+01 3.440000e+00 6.508300e+02 4.414500e+02 1
3.085300e+00 8.424800e+00 -7.577100e-01 -1.025300e+00 258 33 1.091200e+01 3.440000e+00 9.188400e+02 4.426600e+02 1
3.238000e+00 8.405700e+00 -7.563400e-01 -1.025300e+00 259 33 1.083100e+01 3.440000e+00 9.313200e+02 4.428000e+02 1
3.179900e+00 8.444800e+00 -7.591600e-01 -1.025300e+00 260 33 1.061400e+01 3.440000e+00 9.256700e+02 4.426100e+02 1
3.263100e+00 8.450400e+00 -7.595600e-01 -1.025300e+00 261 33 1.079600e+01 3.440000e+00 9.319900e+02 4.426100e+02 1
3.346900e+00 8.465700e+00 -7.606600e-01 -1.025300e+00 262 33 1.102800e+01 3.440000e+00 9.380700e+02 4.425800e+02 1
3.288200e+00 8.534300e+00 -7.656100e-01 -1.025300e+00 263 33 1.065400e+01 3.440000e+00 9.315400e+02 4.422500e+02 1
-2.438400e+00 1.117600e+01 1.668500e+00 -1.025300e+00 332 33 1.032900e+01 3.440000e+00 5.448900e+02 2.893700e+02 0
-2.355100e+00 1.134900e+01 -9.686100e-01 -1.025300e+00 333 33 1.145300e+01 3.440000e+00 5.524300e+02 4.316500e+02 1
-2.271400e+00 1.140500e+01 -9.726800e-01 -1.025300e+00 334 33 1.191300e+01 3.440000e+00 5.577700e+02 4.315400e+02 1
-2.278200e+00 1.143700e+01 -9.749700e-01 -1.025300e+00 335 33 1.148700e+01 3.440000e+00 5.577700e+02 4.314700e+02 1
-3.743300e-01 1.622400e+00 -2.670300e-01 -9.932700e-01 50 34 1.020600e+01 3.440000e+00 4.715800e+02 5.959500e+02 1
-3.683300e-01 1.651200e+00 -2.691100e-01 -9.932700e-01 51 34 1.046600e+01 3.440000e+00 478 5.925300e+02 1
-3.896100e-01 1.654700e+00 -2.693600e-01 -9.932700e-01 52 34 1.009200e+01 3.440000e+00 4.700600e+02 5.920200e+02 1
8.250600e-01 4.322300e+00 -4.617800e-01 -9.932700e-01 127 34 1.052300e+01 3.440000e+00 7.925800e+02 4.767200e+02 1
7.623100e-01 4.369000e+00 -4.651600e-01 -9.932700e-01 128 34 1.029500e+01 3.440000e+00 7.821000e+02 4.758800e+02 1
3.130800e+00 8.336800e+00 -7.513700e-01 -9.932700e-01 256 34 1.007900e+01 3.440000e+00 9.248600e+02 4.430700e+02 1
3.143100e+00 8.369300e+00 -7.537100e-01 -9.932700e-01 257 34 1.169200e+01 3.440000e+00 9.249100e+02 4.429300e+02 1
3.225500e+00 8.374900e+00 -7.541100e-01 -9.932700e-01 258 34 1.219600e+01 3.440000e+00 9.312300e+02 4.429400e+02 1
3.238000e+00 8.406200e+00 -7.563700e-01 -9.932700e-01 259 34 1.185900e+01 3.440000e+00 9.313100e+02 4.428000e+02 1
3.109300e+00 8.484400e+00 -7.620100e-01 -9.932700e-01 260 34 1.100200e+01 3.440000e+00 9.190800e+02 4.424000e+02 1
3.050300e+00 8.536000e+00 -7.657400e-01 -9.932700e-01 261 34 1.063000e+01 3.440000e+00 9.131600e+02 4.421600e+02 1
3.204500e+00 8.519200e+00 -7.645200e-01 -9.932700e-01 262 34 1.110200e+01 3.440000e+00 9.255000e+02 4.422900e+02 1
3.145300e+00 8.592300e+00 -7.698000e-01 -9.932700e-01 263 34 1.074900e+01 3.440000e+00 9.189500e+02 4.419500e+02 1
-3.928900e-01 1.338300e+00 -2.465400e-01 -9.612300e-01 46 35 1.066000e+01 3.440000e+00 4.129900e+02 6.381000e+02 0
-4.141700e-01 1.421400e+00 -2.525300e-01 -9.612300e-01 47 35 1.179400e+01 3.440000e+00 4.203400e+02 6.237700e+02 1
-4.360000e-01 1.457300e+00 -2.551200e-01 -9.612300e-01 48 35 1.217000e+01 3.440000e+00 4.175700e+02 6.180400e+02 0
-4.452700e-01 1.461000e+00 -2.553900e-01 -9.612300e-01 49 35 1.185300e+01 3.440000e+00 4.141500e+02 6.174100e+02 0
-3.476000e-01 1.589400e+00 -2.646500e-01 -9.612300e-01 50 35 1.190400e+01 3.440000e+00 4.777900e+02 6.002000e+02 1
-3.274100e-01 1.649800e+00 -2.690000e-01 -9.612300e-01 51 35 1.229300e+01 3.440000e+00 4.940200e+02 5.929200e+02 1
-3.478700e-01 1.683100e+00 -2.714100e-01 -9.612300e-01 52 35 1.209700e+01 3.440000e+00 4.901900e+02 5.889600e+02 1
-3.546900e-01 1.719000e+00 -2.740000e-01 -9.612300e-01 53 35 1.147500e+01 3.440000e+00 4.920100e+02 5.849600e+02 1
-3.759700e-01 1.760600e+00 -2.770000e-01 -9.612300e-01 54 35 1.048500e+01 3.440000e+00 4.890700e+02 5.804800e+02 1
3.143100e+00 8.351000e+00 -7.523900e-01 -9.612300e-01 257 35 1.119000e+01 3.440000e+00 9.254200e+02 4.430100e+02 1
3.155400e+00 8.389800e+00 -7.551900e-01 -9.612300e-01 258 35 1.165800e+01 3.440000e+00 9.252900e+02 4.428400e+02 1
3.167700e+00 8.427400e+00 -7.579000e-01 -9.612300e-01 259 35 1.121500e+01 3.440000e+00 9.252000e+02 4.426800e+02 1
-4.051600e-01 1.362100e+00 -2.482500e-01 -9.291900e-01 46 36 1.241200e+01 3.440000e+00 4.122100e+02 6.337600e+02 0
-4.141700e-01 1.410400e+00 -2.517400e-01 -9.291900e-01 47 36 1.375500e+01 3.440000e+00 4.181100e+02 6.255400e+02 0
-4.231700e-01 1.451700e+00 -2.547200e-01 -9.291900e-01 48 36 1.416600e+01 3.440000e+00 4.222400e+02 6.189700e+02 1
-4.452700e-01 1.479600e+00 -2.567300e-01 -9.291900e-01 49 36 1.374400e+01 3.440000e+00 4.178300e+02 6.146400e+02 0
-4.144400e-01 1.533300e+00 -2.606000e-01 -9.291900e-01 50 36 1.253100e+01 3.440000e+00 4.410100e+02 6.072200e+02 1
-2.455500e-01 1.695900e+00 -2.723300e-01 -9.291900e-01 51 36 1.181500e+01 3.440000e+00 5.312900e+02 5.880300e+02 1
-2.226400e-01 1.743600e+00 -2.757700e-01 -9.291900e-01 52 36 1.151200e+01 3.440000e+00 5.445400e+02 5.829600e+02 1
-2.270000e-01 1.788700e+00 -2.790300e-01 -9.291900e-01 53 36 1.099900e+01 3.440000e+00 5.468600e+02 5.783000e+02 1
1.577000e+00 2.512600e+00 -3.312500e-01 -9.291900e-01 86 36 1.050400e+01 3.440000e+00 1.068900e+03 5.318400e+02 0
1.548600e+00 2.562500e+00 -3.348400e-01 -9.291900e-01 87 36 1.083200e+01 3.440000e+00 1.053700e+03 5.291900e+02 0
1.566600e+00 2.587200e+00 -3.366300e-01 -9.291900e-01 88 36 1.061300e+01 3.440000e+00 1.054800e+03 5.279900e+02 0
1.608700e+00 2.611900e+00 -3.384100e-01 -9.291900e-01 89 36 9.921400e+00 3.440000e+00 1.062200e+03 5.268800e+02 0
-4.321800e-01 1.363400e+00 -2.483500e-01 -8.971500e-01 45 37 1.002200e+01 3.440000e+00 3.995000e+02 6.333400e+02 0
-4.051600e-01 1.363700e+00 -2.483700e-01 -8.971500e-01 46 37 1.233800e+01 3.440000e+00 4.125500e+02 6.334900e+02 0
-4.141700e-01 1.406600e+00 -2.514700e-01 -8.971500e-01 47 37 1.367100e+01 3.440000e+00 4.173400e+02 6.261600e+02 0
-4.231700e-01 1.449800e+00 -2.545800e-01 -8.971500e-01 48 37 1.405700e+01 3.440000e+00 4.218700e+02 6.192500e+02 1
-4.452700e-01 1.487400e+00 -2.572900e-01 -8.971500e-01 49 37 1.355500e+01 3.440000e+00 4.193300e+02 6.135000e+02 1
-4.278100e-01 1.549700e+00 -2.617900e-01 -8.971500e-01 50 37 1.184400e+01 3.440000e+00 4.381700e+02 6.049200e+02 1
-5.565900e-01 1.571300e+00 -2.633500e-01 -8.971500e-01 52 37 1.078600e+01 3.440000e+00 3.885000e+02 6.013500e+02 0
-5.675000e-01 1.617500e+00 -2.666800e-01 -8.971500e-01 53 37 1.048400e+01 3.440000e+00 3.931500e+02 5.955100e+02 0
1.623400e+00 2.443800e+00 -3.262800e-01 -8.971500e-01 86 37 1.070100e+01 3.440000e+00 1.093100e+03 5.357100e+02 0
1.642500e+00 2.472500e+00 -3.283500e-01 -8.971500e-01 87 37 1.102200e+01 3.440000e+00 1.093500e+03 5.341700e+02 0
1.661600e+00 2.497200e+00 -3.301400e-01 -8.971500e-01 88 37 1.068300e+01 3.440000e+00 1.094500e+03 5.328800e+02 0
-4.174400e-01 1.402400e+00 -2.511600e-01 -8.651100e-01 46 38 1.039200e+01 3.440000e+00 4.149400e+02 6.268300e+02 0
-4.141700e-01 1.418800e+00 -2.523400e-01 -8.651100e-01 47 38 1.152000e+01 3.440000e+00 4.198100e+02 6.241900e+02 1
-4.231700e-01 1.455900e+00 -2.550200e-01 -8.651100e-01 48 38 1.179800e+01 3.440000e+00 4.230600e+02 6.183300e+02 1
-4.190800e-01 1.512200e+00 -2.590800e-01 -8.651100e-01 49 38 1.129300e+01 3.440000e+00 4.353200e+02 6.101200e+02 1
-3.743300e-01 1.541200e+00 -2.611700e-01 -8.651100e-01 50 38 1.029600e+01 3.440000e+00 4.593800e+02 6.063800e+02 1
1.666000e+00 2.445200e+00 -3.263800e-01 -8.651100e-01 87 38 1.015700e+01 3.440000e+00 1.104800e+03 5.357400e+02 0
1.685300e+00 2.487700e+00 -3.294500e-01 -8.651100e-01 88 38 1.008100e+01 3.440000e+00 1.102700e+03 5.334500e+02 0
-4.049500e+00 4.846300e+00 -4.995800e-01 -8.330700e-01 182 39 1.030500e+01 3.440000e+00 1.468300e+02 4.648400e+02 1
-3.071100e+00 3.507100e+00 -4.029800e-01 -8.010300e-01 135 40 1.072800e+01 3.440000e+00 1.105600e+02 4.882700e+02 1
-3.057200e+00 3.584400e+00 -4.085600e-01 -8.010300e-01 136 40 1.077300e+01 3.440000e+00 1.254400e+02 4.865200e+02 1
-4.056600e+00 4.519400e+00 -4.760000e-01 -8.010300e-01 178 40 1.058800e+01 3.440000e+00 1.068200e+02 4.690400e+02 1
-4.030900e+00 4.673200e+00 -4.871000e-01 -8.010300e-01 179 40 1.172400e+01 3.440000e+00 1.292400e+02 4.670100e+02 1
-4.151200e+00 4.615300e+00 -4.829200e-01 -8.010300e-01 180 40 1.159400e+01 3.440000e+00 1.063900e+02 4.676600e+02 1
-4.125300e+00 4.712000e+00 -4.898900e-01 -8.010300e-01 181 40 1.112900e+01 3.440000e+00 1.216300e+02 4.664300e+02 1
-4.000100e+00 4.890000e+00 -5.027300e-01 -8.010300e-01 182 40 1.177300e+01 3.440000e+00 1.578200e+02 4.643600e+02 1
-4.171200e+00 4.790100e+00 -4.955300e-01 -8.010300e-01 183 40 1.102000e+01 3.440000e+00 1.250100e+02 4.654200e+02 1
-3.084400e+00 3.387100e+00 -3.943300e-01 -7.689800e-01 134 41 1.120700e+01 3.440000e+00 8.766300e+01 4.911400e+02 0
-3.071100e+00 3.486500e+00 -4.014900e-01 -7.689800e-01 135 41 1.204900e+01 3.440000e+00 1.071500e+02 4.887500e+02 1
-3.094000e+00 3.531700e+00 -4.047600e-01 -7.689800e-01 136 41 1.207100e+01 3.440000e+00 1.106300e+02 4.876700e+02 1
-3.191100e+00 3.515400e+00 -4.035800e-01 -7.689800e-01 137 41 1.109200e+01 3.440000e+00 9.106200e+01 4.879200e+02 1
-4.201400e+00 4.333900e+00 -4.626200e-01 -7.689800e-01 178 41 1.037200e+01 3.440000e+00 6.177100e+01 4.715700e+02 0
-4.079500e+00 4.654200e+00 -4.857300e-01 -7.689800e-01 179 41 1.161000e+01 3.440000e+00 1.206100e+02 4.672100e+02 1
-4.151200e+00 4.653200e+00 -4.856600e-01 -7.689800e-01 180 41 1.170600e+01 3.440000e+00 1.111100e+02 4.671700e+02 1
-4.125300e+00 4.711300e+00 -4.898400e-01 -7.689800e-01 181 41 1.097400e+01 3.440000e+00 1.215400e+02 4.664400e+02 1
-4.049500e+00 4.852500e+00 -5.000300e-01 -7.689800e-01 182 41 1.118800e+01 3.440000e+00 1.475200e+02 4.647600e+02 1
-4.121500e+00 4.838600e+00 -4.990300e-01 -7.689800e-01 183 41 1.030100e+01 3.440000e+00 1.368900e+02 4.648700e+02 1
-3.084400e+00 3.397800e+00 -3.951000e-01 -7.369400e-01 134 42 1.043300e+01 3.440000e+00 8.955700e+01 4.908800e+02 0
-3.107600e+00 3.436800e+00 -3.979100e-01 -7.369400e-01 135 42 1.137300e+01 3.440000e+00 9.222700e+01 4.898900e+02 1
-3.167700e+00 3.446200e+00 -3.985900e-01 -7.369400e-01 136 42 1.151900e+01 3.440000e+00 8.322400e+01 4.895800e+02 0
-3.302400e+00 3.387300e+00 -3.943400e-01 -7.369400e-01 137 42 1.057700e+01 3.440000e+00 4.848600e+01 4.908300e+02 0
6.725500e-01 7.476300e-01 -2.039300e-01 -6.408200e-02 30 63 9.804300e+00 3.440000e+00 1.183800e+03 8.647600e+02 0
6.793700e-01 7.833500e-01 -2.065100e-01 -6.408200e-02 31 63 1.005800e+01 3.440000e+00 1.164800e+03 8.410600e+02 0
6.935500e-01 7.183800e-01 -2.018200e-01 -6.408200e-02 32 63 9.732200e+00 3.440000e+00 1229 8.869600e+02 0
0 0 -1.500000e-01 -3.204100e-02 1 64 1.540900e+01 3.440000e+00 2167 -3.612800e+03 0
-7.093800e-02 1.112100e-01 -1.580200e-01 -3.204100e-02 5 64 1.419800e+01 3.440000e+00 -3.202300e+03 7920 0
-1.585200e-01 1.860700e-01 -1.634200e-01 -3.204100e-02 8 64 1.333300e+01 3.440000e+00 -1.094400e+03 2.937700e+03 0
-2.008100e-01 1.899800e-01 -1.637000e-01 -3.204100e-02 9 64 1.265600e+01 3.440000e+00 -1.236100e+03 2.827100e+03 0
-2.504700e-01 1.805100e-01 -1.630200e-01 -3.204100e-02 10 64 1.265200e+01 3.440000e+00 -1.642200e+03 2.990700e+03 0
-2.619200e-01 2.200900e-01 -1.658800e-01 -3.204100e-02 11 64 1.215700e+01 3.440000e+00 -1.086400e+03 2.323500e+03 0
-2.881200e-01 2.258300e-01 -1.662900e-01 -3.204100e-02 12 64 1.168900e+01 3.440000e+00 -1.116600e+03 2.244500e+03 0
-3.110400e-01 2.713100e-01 -1.695700e-01 -3.204100e-02 13 64 1.092500e+01 3.440000e+00 -7.836600e+02 1.834900e+03 0
-3.156700e-01 3.107100e-01 -1.724100e-01 -3.204100e-02 14 64 1.055400e+01 3.440000e+00 -5.591900e+02 1.606300e+03 0
3.609700e-01 3.203800e-01 -1.731100e-01 -3.204100e-02 28 64 1.212100e+01 3.440000e+00 1209 1.678600e+03 0
6.799100e-01 6.414300e-01 -1.962700e-01 -3.204100e-02 29 64 1.367700e+01 3.440000e+00 1.288200e+03 9.544900e+02 0
6.804600e-01 7.313300e-01 -2.027500e-01 -3.204100e-02 30 64 1.460000e+01 3.440000e+00 1.204600e+03 8.767700e+02 0
6.793700e-01 7.974300e-01 -2.075200e-01 -3.204100e-02 31 64 1.474300e+01 3.440000e+00 1.155400e+03 8.323100e+02 0
6.766400e-01 8.301700e-01 -2.098800e-01 -3.204100e-02 32 64 1.420700e+01 3.440000e+00 1.132400e+03 8.132200e+02 0
6.722700e-01 8.749200e-01 -2.131100e-01 -3.204100e-02 33 64 1.275200e+01 3.440000e+00 1.103500e+03 7.897100e+02 0
-9.814000e-01 4.108600e-01 -1.796400e-01 -3.204100e-02 34 64 1.021300e+01 3.440000e+00 -1.289800e+03 1.205100e+03 0
-8.212400e-01 8.921600e-01 -2.143500e-01 -3.204100e-02 36 64 1.079500e+01 3.440000e+00 -5.281600e+01 7.556900e+02 0
-8.447100e-01 8.998500e-01 -2.149100e-01 -3.204100e-02 37 64 1.122800e+01 3.440000e+00 -6.287900e+01 7.521600e+02 0
-8.782700e-01 8.903700e-01 -2.142300e-01 -3.204100e-02 38 64 1.076700e+01 3.440000e+00 -9.560300e+01 7.555000e+02 0
