0 0 -1.500000e-01 0 1 65 1.640600e+01 3.190000e+00 2167 -3.612800e+03 0
-7.093800e-02 1.120100e-01 -1.574900e-01 0 5 65 1.522000e+01 3.190000e+00 -3123 7.757900e+03 0
-1.585200e-01 1.860300e-01 -1.624400e-01 0 8 65 1.438100e+01 3.190000e+00 -1.094400e+03 2.932500e+03 0
-2.008100e-01 1.917100e-01 -1.628200e-01 0 9 65 1.372000e+01 3.190000e+00 -1.208600e+03 2.787500e+03 0
-2.480100e-01 1.866100e-01 -1.624800e-01 0 10 65 1.366500e+01 3.190000e+00 -1.512200e+03 2.856200e+03 0
-2.619200e-01 2.220800e-01 -1.648500e-01 0 11 65 1.313500e+01 3.190000e+00 -1.063300e+03 2294 0
-2.881200e-01 2.296200e-01 -1.653600e-01 0 12 65 1.271900e+01 3.190000e+00 -1.074600e+03 2.197400e+03 0
-3.077600e-01 2.781500e-01 -1.686000e-01 0 13 65 1.200500e+01 3.190000e+00 -7.271800e+02 1.785500e+03 0
-3.085800e-01 3.103100e-01 -1.707500e-01 0 14 65 1.158300e+01 3.190000e+00 -5.438700e+02 1.605100e+03 0
-1.184100e-01 4.240000e-01 -1.783600e-01 0 15 65 1.145100e+01 3.190000e+00 1.732000e+02 1.241500e+03 0
-3.601500e-01 3.705900e-01 -1.747900e-01 0 16 65 1.125600e+01 3.190000e+00 -4.014600e+02 1.363200e+03 0
3.536000e-01 3.456200e-01 -1.731200e-01 0 28 65 1.317000e+01 3.190000e+00 1.140300e+03 1.549100e+03 0
6.799100e-01 6.363700e-01 -1.925600e-01 0 29 65 1.469700e+01 3.190000e+00 1.293500e+03 9.556800e+02 0
6.725500e-01 7.362400e-01 -1.992400e-01 0 30 65 1.561900e+01 3.190000e+00 1.192400e+03 8.691100e+02 0
6.711800e-01 8.044500e-01 -2.038000e-01 0 31 65 1.577900e+01 3.190000e+00 1.143100e+03 8.241300e+02 0
6.766400e-01 8.315600e-01 -2.056200e-01 0 32 65 1.526200e+01 3.190000e+00 1.131400e+03 8.087000e+02 0
6.810000e-01 8.691900e-01 -2.081300e-01 0 33 65 1.381000e+01 3.190000e+00 1.113700e+03 789 0
-9.814000e-01 5.536500e-01 -1.870300e-01 0 34 65 1.098800e+01 3.190000e+00 -7.368000e+02 9.788500e+02 0
6.957400e-01 8.869300e-01 -2.093200e-01 0 35 65 1.092100e+01 3.190000e+00 1.116400e+03 7.806000e+02 0
-8.021400e-01 9.173000e-01 -2.113500e-01 0 36 65 1.176900e+01 3.190000e+00 -1.769900e+01 7.424000e+02 0
-8.348900e-01 9.047400e-01 -2.105100e-01 0 37 65 1.226900e+01 3.190000e+00 -5.146000e+01 7.468700e+02 0
-8.782700e-01 8.686000e-01 -2.080900e-01 0 38 65 1.192200e+01 3.190000e+00 -1.163300e+02 7.612600e+02 0
-9.227400e-01 8.152300e-01 -2.045200e-01 0 39 65 1.065000e+01 3.190000e+00 -2.074100e+02 7.852500e+02 0
0 0 -1.500000e-01 3.204100e-02 1 66 1.534900e+01 3.190000e+00 2167 -3.612800e+03 0
-7.093800e-02 1.124700e-01 -1.575200e-01 3.204100e-02 5 66 1.420800e+01 3.190000e+00 -3.079700e+03 7.674500e+03 0
-1.585200e-01 1.859200e-01 -1.624300e-01 3.204100e-02 8 66 1.336700e+01 3.190000e+00 -1.096100e+03 2.934900e+03 0
-2.008100e-01 1.925200e-01 -1.628800e-01 3.204100e-02 9 66 1.271300e+01 3.190000e+00 -1.196200e+03 2.772100e+03 0
-2.504700e-01 1.841100e-01 -1.623100e-01 3.204100e-02 10 66 1.262800e+01 3.190000e+00 -1.570400e+03 2.906200e+03 0
-2.619200e-01 2.246200e-01 -1.650200e-01 3.204100e-02 11 66 1.210300e+01 3.190000e+00 -1.035200e+03 2.263800e+03 0
-2.881200e-01 2.324900e-01 -1.655500e-01 3.204100e-02 12 66 1.166900e+01 3.190000e+00 -1.044400e+03 2.166700e+03 0
-3.110400e-01 2.747000e-01 -1.683700e-01 3.204100e-02 13 66 1.101300e+01 3.190000e+00 -7.595600e+02 1.807400e+03 0
-3.050300e-01 3.067600e-01 -1.705200e-01 3.204100e-02 14 66 1.065400e+01 3.190000e+00 -5.532700e+02 1.623300e+03 0
-1.145900e-01 4.337200e-01 -1.790100e-01 3.204100e-02 15 66 1.037400e+01 3.190000e+00 1.936200e+02 1.219400e+03 0
3.536000e-01 3.765300e-01 -1.751800e-01 3.204100e-02 28 66 1.225300e+01 3.190000e+00 1.092800e+03 1.427200e+03 0
6.722700e-01 6.416900e-01 -1.929200e-01 3.204100e-02 29 66 1.374100e+01 3.190000e+00 1.278500e+03 950 0
6.725500e-01 7.347300e-01 -1.991400e-01 3.204100e-02 30 66 1.466400e+01 3.190000e+00 1.193600e+03 8.702100e+02 0
6.711800e-01 8.044800e-01 -2.038000e-01 3.204100e-02 31 66 1.481900e+01 3.190000e+00 1.143100e+03 8.241100e+02 0
6.766400e-01 8.332500e-01 -2.057300e-01 3.204100e-02 32 66 1.428200e+01 3.190000e+00 1.130400e+03 8.077700e+02 0
6.810000e-01 8.711000e-01 -2.082600e-01 3.204100e-02 33 66 1.278500e+01 3.190000e+00 1.112700e+03 7.880500e+02 0
7.142900e-01 8.751300e-01 -2.085300e-01 3.204100e-02 35 66 1.014100e+01 3.190000e+00 1.138400e+03 7.866900e+02 0
-8.116900e-01 9.126900e-01 -2.110400e-01 3.204100e-02 36 66 1.069500e+01 3.190000e+00 -2.824100e+01 7.440700e+02 0
-8.545300e-01 8.879300e-01 -2.093800e-01 3.204100e-02 37 66 1.120000e+01 3.190000e+00 -8.058200e+01 7.534300e+02 0
-8.782700e-01 8.562700e-01 -2.072700e-01 3.204100e-02 38 66 1.096200e+01 3.190000e+00 -1.286300e+02 7.667100e+02 0
-9.123700e-01 8.181300e-01 -2.047200e-01 3.204100e-02 39 66 1.006800e+01 3.190000e+00 -1.959300e+02 7.840100e+02 0
0 0 -1.500000e-01 6.408200e-02 1 67 1.055200e+01 3.190000e+00 2167 -3.612800e+03 0
-3.355900e-02 7.972600e-03 -1.505300e-01 6.408200e-02 2 67 1.016700e+01 3.190000e+00 2.702400e+03 -4.174700e+03 0
-1.119700e+00 3.576800e+00 -3.892200e-01 -9.291900e-01 109 36 1.005600e+01 3.190000e+00 4.619900e+02 4.859800e+02 1
-1.070600e+00 3.578100e+00 -3.893000e-01 -9.291900e-01 110 36 1.082100e+01 3.190000e+00 4.707900e+02 4.860200e+02 1
-1.080400e+00 3.618500e+00 -3.920100e-01 -9.291900e-01 111 36 1.099600e+01 3.190000e+00 4.715900e+02 4.850600e+02 1
-1.120500e+00 3.654700e+00 -3.944300e-01 -9.291900e-01 112 36 1.063300e+01 3.190000e+00 4.668400e+02 4.841900e+02 1
-1.161200e+00 3.648800e+00 -3.940300e-01 -9.291900e-01 113 36 1.034300e+01 3.190000e+00 4.594000e+02 4.842700e+02 1
7.595800e-01 1.819000e+00 -2.716500e-01 -8.971500e-01 59 37 1.021600e+01 3.190000e+00 9.116000e+02 5.762700e+02 0
-1.167700e+00 3.546600e+00 -3.872000e-01 -8.971500e-01 108 37 1.091100e+01 3.190000e+00 4.514000e+02 4.866300e+02 1
-1.149200e+00 3.573500e+00 -3.890000e-01 -8.971500e-01 109 37 1.221300e+01 3.190000e+00 4.565400e+02 4.860200e+02 1
-1.130100e+00 3.605900e+00 -3.911600e-01 -8.971500e-01 110 37 1.280600e+01 3.190000e+00 4.620500e+02 4.852900e+02 1
-1.170500e+00 3.638800e+00 -3.933700e-01 -8.971500e-01 111 37 1.294400e+01 3.190000e+00 4.571400e+02 4.844800e+02 1
-1.181100e+00 3.675600e+00 -3.958300e-01 -8.971500e-01 112 37 1.325100e+01 3.190000e+00 4.576900e+02 4.836400e+02 1
-1.191800e+00 3.701800e+00 -3.975800e-01 -8.971500e-01 113 37 1.290000e+01 3.190000e+00 4.575500e+02 4.830500e+02 1
-1.171600e+00 3.739000e+00 -4.000700e-01 -8.971500e-01 114 37 1.162700e+01 3.190000e+00 4.633500e+02 4.822700e+02 1
-1.119700e+00 3.791900e+00 -4.036000e-01 -8.971500e-01 115 37 1.038800e+01 3.190000e+00 4.752800e+02 4.812100e+02 1
8.370700e-01 1.424100e+00 -2.452500e-01 -8.651100e-01 53 38 1.001500e+01 3.190000e+00 1.014300e+03 6.285800e+02 0
-1.167700e+00 3.544200e+00 -3.870400e-01 -8.651100e-01 108 38 1.225800e+01 3.190000e+00 4.512400e+02 4.866900e+02 1
-1.208100e+00 3.563400e+00 -3.883200e-01 -8.651100e-01 109 38 1.337200e+01 3.190000e+00 4.453700e+02 4.861800e+02 1
-1.249100e+00 3.583600e+00 -3.896700e-01 -8.651100e-01 110 38 1.359400e+01 3.190000e+00 4.395500e+02 4.856500e+02 1
-1.290500e+00 3.611900e+00 -3.915700e-01 -8.651100e-01 111 38 1.364900e+01 3.190000e+00 4.343000e+02 4.849400e+02 1
-1.241700e+00 3.663700e+00 -3.950300e-01 -8.651100e-01 112 38 1.383900e+01 3.190000e+00 4.464300e+02 4.838300e+02 1
-1.222300e+00 3.701400e+00 -3.975500e-01 -8.651100e-01 113 38 1.325400e+01 3.190000e+00 4.523000e+02 4.830200e+02 1
-1.171600e+00 3.751800e+00 -4.009200e-01 -8.651100e-01 114 38 1.169400e+01 3.190000e+00 4.641500e+02 4.819900e+02 1
-1.150800e+00 3.791500e+00 -4.035700e-01 -8.651100e-01 115 38 1.042200e+01 3.190000e+00 4.700400e+02 4.811800e+02 1
8.086900e-01 1.468100e+00 -2.481900e-01 -8.330700e-01 53 39 1.027100e+01 3.190000e+00 9.905700e+02 6.211100e+02 0
8.387000e-01 1.536500e+00 -2.527600e-01 -8.330700e-01 54 39 1.007000e+01 3.190000e+00 9.899400e+02 6.108800e+02 0
-1.167700e+00 3.540900e+00 -3.868200e-01 -8.330700e-01 108 39 1.182800e+01 3.190000e+00 4.510100e+02 4.867700e+02 1
-1.237600e+00 3.555200e+00 -3.877700e-01 -8.330700e-01 109 39 1.283300e+01 3.190000e+00 4.395400e+02 4.863400e+02 1
-1.278800e+00 3.577800e+00 -3.892900e-01 -8.330700e-01 110 39 1.292600e+01 3.190000e+00 4.338700e+02 4.857500e+02 1
-1.320500e+00 3.602500e+00 -3.909400e-01 -8.330700e-01 111 39 1.280000e+01 3.190000e+00 4.283400e+02 4.851200e+02 1
-1.272000e+00 3.653800e+00 -3.943700e-01 -8.330700e-01 112 39 1.273600e+01 3.190000e+00 4.405100e+02 4.840100e+02 1
-1.283400e+00 3.682400e+00 -3.962800e-01 -8.330700e-01 113 39 1.189500e+01 3.190000e+00 4.405300e+02 4.833600e+02 1
-1.294900e+00 3.693600e+00 -3.970300e-01 -8.330700e-01 114 39 1.020400e+01 3.190000e+00 4.393400e+02 4.831000e+02 1
-1.296500e+00 3.521200e+00 -3.855000e-01 -8.010300e-01 109 40 9.945700e+00 3.190000e+00 4.264700e+02 4.870700e+02 1
-1.368000e+00 3.551100e+00 -3.875000e-01 -8.010300e-01 110 40 9.861400e+00 3.190000e+00 4.160100e+02 4.862600e+02 1
-1.572100e+00 2.537200e+00 -3.196900e-01 -7.689800e-01 87 41 9.967000e+00 3.190000e+00 2.531400e+02 5.195800e+02 0
-1.614100e+00 2.525500e+00 -3.189100e-01 -7.689800e-01 88 41 9.917200e+00 3.190000e+00 2.406700e+02 5.200300e+02 0
6.096300e+00 9.145000e+00 8.162000e+00 -7.369400e-01 393 42 1.052100e+01 3.190000e+00 1.092800e+03 -1.551600e+02 0
6.004600e+00 1.038800e+01 6.663400e+00 -7.369400e-01 394 42 1.041800e+01 3.190000e+00 1.043100e+03 -8.652000e+00 0
6.096300e+00 9.769900e+00 7.845400e+00 -7.369400e-01 400 42 1.085000e+01 3.190000e+00 1.068300e+03 -1.034000e+02 0
6.002400e+00 1.002600e+01 7.654800e+00 -7.369400e-01 401 42 1.106600e+01 3.190000e+00 1.053200e+03 -8.031200e+01 0
7.554900e+00 9.075600e+00 6.787000e+00 -7.049000e-01 391 43 1.060600e+01 3.190000e+00 1.204300e+03 -7.256800e+01 0
6.738000e+00 9.420600e+00 7.298400e+00 -7.049000e-01 393 43 1.083200e+01 3.190000e+00 1.127600e+03 -8.748000e+01 0
5.490600e+00 1.057800e+01 6.374000e+00 -6.728600e-01 388 44 1.030100e+01 3.190000e+00 1.006200e+03 1.475300e+01 0
6.916400e+00 8.387600e+00 8.204800e+00 -6.728600e-01 391 44 1.054600e+01 3.190000e+00 1.191500e+03 -2.061800e+02 0
6.614100e+00 7.891000e+00 8.969100e+00 -6.728600e-01 392 44 1.050600e+01 3.190000e+00 1.194900e+03 -2.968100e+02 0
0 0 -1.500000e-01 -5.767400e-01 1 47 9.452500e+00 3.190000e+00 2167 -3.612800e+03 0
1.866200e+00 9.207100e-01 -2.115800e-01 -2.242900e-01 61 58 1.007600e+01 3.190000e+00 2.068900e+03 786 0
1.997200e+00 7.389400e-01 -1.994200e-01 -2.242900e-01 62 58 1.073600e+01 3.190000e+00 2.636200e+03 9.057500e+02 0
0 0 -1.500000e-01 -1.922500e-01 1 59 9.668800e+00 3.190000e+00 2167 -3.612800e+03 0
1.882600e+00 7.668600e-01 -2.012900e-01 -1.922500e-01 61 59 1.083000e+01 3.190000e+00 2.422500e+03 8.800400e+02 0
1.997200e+00 7.170500e-01 -1.979600e-01 -1.922500e-01 62 59 1.134200e+01 3.190000e+00 2710 9.248600e+02 0
2.114500e+00 4.520700e-01 -1.802300e-01 -1.922500e-01 63 59 1.085000e+01 3.190000e+00 4.717600e+03 1.382700e+03 0
0 0 -1.500000e-01 -9.612300e-02 1 62 9.834600e+00 3.190000e+00 2167 -3.612800e+03 0
6.548100e-01 8.148900e-01 -2.045000e-01 -9.612300e-02 31 62 9.831900e+00 3.190000e+00 1.121800e+03 8.176500e+02 0
6.597200e-01 8.188200e-01 -2.047600e-01 -9.612300e-02 32 62 1.092400e+01 3.190000e+00 1.123800e+03 8.155000e+02 0
6.897400e-01 8.098900e-01 -2.041700e-01 -9.612300e-02 33 62 1.083500e+01 3.190000e+00 1.156600e+03 8.213300e+02 0
7.202900e-01 8.042100e-01 -2.037900e-01 -9.612300e-02 34 62 9.781200e+00 3.190000e+00 1.188500e+03 8.253900e+02 0
0 0 -1.500000e-01 -6.408200e-02 1 63 1.033700e+01 3.190000e+00 2167 -3.612800e+03 0
-1.691600e-02 1.646100e-02 -1.511000e-01 -6.408200e-02 2 63 9.887500e+00 3.190000e+00 2.796200e+03 -4.812300e+03 0
6.302600e-01 8.018600e-01 -2.036300e-01 -6.408200e-02 31 63 9.697100e+00 3.190000e+00 1107 8.247500e+02 0
6.512600e-01 8.341400e-01 -2.057900e-01 -6.408200e-02 32 63 1.087400e+01 3.190000e+00 1.107500e+03 8.067500e+02 0
6.810000e-01 8.426200e-01 -2.063500e-01 -6.408200e-02 33 63 1.078300e+01 3.190000e+00 1.128700e+03 8.027700e+02 0
7.202900e-01 8.597200e-01 -2.075000e-01 -6.408200e-02 34 63 9.788500e+00 3.190000e+00 1.152500e+03 7.945800e+02 0
0 0 -1.500000e-01 -3.204100e-02 1 64 1.538800e+01 3.190000e+00 2167 -3.612800e+03 0
-7.093800e-02 1.112700e-01 -1.574400e-01 -3.204100e-02 5 64 1.419800e+01 3.190000e+00 -3.194100e+03 7.894900e+03 0
-1.585200e-01 1.861000e-01 -1.624500e-01 -3.204100e-02 8 64 1.337900e+01 3.190000e+00 -1.093400e+03 2.931100e+03 0
-2.008100e-01 1.905900e-01 -1.627500e-01 -3.204100e-02 9 64 1.270700e+01 3.190000e+00 -1.225900e+03 2.809300e+03 0
-2.480100e-01 1.846500e-01 -1.623500e-01 -3.204100e-02 10 64 1.267100e+01 3.190000e+00 -1.548600e+03 2.896700e+03 0
-2.619200e-01 2.191300e-01 -1.646600e-01 -3.204100e-02 11 64 1.219700e+01 3.190000e+00 -1.096900e+03 2.330200e+03 0
-2.881200e-01 2.248900e-01 -1.650400e-01 -3.204100e-02 12 64 1.173400e+01 3.190000e+00 -1.126700e+03 2.250200e+03 0
-3.077600e-01 2.760700e-01 -1.684600e-01 -3.204100e-02 13 64 1.101500e+01 3.190000e+00 -7.411400e+02 1.799100e+03 0
-3.050300e-01 3.155000e-01 -1.711000e-01 -3.204100e-02 14 64 1.055800e+01 3.190000e+00 -5.099400e+02 1.580800e+03 0
-1.145900e-01 4.140100e-01 -1.776900e-01 -3.204100e-02 15 64 1.055100e+01 3.190000e+00 1.649500e+02 1.266200e+03 0
3.536000e-01 3.346000e-01 -1.723800e-01 -3.204100e-02 28 64 1.203300e+01 3.190000e+00 1160 1.599900e+03 0
6.799100e-01 6.381500e-01 -1.926800e-01 -3.204100e-02 29 64 1.359100e+01 3.190000e+00 1.291600e+03 9.538700e+02 0
6.725500e-01 7.379300e-01 -1.993500e-01 -3.204100e-02 30 64 1.452300e+01 3.190000e+00 1.191100e+03 8.678800e+02 0
6.793700e-01 7.974600e-01 -2.033300e-01 -3.204100e-02 31 64 1.470300e+01 3.190000e+00 1.155200e+03 8.285300e+02 0
6.766400e-01 8.306100e-01 -2.055500e-01 -3.204100e-02 32 64 1.424200e+01 3.190000e+00 1.131900e+03 8.092300e+02 0
6.810000e-01 8.688000e-01 -2.081100e-01 -3.204100e-02 33 64 1.290500e+01 3.190000e+00 1114 7.892000e+02 0
-7.926000e-01 9.218500e-01 -2.116500e-01 -3.204100e-02 36 64 1.082500e+01 3.190000e+00 -7.312400e+00 7.407800e+02 0
-8.348900e-01 8.984100e-01 -2.100900e-01 -3.204100e-02 37 64 1.136600e+01 3.190000e+00 -5.699500e+01 7.494300e+02 0
-8.681700e-01 8.866100e-01 -2.093000e-01 -3.204100e-02 38 64 1.098400e+01 3.190000e+00 -9.168200e+01 7.537500e+02 0
