0 0 -1.500000e-01 0 1 65 1.633000e+01 3.120000e+00 2167 -3.612800e+03 0
-7.093800e-02 1.116900e-01 -1.573100e-01 0 5 65 1.522000e+01 3.120000e+00 -3.152400e+03 7812 0
-1.585200e-01 1.860300e-01 -1.621700e-01 0 8 65 1.437700e+01 3.120000e+00 -1.094200e+03 2.930800e+03 0
-2.008100e-01 1.915200e-01 -1.625300e-01 0 9 65 1.370900e+01 3.120000e+00 -1.211400e+03 2.789700e+03 0
-2.480100e-01 1.862300e-01 -1.621800e-01 0 10 65 1.366600e+01 3.120000e+00 -1.519100e+03 2.862400e+03 0
-2.619200e-01 2.212700e-01 -1.644700e-01 0 11 65 1.313600e+01 3.120000e+00 -1.072300e+03 2.302400e+03 0
-2.851200e-01 2.347300e-01 -1.653500e-01 0 12 65 1.272900e+01 3.120000e+00 -1.011200e+03 2.143200e+03 0
-3.077600e-01 2.802700e-01 -1.683300e-01 0 13 65 1.196600e+01 3.120000e+00 -7.132000e+02 1.770700e+03 0
-3.085800e-01 2.984100e-01 -1.695200e-01 0 14 65 1.162700e+01 3.120000e+00 -6.065000e+02 1.664800e+03 0
-1.222300e-01 4.117900e-01 -1.769400e-01 0 15 65 1.152500e+01 3.120000e+00 1.477200e+02 1270 0
3.536000e-01 3.556900e-01 -1.732700e-01 0 28 65 1.318100e+01 3.120000e+00 1.123600e+03 1505 0
6.799100e-01 6.371000e-01 -1.916700e-01 0 29 65 1.470000e+01 3.120000e+00 1.292700e+03 9.538400e+02 0
6.725500e-01 7.354800e-01 -1.981100e-01 0 30 65 1.560700e+01 3.120000e+00 1.192900e+03 8.685900e+02 0
6.793700e-01 7.975700e-01 -2.021700e-01 0 31 65 1.574800e+01 3.120000e+00 1.155100e+03 8.274000e+02 0
6.766400e-01 8.315100e-01 -2.043900e-01 0 32 65 1.520000e+01 3.120000e+00 1.131400e+03 8.076800e+02 0
6.810000e-01 8.710700e-01 -2.069800e-01 0 33 65 1.369000e+01 3.120000e+00 1.112700e+03 7.870200e+02 0
6.032500e-01 9.808100e-01 -2.141500e-01 0 34 65 1.107400e+01 3.120000e+00 1.003800e+03 7.380400e+02 0
7.606700e-01 6.730300e-01 -1.940200e-01 0 35 65 1.087300e+01 3.120000e+00 1.347600e+03 9.221100e+02 0
-8.403400e-01 8.850200e-01 -2.078900e-01 0 36 65 1.179600e+01 3.120000e+00 -7.290900e+01 7.539000e+02 0
-8.447100e-01 8.992300e-01 -2.088200e-01 0 37 65 1.218500e+01 3.120000e+00 -6.326900e+01 7.479700e+02 0
-8.681700e-01 8.810400e-01 -2.076300e-01 0 38 65 1.175000e+01 3.120000e+00 -9.687800e+01 7.551200e+02 0
-8.812700e-01 8.587600e-01 -2.061700e-01 0 39 65 1.032300e+01 3.120000e+00 -1.283200e+02 7.645700e+02 0
0 0 -1.500000e-01 3.204100e-02 1 66 1.528200e+01 3.120000e+00 2167 -3.612800e+03 0
-7.093800e-02 1.117500e-01 -1.573100e-01 3.204100e-02 5 66 1.421500e+01 3.120000e+00 -3.146700e+03 7.801100e+03 0
-1.585200e-01 1.860000e-01 -1.621700e-01 3.204100e-02 8 66 1.339400e+01 3.120000e+00 -1.094700e+03 2.931500e+03 0
-2.008100e-01 1.915100e-01 -1.625300e-01 3.204100e-02 9 66 1.272000e+01 3.120000e+00 -1.211600e+03 2.789900e+03 0
-2.480100e-01 1.865800e-01 -1.622000e-01 3.204100e-02 10 66 1.267900e+01 3.120000e+00 -1.512700e+03 2.855300e+03 0
-2.619200e-01 2.216500e-01 -1.645000e-01 3.204100e-02 11 66 1.225400e+01 3.120000e+00 -1068 2.297800e+03 0
-2.881200e-01 2.328100e-01 -1.652300e-01 3.204100e-02 12 66 1.177500e+01 3.120000e+00 -1041 2162 0
-3.077600e-01 2.813200e-01 -1.684000e-01 3.204100e-02 13 66 1.099700e+01 3.120000e+00 -7.064500e+02 1.764100e+03 0
-3.121300e-01 2.999900e-01 -1.696200e-01 3.204100e-02 14 66 1.063300e+01 3.120000e+00 -6.067200e+02 1.655700e+03 0
-1.184100e-01 4.178100e-01 -1.773300e-01 3.204100e-02 15 66 1.054600e+01 3.120000e+00 1.639500e+02 1.255300e+03 0
3.536000e-01 3.051200e-01 -1.699600e-01 3.204100e-02 28 66 1.213900e+01 3.120000e+00 1.222600e+03 1.759500e+03 0
6.799100e-01 6.327700e-01 -1.913900e-01 3.204100e-02 29 66 1.368600e+01 3.120000e+00 1.297500e+03 9.583000e+02 0
6.725500e-01 7.343800e-01 -1.980400e-01 3.204100e-02 30 66 1.460700e+01 3.120000e+00 1.193800e+03 8.694000e+02 0
6.711800e-01 8.044800e-01 -2.026200e-01 3.204100e-02 31 66 1.476000e+01 3.120000e+00 1143 8.230600e+02 0
6.766400e-01 8.326500e-01 -2.044600e-01 3.204100e-02 32 66 1.423000e+01 3.120000e+00 1.130700e+03 8.070500e+02 0
6.810000e-01 8.724300e-01 -2.070700e-01 3.204100e-02 33 66 1.275700e+01 3.120000e+00 1.111900e+03 7.863500e+02 0
-8.498900e-01 8.771500e-01 -2.073700e-01 3.204100e-02 36 66 1.073500e+01 3.120000e+00 -8.717700e+01 7.570700e+02 0
-8.545300e-01 8.858300e-01 -2.079400e-01 3.204100e-02 37 66 1.108400e+01 3.120000e+00 -8.247900e+01 7.533300e+02 0
-8.580800e-01 8.676600e-01 -2.067500e-01 3.204100e-02 38 66 1.069300e+01 3.120000e+00 -1.022700e+02 7.610400e+02 0
6.602700e-01 8.386400e+00 -6.985500e-01 -1.089400e+00 243 31 1.065200e+01 3.120000e+00 7.314800e+02 4.377100e+02 1
7.293000e-01 8.438700e+00 -7.019800e-01 -1.089400e+00 244 31 1.201300e+01 3.120000e+00 7.365200e+02 4.375100e+02 1
7.323000e-01 8.487600e+00 -7.051700e-01 -1.089400e+00 245 31 1.255000e+01 3.120000e+00 7.365000e+02 4.373100e+02 1
8.021400e-01 8.517600e+00 -7.071300e-01 -1.089400e+00 246 31 1.269600e+01 3.120000e+00 7.416400e+02 4.372000e+02 1
7.383000e-01 8.553400e+00 -7.094800e-01 -1.089400e+00 247 31 1.251000e+01 3.120000e+00 7.366200e+02 4.370300e+02 1
7.413000e-01 8.572100e+00 -7.107000e-01 -1.089400e+00 248 31 1.176900e+01 3.120000e+00 7.367500e+02 4.369600e+02 1
5.413100e-01 8.572600e+00 -7.107300e-01 -1.089400e+00 249 31 1.021900e+01 3.120000e+00 7.217100e+02 4.368800e+02 1
-8.730800e-02 5.580700e+00 -5.150300e-01 -1.057400e+00 161 32 1.113400e+01 3.120000e+00 6.641000e+02 4.556200e+02 1
-1.317800e-01 5.616500e+00 -5.173700e-01 -1.057400e+00 162 32 1.179300e+01 3.120000e+00 6.592000e+02 4.552500e+02 1
-1.326000e-01 5.654200e+00 -5.198400e-01 -1.057400e+00 163 32 1.166200e+01 3.120000e+00 6.593400e+02 4.548900e+02 1
-8.894500e-02 5.691300e+00 -5.222600e-01 -1.057400e+00 164 32 1.085000e+01 3.120000e+00 6.645000e+02 4.545600e+02 1
-4.501800e-02 5.753400e+00 -5.263300e-01 -1.057400e+00 166 32 1.033900e+01 3.120000e+00 6.697400e+02 4.540100e+02 1
-4.529100e-02 5.794900e+00 -5.290400e-01 -1.057400e+00 167 32 1.099800e+01 3.120000e+00 6.698800e+02 4.536300e+02 1
-4.556400e-02 5.821500e+00 -5.307900e-01 -1.057400e+00 168 32 1.085600e+01 3.120000e+00 6.699600e+02 4.533900e+02 1
-4.583700e-02 5.837200e+00 -5.318100e-01 -1.057400e+00 169 32 1.021800e+01 3.120000e+00 670 4.532500e+02 1
7.923200e-01 8.412100e+00 -7.002300e-01 -1.057400e+00 243 32 1.207300e+01 3.120000e+00 7.414900e+02 4.376500e+02 1
7.956000e-01 8.447300e+00 -7.025400e-01 -1.057400e+00 244 32 1.340900e+01 3.120000e+00 7.415400e+02 4.375000e+02 1
7.323000e-01 8.486800e+00 -7.051200e-01 -1.057400e+00 245 32 1.375600e+01 3.120000e+00 7.365000e+02 4.373100e+02 1
7.353000e-01 8.521400e+00 -7.073800e-01 -1.057400e+00 246 32 1.403100e+01 3.120000e+00 7.365600e+02 4.371700e+02 1
7.383000e-01 8.555600e+00 -7.096200e-01 -1.057400e+00 247 32 1.411000e+01 3.120000e+00 7.366100e+02 4.370200e+02 1
7.413000e-01 8.587200e+00 -7.116900e-01 -1.057400e+00 248 32 1.325500e+01 3.120000e+00 7.366800e+02 4.368900e+02 1
8.119700e-01 8.600900e+00 -7.125800e-01 -1.057400e+00 249 32 1.114500e+01 3.120000e+00 7.419100e+02 4.368600e+02 1
-4.338100e-02 5.529800e+00 -5.117000e-01 -1.025300e+00 160 33 1.095000e+01 3.120000e+00 6.689300e+02 4.561600e+02 1
-8.730800e-02 5.572800e+00 -5.145100e-01 -1.025300e+00 161 33 1.260600e+01 3.120000e+00 6.640600e+02 4.557000e+02 1
-1.317800e-01 5.611700e+00 -5.170600e-01 -1.025300e+00 162 33 1.322100e+01 3.120000e+00 6.591700e+02 4.552900e+02 1
-1.326000e-01 5.646400e+00 -5.193300e-01 -1.025300e+00 163 33 1.303200e+01 3.120000e+00 6.593000e+02 4.549600e+02 1
-1.334200e-01 5.675900e+00 -5.212600e-01 -1.025300e+00 164 33 1.218800e+01 3.120000e+00 6.593900e+02 4.546800e+02 1
-8.949100e-02 5.662400e+00 -5.203800e-01 -1.025300e+00 165 33 1.052300e+01 3.120000e+00 6.642900e+02 4.548400e+02 1
-4.501800e-02 5.759600e+00 -5.267400e-01 -1.025300e+00 166 33 1.143900e+01 3.120000e+00 6.697600e+02 4.539600e+02 1
-9.058200e-02 5.793300e+00 -5.289400e-01 -1.025300e+00 167 33 1.210300e+01 3.120000e+00 6.648500e+02 4.536200e+02 1
-1.366900e-01 5.820900e+00 -5.307400e-01 -1.025300e+00 168 33 1.176400e+01 3.120000e+00 6.599000e+02 4.533400e+02 1
-9.167400e-02 5.826100e+00 -5.310800e-01 -1.025300e+00 169 33 1.083100e+01 3.120000e+00 6.648900e+02 4.533200e+02 1
7.923200e-01 8.413600e+00 -7.003300e-01 -1.025300e+00 243 33 1.182800e+01 3.120000e+00 7.414800e+02 4.376400e+02 1
7.956000e-01 8.448700e+00 -7.026300e-01 -1.025300e+00 244 33 1.293100e+01 3.120000e+00 7.415300e+02 4.375000e+02 1
7.323000e-01 8.487400e+00 -7.051600e-01 -1.025300e+00 245 33 1.294600e+01 3.120000e+00 7.365000e+02 4.373100e+02 1
7.353000e-01 8.522900e+00 -7.074800e-01 -1.025300e+00 246 33 1.339300e+01 3.120000e+00 7.365500e+02 4.371600e+02 1
7.383000e-01 8.558200e+00 -7.097900e-01 -1.025300e+00 247 33 1.371200e+01 3.120000e+00 7.366000e+02 4.370100e+02 1
7.413000e-01 8.592200e+00 -7.120100e-01 -1.025300e+00 248 33 1.288600e+01 3.120000e+00 7.366500e+02 4.368700e+02 1
8.119700e-01 8.619300e+00 -7.137900e-01 -1.025300e+00 249 33 1.065000e+01 3.120000e+00 7.418000e+02 4.367800e+02 1
2.935500e+00 1.261700e+01 -9.752900e-01 -1.025300e+00 372 33 1.025200e+01 3.120000e+00 8.352500e+02 4.260400e+02 1
2.943400e+00 1.261600e+01 -9.752100e-01 -1.025300e+00 373 33 1.034700e+01 3.120000e+00 8.356700e+02 4.260400e+02 1
3.053100e+00 1.263100e+01 -9.761700e-01 -1.025300e+00 374 33 1.069600e+01 3.120000e+00 8.411500e+02 4.260400e+02 1
3.163300e+00 1.267200e+01 -9.788900e-01 -1.025300e+00 375 33 1.075100e+01 3.120000e+00 8.463100e+02 4.259800e+02 1
3.171700e+00 1.267400e+01 -9.789900e-01 -1.025300e+00 376 33 1.104100e+01 3.120000e+00 8.467300e+02 4.259800e+02 1
3.385400e+00 1.259200e+01 -9.736500e-01 -1.025300e+00 377 33 1.098300e+01 3.120000e+00 8.587800e+02 4.261800e+02 0
3.703000e+00 1.232000e+01 -9.558600e-01 -1.025300e+00 378 33 1.019400e+01 3.120000e+00 8.792800e+02 4.268000e+02 0
2.742000e-01 2.278100e+00 -2.990100e-01 -9.932700e-01 68 34 1.031700e+01 3.120000e+00 7.237700e+02 5.373100e+02 0
2.411900e-01 2.326900e+00 -3.022000e-01 -9.932700e-01 69 34 1.050200e+01 3.120000e+00 7.137500e+02 5.342700e+02 0
-8.676300e-02 5.517900e+00 -5.109300e-01 -9.932700e-01 160 34 1.060900e+01 3.120000e+00 6.638200e+02 4.562500e+02 1
-8.730800e-02 5.574100e+00 -5.146000e-01 -9.932700e-01 161 34 1.215500e+01 3.120000e+00 6.640700e+02 4.556900e+02 1
-1.317800e-01 5.613900e+00 -5.172100e-01 -9.932700e-01 162 34 1.267600e+01 3.120000e+00 6.591900e+02 4.552700e+02 1
-1.326000e-01 5.647900e+00 -5.194300e-01 -9.932700e-01 163 34 1.239800e+01 3.120000e+00 6.593000e+02 4.549500e+02 1
-1.778900e-01 5.673400e+00 -5.211000e-01 -9.932700e-01 164 34 1.149200e+01 3.120000e+00 6.543300e+02 4.546700e+02 1
-4.501800e-02 5.762100e+00 -5.269000e-01 -9.932700e-01 166 34 1.062800e+01 3.120000e+00 6.697700e+02 4.539300e+02 1
-9.058200e-02 5.793400e+00 -5.289400e-01 -9.932700e-01 167 34 1.126400e+01 3.120000e+00 6.648500e+02 4.536200e+02 1
-9.112800e-02 5.821100e+00 -5.307600e-01 -9.932700e-01 168 34 1.070800e+01 3.120000e+00 6.649300e+02 4.533700e+02 1
-2.628800e+00 7.728500e+00 -6.555200e-01 -9.932700e-01 236 34 1.056400e+01 3.120000e+00 4.639100e+02 4.394800e+02 1
-2.640000e+00 7.783200e+00 -6.591000e-01 -9.932700e-01 237 34 1.045300e+01 3.120000e+00 4.646300e+02 4.392100e+02 1
5.304000e-01 8.466900e+00 -7.038200e-01 -9.932700e-01 244 34 1.022300e+01 3.120000e+00 7.212300e+02 4.373200e+02 1
4.679200e-01 8.510700e+00 -7.066800e-01 -9.932700e-01 246 34 1.033700e+01 3.120000e+00 7.163700e+02 4.371100e+02 1
7.383000e-01 8.545100e+00 -7.089400e-01 -9.932700e-01 247 34 1.084800e+01 3.120000e+00 7.366600e+02 4.370700e+02 1
6.739100e-01 8.599300e+00 -7.124800e-01 -9.932700e-01 248 34 1.037200e+01 3.120000e+00 7.315600e+02 4.368200e+02 1
4.714600e-01 1.546900e+00 -2.511800e-01 -9.612300e-01 49 35 1.015300e+01 3.120000e+00 8.249800e+02 6.062100e+02 0
4.812900e-01 1.572900e+00 -2.528900e-01 -9.612300e-01 50 35 9.924900e+00 3.120000e+00 8.269200e+02 6.026700e+02 0
-2.670000e+00 7.647000e+00 -6.501900e-01 -9.612300e-01 234 35 1.086100e+01 3.120000e+00 4.580900e+02 4.398700e+02 1
-2.745300e+00 7.688400e+00 -6.528900e-01 -9.612300e-01 235 35 1.209300e+01 3.120000e+00 4.532200e+02 4.396300e+02 1
-2.757000e+00 7.721500e+00 -6.550600e-01 -9.612300e-01 236 35 1.246400e+01 3.120000e+00 4.533000e+02 4.394600e+02 1
-2.768800e+00 7.746100e+00 -6.566700e-01 -9.612300e-01 237 35 1.194800e+01 3.120000e+00 4.531100e+02 4.393400e+02 1
-2.780500e+00 7.741600e+00 -6.563800e-01 -9.612300e-01 238 35 1.037700e+01 3.120000e+00 4.520200e+02 4.393600e+02 1
-3.476500e+00 9.025100e+00 -7.403300e-01 -9.612300e-01 278 35 9.978000e+00 3.120000e+00 4.380600e+02 4.338000e+02 1
-3.489100e+00 9.059800e+00 -7.426000e-01 -9.612300e-01 279 35 1.148300e+01 3.120000e+00 4.381700e+02 4.336700e+02 1
-3.653900e+00 9.032200e+00 -7.408000e-01 -9.612300e-01 280 35 1.189600e+01 3.120000e+00 4.260100e+02 4.337100e+02 1
-3.743300e+00 9.030900e+00 -7.407100e-01 -9.612300e-01 281 35 1.126800e+01 3.120000e+00 4.197900e+02 4.336900e+02 1
-1.043600e+00 2.398300e+00 -3.068700e-01 -9.291900e-01 76 36 9.950900e+00 3.120000e+00 3.663900e+02 5.268400e+02 0
-2.670000e+00 7.684900e+00 -6.526700e-01 -9.291900e-01 234 36 1.092000e+01 3.120000e+00 4.592500e+02 4.396800e+02 1
-2.745300e+00 7.696500e+00 -6.534300e-01 -9.291900e-01 235 36 1.207200e+01 3.120000e+00 4.534700e+02 4.395900e+02 1
-2.757000e+00 7.728000e+00 -6.554900e-01 -9.291900e-01 236 36 1.231000e+01 3.120000e+00 4.535000e+02 4.394300e+02 1
-2.768800e+00 7.744700e+00 -6.565800e-01 -9.291900e-01 237 36 1.152700e+01 3.120000e+00 4.530600e+02 4.393500e+02 1
-3.854400e+00 8.812400e+00 -7.264200e-01 -9.291900e-01 278 36 1.037500e+01 3.120000e+00 4.051800e+02 4.344400e+02 1
-3.716600e+00 8.967900e+00 -7.365900e-01 -9.291900e-01 279 36 1.187100e+01 3.120000e+00 4.197300e+02 4.339200e+02 1
-3.730000e+00 9.001000e+00 -7.387500e-01 -9.291900e-01 280 36 1.224300e+01 3.120000e+00 4.198100e+02 4.338000e+02 1
-3.819700e+00 9.001000e+00 -7.387500e-01 -9.291900e-01 281 36 1.158500e+01 3.120000e+00 4.135900e+02 4.337700e+02 1
-3.756700e+00 9.053100e+00 -7.421600e-01 -9.291900e-01 282 36 9.960400e+00 3.120000e+00 4.195400e+02 4.336100e+02 1
-2.873000e+00 7.545800e+00 -6.435700e-01 -8.971500e-01 235 37 1.003300e+01 3.120000e+00 4.380900e+02 4.402900e+02 1
-2.885300e+00 7.598300e+00 -6.470000e-01 -8.971500e-01 236 37 1.009900e+01 3.120000e+00 4.388400e+02 4.400200e+02 1
-3.868300e+00 8.865600e+00 -7.299000e-01 -8.971500e-01 279 37 1.046200e+01 3.120000e+00 4.059300e+02 4.342400e+02 1
-3.806100e+00 8.948700e+00 -7.353300e-01 -8.971500e-01 280 37 1.067800e+01 3.120000e+00 4.129100e+02 4.339600e+02 1
-3.896100e+00 8.948200e+00 -7.353000e-01 -8.971500e-01 281 37 9.848900e+00 3.120000e+00 4.066300e+02 4.339300e+02 1
-2.687200e+00 4.368100e+00 -4.357200e-01 -8.330700e-01 148 39 1.013800e+01 3.120000e+00 2.792100e+02 4.683700e+02 0
-2.745800e+00 4.375900e+00 -4.362300e-01 -8.330700e-01 149 39 1.037800e+01 3.120000e+00 2.716400e+02 4.682000e+02 0
0 0 -1.500000e-01 -6.408200e-02 1 63 1.060200e+01 3.120000e+00 2167 -3.612800e+03 0
-1.855300e-02 1.606900e-02 -1.510500e-01 -6.408200e-02 2 63 9.684300e+00 3.120000e+00 2802 -4.781500e+03 0
6.512600e-01 7.995700e-01 -2.023000e-01 -6.408200e-02 32 63 9.395100e+00 3.120000e+00 1.127700e+03 8.255500e+02 0
0 0 -1.500000e-01 -3.204100e-02 1 64 1.538300e+01 3.120000e+00 2167 -3.612800e+03 0
-7.093800e-02 1.111600e-01 -1.572700e-01 -3.204100e-02 5 64 1.419200e+01 3.120000e+00 -3.203800e+03 7911 0
-1.585200e-01 1.860700e-01 -1.621700e-01 -3.204100e-02 8 64 1.332300e+01 3.120000e+00 -1.093600e+03 2.929900e+03 0
-2.008100e-01 1.915700e-01 -1.625300e-01 -3.204100e-02 9 64 1.266600e+01 3.120000e+00 -1.210600e+03 2.788700e+03 0
-2.480100e-01 1.855900e-01 -1.621400e-01 -3.204100e-02 10 64 1.261500e+01 3.120000e+00 -1.530900e+03 2.875500e+03 0
-2.592000e-01 2.244100e-01 -1.646800e-01 -3.204100e-02 11 64 1.202100e+01 3.120000e+00 -1.027500e+03 2266 0
-2.821100e-01 2.392600e-01 -1.656500e-01 -3.204100e-02 12 64 1.166900e+01 3.120000e+00 -9.570100e+02 2099 0
-3.077600e-01 2.821000e-01 -1.684500e-01 -3.204100e-02 13 64 1.093100e+01 3.120000e+00 -7.014000e+02 1.759200e+03 0
-3.085800e-01 2.746100e-01 -1.679600e-01 -3.204100e-02 14 64 1.069900e+01 3.120000e+00 -7.532700e+02 1.807300e+03 0
-1.222300e-01 4.208200e-01 -1.775300e-01 -3.204100e-02 15 64 1.052100e+01 3.120000e+00 1.617700e+02 1.247600e+03 0
3.536000e-01 3.787800e-01 -1.747800e-01 -3.204100e-02 28 64 1.212600e+01 3.120000e+00 1.089700e+03 1418 0
6.799100e-01 6.379700e-01 -1.917300e-01 -3.204100e-02 29 64 1.366100e+01 3.120000e+00 1.291700e+03 9.529400e+02 0
6.725500e-01 7.356100e-01 -1.981200e-01 -3.204100e-02 30 64 1.456400e+01 3.120000e+00 1.192800e+03 8.685000e+02 0
6.793700e-01 7.975700e-01 -2.021700e-01 -3.204100e-02 31 64 1.469000e+01 3.120000e+00 1.155100e+03 8.274000e+02 0
6.766400e-01 8.310500e-01 -2.043600e-01 -3.204100e-02 32 64 1.411200e+01 3.120000e+00 1.131600e+03 8.079400e+02 0
6.810000e-01 8.728100e-01 -2.070900e-01 -3.204100e-02 33 64 1.251800e+01 3.120000e+00 1.111700e+03 7.861600e+02 0
-8.307900e-01 8.951200e-01 -2.085500e-01 -3.204100e-02 36 64 1.077600e+01 3.120000e+00 -5.692100e+01 7.498600e+02 0
-8.447100e-01 9.000900e-01 -2.088700e-01 -3.204100e-02 37 64 1.122500e+01 3.120000e+00 -6.250800e+01 7.476200e+02 0
-8.681700e-01 8.849300e-01 -2.078800e-01 -3.204100e-02 38 64 1.075900e+01 3.120000e+00 -9.322100e+01 7.534900e+02 0
