0 0 -1.500000e-01 0 1 65 1.637300e+01 3.150000e+00 2167 -3.612800e+03 0
-7.093800e-02 1.118400e-01 -1.573900e-01 0 5 65 1.521400e+01 3.150000e+00 -3.138800e+03 7.786900e+03 0
-1.585200e-01 1.860600e-01 -1.622900e-01 0 8 65 1.437100e+01 3.150000e+00 -1.093800e+03 2.930900e+03 0
-2.008100e-01 1.909100e-01 -1.626100e-01 0 9 65 1.370200e+01 3.150000e+00 -1.220900e+03 2.802200e+03 0
-2.480100e-01 1.861400e-01 -1.622900e-01 0 10 65 1.365200e+01 3.150000e+00 -1.520900e+03 2865 0
-2.619200e-01 2.219400e-01 -1.646600e-01 0 11 65 1.307000e+01 3.150000e+00 -1.064700e+03 2.294800e+03 0
-2.851200e-01 2.352200e-01 -1.655300e-01 0 12 65 1.268800e+01 3.150000e+00 -1.006400e+03 2.138800e+03 0
-3.044900e-01 2.827700e-01 -1.686700e-01 0 13 65 1.198700e+01 3.150000e+00 -6.884000e+02 1.756400e+03 0
-3.085800e-01 3.046100e-01 -1.701200e-01 0 14 65 1.146600e+01 3.150000e+00 -5.731100e+02 1.632800e+03 0
-1.222300e-01 4.255700e-01 -1.781000e-01 0 15 65 1.138200e+01 3.150000e+00 1.688700e+02 1.236800e+03 0
3.536000e-01 3.354100e-01 -1.721500e-01 0 28 65 1.317100e+01 3.150000e+00 1.158500e+03 1.595200e+03 0
6.799100e-01 6.377100e-01 -1.921100e-01 0 29 65 1.469200e+01 3.150000e+00 1292 9.536900e+02 0
6.725500e-01 7.359300e-01 -1.986000e-01 0 30 65 1.562800e+01 3.150000e+00 1.192600e+03 8.687200e+02 0
6.793700e-01 7.975800e-01 -2.026700e-01 0 31 65 1.579500e+01 3.150000e+00 1.155100e+03 8.278500e+02 0
6.766400e-01 8.323500e-01 -2.049700e-01 0 32 65 1.528600e+01 3.150000e+00 1.130900e+03 8.076700e+02 0
6.810000e-01 8.707100e-01 -2.075000e-01 0 33 65 1.383300e+01 3.150000e+00 1.112900e+03 7.876500e+02 0
-9.814000e-01 6.025100e-01 -1.897900e-01 0 34 65 1.096400e+01 3.150000e+00 -6.122200e+02 9.281200e+02 0
7.606700e-01 7.428400e-01 -1.990600e-01 0 35 65 1.078300e+01 3.150000e+00 1.276700e+03 8.661000e+02 0
-8.498900e-01 8.701000e-01 -2.074600e-01 0 36 65 1.171900e+01 3.150000e+00 -9.387500e+01 7.605300e+02 0
-8.643500e-01 8.604200e-01 -2.068200e-01 0 37 65 1.216100e+01 3.150000e+00 -1.140400e+02 7.645400e+02 0
-8.984600e-01 8.218600e-01 -2.042800e-01 0 38 65 1.170000e+01 3.150000e+00 -1.807900e+02 7.818900e+02 0
-9.745800e-01 7.333800e-01 -1.984300e-01 0 39 65 1.013300e+01 3.150000e+00 -3.593800e+02 8.288400e+02 0
0 0 -1.500000e-01 3.204100e-02 1 66 1.539700e+01 3.150000e+00 2167 -3.612800e+03 0
-7.093800e-02 1.122800e-01 -1.574100e-01 3.204100e-02 5 66 1.420300e+01 3.150000e+00 -3.097400e+03 7707 0
-1.604300e-01 1.843600e-01 -1.621700e-01 3.204100e-02 8 66 1.332800e+01 3.150000e+00 -1.129700e+03 2.966700e+03 0
-2.008100e-01 1.907300e-01 -1.626000e-01 3.204100e-02 9 66 1.271500e+01 3.150000e+00 -1.223600e+03 2.805600e+03 0
-2.504700e-01 1.822400e-01 -1.620300e-01 3.204100e-02 10 66 1.266100e+01 3.150000e+00 -1.606700e+03 2.945500e+03 0
-2.646500e-01 2.173500e-01 -1.643500e-01 3.204100e-02 11 66 1.219400e+01 3.150000e+00 -1.128200e+03 2.350800e+03 0
-2.881200e-01 2.295500e-01 -1.651600e-01 3.204100e-02 12 66 1.167800e+01 3.150000e+00 -1.075300e+03 2.197300e+03 0
-3.012100e-01 2.846500e-01 -1.688000e-01 3.204100e-02 13 66 1.094300e+01 3.150000e+00 -6.678500e+02 1.745500e+03 0
-4.185300e-01 1.459400e-01 -1.596400e-01 3.204100e-02 14 66 1.046700e+01 3.150000e+00 -3.671300e+03 3.849400e+03 0
-1.222300e-01 4.137300e-01 -1.773200e-01 3.204100e-02 15 66 1.042700e+01 3.150000e+00 1.507900e+02 1.265600e+03 0
3.536000e-01 3.793000e-01 -1.750500e-01 3.204100e-02 28 66 1.215000e+01 3.150000e+00 1089 1.416800e+03 0
6.799100e-01 6.326200e-01 -1.917800e-01 3.204100e-02 29 66 1.367400e+01 3.150000e+00 1.297700e+03 9.589200e+02 0
6.725500e-01 7.325100e-01 -1.983700e-01 3.204100e-02 30 66 1.460500e+01 3.150000e+00 1.195300e+03 8.712300e+02 0
6.793700e-01 7.974900e-01 -2.026700e-01 3.204100e-02 31 66 1.478000e+01 3.150000e+00 1.155100e+03 8.279000e+02 0
6.766400e-01 8.343900e-01 -2.051000e-01 3.204100e-02 32 66 1.430400e+01 3.150000e+00 1.129700e+03 8.065400e+02 0
6.810000e-01 8.716100e-01 -2.075600e-01 3.204100e-02 33 66 1.291900e+01 3.150000e+00 1.112400e+03 7.872000e+02 0
6.392600e-01 8.860800e-01 -2.085200e-01 3.204100e-02 34 66 1.005000e+01 3.150000e+00 1.070400e+03 7.793800e+02 0
-8.689900e-01 8.390900e-01 -2.054100e-01 3.204100e-02 36 66 1.064900e+01 3.150000e+00 -1.393000e+02 7.741900e+02 0
-8.840000e-01 8.259100e-01 -2.045400e-01 3.204100e-02 37 66 1.103900e+01 3.150000e+00 -1.650300e+02 7.801900e+02 0
-9.388400e-01 7.575900e-01 -2.000300e-01 3.204100e-02 38 66 1.062000e+01 3.150000e+00 -2.936700e+02 8.152000e+02 0
0 0 -1.500000e-01 6.408200e-02 1 67 1.037800e+01 3.150000e+00 2167 -3.612800e+03 0
8.185100e-04 3.458200e-02 -1.522800e-01 6.408200e-02 2 67 9.875300e+00 3.150000e+00 3.444300e+03 -7.130100e+03 0
6.466300e-01 8.240200e-01 -2.044200e-01 6.408200e-02 31 67 9.720000e+00 3.150000e+00 1.109100e+03 8.116700e+02 0
6.851000e-01 8.382800e-01 -2.053600e-01 6.408200e-02 32 67 9.978800e+00 3.150000e+00 1.134800e+03 8.046000e+02 0
5.696900e-01 9.054300e+00 -7.479500e-01 -1.121400e+00 262 30 1.024600e+01 3.150000e+00 7.222500e+02 4.353900e+02 1
-8.848100e-01 4.842700e+00 -4.698100e-01 -1.089400e+00 142 31 1.050600e+01 3.150000e+00 5.539500e+02 4.637000e+02 1
-8.910900e-01 4.877500e+00 -4.721100e-01 -1.089400e+00 143 31 1.046400e+01 3.150000e+00 5.541400e+02 4.632500e+02 1
8.512600e-01 9.029400e+00 -7.463000e-01 -1.089400e+00 261 31 1.106700e+01 3.150000e+00 7.424200e+02 4.355800e+02 1
7.833200e-01 9.058900e+00 -7.482500e-01 -1.089400e+00 262 31 1.130100e+01 3.150000e+00 7.374200e+02 4.354500e+02 1
6.433500e-01 9.120600e+00 -7.523300e-01 -1.089400e+00 263 31 1.075000e+01 3.150000e+00 7.272400e+02 4.351700e+02 1
6.458100e-01 9.089400e+00 -7.502600e-01 -1.089400e+00 264 31 1.035900e+01 3.150000e+00 7.275300e+02 4.352900e+02 1
1.016000e+00 9.210700e+00 -7.582700e-01 -1.089400e+00 267 31 1.019200e+01 3.150000e+00 753 4.349700e+02 1
-9.167400e-01 4.802500e+00 -4.671600e-01 -1.057400e+00 141 32 1.127900e+01 3.150000e+00 5.485400e+02 4.641900e+02 1
-9.617500e-01 4.827300e+00 -4.687900e-01 -1.057400e+00 142 32 1.204500e+01 3.150000e+00 5.433500e+02 4.638400e+02 1
-9.685800e-01 4.862200e+00 -4.711000e-01 -1.057400e+00 143 32 1.188500e+01 3.150000e+00 5.435500e+02 4.633800e+02 1
-9.754000e-01 4.888600e+00 -4.728400e-01 -1.057400e+00 144 32 1.055500e+01 3.150000e+00 5.434800e+02 4.630400e+02 1
-1.147300e+00 4.895700e+00 -4.733100e-01 -1.057400e+00 146 32 1.112400e+01 3.150000e+00 5.213800e+02 4.628200e+02 1
-1.115400e+00 4.950900e+00 -4.769600e-01 -1.057400e+00 147 32 1.173000e+01 3.150000e+00 5.274100e+02 4.621600e+02 1
-1.123000e+00 4.988100e+00 -4.794100e-01 -1.057400e+00 148 32 1.160000e+01 3.150000e+00 5.276900e+02 4.617000e+02 1
-1.130600e+00 5.036300e+00 -4.826000e-01 -1.057400e+00 149 32 1.055400e+01 3.150000e+00 5.283300e+02 4.611200e+02 1
9.931300e-01 8.970900e+00 -7.424400e-01 -1.057400e+00 261 32 1.033200e+01 3.150000e+00 7.529500e+02 4.358500e+02 1
9.257400e-01 8.972200e+00 -7.425300e-01 -1.057400e+00 262 32 1.035900e+01 3.150000e+00 7.480900e+02 4.358200e+02 1
-9.167400e-01 4.802300e+00 -4.671500e-01 -1.025300e+00 141 33 1.092300e+01 3.150000e+00 5.485300e+02 4.642000e+02 1
-9.617500e-01 4.828800e+00 -4.689000e-01 -1.025300e+00 142 33 1.165500e+01 3.150000e+00 5.434000e+02 4.638200e+02 1
-1.007300e+00 4.854800e+00 -4.706100e-01 -1.025300e+00 143 33 1.141100e+01 3.150000e+00 5.382400e+02 4.634400e+02 1
-9.754000e-01 4.889200e+00 -4.728800e-01 -1.025300e+00 144 33 9.993200e+00 3.150000e+00 5.435000e+02 4.630400e+02 1
-1.068200e+00 4.900300e+00 -4.736200e-01 -1.025300e+00 146 33 1.073000e+01 3.150000e+00 5.318000e+02 4.628200e+02 1
-1.075500e+00 4.961500e+00 -4.776600e-01 -1.025300e+00 147 33 1.127300e+01 3.150000e+00 5.328700e+02 4.620600e+02 1
-1.082900e+00 5.005300e+00 -4.805500e-01 -1.025300e+00 148 33 1.114900e+01 3.150000e+00 5.333600e+02 4.615300e+02 1
-1.049900e+00 5.053000e+00 -4.837000e-01 -1.025300e+00 149 33 1.013300e+01 3.150000e+00 5.390400e+02 4.609900e+02 1
-2.595200e+00 7.673800e+00 -6.567800e-01 -1.025300e+00 233 33 1.022500e+01 3.150000e+00 4.650200e+02 4.401500e+02 1
-2.670000e+00 7.679200e+00 -6.571300e-01 -1.025300e+00 234 33 1.046900e+01 3.150000e+00 4.590800e+02 4.400900e+02 1
-2.721800e+00 7.601800e+00 -6.520200e-01 -9.932700e-01 233 34 1.091900e+01 3.150000e+00 4.524100e+02 4.404600e+02 1
-2.670000e+00 7.659700e+00 -6.558500e-01 -9.932700e-01 234 34 1.134000e+01 3.150000e+00 4.584800e+02 4.401900e+02 1
-2.617600e+00 7.720800e+00 -6.598800e-01 -9.932700e-01 235 34 1.066000e+01 3.150000e+00 4.645900e+02 4.399100e+02 1
2.943900e+00 4.980300e+00 -4.789000e-01 -9.612300e-01 167 35 1.164300e+01 3.150000e+00 1.060800e+03 4.650500e+02 1
2.916100e+00 5.050100e+00 -4.835100e-01 -9.612300e-01 168 35 1.284400e+01 3.150000e+00 1.051900e+03 4.641300e+02 1
2.933600e+00 5.076500e+00 -4.852500e-01 -9.612300e-01 169 35 1.295300e+01 3.150000e+00 1.052300e+03 4.638100e+02 1
2.997100e+00 5.042700e+00 -4.830200e-01 -9.612300e-01 170 35 1.222600e+01 3.150000e+00 1.063200e+03 4.642800e+02 1
3.061200e+00 5.078600e+00 -4.853900e-01 -9.612300e-01 171 35 1.187800e+01 3.150000e+00 1069 4.638800e+02 1
3.079300e+00 5.101900e+00 -4.869300e-01 -9.612300e-01 172 35 1.126300e+01 3.150000e+00 1.069600e+03 4.636000e+02 1
3.191100e+00 4.989200e+00 -4.794900e-01 -9.612300e-01 173 35 1.022900e+01 3.150000e+00 1.093500e+03 4.651300e+02 0
-2.975000e+00 7.258700e+00 2.026400e+00 -9.612300e-01 233 35 1.000200e+01 3.150000e+00 4.201300e+02 2.216500e+02 0
-2.670000e+00 7.441300e+00 1.926500e+00 -9.612300e-01 234 35 1.029700e+01 3.150000e+00 4.519800e+02 2.328600e+02 0
2.898600e+00 5.000500e+00 -4.802300e-01 -9.291900e-01 167 36 1.249400e+01 3.150000e+00 1.053200e+03 4.647500e+02 1
2.916100e+00 5.050000e+00 -4.835000e-01 -9.291900e-01 168 36 1.372200e+01 3.150000e+00 1.051900e+03 4.641300e+02 1
2.933600e+00 5.074200e+00 -4.851000e-01 -9.291900e-01 169 36 1.381600e+01 3.150000e+00 1.052400e+03 4.638300e+02 1
2.997100e+00 5.050900e+00 -4.835600e-01 -9.291900e-01 170 36 1.317100e+01 3.150000e+00 1.062600e+03 4.641800e+02 1
3.061200e+00 5.085600e+00 -4.858500e-01 -9.291900e-01 171 36 1.302700e+01 3.150000e+00 1.068400e+03 4.637900e+02 1
3.032600e+00 5.139800e+00 -4.894300e-01 -9.291900e-01 172 36 1.231100e+01 3.150000e+00 1.060600e+03 4.631000e+02 1
2.862600e+00 5.280800e+00 -4.987500e-01 -9.291900e-01 173 36 1.107500e+01 3.150000e+00 1.028900e+03 4.612900e+02 1
2.853300e+00 5.011700e+00 -4.809700e-01 -8.971500e-01 167 37 1.169300e+01 3.150000e+00 1.046300e+03 4.645700e+02 1
2.916100e+00 5.050100e+00 -4.835100e-01 -8.971500e-01 168 37 1.274800e+01 3.150000e+00 1.051900e+03 4.641200e+02 1
2.933600e+00 5.064700e+00 -4.844700e-01 -8.971500e-01 169 37 1.276900e+01 3.150000e+00 1.053100e+03 4.639500e+02 1
3.043200e+00 5.044700e+00 -4.831500e-01 -8.971500e-01 170 37 1.242800e+01 3.150000e+00 1.069200e+03 4.643000e+02 1
3.107600e+00 5.047500e+00 -4.833400e-01 -8.971500e-01 171 37 1.243200e+01 3.150000e+00 1.077600e+03 4.643100e+02 1
3.172600e+00 5.027100e+00 -4.819900e-01 -8.971500e-01 172 37 1.153000e+01 3.150000e+00 1.087900e+03 4.646300e+02 0
3.050300e+00 5.122600e+00 -4.882900e-01 -8.971500e-01 173 37 1.044000e+01 3.150000e+00 1.064200e+03 4.633200e+02 1
3.683300e-01 9.028000e-01 -2.096200e-01 -8.330700e-01 31 39 9.901300e+00 3.150000e+00 8.474400e+02 7.668400e+02 0
4.651900e-01 9.259900e-01 -2.111500e-01 -8.330700e-01 32 39 1.026500e+01 3.150000e+00 9.174400e+02 7.583600e+02 0
7.544000e-01 9.023600e-01 -2.095900e-01 -8.330700e-01 36 39 1.017100e+01 3.150000e+00 1.155800e+03 7.738000e+02 0
7.857700e-01 8.704200e-01 -2.074800e-01 -8.330700e-01 37 39 1.008600e+01 3.150000e+00 1.201500e+03 7.898100e+02 0
4.174400e-01 9.065500e-01 -2.098700e-01 -8.010300e-01 31 40 1.052200e+01 3.150000e+00 8.852100e+02 7.660200e+02 0
4.821100e-01 9.172200e-01 -2.105700e-01 -8.010300e-01 32 40 1.082400e+01 3.150000e+00 9.329700e+02 7.624200e+02 0
4.976600e-01 9.235900e-01 -2.109900e-01 -8.010300e-01 33 40 1.021000e+01 3.150000e+00 9.431700e+02 7.599200e+02 0
4.952000e-01 9.113600e-01 -2.101900e-01 -8.010300e-01 34 40 9.668500e+00 3.150000e+00 9.449600e+02 7.652100e+02 0
7.661300e-01 9.059400e-01 -2.098300e-01 -8.010300e-01 37 40 9.974000e+00 3.150000e+00 1.163200e+03 7.723600e+02 0
6.864600e-01 7.942900e-01 -2.024600e-01 -7.689800e-01 35 41 9.798400e+00 3.150000e+00 1.163900e+03 8.300200e+02 0
6.971000e-01 8.795300e-01 -2.080800e-01 -7.689800e-01 36 41 1.096500e+01 3.150000e+00 1.121500e+03 7.836100e+02 0
7.170200e-01 9.122400e-01 -2.102400e-01 -7.689800e-01 37 41 1.121100e+01 3.150000e+00 1.120300e+03 7.686400e+02 0
7.167500e-01 9.666500e-01 -2.138400e-01 -7.689800e-01 38 41 1.062800e+01 3.150000e+00 1.093400e+03 7.456800e+02 0
6.771800e-01 8.905600e-01 -2.088100e-01 -7.369400e-01 35 42 1.028400e+01 3.150000e+00 1.099300e+03 7.779400e+02 0
6.971000e-01 8.941000e-01 -2.090500e-01 -7.369400e-01 36 42 1.112400e+01 3.150000e+00 1.113700e+03 7.766300e+02 0
7.072000e-01 9.154800e-01 -2.104600e-01 -7.369400e-01 37 42 1.112900e+01 3.150000e+00 1.110800e+03 7.670200e+02 0
6.662700e-01 9.728100e-01 -2.142400e-01 -7.369400e-01 38 42 1.032500e+01 3.150000e+00 1.053200e+03 7.424900e+02 0
1.005400e+00 1.632900e+00 -2.578400e-01 -5.767400e-01 56 47 9.924100e+00 3.150000e+00 1.041800e+03 5.981300e+02 0
0 0 -1.500000e-01 -6.408200e-02 1 63 1.042300e+01 3.150000e+00 2167 -3.612800e+03 0
0 0 -1.500000e-01 -3.204100e-02 1 64 1.541800e+01 3.150000e+00 2167 -3.612800e+03 0
-7.093800e-02 1.112400e-01 -1.573500e-01 -3.204100e-02 5 64 1.418300e+01 3.150000e+00 -3.196200e+03 7.897600e+03 0
-1.585200e-01 1.860900e-01 -1.622900e-01 -3.204100e-02 8 64 1.338300e+01 3.150000e+00 -1.093300e+03 2.930200e+03 0
-1.986300e-01 1.932700e-01 -1.627600e-01 -3.204100e-02 9 64 1.266100e+01 3.150000e+00 -1175 2.758500e+03 0
-2.480100e-01 1.854200e-01 -1.622500e-01 -3.204100e-02 10 64 1.260400e+01 3.150000e+00 -1.534100e+03 2.879700e+03 0
-2.592000e-01 2.255200e-01 -1.648900e-01 -3.204100e-02 11 64 1.196500e+01 3.150000e+00 -1.015600e+03 2.253600e+03 0
-2.851200e-01 2.350100e-01 -1.655200e-01 -3.204100e-02 12 64 1.167200e+01 3.150000e+00 -1.008500e+03 2.140900e+03 0
-3.044900e-01 2.818400e-01 -1.686100e-01 -3.204100e-02 13 64 1.099700e+01 3.150000e+00 -6.942800e+02 1.762100e+03 0
-1.184100e-01 4.523300e-01 -1.798700e-01 -3.204100e-02 15 64 1.036700e+01 3.150000e+00 2.118100e+02 1.178700e+03 0
3.536000e-01 3.266200e-01 -1.715700e-01 -3.204100e-02 28 64 1.215800e+01 3.150000e+00 1.175400e+03 1.638800e+03 0
6.799100e-01 6.387300e-01 -1.921800e-01 -3.204100e-02 29 64 1.366100e+01 3.150000e+00 1.290900e+03 9.526400e+02 0
6.725500e-01 7.376400e-01 -1.987100e-01 -3.204100e-02 30 64 1.460100e+01 3.150000e+00 1.191300e+03 8.674800e+02 0
6.793700e-01 7.975100e-01 -2.026700e-01 -3.204100e-02 31 64 1.476500e+01 3.150000e+00 1.155100e+03 8.278900e+02 0
6.766400e-01 8.316300e-01 -2.049200e-01 -3.204100e-02 32 64 1.424500e+01 3.150000e+00 1.131300e+03 8.080600e+02 0
6.810000e-01 8.723300e-01 -2.076100e-01 -3.204100e-02 33 64 1.278100e+01 3.150000e+00 1112 7.868500e+02 0
6.122500e-01 9.383200e-01 -2.119700e-01 -3.204100e-02 34 64 1.011400e+01 3.150000e+00 1.026300e+03 7.555600e+02 0
-8.403400e-01 8.782800e-01 -2.080000e-01 -3.204100e-02 36 64 1.076100e+01 3.150000e+00 -7.914100e+01 7.571700e+02 0
-8.447100e-01 8.664100e-01 -2.072200e-01 -3.204100e-02 37 64 1.128200e+01 3.150000e+00 -9.356900e+01 7.622300e+02 0
-8.782700e-01 8.269900e-01 -2.046100e-01 -3.204100e-02 38 64 1.085600e+01 3.150000e+00 -1.593900e+02 7.797800e+02 0
