0 0 -1.500000e-01 0 1 65 1.633400e+01 2.620000e+00 2167 -3.612800e+03 0
-7.093800e-02 1.120400e-01 -1.561500e-01 0 5 65 1.521900e+01 2.620000e+00 -3.114400e+03 7.720500e+03 0
-1.585200e-01 1.860200e-01 -1.602100e-01 0 8 65 1.437900e+01 2.620000e+00 -1.093300e+03 2.919100e+03 0
-2.008100e-01 1.918300e-01 -1.605300e-01 0 9 65 1.371000e+01 2.620000e+00 -1.205400e+03 2.772100e+03 0
-2.480100e-01 1.865300e-01 -1.602400e-01 0 10 65 1.364900e+01 2.620000e+00 -1.512200e+03 2.844700e+03 0
-2.619200e-01 2.220100e-01 -1.621900e-01 0 11 65 1.308800e+01 2.620000e+00 -1.062900e+03 2.283100e+03 0
-2.881200e-01 2.305600e-01 -1.626600e-01 0 12 65 1.271200e+01 2.620000e+00 -1.063500e+03 2.175700e+03 0
-3.077600e-01 2.783500e-01 -1.652800e-01 0 13 65 1.202100e+01 2.620000e+00 -7.251200e+02 1.773900e+03 0
-3.085800e-01 2.990600e-01 -1.664200e-01 0 14 65 1.146500e+01 2.620000e+00 -6.023300e+02 1.652400e+03 0
-1.222300e-01 4.173000e-01 -1.729100e-01 0 15 65 1.140100e+01 2.620000e+00 1.565500e+02 1248 0
3.609700e-01 3.081100e-01 -1.669200e-01 0 28 65 1.313900e+01 2.620000e+00 1.236700e+03 1733 0
6.799100e-01 6.368200e-01 -1.849700e-01 0 29 65 1.465700e+01 2.620000e+00 1.292600e+03 9.462500e+02 0
6.804600e-01 7.258600e-01 -1.898600e-01 0 30 65 1.554700e+01 2.620000e+00 1.208400e+03 8.683000e+02 0
6.793700e-01 7.975100e-01 -1.937900e-01 0 31 65 1.567200e+01 2.620000e+00 1.154800e+03 8.199100e+02 0
6.766400e-01 8.337300e-01 -1.957800e-01 0 32 65 1.511800e+01 2.620000e+00 1.129700e+03 7.989900e+02 0
6.810000e-01 8.734400e-01 -1.979600e-01 0 33 65 1.359500e+01 2.620000e+00 1.111100e+03 7.784300e+02 0
-9.904000e-01 4.099900e-01 -1.725100e-01 0 34 65 1.103200e+01 2.620000e+00 -1.306900e+03 1194 0
7.235700e-01 8.234800e-01 -1.952200e-01 0 35 65 1.104200e+01 2.620000e+00 1.177900e+03 8.056700e+02 0
-8.212400e-01 9.037900e-01 -1.996300e-01 0 36 65 1.159600e+01 2.620000e+00 -4.227900e+01 7.395500e+02 0
-8.447100e-01 8.985700e-01 -1.993400e-01 0 37 65 1.212900e+01 2.620000e+00 -6.360100e+01 7.413000e+02 0
-8.681700e-01 8.916000e-01 -1.989600e-01 0 38 65 1.180500e+01 2.620000e+00 -8.674900e+01 7.437800e+02 0
-9.020000e-01 8.878900e-01 -1.987600e-01 0 39 65 1.056100e+01 2.620000e+00 -1.146200e+02 7.447800e+02 0
0 0 -1.500000e-01 3.204100e-02 1 66 1.515100e+01 2.620000e+00 2167 -3.612800e+03 0
-7.093800e-02 1.122800e-01 -1.561700e-01 3.204100e-02 5 66 1.420500e+01 2.620000e+00 -3.092700e+03 7.678700e+03 0
-1.585200e-01 1.860500e-01 -1.602200e-01 3.204100e-02 8 66 1.336300e+01 2.620000e+00 -1.092800e+03 2.918400e+03 0
-2.008100e-01 1.913600e-01 -1.605100e-01 3.204100e-02 9 66 1.267900e+01 2.620000e+00 -1.212600e+03 2.781100e+03 0
-2.480100e-01 1.868800e-01 -1.602600e-01 3.204100e-02 10 66 1.261100e+01 2.620000e+00 -1.505800e+03 2.837600e+03 0
-2.619200e-01 2.236300e-01 -1.622800e-01 3.204100e-02 11 66 1.200800e+01 2.620000e+00 -1.044900e+03 2.263700e+03 0
-2.881200e-01 2.349000e-01 -1.629000e-01 3.204100e-02 12 66 1.168800e+01 2.620000e+00 -1.018700e+03 2.130400e+03 0
-3.143100e-01 2.731800e-01 -1.650000e-01 3.204100e-02 13 66 1.107000e+01 2.620000e+00 -7.784300e+02 1.806300e+03 0
3.536000e-01 3.540400e-01 -1.694400e-01 3.204100e-02 28 66 1.218700e+01 2.620000e+00 1.125800e+03 1.502700e+03 0
6.799100e-01 6.358200e-01 -1.849100e-01 3.204100e-02 29 66 1.367000e+01 2.620000e+00 1.293700e+03 9.472700e+02 0
6.725500e-01 7.339300e-01 -1.903000e-01 3.204100e-02 30 66 1.457700e+01 2.620000e+00 1.193800e+03 8.620800e+02 0
6.711800e-01 8.044800e-01 -1.941700e-01 3.204100e-02 31 66 1.472200e+01 2.620000e+00 1.142700e+03 8.155500e+02 0
6.766400e-01 8.341200e-01 -1.958000e-01 3.204100e-02 32 66 1.420600e+01 2.620000e+00 1.129500e+03 7.987700e+02 0
6.810000e-01 8.771100e-01 -1.981600e-01 3.204100e-02 33 66 1.278300e+01 2.620000e+00 1.109100e+03 7.766300e+02 0
-9.633900e-01 2.509900e-01 -1.637800e-01 3.204100e-02 34 66 1.023700e+01 2.620000e+00 -2.753500e+03 1.804400e+03 0
6.957400e-01 8.763700e-01 -1.981200e-01 3.204100e-02 35 66 1.016100e+01 2.620000e+00 1.121800e+03 7.772600e+02 0
-8.498900e-01 8.734200e-01 -1.979600e-01 3.204100e-02 36 66 1.055100e+01 2.620000e+00 -9.042600e+01 7.517300e+02 0
-8.545300e-01 8.848600e-01 -1.985900e-01 3.204100e-02 37 66 1.108100e+01 2.620000e+00 -8.310900e+01 7.468000e+02 0
-8.883600e-01 8.809600e-01 -1.983700e-01 3.204100e-02 38 66 1.073700e+01 2.620000e+00 -1.113800e+02 7.478900e+02 0
-1.541500e-01 5.976700e-02 -1.532800e-01 6.408200e-02 6 67 9.387600e+00 2.620000e+00 23603 -32391 0
-1.882600e-01 7.783300e-02 -1.542700e-01 6.408200e-02 7 67 9.502200e+00 2.620000e+00 -21781 29504 0
6.725500e-01 7.521600e-01 -1.913000e-01 6.408200e-02 30 67 1.057100e+01 2.620000e+00 1.179900e+03 8.491100e+02 0
6.630000e-01 8.086800e-01 -1.944100e-01 6.408200e-02 31 67 1.083100e+01 2.620000e+00 1.132600e+03 8.128800e+02 0
6.681800e-01 8.382700e-01 -1.960300e-01 6.408200e-02 32 67 1.056500e+01 2.620000e+00 1.119600e+03 7.963400e+02 0
-7.317500e-01 5.151200e+00 -4.328600e-01 -9.612300e-01 150 35 1.094800e+01 2.620000e+00 5.813100e+02 4.531900e+02 1
-7.366600e-01 5.174600e+00 -4.341400e-01 -9.612300e-01 151 35 1.139900e+01 2.620000e+00 5.812200e+02 4.529200e+02 1
-7.003800e-01 5.199100e+00 -4.354900e-01 -9.612300e-01 152 35 1.146800e+01 2.620000e+00 5.862100e+02 4.526700e+02 1
-7.050100e-01 5.229800e+00 -4.371800e-01 -9.612300e-01 153 35 1.121900e+01 2.620000e+00 5.862900e+02 4.523300e+02 1
-7.514000e-01 5.273300e+00 -4.395600e-01 -9.612300e-01 154 35 1.083600e+01 2.620000e+00 5.815700e+02 4.518200e+02 1
-8.403400e-01 5.305000e+00 -4.413100e-01 -9.612300e-01 155 35 1.041500e+01 2.620000e+00 5.715600e+02 4.514200e+02 1
-6.864600e-01 5.112000e+00 -4.307100e-01 -9.291900e-01 149 36 1.146800e+01 2.620000e+00 5.861000e+02 4.536700e+02 1
-6.911000e-01 5.154100e+00 -4.330200e-01 -9.291900e-01 150 36 1.239800e+01 2.620000e+00 5.864200e+02 4.531800e+02 1
-6.957400e-01 5.187300e+00 -4.348400e-01 -9.291900e-01 151 36 1.268600e+01 2.620000e+00 5.865400e+02 4.528000e+02 1
-7.003800e-01 5.220000e+00 -4.366400e-01 -9.291900e-01 152 36 1.276200e+01 2.620000e+00 5.866500e+02 4.524400e+02 1
-7.464900e-01 5.246800e+00 -4.381100e-01 -9.291900e-01 153 36 1.262600e+01 2.620000e+00 5.815900e+02 4.521100e+02 1
-7.514000e-01 5.281900e+00 -4.400400e-01 -9.291900e-01 154 36 1.221100e+01 2.620000e+00 5.817500e+02 4.517300e+02 1
-7.983200e-01 5.309200e+00 -4.415300e-01 -9.291900e-01 155 36 1.154000e+01 2.620000e+00 5.767000e+02 4.514000e+02 1
-8.458000e-01 5.333900e+00 -4.428900e-01 -9.291900e-01 156 36 1.061400e+01 2.620000e+00 5.715700e+02 4.511100e+02 1
-1.208100e+00 4.115700e+00 -3.760000e-01 -8.971500e-01 124 37 9.972300e+00 2.620000e+00 4.790100e+02 4.674500e+02 0
-1.251800e+00 4.144900e+00 -3.776000e-01 -8.971500e-01 125 37 1.013800e+01 2.620000e+00 4.738600e+02 4.669000e+02 0
-7.672200e-01 5.069800e+00 -4.283900e-01 -8.971500e-01 149 37 1.117900e+01 2.620000e+00 5.750300e+02 4.541000e+02 1
-7.317500e-01 5.142000e+00 -4.323600e-01 -8.971500e-01 150 37 1.188000e+01 2.620000e+00 5.811100e+02 4.532900e+02 1
-7.366600e-01 5.178200e+00 -4.343400e-01 -8.971500e-01 151 37 1.194400e+01 2.620000e+00 5.813000e+02 4.528800e+02 1
-7.415700e-01 5.216400e+00 -4.364400e-01 -8.971500e-01 152 37 1.207600e+01 2.620000e+00 5.815300e+02 4.524500e+02 1
-7.464900e-01 5.251900e+00 -4.383900e-01 -8.971500e-01 153 37 1.205900e+01 2.620000e+00 5.817000e+02 4.520600e+02 1
-7.931400e-01 5.278200e+00 -4.398300e-01 -8.971500e-01 154 37 1.163800e+01 2.620000e+00 5.766300e+02 4.517400e+02 1
-8.823600e-01 5.286400e+00 -4.402800e-01 -8.971500e-01 155 37 1.090500e+01 2.620000e+00 5.660600e+02 4.515900e+02 1
7.945100e-01 1.728200e+00 -2.449000e-01 -8.651100e-01 57 38 9.930400e+00 2.620000e+00 9.372900e+02 5.782400e+02 0
7.931400e-01 1.757300e+00 -2.465000e-01 -8.651100e-01 58 38 9.840100e+00 2.620000e+00 9.324900e+02 5.750200e+02 0
-5.312200e-01 1.968300e+00 -2.580800e-01 -8.651100e-01 60 38 9.767000e+00 2.620000e+00 4.602500e+02 5.499000e+02 0
-1.184100e+00 4.137900e+00 -3.772200e-01 -8.651100e-01 125 38 1.001800e+01 2.620000e+00 4.838500e+02 4.670900e+02 1
2.155400e+00 1.721900e+00 -2.445500e-01 -6.087800e-01 80 46 1.008800e+01 2.620000e+00 1.494400e+03 5.856600e+02 0
2.160900e+00 1.770100e+00 -2.472000e-01 -6.087800e-01 81 46 1.098700e+01 2.620000e+00 1.472900e+03 5.800400e+02 0
2.121600e+00 1.871100e+00 -2.527400e-01 -6.087800e-01 82 46 1.111000e+01 2.620000e+00 1.412300e+03 5.690500e+02 0
2.058300e+00 1.985700e+00 -2.590400e-01 -6.087800e-01 83 46 1.040900e+01 2.620000e+00 1.344900e+03 5.579800e+02 0
2.155400e+00 1.720700e+00 -2.444800e-01 -5.767400e-01 80 47 1.053800e+01 2.620000e+00 1.495100e+03 5.858000e+02 0
2.160900e+00 1.769800e+00 -2.471800e-01 -5.767400e-01 81 47 1.145700e+01 2.620000e+00 1473 5.800600e+02 0
2.165800e+00 1.813000e+00 -2.495500e-01 -5.767400e-01 82 47 1.144800e+01 2.620000e+00 1.454800e+03 5.753000e+02 0
2.237300e+00 1.765700e+00 -2.469600e-01 -5.767400e-01 83 47 1.063100e+01 2.620000e+00 1.506300e+03 5.809100e+02 0
2.491000e+00 1.463500e+00 -2.303600e-01 -5.767400e-01 84 47 1.011900e+01 2.620000e+00 1.823100e+03 6.253700e+02 0
2.475200e+00 1.566600e+00 -2.360300e-01 -5.767400e-01 85 47 1.072500e+01 2.620000e+00 1.732900e+03 6.084300e+02 0
2.435100e+00 1.695000e+00 -2.430800e-01 -5.767400e-01 86 47 1.099700e+01 2.620000e+00 1.628800e+03 5.904300e+02 0
2.416800e+00 1.782600e+00 -2.478800e-01 -5.767400e-01 87 47 1.058900e+01 2.620000e+00 1571 5.798400e+02 0
2.182700e+00 1.695700e+00 -2.431100e-01 -5.447000e-01 81 48 1.008600e+01 2.620000e+00 1.519700e+03 5.890200e+02 0
2.254200e+00 1.674600e+00 -2.419600e-01 -5.447000e-01 82 48 1.015700e+01 2.620000e+00 1.562200e+03 5.920700e+02 0
2.445700e+00 1.555800e+00 -2.354300e-01 -5.447000e-01 84 48 1.027200e+01 2.620000e+00 1.726900e+03 6.099000e+02 0
2.429400e+00 1.643400e+00 -2.402400e-01 -5.447000e-01 85 48 1.107400e+01 2.620000e+00 1.658600e+03 5.971600e+02 0
2.411900e+00 1.727900e+00 -2.448800e-01 -5.447000e-01 86 48 1.112100e+01 2.620000e+00 1.599400e+03 5.862300e+02 0
2.416800e+00 1.781300e+00 -2.478200e-01 -5.447000e-01 87 48 1.038900e+01 2.620000e+00 1.571700e+03 5.799800e+02 0
0 0 -1.500000e-01 -9.612300e-02 1 62 9.974100e+00 2.620000e+00 2167 -3.612800e+03 0
6.409000e-01 7.822600e-01 -1.929500e-01 -9.612300e-02 30 62 1.019900e+01 2.620000e+00 1.128500e+03 8.284500e+02 0
6.548100e-01 8.123300e-01 -1.946100e-01 -9.612300e-02 31 62 1.086700e+01 2.620000e+00 1.122900e+03 8.105800e+02 0
6.766400e-01 8.276200e-01 -1.954500e-01 -9.612300e-02 32 62 1.074200e+01 2.620000e+00 1.133300e+03 8.023600e+02 0
6.488100e-01 7.486100e-01 -1.911100e-01 -6.408200e-02 30 63 1.031900e+01 2.620000e+00 1.158800e+03 8.509700e+02 0
6.630000e-01 8.095300e-01 -1.944500e-01 -6.408200e-02 31 63 1.101900e+01 2.620000e+00 1.132100e+03 8.123900e+02 0
6.766400e-01 8.363000e-01 -1.959200e-01 -6.408200e-02 32 63 1.097800e+01 2.620000e+00 1.128200e+03 7.975800e+02 0
7.072000e-01 8.640000e-01 -1.974400e-01 -6.408200e-02 33 63 1.010800e+01 2.620000e+00 1.138400e+03 7.836400e+02 0
0 0 -1.500000e-01 -3.204100e-02 1 64 1.539100e+01 2.620000e+00 2167 -3.612800e+03 0
-7.093800e-02 1.119900e-01 -1.561500e-01 -3.204100e-02 5 64 1.420800e+01 2.620000e+00 -3.119200e+03 7.729600e+03 0
-1.585200e-01 1.859600e-01 -1.602100e-01 -3.204100e-02 8 64 1.335900e+01 2.620000e+00 -1.094200e+03 2.920400e+03 0
-2.008100e-01 1.921900e-01 -1.605500e-01 -3.204100e-02 9 64 1.274000e+01 2.620000e+00 -1.199900e+03 2.765300e+03 0
-2.480100e-01 1.856200e-01 -1.601900e-01 -3.204100e-02 10 64 1.265000e+01 2.620000e+00 -1.528900e+03 2.863300e+03 0
-2.646500e-01 2.153500e-01 -1.618300e-01 -3.204100e-02 11 64 1.220500e+01 2.620000e+00 -1.151200e+03 2.365500e+03 0
-2.881200e-01 2.255200e-01 -1.623800e-01 -3.204100e-02 12 64 1.173100e+01 2.620000e+00 -1.118400e+03 2.231400e+03 0
-3.077600e-01 2.752100e-01 -1.651100e-01 -3.204100e-02 13 64 11 2.620000e+00 -7.461200e+02 1.794300e+03 0
-3.050300e-01 3.012900e-01 -1.665400e-01 -3.204100e-02 14 64 1.041700e+01 2.620000e+00 -5.813200e+02 1.641300e+03 0
-1.222300e-01 3.804400e-01 -1.708900e-01 -3.204100e-02 15 64 1.043100e+01 2.620000e+00 9.278800e+01 1.349200e+03 0
3.683300e-01 2.531000e-01 -1.639000e-01 -3.204100e-02 28 64 1.209800e+01 2.620000e+00 1.444600e+03 2.176200e+03 0
6.875500e-01 6.332600e-01 -1.847700e-01 -3.204100e-02 29 64 1.362000e+01 2.620000e+00 1.305900e+03 9.502000e+02 0
6.804600e-01 7.253900e-01 -1.898300e-01 -3.204100e-02 30 64 1.448400e+01 2.620000e+00 1.208800e+03 8.686500e+02 0
6.793700e-01 7.974600e-01 -1.937900e-01 -3.204100e-02 31 64 1.460400e+01 2.620000e+00 1.154800e+03 8.199400e+02 0
6.766400e-01 8.320100e-01 -1.956900e-01 -3.204100e-02 32 64 1.404700e+01 2.620000e+00 1.130700e+03 7.999300e+02 0
6.722700e-01 8.702900e-01 -1.977900e-01 -3.204100e-02 33 64 1.248200e+01 2.620000e+00 1.105400e+03 7.798200e+02 0
-8.212400e-01 9.041100e-01 -1.996500e-01 -3.204100e-02 36 64 1.053500e+01 2.620000e+00 -4.200500e+01 7.394300e+02 0
-8.348900e-01 9.109300e-01 -2.000200e-01 -3.204100e-02 37 64 1.112300e+01 2.620000e+00 -4.584000e+01 7.365000e+02 0
-8.580800e-01 8.987900e-01 -1.993500e-01 -3.204100e-02 38 64 1.088800e+01 2.620000e+00 -7.295900e+01 741 0
