0 0 -1.500000e-01 0 1 65 1.638500e+01 3.140000e+00 2167 -3.612800e+03 0
-7.093800e-02 1.118600e-01 -1.573600e-01 0 5 65 1.522400e+01 3.140000e+00 -3.136700e+03 7.782600e+03 0
-1.585200e-01 1.860300e-01 -1.622500e-01 0 8 65 1.438700e+01 3.140000e+00 -1.094300e+03 2.931400e+03 0
-2.008100e-01 1.920000e-01 -1.626400e-01 0 9 65 1.370000e+01 3.140000e+00 -1.204100e+03 2.780900e+03 0
-2.480100e-01 1.872300e-01 -1.623300e-01 0 10 65 1.365600e+01 3.140000e+00 -1.500800e+03 2.842500e+03 0
-2.619200e-01 2.227300e-01 -1.646600e-01 0 11 65 1.307800e+01 3.140000e+00 -1.055900e+03 2.285200e+03 0
-2.851200e-01 2.350200e-01 -1.654700e-01 0 12 65 1.265600e+01 3.140000e+00 -1.008300e+03 2.140600e+03 0
-3.044900e-01 2.822900e-01 -1.685800e-01 0 13 65 1.191400e+01 3.140000e+00 -6.914300e+02 1.759200e+03 0
-3.085800e-01 3.014000e-01 -1.698400e-01 0 14 65 1.149600e+01 3.140000e+00 -5.901700e+02 1.649200e+03 0
-1.260500e-01 2.286200e-01 -1.650500e-01 0 15 65 1.130200e+01 3.140000e+00 -4.970400e+02 2.270800e+03 0
3.536000e-01 2.776900e-01 -1.682800e-01 0 28 65 1.319500e+01 3.140000e+00 1.298200e+03 1954 0
6.799100e-01 6.404500e-01 -1.921600e-01 0 29 65 1.468600e+01 3.140000e+00 1289 9.507500e+02 0
6.725500e-01 7.357900e-01 -1.984400e-01 0 30 65 1.559700e+01 3.140000e+00 1.192700e+03 8.686800e+02 0
6.793700e-01 7.975800e-01 -2.025000e-01 0 31 65 1.574400e+01 3.140000e+00 1.155100e+03 8.277000e+02 0
6.766400e-01 8.321000e-01 -2.047800e-01 0 32 65 1.522200e+01 3.140000e+00 1131 8.076600e+02 0
6.810000e-01 8.701500e-01 -2.072800e-01 0 33 65 1.379000e+01 3.140000e+00 1.113200e+03 7.877800e+02 0
6.302600e-01 9.644600e-01 -2.134900e-01 0 34 65 1.095600e+01 3.140000e+00 1.029800e+03 7.450700e+02 0
7.421200e-01 6.691800e-01 -1.940500e-01 0 35 65 1.094100e+01 3.140000e+00 1.330600e+03 9.253100e+02 0
-8.594400e-01 8.615800e-01 -2.067200e-01 0 36 65 1.172300e+01 3.140000e+00 -1.092200e+02 7.639700e+02 0
-8.643500e-01 8.660900e-01 -2.070100e-01 0 37 65 1.217600e+01 3.140000e+00 -1.084500e+02 7.619000e+02 0
-8.883600e-01 8.389500e-01 -2.052300e-01 0 38 65 1.174600e+01 3.140000e+00 -1.542700e+02 7.737700e+02 0
-9.434700e-01 7.306100e-01 -1.981000e-01 0 39 65 1.021600e+01 3.140000e+00 -3.364500e+02 8.311500e+02 0
0 0 -1.500000e-01 3.204100e-02 1 66 1.526100e+01 3.140000e+00 2167 -3.612800e+03 0
-7.093800e-02 1.121300e-01 -1.573800e-01 3.204100e-02 5 66 1.422300e+01 3.140000e+00 -3.110700e+03 7.732400e+03 0
-1.585200e-01 1.859700e-01 -1.622400e-01 3.204100e-02 8 66 1.335900e+01 3.140000e+00 -1.095200e+03 2.932600e+03 0
-2.008100e-01 1.926200e-01 -1.626800e-01 3.204100e-02 9 66 1.271000e+01 3.140000e+00 -1.194700e+03 2.769200e+03 0
-2.480100e-01 1.884600e-01 -1.624100e-01 3.204100e-02 10 66 1.264500e+01 3.140000e+00 -1479 2.818200e+03 0
-2.619200e-01 2.242800e-01 -1.647600e-01 3.204100e-02 11 66 1.212000e+01 3.140000e+00 -1.038900e+03 2.266800e+03 0
-2.851200e-01 2.361800e-01 -1.655500e-01 3.204100e-02 12 66 1.164900e+01 3.140000e+00 -9.968800e+02 2.128900e+03 0
-3.044900e-01 2.821000e-01 -1.685700e-01 3.204100e-02 13 66 1.086800e+01 3.140000e+00 -6.925900e+02 1.760300e+03 0
-3.192200e-01 2.922800e-01 -1.692400e-01 3.204100e-02 14 66 1.037100e+01 3.140000e+00 -6.689200e+02 1.696900e+03 0
3.536000e-01 3.369900e-01 -1.721800e-01 3.204100e-02 28 66 1.222600e+01 3.140000e+00 1.155600e+03 1.587500e+03 0
6.799100e-01 6.372200e-01 -1.919500e-01 3.204100e-02 29 66 1.367400e+01 3.140000e+00 1.292600e+03 9.540300e+02 0
6.725500e-01 7.333500e-01 -1.982800e-01 3.204100e-02 30 66 1.457100e+01 3.140000e+00 1.194600e+03 8.704600e+02 0
6.711800e-01 8.044300e-01 -2.029600e-01 3.204100e-02 31 66 1.472400e+01 3.140000e+00 1.143100e+03 8.233900e+02 0
6.766400e-01 8.342100e-01 -2.049200e-01 3.204100e-02 32 66 1.422000e+01 3.140000e+00 1.129800e+03 8.064900e+02 0
6.722700e-01 8.802200e-01 -2.079500e-01 3.204100e-02 33 66 1.284400e+01 3.140000e+00 1.100600e+03 7.826600e+02 0
6.302600e-01 9.613800e-01 -2.132900e-01 3.204100e-02 34 66 1.019700e+01 3.140000e+00 1.030900e+03 7.462900e+02 0
7.514000e-01 6.537300e-01 -1.930400e-01 3.204100e-02 35 66 1.015000e+01 3.140000e+00 1.359300e+03 9.402100e+02 0
-8.594400e-01 8.671200e-01 -2.070800e-01 3.204100e-02 36 66 1.086300e+01 3.140000e+00 -1.038100e+02 7.615300e+02 0
-8.741700e-01 8.719900e-01 -2.074000e-01 3.204100e-02 37 66 1.126000e+01 3.140000e+00 -1.099600e+02 7.591600e+02 0
-8.883600e-01 8.762100e-01 -2.076800e-01 3.204100e-02 38 66 1.078500e+01 3.140000e+00 -1.162800e+02 7.571200e+02 0
8.796300e-01 8.616100e+00 -7.172000e-01 -1.089400e+00 249 31 1.092900e+01 3.140000e+00 7.469000e+02 4.370800e+02 1
8.152400e-01 8.653900e+00 -7.196800e-01 -1.089400e+00 250 31 1.221900e+01 3.140000e+00 7.418600e+02 4.369100e+02 1
7.503100e-01 8.695100e+00 -7.224000e-01 -1.089400e+00 251 31 1.277600e+01 3.140000e+00 7.368100e+02 4.367200e+02 1
7.533100e-01 8.729300e+00 -7.246500e-01 -1.089400e+00 252 31 1.287600e+01 3.140000e+00 7.368600e+02 4.365800e+02 1
7.563100e-01 8.763200e+00 -7.268800e-01 -1.089400e+00 253 31 1.250500e+01 3.140000e+00 7.369200e+02 4.364400e+02 1
7.593100e-01 8.802800e+00 -7.294900e-01 -1.089400e+00 254 31 1.140600e+01 3.140000e+00 7.369400e+02 4.362900e+02 1
0 5.649300e+00 -5.218900e-01 -1.057400e+00 166 32 1.048600e+01 3.140000e+00 6.744200e+02 4.552800e+02 1
-9.058200e-02 5.757100e+00 -5.289900e-01 -1.057400e+00 167 32 1.181300e+01 3.140000e+00 6.646700e+02 4.542100e+02 1
-9.112800e-02 5.811000e+00 -5.325400e-01 -1.057400e+00 168 32 1.213800e+01 3.140000e+00 6.648800e+02 4.537200e+02 1
-1.375100e-01 5.855400e+00 -5.354600e-01 -1.057400e+00 169 32 1.159300e+01 3.140000e+00 6.600100e+02 4.533000e+02 1
0 5.971900e+00 -5.431300e-01 -1.057400e+00 172 32 1.072100e+01 3.140000e+00 6.754900e+02 4.523700e+02 1
-1.407800e-01 6.005000e+00 -5.453100e-01 -1.057400e+00 173 32 1.061100e+01 3.140000e+00 6.605200e+02 452 1
8.119700e-01 8.622500e+00 -7.176200e-01 -1.057400e+00 249 32 1.252400e+01 3.140000e+00 7.417900e+02 4.370300e+02 1
8.152400e-01 8.655900e+00 -7.198200e-01 -1.057400e+00 250 32 1.369800e+01 3.140000e+00 7.418500e+02 4.369000e+02 1
7.503100e-01 8.695500e+00 -7.224200e-01 -1.057400e+00 251 32 1.390800e+01 3.140000e+00 7.368100e+02 4.367100e+02 1
7.533100e-01 8.731400e+00 -7.247900e-01 -1.057400e+00 252 32 1.395700e+01 3.140000e+00 7.368500e+02 4.365700e+02 1
7.563100e-01 8.764600e+00 -7.269700e-01 -1.057400e+00 253 32 1.384200e+01 3.140000e+00 7.369100e+02 4.364400e+02 1
7.593100e-01 8.793500e+00 -7.288700e-01 -1.057400e+00 254 32 1.278600e+01 3.140000e+00 7.369900e+02 4.363300e+02 1
7.623100e-01 8.822100e+00 -7.307600e-01 -1.057400e+00 255 32 1.069900e+01 3.140000e+00 7.370700e+02 4.362100e+02 1
-7.966900e-01 1.271400e+01 -9.869400e-01 -1.057400e+00 366 32 1.064100e+01 3.140000e+00 6.453500e+02 4.253300e+02 1
-6.990100e-01 1.276000e+01 -9.900200e-01 -1.057400e+00 367 32 1.065800e+01 3.140000e+00 6.504100e+02 4.252700e+02 1
2.592000e+00 1.301300e+01 -1.006700e+00 -1.057400e+00 381 32 1.020400e+01 3.140000e+00 8.137700e+02 4.254800e+02 1
2.494800e+00 1.299400e+01 -1.005400e+00 -1.057400e+00 382 32 1.026900e+01 3.140000e+00 8.091100e+02 4.254900e+02 1
2.709800e+00 1.296100e+01 -1.003200e+00 -1.057400e+00 383 32 1.014800e+01 3.140000e+00 8.201600e+02 4.256000e+02 1
7.966900e-02 2.539900e+00 -3.172000e-01 -1.025300e+00 74 33 1.050300e+01 3.140000e+00 6.702900e+02 5.226600e+02 0
-2.019000e-02 2.570300e+00 -3.192000e-01 -1.025300e+00 75 33 1.046600e+01 3.140000e+00 6.451700e+02 5.209600e+02 0
-4.501800e-02 5.729400e+00 -5.271700e-01 -1.025300e+00 166 33 1.165400e+01 3.140000e+00 6.696400e+02 4.545000e+02 1
-1.358700e-01 5.781500e+00 -5.306000e-01 -1.025300e+00 167 33 1.296300e+01 3.140000e+00 6.597500e+02 4.539600e+02 1
-1.366900e-01 5.820200e+00 -5.331400e-01 -1.025300e+00 168 33 1.326700e+01 3.140000e+00 6.598900e+02 4.536100e+02 1
-1.375100e-01 5.854800e+00 -5.354200e-01 -1.025300e+00 169 33 1.266900e+01 3.140000e+00 6.600100e+02 4.533000e+02 1
-2.305500e-01 5.864600e+00 -5.360700e-01 -1.025300e+00 170 33 1.064100e+01 3.140000e+00 6.498800e+02 4.531600e+02 1
-4.638300e-02 5.936700e+00 -5.408200e-01 -1.025300e+00 171 33 1.103600e+01 3.140000e+00 6.703500e+02 4.526400e+02 1
-9.331100e-02 5.970200e+00 -5.430200e-01 -1.025300e+00 172 33 1.178400e+01 3.140000e+00 6.654300e+02 4.523200e+02 1
-1.877100e-01 6.003900e+00 -5.452300e-01 -1.025300e+00 173 33 1.151900e+01 3.140000e+00 6.554900e+02 4.519800e+02 1
-2.832100e-01 6.021100e+00 -5.463700e-01 -1.025300e+00 174 33 1.042200e+01 3.140000e+00 6.454300e+02 4.517800e+02 1
8.119700e-01 8.622300e+00 -7.176000e-01 -1.025300e+00 249 33 1.218300e+01 3.140000e+00 7.417900e+02 4.370300e+02 1
7.473000e-01 8.663100e+00 -7.202900e-01 -1.025300e+00 250 33 1.323300e+01 3.140000e+00 7.367500e+02 4.368400e+02 1
7.503100e-01 8.695100e+00 -7.224000e-01 -1.025300e+00 251 33 1.303500e+01 3.140000e+00 7.368100e+02 4.367200e+02 1
7.533100e-01 8.732500e+00 -7.248600e-01 -1.025300e+00 252 33 1.291900e+01 3.140000e+00 7.368500e+02 4.365700e+02 1
7.563100e-01 8.766200e+00 -7.270800e-01 -1.025300e+00 253 33 1.319400e+01 3.140000e+00 7.369000e+02 4.364300e+02 1
7.593100e-01 8.792700e+00 -7.288300e-01 -1.025300e+00 254 33 1.217600e+01 3.140000e+00 7.369900e+02 4.363300e+02 1
3.094000e+00 1.270300e+01 1.823700e+00 -1.025300e+00 379 33 1.030800e+01 3.140000e+00 8.389700e+02 2.898300e+02 0
2.998800e+00 1.283400e+01 -9.948300e-01 -1.025300e+00 380 33 1.061300e+01 3.140000e+00 8.360500e+02 4.259000e+02 1
3.006700e+00 1.292500e+01 -1.000900e+00 -1.025300e+00 381 33 1.070000e+01 3.140000e+00 8.354200e+02 4.257300e+02 1
3.014600e+00 1.295300e+01 -1.002700e+00 -1.025300e+00 382 33 1.096100e+01 3.140000e+00 8.355100e+02 4.256800e+02 1
3.022500e+00 1.296600e+01 -1.003500e+00 -1.025300e+00 383 33 1.070300e+01 3.140000e+00 8.357700e+02 4.256600e+02 1
5.975200e-02 2.548000e+00 -3.177400e-01 -9.932700e-01 74 34 1.055100e+01 3.140000e+00 6.652500e+02 5.222200e+02 0
-2.019000e-02 2.582000e+00 -3.199700e-01 -9.932700e-01 75 34 1.043300e+01 3.140000e+00 6.454000e+02 5.204000e+02 0
-4.501800e-02 5.725700e+00 -5.269200e-01 -9.932700e-01 166 34 1.099000e+01 3.140000e+00 6.696200e+02 4.545300e+02 1
-1.358700e-01 5.786200e+00 -5.309100e-01 -9.932700e-01 167 34 1.219800e+01 3.140000e+00 6.597800e+02 4.539200e+02 1
-1.822600e-01 5.823700e+00 -5.333700e-01 -9.932700e-01 168 34 1.248000e+01 3.140000e+00 6.548900e+02 4.535500e+02 1
-1.833500e-01 5.859000e+00 -5.356900e-01 -9.932700e-01 169 34 1.195300e+01 3.140000e+00 6.550100e+02 4.532400e+02 1
-9.221900e-02 5.899800e+00 -5.383800e-01 -9.932700e-01 170 34 1.068000e+01 3.140000e+00 6.652000e+02 4.529300e+02 1
0 5.933500e+00 -5.406000e-01 -9.932700e-01 171 34 1.074900e+01 3.140000e+00 6.753700e+02 4.526900e+02 1
-1.399700e-01 5.967600e+00 -5.428500e-01 -9.932700e-01 172 34 1.118600e+01 3.140000e+00 6.603900e+02 4.523200e+02 1
-2.815700e-01 5.999400e+00 -5.449400e-01 -9.932700e-01 173 34 1.074900e+01 3.140000e+00 6.454200e+02 4.519600e+02 1
4.755600e-01 8.669800e+00 -7.207300e-01 -9.932700e-01 250 34 1.037800e+01 3.140000e+00 7.165200e+02 4.367200e+02 1
9.167400e-01 2.255800e+00 -2.985000e-01 -9.612300e-01 71 35 1.040400e+01 3.140000e+00 9.144000e+02 5.408900e+02 0
9.104600e-01 2.305900e+00 -3.018000e-01 -9.612300e-01 72 35 1.040100e+01 3.140000e+00 9.075400e+02 5.377100e+02 0
-2.608300e+00 7.928600e+00 -6.719400e-01 -9.612300e-01 240 35 1.145400e+01 3.140000e+00 4.713300e+02 4.388000e+02 1
-2.750200e+00 7.914500e+00 -6.710100e-01 -9.612300e-01 241 35 1.203600e+01 3.140000e+00 4.596900e+02 4.388100e+02 1
-2.893200e+00 7.897700e+00 -6.699000e-01 -9.612300e-01 242 35 1.195200e+01 3.140000e+00 4.478500e+02 4.388300e+02 1
-2.971200e+00 7.905600e+00 -6.704300e-01 -9.612300e-01 243 35 1.135200e+01 3.140000e+00 4.419200e+02 4.387600e+02 1
-2.983500e+00 7.918000e+00 -6.712400e-01 -9.612300e-01 244 35 1.024600e+01 3.140000e+00 4.413400e+02 4.387000e+02 1
-3.706200e+00 9.127400e+00 -7.508600e-01 -9.612300e-01 284 35 1.097300e+01 3.140000e+00 4.252100e+02 4.336200e+02 1
-3.796800e+00 9.129300e+00 -7.509800e-01 -9.612300e-01 285 35 1.131800e+01 3.140000e+00 4.190800e+02 4.335900e+02 1
-3.887900e+00 9.133800e+00 -7.512800e-01 -9.612300e-01 286 35 1.095200e+01 3.140000e+00 4.129900e+02 4.335400e+02 1
-3.901600e+00 9.168700e+00 -7.535700e-01 -9.612300e-01 287 35 1.037800e+01 3.140000e+00 4.131300e+02 4.334200e+02 1
-2.738800e+00 7.884500e+00 -6.690400e-01 -9.291900e-01 240 36 1.142900e+01 3.140000e+00 4.597100e+02 4.389500e+02 1
-2.750200e+00 7.908700e+00 -6.706300e-01 -9.291900e-01 241 36 1.199700e+01 3.140000e+00 4.595200e+02 4.388300e+02 1
-2.827400e+00 7.901400e+00 -6.701500e-01 -9.291900e-01 242 36 1.182700e+01 3.140000e+00 4.531800e+02 4.388400e+02 1
-2.905200e+00 7.894600e+00 -6.697000e-01 -9.291900e-01 243 36 1.103800e+01 3.140000e+00 4.468000e+02 4.388400e+02 1
-3.629000e+00 9.176400e+00 -7.540800e-01 -9.291900e-01 284 36 1.154500e+01 3.140000e+00 4.318800e+02 4.334800e+02 1
-3.796800e+00 9.152000e+00 -7.524800e-01 -9.291900e-01 285 36 1.197800e+01 3.140000e+00 4.197500e+02 4.335100e+02 1
-3.965700e+00 9.107700e+00 -7.495600e-01 -9.291900e-01 286 36 1.140600e+01 3.140000e+00 4.068800e+02 4.336100e+02 1
-3.901600e+00 9.128800e+00 -7.509500e-01 -9.291900e-01 287 36 1.049800e+01 3.140000e+00 4.119100e+02 4.335600e+02 1
-3.706200e+00 9.160600e+00 -7.530400e-01 -8.971500e-01 284 37 1.026300e+01 3.140000e+00 4.261700e+02 4.335100e+02 1
-3.951800e+00 9.096500e+00 -7.488200e-01 -8.971500e-01 285 37 1.077300e+01 3.140000e+00 4.074800e+02 4.336500e+02 1
-4.199000e+00 9.024000e+00 -7.440500e-01 -8.971500e-01 286 37 1.017600e+01 3.140000e+00 3.881600e+02 4.338200e+02 1
0 0 -1.500000e-01 -6.408200e-02 1 63 1.010100e+01 3.140000e+00 2167 -3.612800e+03 0
5.456800e-04 3.488400e-02 -1.523000e-01 -6.408200e-02 2 63 9.829500e+00 3.140000e+00 3.470600e+03 -7.189800e+03 0
0 0 -1.500000e-01 -3.204100e-02 1 64 1.542700e+01 3.140000e+00 2167 -3.612800e+03 0
-7.093800e-02 1.110700e-01 -1.573100e-01 -3.204100e-02 5 64 1.419700e+01 3.140000e+00 -3.213200e+03 7.929800e+03 0
-1.585200e-01 1.860400e-01 -1.622500e-01 -3.204100e-02 8 64 1.336000e+01 3.140000e+00 -1.094200e+03 2.931200e+03 0
-1.986300e-01 1.942900e-01 -1.627900e-01 -3.204100e-02 9 64 1.264100e+01 3.140000e+00 -1.159900e+03 2.739300e+03 0
-2.480100e-01 1.863200e-01 -1.622700e-01 -3.204100e-02 10 64 1.263700e+01 3.140000e+00 -1.517400e+03 2.860900e+03 0
-2.592000e-01 2.254800e-01 -1.648400e-01 -3.204100e-02 11 64 1.206200e+01 3.140000e+00 -1016 2.253900e+03 0
-2.851200e-01 2.325800e-01 -1.653100e-01 -3.204100e-02 12 64 1.161800e+01 3.140000e+00 -1033 2.165800e+03 0
-3.012100e-01 2.838500e-01 -1.686900e-01 -3.204100e-02 13 64 1.087900e+01 3.140000e+00 -6.727700e+02 1.750200e+03 0
-3.014900e-01 2.917500e-01 -1.692100e-01 -3.204100e-02 14 64 1.061700e+01 3.140000e+00 -6.260800e+02 1.703400e+03 0
-1.336900e-01 3.696200e-01 -1.743300e-01 -3.204100e-02 15 64 1.036300e+01 3.140000e+00 4.736600e+01 1.391100e+03 0
3.683300e-01 1.615400e-01 -1.606300e-01 -3.204100e-02 28 64 1.213600e+01 3.140000e+00 2.360300e+03 4.361900e+03 0
6.799100e-01 6.454400e-01 -1.924900e-01 -3.204100e-02 29 64 1.365900e+01 3.140000e+00 1.283600e+03 9.457600e+02 0
6.804600e-01 7.308300e-01 -1.981100e-01 -3.204100e-02 30 64 1.457400e+01 3.140000e+00 1.204700e+03 8.725400e+02 0
6.793700e-01 7.975400e-01 -2.025000e-01 -3.204100e-02 31 64 1.471300e+01 3.140000e+00 1.155100e+03 8.277200e+02 0
6.766400e-01 8.302900e-01 -2.046600e-01 -3.204100e-02 32 64 1.418400e+01 3.140000e+00 1.132100e+03 8.086500e+02 0
6.810000e-01 8.666700e-01 -2.070500e-01 -3.204100e-02 33 64 1.274800e+01 3.140000e+00 1.115100e+03 7.895300e+02 0
6.482600e-01 9.472600e-01 -2.123600e-01 -3.204100e-02 34 64 1.008000e+01 3.140000e+00 1.050200e+03 7.522800e+02 0
-8.785400e-01 8.337200e-01 -2.048800e-01 -3.204100e-02 36 64 1.056800e+01 3.140000e+00 -1.523200e+02 7.764100e+02 0
-8.741700e-01 8.403000e-01 -2.053200e-01 -3.204100e-02 37 64 1.103100e+01 3.140000e+00 -1.419900e+02 7.733900e+02 0
-8.883600e-01 8.103000e-01 -2.033400e-01 -3.204100e-02 38 64 1.068100e+01 3.140000e+00 -1.859900e+02 7.876700e+02 0
