0 0 -1.500000e-01 0 1 65 1.641400e+01 3.140000e+00 2167 -3.612800e+03 0
-7.093800e-02 1.118200e-01 -1.573600e-01 0 5 65 1.522200e+01 3.140000e+00 -3.140300e+03 7.789400e+03 0
-1.585200e-01 1.860700e-01 -1.622500e-01 0 8 65 1.440100e+01 3.140000e+00 -1.093700e+03 2.930500e+03 0
-2.008100e-01 1.913200e-01 -1.625900e-01 0 9 65 1.371900e+01 3.140000e+00 -1.214400e+03 2.793900e+03 0
-2.480100e-01 1.867800e-01 -1.623000e-01 0 10 65 1.368200e+01 3.140000e+00 -1.509100e+03 2.851700e+03 0
-2.619200e-01 2.224800e-01 -1.646500e-01 0 11 65 1.309700e+01 3.140000e+00 -1.058700e+03 2.288100e+03 0
-2.881200e-01 2.310000e-01 -1.652100e-01 0 12 65 1.273300e+01 3.140000e+00 -1.059900e+03 2.181500e+03 0
-3.044900e-01 2.823300e-01 -1.685900e-01 0 13 65 1.201100e+01 3.140000e+00 -6.911200e+02 1.758900e+03 0
-3.121300e-01 3.021700e-01 -1.698900e-01 0 14 65 1.156300e+01 3.140000e+00 -5.948400e+02 1.644500e+03 0
-1.184100e-01 3.581600e-01 -1.735800e-01 0 15 65 1.148100e+01 3.140000e+00 5.422500e+01 1.432300e+03 0
3.536000e-01 3.454400e-01 -1.727400e-01 0 28 65 1.317900e+01 3.140000e+00 1.140500e+03 1549 0
6.799100e-01 6.401500e-01 -1.921400e-01 0 29 65 1.472200e+01 3.140000e+00 1.289300e+03 9.510500e+02 0
6.725500e-01 7.367200e-01 -1.985000e-01 0 30 65 1.564400e+01 3.140000e+00 1192 8.679900e+02 0
6.711800e-01 8.044200e-01 -2.029600e-01 0 31 65 1.580700e+01 3.140000e+00 1.143100e+03 8.233900e+02 0
6.766400e-01 8.305800e-01 -2.046800e-01 0 32 65 1.528700e+01 3.140000e+00 1.131900e+03 8.085000e+02 0
6.810000e-01 8.678300e-01 -2.071300e-01 0 33 65 1.381900e+01 3.140000e+00 1.114400e+03 7.889400e+02 0
7.514000e-01 7.276900e-01 -1.979000e-01 0 35 65 1.084600e+01 3.140000e+00 1281 8.768800e+02 0
-8.403400e-01 8.848400e-01 -2.082500e-01 0 36 65 1.184400e+01 3.140000e+00 -7.308300e+01 7.542500e+02 0
-8.545300e-01 8.831000e-01 -2.081300e-01 0 37 65 1.225300e+01 3.140000e+00 -8.501800e+01 7.547500e+02 0
-8.782700e-01 8.558100e-01 -2.063400e-01 0 38 65 1.189000e+01 3.140000e+00 -1.290700e+02 7.662200e+02 0
-9.227400e-01 7.724300e-01 -2.008500e-01 0 39 65 1.066900e+01 3.140000e+00 -2.602700e+02 807 0
0 0 -1.500000e-01 3.204100e-02 1 66 1.536200e+01 3.140000e+00 2167 -3.612800e+03 0
-7.093800e-02 1.120700e-01 -1.573800e-01 3.204100e-02 5 66 1.421300e+01 3.140000e+00 -3.116700e+03 7.743900e+03 0
-1.585200e-01 1.860800e-01 -1.622500e-01 3.204100e-02 8 66 1.338700e+01 3.140000e+00 -1.093500e+03 2.930200e+03 0
-2.008100e-01 1.914400e-01 -1.626000e-01 3.204100e-02 9 66 1.270200e+01 3.140000e+00 -1.212600e+03 2.791600e+03 0
-2.480100e-01 1.873200e-01 -1.623300e-01 3.204100e-02 10 66 1.268000e+01 3.140000e+00 -1.499400e+03 2.840900e+03 0
-2.619200e-01 2.226300e-01 -1.646600e-01 3.204100e-02 11 66 1.219900e+01 3.140000e+00 -1.057100e+03 2.286400e+03 0
-2.851200e-01 2.340100e-01 -1.654000e-01 3.204100e-02 12 66 1.173500e+01 3.140000e+00 -1.018500e+03 2151 0
-3.044900e-01 2.811000e-01 -1.685000e-01 3.204100e-02 13 66 1.092100e+01 3.140000e+00 -6.990100e+02 1.766600e+03 0
-3.227700e-01 3.061400e-01 -1.701500e-01 3.204100e-02 14 66 1.043100e+01 3.140000e+00 -5.998000e+02 1.622400e+03 0
-1.222300e-01 3.063000e-01 -1.701600e-01 3.204100e-02 15 66 1.044000e+01 3.140000e+00 -9.603400e+01 1.657800e+03 0
3.536000e-01 3.481500e-01 -1.729200e-01 3.204100e-02 28 66 1.215400e+01 3.140000e+00 1.135900e+03 1.537100e+03 0
6.722700e-01 6.455100e-01 -1.924900e-01 3.204100e-02 29 66 1.371400e+01 3.140000e+00 1.274400e+03 9.454100e+02 0
6.725500e-01 7.355500e-01 -1.984200e-01 3.204100e-02 30 66 1.464600e+01 3.140000e+00 1.192900e+03 8.688500e+02 0
6.711800e-01 8.044800e-01 -2.029600e-01 3.204100e-02 31 66 1.481600e+01 3.140000e+00 1143 8.233600e+02 0
6.766400e-01 8.318900e-01 -2.047600e-01 3.204100e-02 32 66 1.430600e+01 3.140000e+00 1.131100e+03 8.077700e+02 0
6.810000e-01 8.674100e-01 -2.071000e-01 3.204100e-02 33 66 1.289500e+01 3.140000e+00 1.114700e+03 7.891600e+02 0
7.235700e-01 7.114400e-01 -1.968300e-01 3.204100e-02 35 66 1.015700e+01 3.140000e+00 1.266800e+03 8.886600e+02 0
-8.307900e-01 8.921800e-01 -2.087300e-01 3.204100e-02 36 66 1.082200e+01 3.140000e+00 -5.953900e+01 7.513500e+02 0
-8.447100e-01 8.915500e-01 -2.086900e-01 3.204100e-02 37 66 1.127300e+01 3.140000e+00 -7.015100e+01 7.513900e+02 0
-8.782700e-01 8.654700e-01 -2.069700e-01 3.204100e-02 38 66 1.095500e+01 3.140000e+00 -1.193900e+02 7.619300e+02 0
-9.331100e-01 8.175800e-01 -2.038200e-01 3.204100e-02 39 66 9.964900e+00 3.140000e+00 -2.127500e+02 7.832000e+02 0
0 0 -1.500000e-01 6.408200e-02 1 67 1.027500e+01 3.140000e+00 2167 -3.612800e+03 0
-3.355900e-02 7.734700e-03 -1.505100e-01 6.408200e-02 2 67 1.016000e+01 3.140000e+00 2.695100e+03 -4.157900e+03 0
6.957400e-01 7.795500e-01 -2.013200e-01 6.408200e-02 31 67 9.765300e+00 3.140000e+00 1.182900e+03 8.393300e+02 0
7.189300e-01 8.006500e-01 -2.027100e-01 6.408200e-02 32 67 9.803400e+00 3.140000e+00 1.189700e+03 8.267400e+02 0
7.333900e-01 7.550300e-01 -1.997000e-01 6.408200e-02 33 67 9.856700e+00 3.140000e+00 1.238600e+03 8.566100e+02 0
8.217900e-01 8.723800e+00 -7.242900e-01 -1.089400e+00 252 31 1.180600e+01 3.140000e+00 7.419600e+02 4.366200e+02 1
8.250600e-01 8.758100e+00 -7.265400e-01 -1.089400e+00 253 31 1.292500e+01 3.140000e+00 7.420100e+02 4.364900e+02 1
8.283400e-01 8.792600e+00 -7.288200e-01 -1.089400e+00 254 31 1.326700e+01 3.140000e+00 7.420600e+02 4.363500e+02 1
7.623100e-01 8.833300e+00 -7.314900e-01 -1.089400e+00 255 31 1.306200e+01 3.140000e+00 7.370100e+02 4.361700e+02 1
6.957400e-01 8.877800e+00 -7.344300e-01 -1.089400e+00 256 31 1.237600e+01 3.140000e+00 7.319600e+02 4.359700e+02 1
7.683100e-01 8.905200e+00 -7.362300e-01 -1.089400e+00 257 31 1.109100e+01 3.140000e+00 7.370900e+02 4.358900e+02 1
0 5.867100e+00 -5.362300e-01 -1.057400e+00 169 32 1.127700e+01 3.140000e+00 6.751500e+02 4.532800e+02 1
-9.221900e-02 5.896800e+00 -5.381800e-01 -1.057400e+00 170 32 1.238700e+01 3.140000e+00 6.651900e+02 4.529600e+02 1
-1.391500e-01 5.927000e+00 -5.401800e-01 -1.057400e+00 171 32 1.261000e+01 3.140000e+00 6.602500e+02 4.526700e+02 1
-1.866200e-01 5.959500e+00 -5.423100e-01 -1.057400e+00 172 32 1.199900e+01 3.140000e+00 6.553200e+02 4.523600e+02 1
-2.346400e-01 6.001900e+00 -5.451100e-01 -1.057400e+00 173 32 1.038600e+01 3.140000e+00 6.504600e+02 4.519700e+02 1
8.867200e-01 8.671800e+00 -7.208600e-01 -1.057400e+00 251 32 1.100200e+01 3.140000e+00 7.470800e+02 4.368600e+02 1
8.217900e-01 8.723800e+00 -7.242900e-01 -1.057400e+00 252 32 1.323300e+01 3.140000e+00 7.419600e+02 4.366200e+02 1
8.250600e-01 8.759700e+00 -7.266500e-01 -1.057400e+00 253 32 1.434000e+01 3.140000e+00 742 4.364800e+02 1
8.283400e-01 8.793500e+00 -7.288700e-01 -1.057400e+00 254 32 1.452300e+01 3.140000e+00 7.420500e+02 4.363500e+02 1
7.623100e-01 8.832900e+00 -7.314700e-01 -1.057400e+00 255 32 1.414000e+01 3.140000e+00 7.370100e+02 4.361700e+02 1
7.653100e-01 8.869000e+00 -7.338500e-01 -1.057400e+00 256 32 1.348900e+01 3.140000e+00 7.370500e+02 4.360300e+02 1
6.984700e-01 8.912300e+00 -7.366900e-01 -1.057400e+00 257 32 1.201400e+01 3.140000e+00 7.320100e+02 4.358400e+02 1
7.011900e-01 8.766900e+00 -7.271200e-01 -1.057400e+00 258 32 1.033100e+01 3.140000e+00 7.328500e+02 4.364100e+02 1
-7.028300e-01 1.281400e+01 -9.935300e-01 -1.057400e+00 369 32 1.025100e+01 3.140000e+00 6.504000e+02 4.251700e+02 1
-5.033900e-01 1.266400e+01 2.332200e+00 -1.057400e+00 370 32 1.003200e+01 3.140000e+00 6.579300e+02 2.659100e+02 0
8.185100e-02 2.617000e+00 -3.222800e-01 -1.025300e+00 76 33 9.995700e+00 3.140000e+00 6.715500e+02 5.190100e+02 0
1.036800e-01 2.637400e+00 -3.236200e-01 -1.025300e+00 77 33 1.043500e+01 3.140000e+00 6.771500e+02 5.181200e+02 0
-4.583700e-02 5.860700e+00 -5.358100e-01 -1.025300e+00 169 33 1.192900e+01 3.140000e+00 6.701000e+02 4.533100e+02 1
-9.221900e-02 5.894500e+00 -5.380400e-01 -1.025300e+00 170 33 1.304700e+01 3.140000e+00 6.651800e+02 4.529800e+02 1
-1.391500e-01 5.927900e+00 -5.402300e-01 -1.025300e+00 171 33 1.327000e+01 3.140000e+00 6.602500e+02 4.526600e+02 1
-1.866200e-01 5.959600e+00 -5.423200e-01 -1.025300e+00 172 33 1.268400e+01 3.140000e+00 6.553200e+02 4.523600e+02 1
-1.877100e-01 6.001100e+00 -5.450500e-01 -1.025300e+00 173 33 1.111300e+01 3.140000e+00 6.554700e+02 4.520100e+02 1
0 6.004900e+00 -5.453000e-01 -1.025300e+00 175 33 1.075500e+01 3.140000e+00 6.755900e+02 4.520800e+02 1
4.774700e-02 6.057800e+00 -5.487900e-01 -1.025300e+00 176 33 1.065900e+01 3.140000e+00 6.808200e+02 4.516700e+02 1
4.802000e-02 6.122400e+00 -5.530400e-01 -1.025300e+00 177 33 1.041000e+01 3.140000e+00 6.809900e+02 4.511400e+02 1
0 6.181200e+00 -5.569100e-01 -1.025300e+00 178 33 1.000700e+01 3.140000e+00 6.761200e+02 4.506400e+02 1
1.023100e+00 8.670400e+00 -7.207700e-01 -1.025300e+00 251 33 1.064800e+01 3.140000e+00 7.572500e+02 4.369100e+02 1
8.902700e-01 8.720200e+00 -7.240500e-01 -1.025300e+00 252 33 1.281400e+01 3.140000e+00 7.470400e+02 4.366600e+02 1
8.250600e-01 8.761500e+00 -7.267700e-01 -1.025300e+00 253 33 1.381200e+01 3.140000e+00 7.419900e+02 4.364700e+02 1
8.283400e-01 8.795200e+00 -7.289900e-01 -1.025300e+00 254 33 1.380000e+01 3.140000e+00 7.420400e+02 4.363400e+02 1
7.623100e-01 8.834000e+00 -7.315400e-01 -1.025300e+00 255 33 1.315400e+01 3.140000e+00 7.370100e+02 4.361700e+02 1
7.653100e-01 8.871200e+00 -7.339900e-01 -1.025300e+00 256 33 1.265000e+01 3.140000e+00 7.370400e+02 4.360200e+02 1
7.683100e-01 8.906400e+00 -7.363100e-01 -1.025300e+00 257 33 1.120000e+01 3.140000e+00 7.370900e+02 4.358900e+02 1
3.118500e+00 1.292500e+01 -1.000800e+00 -1.025300e+00 382 33 1.029400e+01 3.140000e+00 8.410500e+02 4.257500e+02 1
3.231000e+00 1.293700e+01 -1.001700e+00 -1.025300e+00 383 33 1.046800e+01 3.140000e+00 8.465500e+02 4.257500e+02 1
2.619200e+00 1.312000e+01 -1.013700e+00 -1.025300e+00 385 33 1.030800e+01 3.140000e+00 8.141400e+02 4.252900e+02 1
2.731100e+00 1.312700e+01 -1.014100e+00 -1.025300e+00 386 33 1.018600e+01 3.140000e+00 8.196000e+02 4.253000e+02 1
4.351800e-01 1.861800e+00 -2.725600e-01 -9.932700e-01 56 34 9.593900e+00 3.140000e+00 7.886100e+02 5.699900e+02 0
5.042100e-01 1.877200e+00 -2.735800e-01 -9.932700e-01 57 34 1.001900e+01 3.140000e+00 8.125000e+02 5.688200e+02 0
5.443100e-01 1.883900e+00 -2.740100e-01 -9.932700e-01 58 34 9.860800e+00 3.140000e+00 8.263900e+02 5.683700e+02 0
1.432400e-01 2.610900e+00 -3.218800e-01 -9.932700e-01 76 34 1.007000e+01 3.140000e+00 6.869100e+02 5.194300e+02 0
1.451500e-01 2.638000e+00 -3.236600e-01 -9.932700e-01 77 34 1.043800e+01 3.140000e+00 6.874500e+02 5.181900e+02 0
-4.583700e-02 5.841000e+00 -5.345100e-01 -9.932700e-01 169 34 1.078600e+01 3.140000e+00 6.700200e+02 4.534800e+02 1
-9.221900e-02 5.894900e+00 -5.380600e-01 -9.932700e-01 170 34 1.180600e+01 3.140000e+00 6.651800e+02 4.529800e+02 1
-9.276500e-02 5.932900e+00 -5.405600e-01 -9.932700e-01 171 34 1.199100e+01 3.140000e+00 6.653100e+02 4.526400e+02 1
-1.866200e-01 5.967800e+00 -5.428600e-01 -9.932700e-01 172 34 1.139800e+01 3.140000e+00 6.553700e+02 4.522900e+02 1
4.747400e-02 6.020300e+00 -5.463200e-01 -9.932700e-01 175 34 1.025300e+01 3.140000e+00 6.807100e+02 4.519800e+02 1
-2.301400e+00 8.090600e+00 -6.826100e-01 -9.932700e-01 242 34 1.025500e+01 3.140000e+00 4.996300e+02 4.381800e+02 0
-2.509000e+00 8.068600e+00 -6.811600e-01 -9.932700e-01 243 34 1.082800e+01 3.140000e+00 4.829200e+02 4.382000e+02 1
-2.718300e+00 8.039000e+00 -6.792100e-01 -9.932700e-01 244 34 1.059300e+01 3.140000e+00 4.658000e+02 4.382500e+02 1
1.027200e+00 8.705300e+00 -7.230700e-01 -9.932700e-01 252 34 1.031100e+01 3.140000e+00 7.573000e+02 4.367700e+02 1
1.031300e+00 8.738900e+00 -7.252800e-01 -9.932700e-01 253 34 1.079400e+01 3.140000e+00 7.573500e+02 4.366400e+02 1
9.663900e-01 8.780600e+00 -7.280300e-01 -9.932700e-01 254 34 9.961800e+00 3.140000e+00 7.522700e+02 4.364500e+02 1
-3.758600e+00 9.290400e+00 -7.615900e-01 -9.932700e-01 288 34 1.036400e+01 3.140000e+00 4.263800e+02 4.330500e+02 1
-4.007400e+00 9.217500e+00 -7.567900e-01 -9.932700e-01 289 34 1.022900e+01 3.140000e+00 4.074600e+02 4.332200e+02 1
-2.630200e+00 7.995000e+00 -6.763100e-01 -9.612300e-01 242 35 1.141800e+01 3.140000e+00 4.714600e+02 4.384800e+02 1
-2.707100e+00 8.006100e+00 -6.770400e-01 -9.612300e-01 243 35 1.217600e+01 3.140000e+00 4.657400e+02 4.384000e+02 1
-2.784600e+00 8.016300e+00 -6.777100e-01 -9.612300e-01 244 35 1.215900e+01 3.140000e+00 4.599700e+02 4.383300e+02 1
-2.862600e+00 8.026000e+00 -6.783500e-01 -9.612300e-01 245 35 1.175500e+01 3.140000e+00 4.541600e+02 4.382500e+02 1
-2.941200e+00 8.024300e+00 -6.782400e-01 -9.612300e-01 246 35 1.113600e+01 3.140000e+00 4.479800e+02 4.382300e+02 1
-3.576900e+00 9.287800e+00 -7.614100e-01 -9.612300e-01 286 35 1.119500e+01 3.140000e+00 4.385100e+02 4.331200e+02 1
-3.745500e+00 9.254800e+00 -7.592400e-01 -9.612300e-01 287 35 1.240100e+01 3.140000e+00 4.262400e+02 4.331800e+02 1
-3.836900e+00 9.255600e+00 -7.593000e-01 -9.612300e-01 288 35 1.275700e+01 3.140000e+00 4.201000e+02 4.331500e+02 1
-4.007400e+00 9.224200e+00 -7.572300e-01 -9.612300e-01 289 35 1.221000e+01 3.140000e+00 4.076600e+02 4.332000e+02 1
-4.336800e+00 9.112300e+00 -7.498600e-01 -9.612300e-01 290 35 1.061900e+01 3.140000e+00 3.817100e+02 4.334700e+02 1
-9.172800e-01 2.707300e+00 -3.282200e-01 -9.291900e-01 83 36 1.030800e+01 3.140000e+00 4.340300e+02 5.128800e+02 0
-2.827400e+00 7.927100e+00 -6.718400e-01 -9.291900e-01 242 36 1.076800e+01 3.140000e+00 4.539600e+02 4.387200e+02 1
-2.773100e+00 7.982000e+00 -6.754500e-01 -9.291900e-01 243 36 1.155800e+01 3.140000e+00 4.598700e+02 4.384900e+02 1
-2.784600e+00 8.015500e+00 -6.776600e-01 -9.291900e-01 244 36 1.165500e+01 3.140000e+00 4.599500e+02 4.383300e+02 1
-2.862600e+00 8.020500e+00 -6.779900e-01 -9.291900e-01 245 36 1.135800e+01 3.140000e+00 454 4.382800e+02 1
-3.008000e+00 7.938200e+00 -6.725700e-01 -9.291900e-01 246 36 1.072900e+01 3.140000e+00 4.400500e+02 4.386000e+02 1
-3.421400e+00 9.302200e+00 -7.623600e-01 -9.291900e-01 286 36 1.141000e+01 3.140000e+00 4.493500e+02 4.331200e+02 1
-3.745500e+00 9.240700e+00 -7.583200e-01 -9.291900e-01 287 36 1.258200e+01 3.140000e+00 4.258300e+02 4.332200e+02 1
-3.836900e+00 9.249900e+00 -7.589200e-01 -9.291900e-01 288 36 1.288700e+01 3.140000e+00 4.199400e+02 4.331600e+02 1
-4.007400e+00 9.222300e+00 -7.571000e-01 -9.291900e-01 289 36 1.226600e+01 3.140000e+00 4.076000e+02 4.332000e+02 1
-4.336800e+00 9.112600e+00 -7.498800e-01 -9.291900e-01 290 36 1.060900e+01 3.140000e+00 3.817200e+02 4.334700e+02 1
-3.188100e+00 9.348500e+00 -7.654100e-01 -8.971500e-01 286 37 10 3.140000e+00 4.661700e+02 4.330400e+02 1
-3.667500e+00 9.230700e+00 -7.576600e-01 -8.971500e-01 287 37 1.079200e+01 3.140000e+00 4.308200e+02 4.332800e+02 1
-3.836900e+00 9.234600e+00 -7.579100e-01 -8.971500e-01 288 37 1.087200e+01 3.140000e+00 4.194800e+02 4.332200e+02 1
-4.007400e+00 9.224900e+00 -7.572800e-01 -8.971500e-01 289 37 1.020000e+01 3.140000e+00 4.076900e+02 4.332000e+02 1
0 0 -1.500000e-01 -3.204100e-02 1 64 1.543600e+01 3.140000e+00 2167 -3.612800e+03 0
-7.093800e-02 1.115600e-01 -1.573400e-01 -3.204100e-02 5 64 1.418900e+01 3.140000e+00 -3.165300e+03 7.837500e+03 0
-1.585200e-01 1.860500e-01 -1.622500e-01 -3.204100e-02 8 64 1.336500e+01 3.140000e+00 -1094 2.930800e+03 0
-1.986300e-01 1.942900e-01 -1.627900e-01 -3.204100e-02 9 64 1.268100e+01 3.140000e+00 -1160 2.739400e+03 0
-2.480100e-01 1.870600e-01 -1.623100e-01 -3.204100e-02 10 64 1.265900e+01 3.140000e+00 -1504 2846 0
-2.619200e-01 2.228300e-01 -1.646700e-01 -3.204100e-02 11 64 1.206100e+01 3.140000e+00 -1.054700e+03 2.283900e+03 0
-2.881200e-01 2.318800e-01 -1.652600e-01 -3.204100e-02 12 64 1.170200e+01 3.140000e+00 -1.050600e+03 2.172100e+03 0
-3.077600e-01 2.799300e-01 -1.684300e-01 -3.204100e-02 13 64 1.103000e+01 3.140000e+00 -7.154500e+02 1.773200e+03 0
-3.121300e-01 3.026300e-01 -1.699200e-01 -3.204100e-02 14 64 1.069400e+01 3.140000e+00 -5.923900e+02 1.642200e+03 0
-1.184100e-01 3.629200e-01 -1.738900e-01 -3.204100e-02 15 64 1.050600e+01 3.140000e+00 6.463000e+01 1.415600e+03 0
3.536000e-01 3.285300e-01 -1.716300e-01 -3.204100e-02 28 64 1.214000e+01 3.140000e+00 1.171600e+03 1.628800e+03 0
6.799100e-01 6.452600e-01 -1.924800e-01 -3.204100e-02 29 64 1.369100e+01 3.140000e+00 1.283800e+03 9.459400e+02 0
6.725500e-01 7.391800e-01 -1.986600e-01 -3.204100e-02 30 64 1.461900e+01 3.140000e+00 1.190100e+03 8.662100e+02 0
6.793700e-01 7.973200e-01 -2.024900e-01 -3.204100e-02 31 64 1.479300e+01 3.140000e+00 1.155200e+03 8.278600e+02 0
6.766400e-01 8.290000e-01 -2.045700e-01 -3.204100e-02 32 64 1.428700e+01 3.140000e+00 1.132900e+03 8.093700e+02 0
6.810000e-01 8.671600e-01 -2.070900e-01 -3.204100e-02 33 64 1.283200e+01 3.140000e+00 1.114800e+03 7.892800e+02 0
-8.498900e-01 8.763000e-01 -2.076900e-01 -3.204100e-02 36 64 1.082600e+01 3.140000e+00 -8.799200e+01 7.577200e+02 0
-8.643500e-01 8.794300e-01 -2.078900e-01 -3.204100e-02 37 64 1.119100e+01 3.140000e+00 -9.562800e+01 7.561400e+02 0
-8.883600e-01 8.311000e-01 -2.047100e-01 -3.204100e-02 38 64 1.083700e+01 3.140000e+00 -1.627200e+02 7.774800e+02 0
