0 0 -1.500000e-01 0 1 65 1.636200e+01 3.220000e+00 2167 -3.612800e+03 0
-7.093800e-02 1.117100e-01 -1.575400e-01 0 5 65 1.523100e+01 3.220000e+00 -3.151700e+03 7.814400e+03 0
-1.585200e-01 1.860500e-01 -1.625600e-01 0 8 65 1.438700e+01 3.220000e+00 -1.094200e+03 2.932800e+03 0
-2.008100e-01 1.913100e-01 -1.629200e-01 0 9 65 1.370300e+01 3.220000e+00 -1.214800e+03 2796 0
-2.480100e-01 1.864600e-01 -1.625900e-01 0 10 65 1.365900e+01 3.220000e+00 -1.515200e+03 2.860100e+03 0
-2.619200e-01 2.221500e-01 -1.650000e-01 0 11 65 1.317800e+01 3.220000e+00 -1.062500e+03 2.293700e+03 0
-2.881200e-01 2.308200e-01 -1.655800e-01 0 12 65 1.268600e+01 3.220000e+00 -1.061800e+03 2185 0
-3.077600e-01 2.795900e-01 -1.688800e-01 0 13 65 1.194000e+01 3.220000e+00 -7.177500e+02 1.776800e+03 0
-3.121300e-01 3.018500e-01 -1.703800e-01 0 14 65 1.148000e+01 3.220000e+00 -5.967100e+02 1.647700e+03 0
-1.260500e-01 2.676400e-01 -1.680700e-01 0 15 65 1.139300e+01 3.220000e+00 -2.622700e+02 1.903900e+03 0
3.609700e-01 3.125100e-01 -1.711000e-01 0 28 65 1.315200e+01 3.220000e+00 1.226700e+03 1.718600e+03 0
6.799100e-01 6.376500e-01 -1.930500e-01 0 29 65 1.470100e+01 3.220000e+00 1.292100e+03 9.548500e+02 0
6.725500e-01 7.373400e-01 -1.997800e-01 0 30 65 1.563600e+01 3.220000e+00 1.191500e+03 8.687700e+02 0
6.711800e-01 8.043200e-01 -2.043000e-01 0 31 65 1.579300e+01 3.220000e+00 1.143200e+03 8.246600e+02 0
6.766400e-01 8.293500e-01 -2.059900e-01 0 32 65 1.526600e+01 3.220000e+00 1.132700e+03 8.103800e+02 0
6.810000e-01 8.668700e-01 -2.085200e-01 0 33 65 1.378600e+01 3.220000e+00 1115 7.906100e+02 0
7.885000e-01 7.465300e-01 -2.004000e-01 0 35 65 1.083200e+01 3.220000e+00 1.301600e+03 8.652800e+02 0
-8.307900e-01 8.860800e-01 -2.098200e-01 0 36 65 1.179600e+01 3.220000e+00 -6.505900e+01 755 0
-8.545300e-01 8.747900e-01 -2.090600e-01 0 37 65 1.226700e+01 3.220000e+00 -9.286700e+01 7.594000e+02 0
-8.883600e-01 8.400000e-01 -2.067100e-01 0 38 65 1.189700e+01 3.220000e+00 -1.531900e+02 7.743900e+02 0
-9.849500e-01 6.376200e-01 -1.930500e-01 0 39 65 1.044300e+01 3.220000e+00 -5.389500e+02 8.980500e+02 0
0 0 -1.500000e-01 3.204100e-02 1 66 1.530900e+01 3.220000e+00 2167 -3.612800e+03 0
-7.093800e-02 1.117500e-01 -1.575400e-01 3.204100e-02 5 66 1.422200e+01 3.220000e+00 -3.147800e+03 7.806800e+03 0
-1.585200e-01 1.859500e-01 -1.625500e-01 3.204100e-02 8 66 1.333500e+01 3.220000e+00 -1.095700e+03 2935 0
-2.008100e-01 1.917000e-01 -1.629400e-01 3.204100e-02 9 66 1.266800e+01 3.220000e+00 -1.208800e+03 2.788400e+03 0
-2.504700e-01 1.826000e-01 -1.623300e-01 3.204100e-02 10 66 1.261600e+01 3.220000e+00 -1.599900e+03 2.939400e+03 0
-2.619200e-01 2.228800e-01 -1.650500e-01 3.204100e-02 11 66 1.211600e+01 3.220000e+00 -1.054400e+03 2285 0
-2.881200e-01 2.349300e-01 -1.658600e-01 3.204100e-02 12 66 1.163900e+01 3.220000e+00 -1.019600e+03 2.142100e+03 0
-3.044900e-01 2.859500e-01 -1.693000e-01 3.204100e-02 13 66 1.091900e+01 3.220000e+00 -6.686700e+02 1.738200e+03 0
-3.014900e-01 2.669300e-01 -1.680200e-01 3.204100e-02 14 66 1.052900e+01 3.220000e+00 -7.875900e+02 1864 0
-1.298700e-01 2.546300e-01 -1.671900e-01 3.204100e-02 15 66 1.045000e+01 3.220000e+00 -3.419800e+02 2.008300e+03 0
3.609700e-01 3.118300e-01 -1.710500e-01 3.204100e-02 28 66 1.213500e+01 3.220000e+00 1.228400e+03 1.722600e+03 0
6.799100e-01 6.314100e-01 -1.926300e-01 3.204100e-02 29 66 1.370700e+01 3.220000e+00 1.299100e+03 9.612900e+02 0
6.725500e-01 7.347700e-01 -1.996000e-01 3.204100e-02 30 66 1.463500e+01 3.220000e+00 1.193600e+03 8.706400e+02 0
6.711800e-01 8.044100e-01 -2.043100e-01 3.204100e-02 31 66 1.480000e+01 3.220000e+00 1.143100e+03 8.246100e+02 0
6.766400e-01 8.298800e-01 -2.060300e-01 3.204100e-02 32 66 1.430000e+01 3.220000e+00 1.132400e+03 8.100800e+02 0
6.722700e-01 8.726000e-01 -2.089100e-01 3.204100e-02 33 66 1.288900e+01 3.220000e+00 1.104600e+03 7.875800e+02 0
6.302600e-01 9.599700e-01 -2.148100e-01 3.204100e-02 34 66 1.026800e+01 3.220000e+00 1.031500e+03 7.480200e+02 0
-8.212400e-01 8.935800e-01 -2.103300e-01 3.204100e-02 36 66 1.085900e+01 3.220000e+00 -5.145100e+01 7.520400e+02 0
-8.447100e-01 8.833600e-01 -2.096400e-01 3.204100e-02 37 66 1.135300e+01 3.220000e+00 -7.766700e+01 7.559200e+02 0
-8.883600e-01 8.497600e-01 -2.073700e-01 3.204100e-02 38 66 1.098500e+01 3.220000e+00 -1.429200e+02 7.698900e+02 0
0 0 -1.500000e-01 6.408200e-02 1 67 1.038900e+01 3.220000e+00 2167 -3.612800e+03 0
6.174300e-01 8.056200e-01 -2.043900e-01 6.408200e-02 32 67 1.007500e+01 3.220000e+00 1.093200e+03 8.226800e+02 0
6.548100e-01 8.287200e-01 -2.059500e-01 6.408200e-02 33 67 1.000600e+01 3.220000e+00 1.113700e+03 8.102600e+02 0
8.676300e-01 9.185800e+00 -7.701400e-01 -1.089400e+00 266 31 1.091900e+01 3.220000e+00 7.427500e+02 4.359200e+02 1
7.983200e-01 9.252000e+00 -7.746100e-01 -1.089400e+00 267 31 1.260600e+01 3.220000e+00 7.375700e+02 4.356600e+02 1
8.013300e-01 9.287500e+00 -7.770000e-01 -1.089400e+00 268 31 1.317700e+01 3.220000e+00 7.376100e+02 4.355400e+02 1
7.312100e-01 9.325300e+00 -7.795600e-01 -1.089400e+00 269 31 1.269000e+01 3.220000e+00 7.325800e+02 4.353800e+02 1
8.807200e-01 9.339400e+00 -7.805100e-01 -1.089400e+00 270 31 1.176300e+01 3.220000e+00 7.428500e+02 4.353800e+02 1
8.103300e-01 9.394400e+00 -7.842200e-01 -1.089400e+00 271 31 1.150700e+01 3.220000e+00 7.377300e+02 4.351600e+02 1
8.872700e-01 9.417500e+00 -7.857800e-01 -1.089400e+00 272 31 1.021200e+01 3.220000e+00 7.428800e+02 4.351100e+02 1
0 6.350400e+00 -5.787200e-01 -1.057400e+00 184 32 1.151900e+01 3.220000e+00 6.766200e+02 4.503700e+02 1
-1.004000e-01 6.401800e+00 -5.821900e-01 -1.057400e+00 185 32 1.210400e+01 3.220000e+00 6.666800e+02 4.499300e+02 1
-1.009500e-01 6.443300e+00 -5.849900e-01 -1.057400e+00 186 32 1.194400e+01 3.220000e+00 6.668000e+02 4.496300e+02 1
-1.015000e-01 6.475000e+00 -5.871300e-01 -1.057400e+00 187 32 1.147200e+01 3.220000e+00 6.668800e+02 4.494000e+02 1
-5.102100e-02 6.500000e+00 -5.888200e-01 -1.057400e+00 188 32 1.124500e+01 3.220000e+00 6.719800e+02 4.492400e+02 1
-1.025900e-01 6.538900e+00 -5.914500e-01 -1.057400e+00 189 32 1.062300e+01 3.220000e+00 6.670400e+02 4.489400e+02 1
1.036800e-01 6.608000e+00 -5.961100e-01 -1.057400e+00 191 32 1.000700e+01 3.220000e+00 6.873900e+02 4.485600e+02 1
1.042200e-01 6.629600e+00 -5.975700e-01 -1.057400e+00 192 32 1.037700e+01 3.220000e+00 6.874700e+02 4.484100e+02 1
7.953200e-01 9.220300e+00 -7.724700e-01 -1.057400e+00 266 32 1.179100e+01 3.220000e+00 7.375100e+02 4.357700e+02 1
7.983200e-01 9.254800e+00 -7.748000e-01 -1.057400e+00 267 32 1.346100e+01 3.220000e+00 7.375600e+02 4.356500e+02 1
7.284800e-01 9.294900e+00 -7.775100e-01 -1.057400e+00 268 32 1.398200e+01 3.220000e+00 7.325200e+02 4.354900e+02 1
7.312100e-01 9.327000e+00 -7.796700e-01 -1.057400e+00 269 32 1.319300e+01 3.220000e+00 7.325800e+02 4.353700e+02 1
1.027500e+00 9.338000e+00 -7.804100e-01 -1.057400e+00 270 32 1.166000e+01 3.220000e+00 753 4.354300e+02 0
8.103300e-01 9.394400e+00 -7.842200e-01 -1.057400e+00 271 32 1.203500e+01 3.220000e+00 7.377200e+02 4.351600e+02 1
8.133300e-01 9.415500e+00 -7.856400e-01 -1.057400e+00 272 32 1.046600e+01 3.220000e+00 7.378300e+02 4.350900e+02 1
4.774700e-01 2.392700e+00 -3.115300e-01 -1.025300e+00 71 33 1.051200e+01 3.220000e+00 7.785500e+02 5.324700e+02 0
4.842900e-01 2.407600e+00 -3.125400e-01 -1.025300e+00 72 33 1.054800e+01 3.220000e+00 7.798900e+02 5.316600e+02 0
-4.992900e-02 6.379100e+00 -5.806600e-01 -1.025300e+00 184 33 1.167800e+01 3.220000e+00 6.716600e+02 4.501300e+02 1
-5.020200e-02 6.414500e+00 -5.830400e-01 -1.025300e+00 185 33 1.222300e+01 3.220000e+00 6.717600e+02 4.498700e+02 1
-1.009500e-01 6.449600e+00 -5.854100e-01 -1.025300e+00 186 33 1.195300e+01 3.220000e+00 6.668300e+02 4.495800e+02 1
-1.522400e-01 6.468600e+00 -5.867000e-01 -1.025300e+00 187 33 1.108900e+01 3.220000e+00 6.618200e+02 4.494200e+02 1
-1.020400e-01 6.447100e+00 -5.852500e-01 -1.025300e+00 188 33 1.075200e+01 3.220000e+00 6.667100e+02 4.496000e+02 1
-2.051700e-01 6.341600e+00 -5.781200e-01 -1.025300e+00 189 33 1.014500e+01 3.220000e+00 6.558100e+02 4.503300e+02 1
-1.042200e-01 6.636100e+00 -5.980100e-01 -1.025300e+00 192 33 1.022100e+01 3.220000e+00 6.672800e+02 4.482600e+02 1
-2.783000e+00 8.457800e+00 -7.209900e-01 -1.025300e+00 256 33 1.045200e+01 3.220000e+00 4.722800e+02 4.374700e+02 1
-2.793900e+00 8.472700e+00 -7.220000e-01 -1.025300e+00 257 33 1.084200e+01 3.220000e+00 4.718600e+02 4.374000e+02 1
6.507200e-01 9.214200e+00 -7.720600e-01 -1.025300e+00 266 33 1.091400e+01 3.220000e+00 7.274300e+02 4.357500e+02 1
7.257500e-01 9.260500e+00 -7.751800e-01 -1.025300e+00 267 33 1.245900e+01 3.220000e+00 7.324800e+02 4.356100e+02 1
7.284800e-01 9.296000e+00 -7.775800e-01 -1.025300e+00 268 33 1.289200e+01 3.220000e+00 7.325200e+02 4.354800e+02 1
6.580900e-01 9.334000e+00 -7.801400e-01 -1.025300e+00 269 33 12 3.220000e+00 7.275000e+02 4.353300e+02 1
1.100900e+00 9.329600e+00 -7.798500e-01 -1.025300e+00 270 33 9.954200e+00 3.220000e+00 7.581300e+02 4.354800e+02 0
8.103300e-01 9.390300e+00 -7.839400e-01 -1.025300e+00 271 33 1.062300e+01 3.220000e+00 7.377400e+02 4.351800e+02 1
6.264400e-01 1.780800e+00 -2.702200e-01 -9.932700e-01 57 34 1.030500e+01 3.220000e+00 8.657200e+02 5.800100e+02 0
4.774700e-01 2.387300e+00 -3.111700e-01 -9.932700e-01 71 34 1.076000e+01 3.220000e+00 7.787500e+02 5.327800e+02 0
4.842900e-01 2.425500e+00 -3.137500e-01 -9.932700e-01 72 34 1.088400e+01 3.220000e+00 7.792300e+02 5.306700e+02 0
4.911100e-01 2.465800e+00 -3.164700e-01 -9.932700e-01 73 34 1.015000e+01 3.220000e+00 7.796200e+02 5.285200e+02 0
-2.633400e+00 8.470500e+00 -7.218500e-01 -9.932700e-01 255 34 1.112500e+01 3.220000e+00 4.836900e+02 4.374700e+02 1
-2.783000e+00 8.459400e+00 -7.211000e-01 -9.932700e-01 256 34 1.254600e+01 3.220000e+00 4.723200e+02 4.374600e+02 1
-2.863700e+00 8.468000e+00 -7.216800e-01 -9.932700e-01 257 34 1.274100e+01 3.220000e+00 4.665600e+02 4.374000e+02 1
-3.155400e+00 8.385200e+00 -7.160900e-01 -9.932700e-01 258 34 1.106200e+01 3.220000e+00 4.425500e+02 4.376300e+02 1
-2.604500e+00 8.621600e+00 -7.320500e-01 -9.932700e-01 259 34 1.134400e+01 3.220000e+00 4.894800e+02 4.368700e+02 1
-2.755900e+00 8.587800e+00 -7.297700e-01 -9.932700e-01 260 34 1.146200e+01 3.220000e+00 4.776000e+02 4.369500e+02 1
6.302600e-01 1.758400e+00 -2.687100e-01 -9.612300e-01 56 35 1.041500e+01 3.220000e+00 8.695000e+02 5.824100e+02 0
6.111600e-01 1.810800e+00 -2.722500e-01 -9.612300e-01 57 35 1.080800e+01 3.220000e+00 857 5.768400e+02 0
5.909700e-01 1.878100e+00 -2.767900e-01 -9.612300e-01 58 35 1.019700e+01 3.220000e+00 8.435900e+02 5.702000e+02 0
-2.772000e+00 8.418800e+00 -7.183600e-01 -9.612300e-01 255 35 1.104500e+01 3.220000e+00 4.720700e+02 4.376300e+02 1
-2.783000e+00 8.456900e+00 -7.209300e-01 -9.612300e-01 256 35 1.249300e+01 3.220000e+00 4.722500e+02 4.374700e+02 1
-2.863700e+00 8.463000e+00 -7.213400e-01 -9.612300e-01 257 35 1.267700e+01 3.220000e+00 4.664300e+02 4.374200e+02 1
-3.155400e+00 8.368600e+00 -7.149700e-01 -9.612300e-01 258 35 1.111900e+01 3.220000e+00 4.420500e+02 4.377000e+02 1
-2.674900e+00 8.598700e+00 -7.305000e-01 -9.612300e-01 259 35 1.158900e+01 3.220000e+00 4.837900e+02 4.369400e+02 1
-2.755900e+00 8.614100e+00 -7.315400e-01 -9.612300e-01 260 35 1.158500e+01 3.220000e+00 4.782600e+02 4.368500e+02 1
-2.624700e+00 8.666200e+00 -7.350600e-01 -9.612300e-01 261 35 1.039000e+01 3.220000e+00 4.890600e+02 4.366900e+02 1
-3.834200e+00 9.699500e+00 -8.048200e-01 -9.612300e-01 300 35 1.145700e+01 3.220000e+00 4.327400e+02 4.327500e+02 1
-3.928900e+00 9.690100e+00 -8.041900e-01 -9.612300e-01 301 35 1.155600e+01 3.220000e+00 4.263900e+02 4.327600e+02 1
-3.942000e+00 9.709200e+00 -8.054700e-01 -9.612300e-01 302 35 1.031200e+01 3.220000e+00 4.260800e+02 4.326900e+02 1
-3.625500e+00 9.675400e+00 2.116100e+00 -9.612300e-01 303 35 1.002900e+01 3.220000e+00 4.459900e+02 2.509100e+02 0
-3.637500e+00 9.932000e+00 -8.205200e-01 -9.612300e-01 304 35 1.020600e+01 3.220000e+00 4.511900e+02 4.321200e+02 1
-2.991700e+00 8.225100e+00 -7.052800e-01 -9.291900e-01 256 36 1.029700e+01 3.220000e+00 4.501200e+02 4.383600e+02 1
-3.143100e+00 8.288200e+00 -7.095400e-01 -9.291900e-01 257 36 1.051000e+01 3.220000e+00 4.405400e+02 4.380400e+02 1
-3.671000e+00 9.771700e+00 -8.097000e-01 -9.291900e-01 300 36 1.108500e+01 3.220000e+00 4.450800e+02 4.325800e+02 1
-3.928900e+00 9.692200e+00 -8.043200e-01 -9.291900e-01 301 36 1.128000e+01 3.220000e+00 4.264500e+02 4.327500e+02 1
-4.106200e+00 9.496300e+00 -7.911000e-01 -9.291900e-01 302 36 1.030600e+01 3.220000e+00 4.093300e+02 4.333000e+02 1
1.082600e+00 1.825400e+00 -2.732300e-01 -8.651100e-01 63 38 1.034000e+01 3.220000e+00 1032 5.774800e+02 0
0 0 -1.500000e-01 -3.204100e-02 1 64 1.537300e+01 3.220000e+00 2167 -3.612800e+03 0
-7.093800e-02 1.113900e-01 -1.575200e-01 -3.204100e-02 5 64 1.421000e+01 3.220000e+00 -3.182500e+03 7.873600e+03 0
-1.585200e-01 1.861000e-01 -1.625600e-01 -3.204100e-02 8 64 1.340400e+01 3.220000e+00 -1.093500e+03 2.931800e+03 0
-2.008100e-01 1.911500e-01 -1.629000e-01 -3.204100e-02 9 64 1.269400e+01 3.220000e+00 -1.217300e+03 2.799100e+03 0
-2.480100e-01 1.859000e-01 -1.625500e-01 -3.204100e-02 10 64 1.266500e+01 3.220000e+00 -1.525500e+03 2.871500e+03 0
-2.646500e-01 2.170900e-01 -1.646600e-01 -3.204100e-02 11 64 1.225200e+01 3.220000e+00 -1.131400e+03 2.355500e+03 0
-2.911200e-01 2.252700e-01 -1.652100e-01 -3.204100e-02 12 64 1.169000e+01 3.220000e+00 -1.133200e+03 2.245300e+03 0
-3.077600e-01 2.792600e-01 -1.688500e-01 -3.204100e-02 13 64 1.093600e+01 3.220000e+00 -7.199400e+02 1779 0
-3.121300e-01 3.086600e-01 -1.708400e-01 -3.204100e-02 14 64 1.043600e+01 3.220000e+00 -5.608500e+02 1.613100e+03 0
-1.184100e-01 3.097300e-01 -1.709100e-01 -3.204100e-02 15 64 1.048000e+01 3.220000e+00 -7.509200e+01 1642 0
3.609700e-01 3.407400e-01 -1.730000e-01 -3.204100e-02 28 64 1.214300e+01 3.220000e+00 1.167700e+03 1.572800e+03 0
6.799100e-01 6.426400e-01 -1.933900e-01 -3.204100e-02 29 64 1.368100e+01 3.220000e+00 1.286700e+03 9.498000e+02 0
6.725500e-01 7.403600e-01 -1.999800e-01 -3.204100e-02 30 64 1.461400e+01 3.220000e+00 1.189200e+03 8.665800e+02 0
6.793700e-01 7.970500e-01 -2.038100e-01 -3.204100e-02 31 64 1.477400e+01 3.220000e+00 1.155500e+03 8.292200e+02 0
6.766400e-01 8.264500e-01 -2.057900e-01 -3.204100e-02 32 64 1.424900e+01 3.220000e+00 1.134500e+03 812 0
6.810000e-01 8.633100e-01 -2.082800e-01 -3.204100e-02 33 64 1.279300e+01 3.220000e+00 1117 7.924200e+02 0
7.977800e-01 7.608000e-01 -2.013600e-01 -3.204100e-02 35 64 1.004200e+01 3.220000e+00 1.297700e+03 8.555300e+02 0
-8.307900e-01 8.871100e-01 -2.098900e-01 -3.204100e-02 36 64 1.079800e+01 3.220000e+00 -6.413000e+01 7.545700e+02 0
-8.545300e-01 8.763400e-01 -2.091600e-01 -3.204100e-02 37 64 1.120600e+01 3.220000e+00 -9.139800e+01 7.587300e+02 0
-8.984600e-01 8.207000e-01 -2.054100e-01 -3.204100e-02 38 64 1.084900e+01 3.220000e+00 -1.821400e+02 7.834300e+02 0
