0 0 -1.500000e-01 0 1 65 1.629800e+01 3.480000e+00 2167 -3.612800e+03 0
-7.093800e-02 1.120600e-01 -1.581800e-01 0 5 65 1.522600e+01 3.480000e+00 -3.120300e+03 7.763400e+03 0
-1.585200e-01 1.860700e-01 -1.635800e-01 0 8 65 1.439400e+01 3.480000e+00 -1.094400e+03 2.938500e+03 0
-2.008100e-01 1.908000e-01 -1.639200e-01 0 9 65 1.370000e+01 3.480000e+00 -1.223300e+03 2.811900e+03 0
-2.480100e-01 1.853700e-01 -1.635300e-01 0 10 65 1.366300e+01 3.480000e+00 -1.535900e+03 2.888400e+03 0
-2.619200e-01 2.206200e-01 -1.661000e-01 0 11 65 1.313500e+01 3.480000e+00 -1.080300e+03 2.317700e+03 0
-2.851200e-01 2.331300e-01 -1.670100e-01 0 12 65 1.272000e+01 3.480000e+00 -1028 2.166800e+03 0
-3.044900e-01 2.816100e-01 -1.705500e-01 0 13 65 1.195600e+01 3.480000e+00 -6.962000e+02 1.769600e+03 0
-3.085800e-01 2.992200e-01 -1.718400e-01 0 14 65 1.159300e+01 3.480000e+00 -6.024800e+02 1.666800e+03 0
-1.184100e-01 3.749300e-01 -1.773600e-01 0 15 65 1.133500e+01 3.480000e+00 8.926400e+01 1.381400e+03 0
-3.601500e-01 3.774000e-01 -1.775400e-01 0 16 65 1.129100e+01 3.480000e+00 -3.780700e+02 1.347200e+03 0
3.609700e-01 3.018400e-01 -1.720300e-01 0 28 65 1.315200e+01 3.480000e+00 1.253300e+03 1.788800e+03 0
6.799100e-01 6.373300e-01 -1.965100e-01 0 29 65 1.469700e+01 3.480000e+00 1.292700e+03 9.592800e+02 0
6.725500e-01 7.363400e-01 -2.037300e-01 0 30 65 1.565200e+01 3.480000e+00 1.192500e+03 8.734700e+02 0
6.711800e-01 8.044000e-01 -2.087000e-01 0 31 65 1.582200e+01 3.480000e+00 1.143300e+03 8.285300e+02 0
6.766400e-01 8.302400e-01 -2.105900e-01 0 32 65 1.533200e+01 3.480000e+00 1.132300e+03 8.137800e+02 0
6.810000e-01 8.660200e-01 -2.132000e-01 0 33 65 1.394000e+01 3.480000e+00 1.115700e+03 7.949100e+02 0
6.482600e-01 9.509400e-01 -2.193900e-01 0 34 65 1.095500e+01 3.480000e+00 1.048900e+03 7.557600e+02 0
7.514000e-01 7.095900e-01 -2.017800e-01 0 35 65 1.069500e+01 3.480000e+00 1.298700e+03 8.962200e+02 0
-8.403400e-01 8.731700e-01 -2.137200e-01 0 36 65 1.160500e+01 3.480000e+00 -8.409100e+01 7.639600e+02 0
-8.545300e-01 8.677100e-01 -2.133200e-01 0 37 65 1.203700e+01 3.480000e+00 -9.978500e+01 7.660900e+02 0
-8.883600e-01 8.308800e-01 -2.106300e-01 0 38 65 1.151000e+01 3.480000e+00 -1.631700e+02 7.823300e+02 0
0 0 -1.500000e-01 3.204100e-02 1 66 1.540200e+01 3.480000e+00 2167 -3.612800e+03 0
-7.093800e-02 1.126500e-01 -1.582200e-01 3.204100e-02 5 66 1.421100e+01 3.480000e+00 -3.065200e+03 7.657100e+03 0
-1.585200e-01 1.860400e-01 -1.635800e-01 3.204100e-02 8 66 1.338000e+01 3.480000e+00 -1095 2.939300e+03 0
-2.008100e-01 1.906600e-01 -1.639100e-01 3.204100e-02 9 66 1.269700e+01 3.480000e+00 -1.225500e+03 2.814600e+03 0
-2.504700e-01 1.809600e-01 -1.632100e-01 3.204100e-02 10 66 1.265600e+01 3.480000e+00 -1.633100e+03 2.981500e+03 0
-2.619200e-01 2.200600e-01 -1.660600e-01 3.204100e-02 11 66 1.221300e+01 3.480000e+00 -1.086700e+03 2.324600e+03 0
-2.851200e-01 2.329000e-01 -1.670000e-01 3.204100e-02 12 66 1.178000e+01 3.480000e+00 -1.030400e+03 2.169300e+03 0
-3.077600e-01 2.780600e-01 -1.702900e-01 3.204100e-02 13 66 1.097500e+01 3.480000e+00 -7.282300e+02 1.791400e+03 0
-3.121300e-01 2.954800e-01 -1.715600e-01 3.204100e-02 14 66 1.062600e+01 3.480000e+00 -6.324800e+02 1.686500e+03 0
-1.145900e-01 4.470300e-01 -1.826200e-01 3.204100e-02 15 66 1.034900e+01 3.480000e+00 2.112100e+02 1.195200e+03 0
3.683300e-01 2.719600e-01 -1.698500e-01 3.204100e-02 28 66 1.209400e+01 3.480000e+00 1.369400e+03 2.013300e+03 0
6.722700e-01 6.382800e-01 -1.965800e-01 3.204100e-02 29 66 1.365200e+01 3.480000e+00 1.282400e+03 9.580100e+02 0
6.725500e-01 7.339800e-01 -2.035600e-01 3.204100e-02 30 66 1.463400e+01 3.480000e+00 1.194400e+03 8.752000e+02 0
6.711800e-01 8.044700e-01 -2.087100e-01 3.204100e-02 31 66 1.481000e+01 3.480000e+00 1.143300e+03 8.284800e+02 0
6.766400e-01 8.305500e-01 -2.106100e-01 3.204100e-02 32 66 1.432900e+01 3.480000e+00 1.132200e+03 8.136000e+02 0
6.810000e-01 8.632400e-01 -2.129900e-01 3.204100e-02 33 66 1.295900e+01 3.480000e+00 1.117200e+03 7.963200e+02 0
7.421200e-01 7.882000e-01 -2.075200e-01 3.204100e-02 35 66 1.008300e+01 3.480000e+00 1.220900e+03 8.401100e+02 0
-8.498900e-01 8.647300e-01 -2.131000e-01 3.204100e-02 36 66 1.062500e+01 3.480000e+00 -9.921500e+01 7.674800e+02 0
-8.643500e-01 8.441600e-01 -2.116000e-01 3.204100e-02 37 66 1.104800e+01 3.480000e+00 -1.306700e+02 7.765200e+02 0
-8.782700e-01 8.075700e-01 -2.089300e-01 3.204100e-02 38 66 1.053100e+01 3.480000e+00 -1.813200e+02 7.940100e+02 0
0 0 -1.500000e-01 6.408200e-02 1 67 1.049800e+01 3.480000e+00 2167 -3.612800e+03 0
3.355900e-02 8.786700e-03 -1.506400e-01 6.408200e-02 2 67 1.016700e+01 3.480000e+00 2.015300e+03 -4.077900e+03 0
6.875500e-01 7.865100e-01 -2.074000e-01 6.408200e-02 31 67 9.563700e+00 3.480000e+00 1.170500e+03 8.398700e+02 0
-8.859100e-01 6.578900e+00 -6.301000e-01 -1.121400e+00 192 30 1.019400e+01 3.480000e+00 5.910800e+02 4.516300e+02 1
-8.905400e-01 6.494200e+00 -6.239200e-01 -1.121400e+00 193 30 1.047400e+01 3.480000e+00 5.892800e+02 4.522200e+02 1
1.106600e+00 1.076400e+01 -9.354700e-01 -1.121400e+00 313 30 1.051600e+01 3.480000e+00 7.499000e+02 4.345000e+02 1
1.195600e+00 1.085500e+01 -9.421100e-01 -1.121400e+00 314 30 1.095400e+01 3.480000e+00 7.547100e+02 4.342900e+02 1
1.199400e+00 1.089800e+01 -9.452500e-01 -1.121400e+00 315 30 1.046800e+01 3.480000e+00 7.547000e+02 4.341800e+02 1
4.769200e-01 2.590700e+00 -3.390600e-01 -1.089400e+00 77 31 1.098800e+01 3.480000e+00 7.717900e+02 5.257200e+02 1
5.252100e-01 2.610300e+00 -3.404800e-01 -1.089400e+00 78 31 1.203600e+01 3.480000e+00 7.834300e+02 5.249100e+02 1
5.533200e-01 2.631100e+00 -3.420100e-01 -1.089400e+00 79 31 1.232600e+01 3.480000e+00 7.897800e+02 524 1
5.819600e-01 2.657100e+00 -3.439000e-01 -1.089400e+00 80 31 1.206300e+01 3.480000e+00 7.959500e+02 5.228700e+02 1
6.548100e-01 2.679000e+00 -3.455000e-01 -1.089400e+00 81 31 1.182100e+01 3.480000e+00 8.131300e+02 5.220500e+02 1
6.851000e-01 2.715300e+00 -3.481500e-01 -1.089400e+00 82 31 1.148500e+01 3.480000e+00 8.188900e+02 5.205100e+02 1
6.264400e-01 2.787000e+00 -3.533800e-01 -1.089400e+00 83 31 1.054200e+01 3.480000e+00 8.016000e+02 5.173500e+02 1
-7.257500e-01 6.576400e+00 -6.299100e-01 -1.089400e+00 191 31 1.040000e+01 3.480000e+00 6.065700e+02 4.517300e+02 1
-7.816800e-01 6.601900e+00 -6.317700e-01 -1.089400e+00 192 31 1.165800e+01 3.480000e+00 6.015100e+02 4.515300e+02 1
-7.857700e-01 6.618100e+00 -6.329600e-01 -1.089400e+00 193 31 1.186100e+01 3.480000e+00 6.013400e+02 4.514100e+02 1
-8.425200e-01 6.584100e+00 -6.304700e-01 -1.089400e+00 194 31 1.113500e+01 3.480000e+00 5.953600e+02 4.516200e+02 1
-1.075000e+00 6.730600e+00 -6.411700e-01 -1.089400e+00 198 31 1.085000e+01 3.480000e+00 5.755400e+02 4.505000e+02 1
-1.188500e+00 6.737300e+00 -6.416500e-01 -1.089400e+00 199 31 1.056200e+01 3.480000e+00 5.649500e+02 4.504000e+02 1
8.512600e-01 1.082300e+01 -9.398400e-01 -1.089400e+00 313 31 1.069600e+01 3.480000e+00 7.343900e+02 4.342800e+02 1
9.393800e-01 1.087200e+01 -9.433900e-01 -1.089400e+00 314 31 1.111500e+01 3.480000e+00 7.394300e+02 4.341800e+02 1
1.028100e+00 1.091100e+01 -9.462400e-01 -1.089400e+00 315 31 1.056700e+01 3.480000e+00 7.445000e+02 4.341000e+02 1
1.383800e+00 1.098400e+01 -9.515400e-01 -1.089400e+00 318 31 9.996100e+00 3.480000e+00 7.650500e+02 4.340100e+02 1
5.115700e-01 2.486900e+00 -3.314800e-01 -1.057400e+00 76 32 1.048100e+01 3.480000e+00 7.844000e+02 5.309800e+02 1
4.976600e-01 2.572300e+00 -3.377100e-01 -1.057400e+00 77 32 1.232800e+01 3.480000e+00 7.777000e+02 5.266500e+02 1
5.252100e-01 2.608900e+00 -3.403900e-01 -1.057400e+00 78 32 1.346000e+01 3.480000e+00 7.834800e+02 5.249700e+02 1
5.320300e-01 2.640800e+00 -3.427100e-01 -1.057400e+00 79 32 1.363400e+01 3.480000e+00 7.840700e+02 5.235000e+02 1
5.819600e-01 2.652400e+00 -3.435600e-01 -1.057400e+00 80 32 1.320400e+01 3.480000e+00 7.961400e+02 5.230900e+02 1
6.548100e-01 2.675000e+00 -3.452100e-01 -1.057400e+00 81 32 1.367200e+01 3.480000e+00 8.133200e+02 5.222300e+02 1
6.851000e-01 2.703500e+00 -3.472900e-01 -1.057400e+00 82 32 1.358000e+01 3.480000e+00 8.194500e+02 5.210300e+02 1
6.935500e-01 2.733400e+00 -3.494700e-01 -1.057400e+00 83 32 1.257700e+01 3.480000e+00 8.200900e+02 5.197500e+02 1
6.567200e-01 2.777400e+00 -3.526800e-01 -1.057400e+00 84 32 1.066300e+01 3.480000e+00 8.092200e+02 5.178100e+02 1
-7.257500e-01 6.573500e+00 -6.297000e-01 -1.057400e+00 191 32 1.028200e+01 3.480000e+00 6.065300e+02 4.517500e+02 1
-8.337900e-01 6.611700e+00 -6.324900e-01 -1.057400e+00 192 32 1.121100e+01 3.480000e+00 5.966200e+02 4.514300e+02 1
-8.905400e-01 6.637100e+00 -6.343400e-01 -1.057400e+00 193 32 1.130300e+01 3.480000e+00 5.915500e+02 4.512300e+02 1
-8.951800e-01 6.632000e+00 -6.339700e-01 -1.057400e+00 194 32 1.061200e+01 3.480000e+00 5.910200e+02 4.512600e+02 1
-9.674800e-01 6.766600e+00 -6.437900e-01 -1.057400e+00 198 32 1.069200e+01 3.480000e+00 5.862800e+02 4.503200e+02 1
-1.080400e+00 6.819800e+00 -6.476700e-01 -1.057400e+00 199 32 1.045400e+01 3.480000e+00 5.765900e+02 4.499200e+02 1
-2.521000e+00 9.446900e+00 -8.393800e-01 -1.057400e+00 281 32 1.120600e+01 3.480000e+00 5.128900e+02 4.373000e+02 1
-2.530000e+00 9.480900e+00 -8.418600e-01 -1.057400e+00 282 32 1.181500e+01 3.480000e+00 5.129400e+02 4.371800e+02 1
-2.616000e+00 9.489700e+00 -8.425100e-01 -1.057400e+00 283 32 1.151600e+01 3.480000e+00 5.074000e+02 4.371300e+02 1
-2.779700e+00 9.418700e+00 -8.373200e-01 -1.057400e+00 284 32 1.021400e+01 3.480000e+00 4.950700e+02 4.373100e+02 1
-2.566000e+00 9.616400e+00 -8.517500e-01 -1.057400e+00 286 32 1.015000e+01 3.480000e+00 5.131300e+02 4.367400e+02 1
-2.575000e+00 9.647000e+00 -8.539900e-01 -1.057400e+00 287 32 1.107000e+01 3.480000e+00 5.131100e+02 4.366400e+02 1
-2.584100e+00 9.677700e+00 -8.562300e-01 -1.057400e+00 288 32 1.113100e+01 3.480000e+00 5.131000e+02 4.365400e+02 1
-2.671600e+00 9.683900e+00 -8.566800e-01 -1.057400e+00 289 32 1.030900e+01 3.480000e+00 5.075300e+02 4.365000e+02 1
4.976600e-01 2.560600e+00 -3.368600e-01 -1.025300e+00 77 33 1.191000e+01 3.480000e+00 7.781000e+02 5.272200e+02 1
5.042100e-01 2.611700e+00 -3.405900e-01 -1.025300e+00 78 33 1.298900e+01 3.480000e+00 7.780600e+02 5.247900e+02 1
5.107500e-01 2.647700e+00 -3.432100e-01 -1.025300e+00 79 33 1.295300e+01 3.480000e+00 7.785100e+02 5.231400e+02 1
6.035200e-01 2.627900e+00 -3.417700e-01 -1.025300e+00 80 33 1.216200e+01 3.480000e+00 8.025700e+02 5.242700e+02 1
6.548100e-01 2.682600e+00 -3.457600e-01 -1.025300e+00 81 33 1.360000e+01 3.480000e+00 8.129700e+02 5.218900e+02 1
6.851000e-01 2.711800e+00 -3.478900e-01 -1.025300e+00 82 33 1.364400e+01 3.480000e+00 8.190500e+02 5.206700e+02 1
6.935500e-01 2.740600e+00 -3.500000e-01 -1.025300e+00 83 33 1.269500e+01 3.480000e+00 8.197400e+02 5.194400e+02 1
6.567200e-01 2.769800e+00 -3.521200e-01 -1.025300e+00 84 33 1.092600e+01 3.480000e+00 8.095500e+02 5.181300e+02 1
2.802600e+00 6.905300e+00 -6.539100e-01 -1.025300e+00 215 33 1.035200e+01 3.480000e+00 9.425400e+02 4.513500e+02 1
2.815700e+00 6.960300e+00 -6.579300e-01 -1.025300e+00 216 33 1.100900e+01 3.480000e+00 9.417700e+02 451 1
2.946700e+00 6.943600e+00 -6.567000e-01 -1.025300e+00 217 33 1.134100e+01 3.480000e+00 9.548600e+02 4.511700e+02 1
3.019500e+00 6.938100e+00 -6.563100e-01 -1.025300e+00 218 33 1.066900e+01 3.480000e+00 9.620100e+02 4.512500e+02 1
-2.444600e+00 9.460900e+00 -8.404000e-01 -1.025300e+00 281 33 1.142300e+01 3.480000e+00 5.182400e+02 4.372800e+02 1
-2.530000e+00 9.481400e+00 -8.419000e-01 -1.025300e+00 282 33 1.208600e+01 3.480000e+00 5.129500e+02 4.371800e+02 1
-2.616000e+00 9.492800e+00 -8.427400e-01 -1.025300e+00 283 33 1.176500e+01 3.480000e+00 5.074700e+02 4.371200e+02 1
-2.625200e+00 9.488200e+00 -8.424000e-01 -1.025300e+00 284 33 1.049700e+01 3.480000e+00 5.067600e+02 4.371300e+02 1
-2.332800e+00 9.657200e+00 -8.547300e-01 -1.025300e+00 286 33 1.008900e+01 3.480000e+00 5.291100e+02 4.366800e+02 1
-2.419000e+00 9.689100e+00 -8.570600e-01 -1.025300e+00 287 33 1.098600e+01 3.480000e+00 5.240400e+02 4.365600e+02 1
-2.505700e+00 9.693800e+00 -8.574000e-01 -1.025300e+00 288 33 1.105800e+01 3.480000e+00 5.184900e+02 4.365200e+02 1
-2.435900e+00 9.639700e+00 -8.534600e-01 -1.025300e+00 289 33 1.012500e+01 3.480000e+00 5.220700e+02 4.367100e+02 1
7.328400e-01 2.642700e+00 -3.428500e-01 -9.932700e-01 80 34 1.040000e+01 3.480000e+00 8.344700e+02 5.238800e+02 1
6.766400e-01 2.689900e+00 -3.463000e-01 -9.932700e-01 81 34 1.157500e+01 3.480000e+00 8.180200e+02 5.216100e+02 1
6.851000e-01 2.725400e+00 -3.488900e-01 -9.932700e-01 82 34 1.165300e+01 3.480000e+00 8.184100e+02 5.200800e+02 1
6.711800e-01 2.754700e+00 -3.510200e-01 -9.932700e-01 83 34 1.085000e+01 3.480000e+00 8.136800e+02 5.187900e+02 1
3.239100e+00 6.650500e+00 -6.353200e-01 -9.932700e-01 213 34 1.044200e+01 3.480000e+00 9.958400e+02 4.533600e+02 0
3.080100e+00 6.759700e+00 -6.432900e-01 -9.932700e-01 214 34 1.117800e+01 3.480000e+00 9.752100e+02 4.525000e+02 1
2.977800e+00 6.838000e+00 -6.490000e-01 -9.932700e-01 215 34 1.109200e+01 3.480000e+00 962 4.519000e+02 1
2.815700e+00 6.954500e+00 -6.575000e-01 -9.932700e-01 216 34 1.140300e+01 3.480000e+00 9.419900e+02 4.510400e+02 1
2.946700e+00 6.943100e+00 -6.566700e-01 -9.932700e-01 217 34 1.181700e+01 3.480000e+00 9.548700e+02 4.511800e+02 1
3.019500e+00 6.939000e+00 -6.563700e-01 -9.932700e-01 218 34 1.109100e+01 3.480000e+00 9.619800e+02 4.512400e+02 1
-2.760000e+00 9.414900e+00 -8.370500e-01 -9.932700e-01 282 34 1.019500e+01 3.480000e+00 4.963000e+02 4.373300e+02 1
2.963800e+00 6.822200e+00 -6.478500e-01 -9.612300e-01 214 35 1.053300e+01 3.480000e+00 9.612800e+02 452 1
3.036100e+00 6.828700e+00 -6.483200e-01 -9.612300e-01 215 35 1.031900e+01 3.480000e+00 9.680400e+02 4.519900e+02 1
0 0 -1.500000e-01 -3.204100e-02 1 64 1.536100e+01 3.480000e+00 2167 -3.612800e+03 0
-7.093800e-02 1.115300e-01 -1.581400e-01 -3.204100e-02 5 64 1.421000e+01 3.480000e+00 -3.171300e+03 7.861700e+03 0
-1.585200e-01 1.860900e-01 -1.635800e-01 -3.204100e-02 8 64 1.336200e+01 3.480000e+00 -1.094100e+03 2.938200e+03 0
-2.008100e-01 1.907300e-01 -1.639200e-01 -3.204100e-02 9 64 1.266000e+01 3.480000e+00 -1.224400e+03 2.813300e+03 0
-2.480100e-01 1.849000e-01 -1.634900e-01 -3.204100e-02 10 64 1.261400e+01 3.480000e+00 -1.544800e+03 2.898400e+03 0
-2.592000e-01 2.247500e-01 -1.664000e-01 -3.204100e-02 11 64 1.209800e+01 3.480000e+00 -1.024500e+03 2.269300e+03 0
-2.881200e-01 2.289700e-01 -1.667100e-01 -3.204100e-02 12 64 1.163200e+01 3.480000e+00 -1.082100e+03 2.210200e+03 0
-3.044900e-01 2.814400e-01 -1.705400e-01 -3.204100e-02 13 64 1.084100e+01 3.480000e+00 -6.972500e+02 1.770600e+03 0
-4.327200e-01 1.006900e-01 -1.573500e-01 -3.204100e-02 14 64 1.061100e+01 3.480000e+00 -8.641100e+03 7.610800e+03 0
-1.107700e-01 3.998000e-01 -1.791800e-01 -3.204100e-02 15 64 1.040000e+01 3.480000e+00 1.492000e+02 1.308600e+03 0
3.609700e-01 2.917100e-01 -1.712900e-01 -3.204100e-02 28 64 1.217600e+01 3.480000e+00 1.280900e+03 1857 0
6.799100e-01 6.417100e-01 -1.968300e-01 -3.204100e-02 29 64 1.370200e+01 3.480000e+00 1.287900e+03 9.548300e+02 0
6.725500e-01 7.386800e-01 -2.039100e-01 -3.204100e-02 30 64 1.464900e+01 3.480000e+00 1.190700e+03 8.717700e+02 0
6.793700e-01 7.973200e-01 -2.081800e-01 -3.204100e-02 31 64 1.481500e+01 3.480000e+00 1.155500e+03 8.329900e+02 0
6.766400e-01 8.288100e-01 -2.104800e-01 -3.204100e-02 32 64 1.432700e+01 3.480000e+00 1.133200e+03 8.145700e+02 0
6.810000e-01 8.646100e-01 -2.130900e-01 -3.204100e-02 33 64 1.294600e+01 3.480000e+00 1.116400e+03 7.956300e+02 0
6.392600e-01 9.586300e-01 -2.199600e-01 -3.204100e-02 34 64 1.016300e+01 3.480000e+00 1039 7.525000e+02 0
-8.307900e-01 8.860500e-01 -2.146600e-01 -3.204100e-02 36 64 1.060300e+01 3.480000e+00 -6.521700e+01 7.586300e+02 0
-8.545300e-01 8.763700e-01 -2.139500e-01 -3.204100e-02 37 64 1.096100e+01 3.480000e+00 -9.151100e+01 7.623400e+02 0
-9.186500e-01 7.784200e-01 -2.068100e-01 -3.204100e-02 38 64 1.042000e+01 3.480000e+00 -2.493600e+02 8.085500e+02 0
