0 0 -1.500000e-01 0 1 65 1.627200e+01 2.860000e+00 2167 -3.612800e+03 0
-7.093800e-02 1.118300e-01 -1.567000e-01 0 5 65 1.522500e+01 2.860000e+00 -3.136300e+03 7.771400e+03 0
-1.585200e-01 1.860000e-01 -1.611500e-01 0 8 65 1.437800e+01 2.860000e+00 -1.094200e+03 2.925300e+03 0
-2.008100e-01 1.916900e-01 -1.614900e-01 0 9 65 1.369800e+01 2.860000e+00 -1.208100e+03 2.780300e+03 0
-2.480100e-01 1.865200e-01 -1.611800e-01 0 10 65 1.368200e+01 2.860000e+00 -1.512900e+03 2.850300e+03 0
-2.619200e-01 2.217200e-01 -1.632900e-01 0 11 65 1.302600e+01 2.860000e+00 -1.066700e+03 2.291500e+03 0
-2.851200e-01 2.339400e-01 -1.640200e-01 0 12 65 1.272900e+01 2.860000e+00 -1.018700e+03 2.146200e+03 0
-3.012100e-01 2.847100e-01 -1.670700e-01 0 13 65 1.198700e+01 2.860000e+00 -6.671300e+02 1.739900e+03 0
-3.050300e-01 2.946900e-01 -1.676700e-01 0 14 65 1.156600e+01 2.860000e+00 -6.180200e+02 1.681100e+03 0
-1.260500e-01 4.480500e-01 -1.768600e-01 0 15 65 1.139600e+01 2.860000e+00 1.939200e+02 1.182300e+03 0
3.536000e-01 3.422900e-01 -1.705200e-01 0 28 65 1.315000e+01 2.860000e+00 1.145800e+03 1.557800e+03 0
6.799100e-01 6.419700e-01 -1.884900e-01 0 29 65 1.471500e+01 2.860000e+00 1.287100e+03 9.448100e+02 0
6.725500e-01 7.378900e-01 -1.942400e-01 0 30 65 1.564400e+01 2.860000e+00 1.190900e+03 8.628700e+02 0
6.793700e-01 7.975200e-01 -1.978100e-01 0 31 65 1.580000e+01 2.860000e+00 1.154900e+03 8.235100e+02 0
6.766400e-01 8.315900e-01 -1.998500e-01 0 32 65 1.527400e+01 2.860000e+00 1.131100e+03 8.037500e+02 0
6.810000e-01 8.694700e-01 -2.021200e-01 0 33 65 1.382700e+01 2.860000e+00 1.113400e+03 7.839600e+02 0
-9.543900e-01 4.141200e-02 -1.524800e-01 0 34 65 1.109900e+01 2.860000e+00 1202600 -495050 0
7.328400e-01 8.911800e-01 -2.034300e-01 0 35 65 1.100200e+01 2.860000e+00 1.144400e+03 7.743600e+02 0
-8.307900e-01 8.758200e-01 -2.025000e-01 0 36 65 1.188600e+01 2.860000e+00 -7.425500e+01 7.543400e+02 0
-8.545300e-01 8.775300e-01 -2.026100e-01 0 37 65 1.237800e+01 2.860000e+00 -9.007800e+01 7.532200e+02 0
-8.883600e-01 8.490100e-01 -2.009000e-01 0 38 65 1.205800e+01 2.860000e+00 -1.435000e+02 7.652300e+02 0
-9.227400e-01 8.110200e-01 -1.986200e-01 0 39 65 1.084400e+01 2.860000e+00 -2.121300e+02 7.827500e+02 0
0 0 -1.500000e-01 3.204100e-02 1 66 1.528200e+01 2.860000e+00 2167 -3.612800e+03 0
-7.093800e-02 1.122100e-01 -1.567300e-01 3.204100e-02 5 66 1.420500e+01 2.860000e+00 -3.101100e+03 7.703700e+03 0
-1.585200e-01 1.859100e-01 -1.611400e-01 3.204100e-02 8 66 1.334100e+01 2.860000e+00 -1.095600e+03 2.927300e+03 0
-2.008100e-01 1.927700e-01 -1.615600e-01 3.204100e-02 9 66 1.269300e+01 2.860000e+00 -1.191800e+03 2.759800e+03 0
-2.480100e-01 1.876900e-01 -1.612500e-01 3.204100e-02 10 66 1.266500e+01 2.860000e+00 -1.491900e+03 2827 0
-2.619200e-01 2.231700e-01 -1.633800e-01 3.204100e-02 11 66 1.218200e+01 2.860000e+00 -1.050500e+03 2.274100e+03 0
-2.851200e-01 2.365500e-01 -1.641800e-01 3.204100e-02 12 66 1.173100e+01 2.860000e+00 -9.926500e+02 2.119600e+03 0
-3.012100e-01 2.846000e-01 -1.670600e-01 3.204100e-02 13 66 1.104400e+01 2.860000e+00 -6.677800e+02 1.740600e+03 0
-1.298700e-01 4.697800e-01 -1.781600e-01 3.204100e-02 15 66 1.059200e+01 2.860000e+00 2.151600e+02 1.139400e+03 0
3.536000e-01 3.601700e-01 -1.715900e-01 3.204100e-02 28 66 1.216000e+01 2.860000e+00 1.116300e+03 1.482300e+03 0
6.722700e-01 6.428800e-01 -1.885400e-01 3.204100e-02 29 66 1.370000e+01 2.860000e+00 1.276900e+03 9.436300e+02 0
6.725500e-01 7.364500e-01 -1.941500e-01 3.204100e-02 30 66 1.464000e+01 2.860000e+00 1192 8.639100e+02 0
6.711800e-01 8.044600e-01 -1.982300e-01 3.204100e-02 31 66 1.480500e+01 2.860000e+00 1.142900e+03 8.191600e+02 0
6.766400e-01 8.327500e-01 -1.999200e-01 3.204100e-02 32 66 1.428200e+01 2.860000e+00 1.130400e+03 8.031100e+02 0
6.810000e-01 8.699800e-01 -2.021500e-01 3.204100e-02 33 66 1.277100e+01 2.860000e+00 1.113100e+03 7.837100e+02 0
7.421200e-01 9.139800e-01 -2.047900e-01 3.204100e-02 35 66 1.028000e+01 2.860000e+00 1.139200e+03 7.640100e+02 0
-8.498900e-01 8.456600e-01 -2.007000e-01 3.204100e-02 36 66 1.089300e+01 2.860000e+00 -1.177700e+02 7.674300e+02 0
-8.643500e-01 8.520300e-01 -2.010800e-01 3.204100e-02 37 66 1.141800e+01 2.860000e+00 -1.222800e+02 7.642700e+02 0
-9.085500e-01 7.967300e-01 -1.977600e-01 3.204100e-02 38 66 1.097300e+01 2.860000e+00 -2.179200e+02 7.903100e+02 0
7.732200e-01 7.573700e+00 -6.040400e-01 -1.057400e+00 219 32 1.109500e+01 2.860000e+00 7.451300e+02 4.382800e+02 1
8.365200e-01 7.601200e+00 -6.056900e-01 -1.057400e+00 220 32 1.161200e+01 2.860000e+00 7.503200e+02 4.381500e+02 1
9.003700e-01 7.629200e+00 -6.073600e-01 -1.057400e+00 221 32 1.118700e+01 2.860000e+00 7.555300e+02 4.380300e+02 1
1.029700e+00 7.657500e+00 -6.090600e-01 -1.057400e+00 223 32 1.029600e+01 2.860000e+00 7.662200e+02 4.379400e+02 1
9.126400e-01 7.709900e+00 -6.122100e-01 -1.057400e+00 224 32 1.062800e+01 2.860000e+00 7.559000e+02 4.376200e+02 1
7.732200e-01 7.573900e+00 -6.040500e-01 -1.025300e+00 219 33 1.183300e+01 2.860000e+00 7.451300e+02 4.382700e+02 1
7.767700e-01 7.608700e+00 -6.061300e-01 -1.025300e+00 220 33 1.243900e+01 2.860000e+00 7.451900e+02 4.380900e+02 1
7.803200e-01 7.643200e+00 -6.082100e-01 -1.025300e+00 221 33 1.201400e+01 2.860000e+00 7.452600e+02 4.379100e+02 1
8.441600e-01 7.671700e+00 -6.099200e-01 -1.025300e+00 222 33 1.068100e+01 2.860000e+00 7.504400e+02 4.377900e+02 1
9.691200e-01 7.691700e+00 -6.111100e-01 -1.025300e+00 223 33 1.108000e+01 2.860000e+00 7.608000e+02 4.377300e+02 1
9.126400e-01 7.733800e+00 -6.136400e-01 -1.025300e+00 224 33 1.121600e+01 2.860000e+00 7.557100e+02 4.374900e+02 1
9.167400e-01 7.758100e+00 -6.151000e-01 -1.025300e+00 225 33 1.042900e+01 2.860000e+00 7.558500e+02 4.373700e+02 1
7.137400e-01 7.579500e+00 -6.043800e-01 -9.932700e-01 219 34 1.083400e+01 2.860000e+00 7.400200e+02 4.382200e+02 1
7.170200e-01 7.611200e+00 -6.062800e-01 -9.932700e-01 220 34 1.138900e+01 2.860000e+00 7.401000e+02 4.380500e+02 1
7.803200e-01 7.642500e+00 -6.081600e-01 -9.932700e-01 221 34 1.104200e+01 2.860000e+00 7.452600e+02 4.379100e+02 1
9.647600e-01 7.654800e+00 -6.089000e-01 -9.932700e-01 222 34 1.026500e+01 2.860000e+00 7.607600e+02 4.379200e+02 1
-9.920400e-01 3.380300e+00 -3.526500e-01 -9.612300e-01 102 35 1.135500e+01 2.860000e+00 4.723700e+02 4.867400e+02 1
-1.029700e+00 3.397100e+00 -3.536500e-01 -9.612300e-01 103 35 1.200100e+01 2.860000e+00 4.664300e+02 4.862500e+02 1
-1.039800e+00 3.418900e+00 -3.549600e-01 -9.612300e-01 104 35 1.160200e+01 2.860000e+00 4.660100e+02 4.856700e+02 1
-1.260500e+00 3.443200e+00 -3.564200e-01 -9.612300e-01 106 35 1.034200e+01 2.860000e+00 4.269900e+02 4.847400e+02 1
-1.214700e+00 3.485900e+00 -3.589800e-01 -9.612300e-01 107 35 1.118400e+01 2.860000e+00 4.386100e+02 4.837400e+02 1
-1.196900e+00 3.524800e+00 -3.613100e-01 -9.612300e-01 108 35 1.156400e+01 2.860000e+00 4.446500e+02 4.828100e+02 1
-1.237600e+00 3.545200e+00 -3.625300e-01 -9.612300e-01 109 35 1.121300e+01 2.860000e+00 4.388300e+02 4.822700e+02 1
-9.920400e-01 3.381200e+00 -3.527000e-01 -9.291900e-01 102 36 1.135600e+01 2.860000e+00 4.724200e+02 4.867200e+02 1
-1.029700e+00 3.399000e+00 -3.537700e-01 -9.291900e-01 103 36 1.201600e+01 2.860000e+00 4.665500e+02 4.862000e+02 1
-1.011700e+00 3.432800e+00 -3.557900e-01 -9.291900e-01 104 36 1.154100e+01 2.860000e+00 4.721500e+02 4.853500e+02 1
-1.145900e+00 3.480200e+00 -3.586300e-01 -9.291900e-01 106 36 1.069500e+01 2.860000e+00 4.507100e+02 4.839700e+02 1
-1.156800e+00 3.507100e+00 -3.602500e-01 -9.291900e-01 107 36 1.174100e+01 2.860000e+00 4.506200e+02 4.832900e+02 1
-1.167700e+00 3.538300e+00 -3.621200e-01 -9.291900e-01 108 36 1.203700e+01 2.860000e+00 4.508400e+02 4.825200e+02 1
-1.208100e+00 3.566500e+00 -3.638100e-01 -9.291900e-01 109 36 1.160400e+01 2.860000e+00 4.456000e+02 4.818000e+02 1
-1.249100e+00 3.595300e+00 -3.655400e-01 -9.291900e-01 110 36 1.031300e+01 2.860000e+00 4.404000e+02 4.810700e+02 1
-2.593100e+00 6.404700e+00 -5.339600e-01 -9.291900e-01 199 36 1.117400e+01 2.860000e+00 4.199800e+02 4.439400e+02 1
-2.714700e+00 6.392300e+00 -5.332100e-01 -9.291900e-01 200 36 1.160900e+01 2.860000e+00 4.075400e+02 4.439700e+02 1
-2.837500e+00 6.326300e+00 -5.292600e-01 -9.291900e-01 201 36 1.126400e+01 2.860000e+00 3.924500e+02 4.443800e+02 1
-2.961400e+00 6.014700e+00 -5.105800e-01 -9.291900e-01 202 36 1.021600e+01 2.860000e+00 3.640600e+02 4.466800e+02 1
-1.127900e+00 3.525300e+00 -3.613400e-01 -8.971500e-01 107 37 1.052800e+01 2.860000e+00 4.571000e+02 4.828900e+02 1
-1.138600e+00 3.556400e+00 -3.632000e-01 -8.971500e-01 108 37 1.050500e+01 2.860000e+00 4.572900e+02 4.821300e+02 1
-2.580000e+00 6.338500e+00 -5.299900e-01 -8.971500e-01 198 37 1.062500e+01 2.860000e+00 4.184100e+02 4.444200e+02 1
-2.701100e+00 6.365100e+00 -5.315900e-01 -8.971500e-01 199 37 1.201200e+01 2.860000e+00 4.076600e+02 4.441700e+02 1
-2.769000e+00 6.371200e+00 -5.319500e-01 -8.971500e-01 200 37 1.255500e+01 2.860000e+00 4.012700e+02 4.440900e+02 1
-2.837500e+00 6.361400e+00 -5.313600e-01 -8.971500e-01 201 37 1.225600e+01 2.860000e+00 3.941100e+02 4.441200e+02 1
-2.961400e+00 6.284900e+00 -5.267800e-01 -8.971500e-01 202 37 1.112800e+01 2.860000e+00 3.781900e+02 4.446100e+02 1
-2.701100e+00 6.351600e+00 -5.307800e-01 -8.651100e-01 199 38 1.082800e+01 2.860000e+00 4.070600e+02 4.442600e+02 1
-2.769000e+00 6.374200e+00 -5.321300e-01 -8.651100e-01 200 38 1.149100e+01 2.860000e+00 4.014200e+02 4.440700e+02 1
-2.892100e+00 6.346400e+00 -5.304600e-01 -8.651100e-01 201 38 1.120800e+01 2.860000e+00 3.880400e+02 4.442000e+02 1
2.851700e+00 3.710300e+00 -3.724300e-01 -8.330700e-01 135 39 1.120900e+01 2.860000e+00 1.175300e+03 4.835800e+02 1
2.873000e+00 3.737400e+00 -3.740500e-01 -8.330700e-01 136 39 1.151600e+01 2.860000e+00 1.175600e+03 4.829700e+02 1
2.894300e+00 3.762500e+00 -3.755600e-01 -8.330700e-01 137 39 1.092000e+01 2.860000e+00 1.176100e+03 4.824000e+02 1
2.903000e+00 3.529000e+00 -3.615600e-01 -8.010300e-01 134 40 1.110300e+01 2.860000e+00 1.211300e+03 4.882500e+02 1
2.888300e+00 3.661000e+00 -3.694800e-01 -8.010300e-01 135 40 1.204600e+01 2.860000e+00 1189 4.848400e+02 1
2.873000e+00 3.733500e+00 -3.738200e-01 -8.010300e-01 136 40 1.216900e+01 2.860000e+00 1.176100e+03 4.830600e+02 1
2.857200e+00 3.793800e+00 -3.774300e-01 -8.010300e-01 137 40 1.160600e+01 2.860000e+00 1.165200e+03 4.816300e+02 1
2.728700e+00 3.930100e+00 -3.856100e-01 -8.010300e-01 138 40 1.033000e+01 2.860000e+00 1.125900e+03 4.784600e+02 1
2.939300e+00 3.480200e+00 -3.586400e-01 -7.689800e-01 134 41 1.051800e+01 2.860000e+00 1.226100e+03 4.896300e+02 1
2.924800e+00 3.640000e+00 -3.682200e-01 -7.689800e-01 135 41 1.094200e+01 2.860000e+00 1.198800e+03 4.854100e+02 1
2.836200e+00 3.763200e+00 -3.756000e-01 -7.689800e-01 136 41 1.100400e+01 2.860000e+00 1.165400e+03 4.823100e+02 1
2.820100e+00 3.819600e+00 -3.789800e-01 -7.689800e-01 137 41 1.071200e+01 2.860000e+00 1.155300e+03 4.809900e+02 1
2.616500e-01 4.156200e+00 2.355500e+00 -7.689800e-01 138 41 9.905100e+00 2.860000e+00 7.016200e+02 6.689600e+01 0
0 0 -1.500000e-01 -6.408200e-02 1 63 1.062900e+01 2.860000e+00 2167 -3.612800e+03 0
-1.282300e-02 1.072900e-02 -1.506400e-01 -6.408200e-02 2 63 1.005700e+01 2.860000e+00 2.558500e+03 -4.324900e+03 0
6.630000e-01 7.745000e-01 -1.964300e-01 -6.408200e-02 31 63 9.846900e+00 2.860000e+00 1.154800e+03 8.375500e+02 0
6.766400e-01 7.899400e-01 -1.973600e-01 -6.408200e-02 32 63 9.564900e+00 2.860000e+00 1.157400e+03 8.281000e+02 0
0 0 -1.500000e-01 -3.204100e-02 1 64 1.534500e+01 2.860000e+00 2167 -3.612800e+03 0
-7.093800e-02 1.114500e-01 -1.566800e-01 -3.204100e-02 5 64 1.421000e+01 2.860000e+00 -3.173700e+03 7.843400e+03 0
-1.585200e-01 1.861000e-01 -1.611600e-01 -3.204100e-02 8 64 1.337200e+01 2.860000e+00 -1.092700e+03 2.923200e+03 0
-2.008100e-01 1.903100e-01 -1.614100e-01 -3.204100e-02 9 64 1.270800e+01 2.860000e+00 -1.229400e+03 2807 0
-2.480100e-01 1.852800e-01 -1.611100e-01 -3.204100e-02 10 64 1.269200e+01 2.860000e+00 -1.535800e+03 2.875800e+03 0
-2.619200e-01 2.205800e-01 -1.632200e-01 -3.204100e-02 11 64 1.215100e+01 2.860000e+00 -1.079500e+03 2.305400e+03 0
-2.851200e-01 2.328700e-01 -1.639600e-01 -3.204100e-02 12 64 1.170700e+01 2.860000e+00 -1.029600e+03 2.157300e+03 0
-3.012100e-01 2.854100e-01 -1.671100e-01 -3.204100e-02 13 64 1.090300e+01 2.860000e+00 -6.627900e+02 1.735700e+03 0
-3.050300e-01 2.904700e-01 -1.674100e-01 -3.204100e-02 14 64 1.054600e+01 2.860000e+00 -6.424400e+02 1705 0
3.536000e-01 3.476900e-01 -1.708400e-01 -3.204100e-02 28 64 1.215200e+01 2.860000e+00 1.136500e+03 1.533900e+03 0
6.799100e-01 6.469500e-01 -1.887800e-01 -3.204100e-02 29 64 1.370600e+01 2.860000e+00 1.281700e+03 9.398700e+02 0
6.725500e-01 7.394300e-01 -1.943300e-01 -3.204100e-02 30 64 1.462300e+01 2.860000e+00 1.189700e+03 8.617500e+02 0
6.793700e-01 7.974100e-01 -1.978000e-01 -3.204100e-02 31 64 1.476300e+01 2.860000e+00 1155 8.235800e+02 0
6.766400e-01 8.296000e-01 -1.997300e-01 -3.204100e-02 32 64 1.421600e+01 2.860000e+00 1.132300e+03 8.048400e+02 0
6.810000e-01 8.664200e-01 -2.019400e-01 -3.204100e-02 33 64 1.276800e+01 2.860000e+00 1115 7.854900e+02 0
-8.498900e-01 8.573400e-01 -2.014000e-01 -3.204100e-02 36 64 1.085400e+01 2.860000e+00 -1.060900e+02 7.621200e+02 0
-8.643500e-01 8.660800e-01 -2.019200e-01 -3.204100e-02 37 64 1.140600e+01 2.860000e+00 -1.083000e+02 7.580100e+02 0
-8.883600e-01 8.463300e-01 -2.007400e-01 -3.204100e-02 38 64 1.124000e+01 2.860000e+00 -1.463000e+02 7.664500e+02 0
-9.123700e-01 8.424800e-01 -2.005100e-01 -3.204100e-02 39 64 1.040400e+01 2.860000e+00 -1.686100e+02 7.678000e+02 0
