0 0 -1.500000e-01 0 1 65 1.643000e+01 3.250000e+00 2167 -3.612800e+03 0
-7.093800e-02 1.121200e-01 -1.576400e-01 0 5 65 1.522700e+01 3.250000e+00 -3.112600e+03 7740 0
-1.585200e-01 1.860300e-01 -1.626800e-01 0 8 65 1.438100e+01 3.250000e+00 -1.094600e+03 2934 0
-1.986300e-01 1.943000e-01 -1.632400e-01 0 9 65 1.371900e+01 3.250000e+00 -1.160100e+03 2.741700e+03 0
-2.480100e-01 1.869100e-01 -1.627400e-01 0 10 65 1.365800e+01 3.250000e+00 -1507 2.851600e+03 0
-2.592000e-01 2.267000e-01 -1.654500e-01 0 11 65 1.305500e+01 3.250000e+00 -1.003300e+03 2.242100e+03 0
-2.851200e-01 2.343900e-01 -1.659700e-01 0 12 65 1.268600e+01 3.250000e+00 -1.014800e+03 2.149200e+03 0
-3.077600e-01 2.777100e-01 -1.689200e-01 0 13 65 1.196700e+01 3.250000e+00 -7.302400e+02 1.789500e+03 0
-3.050300e-01 3.022900e-01 -1.706000e-01 0 14 65 1.161300e+01 3.250000e+00 -5.767200e+02 1.647200e+03 0
-1.222300e-01 4.237700e-01 -1.788800e-01 0 15 65 1.138100e+01 3.250000e+00 1.661700e+02 1.242700e+03 0
3.536000e-01 3.098600e-01 -1.711100e-01 0 28 65 1.315900e+01 3.250000e+00 1.211600e+03 1.733200e+03 0
6.799100e-01 6.390400e-01 -1.935400e-01 0 29 65 1.470900e+01 3.250000e+00 1.290600e+03 9.539100e+02 0
6.725500e-01 7.363800e-01 -2.001800e-01 0 30 65 1.562900e+01 3.250000e+00 1.192300e+03 8.699200e+02 0
6.711800e-01 8.044400e-01 -2.048200e-01 0 31 65 1.578800e+01 3.250000e+00 1.143100e+03 8.250400e+02 0
6.766400e-01 8.311300e-01 -2.066300e-01 0 32 65 1.527500e+01 3.250000e+00 1.131700e+03 8.098400e+02 0
6.810000e-01 8.685900e-01 -2.091900e-01 0 33 65 1.384500e+01 3.250000e+00 1.114100e+03 7.902000e+02 0
7.514000e-01 7.181700e-01 -1.989400e-01 0 35 65 1.096600e+01 3.250000e+00 1.290100e+03 8.858800e+02 0
-8.498900e-01 8.720400e-01 -2.094200e-01 0 36 65 1.177800e+01 3.250000e+00 -9.207400e+01 7.610800e+02 0
-8.643500e-01 8.790800e-01 -2.099000e-01 0 37 65 1.221900e+01 3.250000e+00 -9.601800e+01 7.578200e+02 0
-8.984600e-01 8.613400e-01 -2.086900e-01 0 38 65 1.182500e+01 3.250000e+00 -1.386000e+02 7.649400e+02 0
-9.538400e-01 8.409200e-01 -2.073000e-01 0 39 65 1.048300e+01 3.250000e+00 -2.020500e+02 7.732100e+02 0
0 0 -1.500000e-01 3.204100e-02 1 66 1.541300e+01 3.250000e+00 2167 -3.612800e+03 0
-7.093800e-02 1.127500e-01 -1.576800e-01 3.204100e-02 5 66 1.420000e+01 3.250000e+00 -3.054200e+03 7.627500e+03 0
-1.585200e-01 1.859600e-01 -1.626700e-01 3.204100e-02 8 66 1.337600e+01 3.250000e+00 -1.095600e+03 2.935500e+03 0
-1.986300e-01 1.950100e-01 -1.632900e-01 3.204100e-02 9 66 1.270300e+01 3.250000e+00 -1.149800e+03 2.728700e+03 0
-2.480100e-01 1.883800e-01 -1.628400e-01 3.204100e-02 10 66 1.263600e+01 3.250000e+00 -1.480600e+03 2.822200e+03 0
-2.592000e-01 2.289400e-01 -1.656000e-01 3.204100e-02 11 66 1.200100e+01 3.250000e+00 -9.800500e+02 2217 0
-2.851200e-01 2.413900e-01 -1.664500e-01 3.204100e-02 12 66 1.168100e+01 3.250000e+00 -9.472800e+02 2.080200e+03 0
-3.077600e-01 2.815400e-01 -1.691800e-01 3.204100e-02 13 66 1.100700e+01 3.250000e+00 -7.052000e+02 1.765100e+03 0
-2.979400e-01 2.923600e-01 -1.699200e-01 3.204100e-02 14 66 1.053700e+01 3.250000e+00 -6.135200e+02 1.702600e+03 0
-1.184100e-01 4.632900e-01 -1.815700e-01 3.204100e-02 15 66 1.064600e+01 3.250000e+00 2.252200e+02 1.158600e+03 0
3.536000e-01 2.970200e-01 -1.702400e-01 3.204100e-02 28 66 1.214200e+01 3.250000e+00 1243 1.814100e+03 0
6.799100e-01 6.394400e-01 -1.935700e-01 3.204100e-02 29 66 1.369100e+01 3.250000e+00 1.290200e+03 9.535000e+02 0
6.725500e-01 7.348300e-01 -2.000700e-01 3.204100e-02 30 66 1.460500e+01 3.250000e+00 1.193500e+03 8.710600e+02 0
6.711800e-01 8.044700e-01 -2.048200e-01 3.204100e-02 31 66 1.475200e+01 3.250000e+00 1.143100e+03 8.250200e+02 0
6.766400e-01 8.339700e-01 -2.068300e-01 3.204100e-02 32 66 1.421200e+01 3.250000e+00 1130 8.082700e+02 0
6.810000e-01 8.746100e-01 -2.096000e-01 3.204100e-02 33 66 1.272000e+01 3.250000e+00 1.110900e+03 7.872100e+02 0
7.421200e-01 7.379400e-01 -2.002800e-01 3.204100e-02 35 66 1.003700e+01 3.250000e+00 1.262200e+03 8.706900e+02 0
-8.212400e-01 9.020800e-01 -2.114700e-01 3.204100e-02 36 66 1.047900e+01 3.250000e+00 -4.406200e+01 7.489900e+02 0
-8.643500e-01 8.738200e-01 -2.095400e-01 3.204100e-02 37 66 1.099900e+01 3.250000e+00 -1.010300e+02 7.600700e+02 0
-9.085500e-01 8.440300e-01 -2.075100e-01 3.204100e-02 38 66 1.065200e+01 3.250000e+00 -1.642700e+02 7.725800e+02 0
0 0 -1.500000e-01 6.408200e-02 1 67 1.040500e+01 3.250000e+00 2167 -3.612800e+03 0
-2.728400e-04 3.483800e-02 -1.523700e-01 6.408200e-02 2 67 9.855300e+00 3.250000e+00 3.482300e+03 -7.186800e+03 0
6.466300e-01 8.241000e-01 -2.061500e-01 6.408200e-02 31 67 9.801600e+00 3.250000e+00 1.109100e+03 8.131200e+02 0
6.597200e-01 8.399900e-01 -2.072400e-01 6.408200e-02 32 67 9.978500e+00 3.250000e+00 1.111700e+03 8.046400e+02 0
8.348900e-01 5.868100e+00 -5.498600e-01 -1.089400e+00 171 31 1.089900e+01 3.250000e+00 7.672000e+02 4.552300e+02 1
7.931400e-01 5.918200e+00 -5.532700e-01 -1.089400e+00 172 31 1.173300e+01 3.250000e+00 7.619800e+02 4.547600e+02 1
7.977800e-01 5.950800e+00 -5.554900e-01 -1.089400e+00 173 31 1.195600e+01 3.250000e+00 7.621100e+02 4.544700e+02 1
8.024200e-01 5.983700e+00 -5.577300e-01 -1.089400e+00 174 31 1.216900e+01 3.250000e+00 7.622300e+02 4.541900e+02 1
8.545300e-01 6.008600e+00 -5.594300e-01 -1.089400e+00 175 31 1.215500e+01 3.250000e+00 7.675800e+02 4.540100e+02 1
9.071900e-01 6.024400e+00 -5.605100e-01 -1.089400e+00 176 31 1.143400e+01 3.250000e+00 7.730700e+02 4.539000e+02 1
-3.901600e-01 9.913600e+00 -8.255200e-01 -1.089400e+00 287 31 1.052600e+01 3.250000e+00 6.577300e+02 4.335000e+02 1
-3.132200e-01 9.970100e+00 -8.293700e-01 -1.089400e+00 288 31 1.056200e+01 3.250000e+00 6.628700e+02 4.333500e+02 1
-2.283700e-01 3.229400e+00 -3.700600e-01 -1.057400e+00 94 32 1.065700e+01 3.250000e+00 6.136000e+02 4.972400e+02 1
-2.051700e-01 3.274500e+00 -3.731300e-01 -1.057400e+00 95 32 1.051100e+01 3.250000e+00 6.193100e+02 4.959600e+02 1
-2.851200e-01 3.268700e+00 -3.727300e-01 -1.057400e+00 96 32 1.024900e+01 3.250000e+00 6.033600e+02 496 1
1.152700e+00 5.778300e+00 -5.437400e-01 -1.057400e+00 170 32 1.051400e+01 3.250000e+00 8.041900e+02 4.562500e+02 0
7.885000e-01 5.879700e+00 -5.506400e-01 -1.057400e+00 171 32 1.253600e+01 3.250000e+00 7.619300e+02 4.551000e+02 1
7.464900e-01 5.913100e+00 -5.529200e-01 -1.057400e+00 172 32 1.336000e+01 3.250000e+00 7.569200e+02 4.547700e+02 1
7.977800e-01 5.946400e+00 -5.551900e-01 -1.057400e+00 173 32 1.286900e+01 3.250000e+00 7.621600e+02 4.545100e+02 1
8.496200e-01 5.981400e+00 -5.575800e-01 -1.057400e+00 174 32 1.380700e+01 3.250000e+00 7.673900e+02 4.542400e+02 1
8.070600e-01 6.019600e+00 -5.601800e-01 -1.057400e+00 175 32 1.406100e+01 3.250000e+00 7.623200e+02 4.538800e+02 1
8.116900e-01 6.048500e+00 -5.621500e-01 -1.057400e+00 176 32 1.320400e+01 3.250000e+00 7.624900e+02 4.536400e+02 1
8.163300e-01 6.055600e+00 -5.626300e-01 -1.057400e+00 177 32 1.141200e+01 3.250000e+00 7.629000e+02 4.535900e+02 1
-4.665500e-01 9.933000e+00 -8.268400e-01 -1.057400e+00 286 32 9.925600e+00 3.250000e+00 6.528900e+02 4.334200e+02 1
-4.681900e-01 9.968900e+00 -8.292900e-01 -1.057400e+00 287 32 1.142000e+01 3.250000e+00 6.529400e+02 4.333100e+02 1
-5.481300e-01 1.000300e+01 -8.316300e-01 -1.057400e+00 288 32 1.156300e+01 3.250000e+00 6.479800e+02 4.331800e+02 1
-5.500400e-01 1.002700e+01 -8.332800e-01 -1.057400e+00 289 32 1.084600e+01 3.250000e+00 6.479700e+02 4.331100e+02 1
-2.040800e+00 1.289000e+01 -1.028400e+00 -1.057400e+00 375 32 1.083700e+01 3.250000e+00 5.847600e+02 4.261800e+02 1
-2.250900e+00 1.289300e+01 -1.028500e+00 -1.057400e+00 376 32 1.073700e+01 3.250000e+00 5.744800e+02 4.261300e+02 1
-1.753300e+00 1.303000e+01 -1.037900e+00 -1.057400e+00 379 32 1.010300e+01 3.250000e+00 5.999100e+02 4.259900e+02 1
-1.757900e+00 1.308300e+01 -1.041500e+00 -1.057400e+00 380 32 1.029900e+01 3.250000e+00 6.000700e+02 4.259000e+02 1
1.673900e+00 1.418000e+01 -1.116200e+00 -1.057400e+00 410 32 1.104100e+01 3.250000e+00 7.620200e+02 4.247900e+02 0
-3.885200e-01 3.013500e+00 -3.553400e-01 -1.025300e+00 90 33 1.122500e+01 3.250000e+00 5.733500e+02 5.038300e+02 1
-3.437800e-01 3.092800e+00 -3.607500e-01 -1.025300e+00 91 33 1.218200e+01 3.250000e+00 5.858400e+02 5.012800e+02 1
-3.227700e-01 3.141900e+00 -3.640900e-01 -1.025300e+00 92 33 1.205900e+01 3.250000e+00 5.918800e+02 4.997500e+02 1
-2.008100e-01 3.161600e+00 -3.654400e-01 -1.025300e+00 93 33 1.050500e+01 3.250000e+00 6.174800e+02 4.993400e+02 1
-2.537400e-01 3.222800e+00 -3.696100e-01 -1.025300e+00 94 33 1.246200e+01 3.250000e+00 6.083400e+02 4.973900e+02 1
-2.564700e-01 3.259000e+00 -3.720700e-01 -1.025300e+00 95 33 1.227300e+01 3.250000e+00 6.087600e+02 4.963300e+02 1
-2.851200e-01 3.271000e+00 -3.728900e-01 -1.025300e+00 96 33 1.173600e+01 3.250000e+00 6.034300e+02 4.959300e+02 1
-2.881200e-01 3.278700e+00 -3.734100e-01 -1.025300e+00 97 33 1.175900e+01 3.250000e+00 6.030500e+02 4.957100e+02 1
-2.646500e-01 3.311700e+00 -3.756600e-01 -1.025300e+00 98 33 1.127000e+01 3.250000e+00 6.085500e+02 4.948100e+02 1
-2.941200e-01 3.365000e+00 -3.793000e-01 -1.025300e+00 99 33 1.048900e+01 3.250000e+00 6.042800e+02 4.932800e+02 1
8.299700e-01 5.840300e+00 -5.479600e-01 -1.025300e+00 170 33 1.029500e+01 3.250000e+00 7.670100e+02 4.554800e+02 1
7.885000e-01 5.876200e+00 -5.504100e-01 -1.025300e+00 171 33 1.236400e+01 3.250000e+00 7.619700e+02 4.551300e+02 1
7.464900e-01 5.905900e+00 -5.524300e-01 -1.025300e+00 172 33 1.304100e+01 3.250000e+00 757 4.548400e+02 1
6.100700e-01 5.542100e+00 -5.276400e-01 -1.025300e+00 173 33 1.088100e+01 3.250000e+00 7.452200e+02 4.581800e+02 1
8.496200e-01 5.981300e+00 -5.575700e-01 -1.025300e+00 174 33 1.357200e+01 3.250000e+00 7.673900e+02 4.542400e+02 1
8.070600e-01 6.021700e+00 -5.603200e-01 -1.025300e+00 175 33 1.391200e+01 3.250000e+00 7.623000e+02 4.538700e+02 1
8.116900e-01 6.053100e+00 -5.624600e-01 -1.025300e+00 176 33 1.306200e+01 3.250000e+00 7.624300e+02 4.536000e+02 1
8.163300e-01 6.079500e+00 -5.642600e-01 -1.025300e+00 177 33 1.133500e+01 3.250000e+00 7.626300e+02 4.533900e+02 1
-5.462200e-01 9.972500e+00 -8.295400e-01 -1.025300e+00 287 33 1.052200e+01 3.250000e+00 6.479600e+02 4.332800e+02 1
-5.481300e-01 1.000800e+01 -8.319400e-01 -1.025300e+00 288 33 1.079200e+01 3.250000e+00 648 4.331700e+02 1
-8.643500e-01 1.001500e+01 -8.324000e-01 -1.025300e+00 289 33 1.029600e+01 3.250000e+00 6.279000e+02 4.330600e+02 1
3.378300e+00 9.991000e+00 -8.308000e-01 -1.025300e+00 303 33 1.078100e+01 3.250000e+00 9.020900e+02 4.343800e+02 1
3.472100e+00 9.984000e+00 -8.303200e-01 -1.025300e+00 304 33 1.109600e+01 3.250000e+00 9.084100e+02 4.344300e+02 1
3.079000e+00 1.017500e+01 -8.433500e-01 -1.025300e+00 306 33 1.071300e+01 3.250000e+00 879 4.337200e+02 1
3.172600e+00 1.019200e+01 -8.445100e-01 -1.025300e+00 307 33 1.102000e+01 3.250000e+00 8.846900e+02 4.336900e+02 1
-2.137100e+00 1.284800e+01 -1.025500e+00 -1.025300e+00 374 33 1.067000e+01 3.250000e+00 5.796600e+02 4.262300e+02 1
-2.142900e+00 1.288300e+01 -1.027900e+00 -1.025300e+00 375 33 1.148200e+01 3.250000e+00 5.797000e+02 4.261700e+02 1
-2.250900e+00 1.289900e+01 -1.028900e+00 -1.025300e+00 376 33 1.121200e+01 3.250000e+00 5.745300e+02 4.261200e+02 1
-2.062700e+00 1.301600e+01 -1.036900e+00 -1.025300e+00 379 33 1.052200e+01 3.250000e+00 5.847600e+02 4.259500e+02 1
-2.171500e+00 1.304300e+01 -1.038800e+00 -1.025300e+00 380 33 1.070400e+01 3.250000e+00 5.797100e+02 4.258800e+02 1
1.339100e+00 1.412300e+01 1.662500e+00 -1.025300e+00 410 33 1.019300e+01 3.250000e+00 7.448000e+02 3.042600e+02 0
-3.642400e-01 3.010700e+00 -3.551500e-01 -9.932700e-01 90 34 1.151000e+01 3.250000e+00 5.784400e+02 5.039700e+02 1
-3.437800e-01 3.091500e+00 -3.606600e-01 -9.932700e-01 91 34 1.254800e+01 3.250000e+00 5.858000e+02 5.013200e+02 1
-3.227700e-01 3.142400e+00 -3.641200e-01 -9.932700e-01 92 34 1.268100e+01 3.250000e+00 5.919000e+02 4.997400e+02 1
-3.012100e-01 3.178100e+00 -3.665600e-01 -9.932700e-01 93 34 1.204400e+01 3.250000e+00 5.974500e+02 4.986700e+02 1
-2.537400e-01 3.221700e+00 -3.695300e-01 -9.932700e-01 94 34 1.242700e+01 3.250000e+00 6.083000e+02 4.974300e+02 1
-2.308200e-01 3.259700e+00 -3.721200e-01 -9.932700e-01 95 34 1.196900e+01 3.250000e+00 6.138700e+02 4.963500e+02 1
-2.851200e-01 3.237900e+00 -3.706400e-01 -9.932700e-01 96 34 1.112800e+01 3.250000e+00 6.024800e+02 4.969000e+02 1
-2.881200e-01 3.270500e+00 -3.728600e-01 -9.932700e-01 97 34 1.167600e+01 3.250000e+00 6.028200e+02 4.959400e+02 1
-2.646500e-01 3.314700e+00 -3.758700e-01 -9.932700e-01 98 34 1.134800e+01 3.250000e+00 6.086300e+02 4.947200e+02 1
-2.673800e-01 3.372600e+00 -3.798100e-01 -9.932700e-01 99 34 1.067100e+01 3.250000e+00 6.096000e+02 4.931200e+02 1
1.663200e+00 4.110100e+00 -4.300600e-01 -9.932700e-01 128 34 1.032900e+01 3.250000e+00 9.324400e+02 4.788700e+02 0
1.746200e+00 4.114700e+00 -4.303800e-01 -9.932700e-01 129 34 1.083700e+01 3.250000e+00 9.455700e+02 4.788700e+02 0
1.865400e+00 4.097500e+00 -4.292100e-01 -9.932700e-01 130 34 1.039800e+01 3.250000e+00 9.660700e+02 4.793300e+02 0
6.957400e-01 5.879300e+00 -5.506200e-01 -9.932700e-01 171 34 1.047200e+01 3.250000e+00 7.516900e+02 4.550400e+02 1
6.065200e-01 5.915000e+00 -5.530600e-01 -9.932700e-01 172 34 1.062400e+01 3.250000e+00 7.415500e+02 4.546700e+02 1
9.385600e-01 5.903400e+00 -5.522700e-01 -9.932700e-01 173 34 1.053400e+01 3.250000e+00 7.781700e+02 4.549800e+02 1
8.496200e-01 5.967500e+00 -5.566300e-01 -9.932700e-01 174 34 1.137200e+01 3.250000e+00 7.675600e+02 4.543600e+02 1
7.595800e-01 6.028900e+00 -5.608200e-01 -9.932700e-01 175 34 1.137600e+01 3.250000e+00 7.571000e+02 4.537800e+02 1
6.684500e-01 6.073000e+00 -5.638200e-01 -9.932700e-01 176 34 1.077500e+01 3.250000e+00 7.469000e+02 4.533500e+02 1
3.295900e+00 1.001200e+01 -8.322500e-01 -9.932700e-01 303 34 1.111000e+01 3.250000e+00 8.962500e+02 4.342800e+02 1
3.306800e+00 1.003600e+01 -8.338700e-01 -9.932700e-01 304 34 1.164100e+01 3.250000e+00 8.964700e+02 4.342100e+02 1
3.483600e+00 1.000900e+01 -8.320600e-01 -9.932700e-01 305 34 1.131600e+01 3.250000e+00 9.086000e+02 4.343500e+02 1
3.245400e+00 1.013300e+01 -8.405000e-01 -9.932700e-01 306 34 1.149900e+01 3.250000e+00 8.905200e+02 4.338900e+02 1
3.256100e+00 1.016800e+01 -8.428400e-01 -9.932700e-01 307 34 1.152800e+01 3.250000e+00 8.905300e+02 4.337900e+02 1
-2.671100e-01 3.006900e+00 -3.548900e-01 -9.612300e-01 90 35 1.023900e+01 3.250000e+00 5.991700e+02 5.042700e+02 1
-2.946700e-01 3.100300e+00 -3.612600e-01 -9.612300e-01 91 35 1.094600e+01 3.250000e+00 5.963400e+02 5.011200e+02 1
-2.979400e-01 3.151500e+00 -3.647400e-01 -9.612300e-01 92 35 1.126100e+01 3.250000e+00 5.972900e+02 4.995000e+02 1
-2.761100e-01 3.187700e+00 -3.672100e-01 -9.612300e-01 93 35 1.109600e+01 3.250000e+00 6.028300e+02 4.984200e+02 1
-2.283700e-01 3.208000e+00 -3.685900e-01 -9.612300e-01 94 35 1.051500e+01 3.250000e+00 6.130500e+02 4.978800e+02 1
1.676300e+00 4.144000e+00 -4.323700e-01 -9.612300e-01 129 35 1.054100e+01 3.250000e+00 9.325300e+02 4.782500e+02 0
3.306800e+00 1.005100e+01 -8.349100e-01 -9.612300e-01 304 35 1.022400e+01 3.250000e+00 8.961600e+02 4.341700e+02 1
3.483600e+00 1.000700e+01 -8.319000e-01 -9.612300e-01 305 35 1.033700e+01 3.250000e+00 9.086500e+02 4.343600e+02 1
3.245400e+00 1.010200e+01 -8.383600e-01 -9.612300e-01 306 35 1.024700e+01 3.250000e+00 8.911500e+02 4.339900e+02 1
3.172600e+00 1.019400e+01 -8.446300e-01 -9.612300e-01 307 35 1.020000e+01 3.250000e+00 8.846600e+02 4.336900e+02 1
-3.477100e+00 6.693300e+00 -6.060900e-01 -9.291900e-01 217 36 1.054200e+01 3.250000e+00 3.494100e+02 4.465600e+02 1
-3.611600e+00 6.660700e+00 -6.038700e-01 -9.291900e-01 218 36 1.065400e+01 3.250000e+00 3.352100e+02 4.467000e+02 1
-3.747200e+00 6.602900e+00 -5.999300e-01 -9.291900e-01 219 36 1.014000e+01 3.250000e+00 3.193700e+02 4.470100e+02 1
-2.720500e+00 5.231400e+00 -5.064700e-01 -8.971500e-01 170 37 1.136000e+01 3.250000e+00 3.434700e+02 4.590600e+02 1
-2.783000e+00 5.239600e+00 -5.070300e-01 -8.971500e-01 171 37 1.204700e+01 3.250000e+00 3.366000e+02 4.589300e+02 1
-2.846000e+00 5.245700e+00 -5.074500e-01 -8.971500e-01 172 37 1.218000e+01 3.250000e+00 3.295400e+02 4.588200e+02 1
-2.909500e+00 5.252000e+00 -5.078800e-01 -8.971500e-01 173 37 1.186300e+01 3.250000e+00 3.224600e+02 4.587100e+02 1
-2.973700e+00 5.258500e+00 -5.083200e-01 -8.971500e-01 174 37 1.124500e+01 3.250000e+00 3.153500e+02 4.586000e+02 1
-2.990900e+00 5.288100e+00 -5.103400e-01 -8.971500e-01 175 37 1.044500e+01 3.250000e+00 3.154400e+02 4.582800e+02 1
-3.620000e+00 6.452600e+00 -5.896900e-01 -8.971500e-01 215 37 1.025200e+01 3.250000e+00 3.229100e+02 4.480900e+02 1
-3.695600e+00 6.523100e+00 -5.944900e-01 -8.971500e-01 216 37 1.217500e+01 3.250000e+00 3.197200e+02 4.475700e+02 1
-3.712800e+00 6.565300e+00 -5.973700e-01 -8.971500e-01 217 37 1.294000e+01 3.250000e+00 3.204800e+02 4.472800e+02 1
-3.789200e+00 6.562200e+00 -5.971600e-01 -8.971500e-01 218 37 1.272700e+01 3.250000e+00 3.131100e+02 4.472600e+02 1
-3.806600e+00 6.581900e+00 -5.985000e-01 -8.971500e-01 219 37 1.184300e+01 3.250000e+00 3.126000e+02 4.471200e+02 1
-3.824100e+00 6.612100e+00 -6.005500e-01 -8.971500e-01 220 37 1.084900e+01 3.250000e+00 3.126900e+02 4.469100e+02 1
-2.720500e+00 5.237500e+00 -5.068900e-01 -8.651100e-01 170 38 1.119600e+01 3.250000e+00 3.438800e+02 459 1
-2.783000e+00 5.244200e+00 -5.073400e-01 -8.651100e-01 171 38 1.213000e+01 3.250000e+00 3.369100e+02 4.588800e+02 1
-2.799300e+00 5.275100e+00 -5.094500e-01 -8.651100e-01 172 38 1.244400e+01 3.250000e+00 3.370700e+02 4.585400e+02 1
-2.862600e+00 5.280600e+00 -5.098300e-01 -8.651100e-01 173 38 1.223000e+01 3.250000e+00 3.299900e+02 4.584400e+02 1
-2.879300e+00 5.310800e+00 -5.118800e-01 -8.651100e-01 174 38 1.168500e+01 3.250000e+00 3.301000e+02 4.581200e+02 1
-2.943400e+00 5.316100e+00 -5.122500e-01 -8.651100e-01 175 38 1.095200e+01 3.250000e+00 3.229700e+02 4.580200e+02 1
-3.912000e+00 6.192100e+00 -5.719400e-01 -8.651100e-01 215 38 1.048000e+01 3.250000e+00 2.783000e+02 4.497900e+02 1
-3.812900e+00 6.446300e+00 -5.892600e-01 -8.651100e-01 216 38 1.251500e+01 3.250000e+00 3.040400e+02 4.480300e+02 1
-3.830600e+00 6.496300e+00 -5.926700e-01 -8.651100e-01 217 38 1.320600e+01 3.250000e+00 3.053300e+02 4.476800e+02 1
-3.789200e+00 6.559400e+00 -5.969600e-01 -8.651100e-01 218 38 1.277100e+01 3.250000e+00 3.129400e+02 4.472800e+02 1
-3.866100e+00 6.457900e+00 -5.900500e-01 -8.651100e-01 219 38 1.104200e+01 3.250000e+00 2.996500e+02 4.479200e+02 1
-2.783000e+00 5.213700e+00 -5.052700e-01 -8.330700e-01 171 39 1.038800e+01 3.250000e+00 3.348300e+02 4.592000e+02 1
-2.752700e+00 5.271500e+00 -5.092000e-01 -8.330700e-01 172 39 1.078000e+01 3.250000e+00 3.423300e+02 4.586200e+02 1
-2.674900e+00 5.318000e+00 -5.123700e-01 -8.330700e-01 173 39 1.071800e+01 3.250000e+00 3.545000e+02 4.581900e+02 1
-2.832100e+00 5.253000e+00 -5.079400e-01 -8.330700e-01 174 39 1.030100e+01 3.250000e+00 3.316900e+02 4.587500e+02 1
-3.988900e+00 6.336100e+00 -5.817500e-01 -8.330700e-01 216 39 1.100300e+01 3.250000e+00 2.801800e+02 4.487000e+02 1
-3.889600e+00 6.456200e+00 -5.899300e-01 -8.330700e-01 217 39 1.152800e+01 3.250000e+00 2.973000e+02 4.479200e+02 1
-3.848400e+00 6.524500e+00 -5.945900e-01 -8.330700e-01 218 39 1.105400e+01 3.250000e+00 3.053200e+02 4.474800e+02 1
0 0 -1.500000e-01 -6.408200e-02 1 63 9.989500e+00 3.250000e+00 2167 -3.612800e+03 0
-2.728400e-04 3.455900e-02 -1.523500e-01 -6.408200e-02 2 63 9.982700e+00 3.250000e+00 3.462600e+03 -7.133200e+03 0
0 0 -1.500000e-01 -3.204100e-02 1 64 1.546500e+01 3.250000e+00 2167 -3.612800e+03 0
-7.093800e-02 1.116300e-01 -1.576100e-01 -3.204100e-02 5 64 1.420700e+01 3.250000e+00 -3.159600e+03 7.830700e+03 0
-1.585200e-01 1.860600e-01 -1.626800e-01 -3.204100e-02 8 64 1.336100e+01 3.250000e+00 -1094 2.933200e+03 0
-1.986300e-01 1.945200e-01 -1.632500e-01 -3.204100e-02 9 64 1.270800e+01 3.250000e+00 -1.156800e+03 2.737600e+03 0
-2.480100e-01 1.864700e-01 -1.627100e-01 -3.204100e-02 10 64 1.264900e+01 3.250000e+00 -1515 2.860500e+03 0
-2.592000e-01 2.255600e-01 -1.653700e-01 -3.204100e-02 11 64 1.210100e+01 3.250000e+00 -1.015400e+03 2.255300e+03 0
-2.851200e-01 2.295200e-01 -1.656400e-01 -3.204100e-02 12 64 1.164800e+01 3.250000e+00 -1.065300e+03 2.200800e+03 0
-3.044900e-01 2.765700e-01 -1.688500e-01 -3.204100e-02 13 64 1.075400e+01 3.250000e+00 -7.287800e+02 1.797600e+03 0
-3.121300e-01 3.014800e-01 -1.705400e-01 -3.204100e-02 14 64 1.056700e+01 3.250000e+00 -5.987500e+02 1.650100e+03 0
-1.260500e-01 3.280600e-01 -1.723500e-01 -3.204100e-02 15 64 1.043600e+01 3.250000e+00 -3.858400e+01 1.553300e+03 0
3.609700e-01 2.515700e-01 -1.671400e-01 -3.204100e-02 28 64 1.210600e+01 3.250000e+00 1423 2.203800e+03 0
6.799100e-01 6.417000e-01 -1.937300e-01 -3.204100e-02 29 64 1.370100e+01 3.250000e+00 1.287700e+03 9.512200e+02 0
6.725500e-01 7.389800e-01 -2.003500e-01 -3.204100e-02 30 64 1.461600e+01 3.250000e+00 1.190300e+03 8.680400e+02 0
6.793700e-01 7.972800e-01 -2.043300e-01 -3.204100e-02 31 64 1.477500e+01 3.250000e+00 1.155400e+03 8.295400e+02 0
6.766400e-01 8.280300e-01 -2.064200e-01 -3.204100e-02 32 64 1.426700e+01 3.250000e+00 1.133500e+03 8.115600e+02 0
6.810000e-01 8.639100e-01 -2.088700e-01 -3.204100e-02 33 64 1.284900e+01 3.250000e+00 1.116700e+03 7.925600e+02 0
7.606700e-01 8.413500e-01 -2.073300e-01 -3.204100e-02 35 64 1.016500e+01 3.250000e+00 1.199400e+03 8.059900e+02 0
-8.594400e-01 8.636800e-01 -2.088500e-01 -3.204100e-02 36 64 1.100800e+01 3.250000e+00 -1.072200e+02 7.645700e+02 0
-8.643500e-01 8.792200e-01 -2.099100e-01 -3.204100e-02 37 64 1.134800e+01 3.250000e+00 -9.588400e+01 7.577600e+02 0
-8.984600e-01 8.694600e-01 -2.092500e-01 -3.204100e-02 38 64 1.097100e+01 3.250000e+00 -1.304100e+02 7.613800e+02 0
