0 0 -1.500000e-01 0 1 65 1.636600e+01 3.220000e+00 2167 -3.612800e+03 0
-7.093800e-02 1.117400e-01 -1.575400e-01 0 5 65 1.522200e+01 3.220000e+00 -3.148800e+03 7.808700e+03 0
-1.585200e-01 1.859900e-01 -1.625600e-01 0 8 65 1.436700e+01 3.220000e+00 -1.095100e+03 2.934100e+03 0
-2.008100e-01 1.919200e-01 -1.629600e-01 0 9 65 1.369700e+01 3.220000e+00 -1.205500e+03 2.784300e+03 0
-2.480100e-01 1.863400e-01 -1.625800e-01 0 10 65 1.366500e+01 3.220000e+00 -1.517300e+03 2.862500e+03 0
-2.619200e-01 2.216500e-01 -1.649600e-01 0 11 65 1.313100e+01 3.220000e+00 -1.068100e+03 2.299700e+03 0
-2.851200e-01 2.347700e-01 -1.658500e-01 0 12 65 1.271200e+01 3.220000e+00 -1011 2.144800e+03 0
-3.012100e-01 2.849900e-01 -1.692400e-01 0 13 65 1.197000e+01 3.220000e+00 -6.658400e+02 1.744700e+03 0
-3.085800e-01 3.010900e-01 -1.703300e-01 0 14 65 1.148600e+01 3.220000e+00 -5.919600e+02 1.652300e+03 0
-1.298700e-01 3.922400e-01 -1.764800e-01 0 15 65 1.135200e+01 3.220000e+00 9.994900e+01 1.323500e+03 0
3.609700e-01 2.856500e-01 -1.692800e-01 0 28 65 1.317300e+01 3.220000e+00 1.298500e+03 1.895700e+03 0
6.799100e-01 6.390400e-01 -1.931400e-01 0 29 65 1.470900e+01 3.220000e+00 1.290600e+03 9.534300e+02 0
6.725500e-01 7.363300e-01 -1.997100e-01 0 30 65 1.564700e+01 3.220000e+00 1.192300e+03 8.695000e+02 0
6.793700e-01 7.975700e-01 -2.038400e-01 0 31 65 1.580200e+01 3.220000e+00 1.155100e+03 8.289100e+02 0
6.766400e-01 8.330100e-01 -2.062400e-01 0 32 65 1.526900e+01 3.220000e+00 1.130500e+03 8.083500e+02 0
6.810000e-01 8.728700e-01 -2.089300e-01 0 33 65 1.378900e+01 3.220000e+00 1.111800e+03 7.876200e+02 0
7.514000e-01 7.693500e-01 -2.019400e-01 0 35 65 1.075900e+01 3.220000e+00 1.244600e+03 8.485800e+02 0
-8.498900e-01 8.605400e-01 -2.081000e-01 0 36 65 1.173000e+01 3.220000e+00 -1.031500e+02 7.657100e+02 0
-8.643500e-01 8.723600e-01 -2.088900e-01 0 37 65 1.216400e+01 3.220000e+00 -1.024200e+02 7.602800e+02 0
-8.782700e-01 8.707500e-01 -2.087800e-01 0 38 65 1.174600e+01 3.220000e+00 -1.142400e+02 7.607500e+02 0
-8.812700e-01 8.912300e-01 -2.101700e-01 0 39 65 1.043000e+01 3.220000e+00 -9.684800e+01 7.520500e+02 0
0 0 -1.500000e-01 3.204100e-02 1 66 1.531300e+01 3.220000e+00 2167 -3.612800e+03 0
-7.093800e-02 1.118300e-01 -1.575500e-01 3.204100e-02 5 66 1.421200e+01 3.220000e+00 -3140 7.791700e+03 0
-1.585200e-01 1.859100e-01 -1.625500e-01 3.204100e-02 8 66 1.335100e+01 3.220000e+00 -1.096300e+03 2.935800e+03 0
-2.008100e-01 1.925800e-01 -1.630000e-01 3.204100e-02 9 66 1.268300e+01 3.220000e+00 -1.195500e+03 2.771800e+03 0
-2.504700e-01 1.831700e-01 -1.623700e-01 3.204100e-02 10 66 1.264200e+01 3.220000e+00 -1.588600e+03 2.926900e+03 0
-2.619200e-01 2.234100e-01 -1.650800e-01 3.204100e-02 11 66 1.207400e+01 3.220000e+00 -1.048500e+03 2.278700e+03 0
-2.821100e-01 2.447200e-01 -1.665200e-01 3.204100e-02 12 66 1.168900e+01 3.220000e+00 -9.071500e+02 2.049500e+03 0
-3.044900e-01 2.854800e-01 -1.692700e-01 3.204100e-02 13 66 1.101100e+01 3.220000e+00 -6.715800e+02 1.741100e+03 0
-3.050300e-01 2.935800e-01 -1.698200e-01 3.204100e-02 14 66 1.057600e+01 3.220000e+00 -6.248400e+02 1.693800e+03 0
-1.298700e-01 3.995500e-01 -1.769700e-01 3.204100e-02 15 66 1.049500e+01 3.220000e+00 1.131100e+02 1.303100e+03 0
3.609700e-01 3.093300e-01 -1.708800e-01 3.204100e-02 28 66 1.220400e+01 3.220000e+00 1.234300e+03 1.737300e+03 0
6.722700e-01 6.384700e-01 -1.931000e-01 3.204100e-02 29 66 1.367100e+01 3.220000e+00 1282 9.537300e+02 0
6.725500e-01 7.327100e-01 -1.994700e-01 3.204100e-02 30 66 1.462100e+01 3.220000e+00 1.195200e+03 8.721500e+02 0
6.711800e-01 8.044100e-01 -2.043100e-01 3.204100e-02 31 66 1.478500e+01 3.220000e+00 1.143200e+03 8.246100e+02 0
6.766400e-01 8.359300e-01 -2.064300e-01 3.204100e-02 32 66 1.427900e+01 3.220000e+00 1.128800e+03 8.067500e+02 0
6.810000e-01 8.760300e-01 -2.091400e-01 3.204100e-02 33 66 1.285900e+01 3.220000e+00 1.110100e+03 7.860600e+02 0
6.752700e-01 7.915400e-01 -2.034400e-01 3.204100e-02 34 66 9.973900e+00 3.220000e+00 1.155300e+03 8.325100e+02 0
7.421200e-01 8.284400e-01 -2.059300e-01 3.204100e-02 35 66 1.000900e+01 3.220000e+00 1.191700e+03 8.122800e+02 0
-8.498900e-01 8.668100e-01 -2.085200e-01 3.204100e-02 36 66 1.079900e+01 3.220000e+00 -9.706800e+01 7.629400e+02 0
-8.545300e-01 8.833900e-01 -2.096400e-01 3.204100e-02 37 66 1.126900e+01 3.220000e+00 -8.479400e+01 7.557400e+02 0
-8.580800e-01 8.769500e-01 -2.092000e-01 3.204100e-02 38 66 1.088600e+01 3.220000e+00 -9.342100e+01 7.584100e+02 0
9.778500e-01 7.735200e+00 -6.722100e-01 -1.089400e+00 225 31 1.073500e+01 3.220000e+00 7.612400e+02 4.422200e+02 1
8.594400e-01 7.810400e+00 -6.772900e-01 -1.089400e+00 226 31 1.115000e+01 3.220000e+00 7.507800e+02 4.417900e+02 1
6.782800e-01 7.827600e+00 -6.784500e-01 -1.089400e+00 227 31 1.061500e+01 3.220000e+00 7.357000e+02 4.416300e+02 1
4.976600e-01 7.732400e+00 -6.720200e-01 -1.089400e+00 229 31 1.030200e+01 3.220000e+00 7.211500e+02 4.420300e+02 1
5.623200e-01 7.793000e+00 -6.761100e-01 -1.089400e+00 230 31 1.023300e+01 3.220000e+00 7.262800e+02 4.417500e+02 1
9.734900e-01 7.714000e+00 -6.707700e-01 -1.057400e+00 224 32 1.051000e+01 3.220000e+00 7.610600e+02 4.423300e+02 1
9.167400e-01 7.768800e+00 -6.744800e-01 -1.057400e+00 225 32 1.199200e+01 3.220000e+00 7.558600e+02 4.420200e+02 1
8.594400e-01 7.807300e+00 -6.770800e-01 -1.057400e+00 226 32 1.242900e+01 3.220000e+00 7.508000e+02 4.418000e+02 1
8.016000e-01 7.838600e+00 -6.791900e-01 -1.057400e+00 227 32 1.196800e+01 3.220000e+00 7.458000e+02 4.416200e+02 1
6.812800e-01 7.872100e+00 -6.814500e-01 -1.057400e+00 228 32 1.116900e+01 3.220000e+00 7.357100e+02 4.414100e+02 1
7.464900e-01 7.906000e+00 -6.837400e-01 -1.057400e+00 229 32 1.140300e+01 3.220000e+00 7.408500e+02 4.412700e+02 1
7.497600e-01 7.938900e+00 -6.859600e-01 -1.057400e+00 230 32 1.129600e+01 3.220000e+00 7.409200e+02 4.411100e+02 1
8.785400e-01 7.880800e+00 -6.820300e-01 -1.057400e+00 231 32 1.019700e+01 3.220000e+00 7.518300e+02 4.414500e+02 1
7.301200e-01 7.752300e+00 -6.733600e-01 -1.025300e+00 224 33 9.945900e+00 3.220000e+00 7.404300e+02 4.420300e+02 1
7.945100e-01 7.782300e+00 -6.753900e-01 -1.025300e+00 225 33 1.149000e+01 3.220000e+00 7.455900e+02 4.419000e+02 1
7.980500e-01 7.813300e+00 -6.774800e-01 -1.025300e+00 226 33 1.189200e+01 3.220000e+00 7.456800e+02 4.417500e+02 1
8.016000e-01 7.832900e+00 -6.788000e-01 -1.025300e+00 227 33 1.147200e+01 3.220000e+00 7.458400e+02 4.416500e+02 1
6.812800e-01 7.868900e+00 -6.812300e-01 -1.025300e+00 228 33 1.086600e+01 3.220000e+00 7.357200e+02 4.414200e+02 1
6.842800e-01 7.910200e+00 -6.840200e-01 -1.025300e+00 229 33 1.091600e+01 3.220000e+00 7.357500e+02 4.412200e+02 1
6.872800e-01 7.929100e+00 -6.853000e-01 -1.025300e+00 230 33 1.070300e+01 3.220000e+00 7.358900e+02 4.411300e+02 1
4.338100e-02 1.837400e+00 -2.740400e-01 -9.932700e-01 54 34 9.738200e+00 3.220000e+00 6.477800e+02 5.717400e+02 0
2.946700e-02 1.873800e+00 -2.765000e-01 -9.932700e-01 55 34 9.862400e+00 3.220000e+00 6.438000e+02 5.682600e+02 0
-1.041200e+00 3.529000e+00 -3.882400e-01 -9.932700e-01 107 34 1.033300e+01 3.220000e+00 4.729600e+02 4.876200e+02 1
-1.021800e+00 3.583700e+00 -3.919400e-01 -9.932700e-01 108 34 1.156100e+01 3.220000e+00 4.798100e+02 4.863400e+02 1
-1.060800e+00 3.611800e+00 -3.938300e-01 -9.932700e-01 109 34 1.181200e+01 3.220000e+00 4.746200e+02 4.856300e+02 1
-1.130100e+00 3.612500e+00 -3.938900e-01 -9.932700e-01 110 34 1.109900e+01 3.220000e+00 4.624900e+02 4.855300e+02 1
-1.050400e+00 3.647600e+00 -3.962500e-01 -9.932700e-01 111 34 1.015100e+01 3.220000e+00 4.786100e+02 4.848300e+02 1
-1.029700e+00 3.727900e+00 -4.016700e-01 -9.932700e-01 112 34 1.079700e+01 3.220000e+00 4.868300e+02 4.830700e+02 1
-1.130600e+00 3.727800e+00 -4.016700e-01 -9.932700e-01 113 34 1.140500e+01 3.220000e+00 4.696200e+02 4.829500e+02 1
-1.171600e+00 3.720200e+00 -4.011500e-01 -9.932700e-01 114 34 1.110500e+01 3.220000e+00 4.621800e+02 4.830700e+02 1
-4.420000e-02 1.868400e+00 -2.761400e-01 -9.612300e-01 55 35 9.848300e+00 3.220000e+00 6.176300e+02 5.684600e+02 0
-1.021800e+00 3.593600e+00 -3.926100e-01 -9.612300e-01 108 35 1.178500e+01 3.220000e+00 4.804000e+02 4.861100e+02 1
-1.060800e+00 3.615800e+00 -3.941000e-01 -9.612300e-01 109 35 1.202800e+01 3.220000e+00 4.748700e+02 4.855400e+02 1
-1.070600e+00 3.645100e+00 -3.960800e-01 -9.612300e-01 110 35 1.141700e+01 3.220000e+00 4.749400e+02 4.848600e+02 1
-1.080400e+00 3.673700e+00 -3.980100e-01 -9.612300e-01 111 35 1.106200e+01 3.220000e+00 4.749600e+02 4.842000e+02 1
-1.120500e+00 3.702200e+00 -3.999300e-01 -9.612300e-01 112 35 1.174600e+01 3.220000e+00 4.697800e+02 4.835200e+02 1
-1.130600e+00 3.732800e+00 -4.020000e-01 -9.612300e-01 113 35 1.214500e+01 3.220000e+00 4.699200e+02 4.828400e+02 1
-1.171600e+00 3.740700e+00 -4.025400e-01 -9.612300e-01 114 35 1.171600e+01 3.220000e+00 4.634600e+02 4.826200e+02 1
-2.504700e+00 6.657500e+00 -5.994500e-01 -9.612300e-01 205 35 1.031600e+01 3.220000e+00 4.386600e+02 4.468900e+02 1
-2.461000e+00 6.694100e+00 -6.019200e-01 -9.612300e-01 206 35 1.017700e+01 3.220000e+00 4.441400e+02 4.466700e+02 1
-2.304400e+00 6.704100e+00 -6.026000e-01 -9.612300e-01 207 35 9.972800e+00 3.220000e+00 4.591700e+02 4.466900e+02 1
-9.925900e-01 3.600600e+00 -3.930800e-01 -9.291900e-01 108 36 1.017800e+01 3.220000e+00 4.859800e+02 4.859800e+02 1
-1.001900e+00 3.635600e+00 -3.954400e-01 -9.291900e-01 109 36 1.023900e+01 3.220000e+00 4.863900e+02 4.851600e+02 1
-1.181100e+00 3.673500e+00 -3.980000e-01 -9.291900e-01 112 36 1.066600e+01 3.220000e+00 4.575500e+02 4.840800e+02 1
-1.130600e+00 3.720200e+00 -4.011500e-01 -9.291900e-01 113 36 1.088800e+01 3.220000e+00 4.691600e+02 4.831200e+02 1
-1.048200e+00 3.783300e+00 -4.054100e-01 -9.291900e-01 114 36 1.046900e+01 3.220000e+00 4.867800e+02 4.818700e+02 1
-2.381600e+00 6.677000e+00 -6.007700e-01 -9.291900e-01 204 36 1.031000e+01 3.220000e+00 4.509600e+02 4.468300e+02 1
-2.504700e+00 6.669600e+00 -6.002700e-01 -9.291900e-01 205 36 1.087200e+01 3.220000e+00 4.391200e+02 4.468100e+02 1
-2.516900e+00 6.702200e+00 -6.024700e-01 -9.291900e-01 206 36 1.081500e+01 3.220000e+00 4.392100e+02 4.465900e+02 1
-2.585400e+00 6.697500e+00 -6.021500e-01 -9.291900e-01 207 36 1.045200e+01 3.220000e+00 4.326200e+02 4.465900e+02 1
2.728700e+00 3.785400e+00 -4.055600e-01 -8.651100e-01 138 38 1.014200e+01 3.220000e+00 1.143400e+03 4.865300e+02 1
2.823900e+00 3.873400e+00 -4.115000e-01 -8.651100e-01 139 38 1.087700e+01 3.220000e+00 1.149500e+03 4.846700e+02 1
2.844300e+00 3.933300e+00 -4.155400e-01 -8.651100e-01 140 38 1.168900e+01 3.220000e+00 1.145800e+03 4.833900e+02 1
2.903000e+00 3.926900e+00 -4.151000e-01 -8.651100e-01 141 38 1.179600e+01 3.220000e+00 1.156700e+03 4.836000e+02 1
3.000700e+00 3.899800e+00 -4.132700e-01 -8.651100e-01 142 38 1.106000e+01 3.220000e+00 1.177200e+03 4.843100e+02 1
3.289300e+00 3.423100e+00 -3.810900e-01 -8.330700e-01 138 39 1.025300e+01 3.220000e+00 1.306400e+03 4.966800e+02 0
2.936800e+00 3.571700e+00 -3.911200e-01 -8.330700e-01 139 39 1.090400e+01 3.220000e+00 1.211500e+03 4.920700e+02 0
2.806400e+00 3.911100e+00 -4.140400e-01 -8.330700e-01 140 39 1.195000e+01 3.220000e+00 1.141800e+03 4.838200e+02 1
2.826600e+00 3.989400e+00 -4.193300e-01 -8.330700e-01 141 39 1.253000e+01 3.220000e+00 1.136100e+03 4.821900e+02 1
2.923700e+00 3.961800e+00 -4.174600e-01 -8.330700e-01 142 39 1.182500e+01 3.220000e+00 1156 4.828900e+02 1
2.840800e+00 3.827100e+00 -4.083700e-01 -8.010300e-01 138 40 1.147900e+01 3.220000e+00 1.158200e+03 4.857200e+02 1
2.936800e+00 3.820600e+00 -4.079300e-01 -8.010300e-01 139 40 1.216700e+01 3.220000e+00 1.176200e+03 4.859900e+02 1
3.034000e+00 3.672900e+00 -3.979600e-01 -8.010300e-01 140 40 1.117100e+01 3.220000e+00 1.214700e+03 4.896300e+02 0
2.712000e+00 2.675900e+00 -3.306500e-01 -8.010300e-01 141 40 1.079300e+01 3.220000e+00 1.337700e+03 5.234000e+02 0
2.885300e+00 3.856400e+00 -4.103500e-01 -8.010300e-01 142 40 1.059800e+01 3.220000e+00 1.162400e+03 4.851200e+02 1
2.653900e+00 3.969800e+00 -4.180000e-01 -7.689800e-01 138 41 1.056200e+01 3.220000e+00 1.108800e+03 4.824000e+02 1
2.748600e+00 3.958500e+00 -4.172400e-01 -7.689800e-01 139 41 1.104500e+01 3.220000e+00 1.126300e+03 4.827500e+02 1
2.882300e+00 3.905200e+00 -4.136500e-01 -7.689800e-01 140 41 1.051700e+01 3.220000e+00 1.155800e+03 4.840400e+02 1
0 0 -1.500000e-01 -9.612300e-02 1 62 1.003700e+01 3.220000e+00 2167 -3.612800e+03 0
6.646300e-01 7.297100e-01 -1.992600e-01 -9.612300e-02 30 62 1.001800e+01 3.220000e+00 1.189400e+03 8.741600e+02 0
6.630000e-01 8.037000e-01 -2.042600e-01 -9.612300e-02 31 62 1.039700e+01 3.220000e+00 1.136100e+03 8.248400e+02 0
6.851000e-01 8.382300e-01 -2.065900e-01 -9.612300e-02 32 62 1.026800e+01 3.220000e+00 1.134900e+03 8.056700e+02 0
7.333900e-01 8.431500e-01 -2.069200e-01 -9.612300e-02 33 62 9.669400e+00 3.220000e+00 1.174200e+03 8.040100e+02 0
0 0 -1.500000e-01 -6.408200e-02 1 63 9.706100e+00 3.220000e+00 2167 -3.612800e+03 0
6.725500e-01 7.290700e-01 -1.992200e-01 -6.408200e-02 30 63 1.018400e+01 3.220000e+00 1.198100e+03 8.748600e+02 0
6.711800e-01 8.003600e-01 -2.040300e-01 -6.408200e-02 31 63 1.060200e+01 3.220000e+00 1.145700e+03 8.270300e+02 0
6.851000e-01 8.291800e-01 -2.059800e-01 -6.408200e-02 32 63 1.043400e+01 3.220000e+00 1.140300e+03 8.106500e+02 0
7.159300e-01 8.187700e-01 -2.052800e-01 -6.408200e-02 33 63 9.623600e+00 3.220000e+00 1.174600e+03 8.172000e+02 0
0 0 -1.500000e-01 -3.204100e-02 1 64 1.537100e+01 3.220000e+00 2167 -3.612800e+03 0
-7.093800e-02 1.115100e-01 -1.575300e-01 -3.204100e-02 5 64 1.419600e+01 3.220000e+00 -3.170500e+03 7.850600e+03 0
-1.585200e-01 1.860400e-01 -1.625600e-01 -3.204100e-02 8 64 1.336900e+01 3.220000e+00 -1.094400e+03 2.933100e+03 0
-1.986300e-01 1.938500e-01 -1.630900e-01 -3.204100e-02 9 64 1.265500e+01 3.220000e+00 -1.166600e+03 2.749400e+03 0
-2.480100e-01 1.853600e-01 -1.625100e-01 -3.204100e-02 10 64 1.265900e+01 3.220000e+00 -1.535400e+03 2.882500e+03 0
-2.619200e-01 2.196400e-01 -1.648300e-01 -3.204100e-02 11 64 1.215500e+01 3.220000e+00 -1091 2.324400e+03 0
-2.851200e-01 2.285600e-01 -1.654300e-01 -3.204100e-02 12 64 1.170400e+01 3.220000e+00 -1.075500e+03 2.210600e+03 0
-3.044900e-01 2.789800e-01 -1.688300e-01 -3.204100e-02 13 64 1.090000e+01 3.220000e+00 -7.128000e+02 1.781500e+03 0
-4.291700e-01 1.093900e-01 -1.573900e-01 -3.204100e-02 14 64 1.032300e+01 3.220000e+00 -6.981600e+03 6.357800e+03 0
-1.298700e-01 3.994300e-01 -1.769700e-01 -3.204100e-02 15 64 1.024200e+01 3.220000e+00 1.128900e+02 1.303500e+03 0
3.536000e-01 2.956000e-01 -1.699600e-01 -3.204100e-02 28 64 1.212800e+01 3.220000e+00 1.246700e+03 1.823100e+03 0
6.799100e-01 6.423400e-01 -1.933600e-01 -3.204100e-02 29 64 1.369200e+01 3.220000e+00 1287 9.501100e+02 0
6.725500e-01 7.387700e-01 -1.998700e-01 -3.204100e-02 30 64 1.462300e+01 3.220000e+00 1.190400e+03 8.677300e+02 0
6.793700e-01 7.974800e-01 -2.038400e-01 -3.204100e-02 31 64 1.477000e+01 3.220000e+00 1.155200e+03 8.289600e+02 0
6.766400e-01 8.316700e-01 -2.061500e-01 -3.204100e-02 32 64 1.421800e+01 3.220000e+00 1.131300e+03 8.090900e+02 0
6.810000e-01 8.733000e-01 -2.089600e-01 -3.204100e-02 33 64 1.268800e+01 3.220000e+00 1.111500e+03 7.874100e+02 0
7.792300e-01 7.647400e-01 -2.016300e-01 -3.204100e-02 35 64 1.011600e+01 3.220000e+00 1.275800e+03 8.523700e+02 0
-8.594400e-01 8.496400e-01 -2.073600e-01 -3.204100e-02 36 64 1.065600e+01 3.220000e+00 -1.211900e+02 7.704600e+02 0
-8.741700e-01 8.668800e-01 -2.085200e-01 -3.204100e-02 37 64 1.098800e+01 3.220000e+00 -115 7.625000e+02 0
-8.883600e-01 8.771300e-01 -2.092200e-01 -3.204100e-02 38 64 1.053300e+01 3.220000e+00 -1.154200e+02 7.578400e+02 0
