0 0 -1.500000e-01 0 1 65 1.634900e+01 3.150000e+00 2167 -3.612800e+03 0
-7.093800e-02 1.118800e-01 -1.573900e-01 0 5 65 1.521900e+01 3.150000e+00 -3.134700e+03 7.779100e+03 0
-1.585200e-01 1.860600e-01 -1.622900e-01 0 8 65 1.439500e+01 3.150000e+00 -1.093800e+03 2.930800e+03 0
-2.008100e-01 1.911800e-01 -1.626300e-01 0 9 65 1.370000e+01 3.150000e+00 -1.216700e+03 2.796900e+03 0
-2.480100e-01 1.860400e-01 -1.622900e-01 0 10 65 1.365200e+01 3.150000e+00 -1.522600e+03 2.866900e+03 0
-2.619200e-01 2.212400e-01 -1.646100e-01 0 11 65 1.302000e+01 3.150000e+00 -1.072700e+03 2.303400e+03 0
-2.881200e-01 2.297300e-01 -1.651700e-01 0 12 65 1.267900e+01 3.150000e+00 -1.073300e+03 2.195300e+03 0
-3.110400e-01 2.763500e-01 -1.682500e-01 0 13 65 1.193400e+01 3.150000e+00 -7.482100e+02 1.795700e+03 0
-3.121300e-01 3.069300e-01 -1.702700e-01 0 14 65 1.149900e+01 3.150000e+00 -5.696500e+02 1.620400e+03 0
-1.260500e-01 4.158800e-01 -1.774700e-01 0 15 65 1.146500e+01 3.150000e+00 1.473500e+02 1.259900e+03 0
3.536000e-01 3.647200e-01 -1.740900e-01 0 28 65 1.319700e+01 3.150000e+00 1.109700e+03 1.469800e+03 0
6.799100e-01 6.383200e-01 -1.921500e-01 0 29 65 1.471200e+01 3.150000e+00 1.291300e+03 9.530600e+02 0
6.725500e-01 7.364700e-01 -1.986400e-01 0 30 65 1.563500e+01 3.150000e+00 1.192200e+03 8.683300e+02 0
6.793700e-01 7.975300e-01 -2.026700e-01 0 31 65 1.577100e+01 3.150000e+00 1.155100e+03 8.278800e+02 0
6.766400e-01 8.308300e-01 -2.048700e-01 0 32 65 1.520600e+01 3.150000e+00 1.131800e+03 8.085100e+02 0
6.810000e-01 8.736400e-01 -2.077000e-01 0 33 65 1.363100e+01 3.150000e+00 1.111300e+03 7.862000e+02 0
7.699500e-01 5.578500e-01 -1.868400e-01 0 35 65 1.102800e+01 3.150000e+00 1.525300e+03 1.053800e+03 0
-8.403400e-01 8.837800e-01 -2.083700e-01 0 36 65 1.186700e+01 3.150000e+00 -7.405800e+01 7.548300e+02 0
-8.545300e-01 8.885800e-01 -2.086800e-01 0 37 65 1.235100e+01 3.150000e+00 -7.995800e+01 7.526000e+02 0
-8.782700e-01 8.670900e-01 -2.072600e-01 0 38 65 1.197200e+01 3.150000e+00 -1.177900e+02 7.613600e+02 0
-9.123700e-01 8.330300e-01 -2.050100e-01 0 39 65 1.055900e+01 3.150000e+00 -1.791100e+02 7.762600e+02 0
0 0 -1.500000e-01 3.204100e-02 1 66 1.523800e+01 3.150000e+00 2167 -3.612800e+03 0
-7.093800e-02 1.124500e-01 -1.574300e-01 3.204100e-02 5 66 1.421400e+01 3.150000e+00 -3.081600e+03 7.676700e+03 0
-1.585200e-01 1.860700e-01 -1.622900e-01 3.204100e-02 8 66 1.339300e+01 3.150000e+00 -1.093800e+03 2.930800e+03 0
-2.008100e-01 1.901600e-01 -1.625600e-01 3.204100e-02 9 66 1.270900e+01 3.150000e+00 -1.232500e+03 2.816700e+03 0
-2.480100e-01 1.856900e-01 -1.622600e-01 3.204100e-02 10 66 1.269200e+01 3.150000e+00 -1.529200e+03 2.874200e+03 0
-2.646500e-01 2.159400e-01 -1.642600e-01 3.204100e-02 11 66 1.218600e+01 3.150000e+00 -1.145200e+03 2369 0
-2.911200e-01 2.210300e-01 -1.646000e-01 3.204100e-02 12 66 1.165900e+01 3.150000e+00 -1.182400e+03 2.293700e+03 0
-3.175800e-01 2.664500e-01 -1.676000e-01 3.204100e-02 13 66 1.082200e+01 3.150000e+00 -8.375100e+02 1.862200e+03 0
-3.085800e-01 3.116500e-01 -1.705800e-01 3.204100e-02 14 66 1.041900e+01 3.150000e+00 -5.371300e+02 1.597900e+03 0
-1.260500e-01 4.085000e-01 -1.769800e-01 3.204100e-02 15 66 1.068300e+01 3.150000e+00 1.354400e+02 1.278600e+03 0
3.536000e-01 3.972200e-01 -1.762300e-01 3.204100e-02 28 66 1.218900e+01 3.150000e+00 1.066300e+03 1.358400e+03 0
6.799100e-01 6.357700e-01 -1.919900e-01 3.204100e-02 29 66 1.372000e+01 3.150000e+00 1.294200e+03 9.556700e+02 0
6.725500e-01 7.338300e-01 -1.984600e-01 3.204100e-02 30 66 1.461000e+01 3.150000e+00 1.194200e+03 8.702600e+02 0
6.711800e-01 8.044800e-01 -2.031300e-01 3.204100e-02 31 66 1.472400e+01 3.150000e+00 1.143100e+03 8.235100e+02 0
6.766400e-01 8.332600e-01 -2.050300e-01 3.204100e-02 32 66 1.411700e+01 3.150000e+00 1.130300e+03 8.071700e+02 0
6.810000e-01 8.791100e-01 -2.080600e-01 3.204100e-02 33 66 1.242600e+01 3.150000e+00 1.108400e+03 7.835100e+02 0
7.328400e-01 5.782400e-01 -1.881900e-01 3.204100e-02 35 66 1.016600e+01 3.150000e+00 1.438600e+03 1.024300e+03 0
-8.498900e-01 8.703100e-01 -2.074800e-01 3.204100e-02 36 66 1.080100e+01 3.150000e+00 -9.367200e+01 7.604400e+02 0
-8.545300e-01 8.851400e-01 -2.084500e-01 3.204100e-02 37 66 1.135900e+01 3.150000e+00 -8.313500e+01 7.540400e+02 0
-8.883600e-01 8.576500e-01 -2.066400e-01 3.204100e-02 38 66 1.107000e+01 3.150000e+00 -1.347700e+02 7.653600e+02 0
0 0 -1.500000e-01 6.408200e-02 1 67 1.013200e+01 3.150000e+00 2167 -3.612800e+03 0
6.793700e-01 7.662800e-01 -2.006100e-01 6.408200e-02 31 67 9.904100e+00 3.150000e+00 1.176600e+03 8.477500e+02 0
6.851000e-01 8.001700e-01 -2.028400e-01 6.408200e-02 32 67 1.020800e+01 3.150000e+00 1.158700e+03 8.264100e+02 0
7.072000e-01 8.254700e-01 -2.045100e-01 6.408200e-02 33 67 9.792400e+00 3.150000e+00 1.162300e+03 8.121500e+02 0
8.610800e-01 9.096900e+00 -7.507600e-01 -1.121400e+00 264 30 1.028900e+01 3.150000e+00 7.427500e+02 4.353300e+02 1
8.643500e-01 9.168800e+00 -7.555100e-01 -1.121400e+00 265 30 1.070200e+01 3.150000e+00 7.426000e+02 4.350700e+02 1
-8.643500e-01 4.950100e+00 -4.769100e-01 -1.089400e+00 145 31 1.023800e+01 3.150000e+00 5.596500e+02 4.623700e+02 1
-9.099200e-01 4.981100e+00 -4.789500e-01 -1.089400e+00 146 31 1.028900e+01 3.150000e+00 5.546700e+02 4.619500e+02 1
8.610800e-01 9.108200e+00 -7.515000e-01 -1.089400e+00 264 31 1.101600e+01 3.150000e+00 7.426900e+02 4.352900e+02 1
9.363800e-01 9.151200e+00 -7.543400e-01 -1.089400e+00 265 31 1.124900e+01 3.150000e+00 7.477700e+02 4.351600e+02 1
8.676300e-01 9.171200e+00 -7.556700e-01 -1.089400e+00 266 31 1.022400e+01 3.150000e+00 7.428100e+02 4.350600e+02 1
-9.754000e-01 4.897800e+00 -4.734500e-01 -1.057400e+00 144 32 1.074300e+01 3.150000e+00 5.437700e+02 4.629300e+02 1
-9.429300e-01 4.939500e+00 -4.762000e-01 -1.057400e+00 145 32 1.138800e+01 3.150000e+00 5.492300e+02 4.624400e+02 1
-9.890400e-01 4.963800e+00 -4.778100e-01 -1.057400e+00 146 32 1.108700e+01 3.150000e+00 5.440300e+02 4.621000e+02 1
-1.009500e+00 5.068400e+00 -4.847200e-01 -1.057400e+00 149 32 1.030800e+01 3.150000e+00 5.445800e+02 4.608400e+02 1
-1.097600e+00 5.078300e+00 -4.853700e-01 -1.057400e+00 150 32 1.130800e+01 3.150000e+00 5.338400e+02 4.606600e+02 1
-1.145900e+00 5.074200e+00 -4.851000e-01 -1.057400e+00 151 32 1.154000e+01 3.150000e+00 5.276600e+02 4.606700e+02 1
-1.277200e+00 5.042400e+00 -4.830000e-01 -1.057400e+00 152 32 1.081600e+01 3.150000e+00 5.101000e+02 4.609400e+02 1
8.610800e-01 9.072400e+00 -7.491400e-01 -1.057400e+00 264 32 1.014300e+01 3.150000e+00 7.428900e+02 4.354200e+02 1
9.363800e-01 9.082700e+00 -7.498200e-01 -1.057400e+00 265 32 1.017300e+01 3.150000e+00 7.481800e+02 4.354100e+02 1
-1.014400e+00 4.889600e+00 -4.729100e-01 -1.025300e+00 144 33 1.004500e+01 3.150000e+00 5.384300e+02 463 1
-9.822200e-01 4.930200e+00 -4.755900e-01 -1.025300e+00 145 33 1.070300e+01 3.150000e+00 5.438800e+02 4.625200e+02 1
-1.028600e+00 4.948900e+00 -4.768300e-01 -1.025300e+00 146 33 1.055100e+01 3.150000e+00 5.384900e+02 4.622500e+02 1
-1.090300e+00 5.051800e+00 -4.836200e-01 -1.025300e+00 149 33 1.039700e+01 3.150000e+00 5.339200e+02 4.609700e+02 1
-1.097600e+00 5.085500e+00 -4.858500e-01 -1.025300e+00 150 33 1.090700e+01 3.150000e+00 5.340700e+02 4.605700e+02 1
-1.145900e+00 5.090500e+00 -4.861800e-01 -1.025300e+00 151 33 1.105300e+01 3.150000e+00 5.282000e+02 4.604800e+02 1
-1.236000e+00 5.064000e+00 -4.844200e-01 -1.025300e+00 152 33 1.033300e+01 3.150000e+00 5.160400e+02 4.607200e+02 1
-2.628800e+00 7.774600e+00 -6.634300e-01 -1.025300e+00 236 33 1.081200e+01 3.150000e+00 4.652700e+02 4.396500e+02 1
-2.704400e+00 7.778400e+00 -6.636900e-01 -1.025300e+00 237 33 1.098200e+01 3.150000e+00 4.592900e+02 4.396000e+02 1
-2.780500e+00 7.733900e+00 -6.607500e-01 -1.025300e+00 238 33 1.027400e+01 3.150000e+00 4.517800e+02 4.397800e+02 1
-2.362200e+00 7.806000e+00 -6.655100e-01 -9.932700e-01 235 34 1.013400e+01 3.150000e+00 4.876400e+02 4.396000e+02 1
-2.500600e+00 7.806200e+00 -6.655200e-01 -9.932700e-01 236 34 1.137700e+01 3.150000e+00 4.765100e+02 4.395400e+02 1
-2.640000e+00 7.793400e+00 -6.646800e-01 -9.932700e-01 237 34 1.155700e+01 3.150000e+00 4.649300e+02 4.395500e+02 1
-2.715800e+00 7.757700e+00 -6.623200e-01 -9.932700e-01 238 34 1.078900e+01 3.150000e+00 4.577400e+02 4.396900e+02 1
-2.684700e+00 7.859400e+00 -6.690300e-01 -9.932700e-01 241 34 1.048400e+01 3.150000e+00 4.632700e+02 4.392200e+02 1
2.904900e+00 5.134900e+00 -4.891100e-01 -9.612300e-01 170 35 1.135400e+01 3.150000e+00 1.044300e+03 4.630600e+02 1
2.922100e+00 5.166800e+00 -4.912200e-01 -9.612300e-01 171 35 1.226200e+01 3.150000e+00 1.044300e+03 4.626800e+02 1
2.985900e+00 5.171500e+00 -4.915200e-01 -9.612300e-01 172 35 1.217100e+01 3.150000e+00 1.052200e+03 4.626700e+02 1
2.909500e+00 5.252700e+00 -4.968900e-01 -9.612300e-01 173 35 1.143800e+01 3.150000e+00 1.036800e+03 4.616500e+02 1
2.832100e+00 5.309300e+00 -5.006200e-01 -9.612300e-01 174 35 1.092200e+01 3.150000e+00 1.023200e+03 4.609400e+02 1
2.895900e+00 5.341400e+00 -5.027500e-01 -9.612300e-01 175 35 1.035700e+01 3.150000e+00 1.029200e+03 4.606200e+02 1
8.479800e-01 9.458600e-01 -2.124600e-01 -9.291900e-01 38 36 1.000200e+01 3.150000e+00 1.204300e+03 7.562200e+02 0
8.501600e-01 9.991600e-01 -2.159800e-01 -9.291900e-01 39 36 9.884700e+00 3.150000e+00 1.175500e+03 7.352100e+02 0
2.887700e+00 5.075900e+00 -4.852100e-01 -9.291900e-01 169 36 1.015200e+01 3.150000e+00 1.046200e+03 4.637800e+02 1
2.904900e+00 5.122200e+00 -4.882700e-01 -9.291900e-01 170 36 1.214600e+01 3.150000e+00 1.045200e+03 4.632100e+02 1
2.922100e+00 5.159300e+00 -4.907200e-01 -9.291900e-01 171 36 1.312700e+01 3.150000e+00 1.044800e+03 4.627700e+02 1
3.032600e+00 5.138700e+00 -4.893600e-01 -9.291900e-01 172 36 1.312700e+01 3.150000e+00 1.060700e+03 4.631100e+02 1
3.144200e+00 5.110800e+00 -4.875200e-01 -9.291900e-01 173 36 1.219500e+01 3.150000e+00 1.077400e+03 4.635400e+02 0
3.020900e+00 5.221800e+00 -4.948500e-01 -9.291900e-01 174 36 1.089700e+01 3.150000e+00 1.053200e+03 4.621000e+02 1
3.085800e+00 5.209000e+00 -4.940100e-01 -9.291900e-01 175 36 1.083100e+01 3.150000e+00 1.062400e+03 4.623000e+02 1
4.051600e-01 9.803100e-01 -2.147400e-01 -8.971500e-01 34 37 9.761100e+00 3.150000e+00 8.605700e+02 7.357600e+02 0
4.731000e-01 1.006700e+00 -2.164800e-01 -8.971500e-01 35 37 9.787600e+00 3.150000e+00 9.033300e+02 7.271300e+02 0
8.840000e-01 8.447300e-01 -2.057900e-01 -8.971500e-01 37 37 1.044600e+01 3.150000e+00 1.305700e+03 8.052100e+02 0
8.681700e-01 9.384400e-01 -2.119700e-01 -8.971500e-01 38 37 1.091600e+01 3.150000e+00 1.224600e+03 7.597000e+02 0
8.501600e-01 1.015100e+00 -2.170300e-01 -8.971500e-01 39 37 1.078400e+01 3.150000e+00 1.167100e+03 7.294000e+02 0
8.193300e-01 1.087600e+00 -2.218300e-01 -8.971500e-01 40 37 1.005200e+01 3.150000e+00 1.111900e+03 7.049200e+02 0
2.951000e+00 5.069400e+00 -4.847900e-01 -8.971500e-01 170 37 1.091300e+01 3.150000e+00 1.055100e+03 4.639100e+02 1
2.968500e+00 5.116000e+00 -4.878600e-01 -8.971500e-01 171 37 1.204700e+01 3.150000e+00 1054 4.633400e+02 1
3.032600e+00 5.129000e+00 -4.887200e-01 -8.971500e-01 172 37 1.228600e+01 3.150000e+00 1.061400e+03 4.632300e+02 1
3.144200e+00 5.115200e+00 -4.878100e-01 -8.971500e-01 173 37 1.166600e+01 3.150000e+00 1.077100e+03 4.634900e+02 0
3.721500e-01 9.893400e-01 -2.153400e-01 -8.651100e-01 32 38 9.705600e+00 3.150000e+00 8.354400e+02 7.319400e+02 0
4.278100e-01 9.846000e-01 -2.150200e-01 -8.651100e-01 33 38 1.100400e+01 3.150000e+00 8.759900e+02 7.344900e+02 0
4.681900e-01 9.958500e-01 -2.157700e-01 -8.651100e-01 34 38 1.181300e+01 3.150000e+00 9.023500e+02 7.309400e+02 0
5.009300e-01 1.012300e+00 -2.168500e-01 -8.651100e-01 35 38 1.175100e+01 3.150000e+00 9.214900e+02 7.255500e+02 0
4.965700e-01 1.043400e+00 -2.189100e-01 -8.651100e-01 36 38 1.088800e+01 3.150000e+00 9.111000e+02 7.149200e+02 1
8.741700e-01 8.418400e-01 -2.055900e-01 -8.651100e-01 37 38 1.015700e+01 3.150000e+00 1.299300e+03 8.065800e+02 0
8.782700e-01 9.152500e-01 -2.104400e-01 -8.651100e-01 38 38 1.031300e+01 3.150000e+00 1.247900e+03 7.700800e+02 0
8.605300e-01 9.911500e-01 -2.154600e-01 -8.651100e-01 39 38 9.995000e+00 3.150000e+00 1.187500e+03 7.383600e+02 0
4.540000e-01 9.823700e-01 -2.148800e-01 -8.330700e-01 33 39 1.094100e+01 3.150000e+00 8.952700e+02 7.357000e+02 0
4.862000e-01 9.986700e-01 -2.159500e-01 -8.330700e-01 34 39 1.184000e+01 3.150000e+00 9.144500e+02 7.301800e+02 0
5.102100e-01 1.023200e+00 -2.175700e-01 -8.330700e-01 35 39 1.171400e+01 3.150000e+00 9.252200e+02 7.218800e+02 0
5.538600e-01 1.075100e+00 -2.210000e-01 -8.330700e-01 36 39 1.099500e+01 3.150000e+00 9.416000e+02 7.055300e+02 1
6.679100e-01 1.065000e+00 -2.203300e-01 -8.330700e-01 37 39 1.094400e+01 3.150000e+00 1.020100e+03 7.101200e+02 1
7.066500e-01 1.077700e+00 -2.211700e-01 -8.330700e-01 38 39 1.117400e+01 3.150000e+00 1.041400e+03 7.066200e+02 1
7.257500e-01 1.101400e+00 -2.227400e-01 -8.330700e-01 39 39 1.085700e+01 3.150000e+00 1.045500e+03 6.996400e+02 1
0 0 -1.500000e-01 -8.010300e-01 1 40 9.269600e+00 3.150000e+00 2167 -3.612800e+03 0
5.222100e-01 1.012100e+00 -2.168400e-01 -8.010300e-01 34 40 9.880300e+00 3.150000e+00 9.364000e+02 7.258900e+02 0
5.287600e-01 1.061500e+00 -2.201000e-01 -8.010300e-01 35 40 9.796200e+00 3.150000e+00 9.284000e+02 7.094700e+02 1
6.111600e-01 1.027500e+00 -2.178500e-01 -8.010300e-01 36 40 1.009300e+01 3.150000e+00 9.938300e+02 7.217700e+02 0
6.777300e-01 1.058800e+00 -2.199200e-01 -8.010300e-01 37 40 1.132400e+01 3.150000e+00 1.028800e+03 7.122200e+02 1
6.965600e-01 1.072900e+00 -2.208600e-01 -8.010300e-01 38 40 1.187900e+01 3.150000e+00 1.036400e+03 7.079700e+02 1
7.153800e-01 1.096900e+00 -2.224400e-01 -8.010300e-01 39 40 1.176300e+01 3.150000e+00 1.040400e+03 7.008800e+02 1
7.342100e-01 1.144600e+00 -2.255900e-01 -8.010300e-01 40 40 1.071400e+01 3.150000e+00 1.036300e+03 6.874600e+02 1
8.864500e-01 1.756900e+00 -2.660300e-01 -8.010300e-01 58 40 1.008700e+01 3.150000e+00 9.691300e+02 5.828200e+02 0
6.482600e-01 1.076300e+00 -2.210800e-01 -7.689800e-01 37 41 9.995900e+00 3.150000e+00 1.003400e+03 7.063300e+02 1
6.965600e-01 1.038300e+00 -2.185700e-01 -7.689800e-01 38 41 1.075600e+01 3.150000e+00 1049 7.192400e+02 1
7.153800e-01 1.098800e+00 -2.225600e-01 -7.689800e-01 39 41 1.083100e+01 3.150000e+00 1.039800e+03 7.003100e+02 1
7.342100e-01 1.147200e+00 -2.257600e-01 -7.689800e-01 40 41 9.928100e+00 3.150000e+00 1.035400e+03 6.867600e+02 1
8.861800e-01 1.737300e+00 -2.647300e-01 -7.689800e-01 57 41 9.892000e+00 3.150000e+00 9.723200e+02 5.849900e+02 0
8.864500e-01 1.764500e+00 -2.665300e-01 -7.689800e-01 58 41 9.955600e+00 3.150000e+00 9.678600e+02 5.819900e+02 0
0 0 -1.500000e-01 -3.204100e-02 1 64 1.541200e+01 3.150000e+00 2167 -3.612800e+03 0
-7.093800e-02 1.113100e-01 -1.573500e-01 -3.204100e-02 5 64 1.418900e+01 3.150000e+00 -3.189400e+03 7.884400e+03 0
-1.585200e-01 1.860600e-01 -1.622900e-01 -3.204100e-02 8 64 1.337600e+01 3.150000e+00 -1.093800e+03 2.930800e+03 0
-1.986300e-01 1.939400e-01 -1.628100e-01 -3.204100e-02 9 64 1.264900e+01 3.150000e+00 -1.165100e+03 2746 0
-2.480100e-01 1.855500e-01 -1.622500e-01 -3.204100e-02 10 64 1.257900e+01 3.150000e+00 -1.531700e+03 2.877100e+03 0
-2.592000e-01 2.260500e-01 -1.649300e-01 -3.204100e-02 11 64 1.215100e+01 3.150000e+00 -1010 2.247600e+03 0
-2.851200e-01 2.366200e-01 -1.656300e-01 -3.204100e-02 12 64 1.169600e+01 3.150000e+00 -9.925400e+02 2.124700e+03 0
-3.077600e-01 2.801400e-01 -1.685000e-01 -3.204100e-02 13 64 1.094700e+01 3.150000e+00 -7.140800e+02 1.772100e+03 0
-3.121300e-01 3.043900e-01 -1.701000e-01 -3.204100e-02 14 64 1.051900e+01 3.150000e+00 -5.830100e+02 1.633300e+03 0
-1.260500e-01 4.357300e-01 -1.787800e-01 -3.204100e-02 15 64 1.031500e+01 3.150000e+00 1.769900e+02 1.213300e+03 0
3.536000e-01 3.628100e-01 -1.739600e-01 -3.204100e-02 28 64 1.215600e+01 3.150000e+00 1.112500e+03 1.477200e+03 0
6.799100e-01 6.435700e-01 -1.925000e-01 -3.204100e-02 29 64 1.370300e+01 3.150000e+00 1.285600e+03 9.477700e+02 0
6.804600e-01 7.320700e-01 -1.983500e-01 -3.204100e-02 30 64 1.461000e+01 3.150000e+00 1.203800e+03 8.717800e+02 0
6.793700e-01 7.973900e-01 -2.026600e-01 -3.204100e-02 31 64 1.474300e+01 3.150000e+00 1.155200e+03 8.279600e+02 0
6.851000e-01 8.226800e-01 -2.043300e-01 -3.204100e-02 32 64 1.418700e+01 3.150000e+00 1.144300e+03 8.132500e+02 0
6.810000e-01 8.713100e-01 -2.075400e-01 -3.204100e-02 33 64 1.265400e+01 3.150000e+00 1.112600e+03 7.873500e+02 0
7.699500e-01 5.342700e-01 -1.852800e-01 -3.204100e-02 35 64 1.014400e+01 3.150000e+00 1.570400e+03 1.089200e+03 0
-8.498900e-01 8.767600e-01 -2.079000e-01 -3.204100e-02 36 64 1.084000e+01 3.150000e+00 -8.756200e+01 7.576600e+02 0
-8.643500e-01 8.845900e-01 -2.084200e-01 -3.204100e-02 37 64 1.139000e+01 3.150000e+00 -9.077700e+01 7.541100e+02 0
-8.883600e-01 8.644600e-01 -2.070900e-01 -3.204100e-02 38 64 1.103200e+01 3.150000e+00 -1.278900e+02 7.623400e+02 0
