0 0 -1.500000e-01 0 1 65 1.658900e+01 4.180000e+00 2167 -3.612800e+03 0
-7.093800e-02 1.127900e-01 -1.594600e-01 0 5 65 1.519600e+01 4.180000e+00 -3.057800e+03 7.661800e+03 0
-1.585200e-01 1.860800e-01 -1.656100e-01 0 8 65 1.435700e+01 4.180000e+00 -1.095500e+03 2.950900e+03 0
-2.008100e-01 1.909800e-01 -1.660300e-01 0 9 65 1.367700e+01 4.180000e+00 -1.221800e+03 2.820500e+03 0
-2.480100e-01 1.868100e-01 -1.656800e-01 0 10 65 1.364800e+01 4.180000e+00 -1.510900e+03 2.871100e+03 0
-2.619200e-01 2.224900e-01 -1.686700e-01 0 11 65 1.311500e+01 4.180000e+00 -1.060200e+03 2.305700e+03 0
-2.881200e-01 2.324100e-01 -1.695000e-01 0 12 65 1.271100e+01 4.180000e+00 -1.046800e+03 2.183800e+03 0
-3.077600e-01 2.784600e-01 -1.733700e-01 0 13 65 1.199300e+01 4.180000e+00 -7.262800e+02 1.798400e+03 0
-3.014900e-01 3.032300e-01 -1.754400e-01 0 14 65 1.141200e+01 4.180000e+00 -5.638300e+02 1.656300e+03 0
-1.260500e-01 3.824200e-01 -1.820900e-01 0 15 65 1.139300e+01 4.180000e+00 8.847100e+01 1366 0
-3.601500e-01 3.718300e-01 -1.812000e-01 0 16 65 1.121900e+01 4.180000e+00 -3.978400e+02 1.372700e+03 0
3.536000e-01 3.631300e-01 -1.804700e-01 0 28 65 1.311400e+01 4.180000e+00 1.112700e+03 1.491400e+03 0
6.799100e-01 6.399800e-01 -2.037000e-01 0 29 65 1.468100e+01 4.180000e+00 1.290200e+03 9.647800e+02 0
6.725500e-01 7.371000e-01 -2.118500e-01 0 30 65 1.560000e+01 4.180000e+00 1.192300e+03 8.808900e+02 0
6.793700e-01 7.975600e-01 -2.169200e-01 0 31 65 1.576100e+01 4.180000e+00 1.155700e+03 8.407000e+02 0
6.766400e-01 8.313700e-01 -2.197600e-01 0 32 65 1.523800e+01 4.180000e+00 1132 8.209500e+02 0
6.810000e-01 8.644800e-01 -2.225400e-01 0 33 65 1.378400e+01 4.180000e+00 1.116800e+03 8.034500e+02 0
-9.814000e-01 1.765200e-01 -1.648100e-01 0 34 65 1.045700e+01 4.180000e+00 -4.726700e+03 2.599400e+03 0
7.514000e-01 8.826800e-01 -2.240700e-01 0 35 65 1.079900e+01 4.180000e+00 1.165500e+03 7.957600e+02 0
-8.212400e-01 9.010600e-01 -2.256100e-01 0 36 65 1.172100e+01 4.180000e+00 -4.531600e+01 7.598400e+02 0
-8.447100e-01 8.970400e-01 -2.252700e-01 0 37 65 1.218900e+01 4.180000e+00 -6.566500e+01 7.610900e+02 0
-8.681700e-01 8.961300e-01 -2.252000e-01 0 38 65 1.176600e+01 4.180000e+00 -8.332500e+01 7.610800e+02 0
-8.916400e-01 9.305000e-01 -2.280800e-01 0 39 65 1.031500e+01 4.180000e+00 -6.934200e+01 7.472200e+02 0
0 0 -1.500000e-01 3.204100e-02 1 66 1.557800e+01 4.180000e+00 2167 -3.612800e+03 0
-7.202900e-02 1.121400e-01 -1.594100e-01 3.204100e-02 5 66 1.417800e+01 4.180000e+00 -3.131600e+03 7.771200e+03 0
-1.604300e-01 1.843800e-01 -1.654700e-01 3.204100e-02 8 66 1.336500e+01 4.180000e+00 -1.131200e+03 2.986700e+03 0
-2.008100e-01 1.909500e-01 -1.660200e-01 3.204100e-02 9 66 1.269900e+01 4.180000e+00 -1.222200e+03 2821 0
-2.480100e-01 1.868700e-01 -1.656800e-01 3.204100e-02 10 66 1.265200e+01 4.180000e+00 -1.509800e+03 2.869900e+03 0
-2.619200e-01 2.228600e-01 -1.687000e-01 3.204100e-02 11 66 1.210600e+01 4.180000e+00 -1.056200e+03 2.301300e+03 0
-2.851200e-01 2.379700e-01 -1.699700e-01 3.204100e-02 12 66 1.169000e+01 4.180000e+00 -9.809400e+02 2.128100e+03 0
-3.044900e-01 2.822800e-01 -1.736900e-01 3.204100e-02 13 66 1.096400e+01 4.180000e+00 -6.926000e+02 1.774900e+03 0
-4.220800e-01 1.198800e-01 -1.600600e-01 3.204100e-02 14 66 1.045700e+01 4.180000e+00 -5604 5.367900e+03 0
-1.298700e-01 4.281000e-01 -1.859200e-01 3.204100e-02 15 66 1.040300e+01 4.180000e+00 1.591100e+02 1.244100e+03 0
3.536000e-01 3.934900e-01 -1.830200e-01 3.204100e-02 28 66 1.210000e+01 4.180000e+00 1.071400e+03 1.384900e+03 0
6.799100e-01 6.383600e-01 -2.035700e-01 3.204100e-02 29 66 1.367700e+01 4.180000e+00 1292 9.664300e+02 0
6.725500e-01 7.359600e-01 -2.117600e-01 3.204100e-02 30 66 1.459500e+01 4.180000e+00 1.193200e+03 8.817200e+02 0
6.711800e-01 8.044700e-01 -2.175000e-01 3.204100e-02 31 66 1.475300e+01 4.180000e+00 1.143600e+03 8.363300e+02 0
6.766400e-01 8.319200e-01 -2.198100e-01 3.204100e-02 32 66 1.422000e+01 4.180000e+00 1.131700e+03 8.206500e+02 0
6.722700e-01 8.714200e-01 -2.231200e-01 3.204100e-02 33 66 1.274100e+01 4.180000e+00 1.105700e+03 7.997800e+02 0
-8.212400e-01 9.025200e-01 -2.257300e-01 3.204100e-02 36 66 1.071600e+01 4.180000e+00 -4.405400e+01 7.592500e+02 0
-8.348900e-01 9.168500e-01 -2.269300e-01 3.204100e-02 37 66 1.118700e+01 4.180000e+00 -4.149000e+01 7.533400e+02 0
-8.378900e-01 9.560900e-01 -2.302300e-01 3.204100e-02 38 66 1.078200e+01 4.180000e+00 -1.178800e+01 7.386200e+02 0
4.129700e+00 1.128100e+01 -1.096700e+00 -9.612300e-01 345 35 1.055500e+01 4.180000e+00 9.217900e+02 4.408400e+02 1
3.953400e+00 1.137800e+01 -1.104800e+00 -9.612300e-01 346 35 1.023000e+01 4.180000e+00 9.096600e+02 4.405500e+02 1
4.071000e+00 1.132200e+01 -1.100100e+00 -9.612300e-01 348 35 1.063200e+01 4.180000e+00 9.175500e+02 4.407200e+02 1
3.987800e+00 1.143800e+01 -1.109800e+00 -9.612300e-01 349 35 1.106700e+01 4.180000e+00 9.104700e+02 4.404100e+02 1
3.904000e+00 1.151300e+01 -1.116100e+00 -9.612300e-01 350 35 1.050700e+01 4.180000e+00 9.042700e+02 4.402100e+02 1
4.398400e+00 1.113800e+01 -1.084600e+00 -9.291900e-01 344 36 1.083100e+01 4.180000e+00 9.406500e+02 4.412800e+02 1
4.223500e+00 1.123600e+01 -1.092800e+00 -9.291900e-01 345 36 1.166200e+01 4.180000e+00 9.282200e+02 4.409800e+02 1
4.141700e+00 1.131200e+01 -1.099200e+00 -9.291900e-01 346 36 1.146800e+01 4.180000e+00 9.218700e+02 4.407700e+02 1
4.059300e+00 1.138100e+01 -1.105000e+00 -9.291900e-01 347 36 1.064600e+01 4.180000e+00 9.157000e+02 4.405700e+02 1
4.165700e+00 1.136300e+01 -1.103500e+00 -9.291900e-01 348 36 1.169200e+01 4.180000e+00 9.222100e+02 4.406400e+02 1
4.177700e+00 1.140000e+01 -1.106600e+00 -9.291900e-01 349 36 1.209100e+01 4.180000e+00 9.221400e+02 4.405600e+02 1
4.094500e+00 1.145700e+01 -1.111400e+00 -9.291900e-01 350 36 1.137600e+01 4.180000e+00 9.162200e+02 4.403900e+02 1
4.317400e+00 1.120700e+01 -1.090400e+00 -8.971500e-01 345 37 1.072700e+01 4.180000e+00 9.343500e+02 4.410800e+02 1
4.329900e+00 1.122300e+01 -1.091700e+00 -8.971500e-01 346 37 1.064500e+01 4.180000e+00 9.347300e+02 4.410400e+02 1
4.342500e+00 1.121700e+01 -1.091200e+00 -8.971500e-01 347 37 1.036800e+01 4.180000e+00 9.356000e+02 4.410600e+02 1
4.165700e+00 1.136100e+01 -1.103400e+00 -8.971500e-01 348 37 1.091600e+01 4.180000e+00 9.222400e+02 4.406500e+02 1
4.177700e+00 1.141200e+01 -1.107600e+00 -8.971500e-01 349 37 1.119200e+01 4.180000e+00 9.219000e+02 4.405300e+02 1
4.094500e+00 1.148000e+01 -1.113300e+00 -8.971500e-01 350 37 1.056100e+01 4.180000e+00 9.157700e+02 4.403400e+02 1
-4.736500e+00 5.841700e+00 -6.401900e-01 -7.369400e-01 218 42 1.099000e+01 4.180000e+00 1.669400e+02 4.616200e+02 1
-4.698800e+00 5.946500e+00 -6.489800e-01 -7.369400e-01 219 42 1.160800e+01 4.180000e+00 1.799700e+02 4.608000e+02 1
-4.720400e+00 5.988300e+00 -6.524900e-01 -7.369400e-01 220 42 1.123700e+01 4.180000e+00 1.813100e+02 4.604500e+02 1
-4.741900e+00 5.989800e+00 -6.526100e-01 -7.369400e-01 221 42 9.925500e+00 4.180000e+00 1.792400e+02 4.604300e+02 1
-4.736500e+00 5.822100e+00 -6.385500e-01 -7.049000e-01 218 43 1.111800e+01 4.180000e+00 1.652000e+02 4.617800e+02 1
-4.758300e+00 5.898100e+00 -6.449200e-01 -7.049000e-01 219 43 1.182300e+01 4.180000e+00 1.696600e+02 4.611400e+02 1
-4.780100e+00 5.953500e+00 -6.495700e-01 -7.049000e-01 220 43 1.144900e+01 4.180000e+00 1.722300e+02 4.606900e+02 1
-4.621900e+00 6.106000e+00 -6.623600e-01 -7.049000e-01 221 43 9.943400e+00 4.180000e+00 2.009300e+02 4.596100e+02 1
-4.936700e+00 5.756900e+00 -6.330700e-01 -6.728600e-01 219 44 1.020900e+01 4.180000e+00 1.381100e+02 4.621900e+02 1
-5.078900e+00 5.718300e+00 -6.298400e-01 -6.728600e-01 220 44 1.001300e+01 4.180000e+00 1.193100e+02 4.624200e+02 1
0 0 -1.500000e-01 -6.408200e-02 1 63 1.043700e+01 4.180000e+00 2167 -3.612800e+03 0
1.364200e-03 3.484100e-02 -1.529200e-01 -6.408200e-02 2 63 1.002800e+01 4.180000e+00 3.450300e+03 -7.180900e+03 0
-2.073600e-02 3.127400e-02 -1.526200e-01 -6.408200e-02 3 63 9.596200e+00 4.180000e+00 3.599600e+03 -6.669900e+03 0
6.597200e-01 8.520000e-01 -2.214900e-01 -6.408200e-02 32 63 9.393600e+00 4.180000e+00 1.105500e+03 8.094700e+02 0
0 0 -1.500000e-01 -3.204100e-02 1 64 1.556300e+01 4.180000e+00 2167 -3.612800e+03 0
-7.093800e-02 1.121100e-01 -1.594100e-01 -3.204100e-02 5 64 1.417800e+01 4.180000e+00 -3.120600e+03 7783 0
-1.585200e-01 1.861000e-01 -1.656200e-01 -3.204100e-02 8 64 1.330100e+01 4.180000e+00 -1.095100e+03 2.950400e+03 0
-2.008100e-01 1.906300e-01 -1.660000e-01 -3.204100e-02 9 64 1.265700e+01 4.180000e+00 -1.227100e+03 2.827300e+03 0
-2.480100e-01 1.866800e-01 -1.656600e-01 -3.204100e-02 10 64 1.261400e+01 4.180000e+00 -1.513200e+03 2.873700e+03 0
-2.619200e-01 2.218000e-01 -1.686100e-01 -3.204100e-02 11 64 1.215700e+01 4.180000e+00 -1068 2.314100e+03 0
-2.881200e-01 2.304400e-01 -1.693400e-01 -3.204100e-02 12 64 1.171000e+01 4.180000e+00 -1.067400e+03 2.204800e+03 0
-3.077600e-01 2.775200e-01 -1.732900e-01 -3.204100e-02 13 64 1.103200e+01 4.180000e+00 -7.325100e+02 1.804400e+03 0
-2.979400e-01 2.921200e-01 -1.745100e-01 -3.204100e-02 14 64 1.049700e+01 4.180000e+00 -6.158700e+02 1.717500e+03 0
-1.260500e-01 2.344500e-01 -1.696700e-01 -3.204100e-02 15 64 1.031000e+01 4.180000e+00 -4.558800e+02 2.222400e+03 0
3.536000e-01 3.145600e-01 -1.764000e-01 -3.204100e-02 28 64 1.204700e+01 4.180000e+00 1.201600e+03 1.720400e+03 0
6.799100e-01 6.428600e-01 -2.039400e-01 -3.204100e-02 29 64 1.364600e+01 4.180000e+00 1.287100e+03 9.618700e+02 0
6.725500e-01 7.385500e-01 -2.119700e-01 -3.204100e-02 30 64 1.455200e+01 4.180000e+00 1.191200e+03 8.798300e+02 0
6.793700e-01 7.974800e-01 -2.169200e-01 -3.204100e-02 31 64 1.471500e+01 4.180000e+00 1.155700e+03 8.407400e+02 0
6.766400e-01 8.294600e-01 -2.196000e-01 -3.204100e-02 32 64 1.420500e+01 4.180000e+00 1.133200e+03 8.220200e+02 0
6.810000e-01 8.573300e-01 -2.219400e-01 -3.204100e-02 33 64 1.280100e+01 4.180000e+00 1.120800e+03 8.071200e+02 0
-8.307900e-01 8.922200e-01 -2.248700e-01 -3.204100e-02 36 64 1.079800e+01 4.180000e+00 -5.994000e+01 7.633000e+02 0
-8.643500e-01 8.737600e-01 -2.233200e-01 -3.204100e-02 37 64 1.127200e+01 4.180000e+00 -1.015000e+02 7.705400e+02 0
-8.883600e-01 8.512100e-01 -2.214300e-01 -3.204100e-02 38 64 1.080900e+01 4.180000e+00 -1.418800e+02 7.801100e+02 0
