0 0 -1.500000e-01 0 1 65 1.661200e+01 3.440000e+00 2167 -3.612800e+03 0
-7.093800e-02 1.129400e-01 -1.581500e-01 0 5 65 1.518400e+01 3.440000e+00 -3.039300e+03 7.605700e+03 0
-1.585200e-01 1.860600e-01 -1.634200e-01 0 8 65 1.433900e+01 3.440000e+00 -1.094500e+03 2.937900e+03 0
-2.008100e-01 1.917800e-01 -1.638300e-01 0 9 65 1.367000e+01 3.440000e+00 -1.208200e+03 2.792100e+03 0
-2.480100e-01 1.870500e-01 -1.634900e-01 0 10 65 1.363600e+01 3.440000e+00 -1505 2.853200e+03 0
-2.592000e-01 2.272600e-01 -1.663900e-01 0 11 65 1.308000e+01 3.440000e+00 -9.977800e+02 2.239700e+03 0
-2.851200e-01 2.384700e-01 -1.672000e-01 0 12 65 1.272100e+01 3.440000e+00 -9.751300e+02 2.112100e+03 0
-3.044900e-01 2.828600e-01 -1.704000e-01 0 13 65 1.196800e+01 3.440000e+00 -6.882200e+02 1.761100e+03 0
-2.979400e-01 2.997300e-01 -1.716200e-01 0 14 65 1.140200e+01 3.440000e+00 -5.728900e+02 1.665400e+03 0
-1.222300e-01 3.446700e-01 -1.748600e-01 0 15 65 1.135900e+01 3.440000e+00 1.412100e+01 1.487600e+03 0
3.536000e-01 3.091200e-01 -1.723000e-01 0 28 65 1.313500e+01 3.440000e+00 1.213400e+03 1.741400e+03 0
6.722700e-01 6.445200e-01 -1.964900e-01 0 29 65 1.466700e+01 3.440000e+00 1.275700e+03 9.511000e+02 0
6.725500e-01 7.364900e-01 -2.031300e-01 0 30 65 1.562000e+01 3.440000e+00 1.192400e+03 8.727500e+02 0
6.711800e-01 8.044500e-01 -2.080300e-01 0 31 65 1.579000e+01 3.440000e+00 1.143300e+03 8.279000e+02 0
6.766400e-01 8.315500e-01 -2.099800e-01 0 32 65 1.528100e+01 3.440000e+00 1.131500e+03 8.124500e+02 0
6.810000e-01 8.684300e-01 -2.126400e-01 0 33 65 1.386800e+01 3.440000e+00 1.114300e+03 7.931100e+02 0
6.482600e-01 9.526300e-01 -2.187200e-01 0 34 65 1.127200e+01 3.440000e+00 1.048200e+03 7.544800e+02 0
-8.403400e-01 8.816300e-01 -2.136000e-01 0 36 65 1.171000e+01 3.440000e+00 -7.618800e+01 7.597800e+02 0
-8.545300e-01 8.888600e-01 -2.141200e-01 0 37 65 1.223500e+01 3.440000e+00 -7.986000e+01 7.565100e+02 0
-8.681700e-01 8.990200e-01 -2.148500e-01 0 38 65 1.189900e+01 3.440000e+00 -8.039900e+01 7.521200e+02 0
-8.812700e-01 9.355500e-01 -2.174800e-01 0 39 65 1.057900e+01 3.440000e+00 -5.762100e+01 7.377300e+02 0
0 0 -1.500000e-01 3.204100e-02 1 66 1.561400e+01 3.440000e+00 2167 -3.612800e+03 0
-7.202900e-02 1.125900e-01 -1.581200e-01 3.204100e-02 5 66 1.416500e+01 3.440000e+00 -3.084500e+03 7.660100e+03 0
-1.585200e-01 1.860400e-01 -1.634200e-01 3.204100e-02 8 66 1.330300e+01 3.440000e+00 -1.094900e+03 2.938300e+03 0
-2.008100e-01 1.916800e-01 -1.638300e-01 3.204100e-02 9 66 1.263100e+01 3.440000e+00 -1.209700e+03 2794 0
-2.480100e-01 1.876800e-01 -1.635400e-01 3.204100e-02 10 66 1.263800e+01 3.440000e+00 -1.493600e+03 2.840500e+03 0
-2.564700e-01 2.325000e-01 -1.667700e-01 3.204100e-02 11 66 1.189800e+01 3.440000e+00 -9.352900e+02 2.183200e+03 0
-2.821100e-01 2.467000e-01 -1.678000e-01 3.204100e-02 12 66 1.171100e+01 3.440000e+00 -8.901200e+02 2.035900e+03 0
-2.979400e-01 2.919100e-01 -1.710600e-01 3.204100e-02 13 66 1.098900e+01 3.440000e+00 -6.163500e+02 1.708600e+03 0
3.536000e-01 2.924600e-01 -1.711000e-01 3.204100e-02 28 66 1.215400e+01 3.440000e+00 1.255300e+03 1.849100e+03 0
6.722700e-01 6.397300e-01 -1.961500e-01 3.204100e-02 29 66 1.366200e+01 3.440000e+00 1.280800e+03 9.559200e+02 0
6.725500e-01 7.336300e-01 -2.029200e-01 3.204100e-02 30 66 1.462200e+01 3.440000e+00 1.194600e+03 8.748500e+02 0
6.711800e-01 8.044700e-01 -2.080300e-01 3.204100e-02 31 66 1.478500e+01 3.440000e+00 1.143300e+03 8.278800e+02 0
6.766400e-01 8.332400e-01 -2.101100e-01 3.204100e-02 32 66 1.427300e+01 3.440000e+00 1.130500e+03 8.115200e+02 0
6.810000e-01 8.704200e-01 -2.127900e-01 3.204100e-02 33 66 1.286300e+01 3.440000e+00 1.113200e+03 7.921100e+02 0
6.392600e-01 9.589100e-01 -2.191700e-01 3.204100e-02 34 66 1.008500e+01 3.440000e+00 1.038800e+03 7.518000e+02 0
-8.403400e-01 8.827100e-01 -2.136700e-01 3.204100e-02 36 66 1.065200e+01 3.440000e+00 -7.519500e+01 7.593200e+02 0
-8.545300e-01 8.932000e-01 -2.144300e-01 3.204100e-02 37 66 1.123500e+01 3.440000e+00 -7.589500e+01 7.547200e+02 0
-8.681700e-01 9.122900e-01 -2.158100e-01 3.204100e-02 38 66 1.099600e+01 3.440000e+00 -6.854700e+01 7.468200e+02 0
4.087700e+00 6.781500e+00 -6.391700e-01 -8.971500e-01 228 37 1.075600e+01 3.440000e+00 1.073300e+03 4.523500e+02 1
3.919000e+00 6.927900e+00 -6.497400e-01 -8.971500e-01 229 37 1.075100e+01 3.440000e+00 1.048700e+03 4.512500e+02 1
3.844600e+00 7.069200e+00 -6.599300e-01 -8.971500e-01 232 37 1.046100e+01 3.440000e+00 1.034400e+03 4.502800e+02 1
4.008000e+00 6.688600e+00 -6.324700e-01 -8.651100e-01 227 38 1.097300e+01 3.440000e+00 1.070700e+03 4.529700e+02 1
4.025700e+00 6.782000e+00 -6.392100e-01 -8.651100e-01 228 38 1.218400e+01 3.440000e+00 1.067100e+03 4.523100e+02 1
3.981300e+00 6.847500e+00 -6.439400e-01 -8.651100e-01 229 38 1.225700e+01 3.440000e+00 1.059100e+03 4.518300e+02 1
4.061200e+00 6.783800e+00 -6.393400e-01 -8.651100e-01 230 38 1.113700e+01 3.440000e+00 1.070500e+03 4.523200e+02 1
4.016200e+00 6.941800e+00 -6.507400e-01 -8.651100e-01 231 38 1.109100e+01 3.440000e+00 1.057400e+03 4.512100e+02 1
3.970600e+00 7.015700e+00 -6.560700e-01 -8.651100e-01 232 38 1.174400e+01 3.440000e+00 1.049100e+03 4.506900e+02 1
3.924500e+00 7.085400e+00 -6.611000e-01 -8.651100e-01 233 38 1.120300e+01 3.440000e+00 1.041100e+03 4.502100e+02 1
3.823000e+00 6.808600e+00 -6.411300e-01 -8.330700e-01 227 39 1.049100e+01 3.440000e+00 1.045700e+03 4.520200e+02 1
3.901900e+00 6.833600e+00 -6.429300e-01 -8.330700e-01 228 39 1.162000e+01 3.440000e+00 1.052100e+03 4.518900e+02 1
3.981300e+00 6.811800e+00 -6.413600e-01 -8.330700e-01 229 39 1.175200e+01 3.440000e+00 1.061100e+03 4.520800e+02 1
4.123700e+00 6.734300e+00 -6.357700e-01 -8.330700e-01 230 39 1.107500e+01 3.440000e+00 1.079600e+03 4.527100e+02 1
4.078900e+00 6.901900e+00 -6.478600e-01 -8.330700e-01 231 39 1.081900e+01 3.440000e+00 1.065600e+03 4.515100e+02 1
3.970600e+00 7.017000e+00 -6.561600e-01 -8.330700e-01 232 39 1.106500e+01 3.440000e+00 1049 4.506800e+02 1
3.734600e+00 7.179700e+00 -6.679000e-01 -8.330700e-01 233 39 1.051000e+01 3.440000e+00 1.018800e+03 4.495200e+02 1
0 0 -1.500000e-01 -6.408200e-02 1 63 1.095000e+01 3.440000e+00 2167 -3.612800e+03 0
-3.274100e-03 3.472800e-02 -1.525100e-01 -6.408200e-02 2 63 1.042100e+01 3.440000e+00 3.529900e+03 -7.185800e+03 0
0 0 -1.500000e-01 -3.204100e-02 1 64 1.557400e+01 3.440000e+00 2167 -3.612800e+03 0
-7.093800e-02 1.122800e-01 -1.581000e-01 -3.204100e-02 5 64 1.416700e+01 3.440000e+00 -3.099100e+03 7.721100e+03 0
-1.585200e-01 1.860800e-01 -1.634200e-01 -3.204100e-02 8 64 1.333700e+01 3.440000e+00 -1.094200e+03 2.937500e+03 0
-1.986300e-01 1.941400e-01 -1.640000e-01 -3.204100e-02 9 64 1.265900e+01 3.440000e+00 -1.162900e+03 2.749100e+03 0
-2.480100e-01 1.857700e-01 -1.634000e-01 -3.204100e-02 10 64 1.258500e+01 3.440000e+00 -1.528500e+03 2.879400e+03 0
-2.592000e-01 2.250800e-01 -1.662400e-01 -3.204100e-02 11 64 1.199000e+01 3.440000e+00 -1.020900e+03 2.264700e+03 0
-2.851200e-01 2.325000e-01 -1.667700e-01 -3.204100e-02 12 64 1.169900e+01 3.440000e+00 -1.034500e+03 2.172700e+03 0
-3.012100e-01 2.811500e-01 -1.702800e-01 -3.204100e-02 13 64 1.091000e+01 3.440000e+00 -6.902100e+02 1.772500e+03 0
-1.260500e-01 1.899800e-01 -1.637000e-01 -3.204100e-02 15 64 1.035600e+01 3.440000e+00 -8.804300e+02 2.878600e+03 0
3.536000e-01 3.014600e-01 -1.717500e-01 -3.204100e-02 28 64 1.210400e+01 3.440000e+00 1.231900e+03 1.788800e+03 0
6.799100e-01 6.417300e-01 -1.962900e-01 -3.204100e-02 29 64 1.364200e+01 3.440000e+00 1.287900e+03 9.541800e+02 0
6.725500e-01 7.393100e-01 -2.033300e-01 -3.204100e-02 30 64 1.460000e+01 3.440000e+00 1.190200e+03 8.707000e+02 0
6.793700e-01 7.973500e-01 -2.075200e-01 -3.204100e-02 31 64 1.478000e+01 3.440000e+00 1.155400e+03 8.323600e+02 0
6.851000e-01 8.233800e-01 -2.093900e-01 -3.204100e-02 32 64 1.428700e+01 3.440000e+00 1144 8.172100e+02 0
6.810000e-01 8.684300e-01 -2.126400e-01 -3.204100e-02 33 64 1.292800e+01 3.440000e+00 1.114300e+03 7.931000e+02 0
6.482600e-01 9.520800e-01 -2.186800e-01 -3.204100e-02 34 64 1.077100e+01 3.440000e+00 1.048400e+03 7.547100e+02 0
-8.307900e-01 8.928800e-01 -2.144100e-01 -3.204100e-02 36 64 1.069800e+01 3.440000e+00 -5.907300e+01 7.552300e+02 0
-8.447100e-01 9.017000e-01 -2.150400e-01 -3.204100e-02 37 64 1.126200e+01 3.440000e+00 -6.124800e+01 7.514100e+02 0
-8.580800e-01 9.082400e-01 -2.155100e-01 -3.204100e-02 38 64 1.095800e+01 3.440000e+00 -6.498800e+01 7.485800e+02 0
