0 0 -1.500000e-01 0 1 65 1.661800e+01 4.050000e+00 2167 -3.612800e+03 0
-7.093800e-02 1.130700e-01 -1.594900e-01 0 5 65 1.519100e+01 4.050000e+00 -3.031600e+03 7.611100e+03 0
-1.585200e-01 1.861000e-01 -1.656200e-01 0 8 65 1.436900e+01 4.050000e+00 -1.095100e+03 2.950400e+03 0
-2.008100e-01 1.909300e-01 -1.660200e-01 0 9 65 1.367000e+01 4.050000e+00 -1.222500e+03 2.821400e+03 0
-2.480100e-01 1.871900e-01 -1.657100e-01 0 10 65 1.361100e+01 4.050000e+00 -1.504100e+03 2.863500e+03 0
-2.619200e-01 2.233200e-01 -1.687400e-01 0 11 65 1.305700e+01 4.050000e+00 -1051 2.295700e+03 0
-2.881200e-01 2.334100e-01 -1.695900e-01 0 12 65 1.272200e+01 4.050000e+00 -1.036400e+03 2.173200e+03 0
-3.077600e-01 2.785800e-01 -1.733800e-01 0 13 65 1.194600e+01 4.050000e+00 -7.255200e+02 1.797600e+03 0
-4.327200e-01 6.208700e-02 -1.552100e-01 0 14 65 1.136600e+01 4.050000e+00 -150530 117280 0
-1.260500e-01 4.101300e-01 -1.844200e-01 0 15 65 1.133200e+01 4.050000e+00 1.378000e+02 1.288400e+03 0
3.536000e-01 3.518600e-01 -1.795300e-01 0 28 65 1.315500e+01 4.050000e+00 1.130400e+03 1537 0
6.799100e-01 6.396100e-01 -2.036700e-01 0 29 65 1.467900e+01 4.050000e+00 1.290700e+03 9.651600e+02 0
6.725500e-01 7.375200e-01 -2.118900e-01 0 30 65 1.560000e+01 4.050000e+00 1192 8.805800e+02 0
6.711800e-01 8.044200e-01 -2.175000e-01 0 31 65 1.575400e+01 4.050000e+00 1.143700e+03 8.363600e+02 0
6.766400e-01 8.318900e-01 -2.198100e-01 0 32 65 1.522700e+01 4.050000e+00 1.131700e+03 8.206600e+02 0
6.810000e-01 8.702500e-01 -2.230200e-01 0 33 65 1.378000e+01 4.050000e+00 1.113700e+03 8.005400e+02 0
-9.633900e-01 4.222600e-01 -1.854300e-01 0 34 65 1.103000e+01 4.050000e+00 -1.204300e+03 1191 0
7.328400e-01 9.131600e-01 -2.266300e-01 0 35 65 1.097200e+01 4.050000e+00 1133 7.810900e+02 0
-8.212400e-01 8.866300e-01 -2.244000e-01 0 36 65 1.178900e+01 4.050000e+00 -5.801700e+01 7.658000e+02 0
-8.447100e-01 8.893400e-01 -2.246300e-01 0 37 65 1.224200e+01 4.050000e+00 -7.259900e+01 7.642700e+02 0
-8.681700e-01 8.830700e-01 -2.241000e-01 0 38 65 1.184300e+01 4.050000e+00 -9.544400e+01 7.665100e+02 0
-9.331100e-01 8.221200e-01 -2.189900e-01 0 39 65 1.039500e+01 4.050000e+00 -2.080200e+02 7.929700e+02 0
0 0 -1.500000e-01 3.204100e-02 1 66 1.560800e+01 4.050000e+00 2167 -3.612800e+03 0
-7.202900e-02 1.128300e-01 -1.594700e-01 3.204100e-02 5 66 1.417300e+01 4.050000e+00 -3.067500e+03 7.647900e+03 0
-1.585200e-01 1.860900e-01 -1.656200e-01 3.204100e-02 8 66 1.337800e+01 4.050000e+00 -1.095300e+03 2.950700e+03 0
-2.008100e-01 1.909200e-01 -1.660200e-01 3.204100e-02 9 66 1.270300e+01 4.050000e+00 -1.222600e+03 2.821600e+03 0
-2.480100e-01 1.875000e-01 -1.657300e-01 3.204100e-02 10 66 1.260100e+01 4.050000e+00 -1.498400e+03 2.857100e+03 0
-2.619200e-01 2.240100e-01 -1.688000e-01 3.204100e-02 11 66 1.190500e+01 4.050000e+00 -1.043500e+03 2.287700e+03 0
-2.881200e-01 2.358100e-01 -1.697900e-01 3.204100e-02 12 66 1.170600e+01 4.050000e+00 -1.012200e+03 2.148700e+03 0
-3.110400e-01 2.780300e-01 -1.733300e-01 3.204100e-02 13 66 1.091100e+01 4.050000e+00 -7.381200e+02 1.800400e+03 0
-3.298600e-01 2.972100e-01 -1.749400e-01 3.204100e-02 14 66 1.044900e+01 4.050000e+00 -6.681300e+02 1.682900e+03 0
-1.260500e-01 4.437100e-01 -1.872300e-01 3.204100e-02 15 66 1.046700e+01 4.050000e+00 1.877700e+02 1.209700e+03 0
3.536000e-01 3.439800e-01 -1.788600e-01 3.204100e-02 28 66 1.212100e+01 4.050000e+00 1.143700e+03 1.571400e+03 0
6.799100e-01 6.382300e-01 -2.035600e-01 3.204100e-02 29 66 1.366000e+01 4.050000e+00 1.292200e+03 9.665700e+02 0
6.725500e-01 7.356700e-01 -2.117300e-01 3.204100e-02 30 66 1.457300e+01 4.050000e+00 1.193400e+03 8.819300e+02 0
6.711800e-01 8.044800e-01 -2.175100e-01 3.204100e-02 31 66 1.472800e+01 4.050000e+00 1.143600e+03 8.363300e+02 0
6.766400e-01 8.333400e-01 -2.199300e-01 3.204100e-02 32 66 1.420500e+01 4.050000e+00 1.130800e+03 8.198700e+02 0
6.810000e-01 8.727400e-01 -2.232300e-01 3.204100e-02 33 66 1.274800e+01 4.050000e+00 1.112300e+03 7.992900e+02 0
-8.212400e-01 8.909200e-01 -2.247600e-01 3.204100e-02 36 66 1.079100e+01 4.050000e+00 -5.419200e+01 764 0
-8.447100e-01 8.832200e-01 -2.241100e-01 3.204100e-02 37 66 1.128800e+01 4.050000e+00 -7.820700e+01 7.668400e+02 0
-8.580800e-01 8.838400e-01 -2.241600e-01 3.204100e-02 38 66 1.094000e+01 4.050000e+00 -8.737100e+01 7.663500e+02 0
0 0 -1.500000e-01 6.408200e-02 1 67 1.057400e+01 4.050000e+00 2167 -3.612800e+03 0
3.437800e-02 5.837300e-03 -1.504900e-01 6.408200e-02 2 67 1.017500e+01 4.050000e+00 1951 -3.885800e+03 0
6.804600e-01 7.401300e-01 -2.121100e-01 6.408200e-02 30 67 1.011700e+01 4.050000e+00 1198 8.789000e+02 0
6.875500e-01 7.897000e-01 -2.162700e-01 6.408200e-02 31 67 1.021900e+01 4.050000e+00 1.168600e+03 8.457500e+02 0
6.766400e-01 8.396800e-01 -2.204600e-01 6.408200e-02 32 67 9.763800e+00 4.050000e+00 1.127100e+03 8.163900e+02 0
-7.333900e+00 9.150800e+00 -9.178600e-01 -7.049000e-01 337 43 1.036600e+01 4.050000e+00 1.816300e+02 4.433200e+02 1
-7.263800e+00 9.227500e+00 -9.243000e-01 -7.049000e-01 338 43 1.080400e+01 4.050000e+00 1.904400e+02 4.430900e+02 1
-7.377500e+00 9.206200e+00 -9.225100e-01 -7.049000e-01 339 43 1.050800e+01 4.050000e+00 1.817700e+02 4.431200e+02 1
0 0 -1.500000e-01 -9.612300e-02 1 62 1.037000e+01 4.050000e+00 2167 -3.612800e+03 0
6.646300e-01 7.639200e-01 -2.141000e-01 -9.612300e-02 30 62 9.561700e+00 4.050000e+00 1.164500e+03 8.618800e+02 0
6.711800e-01 7.993200e-01 -2.170700e-01 -9.612300e-02 31 62 9.603600e+00 4.050000e+00 1.146900e+03 8.394300e+02 0
0 0 -1.500000e-01 -6.408200e-02 1 63 1.040400e+01 4.050000e+00 2167 -3.612800e+03 0
-1.582500e-02 4.862700e-03 -1.504100e-01 -6.408200e-02 2 63 9.856500e+00 4.050000e+00 2.429500e+03 -3.928500e+03 0
6.250700e-01 7.964200e-01 -2.168300e-01 -6.408200e-02 30 63 9.736500e+00 4.050000e+00 1106 8.401100e+02 0
6.548100e-01 8.107400e-01 -2.180300e-01 -6.408200e-02 31 63 1.004000e+01 4.050000e+00 1.124800e+03 8.322400e+02 0
6.766400e-01 8.071700e-01 -2.177300e-01 -6.408200e-02 32 63 1.008200e+01 4.050000e+00 1.146900e+03 8.348500e+02 0
6.897400e-01 7.530900e-01 -2.131900e-01 -6.408200e-02 33 63 9.963600e+00 4.050000e+00 1.197300e+03 8.699500e+02 0
0 0 -1.500000e-01 -3.204100e-02 1 64 1.560800e+01 4.050000e+00 2167 -3.612800e+03 0
-7.093800e-02 1.127800e-01 -1.594600e-01 -3.204100e-02 5 64 1.416400e+01 4.050000e+00 -3.058200e+03 7.662500e+03 0
-1.585200e-01 1.860900e-01 -1.656200e-01 -3.204100e-02 8 64 1.332500e+01 4.050000e+00 -1.095300e+03 2.950700e+03 0
-2.008100e-01 1.908800e-01 -1.660200e-01 -3.204100e-02 9 64 1.258700e+01 4.050000e+00 -1.223400e+03 2.822500e+03 0
-2.480100e-01 1.871800e-01 -1.657100e-01 -3.204100e-02 10 64 1.257800e+01 4.050000e+00 -1.504100e+03 2.863500e+03 0
-2.592000e-01 2.282300e-01 -1.691500e-01 -3.204100e-02 11 64 1.203100e+01 4.050000e+00 -9.887300e+02 2.240100e+03 0
-2.881200e-01 2.343100e-01 -1.696600e-01 -3.204100e-02 12 64 1.170400e+01 4.050000e+00 -1.027200e+03 2.163900e+03 0
-3.044900e-01 2.796500e-01 -1.734700e-01 -3.204100e-02 13 64 1.100200e+01 4.050000e+00 -7.095300e+02 1.791500e+03 0
-4.010700e-01 2.594800e-01 -1.717700e-01 -3.204100e-02 15 64 1.049000e+01 4.050000e+00 -1.138200e+03 1.907700e+03 0
3.536000e-01 3.467600e-01 -1.791000e-01 -3.204100e-02 28 64 1.216200e+01 4.050000e+00 1.138900e+03 1559 0
6.799100e-01 6.456700e-01 -2.041800e-01 -3.204100e-02 29 64 1.368100e+01 4.050000e+00 1.284100e+03 9.590600e+02 0
6.725500e-01 7.404800e-01 -2.121400e-01 -3.204100e-02 30 64 1.458800e+01 4.050000e+00 1.189700e+03 8.784300e+02 0
6.711800e-01 8.042500e-01 -2.174900e-01 -3.204100e-02 31 64 1.472700e+01 4.050000e+00 1.143800e+03 8.364600e+02 0
6.766400e-01 8.311200e-01 -2.197400e-01 -3.204100e-02 32 64 1.417000e+01 4.050000e+00 1.132200e+03 8.210900e+02 0
6.722700e-01 8.755400e-01 -2.234700e-01 -3.204100e-02 33 64 1.266000e+01 4.050000e+00 1.103500e+03 7.977400e+02 0
6.752700e-01 8.669800e-01 -2.227500e-01 -3.204100e-02 34 64 1.029000e+01 4.050000e+00 1.110600e+03 8.020700e+02 0
7.421200e-01 8.999000e-01 -2.255100e-01 -3.204100e-02 35 64 1.054800e+01 4.050000e+00 1.147800e+03 7.873600e+02 0
-8.116900e-01 8.932900e-01 -2.249600e-01 -3.204100e-02 36 64 1.073300e+01 4.050000e+00 -4.519500e+01 7.631800e+02 0
-8.447100e-01 8.910900e-01 -2.247700e-01 -3.204100e-02 37 64 1.119400e+01 4.050000e+00 -7.101000e+01 7.635400e+02 0
-8.681700e-01 8.941300e-01 -2.250300e-01 -3.204100e-02 38 64 1.071000e+01 4.050000e+00 -8.515300e+01 7.619000e+02 0
