0 0 -1.500000e-01 0 1 65 1.656500e+01 3.010000e+00 2167 -3.612800e+03 0
-7.093800e-02 1.132400e-01 -1.571500e-01 0 5 65 1.518000e+01 3.010000e+00 -3.008100e+03 7530 0
-1.585200e-01 1.860600e-01 -1.617400e-01 0 8 65 1.433000e+01 3.010000e+00 -1.093500e+03 2.927500e+03 0
-2.008100e-01 1.917900e-01 -1.621000e-01 0 9 65 1.365700e+01 3.010000e+00 -1.206900e+03 2.781900e+03 0
-2.480100e-01 1.872200e-01 -1.618100e-01 0 10 65 1.361600e+01 3.010000e+00 -1.500800e+03 2.839900e+03 0
-2.619200e-01 2.225000e-01 -1.640400e-01 0 11 65 1.315700e+01 3.010000e+00 -1.058200e+03 2.285200e+03 0
-2.881200e-01 2.327200e-01 -1.646800e-01 0 12 65 1.273900e+01 3.010000e+00 -1.041600e+03 2.160700e+03 0
-3.110400e-01 2.752400e-01 -1.673700e-01 0 13 65 1.200400e+01 3.010000e+00 -7.555700e+02 1.800500e+03 0
-3.014900e-01 3.127200e-01 -1.697300e-01 0 14 65 1.145400e+01 3.010000e+00 -5.146900e+02 1.591400e+03 0
-1.222300e-01 3.551600e-01 -1.724100e-01 0 15 65 1.104100e+01 3.010000e+00 3.933900e+01 1.440400e+03 0
3.536000e-01 3.149800e-01 -1.698800e-01 0 28 65 1.310600e+01 3.010000e+00 1.199800e+03 1.698900e+03 0
6.799100e-01 6.400500e-01 -1.903900e-01 0 29 65 1.467200e+01 3.010000e+00 1.289300e+03 9.491000e+02 0
6.725500e-01 7.368600e-01 -1.965000e-01 0 30 65 1.560200e+01 3.010000e+00 1.191800e+03 8.659000e+02 0
6.793700e-01 7.975700e-01 -2.003300e-01 0 31 65 1.576600e+01 3.010000e+00 1155 8.257400e+02 0
6.766400e-01 8.325000e-01 -2.025300e-01 0 32 65 1.524800e+01 3.010000e+00 1.130700e+03 8.054900e+02 0
6.810000e-01 8.685800e-01 -2.048100e-01 0 33 65 1.380000e+01 3.010000e+00 1114 7.866400e+02 0
7.606700e-01 6.913700e-01 -1.936300e-01 0 35 65 1.063200e+01 3.010000e+00 1.327200e+03 9.042800e+02 0
-8.498900e-01 8.648000e-01 -2.045700e-01 0 36 65 1.170000e+01 3.010000e+00 -9.889300e+01 7.609000e+02 0
-8.643500e-01 8.696800e-01 -2.048800e-01 0 37 65 1.221100e+01 3.010000e+00 -1.048900e+02 7.585200e+02 0
-8.782700e-01 8.771300e-01 -2.053500e-01 0 38 65 1.184200e+01 3.010000e+00 -1.079200e+02 7.550900e+02 0
-9.020000e-01 9.015200e-01 -2.068900e-01 0 39 65 1.016500e+01 3.010000e+00 -1.019800e+02 7.446200e+02 0
0 0 -1.500000e-01 3.204100e-02 1 66 1.554900e+01 3.010000e+00 2167 -3.612800e+03 0
-7.202900e-02 1.129500e-01 -1.571300e-01 3.204100e-02 5 66 1.416900e+01 3.010000e+00 -3.047900e+03 7.574300e+03 0
-1.585200e-01 1.859300e-01 -1.617300e-01 3.204100e-02 8 66 1.332700e+01 3.010000e+00 -1.095500e+03 2.930300e+03 0
-2.008100e-01 1.926600e-01 -1.621600e-01 3.204100e-02 9 66 1.267800e+01 3.010000e+00 -1.193800e+03 2.765400e+03 0
-2.480100e-01 1.880200e-01 -1.618600e-01 3.204100e-02 10 66 1.265600e+01 3.010000e+00 -1.486400e+03 2.823800e+03 0
-2.619200e-01 2.230400e-01 -1.640700e-01 3.204100e-02 11 66 1.221200e+01 3.010000e+00 -1.052200e+03 2.278800e+03 0
-2.881200e-01 2.329300e-01 -1.647000e-01 3.204100e-02 12 66 1.175600e+01 3.010000e+00 -1.039500e+03 2.158500e+03 0
-3.077600e-01 2.784200e-01 -1.675700e-01 3.204100e-02 13 66 1.100400e+01 3.010000e+00 -7.251700e+02 1.780500e+03 0
-2.979400e-01 3.180200e-01 -1.700700e-01 3.204100e-02 14 66 1.039300e+01 3.010000e+00 -4.811700e+02 1.567200e+03 0
-4.087100e-01 2.488000e-01 -1.657000e-01 3.204100e-02 15 66 1.030500e+01 3.010000e+00 -1.263300e+03 1.971600e+03 0
3.462300e-01 3.529800e-01 -1.722700e-01 3.204100e-02 28 66 1.208400e+01 3.010000e+00 1.109900e+03 1.513100e+03 0
6.799100e-01 6.347800e-01 -1.900500e-01 3.204100e-02 29 66 1.366600e+01 3.010000e+00 1.295200e+03 9.544900e+02 0
6.725500e-01 7.336700e-01 -1.962900e-01 3.204100e-02 30 66 1.457700e+01 3.010000e+00 1.194300e+03 8.682300e+02 0
6.711800e-01 8.044200e-01 -2.007600e-01 3.204100e-02 31 66 1.473600e+01 3.010000e+00 1143 8.214400e+02 0
6.766400e-01 8.345000e-01 -2.026600e-01 3.204100e-02 32 66 1.423300e+01 3.010000e+00 1.129500e+03 8.043900e+02 0
6.810000e-01 8.710000e-01 -2.049600e-01 3.204100e-02 33 66 1.281000e+01 3.010000e+00 1.112600e+03 7.854300e+02 0
-8.689900e-01 8.462400e-01 -2.034000e-01 3.204100e-02 36 66 1.051300e+01 3.010000e+00 -1.317800e+02 7.689200e+02 0
-8.643500e-01 8.759200e-01 -2.052700e-01 3.204100e-02 37 66 1.106200e+01 3.010000e+00 -9.888800e+01 7.558300e+02 0
-8.782700e-01 8.945600e-01 -2.064500e-01 3.204100e-02 38 66 1.078100e+01 3.010000e+00 -9.147900e+01 7.478100e+02 0
0 0 -1.500000e-01 6.408200e-02 1 67 1.057200e+01 3.010000e+00 2167 -3.612800e+03 0
6.384400e-01 6.350500e-01 -1.900700e-01 6.408200e-02 31 67 9.644200e+00 3.010000e+00 1.244400e+03 9.526400e+02 0
7.104700e-01 8.097900e-01 -2.011000e-01 6.408200e-02 32 67 9.684700e+00 3.010000e+00 1.175500e+03 8.191400e+02 0
0 0 -1.500000e-01 9.612300e-02 1 68 9.832500e+00 3.010000e+00 2167 -3.612800e+03 0
6.851000e-01 8.374700e-01 -2.028400e-01 9.612300e-02 32 68 1.002400e+01 3.010000e+00 1.135200e+03 8.029500e+02 0
7.159300e-01 8.571700e-01 -2.040900e-01 9.612300e-02 33 68 1.013200e+01 3.010000e+00 1.150200e+03 7.931200e+02 0
7.383000e-01 8.638600e-01 -2.045100e-01 9.612300e-02 34 68 9.577300e+00 3.010000e+00 1.165200e+03 7.901200e+02 0
6.810000e-01 8.659400e-01 -2.046400e-01 1.281600e-01 33 69 9.876900e+00 3.010000e+00 1.115400e+03 7.879600e+02 0
7.293000e-01 7.040800e-01 -1.944300e-01 1.281600e-01 34 69 9.895700e+00 3.010000e+00 1.279900e+03 8.927300e+02 0
8.348900e-01 6.213100e-01 -1.892000e-01 1.281600e-01 35 69 9.394100e+00 3.010000e+00 1.506600e+03 9.749300e+02 0
-2.359500e+00 1.291600e+01 -9.649800e-01 -9.291900e-01 377 36 1.057800e+01 3.010000e+00 5.693600e+02 4.229800e+02 1
-2.674400e+00 1.287200e+01 -9.622000e-01 -9.291900e-01 378 36 1.097000e+01 3.010000e+00 5.535000e+02 4.229900e+02 1
-2.784600e+00 1.283600e+01 -9.599400e-01 -9.291900e-01 379 36 1.013400e+01 3.010000e+00 5.476900e+02 4.230300e+02 1
-2.488300e+00 1.303500e+01 -9.725200e-01 -9.291900e-01 381 36 1.056500e+01 3.010000e+00 5.642600e+02 4.227400e+02 1
-3.014600e+00 1.295800e+01 -9.676700e-01 -9.291900e-01 382 36 1.019000e+01 3.010000e+00 5.378900e+02 4.227700e+02 1
-2.564700e+00 1.282200e+01 -9.590700e-01 -8.971500e-01 377 37 1.044400e+01 3.010000e+00 5.583500e+02 4.231000e+02 1
-2.674400e+00 1.283500e+01 -9.599000e-01 -8.971500e-01 378 37 1.094500e+01 3.010000e+00 5.531000e+02 4.230600e+02 1
-2.784600e+00 1.287000e+01 -9.620900e-01 -8.971500e-01 379 37 1.022700e+01 3.010000e+00 5.480800e+02 4.229700e+02 1
-2.384600e+00 1.304300e+01 -9.730300e-01 -8.971500e-01 381 37 1.052900e+01 3.010000e+00 5.693600e+02 4.227500e+02 1
-2.390900e+00 1.305100e+01 -9.735000e-01 -8.971500e-01 382 37 1.019300e+01 3.010000e+00 5.691300e+02 4.227400e+02 1
4.068000e+00 2.831200e+00 -3.286500e-01 -6.408200e-01 143 45 1.047500e+01 3.010000e+00 1.639600e+03 5.163800e+02 0
4.096700e+00 2.853200e+00 -3.300300e-01 -6.408200e-01 144 45 1.040200e+01 3.010000e+00 1639 5.154800e+02 0
4.086000e+00 2.922300e+00 -3.344000e-01 -6.408200e-01 145 45 1.029900e+01 3.010000e+00 1.612200e+03 5.125200e+02 0
4.114400e+00 2.937100e+00 -3.353300e-01 -6.408200e-01 146 45 1.073300e+01 3.010000e+00 1.614200e+03 5.119700e+02 0
4.142800e+00 2.951800e+00 -3.362600e-01 -6.408200e-01 147 45 1.043000e+01 3.010000e+00 1.616200e+03 5.114300e+02 0
4.000900e+00 2.870400e+00 -3.311200e-01 -6.087800e-01 142 46 1.140600e+01 3.010000e+00 1.608800e+03 5.145300e+02 0
4.029300e+00 2.889400e+00 -3.323200e-01 -6.087800e-01 143 46 1.217500e+01 3.010000e+00 1.609400e+03 5.137800e+02 0
4.096700e+00 2.855500e+00 -3.301800e-01 -6.087800e-01 144 46 1.203400e+01 3.010000e+00 1.638100e+03 5.153700e+02 0
4.125300e+00 2.873200e+00 -3.313000e-01 -6.087800e-01 145 46 1.157900e+01 3.010000e+00 1639 5.146700e+02 0
4.074800e+00 2.994100e+00 -3.389200e-01 -6.087800e-01 146 46 1.166900e+01 3.010000e+00 1.585900e+03 5.096000e+02 0
4.063100e+00 3.066500e+00 -3.435000e-01 -6.087800e-01 147 46 1.147100e+01 3.010000e+00 1.560500e+03 5.068100e+02 0
4.131000e+00 2.998500e+00 -3.392000e-01 -6.087800e-01 148 46 1.042000e+01 3.010000e+00 1.597900e+03 5.095400e+02 0
3.962400e+00 2.923500e+00 -3.344700e-01 -5.767400e-01 142 47 1.123700e+01 3.010000e+00 1.581500e+03 5.122200e+02 0
3.990500e+00 2.941500e+00 -3.356100e-01 -5.767400e-01 143 47 1.201100e+01 3.010000e+00 1.582500e+03 5.115400e+02 0
4.096700e+00 2.855100e+00 -3.301500e-01 -5.767400e-01 144 47 1.180000e+01 3.010000e+00 1.638300e+03 5.154000e+02 0
4.164600e+00 2.816100e+00 -3.276900e-01 -5.767400e-01 145 47 1.098300e+01 3.010000e+00 1.669900e+03 5.172700e+02 0
4.035300e+00 3.029100e+00 -3.411400e-01 -5.767400e-01 146 47 1.029800e+01 3.010000e+00 1.565500e+03 5.081700e+02 0
3.983400e+00 3.141100e+00 -3.482000e-01 -5.767400e-01 147 47 1.042200e+01 3.010000e+00 1.520400e+03 5.039600e+02 0
0 0 -1.500000e-01 -6.408200e-02 1 63 1.070800e+01 3.010000e+00 2167 -3.612800e+03 0
-1.773400e-02 1.472400e-02 -1.509300e-01 -6.408200e-02 2 63 1.025300e+01 3.010000e+00 2.743900e+03 -4.660100e+03 0
6.548100e-01 8.151500e-01 -2.014400e-01 -6.408200e-02 31 63 9.622600e+00 3.010000e+00 1.121500e+03 8.148000e+02 0
0 0 -1.500000e-01 -3.204100e-02 1 64 1.553400e+01 3.010000e+00 2167 -3.612800e+03 0
-7.093800e-02 1.125900e-01 -1.571000e-01 -3.204100e-02 5 64 1.415300e+01 3.010000e+00 -3.067400e+03 7.644300e+03 0
-1.585200e-01 1.861000e-01 -1.617400e-01 -3.204100e-02 8 64 1.329000e+01 3.010000e+00 -1.092900e+03 2.926700e+03 0
-1.986300e-01 1.935500e-01 -1.622100e-01 -3.204100e-02 9 64 1.259900e+01 3.010000e+00 -1.170600e+03 2.750100e+03 0
-2.480100e-01 1.866700e-01 -1.617800e-01 -3.204100e-02 10 64 1.256100e+01 3.010000e+00 -1.510700e+03 2.850900e+03 0
-2.619200e-01 2.215500e-01 -1.639800e-01 -3.204100e-02 11 64 1.205300e+01 3.010000e+00 -1.068800e+03 2.296600e+03 0
-2.881200e-01 2.315400e-01 -1.646100e-01 -3.204100e-02 12 64 1.167400e+01 3.010000e+00 -1.053900e+03 2.173100e+03 0
-3.110400e-01 2.762100e-01 -1.674300e-01 -3.204100e-02 13 64 1.099100e+01 3.010000e+00 -749 1.794100e+03 0
-3.014900e-01 3.052500e-01 -1.692600e-01 -3.204100e-02 14 64 1.055200e+01 3.010000e+00 -5.521000e+02 1.628300e+03 0
3.536000e-01 2.346800e-01 -1.648100e-01 -3.204100e-02 28 64 1.208900e+01 3.010000e+00 1.472700e+03 2.399400e+03 0
6.799100e-01 6.450500e-01 -1.907000e-01 -3.204100e-02 29 64 1.366200e+01 3.010000e+00 1.283900e+03 9.441000e+02 0
6.804600e-01 7.324700e-01 -1.962200e-01 -3.204100e-02 30 64 1.460100e+01 3.010000e+00 1.203300e+03 8.693300e+02 0
6.793700e-01 7.974600e-01 -2.003200e-01 -3.204100e-02 31 64 1.476600e+01 3.010000e+00 1.155100e+03 8.258100e+02 0
6.766400e-01 8.306400e-01 -2.024100e-01 -3.204100e-02 32 64 1.424500e+01 3.010000e+00 1.131800e+03 8.065200e+02 0
6.810000e-01 8.652500e-01 -2.046000e-01 -3.204100e-02 33 64 1.278700e+01 3.010000e+00 1.115800e+03 7.883100e+02 0
6.752700e-01 9.335500e-01 -2.089100e-01 -3.204100e-02 34 64 1.008300e+01 3.010000e+00 1.076900e+03 7.565400e+02 0
-8.498900e-01 8.635200e-01 -2.044900e-01 -3.204100e-02 36 64 1.079100e+01 3.010000e+00 -1.001300e+02 7.614600e+02 0
-8.643500e-01 8.717800e-01 -2.050100e-01 -3.204100e-02 37 64 1.137100e+01 3.010000e+00 -1.028600e+02 7.576100e+02 0
-8.984600e-01 8.704200e-01 -2.049200e-01 -3.204100e-02 38 64 1.095500e+01 3.010000e+00 -1.293100e+02 7.576300e+02 0
