0 0 -1.500000e-01 0 1 65 1.661300e+01 3.030000e+00 2167 -3.612800e+03 0
-7.093800e-02 1.130000e-01 -1.571800e-01 0 5 65 1.519200e+01 3.030000e+00 -3.030200e+03 7.573300e+03 0
-1.585200e-01 1.860800e-01 -1.618200e-01 0 8 65 1.436000e+01 3.030000e+00 -1.093400e+03 2.927700e+03 0
-2.008100e-01 1.906800e-01 -1.621100e-01 0 9 65 1.365700e+01 3.030000e+00 -1.224100e+03 2.803800e+03 0
-2.480100e-01 1.859800e-01 -1.618100e-01 0 10 65 1.364200e+01 3.030000e+00 -1.523500e+03 2.865400e+03 0
-2.592000e-01 2.258000e-01 -1.643400e-01 0 11 65 1.315700e+01 3.030000e+00 -1.012400e+03 2.247900e+03 0
-2.881200e-01 2.323800e-01 -1.647600e-01 0 12 65 1.273500e+01 3.030000e+00 -1.045200e+03 2.164600e+03 0
-3.077600e-01 2.789500e-01 -1.677200e-01 0 13 65 1.197500e+01 3.030000e+00 -7.217200e+02 1.777500e+03 0
-3.085800e-01 3.092400e-01 -1.696400e-01 0 14 65 1.144500e+01 3.030000e+00 -5.490500e+02 1.607500e+03 0
-1.184100e-01 4.047200e-01 -1.757100e-01 0 15 65 1.133900e+01 3.030000e+00 1.432700e+02 1.287200e+03 0
-3.683300e-01 3.648100e-01 -1.731700e-01 0 16 65 1.106400e+01 3.030000e+00 -4.383800e+02 1.377900e+03 0
3.536000e-01 3.073000e-01 -1.695200e-01 0 28 65 1.313400e+01 3.030000e+00 1.217300e+03 1.744300e+03 0
6.799100e-01 6.395600e-01 -1.906200e-01 0 29 65 1.466800e+01 3.030000e+00 1.289900e+03 9.499200e+02 0
6.725500e-01 7.373100e-01 -1.968300e-01 0 30 65 1.560700e+01 3.030000e+00 1.191400e+03 8.658800e+02 0
6.711800e-01 8.044100e-01 -2.011000e-01 0 31 65 1.576500e+01 3.030000e+00 1143 8.217500e+02 0
6.766400e-01 8.315200e-01 -2.028200e-01 0 32 65 1.523500e+01 3.030000e+00 1.131300e+03 8.063300e+02 0
6.810000e-01 8.717300e-01 -2.053700e-01 0 33 65 1.375300e+01 3.030000e+00 1.112300e+03 7.853600e+02 0
-9.453800e-01 3.936200e-01 -1.750000e-01 0 34 65 1.101700e+01 3.030000e+00 -1328 1241 0
7.050100e-01 9.311100e-01 -2.091400e-01 0 35 65 1.093700e+01 3.030000e+00 1.101200e+03 7.583700e+02 0
-8.116900e-01 9.015900e-01 -2.072700e-01 0 36 65 1.182900e+01 3.030000e+00 -3.754100e+01 7.462800e+02 0
-8.348900e-01 9.023300e-01 -2.073200e-01 0 37 65 1.223800e+01 3.030000e+00 -5.347200e+01 7.456200e+02 0
-8.681700e-01 8.893600e-01 -2.064900e-01 0 38 65 1.178600e+01 3.030000e+00 -8.904300e+01 7.503900e+02 0
-8.812700e-01 9.010500e-01 -2.072300e-01 0 39 65 1.042700e+01 3.030000e+00 -8.767900e+01 7.454100e+02 0
0 0 -1.500000e-01 3.204100e-02 1 66 1.560200e+01 3.030000e+00 2167 -3.612800e+03 0
-7.202900e-02 1.122100e-01 -1.571300e-01 3.204100e-02 5 66 1.418300e+01 3.030000e+00 -3.115700e+03 7.705100e+03 0
-1.585200e-01 1.859600e-01 -1.618100e-01 3.204100e-02 8 66 1.331400e+01 3.030000e+00 -1.095100e+03 2.930100e+03 0
-2.008100e-01 1.911800e-01 -1.621400e-01 3.204100e-02 9 66 1.259500e+01 3.030000e+00 -1.216400e+03 2.794200e+03 0
-2.480100e-01 1.868000e-01 -1.618700e-01 3.204100e-02 10 66 1.261000e+01 3.030000e+00 -1.508300e+03 2.848600e+03 0
-2.619200e-01 2.235400e-01 -1.642000e-01 3.204100e-02 11 66 1.211100e+01 3.030000e+00 -1.046700e+03 2.273200e+03 0
-2.881200e-01 2.359800e-01 -1.649900e-01 3.204100e-02 12 66 1.171100e+01 3.030000e+00 -1.008700e+03 2.127600e+03 0
-3.110400e-01 2.774600e-01 -1.676200e-01 3.204100e-02 13 66 1.102500e+01 3.030000e+00 -7.405900e+02 1.786300e+03 0
-3.050300e-01 3.151400e-01 -1.700200e-01 3.204100e-02 14 66 1.046000e+01 3.030000e+00 -5.114900e+02 1.579800e+03 0
3.536000e-01 3.719000e-01 -1.736200e-01 3.204100e-02 28 66 1.218200e+01 3.030000e+00 1.099100e+03 1.440900e+03 0
6.722700e-01 6.452100e-01 -1.909800e-01 3.204100e-02 29 66 1.369700e+01 3.030000e+00 1.274600e+03 9.439800e+02 0
6.725500e-01 7.362700e-01 -1.967700e-01 3.204100e-02 30 66 1.464300e+01 3.030000e+00 1.192200e+03 8.666400e+02 0
6.711800e-01 8.044400e-01 -2.011000e-01 3.204100e-02 31 66 1.481400e+01 3.030000e+00 1143 8.217300e+02 0
6.766400e-01 8.309200e-01 -2.027800e-01 3.204100e-02 32 66 1.432500e+01 3.030000e+00 1.131600e+03 8.066600e+02 0
6.810000e-01 8.681600e-01 -2.051400e-01 3.204100e-02 33 66 1.295200e+01 3.030000e+00 1.114200e+03 7.871400e+02 0
6.662700e-01 9.154000e-01 -2.081500e-01 3.204100e-02 34 66 1.015900e+01 3.030000e+00 1.078300e+03 7.645800e+02 0
7.050100e-01 9.365700e-01 -2.094900e-01 3.204100e-02 35 66 1.001900e+01 3.030000e+00 1.098500e+03 7.560400e+02 0
-8.116900e-01 9.078400e-01 -2.076700e-01 3.204100e-02 36 66 1.084800e+01 3.030000e+00 -3.223600e+01 7.437700e+02 0
-8.348900e-01 9.106300e-01 -2.078400e-01 3.204100e-02 37 66 1.128400e+01 3.030000e+00 -4.629800e+01 7.423000e+02 0
-8.479800e-01 9.112100e-01 -2.078800e-01 3.204100e-02 38 66 1.079600e+01 3.030000e+00 -5.504800e+01 7.418700e+02 0
-4.047600e+00 1.116900e+01 -8.594400e-01 3.204100e-02 346 66 9.680100e+00 3.030000e+00 455 4.263700e+02 0
0 0 -1.500000e-01 6.408200e-02 1 67 9.957400e+00 3.030000e+00 2167 -3.612800e+03 0
6.567200e-01 7.684800e-01 -1.988100e-01 6.408200e-02 30 67 9.997800e+00 3.030000e+00 1153 8.439100e+02 0
6.466300e-01 8.156300e-01 -2.018100e-01 6.408200e-02 31 67 1.045400e+01 3.030000e+00 1.113800e+03 8.146400e+02 0
6.343500e-01 8.228200e-01 -2.022700e-01 6.408200e-02 32 67 1.041700e+01 3.030000e+00 1.098700e+03 8.102900e+02 0
6.286200e-01 8.362800e-01 -2.031200e-01 6.408200e-02 33 67 9.969100e+00 3.030000e+00 1.086300e+03 8.027200e+02 0
-4.291700e+00 9.018400e+00 -7.228400e-01 -7.369400e-01 287 42 1.086400e+01 3.030000e+00 3.815900e+02 4.324100e+02 1
-4.306800e+00 9.042100e+00 -7.243500e-01 -7.369400e-01 288 42 1.079500e+01 3.030000e+00 3.813700e+02 4.323200e+02 1
-4.556700e+00 9.154200e+00 -7.314700e-01 -7.369400e-01 294 42 1.046400e+01 3.030000e+00 3.682300e+02 4.318600e+02 1
-4.447800e+00 8.916500e+00 -7.163700e-01 -7.049000e-01 287 43 1.018100e+01 3.030000e+00 3.671900e+02 4.327200e+02 1
-4.306800e+00 8.969300e+00 -7.197300e-01 -7.049000e-01 288 43 1.021600e+01 3.030000e+00 3.788600e+02 4.325800e+02 1
1.065700e+00 8.787200e-01 -2.058200e-01 -4.165300e-01 43 52 9.977900e+00 3.030000e+00 1.433700e+03 7.892100e+02 0
0 0 -1.500000e-01 -6.408200e-02 1 63 1.040300e+01 3.030000e+00 2167 -3.612800e+03 0
-1.336900e-02 6.911800e-03 -1.504400e-01 -6.408200e-02 2 63 9.888800e+00 3.030000e+00 2.457400e+03 -4.055800e+03 0
6.804600e-01 7.384700e-01 -1.969100e-01 -6.408200e-02 30 63 1.022000e+01 3.030000e+00 1.198600e+03 8.652600e+02 0
6.793700e-01 7.935100e-01 -2.004000e-01 -6.408200e-02 31 63 1.042500e+01 3.030000e+00 1.157700e+03 8.285200e+02 0
6.851000e-01 8.046600e-01 -2.011100e-01 -6.408200e-02 32 63 1.031300e+01 3.030000e+00 1.155700e+03 8.219100e+02 0
6.984700e-01 8.299700e-01 -2.027200e-01 -6.408200e-02 33 63 9.988400e+00 3.030000e+00 1.151600e+03 8.076400e+02 0
0 0 -1.500000e-01 -3.204100e-02 1 64 1.560000e+01 3.030000e+00 2167 -3.612800e+03 0
-7.093800e-02 1.128800e-01 -1.571700e-01 -3.204100e-02 5 64 1.416000e+01 3.030000e+00 -3.040800e+03 7.593700e+03 0
-1.585200e-01 1.860800e-01 -1.618200e-01 -3.204100e-02 8 64 1.337500e+01 3.030000e+00 -1.093200e+03 2.927500e+03 0
-1.986300e-01 1.931300e-01 -1.622700e-01 -3.204100e-02 9 64 1.265400e+01 3.030000e+00 -1.176900e+03 2.758500e+03 0
-2.455500e-01 1.890200e-01 -1.620100e-01 -3.204100e-02 10 64 1.265800e+01 3.030000e+00 -1.457400e+03 2.806200e+03 0
-2.592000e-01 2.245400e-01 -1.642600e-01 -3.204100e-02 11 64 1.219400e+01 3.030000e+00 -1026 2.262600e+03 0
-2.851200e-01 2.357600e-01 -1.649800e-01 -3.204100e-02 12 64 1.174500e+01 3.030000e+00 -1.000800e+03 2.130900e+03 0
-3.077600e-01 2.789000e-01 -1.677200e-01 -3.204100e-02 13 64 1.093800e+01 3.030000e+00 -7.220100e+02 1.777800e+03 0
-1.184100e-01 4.210800e-01 -1.767500e-01 -3.204100e-02 15 64 1.044300e+01 3.030000e+00 1.689200e+02 1.245900e+03 0
3.536000e-01 2.721500e-01 -1.672900e-01 -3.204100e-02 28 64 1.208700e+01 3.030000e+00 1.316100e+03 1.997800e+03 0
6.799100e-01 6.425900e-01 -1.908200e-01 -3.204100e-02 29 64 1.361100e+01 3.030000e+00 1.286600e+03 9.468700e+02 0
6.725500e-01 7.389800e-01 -1.969400e-01 -3.204100e-02 30 64 1.453900e+01 3.030000e+00 1.190100e+03 8.646800e+02 0
6.793700e-01 7.974600e-01 -2.006500e-01 -3.204100e-02 31 64 1.468600e+01 3.030000e+00 1.155100e+03 8.261100e+02 0
6.766400e-01 8.312400e-01 -2.028000e-01 -3.204100e-02 32 64 1.411800e+01 3.030000e+00 1.131500e+03 8.064800e+02 0
6.810000e-01 8.725000e-01 -2.054200e-01 -3.204100e-02 33 64 1.249600e+01 3.030000e+00 1.111800e+03 7.849800e+02 0
-9.633900e-01 5.359000e-01 -1.840400e-01 -3.204100e-02 34 64 9.971400e+00 3.030000e+00 -7.665700e+02 9.979900e+02 0
7.235700e-01 9.242400e-01 -2.087100e-01 -3.204100e-02 35 64 1.022100e+01 3.030000e+00 1.119200e+03 7.616600e+02 0
-8.116900e-01 8.933700e-01 -2.067500e-01 -3.204100e-02 36 64 1.085800e+01 3.030000e+00 -4.464800e+01 7.496400e+02 0
-8.447100e-01 8.792100e-01 -2.058500e-01 -3.204100e-02 37 64 1.120900e+01 3.030000e+00 -8.140800e+01 7.550300e+02 0
-8.782700e-01 8.718500e-01 -2.053800e-01 -3.204100e-02 38 64 1.075100e+01 3.030000e+00 -1.130500e+02 7.576300e+02 0
