0 0 -1.500000e-01 0 1 65 1.659200e+01 2.380000e+00 2167 -3.612800e+03 0
-7.093800e-02 1.130600e-01 -1.556400e-01 0 5 65 1.517400e+01 2.380000e+00 -3.018600e+03 7.527600e+03 0
-1.585200e-01 1.860400e-01 -1.592800e-01 0 8 65 1.431900e+01 2.380000e+00 -1.092500e+03 2.912900e+03 0
-2.008100e-01 1.914900e-01 -1.595500e-01 0 9 65 1.368400e+01 2.380000e+00 -1.210100e+03 2.773100e+03 0
-2.480100e-01 1.865600e-01 -1.593000e-01 0 10 65 1.363400e+01 2.380000e+00 -1511 2.838500e+03 0
-2.619200e-01 2.225800e-01 -1.611000e-01 0 11 65 1.305800e+01 2.380000e+00 -1.056100e+03 2.271400e+03 0
-2.881200e-01 2.333600e-01 -1.616400e-01 0 12 65 1.269700e+01 2.380000e+00 -1.033900e+03 2.141500e+03 0
-3.044900e-01 2.824700e-01 -1.640900e-01 0 13 65 1.197000e+01 2.380000e+00 -6.892400e+02 1.744200e+03 0
-4.291700e-01 1.048800e-01 -1.552300e-01 0 14 65 1.127000e+01 2.380000e+00 -7.732900e+03 6.915300e+03 0
-1.184100e-01 3.415300e-01 -1.670300e-01 0 15 65 1.123700e+01 2.380000e+00 1.544500e+01 1.482200e+03 0
3.536000e-01 3.988500e-01 -1.698900e-01 0 28 65 1.311100e+01 2.380000e+00 1.063800e+03 1340 0
6.799100e-01 6.397000e-01 -1.819100e-01 0 29 65 1.466500e+01 2.380000e+00 1.289200e+03 9.395600e+02 0
6.725500e-01 7.381000e-01 -1.868100e-01 0 30 65 1.560400e+01 2.380000e+00 1.190300e+03 8.554000e+02 0
6.711800e-01 8.044500e-01 -1.901200e-01 0 31 65 1.577900e+01 2.380000e+00 1.142600e+03 8.119600e+02 0
6.766400e-01 8.329500e-01 -1.915400e-01 0 32 65 1.526300e+01 2.380000e+00 1130 7.958300e+02 0
6.722700e-01 8.741500e-01 -1.936000e-01 0 33 65 1.386600e+01 2.380000e+00 1.103300e+03 7.743600e+02 0
6.752700e-01 9.226500e-01 -1.960200e-01 0 34 65 1.185800e+01 2.380000e+00 1.081600e+03 7.519800e+02 0
7.421200e-01 9.027500e-01 -1.950200e-01 0 35 65 1.103200e+01 2.380000e+00 1.145100e+03 7.620100e+02 0
-8.403400e-01 8.718700e-01 -1.934800e-01 0 36 65 1.160700e+01 2.380000e+00 -8.472300e+01 7.492200e+02 0
-8.545300e-01 8.774200e-01 -1.937600e-01 0 37 65 1.215900e+01 2.380000e+00 -8.992500e+01 7.466100e+02 0
-8.782700e-01 8.585000e-01 -1.928200e-01 0 38 65 1.188600e+01 2.380000e+00 -1.259200e+02 7.544600e+02 0
-9.123700e-01 8.359600e-01 -1.916900e-01 0 39 65 1.075200e+01 2.380000e+00 -1.754100e+02 7.641700e+02 0
0 0 -1.500000e-01 3.204100e-02 1 66 1.558300e+01 2.380000e+00 2167 -3.612800e+03 0
-7.202900e-02 1.125000e-01 -1.556100e-01 3.204100e-02 5 66 1.416400e+01 2.380000e+00 -3.083800e+03 7.620200e+03 0
-1.585200e-01 1.859800e-01 -1.592800e-01 3.204100e-02 8 66 1.332900e+01 2.380000e+00 -1.093300e+03 2.914100e+03 0
-2.008100e-01 1.917600e-01 -1.595600e-01 3.204100e-02 9 66 1.268200e+01 2.380000e+00 -1206 2768 0
-2.480100e-01 1.870500e-01 -1.593300e-01 3.204100e-02 10 66 1.261100e+01 2.380000e+00 -1.502100e+03 2.828600e+03 0
-2.619200e-01 2.230100e-01 -1.611200e-01 3.204100e-02 11 66 1.211100e+01 2.380000e+00 -1.051300e+03 2.266200e+03 0
-2.851200e-01 2.383200e-01 -1.618900e-01 3.204100e-02 12 66 1.173000e+01 2.380000e+00 -9.747100e+02 2.092700e+03 0
-3.012100e-01 2.863700e-01 -1.642800e-01 3.204100e-02 13 66 1.097900e+01 2.380000e+00 -6.563000e+02 1.721200e+03 0
-1.145900e-01 3.653800e-01 -1.682200e-01 3.204100e-02 15 66 1.035300e+01 2.380000e+00 7.815600e+01 1.394700e+03 0
3.536000e-01 4.369100e-01 -1.717900e-01 3.204100e-02 28 66 1.210200e+01 2.380000e+00 1.023700e+03 1.237200e+03 0
6.722700e-01 6.419300e-01 -1.820200e-01 3.204100e-02 29 66 1.362600e+01 2.380000e+00 1.277600e+03 9.370500e+02 0
6.725500e-01 7.353800e-01 -1.866800e-01 3.204100e-02 30 66 1.456700e+01 2.380000e+00 1.192500e+03 8.573700e+02 0
6.711800e-01 8.044700e-01 -1.901200e-01 3.204100e-02 31 66 1.472500e+01 2.380000e+00 1.142500e+03 8.119500e+02 0
6.766400e-01 8.344500e-01 -1.916200e-01 3.204100e-02 32 66 1.419800e+01 2.380000e+00 1.129100e+03 7.950100e+02 0
6.722700e-01 8.771300e-01 -1.937500e-01 3.204100e-02 33 66 1.277200e+01 2.380000e+00 1.101700e+03 7.729000e+02 0
6.752700e-01 9.305000e-01 -1.964100e-01 3.204100e-02 34 66 1.064100e+01 2.380000e+00 1.077900e+03 7.485900e+02 0
7.699500e-01 8.799900e-01 -1.938900e-01 3.204100e-02 35 66 1.005500e+01 2.380000e+00 1.181500e+03 7.732900e+02 0
-8.498900e-01 8.661200e-01 -1.932000e-01 3.204100e-02 36 66 1.054200e+01 2.380000e+00 -9.727600e+01 7.515600e+02 0
-8.643500e-01 8.689500e-01 -1.933400e-01 3.204100e-02 37 66 1.115300e+01 2.380000e+00 -1.052400e+02 7.500900e+02 0
-8.883600e-01 8.437200e-01 -1.920800e-01 3.204100e-02 38 66 1.083900e+01 2.380000e+00 -1.487600e+02 7.609800e+02 0
0 0 -1.500000e-01 6.408200e-02 1 67 9.467100e+00 2.380000e+00 2167 -3.612800e+03 0
-4.365400e-03 3.370600e-02 -1.516800e-01 6.408200e-02 2 67 9.327700e+00 2.380000e+00 3.480100e+03 -6994 0
-1.833500e+00 5.277600e+00 -4.132200e-01 -6.408200e-01 161 45 1.052400e+01 2.380000e+00 4.517700e+02 4.479500e+02 1
-1.844900e+00 5.307100e+00 -4.146900e-01 -6.408200e-01 162 45 1.181800e+01 2.380000e+00 4.517600e+02 4.476400e+02 1
-1.856400e+00 5.342700e+00 -4.164700e-01 -6.408200e-01 163 45 1.264700e+01 2.380000e+00 4.520200e+02 4.472600e+02 1
-1.867900e+00 5.377200e+00 -4.181900e-01 -6.408200e-01 164 45 1.278100e+01 2.380000e+00 4.522400e+02 4.469000e+02 1
-1.879300e+00 5.409400e+00 -4.198000e-01 -6.408200e-01 165 45 1.219300e+01 2.380000e+00 4.523500e+02 4.465600e+02 1
-1.935800e+00 5.427500e+00 -4.207000e-01 -6.408200e-01 166 45 1.083200e+01 2.380000e+00 4.466100e+02 4.463500e+02 1
-1.833500e+00 5.266800e+00 -4.126800e-01 -6.087800e-01 161 46 1.050200e+01 2.380000e+00 4.512700e+02 4.480700e+02 1
-1.844900e+00 5.307400e+00 -4.147100e-01 -6.087800e-01 162 46 1.223500e+01 2.380000e+00 4.517700e+02 4.476300e+02 1
-1.856400e+00 5.343400e+00 -4.165000e-01 -6.087800e-01 163 46 1.315400e+01 2.380000e+00 4.520600e+02 4.472500e+02 1
-1.867900e+00 5.377200e+00 -4.181900e-01 -6.087800e-01 164 46 1.327700e+01 2.380000e+00 4.522400e+02 4.469000e+02 1
-1.879300e+00 5.409600e+00 -4.198100e-01 -6.087800e-01 165 46 1.257800e+01 2.380000e+00 4.523600e+02 4.465600e+02 1
-1.890800e+00 5.432000e+00 -4.209200e-01 -6.087800e-01 166 46 1.107700e+01 2.380000e+00 4.520300e+02 4.463300e+02 1
-2.219300e+00 5.334000e+00 -4.160400e-01 -6.087800e-01 167 46 1.047700e+01 2.380000e+00 4.089400e+02 4.471200e+02 1
-1.932800e+00 5.279600e+00 -4.133200e-01 -5.767400e-01 162 47 1.063900e+01 2.380000e+00 4.400300e+02 4.478700e+02 1
-1.900600e+00 5.328500e+00 -4.157600e-01 -5.767400e-01 163 47 1.159400e+01 2.380000e+00 4.461600e+02 4.473800e+02 1
-1.867900e+00 5.377300e+00 -4.181900e-01 -5.767400e-01 164 47 1.171100e+01 2.380000e+00 4.522400e+02 4.469000e+02 1
-1.789800e+00 5.436500e+00 -4.211500e-01 -5.767400e-01 165 47 1.094500e+01 2.380000e+00 4.639100e+02 4.463500e+02 1
0 0 -1.500000e-01 -3.204100e-02 1 64 1.557400e+01 2.380000e+00 2167 -3.612800e+03 0
-7.093800e-02 1.128700e-01 -1.556300e-01 -3.204100e-02 5 64 1.414900e+01 2.380000e+00 -3.036500e+03 7.561900e+03 0
-1.585200e-01 1.861000e-01 -1.592800e-01 -3.204100e-02 8 64 1.329500e+01 2.380000e+00 -1.091600e+03 2.911600e+03 0
-2.008100e-01 1.905600e-01 -1.595000e-01 -3.204100e-02 9 64 1.267700e+01 2.380000e+00 -1.224500e+03 2.791100e+03 0
-2.480100e-01 1.858800e-01 -1.592700e-01 -3.204100e-02 10 64 1.263400e+01 2.380000e+00 -1.523400e+03 2.852300e+03 0
-2.619200e-01 2.220800e-01 -1.610800e-01 -3.204100e-02 11 64 1.201400e+01 2.380000e+00 -1.061600e+03 2.277300e+03 0
-2.881200e-01 2.317300e-01 -1.615600e-01 -3.204100e-02 12 64 1.163200e+01 2.380000e+00 -1.050700e+03 2.158500e+03 0
-3.044900e-01 2.798500e-01 -1.639600e-01 -3.204100e-02 13 64 1.095400e+01 2.380000e+00 -7.060100e+02 1.760600e+03 0
-4.048900e-01 2.523300e-01 -1.625900e-01 -3.204100e-02 15 64 1.018700e+01 2.380000e+00 -1.214700e+03 1.932100e+03 0
3.609700e-01 3.527700e-01 -1.675900e-01 -3.204100e-02 28 64 1.206700e+01 2.380000e+00 1.145600e+03 1.504600e+03 0
6.799100e-01 6.444800e-01 -1.821400e-01 -3.204100e-02 29 64 1.365700e+01 2.380000e+00 1284 9.347900e+02 0
6.725500e-01 7.403300e-01 -1.869200e-01 -3.204100e-02 30 64 1.460100e+01 2.380000e+00 1.188600e+03 8.537900e+02 0
6.711800e-01 8.043000e-01 -1.901100e-01 -3.204100e-02 31 64 1.478000e+01 2.380000e+00 1.142700e+03 8.120500e+02 0
6.766400e-01 8.313900e-01 -1.914700e-01 -3.204100e-02 32 64 1.425900e+01 2.380000e+00 1.130900e+03 7.966800e+02 0
6.722700e-01 8.728400e-01 -1.935300e-01 -3.204100e-02 33 64 1.288200e+01 2.380000e+00 1.103900e+03 7.750100e+02 0
6.752700e-01 9.157500e-01 -1.956700e-01 -3.204100e-02 34 64 1.130400e+01 2.380000e+00 1.084800e+03 7.550100e+02 0
6.957400e-01 9.277200e-01 -1.962700e-01 -3.204100e-02 35 64 1.007700e+01 2.380000e+00 1.095200e+03 7.501200e+02 0
-8.307900e-01 8.836800e-01 -1.940700e-01 -3.204100e-02 36 64 1.047300e+01 2.380000e+00 -6.680100e+01 7.443400e+02 0
-8.447100e-01 8.854300e-01 -1.941600e-01 -3.204100e-02 37 64 1.110700e+01 2.380000e+00 -7.532600e+01 7.433900e+02 0
-8.479800e-01 8.927200e-01 -1.945200e-01 -3.204100e-02 38 64 1.095200e+01 2.380000e+00 -7.106400e+01 7.403100e+02 0
-8.398000e-01 9.296600e-01 -1.963700e-01 -3.204100e-02 39 64 1.013700e+01 2.380000e+00 -3.344800e+01 7.258900e+02 0
