0 0 -1.500000e-01 0 1 65 1.659000e+01 2.230000e+00 2167 -3.612800e+03 0
-7.093800e-02 1.127600e-01 -1.552700e-01 0 5 65 1.518500e+01 2.230000e+00 -3.044500e+03 7572 0
-1.585200e-01 1.860300e-01 -1.586900e-01 0 8 65 1.432300e+01 2.230000e+00 -1.092300e+03 2.909600e+03 0
-2.008100e-01 1.915900e-01 -1.589500e-01 0 9 65 1.366900e+01 2.230000e+00 -1.208200e+03 2.767800e+03 0
-2.480100e-01 1.866800e-01 -1.587200e-01 0 10 65 1.364600e+01 2.230000e+00 -1.508300e+03 2.832500e+03 0
-2.619200e-01 2.226600e-01 -1.604000e-01 0 11 65 1.316600e+01 2.230000e+00 -1.054900e+03 2.267300e+03 0
-2.851200e-01 2.377200e-01 -1.611100e-01 0 12 65 1.273400e+01 2.230000e+00 -9.801800e+02 2.095600e+03 0
-3.044900e-01 2.813800e-01 -1.631500e-01 0 13 65 1.196500e+01 2.230000e+00 -6.959600e+02 1.748300e+03 0
-4.291700e-01 6.734500e-02 -1.531500e-01 0 14 65 1.128000e+01 2.230000e+00 -48397 38377 0
-1.298700e-01 2.877500e-01 -1.634500e-01 0 15 65 1.131100e+01 2.230000e+00 -1.838800e+02 1.746200e+03 0
3.536000e-01 3.743700e-01 -1.674900e-01 0 28 65 1.308400e+01 2.230000e+00 1.095100e+03 1.417700e+03 0
6.799100e-01 6.394900e-01 -1.798800e-01 0 29 65 1.464700e+01 2.230000e+00 1.289300e+03 9.374200e+02 0
6.725500e-01 7.387500e-01 -1.845200e-01 0 30 65 1.557000e+01 2.230000e+00 1.189700e+03 8.526400e+02 0
6.711800e-01 8.043400e-01 -1.875900e-01 0 31 65 1.575700e+01 2.230000e+00 1.142500e+03 8.097700e+02 0
6.766400e-01 8.317100e-01 -1.888600e-01 0 32 65 1.532900e+01 2.230000e+00 1.130600e+03 7.942700e+02 0
6.722700e-01 8.726100e-01 -1.907800e-01 0 33 65 1.414100e+01 2.230000e+00 1104 7.729000e+02 0
6.662700e-01 9.351700e-01 -1.937000e-01 0 34 65 1.178800e+01 2.230000e+00 1.068700e+03 7.442700e+02 0
7.142900e-01 9.178400e-01 -1.928900e-01 0 35 65 1.039900e+01 2.230000e+00 1.114600e+03 7.525300e+02 0
-8.212400e-01 8.989300e-01 -1.920100e-01 0 36 65 1.173500e+01 2.230000e+00 -4.628000e+01 7.361100e+02 0
-8.447100e-01 8.947800e-01 -1.918100e-01 0 37 65 1.217900e+01 2.230000e+00 -6.677500e+01 7.374400e+02 0
-8.681700e-01 8.790000e-01 -1.910700e-01 0 38 65 1.169300e+01 2.230000e+00 -9.833000e+01 7.436400e+02 0
-9.123700e-01 8.167700e-01 -1.881700e-01 0 39 65 1.013300e+01 2.230000e+00 -1.968800e+02 7.713100e+02 0
0 0 -1.500000e-01 3.204100e-02 1 66 1.557900e+01 2.230000e+00 2167 -3.612800e+03 0
-7.202900e-02 1.121500e-01 -1.552400e-01 3.204100e-02 5 66 1.416900e+01 2.230000e+00 -3.114300e+03 7.673200e+03 0
-1.585200e-01 1.858500e-01 -1.586800e-01 3.204100e-02 8 66 1.331100e+01 2.230000e+00 -1095 2.913400e+03 0
-2.008100e-01 1.925400e-01 -1.590000e-01 3.204100e-02 9 66 1.264000e+01 2.230000e+00 -1.193800e+03 2.749700e+03 0
-2.480100e-01 1.876300e-01 -1.587700e-01 3.204100e-02 10 66 1.263800e+01 2.230000e+00 -1.491200e+03 2.813500e+03 0
-2.619200e-01 2.229700e-01 -1.604200e-01 3.204100e-02 11 66 1.220100e+01 2.230000e+00 -1.051400e+03 2.263500e+03 0
-2.881200e-01 2.348300e-01 -1.609700e-01 3.204100e-02 12 66 1.175100e+01 2.230000e+00 -1.018800e+03 2.123500e+03 0
-3.044900e-01 2.826500e-01 -1.632100e-01 3.204100e-02 13 66 1.105300e+01 2.230000e+00 -6.879200e+02 1.740400e+03 0
-2.979400e-01 3.243900e-01 -1.651600e-01 3.204100e-02 14 66 1.028900e+01 2.230000e+00 -4.516100e+02 1.525200e+03 0
-4.048900e-01 2.574400e-01 -1.620300e-01 3.204100e-02 15 66 1.034000e+01 2.230000e+00 -1.164900e+03 1.889400e+03 0
3.536000e-01 4.369100e-01 -1.704200e-01 3.204100e-02 28 66 1.204600e+01 2.230000e+00 1.023600e+03 1.234700e+03 0
6.799100e-01 6.333500e-01 -1.796000e-01 3.204100e-02 29 66 1.360100e+01 2.230000e+00 1.296100e+03 9.436800e+02 0
6.725500e-01 7.362100e-01 -1.844000e-01 3.204100e-02 30 66 1.451600e+01 2.230000e+00 1.191700e+03 8.544800e+02 0
6.711800e-01 8.044700e-01 -1.875900e-01 3.204100e-02 31 66 1.470500e+01 2.230000e+00 1.142400e+03 8.097000e+02 0
6.681800e-01 8.398500e-01 -1.892500e-01 3.204100e-02 32 66 1.429700e+01 2.230000e+00 1.118500e+03 7.896800e+02 0
6.722700e-01 8.734600e-01 -1.908200e-01 3.204100e-02 33 66 1.315300e+01 2.230000e+00 1.103500e+03 7.724800e+02 0
6.662700e-01 9.311900e-01 -1.935100e-01 3.204100e-02 34 66 1.082600e+01 2.230000e+00 1.070500e+03 7.459500e+02 0
7.050100e-01 9.164500e-01 -1.928200e-01 3.204100e-02 35 66 9.788900e+00 2.230000e+00 1108 7.529900e+02 0
-8.212400e-01 8.965000e-01 -1.918900e-01 3.204100e-02 36 66 1.046600e+01 2.230000e+00 -4.839900e+01 7.371000e+02 0
-8.447100e-01 8.828200e-01 -1.912500e-01 3.204100e-02 37 66 1.085900e+01 2.230000e+00 -7.764400e+01 7.424000e+02 0
-8.782700e-01 8.298700e-01 -1.887800e-01 3.204100e-02 38 66 1.017500e+01 2.230000e+00 -1.557100e+02 7.655700e+02 0
6.548100e-01 8.133500e-01 -1.880100e-01 6.408200e-02 31 67 9.733300e+00 2.230000e+00 1122 8.041500e+02 0
1.123500e+00 1.572200e+00 -2.234700e-01 -6.087800e-01 59 46 1.065300e+01 2.230000e+00 1.108100e+03 5.940600e+02 0
1.126800e+00 1.625800e+00 -2.259700e-01 -6.087800e-01 60 46 1.104000e+01 2.230000e+00 1.094900e+03 5.868600e+02 0
1.129600e+00 1.647300e+00 -2.269800e-01 -6.087800e-01 61 46 1.050500e+01 2.230000e+00 1.090400e+03 5.841200e+02 0
1.123500e+00 1.623400e+00 -2.258600e-01 -5.767400e-01 59 47 1.082000e+01 2.230000e+00 1.094100e+03 5.871600e+02 0
1.126800e+00 1.654800e+00 -2.273300e-01 -5.767400e-01 60 47 1.125800e+01 2.230000e+00 1.087300e+03 5.831600e+02 0
1.113200e+00 1.674100e+00 -2.282300e-01 -5.767400e-01 61 47 1.071300e+01 2.230000e+00 1.076800e+03 5.807200e+02 0
-3.704600e+00 3.465000e+00 -3.119100e-01 -4.485700e-01 147 51 1.047200e+01 2.230000e+00 -7.056100e+00 4.729800e+02 0
-3.529400e+00 3.711100e+00 -3.234200e-01 -4.485700e-01 148 51 1.105300e+01 2.230000e+00 6.743200e+01 4.677600e+02 1
-3.472700e+00 3.826800e+00 -3.288200e-01 -4.485700e-01 149 51 1.077700e+01 2.230000e+00 9.517800e+01 4.655000e+02 1
-3.624900e+00 3.582100e+00 -3.173900e-01 -4.165300e-01 147 52 1.058500e+01 2.230000e+00 29 4.704100e+02 0
-3.609700e+00 3.650100e+00 -3.205700e-01 -4.165300e-01 148 52 1.125500e+01 2.230000e+00 4.376400e+01 4.689500e+02 1
-3.593800e+00 3.699000e+00 -3.228500e-01 -4.165300e-01 149 52 1.089200e+01 2.230000e+00 5.483000e+01 4.679400e+02 1
0 0 -1.500000e-01 -6.408200e-02 1 63 1.029500e+01 2.230000e+00 2167 -3.612800e+03 0
2.455500e-03 3.465200e-02 -1.516200e-01 -6.408200e-02 2 63 1.004400e+01 2.230000e+00 3421 -7128 0
6.466300e-01 8.219200e-01 -1.884100e-01 -6.408200e-02 31 63 9.435000e+00 2.230000e+00 1.109700e+03 7.991000e+02 0
0 0 -1.500000e-01 -3.204100e-02 1 64 1.558800e+01 2.230000e+00 2167 -3.612800e+03 0
-7.093800e-02 1.124800e-01 -1.552600e-01 -3.204100e-02 5 64 1.416200e+01 2.230000e+00 -3.070500e+03 7.621800e+03 0
-1.585200e-01 1.861000e-01 -1.587000e-01 -3.204100e-02 8 64 1.329600e+01 2.230000e+00 -1.091300e+03 2.908100e+03 0
-1.986300e-01 1.924100e-01 -1.589900e-01 -3.204100e-02 9 64 1.265700e+01 2.230000e+00 -1.185800e+03 2.753600e+03 0
-2.455500e-01 1.891400e-01 -1.588400e-01 -3.204100e-02 10 64 1.263100e+01 2.230000e+00 -1.453200e+03 2.785500e+03 0
-2.592000e-01 2.254300e-01 -1.605300e-01 -3.204100e-02 11 64 1.214000e+01 2.230000e+00 -1.014800e+03 2.235900e+03 0
-2.821100e-01 2.388800e-01 -1.611600e-01 -3.204100e-02 12 64 1.171700e+01 2.230000e+00 -9.591200e+02 2.085300e+03 0
-2.979400e-01 2.825200e-01 -1.632000e-01 -3.204100e-02 13 64 1.082300e+01 2.230000e+00 -6.710300e+02 1.742600e+03 0
-1.336900e-01 1.134500e-01 -1.553000e-01 -3.204100e-02 15 64 1.040800e+01 2.230000e+00 -3714 7.114200e+03 0
3.609700e-01 3.059600e-01 -1.643000e-01 -3.204100e-02 28 64 1.206100e+01 2.230000e+00 1.241700e+03 1.738400e+03 0
6.799100e-01 6.431700e-01 -1.800500e-01 -3.204100e-02 29 64 1.366100e+01 2.230000e+00 1.285300e+03 9.337400e+02 0
6.725500e-01 7.408000e-01 -1.846200e-01 -3.204100e-02 30 64 1.458600e+01 2.230000e+00 1.188200e+03 8.511700e+02 0
6.711800e-01 8.041100e-01 -1.875700e-01 -3.204100e-02 31 64 1.477000e+01 2.230000e+00 1.142700e+03 8.099100e+02 0
6.766400e-01 8.300500e-01 -1.887900e-01 -3.204100e-02 32 64 1.432600e+01 2.230000e+00 1.131600e+03 7.951900e+02 0
6.722700e-01 8.720900e-01 -1.907500e-01 -3.204100e-02 33 64 1.310400e+01 2.230000e+00 1.104200e+03 7.731600e+02 0
6.662700e-01 9.388000e-01 -1.938700e-01 -3.204100e-02 34 64 1.075200e+01 2.230000e+00 1.067100e+03 7.427400e+02 0
-1.001900e+00 5.142900e-01 -1.740300e-01 -3.204100e-02 35 64 9.844500e+00 2.230000e+00 -8.797600e+02 1.011800e+03 0
-8.403400e-01 8.742400e-01 -1.908500e-01 -3.204100e-02 36 64 1.089000e+01 2.230000e+00 -8.241800e+01 7.461200e+02 0
-8.545300e-01 8.864800e-01 -1.914200e-01 -3.204100e-02 37 64 1.130100e+01 2.230000e+00 -8.140700e+01 7.407100e+02 0
-8.580800e-01 9.110800e-01 -1.925700e-01 -3.204100e-02 38 64 1.086200e+01 2.230000e+00 -6.187700e+01 7.307000e+02 0
-8.501600e-01 9.656900e-01 -1.951300e-01 -3.204100e-02 39 64 9.801100e+00 2.230000e+00 -1.178700e+01 7.106100e+02 0
