0 0 -1.500000e-01 0 1 65 1.659000e+01 3.930000e+00 2167 -3.612800e+03 0
-7.093800e-02 1.130700e-01 -1.593200e-01 0 5 65 1.518300e+01 3.930000e+00 -3.031100e+03 7.607700e+03 0
-1.585200e-01 1.861000e-01 -1.653400e-01 0 8 65 1.436600e+01 3.930000e+00 -1.095100e+03 2.948900e+03 0
-2.008100e-01 1.913300e-01 -1.657700e-01 0 9 65 1.369500e+01 3.930000e+00 -1.216200e+03 2.812100e+03 0
-2.480100e-01 1.873600e-01 -1.654500e-01 0 10 65 1.364300e+01 3.930000e+00 -1.500700e+03 2.858300e+03 0
-2.619200e-01 2.240100e-01 -1.684700e-01 0 11 65 1.305200e+01 3.930000e+00 -1.043300e+03 2.286200e+03 0
-2.881200e-01 2.363900e-01 -1.694900e-01 0 12 65 1.270700e+01 3.930000e+00 -1.006400e+03 2.141400e+03 0
-3.077600e-01 2.810100e-01 -1.731700e-01 0 13 65 1.198500e+01 3.930000e+00 -7.095500e+02 1.780900e+03 0
-3.050300e-01 2.976400e-01 -1.745400e-01 0 14 65 1.142800e+01 3.930000e+00 -6.028300e+02 1.684100e+03 0
-1.222300e-01 3.716000e-01 -1.806300e-01 0 15 65 1.122000e+01 3.930000e+00 7.458800e+01 1.399400e+03 0
3.609700e-01 3.307600e-01 -1.772700e-01 0 28 65 1.312100e+01 3.930000e+00 1.187600e+03 1.633900e+03 0
6.799100e-01 6.378200e-01 -2.025800e-01 0 29 65 1.466400e+01 3.930000e+00 1.292600e+03 9.658700e+02 0
6.725500e-01 7.366100e-01 -2.107300e-01 0 30 65 1.559400e+01 3.930000e+00 1.192600e+03 8.801700e+02 0
6.793700e-01 7.975700e-01 -2.157500e-01 0 31 65 1.573700e+01 3.930000e+00 1.155600e+03 8.396300e+02 0
6.766400e-01 8.320800e-01 -2.186000e-01 0 32 65 1.518300e+01 3.930000e+00 1.131500e+03 8.195100e+02 0
6.722700e-01 8.781500e-01 -2.223900e-01 0 33 65 1.362900e+01 3.930000e+00 1.102100e+03 7.954100e+02 0
7.699500e-01 7.502000e-01 -2.118500e-01 0 35 65 1.058600e+01 3.930000e+00 1.280100e+03 8.730700e+02 0
-8.212400e-01 9.002400e-01 -2.242100e-01 0 36 65 1.158300e+01 3.930000e+00 -4.598900e+01 7.592000e+02 0
-8.447100e-01 8.862100e-01 -2.230600e-01 0 37 65 1.218600e+01 3.930000e+00 -7.542400e+01 7.646000e+02 0
-8.681700e-01 8.787500e-01 -2.224400e-01 0 38 65 1.195500e+01 3.930000e+00 -9.949600e+01 7.673600e+02 0
-8.916400e-01 9.016200e-01 -2.243300e-01 0 39 65 1.079900e+01 3.930000e+00 -9.501600e+01 7.575000e+02 0
0 0 -1.500000e-01 3.204100e-02 1 66 1.556300e+01 3.930000e+00 2167 -3.612800e+03 0
-7.202900e-02 1.124100e-01 -1.592700e-01 3.204100e-02 5 66 1.417300e+01 3.930000e+00 -3105 7.717500e+03 0
-1.585200e-01 1.860900e-01 -1.653400e-01 3.204100e-02 8 66 1.335200e+01 3.930000e+00 -1.095100e+03 2.948900e+03 0
-2.008100e-01 1.910100e-01 -1.657500e-01 3.204100e-02 9 66 1.266900e+01 3.930000e+00 -1.221200e+03 2.818300e+03 0
-2.480100e-01 1.876600e-01 -1.654700e-01 3.204100e-02 10 66 1.260500e+01 3.930000e+00 -1.495300e+03 2.852300e+03 0
-2.619200e-01 2.248500e-01 -1.685400e-01 3.204100e-02 11 66 1.213400e+01 3.930000e+00 -1.034200e+03 2.276400e+03 0
-2.911200e-01 2.341800e-01 -1.693100e-01 3.204100e-02 12 66 1.167800e+01 3.930000e+00 -1.038700e+03 2.162800e+03 0
-3.110400e-01 2.776600e-01 -1.728900e-01 3.204100e-02 13 66 1.100100e+01 3.930000e+00 -7.404800e+02 1.801500e+03 0
-3.014900e-01 3.077000e-01 -1.753700e-01 3.204100e-02 14 66 1.037900e+01 3.930000e+00 -5.406300e+02 1.632200e+03 0
-4.239900e-01 1.998200e-01 -1.664700e-01 3.204100e-02 15 66 1.026100e+01 3.930000e+00 -2.013100e+03 2.534700e+03 0
3.536000e-01 3.794500e-01 -1.812800e-01 3.204100e-02 28 66 1.217800e+01 3.930000e+00 1.089400e+03 1.430200e+03 0
6.799100e-01 6.354800e-01 -2.023900e-01 3.204100e-02 29 66 1.367000e+01 3.930000e+00 1.295200e+03 9.682900e+02 0
6.725500e-01 7.349600e-01 -2.105900e-01 3.204100e-02 30 66 1.459800e+01 3.930000e+00 1.193900e+03 8.813800e+02 0
6.711800e-01 8.044800e-01 -2.163200e-01 3.204100e-02 31 66 1.474100e+01 3.930000e+00 1.143600e+03 8.352700e+02 0
6.766400e-01 8.326100e-01 -2.186400e-01 3.204100e-02 32 66 1.418600e+01 3.930000e+00 1.131200e+03 8.192200e+02 0
6.722700e-01 8.765600e-01 -2.222600e-01 3.204100e-02 33 66 1.258200e+01 3.930000e+00 1103 7.961900e+02 0
-8.116900e-01 9.050500e-01 -2.246100e-01 3.204100e-02 36 66 1.051100e+01 3.930000e+00 -3.502900e+01 7.574000e+02 0
-8.447100e-01 8.873300e-01 -2.231500e-01 3.204100e-02 37 66 1.113800e+01 3.930000e+00 -7.439200e+01 7.641300e+02 0
-8.681700e-01 8.770700e-01 -2.223000e-01 3.204100e-02 38 66 1.090800e+01 3.930000e+00 -1.011000e+02 7.680800e+02 0
3.961600e+00 4.166000e+00 -4.934400e-01 -7.689800e-01 166 41 1.013700e+01 3.930000e+00 1.303500e+03 4.896400e+02 0
3.849700e+00 4.313300e+00 -5.055800e-01 -7.689800e-01 167 41 1.020500e+01 3.930000e+00 1.263800e+03 4.867300e+02 1
3.873200e+00 4.453300e+00 -5.171200e-01 -7.689800e-01 170 41 1.040500e+01 3.930000e+00 1.248700e+03 4.843000e+02 1
4.071800e+00 4.009000e+00 -4.805000e-01 -7.369400e-01 165 42 1.022500e+01 3.930000e+00 1.347800e+03 4.929800e+02 0
3.916600e+00 4.221600e+00 -4.980300e-01 -7.369400e-01 166 42 1.159100e+01 3.930000e+00 1.287700e+03 4.885100e+02 0
3.895000e+00 4.293100e+00 -5.039200e-01 -7.369400e-01 167 42 1.180000e+01 3.930000e+00 1.273900e+03 4.871500e+02 1
3.872900e+00 4.360600e+00 -5.094800e-01 -7.369400e-01 168 42 1.066400e+01 3.930000e+00 1261 4.859100e+02 1
3.919300e+00 4.408100e+00 -5.134000e-01 -7.369400e-01 170 42 1.116600e+01 3.930000e+00 1.261800e+03 4.851300e+02 1
3.942500e+00 4.438700e+00 -5.159200e-01 -7.369400e-01 171 42 1.077900e+01 3.930000e+00 1.261300e+03 4.846300e+02 1
3.961600e+00 4.179900e+00 -4.945900e-01 -7.049000e-01 166 43 1.094300e+01 3.930000e+00 1.301400e+03 4.893700e+02 0
3.895000e+00 4.292600e+00 -5.038800e-01 -7.049000e-01 167 43 1.132500e+01 3.930000e+00 1274 4.871600e+02 1
3.964100e+00 4.277600e+00 -5.026400e-01 -7.049000e-01 168 43 1.074600e+01 3.930000e+00 1.287200e+03 4.875200e+02 0
3.919300e+00 4.385000e+00 -5.115000e-01 -7.049000e-01 170 43 9.987800e+00 3.930000e+00 1265 4.855300e+02 1
0 0 -1.500000e-01 -6.408200e-02 1 63 1.089800e+01 3.930000e+00 2167 -3.612800e+03 0
-3.819700e-02 5.531000e-02 -1.545600e-01 -6.408200e-02 3 63 9.447700e+00 3.930000e+00 8.333700e+03 -16654 0
7.104700e-01 7.693900e-01 -2.134300e-01 -6.408200e-02 32 63 9.573000e+00 3.930000e+00 1.205200e+03 8.583400e+02 0
0 0 -1.500000e-01 -3.204100e-02 1 64 1.558100e+01 3.930000e+00 2167 -3.612800e+03 0
-7.093800e-02 1.130100e-01 -1.593200e-01 -3.204100e-02 5 64 1.416600e+01 3.930000e+00 -3.036800e+03 7.618600e+03 0
-1.585200e-01 1.861000e-01 -1.653400e-01 -3.204100e-02 8 64 1.335100e+01 3.930000e+00 -1095 2.948700e+03 0
-2.008100e-01 1.913800e-01 -1.657800e-01 -3.204100e-02 9 64 1.268400e+01 3.930000e+00 -1.215400e+03 2.811100e+03 0
-2.480100e-01 1.872200e-01 -1.654300e-01 -3.204100e-02 10 64 1.262600e+01 3.930000e+00 -1.503200e+03 2.861100e+03 0
-2.619200e-01 2.243400e-01 -1.684900e-01 -3.204100e-02 11 64 1.206300e+01 3.930000e+00 -1.039700e+03 2.282300e+03 0
-2.881200e-01 2.379800e-01 -1.696200e-01 -3.204100e-02 12 64 1.164400e+01 3.930000e+00 -9.907700e+02 2.125600e+03 0
-3.044900e-01 2.857000e-01 -1.735500e-01 -3.204100e-02 13 64 1.095500e+01 3.930000e+00 -6.711300e+02 1.752600e+03 0
-3.085800e-01 2.907300e-01 -1.739700e-01 -3.204100e-02 14 64 1.053700e+01 3.930000e+00 -6.515300e+02 1722 0
3.609700e-01 2.984900e-01 -1.746100e-01 -3.204100e-02 28 64 1.206300e+01 3.930000e+00 1.262600e+03 1.819600e+03 0
6.799100e-01 6.411100e-01 -2.028500e-01 -3.204100e-02 29 64 1.363900e+01 3.930000e+00 1.288900e+03 9.625300e+02 0
6.804600e-01 7.315000e-01 -2.103000e-01 -3.204100e-02 30 64 1.455500e+01 3.930000e+00 1.204800e+03 8.841600e+02 0
6.793700e-01 7.975100e-01 -2.157500e-01 -3.204100e-02 31 64 1.470300e+01 3.930000e+00 1.155700e+03 8.396700e+02 0
6.766400e-01 8.311000e-01 -2.185200e-01 -3.204100e-02 32 64 1.416800e+01 3.930000e+00 1.132100e+03 8.200500e+02 0
6.722700e-01 8.774200e-01 -2.223300e-01 -3.204100e-02 33 64 1.269900e+01 3.930000e+00 1.102500e+03 7.957700e+02 0
-8.021400e-01 9.164600e-01 -2.255500e-01 -3.204100e-02 36 64 1.062600e+01 3.930000e+00 -1.873900e+01 7.530300e+02 0
-8.250600e-01 8.990600e-01 -2.241200e-01 -3.204100e-02 37 64 1.128500e+01 3.930000e+00 -4.975600e+01 7.596200e+02 0
-8.479800e-01 8.910800e-01 -2.234600e-01 -3.204100e-02 38 64 1.110200e+01 3.930000e+00 -7.335300e+01 7.625200e+02 0
-8.709000e-01 9.311700e-01 -2.267700e-01 -3.204100e-02 39 64 9.951900e+00 3.930000e+00 -5.443000e+01 7.463100e+02 0
