0 0 -1.500000e-01 0 1 65 1.657400e+01 2.080000e+00 2167 -3.612800e+03 0
-7.093800e-02 1.129000e-01 -1.549200e-01 0 5 65 1.518800e+01 2.080000e+00 -3.030600e+03 7.539800e+03 0
-1.585200e-01 1.860800e-01 -1.581100e-01 0 8 65 1.435100e+01 2.080000e+00 -1.091200e+03 2.904900e+03 0
-2.008100e-01 1.914100e-01 -1.583400e-01 0 9 65 1.366500e+01 2.080000e+00 -1.210700e+03 2.767800e+03 0
-2.480100e-01 1.870200e-01 -1.581500e-01 0 10 65 1.365300e+01 2.080000e+00 -1.501800e+03 2.822200e+03 0
-2.619200e-01 2.229800e-01 -1.597200e-01 0 11 65 1.314000e+01 2.080000e+00 -1.051100e+03 2.260400e+03 0
-2.881200e-01 2.344100e-01 -1.602200e-01 0 12 65 1.272600e+01 2.080000e+00 -1.022700e+03 2.124700e+03 0
-3.044900e-01 2.836100e-01 -1.623600e-01 0 13 65 1.201000e+01 2.080000e+00 -6.816700e+02 1.731800e+03 0
-3.085800e-01 2.982100e-01 -1.630000e-01 0 14 65 1.132600e+01 2.080000e+00 -6.063400e+02 1.647400e+03 0
-1.222300e-01 4.031900e-01 -1.675700e-01 0 15 65 1.121200e+01 2.080000e+00 1.340100e+02 1.275200e+03 0
3.609700e-01 3.074100e-01 -1.634000e-01 0 28 65 1.312000e+01 2.080000e+00 1.237900e+03 1.726700e+03 0
6.799100e-01 6.372200e-01 -1.777700e-01 0 29 65 1.466500e+01 2.080000e+00 1.291600e+03 9.373600e+02 0
6.725500e-01 7.354700e-01 -1.820500e-01 0 30 65 1.558600e+01 2.080000e+00 1.192200e+03 8.527300e+02 0
6.793700e-01 7.975700e-01 -1.847600e-01 0 31 65 1.574800e+01 2.080000e+00 1.154400e+03 8.117500e+02 0
6.766400e-01 8.314500e-01 -1.862400e-01 0 32 65 1.523500e+01 2.080000e+00 1.130700e+03 7.921800e+02 0
6.810000e-01 8.676000e-01 -1.878100e-01 0 33 65 1.379600e+01 2.080000e+00 1.113900e+03 7.733300e+02 0
-9.724000e-01 3.249800e-01 -1.641600e-01 0 34 65 1.095000e+01 2.080000e+00 -1.869300e+03 1.426700e+03 0
7.328400e-01 8.891800e-01 -1.887500e-01 0 35 65 1.087000e+01 2.080000e+00 1145 7.637500e+02 0
-8.307900e-01 8.630500e-01 -1.876100e-01 0 36 65 1.163900e+01 2.080000e+00 -8.584800e+01 7.490600e+02 0
-8.447100e-01 8.780900e-01 -1.882700e-01 0 37 65 1.214500e+01 2.080000e+00 -8.194900e+01 7.423200e+02 0
-8.681700e-01 8.658500e-01 -1.877400e-01 0 38 65 1.179200e+01 2.080000e+00 -1.109300e+02 7.472200e+02 0
-9.123700e-01 8.190500e-01 -1.857000e-01 0 39 65 1.041700e+01 2.080000e+00 -1.941600e+02 7.681100e+02 0
0 0 -1.500000e-01 3.204100e-02 1 66 1.556500e+01 2.080000e+00 2167 -3.612800e+03 0
-7.093800e-02 1.134300e-01 -1.549400e-01 3.204100e-02 5 66 1.417300e+01 2.080000e+00 -2984 7.450400e+03 0
-1.585200e-01 1.859800e-01 -1.581100e-01 3.204100e-02 8 66 1.333300e+01 2.080000e+00 -1.092800e+03 2.907100e+03 0
-2.008100e-01 1.928100e-01 -1.584000e-01 3.204100e-02 9 66 1.265600e+01 2.080000e+00 -1.189400e+03 2.741300e+03 0
-2.480100e-01 1.889500e-01 -1.582300e-01 3.204100e-02 10 66 1.264500e+01 2.080000e+00 -1.467500e+03 2.784200e+03 0
-2.619200e-01 2.251800e-01 -1.598100e-01 3.204100e-02 11 66 1.216000e+01 2.080000e+00 -1.027100e+03 2.234700e+03 0
-2.881200e-01 2.377200e-01 -1.603600e-01 3.204100e-02 12 66 1.175900e+01 2.080000e+00 -9.899700e+02 2.091700e+03 0
-3.044900e-01 2.838300e-01 -1.623700e-01 3.204100e-02 13 66 1.106400e+01 2.080000e+00 -6.802600e+02 1.730400e+03 0
-1.145900e-01 3.641000e-01 -1.658700e-01 3.204100e-02 15 66 1.034100e+01 2.080000e+00 7.561100e+01 1394 0
3.609700e-01 3.188300e-01 -1.639000e-01 3.204100e-02 28 66 1.216000e+01 2.080000e+00 1.211200e+03 1.661100e+03 0
6.799100e-01 6.346900e-01 -1.776600e-01 3.204100e-02 29 66 1.367900e+01 2.080000e+00 1.294500e+03 9.399400e+02 0
6.725500e-01 7.331100e-01 -1.819500e-01 3.204100e-02 30 66 1.460800e+01 2.080000e+00 1194 8.544500e+02 0
6.793700e-01 7.975500e-01 -1.847600e-01 3.204100e-02 31 66 1.478800e+01 2.080000e+00 1.154400e+03 8.117700e+02 0
6.766400e-01 8.334500e-01 -1.863200e-01 3.204100e-02 32 66 1.431400e+01 2.080000e+00 1.129500e+03 7.910800e+02 0
6.810000e-01 8.702800e-01 -1.879300e-01 3.204100e-02 33 66 1.297100e+01 2.080000e+00 1.112400e+03 7.719900e+02 0
6.842800e-01 9.155000e-01 -1.899000e-01 3.204100e-02 34 66 1.017800e+01 2.080000e+00 1.091900e+03 7.508600e+02 0
-8.307900e-01 8.618800e-01 -1.875600e-01 3.204100e-02 36 66 1.071600e+01 2.080000e+00 -8.696000e+01 7.495800e+02 0
-8.447100e-01 8.748200e-01 -1.881300e-01 3.204100e-02 37 66 1.124100e+01 2.080000e+00 -8.500600e+01 7.437200e+02 0
-8.681700e-01 8.570900e-01 -1.873500e-01 3.204100e-02 38 66 1.087700e+01 2.080000e+00 -1.196100e+02 7.510900e+02 0
0 0 -1.500000e-01 6.408200e-02 1 67 1.104100e+01 2.080000e+00 2167 -3.612800e+03 0
6.646300e-01 7.514700e-01 -1.827500e-01 6.408200e-02 30 67 1.045300e+01 2.080000e+00 1.172100e+03 8.411900e+02 0
6.630000e-01 8.107100e-01 -1.853300e-01 6.408200e-02 31 67 1.087100e+01 2.080000e+00 1131 8.036100e+02 0
6.766400e-01 8.260800e-01 -1.860000e-01 6.408200e-02 32 67 1.087600e+01 2.080000e+00 1.133900e+03 7.951500e+02 0
7.072000e-01 8.368200e-01 -1.864700e-01 6.408200e-02 33 67 1.044300e+01 2.080000e+00 1.154400e+03 7.898600e+02 0
0 0 -1.500000e-01 9.612300e-02 1 68 9.934400e+00 2.080000e+00 2167 -3.612800e+03 0
6.725500e-01 7.147500e-01 -1.811500e-01 9.612300e-02 30 68 1.001200e+01 2.080000e+00 1.208900e+03 8.682900e+02 0
6.957400e-01 7.695300e-01 -1.835400e-01 9.612300e-02 31 68 9.889400e+00 2.080000e+00 1.189400e+03 8.297900e+02 0
-1.191800e+00 9.451900e+00 -5.619400e-01 -8.971500e-01 274 37 1.172000e+01 2.080000e+00 6.017800e+02 4.196100e+02 1
-1.270900e+00 9.476500e+00 -5.630100e-01 -8.971500e-01 275 37 1.277600e+01 2.080000e+00 5.967200e+02 4.195100e+02 1
-1.350500e+00 9.505600e+00 -5.642800e-01 -8.971500e-01 276 37 1.296300e+01 2.080000e+00 5.917100e+02 4.194000e+02 1
-1.430800e+00 9.532000e+00 -5.654300e-01 -8.971500e-01 277 37 1.226200e+01 2.080000e+00 5.866600e+02 4.192900e+02 1
-1.738300e+00 9.506500e+00 -5.643200e-01 -8.971500e-01 278 37 1.045500e+01 2.080000e+00 5.659000e+02 4.192900e+02 1
-9.647600e-01 9.445600e+00 -5.616600e-01 -8.651100e-01 273 38 1.024900e+01 2.080000e+00 6.169900e+02 4.196900e+02 1
-1.266200e+00 9.437400e+00 -5.613100e-01 -8.651100e-01 274 38 1.209000e+01 2.080000e+00 5.966300e+02 4.196400e+02 1
-1.345600e+00 9.461200e+00 -5.623500e-01 -8.651100e-01 275 38 1.312200e+01 2.080000e+00 5.915600e+02 4.195400e+02 1
-1.425600e+00 9.489700e+00 -5.635800e-01 -8.651100e-01 276 38 1.332000e+01 2.080000e+00 5.865200e+02 4.194300e+02 1
-1.506100e+00 9.517500e+00 -5.648000e-01 -8.651100e-01 277 38 1.259900e+01 2.080000e+00 5.814800e+02 4.193200e+02 1
-1.738300e+00 9.515200e+00 -5.647000e-01 -8.651100e-01 278 38 1.028200e+01 2.080000e+00 5.660100e+02 4.192700e+02 1
-1.266200e+00 9.429400e+00 -5.609600e-01 -8.330700e-01 274 39 1.064700e+01 2.080000e+00 5.965500e+02 4.196700e+02 1
-1.345600e+00 9.441100e+00 -5.614700e-01 -8.330700e-01 275 39 1.147600e+01 2.080000e+00 5.913400e+02 4.196100e+02 1
-1.350500e+00 9.481700e+00 -5.632400e-01 -8.330700e-01 276 39 1.166300e+01 2.080000e+00 5.914500e+02 4.194700e+02 1
-1.355500e+00 9.531500e+00 -5.654100e-01 -8.330700e-01 277 39 1.103600e+01 2.080000e+00 5.916600e+02 4.193100e+02 1
0 0 -1.500000e-01 -9.612300e-02 1 62 9.858700e+00 2.080000e+00 2167 -3.612800e+03 0
6.567200e-01 7.475400e-01 -1.825800e-01 -9.612300e-02 30 62 9.878100e+00 2.080000e+00 1.167100e+03 8.437200e+02 0
6.548100e-01 8.177700e-01 -1.856400e-01 -9.612300e-02 31 62 1.002000e+01 2.080000e+00 1.119300e+03 7.993700e+02 0
0 0 -1.500000e-01 -6.408200e-02 1 63 1.046700e+01 2.080000e+00 2167 -3.612800e+03 0
6.804600e-01 7.340100e-01 -1.819900e-01 -6.408200e-02 30 63 1.014100e+01 2.080000e+00 1.201400e+03 8.540100e+02 0
6.630000e-01 8.098100e-01 -1.852900e-01 -6.408200e-02 31 63 1.029500e+01 2.080000e+00 1.131500e+03 8.041300e+02 0
6.428100e-01 8.487700e-01 -1.869900e-01 -6.408200e-02 32 63 9.795200e+00 2.080000e+00 1.091500e+03 7.822200e+02 0
0 0 -1.500000e-01 -3.204100e-02 1 64 1.555600e+01 2.080000e+00 2167 -3.612800e+03 0
-7.093800e-02 1.123200e-01 -1.549000e-01 -3.204100e-02 5 64 1.416300e+01 2.080000e+00 -3.083600e+03 7.641500e+03 0
-1.585200e-01 1.861000e-01 -1.581100e-01 -3.204100e-02 8 64 1.333200e+01 2.080000e+00 -1.090900e+03 2.904600e+03 0
-2.008100e-01 1.895800e-01 -1.582600e-01 -3.204100e-02 9 64 1.262000e+01 2.080000e+00 -1.239100e+03 2.803300e+03 0
-2.480100e-01 1.849700e-01 -1.580600e-01 -3.204100e-02 10 64 1.263000e+01 2.080000e+00 -1.539600e+03 2.864200e+03 0
-2.619200e-01 2.205200e-01 -1.596100e-01 -3.204100e-02 11 64 1.212300e+01 2.080000e+00 -1.078700e+03 2.290100e+03 0
-2.851200e-01 2.345800e-01 -1.602200e-01 -3.204100e-02 12 64 1.170900e+01 2.080000e+00 -1.010800e+03 2.124100e+03 0
-3.012100e-01 2.854000e-01 -1.624400e-01 -3.204100e-02 13 64 1.097700e+01 2.080000e+00 -6.618300e+02 1.721600e+03 0
-1.298700e-01 3.884100e-01 -1.669300e-01 -3.204100e-02 15 64 1.033200e+01 2.080000e+00 9.328300e+01 1.315600e+03 0
3.609700e-01 2.818500e-01 -1.622800e-01 -3.204100e-02 28 64 1.209200e+01 2.080000e+00 1309 1.901400e+03 0
6.799100e-01 6.417900e-01 -1.779700e-01 -3.204100e-02 29 64 1.363600e+01 2.080000e+00 1.286600e+03 9.327600e+02 0
6.725500e-01 7.382600e-01 -1.821800e-01 -3.204100e-02 30 64 1.455300e+01 2.080000e+00 1190 8.507100e+02 0
6.793700e-01 7.973600e-01 -1.847500e-01 -3.204100e-02 31 64 1.472200e+01 2.080000e+00 1.154500e+03 8.118800e+02 0
6.766400e-01 8.279100e-01 -1.860800e-01 -3.204100e-02 32 64 1.421400e+01 2.080000e+00 1.132800e+03 7.941300e+02 0
6.810000e-01 8.610400e-01 -1.875300e-01 -3.204100e-02 33 64 1.276500e+01 2.080000e+00 1.117500e+03 7.766300e+02 0
-8.498900e-01 8.292300e-01 -1.861400e-01 -3.204100e-02 36 64 1.045800e+01 2.080000e+00 -1.343400e+02 7.643000e+02 0
-8.447100e-01 8.771600e-01 -1.882300e-01 -3.204100e-02 37 64 1.110200e+01 2.080000e+00 -8.281600e+01 7.427200e+02 0
-8.782700e-01 8.544500e-01 -1.872400e-01 -3.204100e-02 38 64 1.087700e+01 2.080000e+00 -1.298500e+02 7.521100e+02 0
