0 0 -1.500000e-01 0 1 65 1.662700e+01 3.170000e+00 2167 -3.612800e+03 0
-7.093800e-02 1.127300e-01 -1.574900e-01 0 5 65 1.521200e+01 3.170000e+00 -3.055300e+03 7.626700e+03 0
-1.585200e-01 1.860300e-01 -1.623600e-01 0 8 65 1.435500e+01 3.170000e+00 -1.094400e+03 2.932100e+03 0
-2.008100e-01 1.915500e-01 -1.627300e-01 0 9 65 1.366800e+01 3.170000e+00 -1.211100e+03 2.790300e+03 0
-2.480100e-01 1.864600e-01 -1.623900e-01 0 10 65 1.363500e+01 3.170000e+00 -1515 2.858800e+03 0
-2.619200e-01 2.224100e-01 -1.647800e-01 0 11 65 1.312600e+01 3.170000e+00 -1.059600e+03 2.289600e+03 0
-2.851200e-01 2.378000e-01 -1.658000e-01 0 12 65 1.273300e+01 3.170000e+00 -9.810500e+02 2.113300e+03 0
-3.044900e-01 2.826000e-01 -1.687800e-01 0 13 65 1.197300e+01 3.170000e+00 -6.894600e+02 1.757800e+03 0
-4.327200e-01 8.664300e-02 -1.557600e-01 0 14 65 1.141800e+01 3.170000e+00 -13464 11320 0
-1.145900e-01 3.835800e-01 -1.754900e-01 0 15 65 1.128100e+01 3.170000e+00 1.135900e+02 1.349700e+03 0
3.536000e-01 3.426300e-01 -1.727700e-01 0 28 65 1.314500e+01 3.170000e+00 1.145500e+03 1.562100e+03 0
6.799100e-01 6.405300e-01 -1.925700e-01 0 29 65 1.468900e+01 3.170000e+00 1.288900e+03 9.511400e+02 0
6.725500e-01 7.377600e-01 -1.990300e-01 0 30 65 1.561600e+01 3.170000e+00 1.191200e+03 8.677000e+02 0
6.711800e-01 8.044200e-01 -2.034600e-01 0 31 65 1.577700e+01 3.170000e+00 1.143100e+03 8.238500e+02 0
6.766400e-01 8.317100e-01 -2.052800e-01 0 32 65 1.525300e+01 3.170000e+00 1.131300e+03 8.083200e+02 0
6.810000e-01 8.690000e-01 -2.077500e-01 0 33 65 1.380000e+01 3.170000e+00 1.113800e+03 7.888000e+02 0
7.421200e-01 9.115900e-01 -2.105800e-01 0 35 65 1.069700e+01 3.170000e+00 1.140700e+03 7.696700e+02 0
-8.403400e-01 8.620300e-01 -2.072900e-01 0 36 65 1.173100e+01 3.170000e+00 -9.454400e+01 7.645200e+02 0
-8.545300e-01 8.708800e-01 -2.078800e-01 0 37 65 1.225500e+01 3.170000e+00 -9.656400e+01 7.603900e+02 0
-8.883600e-01 8.405400e-01 -2.058600e-01 0 38 65 1.186800e+01 3.170000e+00 -1.525800e+02 7.734400e+02 0
-9.227400e-01 7.922400e-01 -2.026500e-01 0 39 65 1.056700e+01 3.170000e+00 -2.350600e+02 7.967100e+02 0
0 0 -1.500000e-01 3.204100e-02 1 66 1.561100e+01 3.170000e+00 2167 -3.612800e+03 0
-7.093800e-02 1.133000e-01 -1.575300e-01 3.204100e-02 5 66 1.420200e+01 3.170000e+00 -3.004200e+03 7.528300e+03 0
-1.585200e-01 1.859100e-01 -1.623600e-01 3.204100e-02 8 66 1.334800e+01 3.170000e+00 -1.096100e+03 2.934500e+03 0
-2.008100e-01 1.920100e-01 -1.627600e-01 3.204100e-02 9 66 1.265600e+01 3.170000e+00 -1204 2.781500e+03 0
-2.480100e-01 1.868200e-01 -1.624200e-01 3.204100e-02 10 66 1.262000e+01 3.170000e+00 -1.508500e+03 2.851600e+03 0
-2.619200e-01 2.224100e-01 -1.647800e-01 3.204100e-02 11 66 1.205500e+01 3.170000e+00 -1.059500e+03 2.289600e+03 0
-2.851200e-01 2.382000e-01 -1.658300e-01 3.204100e-02 12 66 1.173600e+01 3.170000e+00 -9.772700e+02 2.109400e+03 0
-3.044900e-01 2.833400e-01 -1.688300e-01 3.204100e-02 13 66 1.099700e+01 3.170000e+00 -6.847900e+02 1.753200e+03 0
-3.050300e-01 2.789500e-01 -1.685400e-01 3.204100e-02 14 66 1.051400e+01 3.170000e+00 -7.144300e+02 1.780600e+03 0
-1.107700e-01 3.924100e-01 -1.760800e-01 3.204100e-02 15 66 1.044600e+01 3.170000e+00 1.368100e+02 1.324100e+03 0
3.536000e-01 3.765900e-01 -1.750300e-01 3.204100e-02 28 66 1.213200e+01 3.170000e+00 1.092700e+03 1.426600e+03 0
6.799100e-01 6.381900e-01 -1.924100e-01 3.204100e-02 29 66 1.366800e+01 3.170000e+00 1.291500e+03 9.535100e+02 0
6.725500e-01 7.361800e-01 -1.989300e-01 3.204100e-02 30 66 1.461600e+01 3.170000e+00 1.192400e+03 8.688400e+02 0
6.711800e-01 8.044800e-01 -2.034700e-01 3.204100e-02 31 66 1.478200e+01 3.170000e+00 1.143100e+03 8.238100e+02 0
6.766400e-01 8.331800e-01 -2.053700e-01 3.204100e-02 32 66 1.426900e+01 3.170000e+00 1.130400e+03 8.075100e+02 0
6.810000e-01 8.690200e-01 -2.077600e-01 3.204100e-02 33 66 1.284400e+01 3.170000e+00 1.113800e+03 7.887900e+02 0
-8.403400e-01 8.594500e-01 -2.071200e-01 3.204100e-02 36 66 1.087700e+01 3.170000e+00 -9.704400e+01 7.656600e+02 0
-8.545300e-01 8.493600e-01 -2.064500e-01 3.204100e-02 37 66 1.132900e+01 3.170000e+00 -1.177200e+02 7.699700e+02 0
-8.883600e-01 8.077700e-01 -2.036800e-01 3.204100e-02 38 66 1.100400e+01 3.170000e+00 -1.889200e+02 7.893700e+02 0
-9.434700e-01 7.179700e-01 -1.977200e-01 3.204100e-02 39 66 9.924000e+00 3.170000e+00 -3.557600e+02 8.396000e+02 0
0 0 -1.500000e-01 6.408200e-02 1 67 1.059500e+01 3.170000e+00 2167 -3.612800e+03 0
2.728400e-04 3.489100e-02 -1.523200e-01 6.408200e-02 2 67 1.021400e+01 3.170000e+00 3.476100e+03 -7.193100e+03 0
6.488100e-01 7.100000e-01 -1.971900e-01 6.408200e-02 30 67 9.302500e+00 3.170000e+00 1.188400e+03 8.880500e+02 0
6.548100e-01 8.069000e-01 -2.036300e-01 6.408200e-02 31 67 9.407100e+00 3.170000e+00 1.126500e+03 8.220100e+02 0
0 0 -1.500000e-01 9.612300e-02 1 68 1.048200e+01 3.170000e+00 2167 -3.612800e+03 0
0 3.467600e-02 -1.523000e-01 9.612300e-02 2 68 1.005300e+01 3.170000e+00 3466 -7.153300e+03 0
6.488100e-01 7.482900e-01 -1.997300e-01 9.612300e-02 30 68 1.003800e+01 3.170000e+00 1.159400e+03 8.595500e+02 0
6.548100e-01 8.155600e-01 -2.042000e-01 9.612300e-02 31 68 1.003900e+01 3.170000e+00 1.121300e+03 8.169600e+02 0
-5.093600e+00 1.228000e+01 -9.661500e-01 -8.330700e-01 382 39 1.041300e+01 3.170000e+00 4.233700e+02 4.256200e+02 1
-5.107000e+00 1.231800e+01 -9.686800e-01 -8.330700e-01 383 39 1.035900e+01 3.170000e+00 4.235300e+02 4.255500e+02 1
-5.702300e+00 1.196000e+01 -9.448400e-01 -8.010300e-01 381 40 1.030100e+01 3.170000e+00 3.845800e+02 4.261100e+02 1
-5.509400e+00 1.210100e+01 -9.542000e-01 -8.010300e-01 382 40 1.090900e+01 3.170000e+00 3.980400e+02 4.258800e+02 1
-5.419700e+00 1.219000e+01 -9.601400e-01 -8.010300e-01 383 40 1.075000e+01 3.170000e+00 4.047600e+02 4.257200e+02 1
-1.471700e+00 2.654500e+00 -3.264200e-01 -7.689800e-01 88 41 1.062100e+01 3.170000e+00 2.965400e+02 5.143200e+02 1
-1.584600e+00 2.633200e+00 -3.250000e-01 -7.689800e-01 89 41 1.196200e+01 3.170000e+00 2.663600e+02 515 1
-1.651200e+00 2.633000e+00 -3.249900e-01 -7.689800e-01 90 41 1.225200e+01 3.170000e+00 2.505000e+02 5.148600e+02 1
-1.694300e+00 2.646100e+00 -3.258600e-01 -7.689800e-01 91 41 1.155300e+01 3.170000e+00 2.425300e+02 5.142100e+02 1
-1.681800e+00 2.729500e+00 -3.314000e-01 -7.689800e-01 93 41 1.104600e+01 3.170000e+00 2.592800e+02 5.108000e+02 1
-1.700100e+00 2.752300e+00 -3.329200e-01 -7.689800e-01 94 41 1.163200e+01 3.170000e+00 2.587500e+02 5.098500e+02 1
-1.718300e+00 2.769700e+00 -3.340700e-01 -7.689800e-01 95 41 1.115200e+01 3.170000e+00 2.573600e+02 5.091400e+02 1
-1.495400e+00 2.644200e+00 -3.257300e-01 -7.369400e-01 88 42 1.222600e+01 3.170000e+00 2.893200e+02 5.147200e+02 1
-1.608700e+00 2.618600e+00 -3.240300e-01 -7.369400e-01 89 42 1.348100e+01 3.170000e+00 2.582100e+02 5.155800e+02 1
-1.675500e+00 2.617000e+00 -3.239300e-01 -7.369400e-01 90 42 1.363100e+01 3.170000e+00 2.419700e+02 5.155000e+02 1
-1.768000e+00 2.597900e+00 -3.226600e-01 -7.369400e-01 91 42 1.254400e+01 3.170000e+00 2.163800e+02 5.161400e+02 1
-1.631600e+00 2.766800e+00 -3.338800e-01 -7.369400e-01 93 42 1.139900e+01 3.170000e+00 2.765300e+02 5.094300e+02 1
-1.700100e+00 2.757900e+00 -3.332900e-01 -7.369400e-01 94 42 1.224000e+01 3.170000e+00 2.596400e+02 5.096400e+02 1
-1.744000e+00 2.765600e+00 -3.338000e-01 -7.369400e-01 95 42 1.170600e+01 3.170000e+00 2.509200e+02 5.092500e+02 1
-1.866200e+00 2.726100e+00 -3.311800e-01 -7.369400e-01 96 42 1.020300e+01 3.170000e+00 2.165000e+02 5.105600e+02 1
-1.495400e+00 2.644800e+00 -3.257800e-01 -7.049000e-01 88 43 1.191200e+01 3.170000e+00 2.894300e+02 5.146900e+02 1
-1.608700e+00 2.618000e+00 -3.239900e-01 -7.049000e-01 89 43 1.304600e+01 3.170000e+00 2.581100e+02 5.156100e+02 1
-1.675500e+00 2.615400e+00 -3.238200e-01 -7.049000e-01 90 43 1.312600e+01 3.170000e+00 2.416900e+02 5.155700e+02 1
-1.792500e+00 2.576600e+00 -3.212400e-01 -7.049000e-01 91 43 1.196200e+01 3.170000e+00 2.064700e+02 5.170300e+02 1
-1.581400e+00 2.785400e+00 -3.351200e-01 -7.049000e-01 93 43 1.003300e+01 3.170000e+00 2.906400e+02 5.088000e+02 1
-1.700100e+00 2.752900e+00 -3.329600e-01 -7.049000e-01 94 43 1.099700e+01 3.170000e+00 2.588400e+02 5.098300e+02 1
-1.820900e+00 2.724200e+00 -3.310500e-01 -7.049000e-01 95 43 1.056700e+01 3.170000e+00 2.265200e+02 5.107300e+02 1
-1.608700e+00 2.615300e+00 -3.238100e-01 -6.728600e-01 89 44 1.028400e+01 3.170000e+00 2.576600e+02 5.157200e+02 1
-5.455400e+00 5.144800e+00 -4.919200e-01 -6.087800e-01 216 46 1.041100e+01 3.170000e+00 1.265700e+01 4.570100e+02 1
-5.539700e+00 5.116000e+00 -4.900100e-01 -6.087800e-01 217 46 1.118000e+01 3.170000e+00 -9.904200e-01 4.572500e+02 0
-5.565400e+00 5.142800e+00 -4.917900e-01 -6.087800e-01 218 46 1.088400e+01 3.170000e+00 -4.368100e-01 4.569600e+02 0
0 0 -1.500000e-01 -5.767400e-01 1 47 9.313700e+00 3.170000e+00 2167 -3.612800e+03 0
-5.396700e+00 5.168600e+00 -4.935100e-01 -5.767400e-01 216 47 1.084700e+01 3.170000e+00 2.255700e+01 4.568100e+02 1
-5.480800e+00 5.165400e+00 -4.932900e-01 -5.767400e-01 217 47 1.156100e+01 3.170000e+00 1.236500e+01 4.567800e+02 1
-5.506100e+00 5.199200e+00 -4.955400e-01 -5.767400e-01 218 47 1.124100e+01 3.170000e+00 1.378300e+01 4.564200e+02 1
-5.245000e+00 5.400400e+00 -5.089100e-01 -5.447000e-01 217 48 1.013000e+01 3.170000e+00 6.775300e+01 4.546200e+02 1
6.488100e-01 7.432100e-01 -1.993900e-01 -9.612300e-02 30 62 9.684500e+00 3.170000e+00 1.163100e+03 8.631400e+02 0
6.711800e-01 7.993400e-01 -2.031200e-01 -9.612300e-02 31 62 1.003000e+01 3.170000e+00 1.146400e+03 8.268900e+02 0
7.104700e-01 8.158400e-01 -2.042200e-01 -9.612300e-02 32 62 9.540700e+00 3.170000e+00 1.171600e+03 8.180200e+02 0
6.373500e-01 8.793800e-01 -2.084400e-01 -6.408200e-02 33 63 1.001800e+01 3.170000e+00 1.072100e+03 7.828600e+02 0
0 0 -1.500000e-01 -3.204100e-02 1 64 1.561700e+01 3.170000e+00 2167 -3.612800e+03 0
-7.093800e-02 1.120200e-01 -1.574400e-01 -3.204100e-02 5 64 1.418600e+01 3.170000e+00 -3122 7.755200e+03 0
-1.585200e-01 1.860900e-01 -1.623700e-01 -3.204100e-02 8 64 1.330900e+01 3.170000e+00 -1.093500e+03 2.930800e+03 0
-1.986300e-01 1.932500e-01 -1.628400e-01 -3.204100e-02 9 64 1.262200e+01 3.170000e+00 -1.175400e+03 2.759400e+03 0
-2.480100e-01 1.853300e-01 -1.623200e-01 -3.204100e-02 10 64 1.260300e+01 3.170000e+00 -1.535900e+03 2.882100e+03 0
-2.592000e-01 2.258800e-01 -1.650100e-01 -3.204100e-02 11 64 1.218300e+01 3.170000e+00 -1.011800e+03 2.249800e+03 0
-2.851200e-01 2.370200e-01 -1.657500e-01 -3.204100e-02 12 64 1.177200e+01 3.170000e+00 -9.886800e+02 2.121100e+03 0
-3.012100e-01 2.830700e-01 -1.688100e-01 -3.204100e-02 13 64 1.101500e+01 3.170000e+00 -6.776900e+02 1.755600e+03 0
-1.145900e-01 3.876700e-01 -1.757600e-01 -3.204100e-02 15 64 1.046800e+01 3.170000e+00 1.210700e+02 1.337500e+03 0
3.609700e-01 3.010200e-01 -1.700100e-01 -3.204100e-02 28 64 1.210400e+01 3.170000e+00 1.255200e+03 1788 0
6.799100e-01 6.442100e-01 -1.928100e-01 -3.204100e-02 29 64 1.367100e+01 3.170000e+00 1.284900e+03 9.474500e+02 0
6.725500e-01 7.406600e-01 -1.992200e-01 -3.204100e-02 30 64 1.460000e+01 3.170000e+00 1.188900e+03 8.656000e+02 0
6.793700e-01 7.972800e-01 -2.029900e-01 -3.204100e-02 31 64 1.475700e+01 3.170000e+00 1.155300e+03 8.283300e+02 0
6.851000e-01 8.234100e-01 -2.047200e-01 -3.204100e-02 32 64 1.418400e+01 3.170000e+00 1.143800e+03 8.131400e+02 0
6.810000e-01 8.686200e-01 -2.077300e-01 -3.204100e-02 33 64 1.257200e+01 3.170000e+00 1114 7.889900e+02 0
7.514000e-01 9.188000e-01 -2.110600e-01 -3.204100e-02 35 64 1.006400e+01 3.170000e+00 1.144200e+03 7.666000e+02 0
-8.212400e-01 8.976800e-01 -2.096600e-01 -3.204100e-02 36 64 1.076700e+01 3.170000e+00 -4.783700e+01 7.496600e+02 0
-8.643500e-01 8.949100e-01 -2.094800e-01 -3.204100e-02 37 64 1.128400e+01 3.170000e+00 -8.126200e+01 7.501100e+02 0
-8.984600e-01 8.994200e-01 -2.097800e-01 -3.204100e-02 38 64 1.088600e+01 3.170000e+00 -1.014900e+02 7.477400e+02 0
