0 0 -1.500000e-01 0 1 65 1.657700e+01 2.100000e+00 2167 -3.612800e+03 0
-7.093800e-02 1.128900e-01 -1.549700e-01 0 5 65 1.517700e+01 2.100000e+00 -3.031600e+03 7.542400e+03 0
-1.585200e-01 1.860500e-01 -1.581900e-01 0 8 65 1.431800e+01 2.100000e+00 -1.091700e+03 2906 0
-2.008100e-01 1.916000e-01 -1.584300e-01 0 9 65 1.367000e+01 2.100000e+00 -1.207700e+03 2.764500e+03 0
-2.480100e-01 1.864900e-01 -1.582100e-01 0 10 65 1.363600e+01 2.100000e+00 -1.511400e+03 2.833400e+03 0
-2.619200e-01 2.223000e-01 -1.597800e-01 0 11 65 1.309700e+01 2.100000e+00 -1.058700e+03 2.268900e+03 0
-2.851200e-01 2.372500e-01 -1.604400e-01 0 12 65 1.270700e+01 2.100000e+00 -9.844900e+02 2.097600e+03 0
-3.044900e-01 2.826100e-01 -1.624400e-01 0 13 65 1.194500e+01 2.100000e+00 -6.879700e+02 1.738300e+03 0
-3.050300e-01 2.986500e-01 -1.631400e-01 0 14 65 1.142000e+01 2.100000e+00 -5.950200e+02 1.646100e+03 0
-1.184100e-01 4.168300e-01 -1.683400e-01 0 15 65 1.140300e+01 2.100000e+00 1.628100e+02 1241 0
-3.683300e-01 3.626700e-01 -1.659600e-01 0 16 65 1.110300e+01 2.100000e+00 -4.454800e+02 1.369500e+03 0
3.536000e-01 3.649400e-01 -1.660600e-01 0 28 65 1.309100e+01 2.100000e+00 1.108600e+03 1450 0
6.722700e-01 6.466700e-01 -1.784500e-01 0 29 65 1.466900e+01 2.100000e+00 1.272300e+03 9.279700e+02 0
6.725500e-01 7.386900e-01 -1.825000e-01 0 30 65 1.562500e+01 2.100000e+00 1.189700e+03 8.507100e+02 0
6.711800e-01 8.044200e-01 -1.854000e-01 0 31 65 1.580800e+01 2.100000e+00 1.142400e+03 8.077800e+02 0
6.766400e-01 8.321000e-01 -1.866100e-01 0 32 65 1.530500e+01 2.100000e+00 1.130300e+03 7.921200e+02 0
6.810000e-01 8.655600e-01 -1.880900e-01 0 33 65 1.389500e+01 2.100000e+00 1115 7.746400e+02 0
6.572700e-01 9.464600e-01 -1.916500e-01 0 34 65 1.120100e+01 2.100000e+00 1.056800e+03 7.375300e+02 0
-8.905400e-01 7.844600e-01 -1.845200e-01 0 35 65 1.059000e+01 2.100000e+00 -2.178000e+02 7.865400e+02 0
-8.403400e-01 8.809500e-01 -1.887600e-01 0 36 65 1.175400e+01 2.100000e+00 -7.611300e+01 7.414600e+02 0
-8.545300e-01 8.869100e-01 -1.890300e-01 0 37 65 1.227300e+01 2.100000e+00 -8.094400e+01 7.387400e+02 0
-8.782700e-01 8.769700e-01 -1.885900e-01 0 38 65 1.183200e+01 2.100000e+00 -1.075800e+02 7.425400e+02 0
-9.123700e-01 8.553600e-01 -1.876400e-01 0 39 65 1.026500e+01 2.100000e+00 -1.544700e+02 7.514100e+02 0
0 0 -1.500000e-01 3.204100e-02 1 66 1.558200e+01 2.100000e+00 2167 -3.612800e+03 0
-7.093800e-02 1.130800e-01 -1.549800e-01 3.204100e-02 5 66 1.416000e+01 2.100000e+00 -3.015100e+03 7.510900e+03 0
-1.585200e-01 1.860700e-01 -1.581900e-01 3.204100e-02 8 66 1.330900e+01 2.100000e+00 -1.091400e+03 2.905600e+03 0
-2.008100e-01 1.911900e-01 -1.584100e-01 3.204100e-02 9 66 1.267600e+01 2.100000e+00 -1214 2.772300e+03 0
-2.480100e-01 1.864900e-01 -1.582100e-01 3.204100e-02 10 66 1.260600e+01 2.100000e+00 -1.511500e+03 2.833400e+03 0
-2.619200e-01 2.224400e-01 -1.597900e-01 3.204100e-02 11 66 1.215600e+01 2.100000e+00 -1.057100e+03 2.267200e+03 0
-2.881200e-01 2.323000e-01 -1.602200e-01 3.204100e-02 12 66 1.172200e+01 2.100000e+00 -1.044300e+03 2147 0
-3.044900e-01 2.814400e-01 -1.623800e-01 3.204100e-02 13 66 1.097100e+01 2.100000e+00 -6.954200e+02 1.745600e+03 0
-3.085800e-01 2.925400e-01 -1.628700e-01 3.204100e-02 14 66 1.052400e+01 2.100000e+00 -6.385600e+02 1.678900e+03 0
-1.184100e-01 4.497600e-01 -1.697900e-01 3.204100e-02 15 66 1.042200e+01 2.100000e+00 2.088500e+02 1.167100e+03 0
3.462300e-01 4.264800e-01 -1.687700e-01 3.204100e-02 28 66 1.199900e+01 2.100000e+00 1.019700e+03 1.257700e+03 0
6.722700e-01 6.425500e-01 -1.782700e-01 3.204100e-02 29 66 1.359600e+01 2.100000e+00 1.276700e+03 9.320400e+02 0
6.725500e-01 7.360200e-01 -1.823900e-01 3.204100e-02 30 66 1.454200e+01 2.100000e+00 1.191800e+03 8.526400e+02 0
6.711800e-01 8.044700e-01 -1.854000e-01 3.204100e-02 31 66 1.472500e+01 2.100000e+00 1.142400e+03 8.077500e+02 0
6.766400e-01 8.339500e-01 -1.867000e-01 3.204100e-02 32 66 1.423300e+01 2.100000e+00 1.129200e+03 7.911000e+02 0
6.810000e-01 8.672000e-01 -1.881600e-01 3.204100e-02 33 66 1.285400e+01 2.100000e+00 1.114100e+03 7.738200e+02 0
6.842800e-01 9.230100e-01 -1.906100e-01 3.204100e-02 34 66 1.028400e+01 2.100000e+00 1.088300e+03 7.478600e+02 0
-8.403400e-01 8.846600e-01 -1.889300e-01 3.204100e-02 36 66 1.075300e+01 2.100000e+00 -7.271300e+01 7.399000e+02 0
-8.643500e-01 8.742200e-01 -1.884700e-01 3.204100e-02 37 66 1.119800e+01 2.100000e+00 -1.000200e+02 7.439400e+02 0
-8.883600e-01 8.491300e-01 -1.873600e-01 3.204100e-02 38 66 1.060000e+01 2.100000e+00 -1.429200e+02 7.546200e+02 0
0 0 -1.500000e-01 6.408200e-02 1 67 1.041900e+01 2.100000e+00 2167 -3.612800e+03 0
6.569900e-01 6.234300e-01 -1.774300e-01 6.408200e-02 29 67 1.088600e+01 2.100000e+00 1.278800e+03 9.511700e+02 0
6.725500e-01 7.327800e-01 -1.822400e-01 6.408200e-02 30 67 1.189400e+01 2.100000e+00 1.194300e+03 8.549900e+02 0
6.711800e-01 8.044300e-01 -1.854000e-01 6.408200e-02 31 67 1.214700e+01 2.100000e+00 1.142400e+03 8.077700e+02 0
6.851000e-01 8.302500e-01 -1.865300e-01 6.408200e-02 32 67 1.167200e+01 2.100000e+00 1.138900e+03 7.933100e+02 0
6.897400e-01 8.592800e-01 -1.878100e-01 6.408200e-02 33 67 1.031900e+01 2.100000e+00 1.125900e+03 7.779800e+02 0
0 0 -1.500000e-01 9.612300e-02 1 68 1.015700e+01 2.100000e+00 2167 -3.612800e+03 0
-3.110400e-02 1.506900e-02 -1.506600e-01 9.612300e-02 2 68 9.759300e+00 2.100000e+00 2.919400e+03 -4727 0
6.340800e-01 6.333400e-01 -1.778700e-01 9.612300e-02 29 68 9.615800e+00 2.100000e+00 1.240100e+03 9.399500e+02 0
6.488100e-01 7.536500e-01 -1.831600e-01 9.612300e-02 30 68 1.009100e+01 2.100000e+00 1.154900e+03 8.395900e+02 0
6.630000e-01 8.103100e-01 -1.856600e-01 9.612300e-02 31 68 1.045600e+01 2.100000e+00 1.131200e+03 8.041400e+02 0
6.681800e-01 8.132100e-01 -1.857800e-01 9.612300e-02 32 68 9.968500e+00 2.100000e+00 1.134200e+03 8.025700e+02 0
1.223700e+00 1.907100e+00 -2.339200e-01 -5.767400e-01 66 47 1.017000e+01 2.100000e+00 1.066900e+03 5.546500e+02 0
1.260500e+00 1.924400e+00 -2.346800e-01 -5.767400e-01 67 47 9.981000e+00 2.100000e+00 1.076600e+03 5.532100e+02 0
-3.069400e+00 4.108200e+00 -3.307700e-01 -5.126600e-01 151 49 1.095200e+01 2.100000e+00 1.959200e+02 4.591100e+02 1
-3.089900e+00 4.224400e+00 -3.358800e-01 -5.126600e-01 152 49 1.164600e+01 2.100000e+00 2.065500e+02 4.571700e+02 1
-3.110400e+00 4.257600e+00 -3.373400e-01 -5.126600e-01 153 49 1.139200e+01 2.100000e+00 2.073600e+02 4.566200e+02 1
-3.005600e+00 4.361000e+00 -3.418900e-01 -5.126600e-01 154 49 1.041200e+01 2.100000e+00 2.336100e+02 4.551100e+02 1
0 0 -1.500000e-01 -4.806200e-01 1 50 9.157100e+00 2.100000e+00 2167 -3.612800e+03 0
-3.110400e+00 4.149400e+00 -3.325800e-01 -4.806200e-01 151 50 1.098200e+01 2.100000e+00 1.947800e+02 4.583800e+02 1
-3.089900e+00 4.251700e+00 -3.370800e-01 -4.806200e-01 152 50 1.166200e+01 2.100000e+00 2.096600e+02 4.567300e+02 1
-3.110400e+00 4.290700e+00 -3.388000e-01 -4.806200e-01 153 50 1.145000e+01 2.100000e+00 2.110900e+02 4.561000e+02 1
-3.089100e+00 4.347200e+00 -3.412900e-01 -4.806200e-01 154 50 1.042200e+01 2.100000e+00 2.203400e+02 4.552500e+02 1
0 0 -1.500000e-01 -9.612300e-02 1 62 9.862700e+00 2.100000e+00 2167 -3.612800e+03 0
7.563100e-01 5.534300e-01 -1.743500e-01 -9.612300e-02 29 62 9.417600e+00 2.100000e+00 1.512200e+03 1.042300e+03 0
6.962800e-01 7.290900e-01 -1.820800e-01 -9.612300e-02 30 62 1.020500e+01 2.100000e+00 1.221700e+03 8.583600e+02 0
6.711800e-01 8.029200e-01 -1.853300e-01 -9.612300e-02 31 62 1.053800e+01 2.100000e+00 1.143300e+03 8.086700e+02 0
6.512600e-01 8.583900e-01 -1.877700e-01 -9.612300e-02 32 62 1.009700e+01 2.100000e+00 1.093600e+03 7.777100e+02 0
0 0 -1.500000e-01 -6.408200e-02 1 63 1.007200e+01 2.100000e+00 2167 -3.612800e+03 0
-1.849800e-01 3.714500e-02 -1.516300e-01 -6.408200e-02 7 63 9.355300e+00 2.100000e+00 8.096900e+03 -9.272900e+03 0
6.951900e-01 6.308600e-01 -1.777600e-01 -6.408200e-02 29 63 1.068000e+01 2.100000e+00 1.317600e+03 9.447900e+02 0
6.804600e-01 7.406700e-01 -1.825900e-01 -6.408200e-02 30 63 1.165500e+01 2.100000e+00 1.196200e+03 8.494900e+02 0
6.711800e-01 8.036600e-01 -1.853600e-01 -6.408200e-02 31 63 1.185500e+01 2.100000e+00 1.142900e+03 8.082300e+02 0
6.681800e-01 8.461800e-01 -1.872300e-01 -6.408200e-02 32 63 1.133100e+01 2.100000e+00 1.114800e+03 7.843800e+02 0
6.722700e-01 8.917600e-01 -1.892400e-01 -6.408200e-02 33 63 9.900200e+00 2.100000e+00 1094 7.617700e+02 0
0 0 -1.500000e-01 -3.204100e-02 1 64 1.554700e+01 2.100000e+00 2167 -3.612800e+03 0
-7.093800e-02 1.126700e-01 -1.549600e-01 -3.204100e-02 5 64 1.414000e+01 2.100000e+00 -3.051900e+03 7.581500e+03 0
-1.585200e-01 1.860900e-01 -1.581900e-01 -3.204100e-02 8 64 1.329400e+01 2.100000e+00 -1.091100e+03 2.905200e+03 0
-2.008100e-01 1.921700e-01 -1.584600e-01 -3.204100e-02 9 64 1.264400e+01 2.100000e+00 -1.199100e+03 2.753700e+03 0
-2.480100e-01 1.870900e-01 -1.582300e-01 -3.204100e-02 10 64 1.262200e+01 2.100000e+00 -1.500700e+03 2.821400e+03 0
-2.619200e-01 2.219400e-01 -1.597700e-01 -3.204100e-02 11 64 1.201700e+01 2.100000e+00 -1.062700e+03 2.273300e+03 0
-2.881200e-01 2.318300e-01 -1.602000e-01 -3.204100e-02 12 64 1.172200e+01 2.100000e+00 -1.049100e+03 2.151900e+03 0
-3.012100e-01 2.835500e-01 -1.624800e-01 -3.204100e-02 13 64 1.103300e+01 2.100000e+00 -6.732600e+02 1.733200e+03 0
-1.107700e-01 4.253100e-01 -1.687100e-01 -3.204100e-02 15 64 1.047000e+01 2.100000e+00 1.887800e+02 1.221300e+03 0
3.683300e-01 2.744400e-01 -1.620800e-01 -3.204100e-02 28 64 1.211400e+01 2.100000e+00 1.358900e+03 1.963400e+03 0
6.799100e-01 6.440600e-01 -1.783400e-01 -3.204100e-02 29 64 1.370500e+01 2.100000e+00 1.284200e+03 9.308100e+02 0
6.725500e-01 7.409700e-01 -1.826000e-01 -3.204100e-02 30 64 1.467400e+01 2.100000e+00 1.187900e+03 8.490700e+02 0
6.711800e-01 8.043100e-01 -1.853900e-01 -3.204100e-02 31 64 1.485100e+01 2.100000e+00 1.142500e+03 8.078400e+02 0
6.766400e-01 8.321300e-01 -1.866200e-01 -3.204100e-02 32 64 1.433900e+01 2.100000e+00 1.130300e+03 7.921000e+02 0
6.810000e-01 8.685200e-01 -1.882200e-01 -3.204100e-02 33 64 1.293000e+01 2.100000e+00 1.113400e+03 7.731600e+02 0
6.662700e-01 9.367700e-01 -1.912200e-01 -3.204100e-02 34 64 1.020100e+01 2.100000e+00 1.067900e+03 7.416900e+02 0
-8.307900e-01 8.927400e-01 -1.892800e-01 -3.204100e-02 36 64 1.070300e+01 2.100000e+00 -5.851900e+01 7.366900e+02 0
-8.545300e-01 8.879500e-01 -1.890700e-01 -3.204100e-02 37 64 1.122300e+01 2.100000e+00 -7.999000e+01 7.383100e+02 0
-8.782700e-01 8.784400e-01 -1.886500e-01 -3.204100e-02 38 64 1.078800e+01 2.100000e+00 -1.061700e+02 7.419200e+02 0
