0 0 -1.500000e-01 0 1 65 1.658900e+01 2.660000e+00 2167 -3.612800e+03 0
-7.093800e-02 1.129900e-01 -1.563000e-01 0 5 65 1.518000e+01 2.660000e+00 -3.027600e+03 7555 0
-1.585200e-01 1.860800e-01 -1.603700e-01 0 8 65 1.432700e+01 2.660000e+00 -1.092500e+03 2.918700e+03 0
-2.008100e-01 1.915000e-01 -1.606800e-01 0 9 65 1.367700e+01 2.660000e+00 -1.210600e+03 2.779300e+03 0
-2.480100e-01 1.871200e-01 -1.604300e-01 0 10 65 1.365600e+01 2.660000e+00 -1.501600e+03 2.833700e+03 0
-2.619200e-01 2.227700e-01 -1.624200e-01 0 11 65 1.315400e+01 2.660000e+00 -1.054500e+03 2.274800e+03 0
-2.881200e-01 2.328900e-01 -1.629800e-01 0 12 65 1.271300e+01 2.660000e+00 -1.039300e+03 2152 0
-3.077600e-01 2.791400e-01 -1.655600e-01 0 13 65 1.195200e+01 2.660000e+00 -7.199500e+02 1.769500e+03 0
-3.050300e-01 3.000700e-01 -1.667300e-01 0 14 65 1.142500e+01 2.660000e+00 -5.879200e+02 1.648400e+03 0
-1.184100e-01 3.709100e-01 -1.706800e-01 0 15 65 1.109300e+01 2.660000e+00 8.155000e+01 1.380500e+03 0
-3.601500e-01 3.708700e-01 -1.706800e-01 0 16 65 1.126300e+01 2.660000e+00 -3.999600e+02 1.353600e+03 0
3.609700e-01 3.138400e-01 -1.675000e-01 0 28 65 1.308400e+01 2.660000e+00 1.223100e+03 1.700100e+03 0
6.799100e-01 6.380600e-01 -1.855700e-01 0 29 65 1.464200e+01 2.660000e+00 1.291200e+03 9.456100e+02 0
6.725500e-01 7.362700e-01 -1.910500e-01 0 30 65 1.558900e+01 2.660000e+00 1192 8.609900e+02 0
6.793700e-01 7.975700e-01 -1.944700e-01 0 31 65 1.575000e+01 2.660000e+00 1.154800e+03 8.204700e+02 0
6.766400e-01 8.312500e-01 -1.963400e-01 0 32 65 1.522800e+01 2.660000e+00 1.131200e+03 8.009400e+02 0
6.810000e-01 8.669100e-01 -1.983300e-01 0 33 65 1.377600e+01 2.660000e+00 1.114600e+03 7.822700e+02 0
7.142900e-01 8.751800e-01 -1.987900e-01 0 35 65 1.087500e+01 2.660000e+00 1138 7.787800e+02 0
-8.116900e-01 8.996400e-01 -2.001600e-01 0 36 65 1.176200e+01 2.660000e+00 -3.903900e+01 7.419300e+02 0
-8.348900e-01 8.998000e-01 -2.001600e-01 0 37 65 1.223500e+01 2.660000e+00 -5.550600e+01 7.415100e+02 0
-8.681700e-01 8.864500e-01 -1.994200e-01 0 38 65 1.188700e+01 2.660000e+00 -9.154800e+01 7.464700e+02 0
-8.812700e-01 8.837300e-01 -1.992700e-01 0 39 65 1.052400e+01 2.660000e+00 -1.036100e+02 7.474000e+02 0
0 0 -1.500000e-01 3.204100e-02 1 66 1.558000e+01 2.660000e+00 2167 -3.612800e+03 0
-7.093800e-02 1.137900e-01 -1.563400e-01 3.204100e-02 5 66 1.417000e+01 2.660000e+00 -2.956800e+03 7.418700e+03 0
-1.585200e-01 1.860400e-01 -1.603700e-01 3.204100e-02 8 66 1.334200e+01 2.660000e+00 -1093 2.919500e+03 0
-1.986300e-01 1.945400e-01 -1.608500e-01 3.204100e-02 9 66 1.269600e+01 2.660000e+00 -1.155300e+03 2.723900e+03 0
-2.480100e-01 1.883600e-01 -1.605000e-01 3.204100e-02 10 66 1.265400e+01 2.660000e+00 -1.479300e+03 2809 0
-2.619200e-01 2.232400e-01 -1.624500e-01 3.204100e-02 11 66 1.218500e+01 2.660000e+00 -1.049300e+03 2.269200e+03 0
-2.881200e-01 2.310600e-01 -1.628800e-01 3.204100e-02 12 66 1.173500e+01 2.660000e+00 -1.058300e+03 2.171300e+03 0
-3.077600e-01 2.774600e-01 -1.654700e-01 3.204100e-02 13 66 1.098700e+01 2.660000e+00 -7.310300e+02 1.780300e+03 0
-1.184100e-01 3.978300e-01 -1.721800e-01 3.204100e-02 15 66 1.035500e+01 2.660000e+00 1.318300e+02 1.299700e+03 0
3.683300e-01 3.143800e-01 -1.675300e-01 3.204100e-02 28 66 1.198600e+01 2.660000e+00 1243 1.698500e+03 0
6.799100e-01 6.382200e-01 -1.855800e-01 3.204100e-02 29 66 1.356700e+01 2.660000e+00 1291 9.454500e+02 0
6.725500e-01 7.353600e-01 -1.910000e-01 3.204100e-02 30 66 1.451100e+01 2.660000e+00 1.192700e+03 8.616600e+02 0
6.711800e-01 8.044800e-01 -1.948500e-01 3.204100e-02 31 66 1.464300e+01 2.660000e+00 1.142700e+03 8.161400e+02 0
6.766400e-01 8.307100e-01 -1.963100e-01 3.204100e-02 32 66 1.406900e+01 2.660000e+00 1.131500e+03 8.012400e+02 0
6.722700e-01 8.702600e-01 -1.985200e-01 3.204100e-02 33 66 1.250700e+01 2.660000e+00 1.105500e+03 7.804300e+02 0
7.235700e-01 9.194400e-01 -2.012600e-01 3.204100e-02 35 66 1.007700e+01 2.660000e+00 1.121400e+03 7.583100e+02 0
-8.116900e-01 8.983100e-01 -2.000800e-01 3.204100e-02 36 66 1.083000e+01 2.660000e+00 -4.017700e+01 7.424700e+02 0
-8.348900e-01 9.018400e-01 -2.002800e-01 3.204100e-02 37 66 1.131600e+01 2.660000e+00 -5.371700e+01 7.406800e+02 0
-8.479800e-01 9.213700e-01 -2.013700e-01 3.204100e-02 38 66 1.108600e+01 2.660000e+00 -4.618000e+01 7.328000e+02 0
-8.294300e-01 9.736200e-01 -2.042800e-01 3.204100e-02 39 66 1.011500e+01 2.660000e+00 7.738100e+00 7.140700e+02 0
0 0 -1.500000e-01 6.408200e-02 1 67 1.001700e+01 2.660000e+00 2167 -3.612800e+03 0
6.488100e-01 7.553200e-01 -1.921100e-01 6.408200e-02 30 67 9.798600e+00 2.660000e+00 1.154100e+03 8.469300e+02 0
6.630000e-01 8.112400e-01 -1.952300e-01 6.408200e-02 31 67 1.107800e+01 2.660000e+00 1131 8.119900e+02 0
6.851000e-01 8.294900e-01 -1.962400e-01 6.408200e-02 32 67 1.171500e+01 2.660000e+00 1.139800e+03 8.020900e+02 0
7.159300e-01 8.282300e-01 -1.961700e-01 6.408200e-02 33 67 1.153900e+01 2.660000e+00 1168 8.034400e+02 0
7.473000e-01 8.386400e-01 -1.967600e-01 6.408200e-02 34 67 1.042900e+01 2.660000e+00 1189 7.983500e+02 0
0 0 -1.500000e-01 9.612300e-02 1 68 9.875100e+00 2.660000e+00 2167 -3.612800e+03 0
6.711800e-01 8.039900e-01 -1.948200e-01 9.612300e-02 31 68 1.041900e+01 2.660000e+00 1143 8.164400e+02 0
6.851000e-01 8.299000e-01 -1.962700e-01 9.612300e-02 32 68 1.114400e+01 2.660000e+00 1.139500e+03 8.018700e+02 0
7.072000e-01 8.200400e-01 -1.957200e-01 9.612300e-02 33 68 1.110500e+01 2.660000e+00 1.165500e+03 8.078700e+02 0
7.383000e-01 7.957100e-01 -1.943600e-01 9.612300e-02 34 68 1.008000e+01 2.660000e+00 1211 8.229500e+02 0
1.227800e-01 7.856000e+00 -5.879800e-01 -9.291900e-01 226 36 1.104800e+01 2.660000e+00 6.899000e+02 4.339700e+02 1
1.849800e-01 7.890500e+00 -5.899000e-01 -9.291900e-01 227 36 1.213100e+01 2.660000e+00 6.949900e+02 4.338200e+02 1
1.858000e-01 7.925100e+00 -5.918300e-01 -9.291900e-01 228 36 1.242900e+01 2.660000e+00 6.950500e+02 4.336600e+02 1
1.866200e-01 7.958900e+00 -5.937200e-01 -9.291900e-01 229 36 1.198300e+01 2.660000e+00 6.951100e+02 4.335000e+02 1
-6.248000e-02 7.976000e+00 -5.946700e-01 -9.291900e-01 230 36 1.077600e+01 2.660000e+00 6.750700e+02 4.333200e+02 1
1.833500e-01 7.730100e+00 -5.809600e-01 -8.971500e-01 225 37 9.936300e+00 2.660000e+00 6.948700e+02 4.346200e+02 1
1.841700e-01 7.845300e+00 -5.873800e-01 -8.971500e-01 226 37 1.219500e+01 2.660000e+00 6.949300e+02 4.340500e+02 1
1.849800e-01 7.886000e+00 -5.896500e-01 -8.971500e-01 227 37 1.340800e+01 2.660000e+00 6.949900e+02 4.338500e+02 1
1.858000e-01 7.922500e+00 -5.916900e-01 -8.971500e-01 228 37 1.376000e+01 2.660000e+00 6.950500e+02 4.336700e+02 1
1.244100e-01 7.959100e+00 -5.937300e-01 -8.971500e-01 229 37 1.328600e+01 2.660000e+00 6.900900e+02 4.334700e+02 1
6.248000e-02 7.993000e+00 -5.956200e-01 -8.971500e-01 230 37 1.189700e+01 2.660000e+00 6.851300e+02 4.332900e+02 1
1.841700e-01 7.805500e+00 -5.851600e-01 -8.651100e-01 226 38 1.155100e+01 2.660000e+00 6.949300e+02 4.342400e+02 1
1.849800e-01 7.880600e+00 -5.893500e-01 -8.651100e-01 227 38 1.276100e+01 2.660000e+00 6.949900e+02 4.338700e+02 1
1.858000e-01 7.921900e+00 -5.916500e-01 -8.651100e-01 228 38 1.310900e+01 2.660000e+00 6.950500e+02 4.336700e+02 1
1.866200e-01 7.957400e+00 -5.936300e-01 -8.651100e-01 229 38 1.261800e+01 2.660000e+00 6.951100e+02 4.335000e+02 1
1.249600e-01 7.990800e+00 -5.955000e-01 -8.651100e-01 230 38 1.116000e+01 2.660000e+00 6.901500e+02 4.333200e+02 1
-2.826600e-01 2.509300e+00 -2.898900e-01 -8.330700e-01 75 39 1.049300e+01 2.660000e+00 5.757900e+02 5.169200e+02 0
-2.864800e-01 2.558300e+00 -2.926300e-01 -8.330700e-01 76 39 1.073700e+01 2.660000e+00 5.771400e+02 5.145300e+02 0
-3.110400e-01 2.582800e+00 -2.939900e-01 -8.330700e-01 77 39 9.975100e+00 2.660000e+00 5.721200e+02 5.133200e+02 0
1.582500e-01 1.738900e+00 -2.469400e-01 -6.408200e-01 59 45 1.009800e+01 2.660000e+00 6.888500e+02 5.746400e+02 0
0 0 -1.500000e-01 -3.204100e-02 1 64 1.557200e+01 2.660000e+00 2167 -3.612800e+03 0
-7.093800e-02 1.124100e-01 -1.562700e-01 -3.204100e-02 5 64 1.415400e+01 2.660000e+00 -3.080600e+03 7.656900e+03 0
-1.585200e-01 1.861000e-01 -1.603800e-01 -3.204100e-02 8 64 1.328900e+01 2.660000e+00 -1.092200e+03 2.918400e+03 0
-2.008100e-01 1.918100e-01 -1.606900e-01 -3.204100e-02 9 64 1.262500e+01 2.660000e+00 -1.205800e+03 2.773400e+03 0
-2.480100e-01 1.866200e-01 -1.604000e-01 -3.204100e-02 10 64 1.262700e+01 2.660000e+00 -1.510700e+03 2.843800e+03 0
-2.619200e-01 2.220100e-01 -1.623800e-01 -3.204100e-02 11 64 1.211400e+01 2.660000e+00 -1063 2.283900e+03 0
-2.881200e-01 2.325100e-01 -1.629600e-01 -3.204100e-02 12 64 1.162600e+01 2.660000e+00 -1.043200e+03 2.155900e+03 0
-3.077600e-01 2.798700e-01 -1.656000e-01 -3.204100e-02 13 64 1.080000e+01 2.660000e+00 -7.151600e+02 1.764900e+03 0
-3.085800e-01 3.090700e-01 -1.672300e-01 -3.204100e-02 14 64 1.053800e+01 2.660000e+00 -5.494900e+02 1.601800e+03 0
-1.260500e-01 2.397000e-01 -1.633600e-01 -3.204100e-02 15 64 1.036200e+01 2.660000e+00 -4.188400e+02 2.139200e+03 0
3.683300e-01 2.642900e-01 -1.647300e-01 -3.204100e-02 28 64 1.208000e+01 2.660000e+00 1.397500e+03 2.065100e+03 0
6.799100e-01 6.406600e-01 -1.857200e-01 -3.204100e-02 29 64 1.365900e+01 2.660000e+00 1.288400e+03 9.429900e+02 0
6.804600e-01 7.309600e-01 -1.907500e-01 -3.204100e-02 30 64 1.460200e+01 2.660000e+00 1.204300e+03 8.651000e+02 0
6.793700e-01 7.975300e-01 -1.944600e-01 -3.204100e-02 31 64 1.476400e+01 2.660000e+00 1.154800e+03 8.204900e+02 0
6.766400e-01 8.313300e-01 -1.963500e-01 -3.204100e-02 32 64 1.424000e+01 2.660000e+00 1.131200e+03 8.009000e+02 0
6.810000e-01 8.677000e-01 -1.983800e-01 -3.204100e-02 33 64 1.277900e+01 2.660000e+00 1.114200e+03 7.818700e+02 0
7.235700e-01 8.605100e-01 -1.979700e-01 -3.204100e-02 35 64 1.010200e+01 2.660000e+00 1.154500e+03 7.863300e+02 0
-8.116900e-01 8.897900e-01 -1.996100e-01 -3.204100e-02 36 64 1.076500e+01 2.660000e+00 -4.759600e+01 7.459700e+02 0
-8.348900e-01 8.864700e-01 -1.994200e-01 -3.204100e-02 37 64 1.122500e+01 2.660000e+00 -6.738600e+01 7.469900e+02 0
-8.681700e-01 8.781400e-01 -1.989600e-01 -3.204100e-02 38 64 1.089100e+01 2.660000e+00 -9.938300e+01 7.499700e+02 0
