0 0 -1.500000e-01 0 1 65 1.658300e+01 3.350000e+00 2167 -3.612800e+03 0
-7.093800e-02 1.128400e-01 -1.579300e-01 0 5 65 1.518200e+01 3.350000e+00 -3.046900e+03 7.617100e+03 0
-1.585200e-01 1.860900e-01 -1.630700e-01 0 8 65 1.434600e+01 3.350000e+00 -1.093900e+03 2.935200e+03 0
-2.008100e-01 1.914300e-01 -1.634500e-01 0 9 65 1.368600e+01 3.350000e+00 -1.213300e+03 2.796800e+03 0
-2.480100e-01 1.867900e-01 -1.631200e-01 0 10 65 1.365000e+01 3.350000e+00 -1.509400e+03 2.856300e+03 0
-2.619200e-01 2.228400e-01 -1.656500e-01 0 11 65 1.308800e+01 3.350000e+00 -1.055100e+03 2.288200e+03 0
-2.881200e-01 2.337600e-01 -1.664200e-01 0 12 65 1.272000e+01 3.350000e+00 -1.031700e+03 2.156700e+03 0
-3.044900e-01 2.830800e-01 -1.698800e-01 0 13 65 1.202100e+01 3.350000e+00 -6.866600e+02 1758 0
-3.050300e-01 2.930000e-01 -1.705800e-01 0 14 65 1.145200e+01 3.350000e+00 -6.283600e+02 1.699400e+03 0
-1.222300e-01 3.685900e-01 -1.758900e-01 0 15 65 1.132300e+01 3.350000e+00 6.860200e+01 1.399500e+03 0
3.536000e-01 3.591500e-01 -1.752300e-01 0 28 65 1.310000e+01 3.350000e+00 1.118300e+03 1.495200e+03 0
6.799100e-01 6.373700e-01 -1.947700e-01 0 29 65 1.467200e+01 3.350000e+00 1.292600e+03 9.571800e+02 0
6.725500e-01 7.363300e-01 -2.017200e-01 0 30 65 1.560400e+01 3.350000e+00 1.192400e+03 8.714900e+02 0
6.793700e-01 7.975700e-01 -2.060200e-01 0 31 65 1.576200e+01 3.350000e+00 1.155200e+03 8.308700e+02 0
6.766400e-01 8.325100e-01 -2.084800e-01 0 32 65 1.523900e+01 3.350000e+00 1.130900e+03 8.105700e+02 0
6.810000e-01 8.711600e-01 -2.111900e-01 0 33 65 1.379400e+01 3.350000e+00 1.112800e+03 7.904000e+02 0
7.050100e-01 9.238000e-01 -2.148900e-01 0 35 65 1.089900e+01 3.350000e+00 1105 7.662600e+02 0
-8.212400e-01 8.902100e-01 -2.125300e-01 0 36 65 1.175300e+01 3.350000e+00 -5.449000e+01 7.552400e+02 0
-8.348900e-01 8.981500e-01 -2.130900e-01 0 37 65 1.214600e+01 3.350000e+00 -5.730500e+01 7.517600e+02 0
-8.580800e-01 9.041800e-01 -2.135100e-01 0 38 65 1.175000e+01 3.350000e+00 -6.852300e+01 7.489500e+02 0
-8.709000e-01 9.555200e-01 -2.171200e-01 0 39 65 1.043100e+01 3.350000e+00 -3.413700e+01 7.293500e+02 0
0 0 -1.500000e-01 3.204100e-02 1 66 1.557800e+01 3.350000e+00 2167 -3.612800e+03 0
-7.093800e-02 1.132700e-01 -1.579600e-01 3.204100e-02 5 66 1.417200e+01 3.350000e+00 -3.008200e+03 7.542500e+03 0
-1.585200e-01 1.860200e-01 -1.630700e-01 3.204100e-02 8 66 1.334200e+01 3.350000e+00 -1.094900e+03 2.936600e+03 0
-2.008100e-01 1.924100e-01 -1.635200e-01 3.204100e-02 9 66 1.267700e+01 3.350000e+00 -1.198300e+03 2.777900e+03 0
-2.480100e-01 1.878200e-01 -1.631900e-01 3.204100e-02 10 66 1.265500e+01 3.350000e+00 -1.490900e+03 2.835700e+03 0
-2.592000e-01 2.276600e-01 -1.659900e-01 3.204100e-02 11 66 1.216500e+01 3.350000e+00 -9.934700e+02 2.233300e+03 0
-2.881200e-01 2.352700e-01 -1.665300e-01 3.204100e-02 12 66 1.166800e+01 3.350000e+00 -1.016400e+03 2.141100e+03 0
-3.110400e-01 2.784500e-01 -1.695600e-01 3.204100e-02 13 66 1.099400e+01 3.350000e+00 -7.343900e+02 1.785800e+03 0
-3.085800e-01 3.048100e-01 -1.714100e-01 3.204100e-02 14 66 1.055800e+01 3.350000e+00 -5.723000e+02 1.635300e+03 0
-1.298700e-01 3.001400e-01 -1.710800e-01 3.204100e-02 15 66 1.055700e+01 3.350000e+00 -1.375200e+02 1.693700e+03 0
3.536000e-01 3.871600e-01 -1.771900e-01 3.204100e-02 28 66 1.211700e+01 3.350000e+00 1.078800e+03 1.393900e+03 0
6.722700e-01 6.424100e-01 -1.951200e-01 3.204100e-02 29 66 1.368700e+01 3.350000e+00 1.277900e+03 9.518000e+02 0
6.725500e-01 7.350400e-01 -2.016300e-01 3.204100e-02 30 66 1.461600e+01 3.350000e+00 1.193400e+03 8.724300e+02 0
6.711800e-01 8.044700e-01 -2.065100e-01 3.204100e-02 31 66 1.478500e+01 3.350000e+00 1.143200e+03 8.265300e+02 0
6.766400e-01 8.345700e-01 -2.086200e-01 3.204100e-02 32 66 1.426300e+01 3.350000e+00 1.129700e+03 8.094400e+02 0
6.810000e-01 8.725900e-01 -2.112900e-01 3.204100e-02 33 66 1.280800e+01 3.350000e+00 1112 7.896900e+02 0
-7.926000e-01 9.237300e-01 -2.148800e-01 3.204100e-02 36 66 1.088700e+01 3.350000e+00 -5.881300e+00 7.422800e+02 0
-8.250600e-01 9.165200e-01 -2.143800e-01 3.204100e-02 37 66 1.129200e+01 3.350000e+00 -3.454500e+01 7.445800e+02 0
-8.479800e-01 9.250600e-01 -2.149800e-01 3.204100e-02 38 66 1.085200e+01 3.350000e+00 -4.341500e+01 7.409300e+02 0
-2.612700e+00 1.368700e+01 -1.111400e+00 -9.291900e-01 400 36 1.055400e+01 3.350000e+00 5.647200e+02 4.260300e+02 1
-2.619200e+00 1.372100e+01 -1.113800e+00 -9.291900e-01 401 36 1.084000e+01 3.350000e+00 5.647400e+02 4.259800e+02 1
3.806100e+00 3.576800e+00 -4.012400e-01 -7.049000e-01 156 43 1.013900e+01 3.350000e+00 1.379200e+03 4.949700e+02 0
3.873200e+00 3.762500e+00 -4.142900e-01 -7.049000e-01 157 43 1.069600e+01 3.350000e+00 1.355800e+03 4.903500e+02 0
3.898000e+00 3.848800e+00 -4.203500e-01 -7.049000e-01 158 43 1.020700e+01 3.350000e+00 1.344700e+03 4.883600e+02 0
3.890700e+00 3.747600e+00 -4.132400e-01 -6.728600e-01 156 44 1.183500e+01 3.350000e+00 1.361900e+03 4.907400e+02 0
3.915800e+00 3.779600e+00 -4.154900e-01 -6.728600e-01 157 44 1.237400e+01 3.350000e+00 1.360500e+03 490 0
3.940900e+00 3.802000e+00 -4.170600e-01 -6.728600e-01 158 44 1.200600e+01 3.350000e+00 1361 4.895000e+02 0
3.836700e+00 3.959100e+00 -4.281000e-01 -6.728600e-01 159 44 1.103900e+01 3.350000e+00 1.314800e+03 4.858200e+02 0
3.730800e+00 4.098800e+00 -4.379100e-01 -6.728600e-01 160 44 1.074800e+01 3.350000e+00 1.274700e+03 4.827900e+02 0
3.666900e+00 4.158300e+00 -4.420900e-01 -6.728600e-01 161 44 1.008900e+01 3.350000e+00 1.255400e+03 4.815400e+02 0
3.571500e+00 3.963600e+00 -4.284200e-01 -6.408200e-01 155 45 1.009200e+01 3.350000e+00 1.267800e+03 4.854000e+02 0
3.890700e+00 3.757700e+00 -4.139500e-01 -6.408200e-01 156 45 1.152800e+01 3.350000e+00 1360 4.904900e+02 0
3.958300e+00 3.739100e+00 -4.126400e-01 -6.408200e-01 157 45 1.202200e+01 3.350000e+00 1.376100e+03 4.910300e+02 0
3.940900e+00 3.798100e+00 -4.167900e-01 -6.408200e-01 158 45 1.165900e+01 3.350000e+00 1.361700e+03 4.895900e+02 0
3.793500e+00 3.977600e+00 -4.293900e-01 -6.408200e-01 159 45 1.076700e+01 3.350000e+00 1.304300e+03 4.853700e+02 0
3.600600e+00 4.223400e+00 -4.466600e-01 -6.408200e-01 160 45 1.025300e+01 3.350000e+00 1.235600e+03 4.802300e+02 0
0 0 -1.500000e-01 -9.612300e-02 1 62 9.732200e+00 3.350000e+00 2167 -3.612800e+03 0
-1.364200e-03 3.480400e-02 -1.524400e-01 -9.612300e-02 2 62 9.595700e+00 3.350000e+00 3500 -7.187900e+03 0
6.793700e-01 7.488100e-01 -2.026000e-01 -9.612300e-02 31 62 9.636100e+00 3.350000e+00 1.189700e+03 8.627400e+02 0
6.766400e-01 8.153700e-01 -2.072700e-01 -9.612300e-02 32 62 9.754900e+00 3.350000e+00 1.141300e+03 8.202500e+02 0
7.072000e-01 8.614100e-01 -2.105100e-01 -9.612300e-02 33 62 9.734300e+00 3.350000e+00 1.140400e+03 7.958300e+02 0
0 0 -1.500000e-01 -6.408200e-02 1 63 9.943000e+00 3.350000e+00 2167 -3.612800e+03 0
-2.046300e-02 2.646100e-02 -1.518600e-01 -6.408200e-02 2 63 9.472500e+00 3.350000e+00 3.298100e+03 -5.939200e+03 0
6.548100e-01 8.022700e-01 -2.063500e-01 -6.408200e-02 31 63 9.986500e+00 3.350000e+00 1.129500e+03 8.274700e+02 0
6.597200e-01 7.778200e-01 -2.046400e-01 -6.408200e-02 32 63 9.832200e+00 3.350000e+00 1.149800e+03 8.427500e+02 0
0 0 -1.500000e-01 -3.204100e-02 1 64 1.555500e+01 3.350000e+00 2167 -3.612800e+03 0
-7.093800e-02 1.121700e-01 -1.578800e-01 -3.204100e-02 5 64 1.416300e+01 3.350000e+00 -3.108700e+03 7.736300e+03 0
-1.585200e-01 1.861000e-01 -1.630700e-01 -3.204100e-02 8 64 1.329800e+01 3.350000e+00 -1.093700e+03 2.934800e+03 0
-2.008100e-01 1.913900e-01 -1.634400e-01 -3.204100e-02 9 64 1.267900e+01 3.350000e+00 -1.213900e+03 2.797500e+03 0
-2.480100e-01 1.867200e-01 -1.631200e-01 -3.204100e-02 10 64 1.262800e+01 3.350000e+00 -1.510700e+03 2.857700e+03 0
-2.592000e-01 2.272700e-01 -1.659600e-01 -3.204100e-02 11 64 1.211900e+01 3.350000e+00 -9.975500e+02 2.237700e+03 0
-2.881200e-01 2.343800e-01 -1.664600e-01 -3.204100e-02 12 64 1.176000e+01 3.350000e+00 -1.025400e+03 2.150300e+03 0
-3.077600e-01 2.793100e-01 -1.696200e-01 -3.204100e-02 13 64 1.108800e+01 3.350000e+00 -7.198200e+02 1781 0
-3.050300e-01 2.757600e-01 -1.693700e-01 -3.204100e-02 14 64 1.047900e+01 3.350000e+00 -7.359200e+02 1.804700e+03 0
3.536000e-01 3.610700e-01 -1.753600e-01 -3.204100e-02 28 64 1.206800e+01 3.350000e+00 1.115300e+03 1.487600e+03 0
6.799100e-01 6.380200e-01 -1.948200e-01 -3.204100e-02 29 64 1.363000e+01 3.350000e+00 1.291900e+03 9.565200e+02 0
6.725500e-01 7.369800e-01 -2.017700e-01 -3.204100e-02 30 64 1.455900e+01 3.350000e+00 1.191900e+03 8.710100e+02 0
6.793700e-01 7.975200e-01 -2.060200e-01 -3.204100e-02 31 64 1.469500e+01 3.350000e+00 1.155300e+03 8.309000e+02 0
6.766400e-01 8.312400e-01 -2.083900e-01 -3.204100e-02 32 64 1.414100e+01 3.350000e+00 1.131700e+03 8.112700e+02 0
6.810000e-01 8.737900e-01 -2.113800e-01 -3.204100e-02 33 64 1.264700e+01 3.350000e+00 1.111400e+03 7.890900e+02 0
6.586300e-01 9.641800e-01 -2.177300e-01 -3.204100e-02 35 64 9.987100e+00 3.350000e+00 1.051100e+03 7.486900e+02 0
-8.403400e-01 8.516000e-01 -2.098200e-01 -3.204100e-02 36 64 1.078400e+01 3.350000e+00 -1.048500e+02 7.717100e+02 0
-8.643500e-01 8.463100e-01 -2.094500e-01 -3.204100e-02 37 64 1.110000e+01 3.350000e+00 -1.283900e+02 7.737100e+02 0
-8.782700e-01 8.788200e-01 -2.117300e-01 -3.204100e-02 38 64 1.067200e+01 3.350000e+00 -1.064900e+02 7.590900e+02 0
-8.812700e-01 9.596000e-01 -2.174000e-01 -3.204100e-02 39 64 9.679500e+00 3.350000e+00 -3.782300e+01 7.277600e+02 0
