0 0 -1.500000e-01 0 1 65 1.659500e+01 3.880000e+00 2167 -3.612800e+03 0
-7.093800e-02 1.131700e-01 -1.592100e-01 0 5 65 1.517300e+01 3.880000e+00 -3022 7.588300e+03 0
-1.585200e-01 1.860700e-01 -1.651400e-01 0 8 65 1.433200e+01 3.880000e+00 -1.095400e+03 2.948300e+03 0
-2.008100e-01 1.912700e-01 -1.655700e-01 0 9 65 1.367300e+01 3.880000e+00 -1217 2812 0
-2.480100e-01 1.865800e-01 -1.651900e-01 0 10 65 1.362900e+01 3.880000e+00 -1.514700e+03 2.872900e+03 0
-2.619200e-01 2.230800e-01 -1.681600e-01 0 11 65 1.303300e+01 3.880000e+00 -1.053500e+03 2.296200e+03 0
-2.881200e-01 2.355900e-01 -1.691700e-01 0 12 65 1.269000e+01 3.880000e+00 -1.014200e+03 2.148500e+03 0
-3.077600e-01 2.801100e-01 -1.728000e-01 0 13 65 1.196200e+01 3.880000e+00 -7.152800e+02 1.785600e+03 0
-4.327200e-01 6.557800e-02 -1.553400e-01 0 14 65 1.131700e+01 3.880000e+00 -62965 49592 0
-1.260500e-01 2.168200e-01 -1.676500e-01 0 15 65 1.115300e+01 3.880000e+00 -5.936700e+02 2.436800e+03 0
3.536000e-01 3.415500e-01 -1.778000e-01 0 28 65 1.311000e+01 3.880000e+00 1.147900e+03 1.580200e+03 0
6.799100e-01 6.388500e-01 -2.019900e-01 0 29 65 1.467700e+01 3.880000e+00 1.291400e+03 9.640300e+02 0
6.725500e-01 7.370100e-01 -2.099800e-01 0 30 65 1.560200e+01 3.880000e+00 1.192300e+03 8.791100e+02 0
6.711800e-01 8.044500e-01 -2.154700e-01 0 31 65 1.577000e+01 3.880000e+00 1.143600e+03 8.345300e+02 0
6.766400e-01 8.325900e-01 -2.177600e-01 0 32 65 1.526600e+01 3.880000e+00 1.131200e+03 8.184800e+02 0
6.810000e-01 8.697400e-01 -2.207900e-01 0 33 65 1.386300e+01 3.880000e+00 1.113900e+03 7.990100e+02 0
6.572700e-01 9.081300e-01 -2.239100e-01 0 34 65 1.098900e+01 3.880000e+00 1075 7.802500e+02 0
7.328400e-01 7.315000e-01 -2.095300e-01 0 35 65 1.074400e+01 3.880000e+00 1.258900e+03 8.848800e+02 0
-8.307900e-01 8.915500e-01 -2.225600e-01 0 36 65 1.173000e+01 3.880000e+00 -6.048000e+01 7.619100e+02 0
-8.447100e-01 8.961000e-01 -2.229300e-01 0 37 65 1.218200e+01 3.880000e+00 -6.644400e+01 7.598100e+02 0
-8.681700e-01 8.928700e-01 -2.226700e-01 0 38 65 1.175100e+01 3.880000e+00 -8.624800e+01 7.607500e+02 0
-9.020000e-01 9.128600e-01 -2.242900e-01 0 39 65 1.040300e+01 3.880000e+00 -9.206600e+01 7.521800e+02 0
0 0 -1.500000e-01 3.204100e-02 1 66 1.557600e+01 3.880000e+00 2167 -3.612800e+03 0
-7.202900e-02 1.129800e-01 -1.592000e-01 3.204100e-02 5 66 1.415400e+01 3.880000e+00 -3.052300e+03 7.614300e+03 0
-1.585200e-01 1.860000e-01 -1.651400e-01 3.204100e-02 8 66 1.334200e+01 3.880000e+00 -1.096500e+03 2.949800e+03 0
-2.008100e-01 1.923100e-01 -1.656500e-01 3.204100e-02 9 66 1.268300e+01 3.880000e+00 -1.201100e+03 2.792100e+03 0
-2.480100e-01 1.881400e-01 -1.653100e-01 3.204100e-02 10 66 1.261300e+01 3.880000e+00 -1.486500e+03 2.841500e+03 0
-2.619200e-01 2.247100e-01 -1.682900e-01 3.204100e-02 11 66 1.202200e+01 3.880000e+00 -1.035600e+03 2.276900e+03 0
-2.881200e-01 2.386200e-01 -1.694200e-01 3.204100e-02 12 66 1.162300e+01 3.880000e+00 -9.844900e+02 2.118300e+03 0
-3.044900e-01 2.849400e-01 -1.731900e-01 3.204100e-02 13 66 1.089800e+01 3.880000e+00 -6.757900e+02 1.756300e+03 0
-3.857900e-01 2.828300e-01 -1.730200e-01 3.204100e-02 15 66 1.044200e+01 3.880000e+00 -9.054200e+02 1.751800e+03 0
3.462300e-01 3.827200e-01 -1.811500e-01 3.204100e-02 28 66 1.209200e+01 3.880000e+00 1.068900e+03 1.417200e+03 0
6.799100e-01 6.364100e-01 -2.018000e-01 3.204100e-02 29 66 1.367700e+01 3.880000e+00 1.294100e+03 9.665300e+02 0
6.725500e-01 7.358100e-01 -2.098900e-01 3.204100e-02 30 66 1.459300e+01 3.880000e+00 1.193200e+03 8.799900e+02 0
6.711800e-01 8.044700e-01 -2.154700e-01 3.204100e-02 31 66 1.477200e+01 3.880000e+00 1.143600e+03 8.345200e+02 0
6.766400e-01 8.335700e-01 -2.178400e-01 3.204100e-02 32 66 1.428700e+01 3.880000e+00 1.130600e+03 8.179300e+02 0
6.810000e-01 8.708400e-01 -2.208700e-01 3.204100e-02 33 66 1.291900e+01 3.880000e+00 1.113300e+03 7.984500e+02 0
6.482600e-01 9.464400e-01 -2.270300e-01 3.204100e-02 34 66 1.021900e+01 3.880000e+00 1051 7.634800e+02 0
-8.307900e-01 8.926200e-01 -2.226500e-01 3.204100e-02 36 66 1.057000e+01 3.880000e+00 -5.952900e+01 7.614700e+02 0
-8.348900e-01 9.028700e-01 -2.234800e-01 3.204100e-02 37 66 1.099400e+01 3.880000e+00 -5.343500e+01 7.572200e+02 0
-8.580800e-01 8.844700e-01 -2.219800e-01 3.204100e-02 38 66 1.055200e+01 3.880000e+00 -8.671900e+01 7.644100e+02 0
0 0 -1.500000e-01 6.408200e-02 1 67 1.094300e+01 3.880000e+00 2167 -3.612800e+03 0
2.182700e-03 3.475700e-02 -1.528300e-01 6.408200e-02 2 67 1.049000e+01 3.880000e+00 3.429600e+03 -7.158900e+03 0
7.042000e-01 6.355100e-01 -2.017200e-01 6.408200e-02 30 67 9.512200e+00 3.880000e+00 1.324700e+03 9.684000e+02 0
6.957400e-01 7.773700e-01 -2.132700e-01 6.408200e-02 31 67 1.005400e+01 3.880000e+00 1185 8.519700e+02 0
7.104700e-01 8.079100e-01 -2.157500e-01 6.408200e-02 32 67 9.983700e+00 3.880000e+00 1.177400e+03 8.333700e+02 0
7.333900e-01 8.139100e-01 -2.162400e-01 6.408200e-02 33 67 9.788600e+00 3.880000e+00 1.194300e+03 8.303600e+02 0
4.649200e-01 7.424100e+00 -7.542200e-01 -9.291900e-01 214 36 1.121900e+01 3.880000e+00 7.195900e+02 4.522900e+02 1
3.503200e-01 7.460700e+00 -7.572000e-01 -9.291900e-01 215 36 1.190100e+01 3.880000e+00 7.095600e+02 4.520400e+02 1
2.346400e-01 7.472300e+00 -7.581500e-01 -9.291900e-01 216 36 1.158000e+01 3.880000e+00 6.995600e+02 4.519200e+02 1
1.178700e-01 7.541500e+00 -7.637800e-01 -9.291900e-01 217 36 1.027000e+01 3.880000e+00 6.895500e+02 4.514900e+02 1
2.368200e-01 7.567400e+00 -7.658900e-01 -9.291900e-01 218 36 1.042100e+01 3.880000e+00 6.996800e+02 4.514100e+02 1
5.353100e-01 7.588800e+00 -7.676300e-01 -9.291900e-01 219 36 9.981300e+00 3.880000e+00 7.250200e+02 4.514300e+02 1
4.048900e-01 7.364500e+00 -7.493800e-01 -8.971500e-01 213 37 1.031200e+01 3.880000e+00 7.145400e+02 4.526000e+02 1
3.486900e-01 7.421700e+00 -7.540300e-01 -8.971500e-01 214 37 1.189100e+01 3.880000e+00 7.095000e+02 4.522500e+02 1
2.919400e-01 7.459200e+00 -7.570800e-01 -8.971500e-01 215 37 1.253200e+01 3.880000e+00 7.045200e+02 4.520200e+02 1
2.933000e-01 7.489400e+00 -7.595400e-01 -8.971500e-01 216 37 1.210600e+01 3.880000e+00 7.045900e+02 4.518500e+02 1
2.960300e-01 7.571900e+00 -7.662500e-01 -8.971500e-01 218 37 1.093100e+01 3.880000e+00 7.047100e+02 4.514100e+02 1
3.568700e-01 7.601500e+00 -7.686600e-01 -8.971500e-01 219 37 1.026300e+01 3.880000e+00 7.098300e+02 4.512800e+02 1
-2.368200e-01 2.129000e+00 -3.232700e-01 -8.651100e-01 63 38 9.845400e+00 3.880000e+00 5.681600e+02 5.557300e+02 0
-1.890800e-01 2.146700e+00 -3.247100e-01 -8.651100e-01 64 38 1.020100e+01 3.880000e+00 5.837600e+02 5.546700e+02 0
2.905700e-01 7.424800e+00 -7.542800e-01 -8.651100e-01 214 38 1.056300e+01 3.880000e+00 7.044500e+02 4.522100e+02 1
2.919400e-01 7.464600e+00 -7.575200e-01 -8.651100e-01 215 38 1.116400e+01 3.880000e+00 7.045100e+02 4.519900e+02 1
1.759800e-01 7.501600e+00 -7.605300e-01 -8.651100e-01 216 38 1.069200e+01 3.880000e+00 6.945100e+02 4.517300e+02 1
0 0 -1.500000e-01 -6.408200e-02 1 63 1.054600e+01 3.880000e+00 2167 -3.612800e+03 0
5.456800e-04 3.479200e-02 -1.528300e-01 -6.408200e-02 2 63 1.025500e+01 3.880000e+00 3.462300e+03 -7176 0
0 0 -1.500000e-01 -3.204100e-02 1 64 1.557700e+01 3.880000e+00 2167 -3.612800e+03 0
-7.093800e-02 1.123100e-01 -1.591400e-01 -3.204100e-02 5 64 1.414700e+01 3.880000e+00 -3.100500e+03 7.739900e+03 0
-1.585200e-01 1.861000e-01 -1.651500e-01 -3.204100e-02 8 64 1.327500e+01 3.880000e+00 -1.094900e+03 2.947500e+03 0
-2.008100e-01 1.900700e-01 -1.654700e-01 -3.204100e-02 9 64 1.264400e+01 3.880000e+00 -1.235700e+03 2.835600e+03 0
-2.480100e-01 1.858100e-01 -1.651200e-01 -3.204100e-02 10 64 1.260800e+01 3.880000e+00 -1.528900e+03 2.888700e+03 0
-2.592000e-01 2.275900e-01 -1.685200e-01 -3.204100e-02 11 64 1.202500e+01 3.880000e+00 -9.952100e+02 2.244900e+03 0
-2.851200e-01 2.418300e-01 -1.696800e-01 -3.204100e-02 12 64 1.168300e+01 3.880000e+00 -9.442300e+02 2.088300e+03 0
-3.077600e-01 2.806900e-01 -1.728400e-01 -3.204100e-02 13 64 1.096300e+01 3.880000e+00 -7.115000e+02 1.781900e+03 0
3.536000e-01 3.590000e-01 -1.792200e-01 -3.204100e-02 28 64 1.210500e+01 3.880000e+00 1.118900e+03 1.505500e+03 0
6.799100e-01 6.398800e-01 -2.020800e-01 -3.204100e-02 29 64 1.365400e+01 3.880000e+00 1.290300e+03 9.629900e+02 0
6.725500e-01 7.386500e-01 -2.101200e-01 -3.204100e-02 30 64 1.457400e+01 3.880000e+00 1191 8.779200e+02 0
6.793700e-01 7.974400e-01 -2.149000e-01 -3.204100e-02 31 64 1.474700e+01 3.880000e+00 1.155700e+03 8.389500e+02 0
6.766400e-01 8.312700e-01 -2.176500e-01 -3.204100e-02 32 64 1.426100e+01 3.880000e+00 1132 8.192100e+02 0
6.810000e-01 8.675000e-01 -2.206000e-01 -3.204100e-02 33 64 1.292000e+01 3.880000e+00 1.115100e+03 8.001300e+02 0
6.842800e-01 9.233800e-01 -2.251500e-01 -3.204100e-02 34 64 1.011900e+01 3.880000e+00 1.089200e+03 7.739200e+02 0
-8.998200e-01 7.743600e-01 -2.130200e-01 -3.204100e-02 35 64 9.992700e+00 3.880000e+00 -2.393000e+02 8.168100e+02 0
-8.307900e-01 8.891900e-01 -2.223700e-01 -3.204100e-02 36 64 1.077000e+01 3.880000e+00 -6.259000e+01 7.628900e+02 0
-8.545300e-01 8.881900e-01 -2.222900e-01 -3.204100e-02 37 64 1.123400e+01 3.880000e+00 -8.070800e+01 7.629200e+02 0
-8.782700e-01 8.997200e-01 -2.232300e-01 -3.204100e-02 38 64 1.080300e+01 3.880000e+00 -8.720800e+01 7.577900e+02 0
