0 0 -1.500000e-01 0 1 65 1.662700e+01 1.980000e+00 2167 -3.612800e+03 0
-7.093800e-02 1.129400e-01 -1.546900e-01 0 5 65 1.518000e+01 1.980000e+00 -3.026800e+03 7.528900e+03 0
-1.585200e-01 1.860300e-01 -1.577200e-01 0 8 65 1.436000e+01 1.980000e+00 -1.091700e+03 2.903500e+03 0
-2.008100e-01 1.917900e-01 -1.579600e-01 0 9 65 1.366000e+01 1.980000e+00 -1.204500e+03 2.758100e+03 0
-2.480100e-01 1.873600e-01 -1.577700e-01 0 10 65 1.363400e+01 1.980000e+00 -1.495400e+03 2.813100e+03 0
-2.592000e-01 2.274200e-01 -1.594300e-01 0 11 65 1.305800e+01 1.980000e+00 -9.933700e+02 2.208100e+03 0
-2.881200e-01 2.339900e-01 -1.597100e-01 0 12 65 1.269800e+01 1.980000e+00 -1.026800e+03 2.127100e+03 0
-3.077600e-01 2.794300e-01 -1.615900e-01 0 13 65 1.195800e+01 1.980000e+00 -7.170800e+02 1.755300e+03 0
-3.014900e-01 3.097900e-01 -1.628500e-01 0 14 65 1.137400e+01 1.980000e+00 -5.279700e+02 1.587600e+03 0
-1.222300e-01 3.560900e-01 -1.647700e-01 0 15 65 1.126100e+01 1.980000e+00 4.195900e+01 1.419400e+03 0
3.536000e-01 3.467700e-01 -1.643900e-01 0 28 65 1.311300e+01 1.980000e+00 1.137400e+03 1.521700e+03 0
6.799100e-01 6.377800e-01 -1.764600e-01 0 29 65 1.465000e+01 1.980000e+00 1.290900e+03 9.352300e+02 0
6.725500e-01 7.363100e-01 -1.805500e-01 0 30 65 1.558600e+01 1.980000e+00 1.191400e+03 8.505900e+02 0
6.793700e-01 7.975300e-01 -1.830900e-01 0 31 65 1.575200e+01 1.980000e+00 1.154300e+03 8.102800e+02 0
6.766400e-01 8.305600e-01 -1.844600e-01 0 32 65 1.523900e+01 1.980000e+00 1.131200e+03 7.911800e+02 0
6.810000e-01 8.664400e-01 -1.859400e-01 0 33 65 1.377900e+01 1.980000e+00 1.114500e+03 7.724200e+02 0
-9.363800e-01 5.417000e-01 -1.724700e-01 0 34 65 1.087600e+01 1.980000e+00 -7.165900e+02 9.769900e+02 0
7.235700e-01 8.938500e-01 -1.870800e-01 0 35 65 1.105400e+01 1.980000e+00 1.134700e+03 7.599100e+02 0
-8.021400e-01 9.110700e-01 -1.878000e-01 0 36 65 1.174900e+01 1.980000e+00 -2.226100e+01 7.280800e+02 0
-8.447100e-01 8.968700e-01 -1.872100e-01 0 37 65 1.214100e+01 1.980000e+00 -6.478500e+01 7.331300e+02 0
-8.681700e-01 8.926600e-01 -1.870300e-01 0 38 65 1.172800e+01 1.980000e+00 -8.542900e+01 7.344900e+02 0
-8.709000e-01 9.317200e-01 -1.886500e-01 0 39 65 1.031300e+01 1.980000e+00 -5.299700e+01 7.191500e+02 0
0 0 -1.500000e-01 3.204100e-02 1 66 1.561600e+01 1.980000e+00 2167 -3.612800e+03 0
-7.202900e-02 1.124300e-01 -1.546600e-01 3.204100e-02 5 66 1.416800e+01 1.980000e+00 -3.086100e+03 7.610200e+03 0
-1.585200e-01 1.860700e-01 -1.577200e-01 3.204100e-02 8 66 1.334900e+01 1.980000e+00 -1.091100e+03 2.902700e+03 0
-2.008100e-01 1.913800e-01 -1.579400e-01 3.204100e-02 9 66 1.261900e+01 1.980000e+00 -1.210900e+03 2766 0
-2.504700e-01 1.838700e-01 -1.576300e-01 3.204100e-02 10 66 1.263900e+01 1.980000e+00 -1.571600e+03 2.882900e+03 0
-2.646500e-01 2.204000e-01 -1.591400e-01 3.204100e-02 11 66 1.216400e+01 1.980000e+00 -1090 2.288300e+03 0
-2.911200e-01 2.299500e-01 -1.595400e-01 3.204100e-02 12 66 1.168400e+01 1.980000e+00 -1.079100e+03 2.168400e+03 0
-3.077600e-01 2.774100e-01 -1.615100e-01 3.204100e-02 13 66 1.095200e+01 1.980000e+00 -7.304300e+02 1.768200e+03 0
-4.327200e-01 1.985500e-02 -1.508200e-01 3.204100e-02 14 66 1.041800e+01 1.980000e+00 10392 -7.068400e+03 0
-4.048900e-01 2.548200e-01 -1.605700e-01 3.204100e-02 15 66 1.037800e+01 1.980000e+00 -1.189400e+03 1.904900e+03 0
3.536000e-01 3.776700e-01 -1.656700e-01 3.204100e-02 28 66 1.204300e+01 1.980000e+00 1.090400e+03 1.401600e+03 0
6.722700e-01 6.371600e-01 -1.764300e-01 3.204100e-02 29 66 1.360700e+01 1.980000e+00 1.282400e+03 9.355800e+02 0
6.725500e-01 7.331700e-01 -1.804200e-01 3.204100e-02 30 66 1.454800e+01 1.980000e+00 1.193900e+03 8.528800e+02 0
6.711800e-01 8.044700e-01 -1.833700e-01 3.204100e-02 31 66 1.472600e+01 1.980000e+00 1.142300e+03 8.059500e+02 0
6.766400e-01 8.331100e-01 -1.845600e-01 3.204100e-02 32 66 1.422400e+01 1.980000e+00 1.129700e+03 7.897800e+02 0
6.810000e-01 8.695600e-01 -1.860700e-01 3.204100e-02 33 66 1.272600e+01 1.980000e+00 1.112800e+03 7.708600e+02 0
7.050100e-01 9.066400e-01 -1.876100e-01 3.204100e-02 35 66 1.024900e+01 1.980000e+00 1.112800e+03 7.537000e+02 0
-8.021400e-01 9.059400e-01 -1.875800e-01 3.204100e-02 36 66 1.085500e+01 1.980000e+00 -2.653900e+01 7.301200e+02 0
-8.348900e-01 9.075600e-01 -1.876500e-01 3.204100e-02 37 66 1.113400e+01 1.980000e+00 -4.841500e+01 7.289800e+02 0
-8.479800e-01 9.269100e-01 -1.884500e-01 3.204100e-02 38 66 1.061000e+01 1.980000e+00 -4.119400e+01 7.212900e+02 0
0 0 -1.500000e-01 6.408200e-02 1 67 1.087900e+01 1.980000e+00 2167 -3.612800e+03 0
5.975200e-01 6.650100e-01 -1.775900e-01 6.408200e-02 31 67 9.612600e+00 1.980000e+00 1.167900e+03 9.062500e+02 0
6.428100e-01 8.060800e-01 -1.834400e-01 6.408200e-02 32 67 1.028900e+01 1.980000e+00 1.115300e+03 8.043900e+02 0
6.810000e-01 8.117200e-01 -1.836700e-01 6.408200e-02 33 67 1.028700e+01 1.980000e+00 1.146700e+03 8.019100e+02 0
6.932800e-01 8.511800e-01 -1.853100e-01 6.408200e-02 34 67 9.691200e+00 1.980000e+00 1.133600e+03 7.804500e+02 0
0 0 -1.500000e-01 9.612300e-02 1 68 1.080900e+01 1.980000e+00 2167 -3.612800e+03 0
6.111600e-01 5.960200e-01 -1.747300e-01 9.612300e-02 29 68 9.593700e+00 1.980000e+00 1.250800e+03 9.781600e+02 0
6.488100e-01 6.765300e-01 -1.780700e-01 9.612300e-02 30 68 1.012300e+01 1.980000e+00 1216 8.976100e+02 0
7.121100e-01 7.507600e-01 -1.811500e-01 9.612300e-02 31 68 9.760800e+00 1.980000e+00 1.219900e+03 8.413600e+02 0
3.765200e-01 8.015300e+00 -4.825200e-01 -9.291900e-01 231 36 1.046600e+01 1.980000e+00 7.101900e+02 4.244500e+02 1
1.890800e-01 8.065000e+00 -4.845800e-01 -9.291900e-01 232 36 1.131000e+01 1.980000e+00 6.951600e+02 4.241600e+02 1
6.329800e-02 8.101800e+00 -4.861100e-01 -9.291900e-01 233 36 1.155500e+01 1.980000e+00 6.851900e+02 4.239500e+02 1
0 8.136900e+00 -4.875600e-01 -9.291900e-01 234 36 1.108900e+01 1.980000e+00 6.802400e+02 4.237700e+02 1
6.248000e-02 7.691100e+00 -4.690700e-01 -8.971500e-01 230 37 1.042000e+01 1.980000e+00 6.846600e+02 4.259400e+02 1
6.275300e-02 8.016900e+00 -4.825800e-01 -8.971500e-01 231 37 1.216600e+01 1.980000e+00 6.850500e+02 4.243400e+02 1
6.302600e-02 8.065800e+00 -4.846100e-01 -8.971500e-01 232 37 1.326500e+01 1.980000e+00 6.851300e+02 4.241200e+02 1
6.329800e-02 8.101600e+00 -4.861000e-01 -8.971500e-01 233 37 1.355300e+01 1.980000e+00 6.851900e+02 4.239500e+02 1
0 8.136400e+00 -4.875400e-01 -8.971500e-01 234 37 1.300100e+01 1.980000e+00 6.802400e+02 4.237700e+02 1
0 8.170500e+00 -4.889600e-01 -8.971500e-01 235 37 1.147700e+01 1.980000e+00 6.803000e+02 4.236200e+02 1
-3.233100e-01 2.710200e+00 -2.624300e-01 -8.651100e-01 80 38 1.069300e+01 1.980000e+00 5.749900e+02 4.986400e+02 0
-3.055800e-01 2.771000e+00 -2.649500e-01 -8.651100e-01 81 38 1.068200e+01 1.980000e+00 5.817900e+02 4.961600e+02 0
6.248000e-02 7.937000e+00 -4.792700e-01 -8.651100e-01 230 38 9.998400e+00 1.980000e+00 6.849400e+02 4.247200e+02 1
6.275300e-02 8.031400e+00 -4.831900e-01 -8.651100e-01 231 38 1.205600e+01 1.980000e+00 6.850700e+02 4.242800e+02 1
6.302600e-02 8.067000e+00 -4.846600e-01 -8.651100e-01 232 38 1.314700e+01 1.980000e+00 6.851300e+02 4.241100e+02 1
6.329800e-02 8.102000e+00 -4.861100e-01 -8.651100e-01 233 38 1.341700e+01 1.980000e+00 6.851900e+02 4.239500e+02 1
0 8.136300e+00 -4.875400e-01 -8.651100e-01 234 38 1.285500e+01 1.980000e+00 6.802400e+02 4.237700e+02 1
0 8.163800e+00 -4.886800e-01 -8.651100e-01 235 38 1.133200e+01 1.980000e+00 6.802900e+02 4.236500e+02 1
-2.802000e-01 2.705500e+00 -2.622400e-01 -8.330700e-01 80 39 1.068500e+01 1.980000e+00 5.850900e+02 4.989200e+02 0
-3.055800e-01 2.755400e+00 -2.643100e-01 -8.330700e-01 81 39 1.068800e+01 1.980000e+00 5.811500e+02 4.967900e+02 0
-3.315000e-01 2.788400e+00 -2.656800e-01 -8.330700e-01 82 39 9.797600e+00 1.980000e+00 5.765000e+02 4.954200e+02 0
3.137600e-01 7.775500e+00 1.990300e+00 -8.330700e-01 231 39 1.008200e+01 1.980000e+00 7.024800e+02 2.319800e+02 0
1.890800e-01 7.970400e+00 -4.806600e-01 -8.330700e-01 232 39 1.091100e+01 1.980000e+00 6.951700e+02 4.246000e+02 1
1.266000e-01 8.079100e+00 -4.851700e-01 -8.330700e-01 233 39 1.109500e+01 1.980000e+00 6.901900e+02 4.240700e+02 1
6.357100e-02 8.133000e+00 -4.874000e-01 -8.330700e-01 234 39 1.062100e+01 1.980000e+00 6.852400e+02 4.238100e+02 1
0 0 -1.500000e-01 -3.204100e-02 1 64 1.561600e+01 1.980000e+00 2167 -3.612800e+03 0
-7.093800e-02 1.121700e-01 -1.546500e-01 -3.204100e-02 5 64 1.415300e+01 1.980000e+00 -3.097300e+03 7.664200e+03 0
-1.585200e-01 1.859700e-01 -1.577200e-01 -3.204100e-02 8 64 1.336500e+01 1.980000e+00 -1.092600e+03 2.904800e+03 0
-1.986300e-01 1.956100e-01 -1.581100e-01 -3.204100e-02 9 64 1.266200e+01 1.980000e+00 -1.138400e+03 2689 0
-2.455500e-01 1.922200e-01 -1.579700e-01 -3.204100e-02 10 64 1.260500e+01 1.980000e+00 -1.400500e+03 2.721700e+03 0
-2.592000e-01 2.279200e-01 -1.594600e-01 -3.204100e-02 11 64 1.208900e+01 1.980000e+00 -9.882300e+02 2.202600e+03 0
-2.851200e-01 2.397200e-01 -1.599400e-01 -3.204100e-02 12 64 1.176100e+01 1.980000e+00 -9.606800e+02 2.071300e+03 0
-3.044900e-01 2.831200e-01 -1.617500e-01 -3.204100e-02 13 64 1.102800e+01 1.980000e+00 -6.846100e+02 1733 0
-2.979400e-01 3.152700e-01 -1.630800e-01 -3.204100e-02 14 64 1.036200e+01 1.980000e+00 -4.929200e+02 1562 0
-1.222300e-01 2.684400e-01 -1.611400e-01 -3.204100e-02 15 64 1.039200e+01 1.980000e+00 -2.457100e+02 1.875100e+03 0
3.536000e-01 3.251700e-01 -1.634900e-01 -3.204100e-02 28 64 1.214300e+01 1.980000e+00 1.177400e+03 1.624100e+03 0
6.799100e-01 6.443600e-01 -1.767300e-01 -3.204100e-02 29 64 1.363900e+01 1.980000e+00 1.283800e+03 9.286400e+02 0
6.725500e-01 7.397900e-01 -1.806900e-01 -3.204100e-02 30 64 1.458600e+01 1.980000e+00 1.188700e+03 8.480900e+02 0
6.793700e-01 7.972200e-01 -1.830700e-01 -3.204100e-02 31 64 1.474800e+01 1.980000e+00 1.154500e+03 8.104600e+02 0
6.766400e-01 8.279400e-01 -1.843500e-01 -3.204100e-02 32 64 1.422700e+01 1.980000e+00 1.132700e+03 7.926200e+02 0
6.810000e-01 8.643200e-01 -1.858600e-01 -3.204100e-02 33 64 1.275200e+01 1.980000e+00 1.115600e+03 7.734900e+02 0
-9.724000e-01 5.172500e-01 -1.714600e-01 -3.204100e-02 34 64 1.004200e+01 1.980000e+00 -8.335800e+02 1.005700e+03 0
7.514000e-01 8.322900e-01 -1.845300e-01 -3.204100e-02 35 64 1.010200e+01 1.980000e+00 1.196400e+03 7.917400e+02 0
-8.212400e-01 8.873100e-01 -1.868100e-01 -3.204100e-02 36 64 1.069300e+01 1.980000e+00 -5.638200e+01 7.374300e+02 0
-8.447100e-01 8.903000e-01 -1.869300e-01 -3.204100e-02 37 64 1.112900e+01 1.980000e+00 -7.068100e+01 7.358200e+02 0
-8.782700e-01 8.704900e-01 -1.861100e-01 -3.204100e-02 38 64 1.082000e+01 1.980000e+00 -1.138000e+02 7.436600e+02 0
