0 0 -1.500000e-01 0 1 65 1.663200e+01 2.890000e+00 2167 -3.612800e+03 0
-7.093800e-02 1.131200e-01 -1.568500e-01 0 5 65 1.519800e+01 2.890000e+00 -3.018300e+03 7.545400e+03 0
-1.585200e-01 1.860700e-01 -1.612700e-01 0 8 65 1.432600e+01 2.890000e+00 -1.093100e+03 2.924400e+03 0
-2.008100e-01 1.911000e-01 -1.615800e-01 0 9 65 1.368900e+01 2.890000e+00 -1.217300e+03 2.792400e+03 0
-2.480100e-01 1.860900e-01 -1.612700e-01 0 10 65 1.365300e+01 2.890000e+00 -1.520900e+03 2.859800e+03 0
-2.592000e-01 2.261800e-01 -1.637000e-01 0 11 65 1.308900e+01 2.890000e+00 -1.008100e+03 2.240800e+03 0
-2.881200e-01 2.322300e-01 -1.640700e-01 0 12 65 1.273000e+01 2.890000e+00 -1.046600e+03 2.163500e+03 0
-3.077600e-01 2.783400e-01 -1.668600e-01 0 13 65 1.196200e+01 2.890000e+00 -7.255400e+02 1.778800e+03 0
-3.014900e-01 3.037000e-01 -1.684000e-01 0 14 65 1.143100e+01 2.890000e+00 -5.600300e+02 1.634100e+03 0
-1.260500e-01 1.998200e-01 -1.621000e-01 0 15 65 1.139200e+01 2.890000e+00 -7.604400e+02 2.679100e+03 0
3.536000e-01 3.485000e-01 -1.711100e-01 0 28 65 1.310600e+01 2.890000e+00 1.135100e+03 1531 0
6.799100e-01 6.377200e-01 -1.886300e-01 0 29 65 1.467800e+01 2.890000e+00 1.291800e+03 9.495800e+02 0
6.725500e-01 7.358900e-01 -1.945800e-01 0 30 65 1.560500e+01 2.890000e+00 1.192400e+03 8.647800e+02 0
6.793700e-01 7.975800e-01 -1.983200e-01 0 31 65 1.575500e+01 2.890000e+00 1.154900e+03 8.239300e+02 0
6.766400e-01 8.321800e-01 -2.004100e-01 0 32 65 1.522200e+01 2.890000e+00 1.130800e+03 8.038700e+02 0
6.722700e-01 8.731900e-01 -2.029000e-01 0 33 65 1.377000e+01 2.890000e+00 1.104100e+03 7.823900e+02 0
6.212500e-01 9.556700e-01 -2.078900e-01 0 34 65 1.127000e+01 2.890000e+00 1.026300e+03 7.447800e+02 0
7.606700e-01 8.693600e-01 -2.026700e-01 0 35 65 1.071700e+01 2.890000e+00 1.180700e+03 7.859800e+02 0
-8.116900e-01 8.992500e-01 -2.044800e-01 0 36 65 1.173500e+01 2.890000e+00 -3.948200e+01 7.452800e+02 0
-8.447100e-01 8.885500e-01 -2.038300e-01 0 37 65 1.217700e+01 2.890000e+00 -7.273800e+01 7.491600e+02 0
-8.681700e-01 8.734900e-01 -2.029200e-01 0 38 65 1.180200e+01 2.890000e+00 -1.039600e+02 7.551500e+02 0
-8.916400e-01 8.794900e-01 -2.032800e-01 0 39 65 1.059300e+01 2.890000e+00 -1.153400e+02 7.522000e+02 0
-3.983400e-01 2.618000e+00 -3.086000e-01 0 366 65 9.813500e+00 2.890000e+00 5.522500e+02 5.145600e+02 0
0 0 -1.500000e-01 3.204100e-02 1 66 1.562800e+01 2.890000e+00 2167 -3.612800e+03 0
-7.202900e-02 1.128300e-01 -1.568300e-01 3.204100e-02 5 66 1.418400e+01 2.890000e+00 -3.058100e+03 7.589500e+03 0
-1.585200e-01 1.860500e-01 -1.612700e-01 3.204100e-02 8 66 1.332900e+01 2.890000e+00 -1.093400e+03 2.924800e+03 0
-2.008100e-01 1.912300e-01 -1.615800e-01 3.204100e-02 9 66 1.268000e+01 2.890000e+00 -1.215300e+03 2.789900e+03 0
-2.480100e-01 1.860900e-01 -1.612700e-01 3.204100e-02 10 66 1.262000e+01 2.890000e+00 -1521 2.859900e+03 0
-2.592000e-01 2.253100e-01 -1.636500e-01 3.204100e-02 11 66 1.205600e+01 2.890000e+00 -1.017400e+03 2.250800e+03 0
-2.851200e-01 2.332000e-01 -1.641300e-01 3.204100e-02 12 66 1.172400e+01 2.890000e+00 -1.026200e+03 2.154400e+03 0
-3.110400e-01 2.738300e-01 -1.665900e-01 3.204100e-02 13 66 1.096000e+01 2.890000e+00 -7.651700e+02 1.807700e+03 0
-2.943900e-01 3.099700e-01 -1.687800e-01 3.204100e-02 14 66 1.050100e+01 2.890000e+00 -5.109200e+02 1.603900e+03 0
-1.298700e-01 1.020900e-01 -1.561800e-01 3.204100e-02 15 66 1.047200e+01 2.890000e+00 -5.208900e+03 9.536300e+03 0
3.536000e-01 3.680800e-01 -1.723000e-01 3.204100e-02 28 66 1.203700e+01 2.890000e+00 1.104500e+03 1.452400e+03 0
6.799100e-01 6.326100e-01 -1.883200e-01 3.204100e-02 29 66 1.363200e+01 2.890000e+00 1.297500e+03 9.548400e+02 0
6.725500e-01 7.334100e-01 -1.944300e-01 3.204100e-02 30 66 1.455600e+01 2.890000e+00 1.194400e+03 8.665900e+02 0
6.793700e-01 7.975000e-01 -1.983100e-01 3.204100e-02 31 66 1.467000e+01 2.890000e+00 1155 8.239800e+02 0
6.766400e-01 8.346300e-01 -2.005600e-01 3.204100e-02 32 66 1.407500e+01 2.890000e+00 1.129400e+03 8.025300e+02 0
6.635400e-01 8.840100e-01 -2.035500e-01 3.204100e-02 33 66 1.248600e+01 2.890000e+00 1.091200e+03 7.769600e+02 0
5.672300e-01 9.350900e-01 -2.066500e-01 3.204100e-02 34 66 1.049200e+01 2.890000e+00 9.928900e+02 7.523800e+02 0
-7.926000e-01 9.242800e-01 -2.059900e-01 3.204100e-02 36 66 1.104500e+01 2.890000e+00 -5.228600e+00 7.356800e+02 0
-8.250600e-01 9.186300e-01 -2.056500e-01 3.204100e-02 37 66 1.144900e+01 2.890000e+00 -3.256000e+01 7.373800e+02 0
-8.479800e-01 9.025900e-01 -2.046800e-01 3.204100e-02 38 66 1.115200e+01 2.890000e+00 -6.251500e+01 7.433700e+02 0
-8.812700e-01 9.011800e-01 -2.045900e-01 3.204100e-02 39 66 1.017900e+01 2.890000e+00 -8.748800e+01 7.434200e+02 0
0 0 -1.500000e-01 6.408200e-02 1 67 1.037100e+01 2.890000e+00 2167 -3.612800e+03 0
6.567200e-01 7.437300e-01 -1.950500e-01 6.408200e-02 30 67 1.028400e+01 2.890000e+00 1.170500e+03 8.587100e+02 0
6.548100e-01 8.178100e-01 -1.995400e-01 6.408200e-02 31 67 1.106700e+01 2.890000e+00 1.119800e+03 8.114700e+02 0
6.681800e-01 8.305100e-01 -2.003100e-01 6.408200e-02 32 67 1.130400e+01 2.890000e+00 1.124300e+03 8.046100e+02 0
6.984700e-01 8.082500e-01 -1.989600e-01 6.408200e-02 33 67 1.083700e+01 2.890000e+00 1.165500e+03 8.179800e+02 0
0 0 -1.500000e-01 9.612300e-02 1 68 1.017900e+01 2.890000e+00 2167 -3.612800e+03 0
-1.746200e-02 1.372300e-02 -1.508300e-01 9.612300e-02 2 68 9.520500e+00 2.890000e+00 2.706300e+03 -4.574100e+03 0
6.725500e-01 7.146900e-01 -1.933000e-01 9.612300e-02 30 68 9.612700e+00 2.890000e+00 1.209500e+03 8.807600e+02 0
6.630000e-01 8.106700e-01 -1.991100e-01 9.612300e-02 31 68 1.021200e+01 2.890000e+00 1.131500e+03 8.157700e+02 0
6.766400e-01 8.246200e-01 -1.999500e-01 9.612300e-02 32 68 1.020600e+01 2.890000e+00 1.135300e+03 8.080800e+02 0
7.072000e-01 8.355500e-01 -2.006200e-01 9.612300e-02 33 68 9.832600e+00 2.890000e+00 1.155800e+03 8.026500e+02 0
-4.714600e+00 8.883600e+00 -6.881600e-01 -7.369400e-01 289 42 1.065800e+01 2.890000e+00 3.474100e+02 4.309600e+02 1
-4.731000e+00 8.913700e+00 -6.899900e-01 -7.369400e-01 290 42 1.055700e+01 2.890000e+00 3.474300e+02 4.308500e+02 1
-4.748700e+00 9.120200e+00 -7.024900e-01 -7.369400e-01 296 42 1.015100e+01 2.890000e+00 354 4.301300e+02 1
0 0 -1.500000e-01 -7.049000e-01 1 43 9.253200e+00 2.890000e+00 2167 -3.612800e+03 0
-4.714600e+00 8.883700e+00 -6.881700e-01 -7.049000e-01 289 43 1.036800e+01 2.890000e+00 3.474100e+02 4.309600e+02 1
-4.652200e+00 8.934100e+00 -6.912200e-01 -7.049000e-01 290 43 1.014300e+01 2.890000e+00 3.536800e+02 4.308000e+02 1
0 0 -1.500000e-01 -4.485700e-01 1 51 9.361500e+00 2.890000e+00 2167 -3.612800e+03 0
1.091100e+00 9.678900e-01 -2.086300e-01 -4.485700e-01 44 51 1.043500e+01 2.890000e+00 1.376100e+03 7.471400e+02 0
1.128500e+00 9.399100e-01 -2.069400e-01 -4.485700e-01 45 51 1.026500e+01 2.890000e+00 1.428900e+03 7.595200e+02 0
1.091100e+00 9.824600e-01 -2.095200e-01 -4.165300e-01 44 52 1.041200e+01 2.890000e+00 1.364700e+03 7.413200e+02 0
1.140500e+00 9.625000e-01 -2.083100e-01 -4.165300e-01 45 52 1.032300e+01 2.890000e+00 1.418700e+03 7.501300e+02 0
0 0 -1.500000e-01 -3.204100e-02 1 64 1.560400e+01 2.890000e+00 2167 -3.612800e+03 0
-7.093800e-02 1.125700e-01 -1.568200e-01 -3.204100e-02 5 64 1.418600e+01 2.890000e+00 -3.067800e+03 7.640700e+03 0
-1.585200e-01 1.861000e-01 -1.612700e-01 -3.204100e-02 8 64 1.328700e+01 2.890000e+00 -1.092700e+03 2.923800e+03 0
-2.008100e-01 1.903800e-01 -1.615300e-01 -3.204100e-02 9 64 1.268700e+01 2.890000e+00 -1.228500e+03 2.806500e+03 0
-2.480100e-01 1.851200e-01 -1.612100e-01 -3.204100e-02 10 64 1.263100e+01 2.890000e+00 -1539 2.879900e+03 0
-2.619200e-01 2.212400e-01 -1.634000e-01 -3.204100e-02 11 64 1.210300e+01 2.890000e+00 -1.072100e+03 2.297900e+03 0
-2.881200e-01 2.310600e-01 -1.640000e-01 -3.204100e-02 12 64 1.168500e+01 2.890000e+00 -1.058700e+03 2.175800e+03 0
-3.077600e-01 2.772600e-01 -1.668000e-01 -3.204100e-02 13 64 1.091300e+01 2.890000e+00 -7.327000e+02 1.785800e+03 0
-1.375100e-01 1.951700e-01 -1.618200e-01 -3.204100e-02 15 64 1.047900e+01 2.890000e+00 -8.677000e+02 2.756300e+03 0
3.536000e-01 3.313100e-01 -1.700700e-01 -3.204100e-02 28 64 1.213800e+01 2.890000e+00 1166 1.610300e+03 0
6.799100e-01 6.415700e-01 -1.888700e-01 -3.204100e-02 29 64 1.367400e+01 2.890000e+00 1.287600e+03 9.456800e+02 0
6.725500e-01 7.373000e-01 -1.946700e-01 -3.204100e-02 30 64 1.459900e+01 2.890000e+00 1.191300e+03 8.637500e+02 0
6.793700e-01 7.975500e-01 -1.983200e-01 -3.204100e-02 31 64 1.475200e+01 2.890000e+00 1.154900e+03 8.239400e+02 0
6.766400e-01 8.306000e-01 -2.003200e-01 -3.204100e-02 32 64 1.422600e+01 2.890000e+00 1.131700e+03 8.047400e+02 0
6.722700e-01 8.685500e-01 -2.026200e-01 -3.204100e-02 33 64 1.280300e+01 2.890000e+00 1.106500e+03 7.847000e+02 0
6.302600e-01 9.579800e-01 -2.080300e-01 -3.204100e-02 34 64 1.011500e+01 2.890000e+00 1.032100e+03 7.439900e+02 0
-8.116900e-01 9.038400e-01 -2.047500e-01 -3.204100e-02 36 64 1.021900e+01 2.890000e+00 -3.555800e+01 7.434300e+02 0
-8.447100e-01 8.886100e-01 -2.038300e-01 -3.204100e-02 37 64 1.076200e+01 2.890000e+00 -7.269100e+01 7.491400e+02 0
-8.479800e-01 8.986700e-01 -2.044400e-01 -3.204100e-02 38 64 1.037000e+01 2.890000e+00 -6.598800e+01 7.449500e+02 0
