0 0 -1.500000e-01 0 1 65 1.662000e+01 1.900000e+00 2167 -3.612800e+03 0
-7.093800e-02 1.129800e-01 -1.545000e-01 0 5 65 1.520100e+01 1.900000e+00 -3.021800e+03 7.516500e+03 0
-1.585200e-01 1.860800e-01 -1.574100e-01 0 8 65 1.434100e+01 1.900000e+00 -1.090800e+03 2.900700e+03 0
-2.008100e-01 1.910700e-01 -1.576100e-01 0 9 65 1.368900e+01 1.900000e+00 -1.215400e+03 2.770100e+03 0
-2.480100e-01 1.862300e-01 -1.574100e-01 0 10 65 1.365700e+01 1.900000e+00 -1.515600e+03 2834 0
-2.619200e-01 2.224800e-01 -1.588600e-01 0 11 65 1.317300e+01 1.900000e+00 -1.056300e+03 2.262700e+03 0
-2.881200e-01 2.332100e-01 -1.592800e-01 0 12 65 1.273100e+01 1.900000e+00 -1.034600e+03 2.133600e+03 0
-3.044900e-01 2.820700e-01 -1.612300e-01 0 13 65 1.193500e+01 1.900000e+00 -6.911100e+02 1738 0
-4.291700e-01 8.630200e-02 -1.534400e-01 0 14 65 1.147300e+01 1.900000e+00 -13571 11415 0
-1.222300e-01 3.083200e-01 -1.622700e-01 0 15 65 1.122800e+01 1.900000e+00 -8.853100e+01 1.624800e+03 0
-3.560500e-01 3.774500e-01 -1.650300e-01 0 16 65 1.114300e+01 1.900000e+00 -3.686900e+02 1.321600e+03 0
3.609700e-01 3.049000e-01 -1.621400e-01 0 28 65 1.308500e+01 1.900000e+00 1244 1.738500e+03 0
6.799100e-01 6.394000e-01 -1.754500e-01 0 29 65 1.466600e+01 1.900000e+00 1.289100e+03 9.323400e+02 0
6.725500e-01 7.379900e-01 -1.793800e-01 0 30 65 1.559900e+01 1.900000e+00 1.190100e+03 8.481600e+02 0
6.793700e-01 7.975600e-01 -1.817500e-01 0 31 65 1.575000e+01 1.900000e+00 1.154200e+03 8.090600e+02 0
6.766400e-01 8.329900e-01 -1.831600e-01 0 32 65 1.520500e+01 1.900000e+00 1.129700e+03 7.886500e+02 0
6.810000e-01 8.731900e-01 -1.847600e-01 0 33 65 1.370200e+01 1.900000e+00 1.110800e+03 7.678900e+02 0
6.864600e-01 9.010400e-01 -1.858700e-01 0 35 65 1.103700e+01 1.900000e+00 1.100700e+03 7.547600e+02 0
-8.116900e-01 9.104600e-01 -1.862400e-01 0 36 65 1.181800e+01 1.900000e+00 -2.948700e+01 7.270700e+02 0
-8.447100e-01 9.046900e-01 -1.860100e-01 0 37 65 1.234100e+01 1.900000e+00 -5.783600e+01 7.288800e+02 0
-8.681700e-01 8.954900e-01 -1.856500e-01 0 38 65 1.197300e+01 1.900000e+00 -8.280300e+01 7.322300e+02 0
-9.331100e-01 8.433800e-01 -1.835700e-01 0 39 65 1.054600e+01 1.900000e+00 -1.827500e+02 7.537100e+02 0
0 0 -1.500000e-01 3.204100e-02 1 66 1.560500e+01 1.900000e+00 2167 -3.612800e+03 0
-7.093800e-02 1.129700e-01 -1.545000e-01 3.204100e-02 5 66 1.418900e+01 1.900000e+00 -3.023400e+03 7.519500e+03 0
-1.585200e-01 1.860800e-01 -1.574100e-01 3.204100e-02 8 66 1.329700e+01 1.900000e+00 -1.090800e+03 2.900700e+03 0
-2.008100e-01 1.909400e-01 -1.576000e-01 3.204100e-02 9 66 1.265500e+01 1.900000e+00 -1.217400e+03 2.772500e+03 0
-2.480100e-01 1.870900e-01 -1.574500e-01 3.204100e-02 10 66 1.264800e+01 1.900000e+00 -1.500100e+03 2.816800e+03 0
-2.646500e-01 2.194400e-01 -1.587400e-01 3.204100e-02 11 66 1.220100e+01 1.900000e+00 -1101 2.298500e+03 0
-2.881200e-01 2.344100e-01 -1.593300e-01 3.204100e-02 12 66 1.172200e+01 1.900000e+00 -1.022300e+03 2.121200e+03 0
-3.012100e-01 2.853200e-01 -1.613600e-01 3.204100e-02 13 66 1.092200e+01 1.900000e+00 -6.621200e+02 1.718900e+03 0
-4.220800e-01 1.184900e-01 -1.547200e-01 3.204100e-02 14 66 1.052600e+01 1.900000e+00 -5.729900e+03 5.411900e+03 0
-4.048900e-01 2.472600e-01 -1.598400e-01 3.204100e-02 15 66 1.031000e+01 1.900000e+00 -1.265500e+03 1.964800e+03 0
3.536000e-01 3.350300e-01 -1.633400e-01 3.204100e-02 28 66 1.211500e+01 1.900000e+00 1.158200e+03 1.573700e+03 0
6.722700e-01 6.440000e-01 -1.756400e-01 3.204100e-02 29 66 1.367500e+01 1.900000e+00 1.274900e+03 9.274700e+02 0
6.725500e-01 7.374500e-01 -1.793600e-01 3.204100e-02 30 66 1.462700e+01 1.900000e+00 1.190500e+03 8.485600e+02 0
6.711800e-01 8.044600e-01 -1.820200e-01 3.204100e-02 31 66 1.480600e+01 1.900000e+00 1.142200e+03 8.047600e+02 0
6.766400e-01 8.332900e-01 -1.831700e-01 3.204100e-02 32 66 1.430800e+01 1.900000e+00 1.129500e+03 7.884900e+02 0
6.810000e-01 8.701500e-01 -1.846400e-01 3.204100e-02 33 66 1.289500e+01 1.900000e+00 1.112400e+03 7.693900e+02 0
-1.076100e+00 4.175800e-01 -1.666200e-01 3.204100e-02 35 66 9.953600e+00 1.900000e+00 -1394 1.160900e+03 0
-8.212400e-01 9.006500e-01 -1.858500e-01 3.204100e-02 36 66 1.078800e+01 1.900000e+00 -4.462700e+01 7.308500e+02 0
-8.447100e-01 9.069600e-01 -1.861000e-01 3.204100e-02 37 66 1.130500e+01 1.900000e+00 -5.585300e+01 7.279700e+02 0
-8.782700e-01 9.042500e-01 -1.860000e-01 3.204100e-02 38 66 1.089700e+01 1.900000e+00 -8.203900e+01 7.285500e+02 0
0 0 -1.500000e-01 6.408200e-02 1 67 1.016200e+01 1.900000e+00 2167 -3.612800e+03 0
6.329800e-01 7.888100e-01 -1.814000e-01 6.408200e-02 30 67 9.710100e+00 1.900000e+00 1.116500e+03 8.133600e+02 0
6.793700e-01 7.719700e-01 -1.807300e-01 6.408200e-02 31 67 9.965500e+00 1.900000e+00 1.171700e+03 8.250800e+02 0
7.273900e-01 7.385700e-01 -1.794000e-01 6.408200e-02 32 67 9.797300e+00 1.900000e+00 1.245500e+03 8.491800e+02 0
-6.460800e+00 1.101200e+01 1.991700e+00 -7.049000e-01 371 43 1.027500e+01 1.900000e+00 3.175200e+02 2.715800e+02 0
-6.174600e+00 1.109100e+01 2.595100e+00 -7.049000e-01 372 43 1.026000e+01 1.900000e+00 3.362000e+02 2.399400e+02 0
-1.724300e+00 2.143700e+00 -2.353400e-01 -6.408200e-01 81 45 9.860700e+00 1.900000e+00 1.275500e+02 5.239500e+02 1
-1.790100e+00 2.148700e+00 -2.355400e-01 -6.408200e-01 82 45 1.020000e+01 1.900000e+00 1.098900e+02 5.234400e+02 1
-1.856900e+00 2.162300e+00 -2.360800e-01 -6.408200e-01 83 45 9.920800e+00 1.900000e+00 9.442400e+01 5.224000e+02 1
-1.766400e+00 2.043800e+00 -2.313600e-01 -6.087800e-01 79 46 1.089200e+01 1.900000e+00 8.690300e+01 5.306200e+02 1
-1.810600e+00 2.063800e+00 -2.321600e-01 -6.087800e-01 80 46 1.211500e+01 1.900000e+00 7.956700e+01 5.290700e+02 1
-1.855300e+00 2.079100e+00 -2.327700e-01 -6.087800e-01 81 46 1.225500e+01 1.900000e+00 7.081600e+01 5.278800e+02 1
-1.900600e+00 2.083100e+00 -2.329300e-01 -6.087800e-01 82 46 1.158800e+01 1.900000e+00 5.858800e+01 5.274800e+02 1
-1.856900e+00 2.176900e+00 -2.366600e-01 -6.087800e-01 83 46 1.145000e+01 1.900000e+00 9.848300e+01 5.214700e+02 1
-1.902200e+00 2.145000e+00 -2.353900e-01 -6.087800e-01 84 46 1.120300e+01 1.900000e+00 7.651100e+01 5.233800e+02 1
-1.971000e+00 2.163500e+00 -2.361200e-01 -6.087800e-01 85 46 1.048800e+01 1.900000e+00 6.221200e+01 5.220100e+02 1
-1.808900e+00 1.979900e+00 -2.288200e-01 -5.767400e-01 79 47 1.102600e+01 1.900000e+00 5.387600e+01 5.351800e+02 0
-1.810600e+00 2.060200e+00 -2.320100e-01 -5.767400e-01 80 47 1.233600e+01 1.900000e+00 7.848900e+01 5.293300e+02 1
-1.855300e+00 2.081900e+00 -2.328800e-01 -5.767400e-01 81 47 1.243500e+01 1.900000e+00 7.163600e+01 5.277000e+02 1
-1.922700e+00 2.067700e+00 -2.323100e-01 -5.767400e-01 82 47 1.137700e+01 1.900000e+00 4.722400e+01 5.284700e+02 0
-1.834600e+00 2.198900e+00 -2.375300e-01 -5.767400e-01 83 47 1.108700e+01 1.900000e+00 1.107700e+02 5.201700e+02 1
-1.856900e+00 2.177900e+00 -2.367000e-01 -5.767400e-01 84 47 1.083100e+01 1.900000e+00 9.873900e+01 5.214100e+02 1
-1.810600e+00 2.015000e+00 -2.302100e-01 -5.447000e-01 80 48 9.892700e+00 1.900000e+00 6.459700e+01 5.325600e+02 1
-1.833500e+00 2.096100e+00 -2.334400e-01 -5.447000e-01 81 48 1.027100e+01 1.900000e+00 8.232700e+01 5.267900e+02 1
-5.645300e+00 4.532200e+00 -3.304200e-01 -4.806200e-01 210 50 1.031400e+01 1.900000e+00 -1.015700e+02 4.480900e+02 0
-5.645300e+00 4.591000e+00 -3.327600e-01 -4.485700e-01 210 51 1.060400e+01 1.900000e+00 -9.163900e+01 4.473200e+02 0
-5.672300e+00 4.553700e+00 -3.312700e-01 -4.485700e-01 211 51 1.023700e+01 1.900000e+00 -1.014300e+02 4.477900e+02 0
0 0 -1.500000e-01 -6.408200e-02 1 63 9.887300e+00 1.900000e+00 2167 -3.612800e+03 0
-8.730800e-03 3.050200e-02 -1.512100e-01 -6.408200e-02 2 63 9.637400e+00 1.900000e+00 3.347800e+03 -6.468200e+03 0
-2.019000e-02 5.174000e-02 -1.520600e-01 -6.408200e-02 3 63 9.522800e+00 1.900000e+00 6.355500e+03 -13360 0
6.646300e-01 7.641800e-01 -1.804200e-01 -6.408200e-02 30 63 1.024200e+01 1.900000e+00 1.162900e+03 8.298500e+02 0
6.711800e-01 7.875900e-01 -1.813500e-01 -6.408200e-02 31 63 1.109400e+01 1.900000e+00 1.153200e+03 8.149700e+02 0
6.851000e-01 7.981500e-01 -1.817700e-01 -6.408200e-02 32 63 1.107100e+01 1.900000e+00 1.159200e+03 8.088300e+02 0
6.984700e-01 8.097300e-01 -1.822300e-01 -6.408200e-02 33 63 1.019500e+01 1.900000e+00 1.163800e+03 8.022400e+02 0
0 0 -1.500000e-01 -3.204100e-02 1 64 1.560600e+01 1.900000e+00 2167 -3.612800e+03 0
-7.093800e-02 1.131300e-01 -1.545000e-01 -3.204100e-02 5 64 1.417300e+01 1.900000e+00 -3.008500e+03 7.490900e+03 0
-1.585200e-01 1.861000e-01 -1.574100e-01 -3.204100e-02 8 64 1.333400e+01 1.900000e+00 -1.090500e+03 2.900100e+03 0
-2.008100e-01 1.902500e-01 -1.575700e-01 -3.204100e-02 9 64 1.268400e+01 1.900000e+00 -1.228100e+03 2.785900e+03 0
-2.480100e-01 1.851400e-01 -1.573700e-01 -3.204100e-02 10 64 1.264400e+01 1.900000e+00 -1.535900e+03 2.856400e+03 0
-2.619200e-01 2.214800e-01 -1.588200e-01 -3.204100e-02 11 64 1.224700e+01 1.900000e+00 -1.067500e+03 2.274700e+03 0
-2.881200e-01 2.308100e-01 -1.591900e-01 -3.204100e-02 12 64 1.178100e+01 1.900000e+00 -1.059500e+03 2.158800e+03 0
-3.077600e-01 2.763800e-01 -1.610000e-01 -3.204100e-02 13 64 1.096400e+01 1.900000e+00 -7.371900e+02 1.773400e+03 0
-1.260500e-01 2.480900e-01 -1.598800e-01 -3.204100e-02 15 64 1.037900e+01 1.900000e+00 -3.657100e+02 2.042100e+03 0
3.536000e-01 2.967700e-01 -1.618100e-01 -3.204100e-02 28 64 1.198900e+01 1.900000e+00 1.242400e+03 1789 0
6.799100e-01 6.429600e-01 -1.755900e-01 -3.204100e-02 29 64 1.361700e+01 1.900000e+00 1.285200e+03 9.287800e+02 0
6.804600e-01 7.315500e-01 -1.791200e-01 -3.204100e-02 30 64 1.451600e+01 1.900000e+00 1.203200e+03 8.530600e+02 0
6.793700e-01 7.975800e-01 -1.817500e-01 -3.204100e-02 31 64 1.459800e+01 1.900000e+00 1.154200e+03 8.090500e+02 0
6.766400e-01 8.354600e-01 -1.832600e-01 -3.204100e-02 32 64 1.393000e+01 1.900000e+00 1.128200e+03 7.873100e+02 0
6.810000e-01 8.821700e-01 -1.851200e-01 -3.204100e-02 33 64 1.216000e+01 1.900000e+00 1106 7.635200e+02 0
-9.633900e-01 3.431000e-01 -1.636600e-01 -3.204100e-02 34 64 1.048900e+01 1.900000e+00 -1.698300e+03 1.362500e+03 0
6.771800e-01 9.019600e-01 -1.859100e-01 -3.204100e-02 35 64 1.039200e+01 1.900000e+00 1.092800e+03 7.541900e+02 0
-8.116900e-01 9.138100e-01 -1.863800e-01 -3.204100e-02 36 64 1.085000e+01 1.900000e+00 -2.669700e+01 7.257600e+02 0
-8.348900e-01 9.211100e-01 -1.866700e-01 -3.204100e-02 37 64 1.134500e+01 1.900000e+00 -3.688400e+01 7.225900e+02 0
-8.681700e-01 8.958500e-01 -1.856600e-01 -3.204100e-02 38 64 1.105600e+01 1.900000e+00 -8.246900e+01 7.320800e+02 0
