0 0 -1.500000e-01 0 1 65 1.663500e+01 3.990000e+00 2167 -3.612800e+03 0
-7.093800e-02 1.129300e-01 -1.594500e-01 0 5 65 1.519400e+01 3.990000e+00 -3045 7.636600e+03 0
-1.585200e-01 1.861000e-01 -1.655800e-01 0 8 65 1.433600e+01 3.990000e+00 -1.095200e+03 2.950300e+03 0
-2.008100e-01 1.908000e-01 -1.659700e-01 0 9 65 1.366100e+01 3.990000e+00 -1.224600e+03 2.823800e+03 0
-2.480100e-01 1.864900e-01 -1.656100e-01 0 10 65 1.363200e+01 3.990000e+00 -1.516800e+03 2.877400e+03 0
-2.619200e-01 2.224400e-01 -1.686200e-01 0 11 65 1.306700e+01 3.990000e+00 -1.060800e+03 2.306100e+03 0
-2.881200e-01 2.323500e-01 -1.694500e-01 0 12 65 1.268700e+01 3.990000e+00 -1.047400e+03 2.184200e+03 0
-3.077600e-01 2.789300e-01 -1.733500e-01 0 13 65 1.192200e+01 3.990000e+00 -7.231600e+02 1.795100e+03 0
-3.050300e-01 2.973300e-01 -1.748900e-01 0 14 65 1.137200e+01 3.990000e+00 -6.046400e+02 1.686800e+03 0
-1.222300e-01 3.524700e-01 -1.795000e-01 0 15 65 1.121300e+01 3.990000e+00 3.261800e+01 1.467200e+03 0
3.609700e-01 3.114100e-01 -1.760700e-01 0 28 65 1.315400e+01 3.990000e+00 1.230100e+03 1740 0
6.799100e-01 6.386700e-01 -2.034600e-01 0 29 65 1.469000e+01 3.990000e+00 1.291700e+03 9.659600e+02 0
6.725500e-01 7.363600e-01 -2.116300e-01 0 30 65 1.561000e+01 3.990000e+00 1.192900e+03 8.812700e+02 0
6.793700e-01 7.975600e-01 -2.167600e-01 0 31 65 1.577700e+01 3.990000e+00 1.155700e+03 8.405400e+02 0
6.766400e-01 8.316800e-01 -2.196100e-01 0 32 65 1.526600e+01 3.990000e+00 1.131800e+03 8.206300e+02 0
6.810000e-01 8.681500e-01 -2.226700e-01 0 33 65 1.383300e+01 3.990000e+00 1.114800e+03 8.014500e+02 0
6.122500e-01 9.634900e-01 -2.306500e-01 0 34 65 1.090100e+01 3.990000e+00 1.017200e+03 7.576100e+02 0
7.792300e-01 6.494400e-01 -2.043600e-01 0 35 65 1.080700e+01 3.990000e+00 1.398700e+03 9.588700e+02 0
-8.498900e-01 8.756000e-01 -2.232900e-01 0 36 65 1.178900e+01 3.990000e+00 -8.910600e+01 7.698600e+02 0
-8.545300e-01 8.928800e-01 -2.247400e-01 0 37 65 1.225100e+01 3.990000e+00 -7.647100e+01 7.625000e+02 0
-8.782700e-01 8.888700e-01 -2.244000e-01 0 38 65 1.192800e+01 3.990000e+00 -9.730700e+01 7.637700e+02 0
-9.227400e-01 8.671200e-01 -2.225800e-01 0 39 65 1.074800e+01 3.990000e+00 -1.511200e+02 7.722800e+02 0
0 0 -1.500000e-01 3.204100e-02 1 66 1.563400e+01 3.990000e+00 2167 -3.612800e+03 0
-7.202900e-02 1.123600e-01 -1.594000e-01 3.204100e-02 5 66 1.418100e+01 3.990000e+00 -3.110500e+03 7.730300e+03 0
-1.585200e-01 1.860900e-01 -1.655800e-01 3.204100e-02 8 66 1.332200e+01 3.990000e+00 -1.095300e+03 2.950400e+03 0
-2.008100e-01 1.910000e-01 -1.659900e-01 3.204100e-02 9 66 1.266500e+01 3.990000e+00 -1.221400e+03 2.819800e+03 0
-2.480100e-01 1.869400e-01 -1.656500e-01 3.204100e-02 10 66 1.264200e+01 3.990000e+00 -1.508500e+03 2.868200e+03 0
-2.619200e-01 2.236000e-01 -1.687200e-01 3.204100e-02 11 66 1.212400e+01 3.990000e+00 -1.047900e+03 2.292200e+03 0
-2.881200e-01 2.347400e-01 -1.696500e-01 3.204100e-02 12 66 1.170900e+01 3.990000e+00 -1.022900e+03 2.159300e+03 0
-3.077600e-01 2.782100e-01 -1.732900e-01 3.204100e-02 13 66 1.097200e+01 3.990000e+00 -7.279000e+02 1.799800e+03 0
-1.145900e-01 3.964600e-01 -1.831800e-01 3.204100e-02 15 66 1.045200e+01 3.990000e+00 1.362000e+02 1326 0
3.536000e-01 3.074400e-01 -1.757300e-01 3.204100e-02 28 66 1.216200e+01 3.990000e+00 1.217900e+03 1.762300e+03 0
6.799100e-01 6.338200e-01 -2.030500e-01 3.204100e-02 29 66 1.368500e+01 3.990000e+00 1.297100e+03 9.709500e+02 0
6.725500e-01 7.333200e-01 -2.113800e-01 3.204100e-02 30 66 1.458700e+01 3.990000e+00 1.195300e+03 8.835100e+02 0
6.793700e-01 7.975500e-01 -2.167600e-01 3.204100e-02 31 66 1.473200e+01 3.990000e+00 1.155700e+03 8.405500e+02 0
6.766400e-01 8.337200e-01 -2.197800e-01 3.204100e-02 32 66 1.417800e+01 3.990000e+00 1.130600e+03 8.195000e+02 0
6.810000e-01 8.735500e-01 -2.231200e-01 3.204100e-02 33 66 1.266300e+01 3.990000e+00 1.111900e+03 7.987400e+02 0
-8.594400e-01 8.674300e-01 -2.226000e-01 3.204100e-02 36 66 1.075100e+01 3.990000e+00 -1.039800e+02 7.732400e+02 0
-8.643500e-01 8.884900e-01 -2.243700e-01 3.204100e-02 37 66 1.124800e+01 3.990000e+00 -8.760000e+01 7.641600e+02 0
-8.883600e-01 8.822300e-01 -2.238400e-01 3.204100e-02 38 66 1.101300e+01 3.990000e+00 -1.109300e+02 7.663800e+02 0
-9.538400e-01 8.053600e-01 -2.174100e-01 3.204100e-02 39 66 1.000600e+01 3.990000e+00 -2.443000e+02 8.007700e+02 0
0 0 -1.500000e-01 6.408200e-02 1 67 9.676100e+00 3.990000e+00 2167 -3.612800e+03 0
-2.046300e-02 1.976600e-02 -1.516500e-01 6.408200e-02 2 67 9.422100e+00 3.990000e+00 2972 -5148 0
6.488100e-01 7.776500e-01 -2.150900e-01 6.408200e-02 30 67 9.431700e+00 3.990000e+00 1.139900e+03 8.522900e+02 0
6.466300e-01 8.150800e-01 -2.182200e-01 6.408200e-02 31 67 9.907000e+00 3.990000e+00 1.114800e+03 8.293800e+02 0
6.428100e-01 8.418700e-01 -2.204700e-01 6.408200e-02 32 67 9.924100e+00 3.990000e+00 1.096300e+03 8.143500e+02 0
6.635400e-01 8.630000e-01 -2.222300e-01 6.408200e-02 33 67 9.706100e+00 3.990000e+00 1.102800e+03 8.037100e+02 0
3.969800e+00 9.339000e+00 -9.316900e-01 -1.025300e+00 292 33 1.030900e+01 3.990000e+00 9.589300e+02 4.465500e+02 1
3.903800e+00 9.420300e+00 -9.385000e-01 -1.025300e+00 293 33 1.033800e+01 3.990000e+00 9.519700e+02 4.462300e+02 1
3.609700e+00 9.569600e+00 -9.509900e-01 -1.025300e+00 295 33 1.057100e+01 3.990000e+00 9.276200e+02 4.456000e+02 1
3.702400e+00 9.570300e+00 -9.510500e-01 -1.025300e+00 296 33 1.121800e+01 3.990000e+00 9.339800e+02 4.456300e+02 1
3.715000e+00 9.589100e+00 -9.526200e-01 -1.025300e+00 297 33 1.111400e+01 3.990000e+00 9.343700e+02 4.455700e+02 1
3.727500e+00 9.612600e+00 -9.545900e-01 -1.025300e+00 298 33 1.038200e+01 3.990000e+00 9.346300e+02 4.454900e+02 1
3.969800e+00 9.338700e+00 -9.316600e-01 -9.932700e-01 292 34 1.133100e+01 3.990000e+00 9.589400e+02 4.465600e+02 1
3.903800e+00 9.418700e+00 -9.383600e-01 -9.932700e-01 293 34 1.129300e+01 3.990000e+00 9.520200e+02 4.462400e+02 1
3.677300e+00 9.548100e+00 -9.491900e-01 -9.932700e-01 294 34 1.102700e+01 3.990000e+00 9.328200e+02 4.457000e+02 1
3.609700e+00 9.590800e+00 -9.527600e-01 -9.932700e-01 295 34 1.195200e+01 3.990000e+00 9.271000e+02 4.455300e+02 1
3.702400e+00 9.585000e+00 -9.522800e-01 -9.932700e-01 296 34 1.258800e+01 3.990000e+00 9.336100e+02 4.455800e+02 1
3.795700e+00 9.586200e+00 -9.523800e-01 -9.932700e-01 297 34 1.240000e+01 3.990000e+00 9.399900e+02 4.456100e+02 1
3.808500e+00 9.619400e+00 -9.551600e-01 -9.932700e-01 298 34 1.141600e+01 3.990000e+00 940 4.455000e+02 1
3.585100e+00 9.507000e+00 -9.457500e-01 -9.612300e-01 293 35 1.048800e+01 3.990000e+00 9.274900e+02 4.458100e+02 1
3.437500e+00 9.631600e+00 -9.561800e-01 -9.612300e-01 294 35 1.049400e+01 3.990000e+00 9.143400e+02 4.453200e+02 1
3.609700e+00 9.598300e+00 -9.534000e-01 -9.612300e-01 295 35 1.141200e+01 3.990000e+00 9.269100e+02 4.455000e+02 1
3.702400e+00 9.590400e+00 -9.527400e-01 -9.612300e-01 296 35 1.198900e+01 3.990000e+00 9.334700e+02 4.455600e+02 1
3.795700e+00 9.592000e+00 -9.528700e-01 -9.612300e-01 297 35 1.170500e+01 3.990000e+00 9.398300e+02 4.455900e+02 1
3.970600e+00 9.568900e+00 -9.509400e-01 -9.612300e-01 298 35 1.050500e+01 3.990000e+00 9.524900e+02 4.457300e+02 1
-4.543300e+00 4.211200e+00 -5.024800e-01 -5.767400e-01 182 47 1.016900e+01 3.990000e+00 -5.568900e+00 4.801100e+02 0
-4.667700e+00 4.195700e+00 -5.011800e-01 -5.767400e-01 183 47 1.081200e+01 3.990000e+00 -2.594200e+01 4.802300e+02 0
-4.793200e+00 4.172300e+00 -4.992200e-01 -5.767400e-01 184 47 1.055400e+01 3.990000e+00 -4.794700e+01 4.804600e+02 0
-4.618100e+00 4.154100e+00 -4.977000e-01 -5.447000e-01 183 48 1.025900e+01 3.990000e+00 -2.583000e+01 4.809400e+02 0
-4.843200e+00 4.078700e+00 -4.913900e-01 -5.447000e-01 184 48 1.018600e+01 3.990000e+00 -7.193900e+01 4.819300e+02 0
0 0 -1.500000e-01 -3.204100e-02 1 64 1.560700e+01 3.990000e+00 2167 -3.612800e+03 0
-7.093800e-02 1.125500e-01 -1.594200e-01 -3.204100e-02 5 64 1.417600e+01 3.990000e+00 -3.079400e+03 7.703100e+03 0
-1.585200e-01 1.861000e-01 -1.655800e-01 -3.204100e-02 8 64 1.334000e+01 3.990000e+00 -1.095200e+03 2.950300e+03 0
-2.008100e-01 1.898400e-01 -1.658900e-01 -3.204100e-02 9 64 1.262500e+01 3.990000e+00 -1.239600e+03 2.842700e+03 0
-2.480100e-01 1.851800e-01 -1.655000e-01 -3.204100e-02 10 64 1.261000e+01 3.990000e+00 -1.540900e+03 2.904300e+03 0
-2.619200e-01 2.206700e-01 -1.684700e-01 -3.204100e-02 11 64 1.203000e+01 3.990000e+00 -1.080800e+03 2.327700e+03 0
-2.881200e-01 2.291000e-01 -1.691800e-01 -3.204100e-02 12 64 1.163000e+01 3.990000e+00 -1.081700e+03 2.219200e+03 0
-3.110400e-01 2.746600e-01 -1.729900e-01 -3.204100e-02 13 64 1.075200e+01 3.990000e+00 -7.609800e+02 1.822400e+03 0
-3.050300e-01 3.093100e-01 -1.758900e-01 -3.204100e-02 14 64 1.040500e+01 3.990000e+00 -5.412100e+02 1.624600e+03 0
-1.145900e-01 3.182700e-01 -1.766400e-01 -3.204100e-02 15 64 1.032900e+01 3.990000e+00 -3.968100e+01 1.613800e+03 0
3.536000e-01 3.733600e-01 -1.812500e-01 -3.204100e-02 28 64 1.212100e+01 3.990000e+00 1.097800e+03 1.452800e+03 0
6.799100e-01 6.440600e-01 -2.039100e-01 -3.204100e-02 29 64 1.366300e+01 3.990000e+00 1.285800e+03 9.605100e+02 0
6.725500e-01 7.395000e-01 -2.119000e-01 -3.204100e-02 30 64 1.458600e+01 3.990000e+00 1.190400e+03 8.789900e+02 0
6.793700e-01 7.973100e-01 -2.167400e-01 -3.204100e-02 31 64 1.477500e+01 3.990000e+00 1.155800e+03 8.407000e+02 0
6.766400e-01 8.290900e-01 -2.194000e-01 -3.204100e-02 32 64 1.431100e+01 3.990000e+00 1.133400e+03 8.220700e+02 0
6.722700e-01 8.692700e-01 -2.227600e-01 -3.204100e-02 33 64 1.296100e+01 3.990000e+00 1.106900e+03 8.007100e+02 0
6.032500e-01 9.817800e-01 -2.321800e-01 -3.204100e-02 34 64 1.000500e+01 3.990000e+00 1.003900e+03 7.503700e+02 0
7.885000e-01 7.561500e-01 -2.132900e-01 -3.204100e-02 35 64 1.005000e+01 3.990000e+00 1.293400e+03 8.703100e+02 0
-8.498900e-01 8.781300e-01 -2.235000e-01 -3.204100e-02 36 64 1.081200e+01 3.990000e+00 -8.672800e+01 7.687800e+02 0
-8.545300e-01 9.024900e-01 -2.255400e-01 -3.204100e-02 37 64 1.119900e+01 3.990000e+00 -6.783500e+01 7.585800e+02 0
-8.782700e-01 9.016600e-01 -2.254700e-01 -3.204100e-02 38 64 1.080500e+01 3.990000e+00 -8.549100e+01 7.585300e+02 0
