0 0 -1.500000e-01 0 1 65 1.660100e+01 3.060000e+00 2167 -3.612800e+03 0
-7.093800e-02 1.128200e-01 -1.572400e-01 0 5 65 1.519800e+01 3.060000e+00 -3.046900e+03 7.606500e+03 0
-1.585200e-01 1.860700e-01 -1.619400e-01 0 8 65 1.434900e+01 3.060000e+00 -1.093600e+03 2.928600e+03 0
-2.008100e-01 1.910500e-01 -1.622600e-01 0 9 65 1.367800e+01 3.060000e+00 -1.218500e+03 2.797300e+03 0
-2.480100e-01 1.860800e-01 -1.619400e-01 0 10 65 1.364300e+01 3.060000e+00 -1.521700e+03 2.864100e+03 0
-2.619200e-01 2.215300e-01 -1.642100e-01 0 11 65 1.307600e+01 3.060000e+00 -1.069200e+03 2298 0
-2.881200e-01 2.317900e-01 -1.648700e-01 0 12 65 1.273900e+01 3.060000e+00 -1.051400e+03 2.171500e+03 0
-3.044900e-01 2.822400e-01 -1.681100e-01 0 13 65 1.202100e+01 3.060000e+00 -6.916000e+02 1758 0
-4.327200e-01 7.847200e-02 -1.550300e-01 0 14 65 1.138100e+01 3.060000e+00 -19553 16010 0
-1.184100e-01 3.962100e-01 -1.754200e-01 0 15 65 1.125600e+01 3.060000e+00 1.288900e+02 1.310800e+03 0
-3.519600e-01 3.805400e-01 -1.744100e-01 0 16 65 1.121600e+01 3.060000e+00 -3.516900e+02 1.331900e+03 0
3.609700e-01 3.024400e-01 -1.694000e-01 0 28 65 1.312900e+01 3.060000e+00 1.251400e+03 1.776700e+03 0
6.799100e-01 6.401700e-01 -1.910700e-01 0 29 65 1.467700e+01 3.060000e+00 1.289200e+03 9.497700e+02 0
6.725500e-01 7.371400e-01 -1.972900e-01 0 30 65 1.560800e+01 3.060000e+00 1.191600e+03 8.664600e+02 0
6.793700e-01 7.975600e-01 -2.011600e-01 0 31 65 1.578200e+01 3.060000e+00 1155 8.265000e+02 0
6.766400e-01 8.324700e-01 -2.034000e-01 0 32 65 1.529300e+01 3.060000e+00 1.130700e+03 8.062500e+02 0
6.810000e-01 8.683200e-01 -2.057000e-01 0 33 65 1.391900e+01 3.060000e+00 1.114100e+03 7.875100e+02 0
6.482600e-01 9.483900e-01 -2.108400e-01 0 34 65 1.115600e+01 3.060000e+00 1.049700e+03 7.506400e+02 0
7.792300e-01 6.137400e-01 -1.893700e-01 0 35 65 1.052000e+01 3.060000e+00 1.446700e+03 9.819200e+02 0
-8.403400e-01 8.722200e-01 -2.059500e-01 0 36 65 1.187200e+01 3.060000e+00 -8.475700e+01 7.585200e+02 0
-8.447100e-01 8.833600e-01 -2.066700e-01 0 37 65 1.231000e+01 3.060000e+00 -7.757800e+01 7.536900e+02 0
-8.580800e-01 8.741200e-01 -2.060700e-01 0 38 65 1.197800e+01 3.060000e+00 -9.602500e+01 7.574000e+02 0
-8.812700e-01 8.331700e-01 -2.034500e-01 0 39 65 1.083500e+01 3.060000e+00 -1.549700e+02 7.755100e+02 0
0 0 -1.500000e-01 3.204100e-02 1 66 1.559500e+01 3.060000e+00 2167 -3.612800e+03 0
-7.202900e-02 1.123000e-01 -1.572000e-01 3.204100e-02 5 66 1.419200e+01 3.060000e+00 -3.108100e+03 7.691600e+03 0
-1.585200e-01 1.860100e-01 -1.619300e-01 3.204100e-02 8 66 1.333900e+01 3.060000e+00 -1.094400e+03 2.929700e+03 0
-2.008100e-01 1.912500e-01 -1.622700e-01 3.204100e-02 9 66 1.266500e+01 3.060000e+00 -1.215400e+03 2.793500e+03 0
-2.480100e-01 1.869100e-01 -1.619900e-01 3.204100e-02 10 66 1.263000e+01 3.060000e+00 -1.506500e+03 2.847200e+03 0
-2.619200e-01 2.215700e-01 -1.642100e-01 3.204100e-02 11 66 1.206600e+01 3.060000e+00 -1.068800e+03 2.297500e+03 0
-2.881200e-01 2.287100e-01 -1.646700e-01 3.204100e-02 12 66 1.171800e+01 3.060000e+00 -1.084100e+03 2.204600e+03 0
-3.110400e-01 2.741000e-01 -1.675800e-01 3.204100e-02 13 66 1.097600e+01 3.060000e+00 -7.635400e+02 1809 0
3.609700e-01 2.888900e-01 -1.685300e-01 3.204100e-02 28 66 1.209900e+01 3.060000e+00 1.288600e+03 1.868600e+03 0
6.722700e-01 6.428800e-01 -1.912400e-01 3.204100e-02 29 66 1.366700e+01 3.060000e+00 1.277100e+03 9.467600e+02 0
6.725500e-01 7.349000e-01 -1.971400e-01 3.204100e-02 30 66 1.462500e+01 3.060000e+00 1.193300e+03 8.681000e+02 0
6.711800e-01 8.044500e-01 -2.016000e-01 3.204100e-02 31 66 1.480700e+01 3.060000e+00 1143 8.221800e+02 0
6.766400e-01 8.357400e-01 -2.036100e-01 3.204100e-02 32 66 1.433100e+01 3.060000e+00 1.128800e+03 8.044600e+02 0
6.810000e-01 8.733700e-01 -2.060300e-01 3.204100e-02 33 66 1.299100e+01 3.060000e+00 1.111400e+03 7.849900e+02 0
6.662700e-01 9.318400e-01 -2.097800e-01 3.204100e-02 34 66 1.048400e+01 3.060000e+00 1.070700e+03 7.578600e+02 0
-8.498900e-01 8.640600e-01 -2.054300e-01 3.204100e-02 36 66 1.089000e+01 3.060000e+00 -9.963800e+01 7.619200e+02 0
-8.545300e-01 8.747300e-01 -2.061100e-01 3.204100e-02 37 66 1.138800e+01 3.060000e+00 -9.283700e+01 7.572000e+02 0
-8.681700e-01 8.642800e-01 -2.054400e-01 3.204100e-02 38 66 1.116800e+01 3.060000e+00 -1.130200e+02 7.615100e+02 0
-8.812700e-01 8.471700e-01 -2.043500e-01 3.204100e-02 39 66 1.021800e+01 3.060000e+00 -1.401600e+02 7.689700e+02 0
0 0 -1.500000e-01 6.408200e-02 1 67 1.003400e+01 3.060000e+00 2167 -3.612800e+03 0
6.793700e-01 7.849800e-01 -2.003600e-01 6.408200e-02 31 67 9.844600e+00 3.060000e+00 1.163500e+03 8.342800e+02 0
5.148500e+00 1.185100e+01 -9.102200e-01 -9.291900e-01 371 36 1.013300e+01 3.060000e+00 9.667600e+02 4.273600e+02 1
5.364800e+00 1.178200e+01 -9.058100e-01 -9.291900e-01 372 36 9.857500e+00 3.060000e+00 9.805000e+02 4.275700e+02 1
4.274300e+00 1.227300e+01 -9.373100e-01 -9.291900e-01 374 36 1.056800e+01 3.060000e+00 9.104200e+02 4.262400e+02 1
4.693900e+00 1.215800e+01 -9.299100e-01 -9.291900e-01 375 36 1.054700e+01 3.060000e+00 9.351600e+02 4.265800e+02 1
5.033900e+00 1.185100e+01 -9.102200e-01 -8.971500e-01 370 37 1.085900e+01 3.060000e+00 9.604000e+02 4.273300e+02 1
4.946600e+00 1.192300e+01 -9.148700e-01 -8.971500e-01 371 37 1.144300e+01 3.060000e+00 9.539200e+02 4.271500e+02 1
5.162400e+00 1.182100e+01 -9.083000e-01 -8.971500e-01 372 37 1.081800e+01 3.060000e+00 9.682500e+02 4.274300e+02 1
3.755300e+00 1.243100e+01 -9.474300e-01 -8.971500e-01 373 37 1.026000e+01 3.060000e+00 8.803400e+02 4.258000e+02 1
4.376100e+00 1.226800e+01 -9.370200e-01 -8.971500e-01 374 37 1.191400e+01 3.060000e+00 9.159400e+02 4.262700e+02 1
4.591900e+00 1.222700e+01 -9.343300e-01 -8.971500e-01 375 37 1.197200e+01 3.060000e+00 9.282900e+02 4.264100e+02 1
4.911100e+00 1.213800e+01 -9.286300e-01 -8.971500e-01 376 37 11 3.060000e+00 9.473100e+02 4.266700e+02 1
4.933200e+00 1.189900e+01 -9.133000e-01 -8.651100e-01 370 38 1.043400e+01 3.060000e+00 9.537300e+02 4.272000e+02 1
4.845600e+00 1.194500e+01 -9.162600e-01 -8.651100e-01 371 38 1.095000e+01 3.060000e+00 9.478800e+02 4.270800e+02 1
4.959900e+00 1.186700e+01 1.565000e+00 -8.651100e-01 372 38 1.036100e+01 3.060000e+00 9.516500e+02 2.977800e+02 0
4.567300e+00 1.214900e+01 -9.293200e-01 -8.651100e-01 373 38 1.022600e+01 3.060000e+00 9.285000e+02 4.265700e+02 1
4.376100e+00 1.226900e+01 -9.370400e-01 -8.651100e-01 374 38 1.137500e+01 3.060000e+00 9.159400e+02 4.262700e+02 1
4.591900e+00 1.222700e+01 -9.343900e-01 -8.651100e-01 375 38 1.138600e+01 3.060000e+00 9.282700e+02 4.264000e+02 1
4.808800e+00 1.216100e+01 -9.301100e-01 -8.651100e-01 376 38 1.043000e+01 3.060000e+00 9.412900e+02 4.265900e+02 1
-4.397100e+00 6.835300e+00 -5.884800e-01 -7.689800e-01 238 41 1.031100e+01 3.060000e+00 2.733400e+02 4.428000e+02 1
-4.480500e+00 6.959000e+00 -5.964200e-01 -7.689800e-01 239 41 1.158000e+01 3.060000e+00 2.733600e+02 4.420300e+02 1
-4.434200e+00 7.061700e+00 -6.030000e-01 -7.689800e-01 240 41 1.177100e+01 3.060000e+00 2.834500e+02 4.414600e+02 1
-4.452700e+00 7.100900e+00 -6.055200e-01 -7.689800e-01 241 41 1.096100e+01 3.060000e+00 2.840900e+02 4.412300e+02 1
-4.641000e+00 6.961900e+00 -5.966100e-01 -7.689800e-01 244 41 9.958900e+00 3.060000e+00 2.593700e+02 4.419400e+02 1
-4.593500e+00 7.113000e+00 -6.063000e-01 -7.689800e-01 245 41 1.032500e+01 3.060000e+00 2.726000e+02 4.411000e+02 1
-4.138400e+00 7.071200e+00 -6.036100e-01 -7.369400e-01 238 42 1.026100e+01 3.060000e+00 3.097900e+02 4.415400e+02 1
-4.350700e+00 7.062500e+00 -6.030500e-01 -7.369400e-01 239 42 1.180600e+01 3.060000e+00 2.907800e+02 4.414900e+02 1
-4.434200e+00 7.069900e+00 -6.035300e-01 -7.369400e-01 240 42 1.206300e+01 3.060000e+00 2.839200e+02 4.414100e+02 1
-4.518200e+00 7.058000e+00 -6.027700e-01 -7.369400e-01 241 42 1.127000e+01 3.060000e+00 2.759100e+02 4.414400e+02 1
-4.773600e+00 6.869600e+00 -5.906800e-01 -7.369400e-01 244 42 1.040000e+01 3.060000e+00 2.417500e+02 4.424200e+02 1
-4.660100e+00 7.101300e+00 -6.055400e-01 -7.369400e-01 245 42 1.085300e+01 3.060000e+00 2.661400e+02 4.411400e+02 1
-4.812900e+00 7.064500e+00 -6.031900e-01 -7.369400e-01 246 42 1.038900e+01 3.060000e+00 2.506600e+02 4.412800e+02 1
-4.173300e+00 7.221500e+00 -6.132500e-01 -7.049000e-01 240 43 1.036300e+01 3.060000e+00 3.147300e+02 4.406900e+02 1
0 0 -1.500000e-01 -6.408200e-02 1 63 9.414800e+00 3.060000e+00 2167 -3.612800e+03 0
-3.328600e-02 5.398100e-03 -1.503500e-01 -6.408200e-02 2 63 9.431200e+00 3.060000e+00 2623 -3.999400e+03 0
6.725500e-01 7.549600e-01 -1.984300e-01 -6.408200e-02 30 63 9.790800e+00 3.060000e+00 1.178100e+03 8.538700e+02 0
6.793700e-01 7.967200e-01 -2.011100e-01 -6.408200e-02 31 63 9.897400e+00 3.060000e+00 1.155600e+03 8.270100e+02 0
0 0 -1.500000e-01 -3.204100e-02 1 64 1.558800e+01 3.060000e+00 2167 -3.612800e+03 0
-7.093800e-02 1.126300e-01 -1.572300e-01 -3.204100e-02 5 64 1.417200e+01 3.060000e+00 -3.063700e+03 7.638900e+03 0
-1.585200e-01 1.861000e-01 -1.619400e-01 -3.204100e-02 8 64 1.331600e+01 3.060000e+00 -1.093100e+03 2.927900e+03 0
-2.008100e-01 1.904100e-01 -1.622100e-01 -3.204100e-02 9 64 1.264100e+01 3.060000e+00 -1.228400e+03 2.809800e+03 0
-2.480100e-01 1.852300e-01 -1.618800e-01 -3.204100e-02 10 64 1.260300e+01 3.060000e+00 -1.537400e+03 2.881500e+03 0
-2.592000e-01 2.252000e-01 -1.644500e-01 -3.204100e-02 11 64 1.183000e+01 3.060000e+00 -1.018900e+03 2.255500e+03 0
-2.821100e-01 2.401200e-01 -1.654000e-01 -3.204100e-02 12 64 1.173400e+01 3.060000e+00 -9.489000e+02 2.089600e+03 0
-2.979400e-01 2.884800e-01 -1.685100e-01 -3.204100e-02 13 64 1.104500e+01 3.060000e+00 -6.358700e+02 1.721600e+03 0
-1.222300e-01 2.935200e-01 -1.688300e-01 -3.204100e-02 15 64 1.034500e+01 3.060000e+00 -1.411300e+02 1.728100e+03 0
3.536000e-01 3.595500e-01 -1.730600e-01 -3.204100e-02 28 64 1.209400e+01 3.060000e+00 1.117500e+03 1.488400e+03 0
6.799100e-01 6.420700e-01 -1.911900e-01 -3.204100e-02 29 64 1.365200e+01 3.060000e+00 1.287200e+03 9.478500e+02 0
6.725500e-01 7.381300e-01 -1.973500e-01 -3.204100e-02 30 64 1.456400e+01 3.060000e+00 1.190800e+03 8.657500e+02 0
6.793700e-01 7.974900e-01 -2.011600e-01 -3.204100e-02 31 64 1.473100e+01 3.060000e+00 1.155100e+03 8.265500e+02 0
6.766400e-01 8.300800e-01 -2.032500e-01 -3.204100e-02 32 64 1.423000e+01 3.060000e+00 1.132200e+03 8.075700e+02 0
6.810000e-01 8.644600e-01 -2.054500e-01 -3.204100e-02 33 64 1.281500e+01 3.060000e+00 1.116200e+03 7.894500e+02 0
-8.307900e-01 8.858100e-01 -2.068200e-01 -3.204100e-02 36 64 1.086900e+01 3.060000e+00 -6.522200e+01 7.528900e+02 0
-8.348900e-01 8.928500e-01 -2.072800e-01 -3.204100e-02 37 64 1.127400e+01 3.060000e+00 -6.185900e+01 7.499000e+02 0
-8.580800e-01 8.532800e-01 -2.047400e-01 -3.204100e-02 38 64 1.090200e+01 3.060000e+00 -1.164000e+02 7.666000e+02 0
-8.812700e-01 6.785100e-01 -1.935300e-01 -3.204100e-02 39 64 9.764400e+00 3.060000e+00 -3.620400e+02 8.668600e+02 0
