0 0 -1.500000e-01 0 1 65 1.657100e+01 3.640000e+00 2167 -3.612800e+03 0
-7.093800e-02 1.128300e-01 -1.586100e-01 0 5 65 1.518700e+01 3.640000e+00 -3.050900e+03 7.635300e+03 0
-1.585200e-01 1.860900e-01 -1.642100e-01 0 8 65 1.434200e+01 3.640000e+00 -1.094500e+03 2942 0
-2.008100e-01 1.914700e-01 -1.646200e-01 0 9 65 1.368100e+01 3.640000e+00 -1.213300e+03 2.802500e+03 0
-2.480100e-01 1.870100e-01 -1.642800e-01 0 10 65 1.364600e+01 3.640000e+00 -1.506200e+03 2.858600e+03 0
-2.619200e-01 2.223400e-01 -1.669700e-01 0 11 65 1.307100e+01 3.640000e+00 -1.061200e+03 2.300100e+03 0
-2.881200e-01 2.312100e-01 -1.676500e-01 0 12 65 1.271700e+01 3.640000e+00 -1.058600e+03 2.189300e+03 0
-3.044900e-01 2.806200e-01 -1.714200e-01 0 13 65 1.196700e+01 3.640000e+00 -7.027700e+02 1.778700e+03 0
-3.014900e-01 3.041000e-01 -1.732100e-01 0 14 65 1.141500e+01 3.640000e+00 -5.588500e+02 1.645400e+03 0
-1.260500e-01 3.771700e-01 -1.787900e-01 0 15 65 1.124900e+01 3.640000e+00 7.830100e+01 1.376100e+03 0
3.536000e-01 3.426600e-01 -1.761600e-01 0 28 65 1.312500e+01 3.640000e+00 1.145800e+03 1.570600e+03 0
6.799100e-01 6.367600e-01 -1.986100e-01 0 29 65 1.468000e+01 3.640000e+00 1.293500e+03 9.623800e+02 0
6.725500e-01 7.358900e-01 -2.061800e-01 0 30 65 1.560500e+01 3.640000e+00 1193 8.762500e+02 0
6.793700e-01 7.975600e-01 -2.108800e-01 0 31 65 1.576500e+01 3.640000e+00 1.155400e+03 8.352600e+02 0
6.766400e-01 8.311600e-01 -2.134500e-01 0 32 65 1.525000e+01 3.640000e+00 1.131900e+03 8.156600e+02 0
6.810000e-01 8.674400e-01 -2.162200e-01 0 33 65 1.379000e+01 3.640000e+00 1115 7.965800e+02 0
-9.543900e-01 2.177900e-01 -1.666300e-01 0 34 65 1.068700e+01 3.640000e+00 -3.382300e+03 2.091100e+03 0
6.864600e-01 9.014700e-01 -2.188200e-01 0 35 65 1.080600e+01 3.640000e+00 1.101600e+03 7.802700e+02 0
-8.021400e-01 9.109700e-01 -2.195400e-01 0 36 65 1.171000e+01 3.640000e+00 -2.312900e+01 7.511500e+02 0
-8.348900e-01 8.885000e-01 -2.178300e-01 0 37 65 1.211900e+01 3.640000e+00 -6.605400e+01 7.597700e+02 0
-8.580800e-01 8.484300e-01 -2.147700e-01 0 38 65 1.166100e+01 3.640000e+00 -1.216200e+02 7.768900e+02 0
-8.812700e-01 7.459400e-01 -2.069400e-01 0 39 65 1.026800e+01 3.640000e+00 -2.609400e+02 8.302600e+02 0
0 0 -1.500000e-01 3.204100e-02 1 66 1.554700e+01 3.640000e+00 2167 -3.612800e+03 0
-7.093800e-02 1.132000e-01 -1.586400e-01 3.204100e-02 5 66 1.418000e+01 3.640000e+00 -3.017400e+03 7.570600e+03 0
-1.585200e-01 1.860900e-01 -1.642100e-01 3.204100e-02 8 66 1.332500e+01 3.640000e+00 -1.094500e+03 2.942100e+03 0
-2.008100e-01 1.916000e-01 -1.646300e-01 3.204100e-02 9 66 1.267400e+01 3.640000e+00 -1.211400e+03 2.800200e+03 0
-2.480100e-01 1.875900e-01 -1.643200e-01 3.204100e-02 10 66 1.262800e+01 3.640000e+00 -1.495700e+03 2.846900e+03 0
-2.619200e-01 2.234300e-01 -1.670600e-01 3.204100e-02 11 66 1.199700e+01 3.640000e+00 -1.049100e+03 2287 0
-2.881200e-01 2.320900e-01 -1.677200e-01 3.204100e-02 12 66 1.170300e+01 3.640000e+00 -1.049400e+03 2.179900e+03 0
-3.077600e-01 2.746900e-01 -1.709700e-01 3.204100e-02 13 66 1.096000e+01 3.640000e+00 -7.511600e+02 1.816500e+03 0
-1.260500e-01 3.787900e-01 -1.789200e-01 3.204100e-02 15 66 1.036900e+01 3.640000e+00 8.151900e+01 1.371100e+03 0
3.536000e-01 3.673600e-01 -1.780400e-01 3.204100e-02 28 66 1.213100e+01 3.640000e+00 1.106100e+03 1.468600e+03 0
6.799100e-01 6.338600e-01 -1.983900e-01 3.204100e-02 29 66 1.369700e+01 3.640000e+00 1.296700e+03 9.653800e+02 0
6.725500e-01 7.346300e-01 -2.060800e-01 3.204100e-02 30 66 1.462000e+01 3.640000e+00 1194 8.771800e+02 0
6.711800e-01 8.044800e-01 -2.114100e-01 3.204100e-02 31 66 1.477000e+01 3.640000e+00 1.143400e+03 8.309000e+02 0
6.766400e-01 8.337100e-01 -2.136400e-01 3.204100e-02 32 66 1.423000e+01 3.640000e+00 1.130400e+03 8.142600e+02 0
6.810000e-01 8.739100e-01 -2.167100e-01 3.204100e-02 33 66 1.271400e+01 3.640000e+00 1.111500e+03 7.933500e+02 0
6.586300e-01 8.632300e-01 -2.159000e-01 3.204100e-02 35 66 9.934000e+00 3.640000e+00 1.098300e+03 7.982700e+02 0
-7.735000e-01 9.385700e-01 -2.216500e-01 3.204100e-02 36 66 1.072300e+01 3.640000e+00 1.879900e+01 7.409700e+02 0
-8.054200e-01 9.316000e-01 -2.211200e-01 3.204100e-02 37 66 1.111300e+01 3.640000e+00 -8.671700e+00 7.431100e+02 0
-8.277900e-01 9.018400e-01 -2.188500e-01 3.204100e-02 38 66 1.059400e+01 3.640000e+00 -4.914100e+01 7.544000e+02 0
0 0 -1.500000e-01 6.408200e-02 1 67 1.004600e+01 3.640000e+00 2167 -3.612800e+03 0
-3.355900e-02 8.997600e-03 -1.506900e-01 6.408200e-02 2 67 9.925900e+00 3.640000e+00 2.734500e+03 -4.248700e+03 0
6.804600e-01 7.142100e-01 -2.045200e-01 6.408200e-02 30 67 1.019600e+01 3.640000e+00 1.218900e+03 8.929100e+02 0
6.793700e-01 7.831200e-01 -2.097800e-01 6.408200e-02 31 67 1.035300e+01 3.640000e+00 1.165100e+03 8.442300e+02 0
7.020100e-01 8.154200e-01 -2.122500e-01 6.408200e-02 32 67 9.758500e+00 3.640000e+00 1.164500e+03 8.251500e+02 0
-2.413000e+00 1.378800e+01 -1.202500e+00 -9.612300e-01 403 35 1.020000e+01 3.640000e+00 5.748400e+02 4.296500e+02 1
-2.528900e+00 1.384500e+01 -1.206900e+00 -9.612300e-01 404 35 1.033500e+01 3.640000e+00 5.700400e+02 4.295400e+02 1
-2.728400e+00 1.364100e+01 -1.191300e+00 -9.291900e-01 401 36 1.025500e+01 3.640000e+00 5.589500e+02 4.298200e+02 1
-2.522700e+00 1.380000e+01 -1.203500e+00 -9.291900e-01 403 36 1.022700e+01 3.640000e+00 5.699200e+02 4.296100e+02 1
-2.748800e+00 1.380300e+01 -1.203700e+00 -9.291900e-01 404 36 1.058700e+01 3.640000e+00 5.596000e+02 4.295600e+02 1
4.000900e+00 3.678900e+00 -4.308400e-01 -7.049000e-01 157 43 1.005000e+01 3.640000e+00 1.396300e+03 4.965800e+02 0
3.983700e+00 3.767100e+00 -4.375800e-01 -7.049000e-01 158 43 1.114200e+01 3.640000e+00 1.375700e+03 4.943700e+02 0
3.966000e+00 3.836400e+00 -4.428600e-01 -7.049000e-01 159 43 1.145000e+01 3.640000e+00 1.359400e+03 4.927000e+02 0
3.991100e+00 3.859900e+00 -4.446600e-01 -7.049000e-01 160 43 1.105700e+01 3.640000e+00 1.359700e+03 4.921900e+02 0
3.885200e+00 4.015600e+00 -4.565500e-01 -7.049000e-01 161 43 1.043800e+01 3.640000e+00 1.314200e+03 4.886400e+02 0
3.958300e+00 3.710600e+00 -4.332700e-01 -6.728600e-01 157 44 1.035800e+01 3.640000e+00 1.381900e+03 4.957200e+02 0
3.898000e+00 3.846800e+00 -4.436600e-01 -6.728600e-01 158 44 1.162800e+01 3.640000e+00 1.345200e+03 4.923700e+02 0
3.922900e+00 3.877300e+00 -4.459900e-01 -6.728600e-01 159 44 1.198600e+01 3.640000e+00 1.344300e+03 4.917100e+02 0
3.904300e+00 3.946400e+00 -4.512600e-01 -6.728600e-01 160 44 1.151600e+01 3.640000e+00 1329 4.901400e+02 0
3.841600e+00 4.053400e+00 -4.594300e-01 -6.728600e-01 161 44 1.062500e+01 3.640000e+00 1.300700e+03 4.878000e+02 0
4.026500e+00 3.664800e+00 -4.297700e-01 -6.408200e-01 158 45 1.030600e+01 3.640000e+00 1404 4.969700e+02 0
3.922900e+00 3.829800e+00 -4.423600e-01 -6.408200e-01 159 45 1.061800e+01 3.640000e+00 1.352800e+03 4.928000e+02 0
3.817600e+00 3.975700e+00 -4.535000e-01 -6.408200e-01 160 45 1.010900e+01 3.640000e+00 1309 4.894000e+02 0
0 0 -1.500000e-01 -9.612300e-02 1 62 9.862100e+00 3.640000e+00 2167 -3.612800e+03 0
6.567200e-01 7.251900e-01 -2.053600e-01 -9.612300e-02 30 62 1.017900e+01 3.640000e+00 1185 8.837600e+02 0
6.793700e-01 7.973900e-01 -2.108700e-01 -9.612300e-02 31 62 1.024100e+01 3.640000e+00 1.155500e+03 8.353600e+02 0
7.020100e-01 8.049300e-01 -2.114500e-01 -9.612300e-02 32 62 9.614600e+00 3.640000e+00 1.171500e+03 8.313300e+02 0
0 0 -1.500000e-01 -6.408200e-02 1 63 1.035600e+01 3.640000e+00 2167 -3.612800e+03 0
6.567200e-01 7.589300e-01 -2.079400e-01 -6.408200e-02 30 63 1.052600e+01 3.640000e+00 1.160100e+03 8.595700e+02 0
6.630000e-01 8.060500e-01 -2.115300e-01 -6.408200e-02 31 63 1.094500e+01 3.640000e+00 1.134900e+03 8.297700e+02 0
6.851000e-01 8.085700e-01 -2.117300e-01 -6.408200e-02 32 63 1.070600e+01 3.640000e+00 1.153500e+03 8.287800e+02 0
7.159300e-01 8.109700e-01 -2.119100e-01 -6.408200e-02 33 63 9.961400e+00 3.640000e+00 1.180200e+03 8.280700e+02 0
0 0 -1.500000e-01 -3.204100e-02 1 64 1.553300e+01 3.640000e+00 2167 -3.612800e+03 0
-7.093800e-02 1.122700e-01 -1.585700e-01 -3.204100e-02 5 64 1.417200e+01 3.640000e+00 -3.102100e+03 7734 0
-1.585200e-01 1.861000e-01 -1.642100e-01 -3.204100e-02 8 64 1.332800e+01 3.640000e+00 -1.094300e+03 2.941800e+03 0
-2.008100e-01 1.909600e-01 -1.645800e-01 -3.204100e-02 9 64 1.266300e+01 3.640000e+00 -1.221200e+03 2.812400e+03 0
-2.480100e-01 1.858200e-01 -1.641900e-01 -3.204100e-02 10 64 1.264100e+01 3.640000e+00 -1.528100e+03 2.882900e+03 0
-2.619200e-01 2.205500e-01 -1.668400e-01 -3.204100e-02 11 64 1.202800e+01 3.640000e+00 -1.081500e+03 2322 0
-2.821100e-01 2.371300e-01 -1.681000e-01 -3.204100e-02 12 64 1.168200e+01 3.640000e+00 -9.783400e+02 2.130300e+03 0
-2.979400e-01 2.872600e-01 -1.719300e-01 -3.204100e-02 13 64 1.091700e+01 3.640000e+00 -6.439300e+02 1.739400e+03 0
-4.256300e-01 1.177400e-01 -1.589900e-01 -3.204100e-02 14 64 1.053800e+01 3.640000e+00 -5.858300e+03 5.527700e+03 0
-1.260500e-01 3.613700e-01 -1.775900e-01 -3.204100e-02 15 64 1.045100e+01 3.640000e+00 4.492700e+01 1.428600e+03 0
3.462300e-01 3.007500e-01 -1.729600e-01 -3.204100e-02 28 64 1.210500e+01 3.640000e+00 1.211500e+03 1.795700e+03 0
6.799100e-01 6.395900e-01 -1.988300e-01 -3.204100e-02 29 64 1.362600e+01 3.640000e+00 1.290400e+03 9.594900e+02 0
6.725500e-01 7.371200e-01 -2.062700e-01 -3.204100e-02 30 64 1.456500e+01 3.640000e+00 1192 8.753500e+02 0
6.793700e-01 7.974300e-01 -2.108800e-01 -3.204100e-02 31 64 1.474200e+01 3.640000e+00 1.155500e+03 8.353300e+02 0
6.851000e-01 8.219300e-01 -2.127400e-01 -3.204100e-02 32 64 1.426900e+01 3.640000e+00 1.145100e+03 8.210400e+02 0
6.897400e-01 8.546600e-01 -2.152400e-01 -3.204100e-02 33 64 1.291700e+01 3.640000e+00 1.129600e+03 8.033000e+02 0
-7.926000e-01 9.084800e-01 -2.193500e-01 -3.204100e-02 36 64 1.049800e+01 3.640000e+00 -1.841400e+01 7.522900e+02 0
-8.348900e-01 8.531900e-01 -2.151300e-01 -3.204100e-02 37 64 1.101900e+01 3.640000e+00 -9.931400e+01 7.751400e+02 0
-8.681700e-01 7.659400e-01 -2.084700e-01 -3.204100e-02 38 64 1.060300e+01 3.640000e+00 -2.234800e+02 8.188500e+02 0
