0 0 -1.500000e-01 0 1 65 1.663100e+01 4.390000e+00 2167 -3.612800e+03 0
-7.093800e-02 1.129800e-01 -1.594800e-01 0 5 65 1.518800e+01 4.390000e+00 -3.040400e+03 7628 0
-1.585200e-01 1.860600e-01 -1.656100e-01 0 8 65 1.435900e+01 4.390000e+00 -1.095700e+03 2.951300e+03 0
-2.008100e-01 1.913000e-01 -1.660500e-01 0 9 65 1.368000e+01 4.390000e+00 -1.216900e+03 2.814400e+03 0
-2.480100e-01 1.865300e-01 -1.656500e-01 0 10 65 1.362900e+01 4.390000e+00 -1516 2.876800e+03 0
-2.619200e-01 2.224300e-01 -1.686600e-01 0 11 65 1.308800e+01 4.390000e+00 -1.060900e+03 2.306400e+03 0
-2.881200e-01 2.339800e-01 -1.696300e-01 0 12 65 1.274500e+01 4.390000e+00 -1.030700e+03 2.167400e+03 0
-3.110400e-01 2.765400e-01 -1.732100e-01 0 13 65 1.204800e+01 4.390000e+00 -7.481300e+02 1.810100e+03 0
-3.156700e-01 3.004700e-01 -1.752100e-01 0 14 65 1.127200e+01 4.390000e+00 -6.140200e+02 1.668100e+03 0
-1.184100e-01 4.182100e-01 -1.850900e-01 0 15 65 1.120200e+01 4.390000e+00 1.642800e+02 1.268700e+03 0
3.536000e-01 3.590700e-01 -1.801300e-01 0 28 65 1.314800e+01 4.390000e+00 1.118900e+03 1.507400e+03 0
6.799100e-01 6.384000e-01 -2.035700e-01 0 29 65 1.468300e+01 4.390000e+00 1292 9.663900e+02 0
6.725500e-01 7.370800e-01 -2.118500e-01 0 30 65 1.560100e+01 4.390000e+00 1.192300e+03 8.809000e+02 0
6.793700e-01 7.975500e-01 -2.169200e-01 0 31 65 1.575700e+01 4.390000e+00 1.155700e+03 8.407100e+02 0
6.766400e-01 8.319300e-01 -2.198100e-01 0 32 65 1.523400e+01 4.390000e+00 1.131700e+03 8.206400e+02 0
6.810000e-01 8.687400e-01 -2.229000e-01 0 33 65 1.379800e+01 4.390000e+00 1.114500e+03 8.013000e+02 0
6.572700e-01 9.365700e-01 -2.285900e-01 0 34 65 1.091400e+01 4.390000e+00 1.062200e+03 7.695400e+02 0
-7.792300e-01 8.921600e-01 -2.248600e-01 0 35 65 1.082700e+01 4.390000e+00 -2.265800e+01 7.641800e+02 0
-8.021400e-01 9.069100e-01 -2.261000e-01 0 36 65 1.176500e+01 4.390000e+00 -2.668800e+01 7.577900e+02 0
-8.348900e-01 8.935100e-01 -2.249800e-01 0 37 65 1.213500e+01 4.390000e+00 -6.174900e+01 7.627100e+02 0
-8.782700e-01 8.510600e-01 -2.214100e-01 0 38 65 1.159000e+01 4.390000e+00 -1.344200e+02 7.803600e+02 0
0 0 -1.500000e-01 3.204100e-02 1 66 1.564500e+01 4.390000e+00 2167 -3.612800e+03 0
-7.202900e-02 1.129100e-01 -1.594700e-01 3.204100e-02 5 66 1.417100e+01 4.390000e+00 -3.060100e+03 7.633600e+03 0
-1.604300e-01 1.843200e-01 -1.654700e-01 3.204100e-02 8 66 1.334800e+01 4.390000e+00 -1.132200e+03 2988 0
-2.008100e-01 1.924300e-01 -1.661500e-01 3.204100e-02 9 66 1.270000e+01 4.390000e+00 -1.199600e+03 2.792600e+03 0
-2.480100e-01 1.882000e-01 -1.657900e-01 3.204100e-02 10 66 1.264400e+01 4.390000e+00 -1.485800e+03 2.843100e+03 0
-2.619200e-01 2.252800e-01 -1.689000e-01 3.204100e-02 11 66 1.196500e+01 4.390000e+00 -1.029600e+03 2.272700e+03 0
-2.881200e-01 2.401700e-01 -1.701500e-01 3.204100e-02 12 66 1.169900e+01 4.390000e+00 -9.698600e+02 2.105600e+03 0
-3.175800e-01 2.719300e-01 -1.728200e-01 3.204100e-02 13 66 1.102000e+01 4.390000e+00 -7.984900e+02 1.839400e+03 0
-1.184100e-01 4.420800e-01 -1.871000e-01 3.204100e-02 15 66 1.044000e+01 4.390000e+00 1.982700e+02 1.213800e+03 0
3.462300e-01 4.087200e-01 -1.843000e-01 3.204100e-02 28 66 1.217000e+01 4.390000e+00 1.038800e+03 1.338300e+03 0
6.799100e-01 6.348200e-01 -2.032700e-01 3.204100e-02 29 66 1.373100e+01 4.390000e+00 1296 9.700700e+02 0
6.725500e-01 7.355300e-01 -2.117200e-01 3.204100e-02 30 66 1.463100e+01 4.390000e+00 1.193500e+03 8.820300e+02 0
6.711800e-01 8.044800e-01 -2.175100e-01 3.204100e-02 31 66 1.478200e+01 4.390000e+00 1.143600e+03 8.363300e+02 0
6.766400e-01 8.331100e-01 -2.199100e-01 3.204100e-02 32 66 1.423300e+01 4.390000e+00 1131 8.199900e+02 0
6.722700e-01 8.754100e-01 -2.234600e-01 3.204100e-02 33 66 1.270200e+01 4.390000e+00 1.103600e+03 7.978000e+02 0
-8.021400e-01 9.093600e-01 -2.263100e-01 3.204100e-02 36 66 1.087000e+01 4.390000e+00 -2.464200e+01 7.568100e+02 0
-8.545300e-01 8.760500e-01 -2.235100e-01 3.204100e-02 37 66 1.117700e+01 4.390000e+00 -9.209500e+01 7.697300e+02 0
-8.883600e-01 8.299200e-01 -2.196400e-01 3.204100e-02 38 66 1.066500e+01 4.390000e+00 -1.645400e+02 7.900600e+02 0
0 0 -1.500000e-01 6.408200e-02 1 67 1.016200e+01 4.390000e+00 2167 -3.612800e+03 0
6.725500e-01 7.523400e-01 -2.131300e-01 6.408200e-02 30 67 9.634800e+00 4.390000e+00 1.180700e+03 8.700200e+02 0
6.793700e-01 7.708800e-01 -2.146900e-01 6.408200e-02 31 67 9.896100e+00 4.390000e+00 1.173900e+03 8.576200e+02 0
6.935500e-01 7.290100e-01 -2.111700e-01 6.408200e-02 32 67 9.383200e+00 4.390000e+00 1.220400e+03 8.874700e+02 0
-4.214500e+00 8.473500e+00 -8.610300e-01 -8.330700e-01 272 39 1.134100e+01 4.390000e+00 3.672200e+02 4.468900e+02 1
-4.304300e+00 8.467600e+00 -8.605300e-01 -8.330700e-01 273 39 1.171800e+01 4.390000e+00 3.604200e+02 4.468800e+02 1
-4.469100e+00 8.406900e+00 -8.554400e-01 -8.330700e-01 274 39 1.111200e+01 4.390000e+00 3.458800e+02 4.470600e+02 1
-4.051600e+00 8.514000e+00 -8.644200e-01 -8.010300e-01 271 40 1.060500e+01 4.390000e+00 3.806500e+02 4.468000e+02 1
-4.140600e+00 8.510300e+00 -8.641200e-01 -8.010300e-01 272 40 1.208900e+01 4.390000e+00 3.740200e+02 4.467800e+02 1
-4.304300e+00 8.468000e+00 -8.605600e-01 -8.010300e-01 273 40 1.250600e+01 4.390000e+00 3.604300e+02 4.468800e+02 1
-4.469100e+00 8.419200e+00 -8.564700e-01 -8.010300e-01 274 40 1.188800e+01 4.390000e+00 3.463800e+02 4.470100e+02 1
-4.156700e+00 8.728700e+00 -8.824400e-01 -8.010300e-01 278 40 1.068900e+01 4.390000e+00 3.808200e+02 4.459300e+02 1
-4.171700e+00 8.766600e+00 -8.856300e-01 -8.010300e-01 279 40 1.084200e+01 4.390000e+00 3.811000e+02 4.457900e+02 1
-4.034500e+00 8.866200e+00 -8.939800e-01 -8.010300e-01 280 40 1.016900e+01 4.390000e+00 3.942200e+02 4.454700e+02 1
-4.066700e+00 8.543800e+00 -8.669300e-01 -7.689800e-01 272 41 1.089000e+01 4.390000e+00 3.806400e+02 4.466700e+02 1
-4.230100e+00 8.504900e+00 -8.636600e-01 -7.689800e-01 273 41 1.126500e+01 4.390000e+00 3.672800e+02 4.467600e+02 1
-4.394600e+00 8.460800e+00 -8.599600e-01 -7.689800e-01 274 41 1.069600e+01 4.390000e+00 3.535300e+02 4.468700e+02 1
0 0 -1.500000e-01 -9.612300e-02 1 62 9.824500e+00 4.390000e+00 2167 -3.612800e+03 0
1.637000e-03 3.486600e-02 -1.529300e-01 -9.612300e-02 2 62 9.421400e+00 4.390000e+00 3447 -7184 0
6.875500e-01 7.390800e-01 -2.120200e-01 -9.612300e-02 31 62 9.694600e+00 4.390000e+00 1206 8.798600e+02 0
7.104700e-01 7.799600e-01 -2.154500e-01 -9.612300e-02 32 62 9.743500e+00 4.390000e+00 1.197300e+03 8.524800e+02 0
0 0 -1.500000e-01 -6.408200e-02 1 63 1.026300e+01 4.390000e+00 2167 -3.612800e+03 0
-3.928900e-02 5.625700e-02 -1.547200e-01 -6.408200e-02 3 63 9.482400e+00 4.390000e+00 8.829900e+03 -17671 0
6.646300e-01 7.470600e-01 -2.126900e-01 -6.408200e-02 30 63 1.017300e+01 4.390000e+00 1.176700e+03 8.735100e+02 0
6.711800e-01 8.008800e-01 -2.172000e-01 -6.408200e-02 31 63 1.055300e+01 4.390000e+00 1.145900e+03 8.384900e+02 0
6.766400e-01 8.449100e-01 -2.209000e-01 -6.408200e-02 32 63 1.025600e+01 4.390000e+00 1.124100e+03 8.135700e+02 0
0 0 -1.500000e-01 -3.204100e-02 1 64 1.560600e+01 4.390000e+00 2167 -3.612800e+03 0
-7.093800e-02 1.123700e-01 -1.594300e-01 -3.204100e-02 5 64 1.416700e+01 4.390000e+00 -3.095700e+03 7.734900e+03 0
-1.585200e-01 1.860900e-01 -1.656200e-01 -3.204100e-02 8 64 1.333400e+01 4.390000e+00 -1.095300e+03 2.950600e+03 0
-1.986300e-01 1.928100e-01 -1.661800e-01 -3.204100e-02 9 64 1.262700e+01 4.390000e+00 -1.183800e+03 2.786800e+03 0
-2.480100e-01 1.847900e-01 -1.655100e-01 -3.204100e-02 10 64 1.258100e+01 4.390000e+00 -1.548300e+03 2.912800e+03 0
-2.619200e-01 2.203200e-01 -1.684900e-01 -3.204100e-02 11 64 1.212100e+01 4.390000e+00 -1.084800e+03 2.332300e+03 0
-2.881200e-01 2.310100e-01 -1.693800e-01 -3.204100e-02 12 64 1.179500e+01 4.390000e+00 -1.061400e+03 2.198700e+03 0
-3.077600e-01 2.772500e-01 -1.732600e-01 -3.204100e-02 13 64 1.108500e+01 4.390000e+00 -7.343500e+02 1.806200e+03 0
3.536000e-01 3.522900e-01 -1.795600e-01 -3.204100e-02 28 64 1.209200e+01 4.390000e+00 1.129700e+03 1.535200e+03 0
6.799100e-01 6.413800e-01 -2.038200e-01 -3.204100e-02 29 64 1.361400e+01 4.390000e+00 1.288700e+03 9.633700e+02 0
6.725500e-01 7.391400e-01 -2.120200e-01 -3.204100e-02 30 64 1.452500e+01 4.390000e+00 1.190700e+03 8.794000e+02 0
6.793700e-01 7.973400e-01 -2.169100e-01 -3.204100e-02 31 64 1.467400e+01 4.390000e+00 1.155800e+03 8.408300e+02 0
6.766400e-01 8.296700e-01 -2.196200e-01 -3.204100e-02 32 64 1.415600e+01 4.390000e+00 1133 8.219000e+02 0
6.810000e-01 8.691300e-01 -2.229300e-01 -3.204100e-02 33 64 1.275100e+01 4.390000e+00 1.114300e+03 8.011000e+02 0
6.752700e-01 8.710800e-01 -2.230900e-01 -3.204100e-02 34 64 1.021900e+01 4.390000e+00 1.108400e+03 8.000100e+02 0
-8.021400e-01 9.087300e-01 -2.262500e-01 -3.204100e-02 36 64 1.070600e+01 4.390000e+00 -2.516500e+01 7.570600e+02 0
-8.447100e-01 8.843800e-01 -2.242100e-01 -3.204100e-02 37 64 1.111400e+01 4.390000e+00 -7.713800e+01 7.663500e+02 0
-8.883600e-01 8.414800e-01 -2.206100e-01 -3.204100e-02 38 64 1.050600e+01 4.390000e+00 -1.520800e+02 7.845900e+02 0
