0 0 -1.500000e-01 0 1 65 1.659400e+01 4.020000e+00 2167 -3.612800e+03 0
-7.202900e-02 1.121100e-01 -1.594100e-01 0 5 65 1.520000e+01 4.020000e+00 -3.134400e+03 7.776600e+03 0
-1.585200e-01 1.860800e-01 -1.656100e-01 0 8 65 1.436100e+01 4.020000e+00 -1.095400e+03 2.950900e+03 0
-2.008100e-01 1.906500e-01 -1.660000e-01 0 9 65 1.366900e+01 4.020000e+00 -1.226800e+03 2.826800e+03 0
-2.480100e-01 1.862100e-01 -1.656200e-01 0 10 65 1.366300e+01 4.020000e+00 -1.521900e+03 2.883400e+03 0
-2.619200e-01 2.220100e-01 -1.686300e-01 0 11 65 1.309700e+01 4.020000e+00 -1.065600e+03 2.311500e+03 0
-2.881200e-01 2.313400e-01 -1.694100e-01 0 12 65 1.272600e+01 4.020000e+00 -1.057900e+03 2.195100e+03 0
-3.077600e-01 2.781300e-01 -1.733400e-01 0 13 65 1.200900e+01 4.020000e+00 -7.284500e+02 1.800500e+03 0
-3.014900e-01 3.075900e-01 -1.758100e-01 0 14 65 1.137200e+01 4.020000e+00 -5.413000e+02 1634 0
-1.184100e-01 4.157300e-01 -1.848800e-01 0 15 65 1.125100e+01 4.020000e+00 1.604700e+02 1.274900e+03 0
3.536000e-01 3.701100e-01 -1.810600e-01 0 28 65 1.312200e+01 4.020000e+00 1.102400e+03 1.464900e+03 0
6.799100e-01 6.393800e-01 -2.036500e-01 0 29 65 1.468200e+01 4.020000e+00 1.290900e+03 9.653900e+02 0
6.725500e-01 7.372000e-01 -2.118600e-01 0 30 65 1.560700e+01 4.020000e+00 1.192200e+03 8.808100e+02 0
6.793700e-01 7.975600e-01 -2.169200e-01 0 31 65 1.576600e+01 4.020000e+00 1.155700e+03 8.407000e+02 0
6.766400e-01 8.320000e-01 -2.198200e-01 0 32 65 1.524700e+01 4.020000e+00 1.131600e+03 8.206000e+02 0
6.722700e-01 8.743400e-01 -2.233700e-01 0 33 65 1.381500e+01 4.020000e+00 1.104200e+03 7.983300e+02 0
6.392600e-01 9.588000e-01 -2.304500e-01 0 34 65 1.124200e+01 4.020000e+00 1.039200e+03 7.600600e+02 0
7.885000e-01 7.804600e-01 -2.154900e-01 0 35 65 1.088100e+01 4.020000e+00 1272 8.541100e+02 0
-8.403400e-01 8.799200e-01 -2.238400e-01 0 36 65 1.173300e+01 4.020000e+00 -7.806300e+01 7.683100e+02 0
-8.545300e-01 8.936000e-01 -2.249800e-01 0 37 65 1.212800e+01 4.020000e+00 -7.582600e+01 7.623500e+02 0
-8.782700e-01 9.041500e-01 -2.258700e-01 0 38 65 1.169700e+01 4.020000e+00 -8.324600e+01 7.576800e+02 0
-9.331100e-01 9.091700e-01 -2.262900e-01 0 39 65 1.024400e+01 4.020000e+00 -1.173800e+02 7.548000e+02 0
0 0 -1.500000e-01 3.204100e-02 1 66 1.559300e+01 4.020000e+00 2167 -3.612800e+03 0
-7.202900e-02 1.127200e-01 -1.594600e-01 3.204100e-02 5 66 1.419100e+01 4.020000e+00 -3.077700e+03 7.667400e+03 0
-1.585200e-01 1.860600e-01 -1.656100e-01 3.204100e-02 8 66 1.334700e+01 4.020000e+00 -1.095800e+03 2.951300e+03 0
-2.008100e-01 1.910700e-01 -1.660300e-01 3.204100e-02 9 66 1.263600e+01 4.020000e+00 -1.220300e+03 2.818700e+03 0
-2.480100e-01 1.873600e-01 -1.657200e-01 3.204100e-02 10 66 1.262100e+01 4.020000e+00 -1.500900e+03 2860 0
-2.619200e-01 2.234000e-01 -1.687500e-01 3.204100e-02 11 66 1.203400e+01 4.020000e+00 -1.050200e+03 2.294800e+03 0
-2.881200e-01 2.321900e-01 -1.694800e-01 3.204100e-02 12 66 1.171600e+01 4.020000e+00 -1049 2.186100e+03 0
-3.077600e-01 2.777500e-01 -1.733100e-01 3.204100e-02 13 66 1.106300e+01 4.020000e+00 -7.309800e+02 1.802900e+03 0
3.536000e-01 4.017900e-01 -1.837200e-01 3.204100e-02 28 66 1.214600e+01 4.020000e+00 1.061500e+03 1.359400e+03 0
6.799100e-01 6.361000e-01 -2.033800e-01 3.204100e-02 29 66 1.368300e+01 4.020000e+00 1.294500e+03 9.687500e+02 0
6.725500e-01 7.356100e-01 -2.117300e-01 3.204100e-02 30 66 1.458500e+01 4.020000e+00 1.193500e+03 8.819800e+02 0
6.711800e-01 8.044800e-01 -2.175100e-01 3.204100e-02 31 66 1.471700e+01 4.020000e+00 1.143600e+03 8.363300e+02 0
6.766400e-01 8.335600e-01 -2.199500e-01 3.204100e-02 32 66 1.416200e+01 4.020000e+00 1.130700e+03 8.197400e+02 0
6.722700e-01 8.765800e-01 -2.235600e-01 3.204100e-02 33 66 1.267200e+01 4.020000e+00 1103 7.972200e+02 0
-8.307900e-01 8.933300e-01 -2.249600e-01 3.204100e-02 36 66 1.085000e+01 4.020000e+00 -5.895300e+01 7.628500e+02 0
-8.545300e-01 9.066000e-01 -2.260700e-01 3.204100e-02 37 66 1.120100e+01 4.020000e+00 -6.420300e+01 7.570700e+02 0
-8.782700e-01 9.294500e-01 -2.279900e-01 3.204100e-02 38 66 1.088000e+01 4.020000e+00 -6.101100e+01 7.478200e+02 0
0 0 -1.500000e-01 6.408200e-02 1 67 9.975500e+00 4.020000e+00 2167 -3.612800e+03 0
6.548100e-01 8.129000e-01 -2.182100e-01 6.408200e-02 31 67 1.004600e+01 4.020000e+00 1.123500e+03 8.309800e+02 0
6.851000e-01 8.234600e-01 -2.191000e-01 6.408200e-02 32 67 1.026000e+01 4.020000e+00 1.144400e+03 8.255800e+02 0
7.421200e-01 8.315800e-01 -2.197800e-01 6.408200e-02 33 67 9.911200e+00 4.020000e+00 1.190100e+03 8.222600e+02 0
-1.489700e+00 3.347700e+00 -4.309100e-01 -8.651100e-01 106 38 1.080400e+01 4.020000e+00 3.759800e+02 5.017900e+02 1
-1.532800e+00 3.366100e+00 -4.324500e-01 -8.651100e-01 107 38 1.196300e+01 4.020000e+00 3.696500e+02 5.012400e+02 1
-1.576500e+00 3.370600e+00 -4.328400e-01 -8.651100e-01 108 38 1.214700e+01 4.020000e+00 3.619400e+02 5.010500e+02 1
-1.650100e+00 3.342100e+00 -4.304500e-01 -8.651100e-01 109 38 1.138800e+01 4.020000e+00 3.452300e+02 5.016900e+02 1
-1.724900e+00 3.316000e+00 -4.282500e-01 -8.651100e-01 110 38 1.016500e+01 4.020000e+00 3.283000e+02 5.022700e+02 1
-1.560600e+00 3.510000e+00 -4.445300e-01 -8.651100e-01 111 38 1.048100e+01 4.020000e+00 3.780500e+02 4.975600e+02 1
-1.514300e+00 3.564900e+00 -4.491400e-01 -8.651100e-01 112 38 1.115300e+01 4.020000e+00 3.911400e+02 4.963100e+02 1
-1.558500e+00 3.571400e+00 -4.496800e-01 -8.651100e-01 113 38 11 4.020000e+00 3.839000e+02 4.961000e+02 1
-4.789900e+00 1.307400e+01 -1.247000e+00 -8.651100e-01 400 38 1.052600e+01 4.020000e+00 4.541400e+02 4.349300e+02 1
-4.911100e+00 1.304400e+01 -1.244600e+00 -8.651100e-01 401 38 1.080300e+01 4.020000e+00 4.478000e+02 4.349500e+02 1
-4.923400e+00 1.305800e+01 -1.245700e+00 -8.651100e-01 402 38 1.031200e+01 4.020000e+00 4.474800e+02 4.349200e+02 1
-1.432400e+00 3.375400e+00 -4.332400e-01 -8.330700e-01 106 39 1.173200e+01 4.020000e+00 3.893100e+02 5.011400e+02 1
-1.503900e+00 3.379300e+00 -4.335700e-01 -8.330700e-01 107 39 1.278500e+01 4.020000e+00 3.763300e+02 5.009300e+02 1
-1.547300e+00 3.390200e+00 -4.344800e-01 -8.330700e-01 108 39 1.288900e+01 4.020000e+00 3.692900e+02 5.005800e+02 1
-1.620700e+00 3.377200e+00 -4.333900e-01 -8.330700e-01 109 39 1.203000e+01 4.020000e+00 3.543500e+02 5.008100e+02 1
-1.814100e+00 3.223000e+00 -4.204500e-01 -8.330700e-01 110 39 1.018500e+01 4.020000e+00 3.003500e+02 5.047100e+02 1
-1.470600e+00 3.547100e+00 -4.476500e-01 -8.330700e-01 111 39 1.057000e+01 4.020000e+00 3.973800e+02 4.967900e+02 1
-1.484000e+00 3.579700e+00 -4.503800e-01 -8.330700e-01 112 39 1.159600e+01 4.020000e+00 3.977400e+02 4.960100e+02 1
-1.558500e+00 3.580600e+00 -4.504600e-01 -8.330700e-01 113 39 1.151600e+01 4.020000e+00 3.847100e+02 4.958800e+02 1
-1.603200e+00 3.578700e+00 -4.503000e-01 -8.330700e-01 114 39 1.041400e+01 4.020000e+00 3.766700e+02 4.958600e+02 1
-4.681100e+00 1.307500e+01 -1.247100e+00 -8.330700e-01 400 39 1.060900e+01 4.020000e+00 4.593600e+02 4.349500e+02 1
-5.129400e+00 1.296100e+01 -1.237600e+00 -8.330700e-01 401 39 1.107700e+01 4.020000e+00 4.357300e+02 4.350400e+02 1
-5.361000e+00 1.292300e+01 -1.234400e+00 -8.330700e-01 402 39 1.070700e+01 4.020000e+00 4.238200e+02 4.350500e+02 1
-1.403800e+00 3.385800e+00 -4.341100e-01 -8.010300e-01 106 40 1.072700e+01 4.020000e+00 3.956000e+02 5.009200e+02 1
-1.446000e+00 3.404700e+00 -4.357000e-01 -8.010300e-01 107 40 1.164300e+01 4.020000e+00 3.894300e+02 5.003600e+02 1
-1.518100e+00 3.404200e+00 -4.356500e-01 -8.010300e-01 108 40 1.166500e+01 4.020000e+00 3.760400e+02 5.002600e+02 1
-1.591200e+00 3.408400e+00 -4.360000e-01 -8.010300e-01 109 40 1.071800e+01 4.020000e+00 3.629200e+02 5.000500e+02 1
-1.453700e+00 3.579300e+00 -4.503400e-01 -8.010300e-01 112 40 1.024600e+01 4.020000e+00 4.030500e+02 4.960600e+02 1
-5.459500e+00 5.873800e+00 -6.428800e-01 -6.728600e-01 231 44 1.056600e+01 4.020000e+00 9.497700e+01 4.608900e+02 1
-5.357200e+00 6.026300e+00 -6.556800e-01 -6.728600e-01 232 44 1.034300e+01 4.020000e+00 1.201700e+02 4.597700e+02 1
6.681800e-01 8.485500e-01 -2.212000e-01 -6.408200e-02 32 63 9.765800e+00 4.020000e+00 1.114700e+03 8.114600e+02 0
0 0 -1.500000e-01 -3.204100e-02 1 64 1.557400e+01 4.020000e+00 2167 -3.612800e+03 0
-7.093800e-02 1.125200e-01 -1.594400e-01 -3.204100e-02 5 64 1.418300e+01 4.020000e+00 -3.082500e+03 7.709400e+03 0
-1.585200e-01 1.861000e-01 -1.656200e-01 -3.204100e-02 8 64 1.335000e+01 4.020000e+00 -1.095100e+03 2.950400e+03 0
-2.008100e-01 1.892500e-01 -1.658800e-01 -3.204100e-02 9 64 1.264700e+01 4.020000e+00 -1.248900e+03 2.854600e+03 0
-2.480100e-01 1.846700e-01 -1.655000e-01 -3.204100e-02 10 64 1.265800e+01 4.020000e+00 -1.550500e+03 2.915300e+03 0
-2.619200e-01 2.203300e-01 -1.684900e-01 -3.204100e-02 11 64 1.204900e+01 4.020000e+00 -1.084700e+03 2.332100e+03 0
-2.881200e-01 2.299700e-01 -1.693000e-01 -3.204100e-02 12 64 1.168100e+01 4.020000e+00 -1.072400e+03 2.209900e+03 0
-3.077600e-01 2.784700e-01 -1.733700e-01 -3.204100e-02 13 64 1.093700e+01 4.020000e+00 -7.262100e+02 1.798300e+03 0
-1.222300e-01 4.411100e-01 -1.870100e-01 -3.204100e-02 15 64 1.037500e+01 4.020000e+00 1.905900e+02 1.215600e+03 0
3.536000e-01 3.696800e-01 -1.810200e-01 -3.204100e-02 28 64 1.206600e+01 4.020000e+00 1103 1.466500e+03 0
6.799100e-01 6.426100e-01 -2.039200e-01 -3.204100e-02 29 64 1.366400e+01 4.020000e+00 1.287400e+03 9.621200e+02 0
6.725500e-01 7.383500e-01 -2.119600e-01 -3.204100e-02 30 64 1.458800e+01 4.020000e+00 1.191300e+03 8.799800e+02 0
6.793700e-01 7.975300e-01 -2.169200e-01 -3.204100e-02 31 64 1.476200e+01 4.020000e+00 1.155700e+03 8.407100e+02 0
6.766400e-01 8.317600e-01 -2.197900e-01 -3.204100e-02 32 64 1.426800e+01 4.020000e+00 1.131800e+03 8.207400e+02 0
6.722700e-01 8.730400e-01 -2.232600e-01 -3.204100e-02 33 64 1.288000e+01 4.020000e+00 1.104900e+03 7.989700e+02 0
6.482600e-01 9.527300e-01 -2.299500e-01 -3.204100e-02 34 64 1.040100e+01 4.020000e+00 1.048400e+03 7.626600e+02 0
-8.403400e-01 8.749800e-01 -2.234200e-01 -3.204100e-02 36 64 1.062200e+01 4.020000e+00 -8.266700e+01 7.704300e+02 0
-8.545300e-01 8.876700e-01 -2.244900e-01 -3.204100e-02 37 64 1.093400e+01 4.020000e+00 -8.124300e+01 7.648000e+02 0
-8.782700e-01 9.053900e-01 -2.259700e-01 -3.204100e-02 38 64 1.031600e+01 4.020000e+00 -8.212200e+01 7.571800e+02 0
