0 0 -1.500000e-01 0 1 65 1.662200e+01 1.870000e+00 2167 -3.612800e+03 0
-7.093800e-02 1.131300e-01 -1.544300e-01 0 5 65 1.518200e+01 1.870000e+00 -3.008100e+03 7489 0
-1.585200e-01 1.860200e-01 -1.572900e-01 0 8 65 1.433800e+01 1.870000e+00 -1.091700e+03 2.901200e+03 0
-2.008100e-01 1.917800e-01 -1.575100e-01 0 9 65 1.367200e+01 1.870000e+00 -1.204400e+03 2.755800e+03 0
-2.480100e-01 1.869100e-01 -1.573200e-01 0 10 65 1.363300e+01 1.870000e+00 -1.503300e+03 2.819700e+03 0
-2.619200e-01 2.227700e-01 -1.587300e-01 0 11 65 1.310300e+01 1.870000e+00 -1053 2.258600e+03 0
-2.881200e-01 2.337800e-01 -1.591600e-01 0 12 65 1.271700e+01 1.870000e+00 -1.028700e+03 2127 0
-3.044900e-01 2.834000e-01 -1.611000e-01 0 13 65 1.199000e+01 1.870000e+00 -6.826900e+02 1.729300e+03 0
-3.014900e-01 2.907100e-01 -1.613900e-01 0 14 65 1.148500e+01 1.870000e+00 -6.305400e+02 1.686600e+03 0
-1.222300e-01 3.327500e-01 -1.630400e-01 0 15 65 1.118800e+01 1.870000e+00 -1.584200e+01 1.509200e+03 0
3.536000e-01 3.404700e-01 -1.633400e-01 0 28 65 1.306900e+01 1.870000e+00 1.148200e+03 1.547800e+03 0
6.799100e-01 6.378700e-01 -1.749900e-01 0 29 65 1.466600e+01 1.870000e+00 1.290700e+03 9.334100e+02 0
6.725500e-01 7.368600e-01 -1.788700e-01 0 30 65 1.558400e+01 1.870000e+00 1.190900e+03 8.485200e+02 0
6.711800e-01 8.044500e-01 -1.815200e-01 0 31 65 1.574700e+01 1.870000e+00 1.142200e+03 8.043100e+02 0
6.766400e-01 8.327600e-01 -1.826300e-01 0 32 65 1.523600e+01 1.870000e+00 1.129800e+03 7.883300e+02 0
6.722700e-01 8.754200e-01 -1.843000e-01 0 33 65 1.380600e+01 1.870000e+00 1.102300e+03 7.661900e+02 0
-9.462000e-01 7.149100e-01 -1.780100e-01 0 35 65 1.080400e+01 1.870000e+00 -3.619300e+02 8.232400e+02 0
-8.307900e-01 8.826300e-01 -1.845800e-01 0 36 65 1.169100e+01 1.870000e+00 -6.748900e+01 7.377100e+02 0
-8.447100e-01 8.885600e-01 -1.848100e-01 0 37 65 1.223300e+01 1.870000e+00 -7.220700e+01 7.350200e+02 0
-8.782700e-01 8.475700e-01 -1.832100e-01 0 38 65 1.189500e+01 1.870000e+00 -1.367800e+02 7.523100e+02 0
-9.227400e-01 7.519700e-01 -1.794600e-01 0 39 65 1.065400e+01 1.870000e+00 -2.868800e+02 8.008900e+02 0
-4.795400e+00 2.906700e+00 1.841000e+00 0 170 65 9.732100e+00 1.870000e+00 -3.362000e+02 6.229500e+01 0
0 0 -1.500000e-01 3.204100e-02 1 66 1.559300e+01 1.870000e+00 2167 -3.612800e+03 0
-7.202900e-02 1.125100e-01 -1.544100e-01 3.204100e-02 5 66 1.417600e+01 1.870000e+00 -3.078100e+03 7591 0
-1.585200e-01 1.859600e-01 -1.572900e-01 3.204100e-02 8 66 1.334600e+01 1.870000e+00 -1.092600e+03 2.902500e+03 0
-1.986300e-01 1.948900e-01 -1.576400e-01 3.204100e-02 9 66 1.267000e+01 1.870000e+00 -1.148400e+03 2.699400e+03 0
-2.480100e-01 1.881300e-01 -1.573700e-01 3.204100e-02 10 66 1.263200e+01 1.870000e+00 -1.481400e+03 2.795500e+03 0
-2.619200e-01 2.240100e-01 -1.587800e-01 3.204100e-02 11 66 1.220000e+01 1.870000e+00 -1.039300e+03 2.243900e+03 0
-2.911200e-01 2.325200e-01 -1.591100e-01 3.204100e-02 12 66 1.174800e+01 1.870000e+00 -1.051900e+03 2139 0
-3.110400e-01 2.779600e-01 -1.608900e-01 3.204100e-02 13 66 1.104500e+01 1.870000e+00 -7.356200e+02 1762 0
-3.014900e-01 2.893100e-01 -1.613400e-01 3.204100e-02 14 66 1.047500e+01 1.870000e+00 -6.387500e+02 1.694700e+03 0
-1.222300e-01 2.548900e-01 -1.599900e-01 3.204100e-02 15 66 1.037000e+01 1.870000e+00 -3.143800e+02 1.981800e+03 0
3.609700e-01 3.012500e-01 -1.618000e-01 3.204100e-02 28 66 1.204000e+01 1.870000e+00 1.253300e+03 1.760900e+03 0
6.799100e-01 6.332000e-01 -1.748100e-01 3.204100e-02 29 66 1.363400e+01 1.870000e+00 1.295900e+03 9.381800e+02 0
6.725500e-01 7.346200e-01 -1.787800e-01 3.204100e-02 30 66 1.455700e+01 1.870000e+00 1.192700e+03 8.501500e+02 0
6.711800e-01 8.044800e-01 -1.815200e-01 3.204100e-02 31 66 1.474100e+01 1.870000e+00 1.142200e+03 8.042900e+02 0
6.766400e-01 8.343700e-01 -1.826900e-01 3.204100e-02 32 66 1.425000e+01 1.870000e+00 1.128800e+03 7.874500e+02 0
6.810000e-01 8.713800e-01 -1.841400e-01 3.204100e-02 33 66 1.284700e+01 1.870000e+00 1.111700e+03 7.683400e+02 0
-8.212400e-01 8.977000e-01 -1.851700e-01 3.204100e-02 36 66 1.069900e+01 1.870000e+00 -4.717400e+01 7.316300e+02 0
-8.348900e-01 9.155100e-01 -1.858700e-01 3.204100e-02 37 66 1.131200e+01 1.870000e+00 -4.157600e+01 7.243400e+02 0
-8.681700e-01 8.931200e-01 -1.849900e-01 3.204100e-02 38 66 1.104900e+01 1.870000e+00 -8.494900e+01 7.327800e+02 0
-6.348900e-01 6.218000e+00 -3.936200e-01 -7.369400e-01 180 42 1.164200e+01 1.870000e+00 6.106300e+02 4.334900e+02 1
-7.366600e-01 6.241500e+00 -3.945400e-01 -7.369400e-01 181 42 1.274100e+01 1.870000e+00 6.005500e+02 4.332600e+02 1
-7.901400e-01 6.269500e+00 -3.956300e-01 -7.369400e-01 182 42 1.288700e+01 1.870000e+00 5.955400e+02 4.330200e+02 1
-7.945100e-01 6.306000e+00 -3.970600e-01 -7.369400e-01 183 42 1.192300e+01 1.870000e+00 5.956700e+02 4.327500e+02 1
-7.489400e-01 6.346500e+00 -3.986500e-01 -7.369400e-01 184 42 1.126000e+01 1.870000e+00 6.008700e+02 4.324600e+02 1
-8.032400e-01 6.364000e+00 -3.993300e-01 -7.369400e-01 185 42 1.159400e+01 1.870000e+00 5.956900e+02 4.323100e+02 1
-8.580800e-01 6.363500e+00 -3.993200e-01 -7.369400e-01 186 42 1.082200e+01 1.870000e+00 5.902000e+02 4.322900e+02 1
-5.827800e-01 6.188900e+00 -3.924800e-01 -7.049000e-01 179 43 1.042900e+01 1.870000e+00 6.156100e+02 4.337400e+02 1
-6.837300e-01 6.213600e+00 -3.934400e-01 -7.049000e-01 180 43 1.253100e+01 1.870000e+00 6.055600e+02 4.335000e+02 1
-7.366600e-01 6.242400e+00 -3.945700e-01 -7.049000e-01 181 43 1.357100e+01 1.870000e+00 6.005600e+02 4.332600e+02 1
-7.407600e-01 6.276600e+00 -3.959100e-01 -7.049000e-01 182 43 1.370400e+01 1.870000e+00 6.006600e+02 4.329900e+02 1
-7.945100e-01 6.305800e+00 -3.970600e-01 -7.049000e-01 183 43 1.296900e+01 1.870000e+00 5.956600e+02 4.327500e+02 1
-7.988700e-01 6.340700e+00 -3.984200e-01 -7.049000e-01 184 43 1.255500e+01 1.870000e+00 5.957700e+02 4.324800e+02 1
-8.032400e-01 6.372300e+00 -3.996600e-01 -7.049000e-01 185 43 1.250000e+01 1.870000e+00 5.958200e+02 4.322500e+02 1
-8.580800e-01 6.393500e+00 -4.004900e-01 -7.049000e-01 186 43 1.169300e+01 1.870000e+00 5.906900e+02 4.320700e+02 1
-8.627100e-01 6.408100e+00 -4.010600e-01 -7.049000e-01 187 43 1.023700e+01 1.870000e+00 5.904600e+02 4.319600e+02 1
-6.837300e-01 6.213700e+00 -3.934500e-01 -6.728600e-01 180 44 1.144900e+01 1.870000e+00 6.055600e+02 4.335000e+02 1
-7.366600e-01 6.242700e+00 -3.945800e-01 -6.728600e-01 181 44 1.241400e+01 1.870000e+00 6.005700e+02 4.332500e+02 1
-7.407600e-01 6.277200e+00 -3.959300e-01 -6.728600e-01 182 44 1.253300e+01 1.870000e+00 6.006700e+02 4.329900e+02 1
-7.448500e-01 6.307700e+00 -3.971300e-01 -6.728600e-01 183 44 1.203000e+01 1.870000e+00 6.007100e+02 4.327600e+02 1
-7.489400e-01 6.341300e+00 -3.984500e-01 -6.728600e-01 184 44 1.170600e+01 1.870000e+00 6.008000e+02 4.325000e+02 1
-8.534400e-01 6.364500e+00 -3.993500e-01 -6.728600e-01 185 44 1.139600e+01 1.870000e+00 5.906800e+02 4.322800e+02 1
-8.580800e-01 6.398100e+00 -4.006700e-01 -6.728600e-01 186 44 1.053600e+01 1.870000e+00 5.907600e+02 4.320400e+02 1
0 0 -1.500000e-01 -3.204100e-02 1 64 1.561200e+01 1.870000e+00 2167 -3.612800e+03 0
-7.093800e-02 1.131700e-01 -1.544300e-01 -3.204100e-02 5 64 1.415600e+01 1.870000e+00 -3.004600e+03 7.482400e+03 0
-1.585200e-01 1.860400e-01 -1.572900e-01 -3.204100e-02 8 64 1.328500e+01 1.870000e+00 -1.091300e+03 2.900600e+03 0
-2.008100e-01 1.913600e-01 -1.575000e-01 -3.204100e-02 9 64 1.264600e+01 1.870000e+00 -1.210900e+03 2.763900e+03 0
-2.480100e-01 1.854000e-01 -1.572600e-01 -3.204100e-02 10 64 1.260400e+01 1.870000e+00 -1531 2.850400e+03 0
-2.592000e-01 2.237500e-01 -1.587700e-01 -3.204100e-02 11 64 1.210800e+01 1.870000e+00 -1.032300e+03 2.248100e+03 0
-2.821100e-01 2.352600e-01 -1.592200e-01 -3.204100e-02 12 64 1.172400e+01 1.870000e+00 -9.934500e+02 2114 0
-2.979400e-01 2.857800e-01 -1.612000e-01 -3.204100e-02 13 64 1.096300e+01 1.870000e+00 -6.505400e+02 1.716200e+03 0
-4.125300e-01 2.398500e-01 -1.594000e-01 -3.204100e-02 15 64 1.037600e+01 1.870000e+00 -1.370400e+03 2027 0
3.536000e-01 3.430100e-01 -1.634400e-01 -3.204100e-02 28 64 1.201700e+01 1.870000e+00 1.143700e+03 1.536300e+03 0
6.799100e-01 6.407900e-01 -1.751100e-01 -3.204100e-02 29 64 1.364400e+01 1.870000e+00 1.287500e+03 9.304700e+02 0
6.725500e-01 7.382900e-01 -1.789300e-01 -3.204100e-02 30 64 1.456600e+01 1.870000e+00 1.189800e+03 8.475000e+02 0
6.711800e-01 8.043800e-01 -1.815200e-01 -3.204100e-02 31 64 1.471900e+01 1.870000e+00 1.142300e+03 8.043500e+02 0
6.766400e-01 8.308500e-01 -1.825500e-01 -3.204100e-02 32 64 1.419900e+01 1.870000e+00 1.130900e+03 7.893700e+02 0
6.810000e-01 8.656900e-01 -1.839200e-01 -3.204100e-02 33 64 1.276300e+01 1.870000e+00 1.114800e+03 7.711700e+02 0
-8.594400e-01 8.498400e-01 -1.833000e-01 -3.204100e-02 36 64 1.056400e+01 1.870000e+00 -1.202200e+02 7.515900e+02 0
-8.643500e-01 8.583500e-01 -1.836300e-01 -3.204100e-02 37 64 1.114000e+01 1.870000e+00 -1.153700e+02 7.476800e+02 0
-8.883600e-01 8.177200e-01 -1.820400e-01 -3.204100e-02 38 64 1.073100e+01 1.870000e+00 -1.767600e+02 7.662800e+02 0
