0 0 -1.500000e-01 0 1 65 1.664200e+01 4.050000e+00 2167 -3.612800e+03 0
-7.093800e-02 1.131400e-01 -1.594900e-01 0 5 65 1.518900e+01 4.050000e+00 -3026 7.600300e+03 0
-1.585200e-01 1.860600e-01 -1.656100e-01 0 8 65 1.433700e+01 4.050000e+00 -1.095700e+03 2.951200e+03 0
-2.008100e-01 1.917200e-01 -1.660900e-01 0 9 65 1.368100e+01 4.050000e+00 -1.210400e+03 2.806200e+03 0
-2.480100e-01 1.871400e-01 -1.657000e-01 0 10 65 1.364100e+01 4.050000e+00 -1.504900e+03 2.864400e+03 0
-2.619200e-01 2.233600e-01 -1.687400e-01 0 11 65 1.299200e+01 4.050000e+00 -1.050600e+03 2.295300e+03 0
-2.881200e-01 2.337300e-01 -1.696100e-01 0 12 65 1.270200e+01 4.050000e+00 -1.033200e+03 2170 0
-3.044900e-01 2.823100e-01 -1.736900e-01 0 13 65 1.196100e+01 4.050000e+00 -6.924200e+02 1.774700e+03 0
-3.014900e-01 2.980600e-01 -1.750100e-01 0 14 65 1.136300e+01 4.050000e+00 -5.915600e+02 1.683700e+03 0
-1.184100e-01 3.904900e-01 -1.827700e-01 0 15 65 1.136000e+01 4.050000e+00 1.184200e+02 1.342800e+03 0
-3.560500e-01 3.703200e-01 -1.810700e-01 0 16 65 1.124200e+01 4.050000e+00 -3.952300e+02 1.377900e+03 0
3.536000e-01 3.518500e-01 -1.795200e-01 0 28 65 1.311900e+01 4.050000e+00 1.130400e+03 1.537100e+03 0
6.799100e-01 6.416800e-01 -2.038400e-01 0 29 65 1.467000e+01 4.050000e+00 1.288400e+03 9.630600e+02 0
6.725500e-01 7.376200e-01 -2.119000e-01 0 30 65 1.559000e+01 4.050000e+00 1.191900e+03 8.805000e+02 0
6.793700e-01 7.975600e-01 -2.169300e-01 0 31 65 1.574400e+01 4.050000e+00 1.155700e+03 8.406900e+02 0
6.766400e-01 8.323300e-01 -2.198400e-01 0 32 65 1.521600e+01 4.050000e+00 1.131400e+03 8.204200e+02 0
6.722700e-01 8.754400e-01 -2.234600e-01 0 33 65 1.378400e+01 4.050000e+00 1.103600e+03 7.977800e+02 0
6.212500e-01 9.703300e-01 -2.314200e-01 0 34 65 1.113200e+01 4.050000e+00 1.021300e+03 7.552100e+02 0
7.792300e-01 6.363700e-01 -2.034000e-01 0 35 65 1.078500e+01 4.050000e+00 1.415900e+03 9.723300e+02 0
-8.498900e-01 8.747900e-01 -2.234100e-01 0 36 65 1.171900e+01 4.050000e+00 -8.987000e+01 7.703400e+02 0
-8.643500e-01 8.707100e-01 -2.230600e-01 0 37 65 1.216100e+01 4.050000e+00 -1.044400e+02 7.718600e+02 0
-8.883600e-01 8.458200e-01 -2.209700e-01 0 38 65 1.175300e+01 4.050000e+00 -1.475100e+02 7.825800e+02 0
-9.020000e-01 8.541800e-01 -2.216800e-01 0 39 65 1.024300e+01 4.050000e+00 -1.490600e+02 7.785200e+02 0
0 0 -1.500000e-01 3.204100e-02 1 66 1.564900e+01 4.050000e+00 2167 -3.612800e+03 0
-7.202900e-02 1.123000e-01 -1.594200e-01 3.204100e-02 5 66 1.418500e+01 4.050000e+00 -3.116300e+03 7.741800e+03 0
-1.604300e-01 1.843700e-01 -1.654700e-01 3.204100e-02 8 66 1.331500e+01 4.050000e+00 -1.131500e+03 2.987100e+03 0
-2.008100e-01 1.922000e-01 -1.661300e-01 3.204100e-02 9 66 1.270600e+01 4.050000e+00 -1203 2.796900e+03 0
-2.480100e-01 1.882600e-01 -1.658000e-01 3.204100e-02 10 66 1.263700e+01 4.050000e+00 -1.484800e+03 2842 0
-2.619200e-01 2.253700e-01 -1.689100e-01 3.204100e-02 11 66 1.180100e+01 4.050000e+00 -1.028700e+03 2.271700e+03 0
-2.881200e-01 2.374700e-01 -1.699300e-01 3.204100e-02 12 66 1.172200e+01 4.050000e+00 -9.958400e+02 2132 0
-3.077600e-01 2.799600e-01 -1.734900e-01 3.204100e-02 13 66 1.098200e+01 4.050000e+00 -7.164400e+02 1.788800e+03 0
-3.014900e-01 2.927300e-01 -1.745600e-01 3.204100e-02 14 66 1.028700e+01 4.050000e+00 -6.215500e+02 1.713300e+03 0
-1.260500e-01 3.325600e-01 -1.779100e-01 3.204100e-02 15 66 1.039300e+01 4.050000e+00 -2.645800e+01 1.546800e+03 0
3.609700e-01 3.341300e-01 -1.780400e-01 3.204100e-02 28 66 1.213500e+01 4.050000e+00 1181 1.618600e+03 0
6.799100e-01 6.382000e-01 -2.035500e-01 3.204100e-02 29 66 1.366900e+01 4.050000e+00 1.292200e+03 9.666000e+02 0
6.725500e-01 7.353500e-01 -2.117000e-01 3.204100e-02 30 66 1.459900e+01 4.050000e+00 1.193700e+03 8.821700e+02 0
6.711800e-01 8.044700e-01 -2.175000e-01 3.204100e-02 31 66 1.477400e+01 4.050000e+00 1.143600e+03 8.363300e+02 0
6.766400e-01 8.347300e-01 -2.200400e-01 3.204100e-02 32 66 1.427900e+01 4.050000e+00 1130 8.191000e+02 0
6.810000e-01 8.721600e-01 -2.231800e-01 3.204100e-02 33 66 1.291000e+01 4.050000e+00 1.112600e+03 7.995900e+02 0
6.392600e-01 9.583800e-01 -2.304200e-01 3.204100e-02 34 66 1.028500e+01 4.050000e+00 1.039400e+03 7.602300e+02 0
-8.689900e-01 8.475600e-01 -2.211200e-01 3.204100e-02 36 66 1.077900e+01 4.050000e+00 -131 7.821300e+02 0
-8.741700e-01 8.474200e-01 -2.211100e-01 3.204100e-02 37 66 1.128600e+01 4.050000e+00 -1.350700e+02 7.821000e+02 0
-8.883600e-01 8.329000e-01 -2.198900e-01 3.204100e-02 38 66 1.095000e+01 4.050000e+00 -1.612900e+02 7.886300e+02 0
3.609700e+00 9.587300e+00 -9.544900e-01 -1.025300e+00 295 33 1.034200e+01 4.050000e+00 9.271900e+02 4.456700e+02 1
3.621900e+00 9.621300e+00 -9.573400e-01 -1.025300e+00 296 33 1.028300e+01 4.050000e+00 9.271900e+02 4.455600e+02 1
3.553400e+00 9.695300e+00 -9.635600e-01 -1.025300e+00 297 33 1.028900e+01 4.050000e+00 9.207300e+02 4.452800e+02 1
3.646500e+00 9.708400e+00 -9.646500e-01 -1.025300e+00 298 33 1.104400e+01 4.050000e+00 9.267100e+02 4.452700e+02 1
3.658800e+00 9.741000e+00 -9.673900e-01 -1.025300e+00 299 33 1.141400e+01 4.050000e+00 9.267500e+02 4.451600e+02 1
3.589500e+00 9.798900e+00 -9.722500e-01 -1.025300e+00 300 33 1.105800e+01 4.050000e+00 9.207000e+02 4.449500e+02 1
3.437800e+00 9.870100e+00 -9.782200e-01 -1.025300e+00 301 33 1.016800e+01 4.050000e+00 9.089400e+02 4.446600e+02 1
3.837200e+00 9.457000e+00 -9.435600e-01 -9.932700e-01 294 34 1.077800e+01 4.050000e+00 9.463100e+02 4.462100e+02 1
3.850300e+00 9.501400e+00 -9.472800e-01 -9.932700e-01 295 34 1.142700e+01 4.050000e+00 9.460200e+02 4.460600e+02 1
3.782900e+00 9.574500e+00 -9.534200e-01 -9.932700e-01 296 34 1.116800e+01 4.050000e+00 9.394200e+02 4.457800e+02 1
3.715000e+00 9.631300e+00 -9.581800e-01 -9.932700e-01 297 34 1.115900e+01 4.050000e+00 9.333000e+02 4.455600e+02 1
3.727500e+00 9.662100e+00 -9.607600e-01 -9.932700e-01 298 34 1.216400e+01 4.050000e+00 9.333700e+02 4.454500e+02 1
3.740100e+00 9.693800e+00 -9.634300e-01 -9.932700e-01 299 34 1.260000e+01 4.050000e+00 9.334200e+02 4.453500e+02 1
3.752600e+00 9.718400e+00 -9.654900e-01 -9.932700e-01 300 34 1.215800e+01 4.050000e+00 9.336600e+02 4.452700e+02 1
3.765200e+00 9.748600e+00 -9.680300e-01 -9.932700e-01 301 34 1.087100e+01 4.050000e+00 9.337500e+02 4.451700e+02 1
-2.413000e+00 3.773700e+00 -4.666600e-01 -9.612300e-01 133 35 9.983300e+00 4.050000e+00 2.589600e+02 4.905300e+02 0
3.850300e+00 9.514800e+00 -9.484000e-01 -9.612300e-01 295 35 1.064200e+01 4.050000e+00 9.456600e+02 4.460100e+02 1
3.782900e+00 9.576000e+00 -9.535400e-01 -9.612300e-01 296 35 1.029800e+01 4.050000e+00 9.393800e+02 4.457700e+02 1
3.553400e+00 9.690900e+00 -9.631800e-01 -9.612300e-01 297 35 1.025300e+01 4.050000e+00 9.208300e+02 4.453000e+02 1
3.727500e+00 9.653600e+00 -9.600600e-01 -9.612300e-01 298 35 1.143900e+01 4.050000e+00 9.335800e+02 4.454800e+02 1
3.740100e+00 9.680700e+00 -9.623300e-01 -9.612300e-01 299 35 1.186000e+01 4.050000e+00 9.337500e+02 4.453900e+02 1
3.752600e+00 9.699100e+00 -9.638700e-01 -9.612300e-01 300 35 1.140000e+01 4.050000e+00 9.341400e+02 4.453400e+02 1
3.765200e+00 9.750800e+00 -9.682100e-01 -9.612300e-01 301 35 1.006800e+01 4.050000e+00 9.336900e+02 4.451700e+02 1
-4.819400e+00 4.089700e+00 -4.931800e-01 -5.767400e-01 185 47 1.025800e+01 4.050000e+00 -6.645200e+01 4.819000e+02 0
0 0 -1.500000e-01 -6.408200e-02 1 63 1.039400e+01 4.050000e+00 2167 -3.612800e+03 0
1.664300e-02 9.268400e-03 -1.507800e-01 -6.408200e-02 2 63 1.003600e+01 4.050000e+00 2.201200e+03 -4150 0
6.630000e-01 8.006300e-01 -2.171800e-01 -6.408200e-02 31 63 1.055900e+01 4.050000e+00 1.138500e+03 8.384500e+02 0
6.935500e-01 8.173500e-01 -2.185900e-01 -6.408200e-02 32 63 1.080100e+01 4.050000e+00 1.155800e+03 8.292700e+02 0
7.421200e-01 8.065000e-01 -2.176800e-01 -6.408200e-02 33 63 1.043800e+01 4.050000e+00 1.207700e+03 8.367600e+02 0
8.013300e-01 6.473800e-01 -2.043200e-01 -6.408200e-02 34 63 9.766700e+00 4.050000e+00 1.428100e+03 9.619200e+02 0
0 0 -1.500000e-01 -3.204100e-02 1 64 1.560500e+01 4.050000e+00 2167 -3.612800e+03 0
-7.093800e-02 1.129600e-01 -1.594800e-01 -3.204100e-02 5 64 1.415900e+01 4.050000e+00 -3.042300e+03 7.631900e+03 0
-1.585200e-01 1.861000e-01 -1.656200e-01 -3.204100e-02 8 64 1.331500e+01 4.050000e+00 -1.095200e+03 2.950600e+03 0
-2.008100e-01 1.913600e-01 -1.660600e-01 -3.204100e-02 9 64 1.262600e+01 4.050000e+00 -1.215800e+03 2813 0
-2.504700e-01 1.822900e-01 -1.653000e-01 -3.204100e-02 10 64 1.259400e+01 4.050000e+00 -1.608200e+03 2.964600e+03 0
-2.619200e-01 2.220400e-01 -1.686300e-01 -3.204100e-02 11 64 1.208800e+01 4.050000e+00 -1.065200e+03 2.311100e+03 0
-2.881200e-01 2.317600e-01 -1.694500e-01 -3.204100e-02 12 64 1.160200e+01 4.050000e+00 -1.053500e+03 2.190600e+03 0
-3.044900e-01 2.830200e-01 -1.737500e-01 -3.204100e-02 13 64 1.086400e+01 4.050000e+00 -6.879300e+02 1.770300e+03 0
-4.291700e-01 1.177000e-01 -1.598800e-01 -3.204100e-02 14 64 1.035000e+01 4.050000e+00 -5.893500e+03 5.534200e+03 0
-4.010700e-01 2.595800e-01 -1.717800e-01 -3.204100e-02 15 64 1.037400e+01 4.050000e+00 -1.137300e+03 1907 0
3.536000e-01 3.699100e-01 -1.810400e-01 -3.204100e-02 28 64 1.210700e+01 4.050000e+00 1.102700e+03 1.465600e+03 0
6.799100e-01 6.473600e-01 -2.043200e-01 -3.204100e-02 29 64 1.363200e+01 4.050000e+00 1.282300e+03 9.573900e+02 0
6.804600e-01 7.326900e-01 -2.114800e-01 -3.204100e-02 30 64 1.451600e+01 4.050000e+00 1.203900e+03 8.843600e+02 0
6.793700e-01 7.975100e-01 -2.169200e-01 -3.204100e-02 31 64 1.462600e+01 4.050000e+00 1.155700e+03 8.407300e+02 0
6.766400e-01 8.303500e-01 -2.196800e-01 -3.204100e-02 32 64 1.404800e+01 4.050000e+00 1.132600e+03 8.215200e+02 0
6.722700e-01 8.723200e-01 -2.232000e-01 -3.204100e-02 33 64 1.260500e+01 4.050000e+00 1.105200e+03 7.993300e+02 0
8.103300e-01 6.628100e-01 -2.056200e-01 -3.204100e-02 34 64 1.017400e+01 4.050000e+00 1.418500e+03 9.471600e+02 0
-8.403400e-01 8.867100e-01 -2.244100e-01 -3.204100e-02 36 64 1.064300e+01 4.050000e+00 -7.182600e+01 7.654400e+02 0
-8.643500e-01 8.731900e-01 -2.232700e-01 -3.204100e-02 37 64 1.103600e+01 4.050000e+00 -1.020500e+02 7.707900e+02 0
-8.782700e-01 8.647700e-01 -2.225600e-01 -3.204100e-02 38 64 1.058100e+01 4.050000e+00 -1.205700e+02 7.742200e+02 0
