0 0 -1.500000e-01 0 1 65 1.660200e+01 3.580000e+00 2167 -3.612800e+03 0
-7.093800e-02 1.131800e-01 -1.585000e-01 0 5 65 1.518700e+01 3.580000e+00 -3.018400e+03 7.570500e+03 0
-1.585200e-01 1.860800e-01 -1.639700e-01 0 8 65 1.432900e+01 3.580000e+00 -1.094500e+03 2.940800e+03 0
-2.008100e-01 1.913200e-01 -1.643600e-01 0 9 65 1.367300e+01 3.580000e+00 -1.215400e+03 2804 0
-2.480100e-01 1.867800e-01 -1.640200e-01 0 10 65 1.362300e+01 3.580000e+00 -1.510300e+03 2.861900e+03 0
-2.619200e-01 2.227300e-01 -1.667200e-01 0 11 65 1.314400e+01 3.580000e+00 -1.056800e+03 2.294200e+03 0
-2.881200e-01 2.336900e-01 -1.675400e-01 0 12 65 1.270300e+01 3.580000e+00 -1.032800e+03 2162 0
-3.044900e-01 2.827400e-01 -1.712300e-01 0 13 65 12 3.580000e+00 -6.891700e+02 1.764400e+03 0
-2.979400e-01 2.942900e-01 -1.720900e-01 0 14 65 1.140700e+01 3.580000e+00 -603 1.697700e+03 0
-1.184100e-01 4.215200e-01 -1.816500e-01 0 15 65 1.130900e+01 3.580000e+00 1.694000e+02 1.253800e+03 0
3.609700e-01 3.195600e-01 -1.739900e-01 0 28 65 1.313500e+01 3.580000e+00 1211 1.685800e+03 0
6.799100e-01 6.388200e-01 -1.979600e-01 0 29 65 1.466600e+01 3.580000e+00 1.291200e+03 9.593300e+02 0
6.725500e-01 7.356000e-01 -2.052300e-01 0 30 65 1.559100e+01 3.580000e+00 1.193200e+03 8.755500e+02 0
6.793700e-01 7.975800e-01 -2.098800e-01 0 31 65 1.574500e+01 3.580000e+00 1.155400e+03 8.343400e+02 0
6.766400e-01 8.322200e-01 -2.124800e-01 0 32 65 1.522000e+01 3.580000e+00 1.131200e+03 8.141800e+02 0
6.810000e-01 8.684100e-01 -2.152000e-01 0 33 65 1.376600e+01 3.580000e+00 1.114400e+03 7.952000e+02 0
7.699500e-01 6.059500e-01 -1.954900e-01 0 35 65 1.079500e+01 3.580000e+00 1.446700e+03 9.988100e+02 0
-8.307900e-01 8.918400e-01 -2.169600e-01 0 36 65 1.183200e+01 3.580000e+00 -6.007200e+01 7.576100e+02 0
-8.545300e-01 8.834500e-01 -2.163300e-01 0 37 65 1.226700e+01 3.580000e+00 -8.492700e+01 7.607200e+02 0
-8.782700e-01 8.568200e-01 -2.143300e-01 0 38 65 1.185300e+01 3.580000e+00 -1.283000e+02 7.718900e+02 0
-8.916400e-01 8.177700e-01 -2.114000e-01 0 39 65 1.055000e+01 3.580000e+00 -1.803300e+02 7.900300e+02 0
0 0 -1.500000e-01 3.204100e-02 1 66 1.558400e+01 3.580000e+00 2167 -3.612800e+03 0
-7.202900e-02 1.131600e-01 -1.585000e-01 3.204100e-02 5 66 1.417700e+01 3.580000e+00 -3.034200e+03 7.568600e+03 0
-1.585200e-01 1.860600e-01 -1.639700e-01 3.204100e-02 8 66 1.332600e+01 3.580000e+00 -1.094900e+03 2.941300e+03 0
-2.008100e-01 1.915700e-01 -1.643800e-01 3.204100e-02 9 66 1.270200e+01 3.580000e+00 -1.211700e+03 2.799300e+03 0
-2.504700e-01 1.838200e-01 -1.638000e-01 3.204100e-02 10 66 1.262900e+01 3.580000e+00 -1.577100e+03 2.921500e+03 0
-2.646500e-01 2.198500e-01 -1.665100e-01 3.204100e-02 11 66 1.219300e+01 3.580000e+00 -1.099600e+03 2.328200e+03 0
-2.881200e-01 2.348000e-01 -1.676300e-01 3.204100e-02 12 66 1.171500e+01 3.580000e+00 -1.021600e+03 2.150600e+03 0
-3.012100e-01 2.855000e-01 -1.714300e-01 3.204100e-02 13 66 1.098400e+01 3.580000e+00 -6.632100e+02 1.748200e+03 0
-4.327200e-01 1.064000e-01 -1.579900e-01 3.204100e-02 14 66 1.042100e+01 3.580000e+00 -7.505400e+03 6.737200e+03 0
3.609700e-01 3.299800e-01 -1.747700e-01 3.204100e-02 28 66 1.214200e+01 3.580000e+00 1.188900e+03 1.631200e+03 0
6.799100e-01 6.374400e-01 -1.978600e-01 3.204100e-02 29 66 1.365200e+01 3.580000e+00 1.292700e+03 9.607400e+02 0
6.725500e-01 7.334900e-01 -2.050700e-01 3.204100e-02 30 66 1.455800e+01 3.580000e+00 1.194800e+03 8.770900e+02 0
6.793700e-01 7.974900e-01 -2.098700e-01 3.204100e-02 31 66 1.470300e+01 3.580000e+00 1.155400e+03 8.343900e+02 0
6.766400e-01 8.341800e-01 -2.126300e-01 3.204100e-02 32 66 1.416800e+01 3.580000e+00 1.130100e+03 8.131000e+02 0
6.810000e-01 8.684100e-01 -2.152000e-01 3.204100e-02 33 66 1.272400e+01 3.580000e+00 1.114400e+03 7.952000e+02 0
-8.403400e-01 8.875100e-01 -2.166300e-01 3.204100e-02 36 66 1.078000e+01 3.580000e+00 -7.088500e+01 7.592600e+02 0
-8.643500e-01 8.899100e-01 -2.168100e-01 3.204100e-02 37 66 1.114400e+01 3.580000e+00 -8.606600e+01 7.578600e+02 0
-8.883600e-01 8.445100e-01 -2.134000e-01 3.204100e-02 38 66 1.066400e+01 3.580000e+00 -1.486300e+02 7.773200e+02 0
-2.272200e+00 1.190200e+01 -1.043500e+00 -9.612300e-01 348 35 1.051000e+01 3.580000e+00 5.634200e+02 4.322700e+02 1
-2.278700e+00 1.193300e+01 -1.045900e+00 -9.612300e-01 349 35 1.078400e+01 3.580000e+00 5.634200e+02 4.322100e+02 1
-2.190100e+00 1.196300e+01 -1.048200e+00 -9.612300e-01 350 35 1.051300e+01 3.580000e+00 5.684400e+02 4.321700e+02 1
4.088800e+00 1.563400e+00 -2.673700e-01 -4.806200e-01 128 50 1.008000e+01 3.580000e+00 2.537500e+03 6.338900e+02 0
4.228400e+00 1.184800e+00 -2.389500e-01 -4.485700e-01 127 51 1.023500e+01 3.580000e+00 3.358300e+03 7.236400e+02 0
4.158100e+00 1.525900e+00 -2.645600e-01 -4.485700e-01 128 51 1.069700e+01 3.580000e+00 2.627100e+03 6.408600e+02 0
0 0 -1.500000e-01 -3.204100e-02 1 64 1.558800e+01 3.580000e+00 2167 -3.612800e+03 0
-7.093800e-02 1.128000e-01 -1.584700e-01 -3.204100e-02 5 64 1.416100e+01 3.580000e+00 -3.052600e+03 7.636500e+03 0
-1.585200e-01 1.861000e-01 -1.639700e-01 -3.204100e-02 8 64 1.331800e+01 3.580000e+00 -1.094200e+03 2.940300e+03 0
-2.008100e-01 1.912400e-01 -1.643600e-01 -3.204100e-02 9 64 1.261900e+01 3.580000e+00 -1.216800e+03 2.805800e+03 0
-2.480100e-01 1.863000e-01 -1.639900e-01 -3.204100e-02 10 64 1.258800e+01 3.580000e+00 -1519 2.871600e+03 0
-2.592000e-01 2.256100e-01 -1.669400e-01 -3.204100e-02 11 64 1.212000e+01 3.580000e+00 -1.015500e+03 2.261400e+03 0
-2.851200e-01 2.348800e-01 -1.676300e-01 -3.204100e-02 12 64 1.167400e+01 3.580000e+00 -1.010500e+03 2.150800e+03 0
-3.012100e-01 2.837100e-01 -1.713000e-01 -3.204100e-02 13 64 1.098700e+01 3.580000e+00 -6.742300e+02 1.759100e+03 0
-2.943900e-01 2.983100e-01 -1.724000e-01 -3.204100e-02 14 64 1.039600e+01 3.580000e+00 -5.717400e+02 1.676200e+03 0
-4.125300e-01 2.308700e-01 -1.673300e-01 -3.204100e-02 15 64 1.041600e+01 3.580000e+00 -1.483100e+03 2.146700e+03 0
3.683300e-01 2.860600e-01 -1.714800e-01 -3.204100e-02 28 64 1.210600e+01 3.580000e+00 1.321800e+03 1.901900e+03 0
6.799100e-01 6.422000e-01 -1.982100e-01 -3.204100e-02 29 64 1.364800e+01 3.580000e+00 1.287500e+03 9.559200e+02 0
6.725500e-01 7.383700e-01 -2.054300e-01 -3.204100e-02 30 64 1.458400e+01 3.580000e+00 1191 8.735300e+02 0
6.793700e-01 7.974300e-01 -2.098700e-01 -3.204100e-02 31 64 1.475700e+01 3.580000e+00 1.155500e+03 8.344200e+02 0
6.766400e-01 8.300900e-01 -2.123200e-01 -3.204100e-02 32 64 1.426000e+01 3.580000e+00 1.132500e+03 8.153600e+02 0
6.810000e-01 8.681800e-01 -2.151800e-01 -3.204100e-02 33 64 1.285700e+01 3.580000e+00 1.114500e+03 7.953200e+02 0
6.572700e-01 9.286600e-01 -2.197200e-01 -3.204100e-02 34 64 1.004800e+01 3.580000e+00 1.065400e+03 7.667300e+02 0
-7.421200e-01 9.020700e-01 -2.177200e-01 -3.204100e-02 35 64 1.005300e+01 3.580000e+00 1.250700e+01 7.548400e+02 0
-8.212400e-01 8.934100e-01 -2.170700e-01 -3.204100e-02 36 64 1.091500e+01 3.580000e+00 -5.178000e+01 7.571200e+02 0
-8.348900e-01 8.900200e-01 -2.168200e-01 -3.204100e-02 37 64 1.138300e+01 3.580000e+00 -6.466200e+01 7.583000e+02 0
-8.479800e-01 8.847200e-01 -2.164200e-01 -3.204100e-02 38 64 1.099900e+01 3.580000e+00 -7.898200e+01 7.603000e+02 0
-8.501600e-01 8.860200e-01 -2.165200e-01 -3.204100e-02 39 64 9.874600e+00 3.580000e+00 -7.937900e+01 7.597200e+02 0
