0 0 -1.500000e-01 0 1 65 1.659700e+01 3.570000e+00 2167 -3.612800e+03 0
-7.093800e-02 1.127200e-01 -1.584400e-01 0 5 65 1.518500e+01 3.570000e+00 -3.060200e+03 7.650700e+03 0
-1.585200e-01 1.860800e-01 -1.639300e-01 0 8 65 1.435600e+01 3.570000e+00 -1.094500e+03 2.940600e+03 0
-2.008100e-01 1.912700e-01 -1.643200e-01 0 9 65 1.365900e+01 3.570000e+00 -1.216300e+03 2.804900e+03 0
-2.480100e-01 1.868100e-01 -1.639900e-01 0 10 65 1.364300e+01 3.570000e+00 -1.509700e+03 2861 0
-2.619200e-01 2.225200e-01 -1.666600e-01 0 11 65 1.308600e+01 3.570000e+00 -1.059100e+03 2.296500e+03 0
-2.881200e-01 2.327600e-01 -1.674300e-01 0 12 65 1.270200e+01 3.570000e+00 -1.042300e+03 2.171500e+03 0
-3.077600e-01 2.793900e-01 -1.709200e-01 0 13 65 1.196900e+01 3.570000e+00 -7.195600e+02 1.784500e+03 0
-3.085800e-01 3.073500e-01 -1.730100e-01 0 14 65 1.141600e+01 3.570000e+00 -5.593500e+02 1.626400e+03 0
-1.222300e-01 3.223800e-01 -1.741400e-01 0 15 65 1.135000e+01 3.570000e+00 -4.599800e+01 1.585500e+03 0
3.609700e-01 3.037600e-01 -1.727400e-01 0 28 65 1.310400e+01 3.570000e+00 1.248500e+03 1.778400e+03 0
6.799100e-01 6.387100e-01 -1.978200e-01 0 29 65 1.466300e+01 3.570000e+00 1.291300e+03 9.592900e+02 0
6.725500e-01 7.368100e-01 -2.051600e-01 0 30 65 1.559500e+01 3.570000e+00 1.192200e+03 8.745100e+02 0
6.793700e-01 7.975300e-01 -2.097100e-01 0 31 65 1.575200e+01 3.570000e+00 1.155400e+03 8.342200e+02 0
6.766400e-01 8.291400e-01 -2.120800e-01 0 32 65 1.522800e+01 3.570000e+00 1.133100e+03 8.157400e+02 0
6.810000e-01 8.604400e-01 -2.144200e-01 0 33 65 1.377100e+01 3.570000e+00 1.118800e+03 7.991000e+02 0
7.328400e-01 8.362700e-01 -2.126100e-01 0 35 65 1.078900e+01 3.570000e+00 1.178400e+03 8.129900e+02 0
-8.307900e-01 8.807000e-01 -2.159400e-01 0 36 65 1.163700e+01 3.570000e+00 -7.012700e+01 7.621400e+02 0
-8.447100e-01 8.955400e-01 -2.170500e-01 0 37 65 1.212800e+01 3.570000e+00 -6.678600e+01 7.557200e+02 0
-8.681700e-01 8.938400e-01 -2.169200e-01 0 38 65 1.178500e+01 3.570000e+00 -8.519100e+01 7.560400e+02 0
-8.916400e-01 9.020100e-01 -2.175300e-01 0 39 65 1.067200e+01 3.570000e+00 -9.446000e+01 7.523500e+02 0
0 0 -1.500000e-01 3.204100e-02 1 66 1.557200e+01 3.570000e+00 2167 -3.612800e+03 0
-7.202900e-02 1.117000e-01 -1.583600e-01 3.204100e-02 5 66 1.416800e+01 3.570000e+00 -3.169700e+03 7.828400e+03 0
-1.585200e-01 1.860800e-01 -1.639300e-01 3.204100e-02 8 66 1.336700e+01 3.570000e+00 -1.094600e+03 2.940700e+03 0
-2.008100e-01 1.908300e-01 -1.642900e-01 3.204100e-02 9 66 1.265600e+01 3.570000e+00 -1.223100e+03 2.813400e+03 0
-2.504700e-01 1.828500e-01 -1.636900e-01 3.204100e-02 10 66 1.262900e+01 3.570000e+00 -1.595900e+03 2.942100e+03 0
-2.619200e-01 2.227400e-01 -1.666800e-01 3.204100e-02 11 66 1.212500e+01 3.570000e+00 -1.056600e+03 2.293800e+03 0
-2.851200e-01 2.365600e-01 -1.677100e-01 3.204100e-02 12 66 1.167600e+01 3.570000e+00 -9.938800e+02 2.133600e+03 0
-3.044900e-01 2.815800e-01 -1.710800e-01 3.204100e-02 13 66 1.097300e+01 3.570000e+00 -6.965100e+02 1.771400e+03 0
-3.121300e-01 3.116800e-01 -1.733300e-01 3.204100e-02 14 66 1.039200e+01 3.570000e+00 -5.459800e+02 1.604500e+03 0
3.536000e-01 3.639000e-01 -1.772400e-01 3.204100e-02 28 66 1.215200e+01 3.570000e+00 1.111200e+03 1.480600e+03 0
6.799100e-01 6.371800e-01 -1.977000e-01 3.204100e-02 29 66 1.369700e+01 3.570000e+00 1293 9.608500e+02 0
6.725500e-01 7.362400e-01 -2.051200e-01 3.204100e-02 30 66 1.461800e+01 3.570000e+00 1.192700e+03 8.749200e+02 0
6.711800e-01 8.044400e-01 -2.102300e-01 3.204100e-02 31 66 1.478200e+01 3.570000e+00 1.143400e+03 8.298600e+02 0
6.766400e-01 8.290900e-01 -2.120700e-01 3.204100e-02 32 66 1.427000e+01 3.570000e+00 1.133100e+03 8.157700e+02 0
6.810000e-01 8.566700e-01 -2.141400e-01 3.204100e-02 33 66 1.283500e+01 3.570000e+00 1.120900e+03 8.010400e+02 0
-8.594400e-01 8.547300e-01 -2.139900e-01 3.204100e-02 36 66 1.057400e+01 3.570000e+00 -1.162600e+02 7.730300e+02 0
-8.643500e-01 8.796100e-01 -2.158500e-01 3.204100e-02 37 66 1.100100e+01 3.570000e+00 -9.568800e+01 7.620500e+02 0
-8.782700e-01 8.762800e-01 -2.156000e-01 3.204100e-02 38 66 1.061800e+01 3.570000e+00 -1.090600e+02 7.632300e+02 0
0 0 -1.500000e-01 6.408200e-02 1 67 1.011200e+01 3.570000e+00 2167 -3.612800e+03 0
-1.964400e-02 1.460400e-02 -1.510900e-01 6.408200e-02 2 67 9.921500e+00 3.570000e+00 2.762400e+03 -4.656400e+03 0
6.646300e-01 7.578200e-01 -2.067400e-01 6.408200e-02 30 67 9.509500e+00 3.570000e+00 1.168600e+03 8.594700e+02 0
6.711800e-01 7.777800e-01 -2.082300e-01 6.408200e-02 31 67 9.798500e+00 3.570000e+00 1.160900e+03 8.463900e+02 0
6.851000e-01 7.271600e-01 -2.044400e-01 6.408200e-02 32 67 9.760000e+00 3.570000e+00 1.212800e+03 8.820100e+02 0
4.086000e+00 5.287600e+00 -5.458600e-01 -8.330700e-01 193 39 1.012200e+01 3.570000e+00 1.184800e+03 4.677900e+02 1
4.160000e+00 5.303300e+00 -5.470400e-01 -8.330700e-01 194 39 1.068400e+01 3.570000e+00 1.192700e+03 4.676600e+02 1
4.181500e+00 5.324400e+00 -5.486200e-01 -8.330700e-01 195 39 1.003100e+01 3.570000e+00 1.193400e+03 4.674300e+02 1
4.117700e+00 5.412400e+00 -5.552100e-01 -8.330700e-01 197 39 1.019100e+01 3.570000e+00 1177 4.663600e+02 1
4.138700e+00 5.343000e+00 -5.500200e-01 -8.330700e-01 198 39 1.025100e+01 3.570000e+00 1.186200e+03 4.671800e+02 1
4.064700e+00 5.265100e+00 -5.441800e-01 -8.010300e-01 192 40 1.054500e+01 3.570000e+00 1.184200e+03 4.680400e+02 1
4.033600e+00 5.356000e+00 -5.509900e-01 -8.010300e-01 193 40 1.218900e+01 3.570000e+00 1.171600e+03 4.669400e+02 1
4.054600e+00 5.383500e+00 -5.530400e-01 -8.010300e-01 194 40 1.257000e+01 3.570000e+00 1.171700e+03 4.666400e+02 1
4.128600e+00 5.369300e+00 -5.519800e-01 -8.010300e-01 195 40 1.191900e+01 3.570000e+00 1.182400e+03 4.668600e+02 1
4.149900e+00 5.314500e+00 -5.478800e-01 -8.010300e-01 196 40 1.043700e+01 3.570000e+00 1.190300e+03 4.675200e+02 1
4.064200e+00 5.467400e+00 -5.593300e-01 -8.010300e-01 197 40 1.160300e+01 3.570000e+00 1.165300e+03 4.657100e+02 1
4.138700e+00 5.468700e+00 -5.594200e-01 -8.010300e-01 198 40 1.155400e+01 3.570000e+00 1.174400e+03 4.657500e+02 1
4.159700e+00 5.415400e+00 -5.554400e-01 -8.010300e-01 199 40 1.065500e+01 3.570000e+00 1182 4.663600e+02 1
3.960500e+00 5.367000e+00 -5.518100e-01 -7.689800e-01 192 41 1.041300e+01 3.570000e+00 1.161300e+03 4.667600e+02 1
4.033600e+00 5.356300e+00 -5.510100e-01 -7.689800e-01 193 41 1.191600e+01 3.570000e+00 1.171600e+03 4.669400e+02 1
4.054600e+00 5.383900e+00 -5.530700e-01 -7.689800e-01 194 41 1.228800e+01 3.570000e+00 1.171700e+03 4.666400e+02 1
4.128600e+00 5.371700e+00 -5.521700e-01 -7.689800e-01 195 41 1.172100e+01 3.570000e+00 1.182100e+03 4.668400e+02 1
4.203100e+00 5.325300e+00 -5.486900e-01 -7.689800e-01 196 41 1.068400e+01 3.570000e+00 1.196100e+03 4.674300e+02 1
4.064200e+00 5.425600e+00 -5.561900e-01 -7.689800e-01 197 41 1.119100e+01 3.570000e+00 1.169100e+03 4.661700e+02 1
4.084900e+00 5.506800e+00 -5.622800e-01 -7.689800e-01 198 41 1.109000e+01 3.570000e+00 1.164300e+03 4.652900e+02 1
4.159700e+00 5.467400e+00 -5.593200e-01 -7.689800e-01 199 41 1.013400e+01 3.570000e+00 1.177100e+03 4.657800e+02 1
0 0 -1.500000e-01 -6.408200e-02 1 63 9.678300e+00 3.570000e+00 2167 -3.612800e+03 0
-1.582500e-02 2.412200e-02 -1.518100e-01 -6.408200e-02 2 63 9.305100e+00 3.570000e+00 3.106500e+03 -5.619500e+03 0
7.279300e-01 7.015300e-01 -2.025200e-01 -6.408200e-02 30 63 9.769900e+00 3.570000e+00 1.281300e+03 9.034400e+02 0
0 0 -1.500000e-01 -3.204100e-02 1 64 1.558900e+01 3.570000e+00 2167 -3.612800e+03 0
-7.093800e-02 1.123100e-01 -1.584100e-01 -3.204100e-02 5 64 1.416500e+01 3.570000e+00 -3.098300e+03 7.724200e+03 0
-1.585200e-01 1.860900e-01 -1.639300e-01 -3.204100e-02 8 64 1.332300e+01 3.570000e+00 -1.094300e+03 2.940300e+03 0
-2.008100e-01 1.911300e-01 -1.643100e-01 -3.204100e-02 9 64 1.261400e+01 3.570000e+00 -1.218400e+03 2.807600e+03 0
-2.504700e-01 1.821200e-01 -1.636300e-01 -3.204100e-02 10 64 1.262100e+01 3.570000e+00 -1.610300e+03 2.958100e+03 0
-2.619200e-01 2.218200e-01 -1.666100e-01 -3.204100e-02 11 64 1.208800e+01 3.570000e+00 -1067 2305 0
-2.881200e-01 2.331100e-01 -1.674500e-01 -3.204100e-02 12 64 1.165700e+01 3.570000e+00 -1.038800e+03 2.167900e+03 0
-3.143100e-01 2.740000e-01 -1.705100e-01 -3.204100e-02 13 64 1.098800e+01 3.570000e+00 -7.741100e+02 1.818300e+03 0
-1.145900e-01 3.698100e-01 -1.776900e-01 -3.204100e-02 15 64 1.037700e+01 3.570000e+00 8.674800e+01 1400 0
3.609700e-01 2.299400e-01 -1.672100e-01 -3.204100e-02 28 64 1.205100e+01 3.570000e+00 1.533100e+03 2.482100e+03 0
6.799100e-01 6.407900e-01 -1.979700e-01 -3.204100e-02 29 64 1.360200e+01 3.570000e+00 1289 9.571800e+02 0
6.725500e-01 7.384100e-01 -2.052800e-01 -3.204100e-02 30 64 1.454200e+01 3.570000e+00 1191 8.733400e+02 0
6.793700e-01 7.973500e-01 -2.096900e-01 -3.204100e-02 31 64 1.470400e+01 3.570000e+00 1.155500e+03 8.343300e+02 0
6.766400e-01 8.266100e-01 -2.118900e-01 -3.204100e-02 32 64 1.418900e+01 3.570000e+00 1.134600e+03 8.171500e+02 0
6.722700e-01 8.632900e-01 -2.146300e-01 -3.204100e-02 33 64 1.274500e+01 3.570000e+00 1.109800e+03 7.974700e+02 0
-8.307900e-01 8.742300e-01 -2.154500e-01 -3.204100e-02 36 64 1.058300e+01 3.570000e+00 -7.610000e+01 7.649100e+02 0
-8.447100e-01 8.918100e-01 -2.167700e-01 -3.204100e-02 37 64 1.117300e+01 3.570000e+00 -7.014300e+01 7.572600e+02 0
-8.580800e-01 9.026600e-01 -2.175800e-01 -3.204100e-02 38 64 1.092400e+01 3.570000e+00 -6.999200e+01 7.526200e+02 0
-8.709000e-01 9.069500e-01 -2.179000e-01 -3.204100e-02 39 64 9.960800e+00 3.570000e+00 -7.527900e+01 7.507000e+02 0
