0 0 -1.500000e-01 0 1 65 1.661300e+01 2.560000e+00 2167 -3.612800e+03 0
-7.093800e-02 1.131100e-01 -1.560700e-01 0 5 65 1.519200e+01 2.560000e+00 -3.015800e+03 7.528700e+03 0
-1.585200e-01 1.860800e-01 -1.599800e-01 0 8 65 1.434800e+01 2.560000e+00 -1.092200e+03 2.916300e+03 0
-2.008100e-01 1.910800e-01 -1.602500e-01 0 9 65 1.369900e+01 2.560000e+00 -1.216800e+03 2.785100e+03 0
-2.480100e-01 1.866800e-01 -1.600200e-01 0 10 65 1.365700e+01 2.560000e+00 -1.509200e+03 2.840200e+03 0
-2.619200e-01 2.231800e-01 -1.619700e-01 0 11 65 1.310300e+01 2.560000e+00 -1.049900e+03 2.267900e+03 0
-2.881200e-01 2.339000e-01 -1.625500e-01 0 12 65 1.274400e+01 2.560000e+00 -1.028800e+03 2.139500e+03 0
-3.077600e-01 2.783600e-01 -1.649300e-01 0 13 65 1.200100e+01 2.560000e+00 -7.249300e+02 1.772700e+03 0
-1.222300e-01 3.243500e-01 -1.674000e-01 0 15 65 1.120200e+01 2.560000e+00 -3.966800e+01 1.558400e+03 0
3.609700e-01 3.155100e-01 -1.669300e-01 0 28 65 1.310900e+01 2.560000e+00 1.219200e+03 1.688700e+03 0
6.799100e-01 6.390200e-01 -1.842800e-01 0 29 65 1.467900e+01 2.560000e+00 1.290100e+03 9.430800e+02 0
6.725500e-01 7.362400e-01 -1.895000e-01 0 30 65 1.559700e+01 2.560000e+00 1.191900e+03 8.594900e+02 0
6.793700e-01 7.975500e-01 -1.927900e-01 0 31 65 1.574800e+01 2.560000e+00 1.154700e+03 8.189800e+02 0
6.766400e-01 8.303200e-01 -1.945500e-01 0 32 65 1.521400e+01 2.560000e+00 1.131700e+03 7.999600e+02 0
6.722700e-01 8.687100e-01 -1.966100e-01 0 33 65 1.373400e+01 2.560000e+00 1.106200e+03 7.797200e+02 0
7.792300e-01 7.589700e-01 -1.907200e-01 0 35 65 1.089900e+01 2.560000e+00 1.280400e+03 8.462300e+02 0
-8.403400e-01 8.617600e-01 -1.962400e-01 0 36 65 1.183600e+01 2.560000e+00 -9.447400e+01 7.561500e+02 0
-8.643500e-01 8.551100e-01 -1.958800e-01 0 37 65 1.225900e+01 2.560000e+00 -1.190100e+02 7.587100e+02 0
-8.883600e-01 8.527000e-01 -1.957500e-01 0 38 65 1.192100e+01 2.560000e+00 -1.395000e+02 7.593800e+02 0
-9.331100e-01 8.468200e-01 -1.954300e-01 0 39 65 1.080500e+01 2.560000e+00 -1.794200e+02 7.612800e+02 0
0 0 -1.500000e-01 3.204100e-02 1 66 1.558600e+01 2.560000e+00 2167 -3.612800e+03 0
-7.093800e-02 1.137700e-01 -1.561000e-01 3.204100e-02 5 66 1.418100e+01 2.560000e+00 -2.958300e+03 7.418100e+03 0
-1.604300e-01 1.843800e-01 -1.598900e-01 3.204100e-02 8 66 1.333600e+01 2.560000e+00 -1128 2952 0
-2.008100e-01 1.914300e-01 -1.602700e-01 3.204100e-02 9 66 1.272500e+01 2.560000e+00 -1.211400e+03 2.778300e+03 0
-2.480100e-01 1.875700e-01 -1.600600e-01 3.204100e-02 10 66 1.266100e+01 2.560000e+00 -1.493300e+03 2.822400e+03 0
-2.592000e-01 2.289000e-01 -1.622800e-01 3.204100e-02 11 66 1.219900e+01 2.560000e+00 -9.792200e+02 2.203400e+03 0
-2.881200e-01 2.381300e-01 -1.627800e-01 3.204100e-02 12 66 1.177000e+01 2.560000e+00 -9.868000e+02 2097 0
-3.077600e-01 2.795300e-01 -1.650000e-01 3.204100e-02 13 66 1.108300e+01 2.560000e+00 -7.172400e+02 1.765200e+03 0
-1.222300e-01 3.022500e-01 -1.662200e-01 3.204100e-02 15 66 1.034300e+01 2.560000e+00 -1.094200e+02 1.669100e+03 0
3.536000e-01 3.747600e-01 -1.701100e-01 3.204100e-02 28 66 1.212100e+01 2.560000e+00 1.094800e+03 1.422200e+03 0
6.799100e-01 6.351300e-01 -1.840800e-01 3.204100e-02 29 66 1.369200e+01 2.560000e+00 1.294400e+03 9.470400e+02 0
6.725500e-01 7.340200e-01 -1.893800e-01 3.204100e-02 30 66 1.460900e+01 2.560000e+00 1.193700e+03 8.611100e+02 0
6.711800e-01 8.044800e-01 -1.931600e-01 3.204100e-02 31 66 1.476900e+01 2.560000e+00 1.142700e+03 8.146400e+02 0
6.766400e-01 8.315600e-01 -1.946200e-01 3.204100e-02 32 66 1.425300e+01 2.560000e+00 1131 7.992800e+02 0
6.722700e-01 8.700000e-01 -1.966800e-01 3.204100e-02 33 66 1.279900e+01 2.560000e+00 1.105600e+03 7.790800e+02 0
7.977800e-01 7.833400e-01 -1.920300e-01 3.204100e-02 35 66 1.006900e+01 2.560000e+00 1.277200e+03 8.305600e+02 0
-8.594400e-01 8.377600e-01 -1.949500e-01 3.204100e-02 36 66 1.056200e+01 2.560000e+00 -1.330200e+02 7.667600e+02 0
-8.840000e-01 8.363500e-01 -1.948700e-01 3.204100e-02 37 66 1.105300e+01 2.560000e+00 -1.533500e+02 7.669900e+02 0
-9.287400e-01 8.231400e-01 -1.941600e-01 3.204100e-02 38 66 1.075500e+01 2.560000e+00 -2.025300e+02 7.724900e+02 0
0 0 -1.500000e-01 6.408200e-02 1 67 1.018600e+01 2.560000e+00 2167 -3.612800e+03 0
1.364200e-02 3.024800e-03 -1.501600e-01 6.408200e-02 2 67 9.723700e+00 2.560000e+00 2.098500e+03 -3.757300e+03 0
6.569900e-01 7.100300e-01 -1.880900e-01 6.408200e-02 29 67 9.997200e+00 2.560000e+00 1.196600e+03 8.788900e+02 0
6.725500e-01 7.437000e-01 -1.899000e-01 6.408200e-02 30 67 1.056500e+01 2.560000e+00 1.186200e+03 8.541300e+02 0
6.793700e-01 7.971200e-01 -1.927700e-01 6.408200e-02 31 67 1.047000e+01 2.560000e+00 1155 8.192400e+02 0
6.935500e-01 7.758700e-01 -1.916300e-01 6.408200e-02 32 67 9.779200e+00 2.560000e+00 1183 8.328700e+02 0
-6.848800e+00 8.985900e+00 -6.321100e-01 -7.049000e-01 327 43 1.025500e+01 2.560000e+00 2.056000e+02 4.257700e+02 1
-6.869800e+00 9.031500e+00 -6.345600e-01 -7.049000e-01 328 43 1.124600e+01 2.560000e+00 2.066100e+02 4.256100e+02 1
-6.890800e+00 9.090100e+00 -6.377000e-01 -7.049000e-01 329 43 1.128100e+01 2.560000e+00 2.082900e+02 4.254100e+02 1
-7.001600e+00 9.096100e+00 -6.380300e-01 -7.049000e-01 330 43 1.044800e+01 2.560000e+00 2.011900e+02 4.253600e+02 1
0 0 -1.500000e-01 -6.728600e-01 1 44 9.423900e+00 2.560000e+00 2167 -3.612800e+03 0
-7.026700e+00 8.633800e+00 2.387800e+00 -6.728600e-01 327 44 1.046300e+01 2.560000e+00 1.779000e+02 2.207200e+02 0
-6.959000e+00 8.904700e+00 1.641000e+00 -6.728600e-01 328 44 1.144900e+01 2.560000e+00 1.967100e+02 2.741500e+02 0
-6.980300e+00 8.999300e+00 -6.328300e-01 -6.728600e-01 329 44 1.147000e+01 2.560000e+00 1.974300e+02 4.256900e+02 1
-7.001600e+00 9.086100e+00 -6.374900e-01 -6.728600e-01 330 44 1.060300e+01 2.560000e+00 2.006600e+02 4.253900e+02 1
-1.064100e-01 8.868400e-01 -1.975800e-01 -2.242900e-01 27 58 9.259900e+00 2.560000e+00 4.775400e+02 7.573500e+02 0
-1.105000e-01 9.145700e-01 -1.990700e-01 -2.242900e-01 28 58 1.065400e+01 2.560000e+00 4.816000e+02 7.453700e+02 0
-1.145900e-01 9.473900e-01 -2.008300e-01 -2.242900e-01 29 58 1.103700e+01 2.560000e+00 4.866100e+02 7.321800e+02 0
-1.186800e-01 9.759600e-01 -2.023600e-01 -2.242900e-01 30 58 1.050400e+01 2.560000e+00 4.903000e+02 7.214800e+02 0
-1.309600e-01 9.799100e-01 -2.025700e-01 -2.242900e-01 31 58 9.469400e+00 2.560000e+00 4.827100e+02 7.198900e+02 0
0 0 -1.500000e-01 -9.612300e-02 1 62 9.671900e+00 2.560000e+00 2167 -3.612800e+03 0
6.962800e-01 7.186600e-01 -1.885600e-01 -9.612300e-02 30 62 1.008100e+01 2.560000e+00 1.230900e+03 8.733000e+02 0
7.448500e-01 7.323300e-01 -1.892900e-01 -9.612300e-02 31 62 9.876000e+00 2.560000e+00 1.269500e+03 8.643100e+02 0
6.343500e-01 8.280900e-01 -1.944300e-01 -9.612300e-02 32 62 9.623900e+00 2.560000e+00 1.095500e+03 8.003200e+02 0
6.897400e-01 7.976500e-01 -1.928000e-01 -9.612300e-02 33 62 9.697400e+00 2.560000e+00 1.164300e+03 8.191500e+02 0
0 0 -1.500000e-01 -6.408200e-02 1 63 1.004900e+01 2.560000e+00 2167 -3.612800e+03 0
-2.073600e-02 2.305900e-02 -1.512400e-01 -6.408200e-02 2 63 9.537600e+00 2.560000e+00 3.126600e+03 -5.508100e+03 0
6.417200e-01 7.232000e-01 -1.888000e-01 -6.408200e-02 29 63 1.008400e+01 2.560000e+00 1.170200e+03 8.683000e+02 0
6.804600e-01 7.483600e-01 -1.901500e-01 -6.408200e-02 30 63 1.089600e+01 2.560000e+00 1.190600e+03 8.510500e+02 0
7.366600e-01 7.438400e-01 -1.899100e-01 -6.408200e-02 31 63 1.030700e+01 2.560000e+00 1.250900e+03 8.557200e+02 0
6.258900e-01 8.675800e-01 -1.965500e-01 -6.408200e-02 32 63 1.023600e+01 2.560000e+00 1.067900e+03 7.794200e+02 0
6.984700e-01 8.216500e-01 -1.940800e-01 -6.408200e-02 33 63 1.045200e+01 2.560000e+00 1.156500e+03 8.052700e+02 0
7.743100e-01 7.570000e-01 -1.906100e-01 -6.408200e-02 34 63 9.599700e+00 2.560000e+00 1.277200e+03 8.474600e+02 0
0 0 -1.500000e-01 -3.204100e-02 1 64 1.560900e+01 2.560000e+00 2167 -3.612800e+03 0
-7.093800e-02 1.128000e-01 -1.560500e-01 -3.204100e-02 5 64 1.416500e+01 2.560000e+00 -3.044300e+03 7.583500e+03 0
-1.585200e-01 1.860900e-01 -1.599800e-01 -3.204100e-02 8 64 1.331400e+01 2.560000e+00 -1.092100e+03 2.916100e+03 0
-2.008100e-01 1.908600e-01 -1.602400e-01 -3.204100e-02 9 64 1.263500e+01 2.560000e+00 -1.220300e+03 2.789500e+03 0
-2.480100e-01 1.861000e-01 -1.599800e-01 -3.204100e-02 10 64 1.263000e+01 2.560000e+00 -1.519900e+03 2852 0
-2.619200e-01 2.217800e-01 -1.619000e-01 -3.204100e-02 11 64 1.217100e+01 2.560000e+00 -1.065400e+03 2.284600e+03 0
-2.881200e-01 2.312500e-01 -1.624100e-01 -3.204100e-02 12 64 1.172500e+01 2.560000e+00 -1.056100e+03 2.167200e+03 0
-3.110400e-01 2.743700e-01 -1.647200e-01 -3.204100e-02 13 64 1.094300e+01 2.560000e+00 -7.609200e+02 1798 0
-3.156700e-01 3.077800e-01 -1.665100e-01 -3.204100e-02 14 64 1.036400e+01 2.560000e+00 -5.731900e+02 1.605200e+03 0
-1.184100e-01 3.557300e-01 -1.690900e-01 -3.204100e-02 15 64 1.041800e+01 2.560000e+00 4.906700e+01 1.431100e+03 0
3.536000e-01 2.846000e-01 -1.652700e-01 -3.204100e-02 28 64 1.206800e+01 2.560000e+00 1.276600e+03 1.888300e+03 0
6.799100e-01 6.435200e-01 -1.845300e-01 -3.204100e-02 29 64 1.366000e+01 2.560000e+00 1.285200e+03 9.385600e+02 0
6.804600e-01 7.313900e-01 -1.892400e-01 -3.204100e-02 30 64 1.457600e+01 2.560000e+00 1.203900e+03 8.632500e+02 0
6.793700e-01 7.974800e-01 -1.927900e-01 -3.204100e-02 31 64 1.471900e+01 2.560000e+00 1.154700e+03 8.190200e+02 0
6.766400e-01 8.286300e-01 -1.944600e-01 -3.204100e-02 32 64 1.418200e+01 2.560000e+00 1.132700e+03 8.009000e+02 0
6.810000e-01 8.582300e-01 -1.960500e-01 -3.204100e-02 33 64 1.269100e+01 2.560000e+00 1.119400e+03 7.851900e+02 0
7.699500e-01 7.940000e-01 -1.926000e-01 -3.204100e-02 35 64 1.005900e+01 2.560000e+00 1242 8.232100e+02 0
-8.307900e-01 8.668500e-01 -1.965100e-01 -3.204100e-02 36 64 1.099000e+01 2.560000e+00 -8.248900e+01 7.540600e+02 0
-8.447100e-01 8.722500e-01 -1.968000e-01 -3.204100e-02 37 64 1.144300e+01 2.560000e+00 -8.768700e+01 7.514800e+02 0
-8.580800e-01 8.769400e-01 -1.970500e-01 -3.204100e-02 38 64 1.119500e+01 2.560000e+00 -9.307500e+01 7.492500e+02 0
-8.709000e-01 8.956300e-01 -1.980500e-01 -3.204100e-02 39 64 1.016800e+01 2.560000e+00 -8.497200e+01 7.412600e+02 0
