0 0 -1.500000e-01 0 1 65 1.662800e+01 4 2167 -3.612800e+03 0
-7.093800e-02 1.127700e-01 -1.594600e-01 0 5 65 1.519400e+01 4 -3.059500e+03 7.665100e+03 0
-1.585200e-01 1.861000e-01 -1.656200e-01 0 8 65 1.434100e+01 4 -1.095200e+03 2.950600e+03 0
-2.008100e-01 1.904600e-01 -1.659800e-01 0 9 65 1.366800e+01 4 -1.229900e+03 2.830700e+03 0
-2.480100e-01 1.860100e-01 -1.656100e-01 0 10 65 1.366000e+01 4 -1.525500e+03 2.887400e+03 0
-2.619200e-01 2.220000e-01 -1.686300e-01 0 11 65 1.318900e+01 4 -1.065800e+03 2.311700e+03 0
-2.881200e-01 2.336300e-01 -1.696000e-01 0 12 65 1.271800e+01 4 -1.034200e+03 2171 0
-3.077600e-01 2.800800e-01 -1.735000e-01 0 13 65 1.199200e+01 4 -7.156300e+02 1788 0
-3.014900e-01 2.860200e-01 -1.740000e-01 0 14 65 1.139000e+01 4 -6.613000e+02 1.752600e+03 0
-1.260500e-01 3.431300e-01 -1.787900e-01 0 15 65 1.116700e+01 4 1.403300e+00 1503 0
3.609700e-01 3.241700e-01 -1.772000e-01 0 28 65 1.314200e+01 4 1.201300e+03 1.669100e+03 0
6.799100e-01 6.380800e-01 -2.035400e-01 0 29 65 1.469500e+01 4 1.292300e+03 9.667200e+02 0
6.725500e-01 7.366900e-01 -2.118200e-01 0 30 65 1.561300e+01 4 1.192600e+03 8.811900e+02 0
6.711800e-01 8.044400e-01 -2.175000e-01 0 31 65 1.577800e+01 4 1.143700e+03 8.363500e+02 0
6.766400e-01 8.312400e-01 -2.197500e-01 0 32 65 1.525900e+01 4 1.132100e+03 8.210300e+02 0
6.810000e-01 8.658600e-01 -2.226600e-01 0 33 65 1.377900e+01 4 1.116100e+03 8.027500e+02 0
7.235700e-01 9.303800e-01 -2.280700e-01 0 35 65 1.086200e+01 4 1.116600e+03 7.733200e+02 0
-8.116900e-01 8.913800e-01 -2.248000e-01 0 36 65 1.177600e+01 4 -4.687100e+01 7.639700e+02 0
-8.447100e-01 8.797600e-01 -2.238200e-01 0 37 65 1.212600e+01 4 -8.140900e+01 7.683100e+02 0
-8.883600e-01 8.322400e-01 -2.198400e-01 0 38 65 1.155200e+01 4 -162 7.889400e+02 0
0 0 -1.500000e-01 3.204100e-02 1 66 1.563100e+01 4 2167 -3.612800e+03 0
-7.202900e-02 1.126000e-01 -1.594500e-01 3.204100e-02 5 66 1.418300e+01 4 -3088 7.687300e+03 0
-1.604300e-01 1.844300e-01 -1.654800e-01 3.204100e-02 8 66 1.331600e+01 4 -1.130400e+03 2.985600e+03 0
-2.008100e-01 1.908300e-01 -1.660100e-01 3.204100e-02 9 66 1.265000e+01 4 -1224 2.823300e+03 0
-2.504700e-01 1.825900e-01 -1.653200e-01 3.204100e-02 10 66 1.267400e+01 4 -1.602200e+03 2.957900e+03 0
-2.646500e-01 2.184000e-01 -1.683300e-01 3.204100e-02 11 66 1.220700e+01 4 -1.117400e+03 2.355100e+03 0
-2.881200e-01 2.353700e-01 -1.697500e-01 3.204100e-02 12 66 1.167500e+01 4 -1.016600e+03 2.153100e+03 0
-3.044900e-01 2.846200e-01 -1.738800e-01 3.204100e-02 13 66 1.094500e+01 4 -6.779200e+02 1.760400e+03 0
3.609700e-01 3.715300e-01 -1.811800e-01 3.204100e-02 28 66 1.210300e+01 4 1.117200e+03 1.460600e+03 0
6.799100e-01 6.291500e-01 -2.027900e-01 3.204100e-02 29 66 1.367200e+01 4 1.302400e+03 976 0
6.725500e-01 7.332200e-01 -2.115300e-01 3.204100e-02 30 66 1.457100e+01 4 1.195300e+03 8.837400e+02 0
6.711800e-01 8.044800e-01 -2.175100e-01 3.204100e-02 31 66 1.472600e+01 4 1.143600e+03 8.363300e+02 0
6.766400e-01 8.316200e-01 -2.197800e-01 3.204100e-02 32 66 1.420600e+01 4 1.131900e+03 8.208200e+02 0
6.810000e-01 8.655300e-01 -2.226300e-01 3.204100e-02 33 66 1.272000e+01 4 1.116300e+03 8.029200e+02 0
7.514000e-01 9.093300e-01 -2.263000e-01 3.204100e-02 35 66 9.939400e+00 4 1150 7.831700e+02 0
-8.212400e-01 8.773000e-01 -2.236200e-01 3.204100e-02 36 66 1.068600e+01 4 -6.646300e+01 7.697600e+02 0
-8.545300e-01 8.713400e-01 -2.231200e-01 3.204100e-02 37 66 1.105800e+01 4 -9.657400e+01 7.717600e+02 0
-9.085500e-01 8.223300e-01 -2.190000e-01 3.204100e-02 38 66 1.044200e+01 4 -1.886700e+02 7.933500e+02 0
0 0 -1.500000e-01 6.408200e-02 1 67 9.981900e+00 4 2167 -3.612800e+03 0
6.725500e-01 7.510200e-01 -2.130200e-01 6.408200e-02 30 67 9.752800e+00 4 1.181700e+03 8.709400e+02 0
6.711800e-01 7.877100e-01 -2.161000e-01 6.408200e-02 31 67 1.048500e+01 4 1.154500e+03 8.465900e+02 0
6.851000e-01 8.051900e-01 -2.175700e-01 6.408200e-02 32 67 1.024200e+01 4 1156 8.362200e+02 0
-4.232300e+00 8.677400e+00 -8.781400e-01 -8.010300e-01 278 40 1.021500e+01 4 3.735700e+02 4.461000e+02 1
-4.323400e+00 8.685800e+00 -8.788500e-01 -8.010300e-01 279 40 1.100100e+01 4 3.673700e+02 4.460300e+02 1
-4.491200e+00 8.640800e+00 -8.750700e-01 -8.010300e-01 280 40 1.079700e+01 4 3.536400e+02 4.461400e+02 1
-3.796800e+00 9.157700e+00 -9.184400e-01 -8.010300e-01 285 40 1.007900e+01 4 4.198800e+02 4.445300e+02 0
-3.810200e+00 9.194700e+00 -9.215500e-01 -8.010300e-01 286 40 9.993700e+00 4 4.200700e+02 4.444000e+02 0
-4.232300e+00 8.696800e+00 -8.797600e-01 -7.689800e-01 278 41 1.107500e+01 4 3.742800e+02 4.460200e+02 1
-4.323400e+00 8.690300e+00 -8.792200e-01 -7.689800e-01 279 41 1.198600e+01 4 3.675400e+02 4.460100e+02 1
-4.415100e+00 8.677800e+00 -8.781800e-01 -7.689800e-01 280 41 1.189500e+01 4 3.605200e+02 4.460300e+02 1
-4.507300e+00 8.633000e+00 -8.744100e-01 -7.689800e-01 281 41 1.082100e+01 4 3.521800e+02 4.461600e+02 1
-4.169500e+00 8.958300e+00 -9.017100e-01 -7.689800e-01 284 41 1.073400e+01 4 3.879100e+02 4.450900e+02 1
-4.261700e+00 8.955900e+00 -9.015000e-01 -7.689800e-01 285 41 1.127300e+01 4 3.814200e+02 4.450700e+02 1
-4.276700e+00 8.982700e+00 -9.037600e-01 -7.689800e-01 286 41 1.093000e+01 4 3.813100e+02 4.449700e+02 1
0 0 -1.500000e-01 -7.369400e-01 1 42 9.207700e+00 4 2167 -3.612800e+03 0
-4.081100e+00 8.762800e+00 -8.853100e-01 -7.369400e-01 278 42 1.019700e+01 4 3.874000e+02 4.458400e+02 1
-4.323400e+00 8.692400e+00 -8.794000e-01 -7.369400e-01 279 42 1.110900e+01 4 3.676100e+02 4.460100e+02 1
-4.415100e+00 8.685400e+00 -8.788100e-01 -7.369400e-01 280 42 1.100300e+01 4 3.608000e+02 446 1
-4.507300e+00 8.653700e+00 -8.761500e-01 -7.369400e-01 281 42 1.007900e+01 4 3.529900e+02 4.460800e+02 1
-4.323900e+00 8.887000e+00 -8.957300e-01 -7.369400e-01 284 42 1.029000e+01 4 3.746700e+02 4.452900e+02 1
-4.416700e+00 8.878100e+00 -8.949800e-01 -7.369400e-01 285 42 1.071700e+01 4 3.678700e+02 4.452900e+02 1
-4.354500e+00 8.926800e+00 -8.990700e-01 -7.369400e-01 286 42 1.034200e+01 4 3.739600e+02 4.451400e+02 1
0 0 -1.500000e-01 -3.204100e-02 1 64 1.560000e+01 4 2167 -3.612800e+03 0
-7.093800e-02 1.121800e-01 -1.594100e-01 -3.204100e-02 5 64 1.417200e+01 4 -3.113400e+03 7.769300e+03 0
-1.585200e-01 1.860900e-01 -1.656200e-01 -3.204100e-02 8 64 1.329700e+01 4 -1.095300e+03 2.950700e+03 0
-1.986300e-01 1.931000e-01 -1.662000e-01 -3.204100e-02 9 64 1.263100e+01 4 -1.179400e+03 2.781200e+03 0
-2.480100e-01 1.853800e-01 -1.655600e-01 -3.204100e-02 10 64 1.261600e+01 4 -1.537300e+03 2.900500e+03 0
-2.619200e-01 2.205600e-01 -1.685100e-01 -3.204100e-02 11 64 1.214900e+01 4 -1082 2.329200e+03 0
-2.881200e-01 2.307300e-01 -1.693600e-01 -3.204100e-02 12 64 1.167800e+01 4 -1.064300e+03 2.201600e+03 0
-3.044900e-01 2.818800e-01 -1.736500e-01 -3.204100e-02 13 64 1.097600e+01 4 -6.951500e+02 1.777400e+03 0
-2.979400e-01 2.769100e-01 -1.732400e-01 -3.204100e-02 14 64 1.031100e+01 4 -7.094700e+02 1.810700e+03 0
-1.336900e-01 3.237200e-01 -1.771600e-01 -3.204100e-02 15 64 1.021800e+01 4 -6.994600e+01 1585 0
3.609700e-01 2.097400e-01 -1.676000e-01 -3.204100e-02 28 64 1.211100e+01 4 1671 2.832100e+03 0
6.799100e-01 6.440500e-01 -2.040400e-01 -3.204100e-02 29 64 1.369000e+01 4 1.285800e+03 9.606700e+02 0
6.725500e-01 7.386000e-01 -2.119800e-01 -3.204100e-02 30 64 1.461700e+01 4 1.191100e+03 8.797900e+02 0
6.793700e-01 7.974800e-01 -2.169200e-01 -3.204100e-02 31 64 1.479100e+01 4 1.155700e+03 8.407400e+02 0
6.766400e-01 8.303000e-01 -2.196700e-01 -3.204100e-02 32 64 1.428300e+01 4 1.132700e+03 8.215500e+02 0
6.810000e-01 8.621400e-01 -2.223400e-01 -3.204100e-02 33 64 1.282300e+01 4 1.118100e+03 8.046400e+02 0
-3.246800e-01 1.030600e+00 -2.364800e-01 -3.204100e-02 35 64 1.017500e+01 4 3.677200e+02 7.205300e+02 0
-8.021400e-01 8.956200e-01 -2.251500e-01 -3.204100e-02 36 64 1.065500e+01 4 -3.628200e+01 7.623700e+02 0
-8.348900e-01 8.825700e-01 -2.240600e-01 -3.204100e-02 37 64 1.109300e+01 4 -7.163300e+01 7.672800e+02 0
-8.883600e-01 8.122900e-01 -2.181600e-01 -3.204100e-02 38 64 1.060400e+01 4 -1.842400e+02 7.987100e+02 0
