0 0 -1.500000e-01 0 1 65 1.659700e+01 3.640000e+00 2167 -3.612800e+03 0
-7.093800e-02 1.130200e-01 -1.586300e-01 0 5 65 1.520800e+01 3.640000e+00 -3.033500e+03 7.601800e+03 0
-1.585200e-01 1.861000e-01 -1.642100e-01 0 8 65 1.437300e+01 3.640000e+00 -1.094300e+03 2.941800e+03 0
-2.008100e-01 1.902800e-01 -1.645300e-01 0 9 65 1.367500e+01 3.640000e+00 -1.231900e+03 2.825900e+03 0
-2.480100e-01 1.860900e-01 -1.642100e-01 0 10 65 1.365800e+01 3.640000e+00 -1523 2.877300e+03 0
-2.619200e-01 2.217400e-01 -1.669300e-01 0 11 65 1.312900e+01 3.640000e+00 -1068 2.307400e+03 0
-2.881200e-01 2.309200e-01 -1.676300e-01 0 12 65 1.273200e+01 3.640000e+00 -1.061600e+03 2.192400e+03 0
-3.077600e-01 2.779900e-01 -1.712200e-01 0 13 65 1.197600e+01 3.640000e+00 -7.288800e+02 1.794800e+03 0
-4.291700e-01 5.769500e-02 -1.544000e-01 0 14 65 1.134700e+01 3.640000e+00 196750 -151860 0
-1.260500e-01 2.860100e-01 -1.718300e-01 0 15 65 1.127100e+01 3.640000e+00 -1.813500e+02 1.784200e+03 0
3.536000e-01 3.456200e-01 -1.763800e-01 0 28 65 1.312900e+01 3.640000e+00 1.140600e+03 1.557400e+03 0
6.799100e-01 6.391700e-01 -1.987900e-01 0 29 65 1.468500e+01 3.640000e+00 1.290800e+03 9.599200e+02 0
6.725500e-01 7.369300e-01 -2.062600e-01 0 30 65 1.559200e+01 3.640000e+00 1.192200e+03 8.754900e+02 0
6.793700e-01 7.975800e-01 -2.108900e-01 0 31 65 1.573400e+01 3.640000e+00 1.155400e+03 8.352400e+02 0
6.766400e-01 8.339600e-01 -2.136600e-01 0 32 65 1.522900e+01 3.640000e+00 1.130200e+03 8.141200e+02 0
6.722700e-01 8.785100e-01 -2.170600e-01 0 33 65 1.394000e+01 3.640000e+00 1.101800e+03 7.909200e+02 0
6.662700e-01 9.402700e-01 -2.217800e-01 0 34 65 1.144200e+01 3.640000e+00 1.067300e+03 7.628200e+02 0
-4.731000e-01 5.077700e-01 -1.887600e-01 0 35 65 1.037700e+01 3.640000e+00 -2.181500e+02 1.068400e+03 0
-8.403400e-01 8.799500e-01 -2.171700e-01 0 36 65 1.175400e+01 3.640000e+00 -7.784400e+01 7.632800e+02 0
-8.545300e-01 8.882600e-01 -2.178100e-01 0 37 65 1.218400e+01 3.640000e+00 -8.051400e+01 7.595500e+02 0
-8.782700e-01 8.838700e-01 -2.174700e-01 0 38 65 1.177200e+01 3.640000e+00 -1.018300e+02 7.609900e+02 0
-9.020000e-01 8.747800e-01 -2.167800e-01 0 39 65 1.044100e+01 3.640000e+00 -1.279500e+02 7.644500e+02 0
0 0 -1.500000e-01 3.204100e-02 1 66 1.559600e+01 3.640000e+00 2167 -3.612800e+03 0
-7.093800e-02 1.135800e-01 -1.586700e-01 3.204100e-02 5 66 1.419100e+01 3.640000e+00 -2984 7.506300e+03 0
-1.585200e-01 1.861000e-01 -1.642100e-01 3.204100e-02 8 66 1.336100e+01 3.640000e+00 -1.094400e+03 2.941800e+03 0
-2.008100e-01 1.899700e-01 -1.645000e-01 3.204100e-02 9 66 1.265000e+01 3.640000e+00 -1.236600e+03 2.831800e+03 0
-2.504700e-01 1.823300e-01 -1.639200e-01 3.204100e-02 10 66 1.266100e+01 3.640000e+00 -1.606300e+03 2.955100e+03 0
-2.646500e-01 2.182200e-01 -1.666600e-01 3.204100e-02 11 66 1.221200e+01 3.640000e+00 -1.118700e+03 2.349800e+03 0
-2.911200e-01 2.267300e-01 -1.673100e-01 3.204100e-02 12 66 1.174700e+01 3.640000e+00 -1.117600e+03 2.237200e+03 0
-3.110400e-01 2.727700e-01 -1.708200e-01 3.204100e-02 13 66 1.094700e+01 3.640000e+00 -7.736500e+02 1.828700e+03 0
-1.375100e-01 1.069000e-01 -1.581600e-01 3.204100e-02 15 66 1.021300e+01 3.640000e+00 -4.550700e+03 8.344300e+03 0
3.536000e-01 3.688400e-01 -1.781600e-01 3.204100e-02 28 66 1.214400e+01 3.640000e+00 1104 1.463100e+03 0
6.799100e-01 6.370500e-01 -1.986300e-01 3.204100e-02 29 66 1.369300e+01 3.640000e+00 1.293200e+03 9.620800e+02 0
6.725500e-01 7.353200e-01 -2.061300e-01 3.204100e-02 30 66 1.460700e+01 3.640000e+00 1.193400e+03 8.766700e+02 0
6.711800e-01 8.044500e-01 -2.114100e-01 3.204100e-02 31 66 1.475200e+01 3.640000e+00 1.143400e+03 8.309100e+02 0
6.766400e-01 8.348100e-01 -2.137300e-01 3.204100e-02 32 66 1.426000e+01 3.640000e+00 1.129700e+03 8.136500e+02 0
6.722700e-01 8.756800e-01 -2.168500e-01 3.204100e-02 33 66 1.301200e+01 3.640000e+00 1.103200e+03 7.923100e+02 0
6.842800e-01 9.111300e-01 -2.195500e-01 3.204100e-02 34 66 1.077200e+01 3.640000e+00 1095 7.758200e+02 0
-8.403400e-01 8.805300e-01 -2.172200e-01 3.204100e-02 36 66 1.074300e+01 3.640000e+00 -7.731400e+01 7.630300e+02 0
-8.447100e-01 8.962800e-01 -2.184200e-01 3.204100e-02 37 66 1.126300e+01 3.640000e+00 -6.615700e+01 7.563900e+02 0
-8.681700e-01 8.746600e-01 -2.167700e-01 3.204100e-02 38 66 1.092200e+01 3.640000e+00 -1.032400e+02 7.650700e+02 0
4.167900e+00 3.441800e+00 -4.127400e-01 3.204100e-02 202 66 9.750900e+00 3.640000e+00 1482 5.033100e+02 0
0 0 -1.500000e-01 6.408200e-02 1 67 1.041700e+01 3.640000e+00 2167 -3.612800e+03 0
3.437800e-02 6.132500e-03 -1.504700e-01 6.408200e-02 2 67 9.979700e+00 3.640000e+00 1.956400e+03 -3.903900e+03 0
6.630000e-01 8.100000e-01 -2.118300e-01 6.408200e-02 31 67 9.905200e+00 3.640000e+00 1.132400e+03 8.274400e+02 0
6.851000e-01 8.265900e-01 -2.131000e-01 6.408200e-02 32 67 9.932600e+00 3.640000e+00 1.142200e+03 8.184000e+02 0
-1.178700e+00 4.819800e+00 -5.179400e-01 -9.291900e-01 145 36 1.054100e+01 3.640000e+00 5.145200e+02 4.701400e+02 1
-1.226400e+00 4.880800e+00 -5.225900e-01 -9.291900e-01 146 36 1.137300e+01 3.640000e+00 5.105700e+02 4.693200e+02 1
-1.234900e+00 4.898200e+00 -5.239200e-01 -9.291900e-01 147 36 1.145600e+01 3.640000e+00 5.101300e+02 4.691000e+02 1
-1.243300e+00 4.856100e+00 -5.207100e-01 -9.291900e-01 148 36 1.076500e+01 3.640000e+00 5.074300e+02 4.696200e+02 1
-1.139400e+00 4.875800e+00 -5.222200e-01 -8.971500e-01 145 37 1.149500e+01 3.640000e+00 5.217200e+02 4.694600e+02 1
-1.226400e+00 4.898100e+00 -5.239200e-01 -8.971500e-01 146 37 1.250300e+01 3.640000e+00 5.112300e+02 4.691000e+02 1
-1.274700e+00 4.918000e+00 -5.254300e-01 -8.971500e-01 147 37 1.258100e+01 3.640000e+00 5.057400e+02 4.688200e+02 1
-1.363600e+00 4.910700e+00 -5.248800e-01 -8.971500e-01 148 37 1.166600e+01 3.640000e+00 4.939900e+02 4.688300e+02 1
-1.139400e+00 4.869000e+00 -5.217000e-01 -8.651100e-01 145 38 1.082500e+01 3.640000e+00 5.214800e+02 4.695400e+02 1
-1.266000e+00 4.891500e+00 -5.234100e-01 -8.651100e-01 146 38 1.175100e+01 3.640000e+00 5.058500e+02 4.691500e+02 1
-1.354400e+00 4.906900e+00 -5.245900e-01 -8.651100e-01 147 38 1.179700e+01 3.640000e+00 4.950300e+02 4.688900e+02 1
-1.564200e+00 4.876300e+00 -5.222500e-01 -8.651100e-01 148 38 1.080400e+01 3.640000e+00 4.665600e+02 4.690900e+02 1
0 0 -1.500000e-01 -6.408200e-02 1 63 1.019400e+01 3.640000e+00 2167 -3.612800e+03 0
-3.355900e-02 7.798500e-03 -1.506000e-01 -6.408200e-02 2 63 1.020000e+01 3.640000e+00 2.696900e+03 -4.162900e+03 0
6.630000e-01 8.110000e-01 -2.119100e-01 -6.408200e-02 31 63 9.882400e+00 3.640000e+00 1.131800e+03 8.268500e+02 0
6.681800e-01 8.387300e-01 -2.140300e-01 -6.408200e-02 32 63 9.792700e+00 3.640000e+00 1120 8.113300e+02 0
0 0 -1.500000e-01 -3.204100e-02 1 64 1.556600e+01 3.640000e+00 2167 -3.612800e+03 0
-7.093800e-02 1.125400e-01 -1.585900e-01 -3.204100e-02 5 64 1.418900e+01 3.640000e+00 -3.076900e+03 7.685500e+03 0
-1.585200e-01 1.861000e-01 -1.642100e-01 -3.204100e-02 8 64 1.337200e+01 3.640000e+00 -1.094400e+03 2.941900e+03 0
-1.986300e-01 1.924800e-01 -1.646900e-01 -3.204100e-02 9 64 1.262800e+01 3.640000e+00 -1188 2.784800e+03 0
-2.480100e-01 1.852100e-01 -1.641400e-01 -3.204100e-02 10 64 1.263800e+01 3.640000e+00 -1.539300e+03 2.895500e+03 0
-2.619200e-01 2.200600e-01 -1.668000e-01 -3.204100e-02 11 64 1.212800e+01 3.640000e+00 -1.087100e+03 2328 0
-2.881200e-01 2.281400e-01 -1.674200e-01 -3.204100e-02 12 64 1.175200e+01 3.640000e+00 -1.091400e+03 2.222600e+03 0
-3.044900e-01 2.800000e-01 -1.713800e-01 -3.204100e-02 13 64 1.099100e+01 3.640000e+00 -7.067400e+02 1.782600e+03 0
-1.222300e-01 3.472100e-01 -1.765100e-01 -3.204100e-02 15 64 1.034400e+01 3.640000e+00 2.025200e+01 1.481200e+03 0
3.536000e-01 3.395000e-01 -1.759200e-01 -3.204100e-02 28 64 1.210500e+01 3.640000e+00 1.151400e+03 1.585100e+03 0
6.799100e-01 6.428900e-01 -1.990800e-01 -3.204100e-02 29 64 1.365700e+01 3.640000e+00 1.286800e+03 9.561600e+02 0
6.804600e-01 7.315600e-01 -2.058500e-01 -3.204100e-02 30 64 1.453600e+01 3.640000e+00 1.204500e+03 8.796700e+02 0
6.793700e-01 7.975500e-01 -2.108800e-01 -3.204100e-02 31 64 1.465300e+01 3.640000e+00 1.155400e+03 8.352600e+02 0
6.766400e-01 8.328200e-01 -2.135800e-01 -3.204100e-02 32 64 1.411400e+01 3.640000e+00 1.130900e+03 8.147500e+02 0
6.722700e-01 8.798000e-01 -2.171600e-01 -3.204100e-02 33 64 1.278100e+01 3.640000e+00 1.101100e+03 7.902900e+02 0
6.572700e-01 9.459600e-01 -2.222100e-01 -3.204100e-02 34 64 1.044100e+01 3.640000e+00 1.057900e+03 7.603000e+02 0
-8.403400e-01 8.824400e-01 -2.173600e-01 -3.204100e-02 36 64 1.079400e+01 3.640000e+00 -7.554500e+01 7.622200e+02 0
-8.545300e-01 8.965000e-01 -2.184400e-01 -3.204100e-02 37 64 1.109300e+01 3.640000e+00 -7.301400e+01 7.561500e+02 0
-8.782700e-01 9.009700e-01 -2.187800e-01 -3.204100e-02 38 64 1.053700e+01 3.640000e+00 -8.593500e+01 7.539500e+02 0
