0 0 -1.500000e-01 0 1 65 1.656700e+01 3.050000e+00 2167 -3.612800e+03 0
-7.093800e-02 1.130100e-01 -1.572300e-01 0 5 65 1.518700e+01 3.050000e+00 -3.028800e+03 7.571400e+03 0
-1.585200e-01 1.860900e-01 -1.619000e-01 0 8 65 1.434400e+01 3.050000e+00 -1.093200e+03 2.927900e+03 0
-2.008100e-01 1.911400e-01 -1.622200e-01 0 9 65 1.367300e+01 3.050000e+00 -1.217100e+03 2.795400e+03 0
-2.480100e-01 1.866300e-01 -1.619300e-01 0 10 65 1.365700e+01 3.050000e+00 -1.511600e+03 2.852700e+03 0
-2.619200e-01 2.220800e-01 -1.642000e-01 0 11 65 1.319000e+01 3.050000e+00 -1063 2.291100e+03 0
-2.881200e-01 2.322300e-01 -1.648500e-01 0 12 65 1.275100e+01 3.050000e+00 -1.046800e+03 2.166700e+03 0
-3.044900e-01 2.812800e-01 -1.679800e-01 0 13 65 1.202200e+01 3.050000e+00 -6.977000e+02 1.763800e+03 0
-1.184100e-01 3.110100e-01 -1.698900e-01 0 15 65 1.105200e+01 3.050000e+00 -7.088600e+01 1.632300e+03 0
-3.642400e-01 3.671700e-01 -1.734800e-01 0 16 65 1.113400e+01 3.050000e+00 -4.216300e+02 1.371200e+03 0
3.536000e-01 3.769000e-01 -1.741000e-01 0 28 65 1.309200e+01 3.050000e+00 1.092200e+03 1.423400e+03 0
6.799100e-01 6.371700e-01 -1.907400e-01 0 29 65 1.465300e+01 3.050000e+00 1.292500e+03 9.526700e+02 0
6.725500e-01 7.360600e-01 -1.970600e-01 0 30 65 1.558800e+01 3.050000e+00 1.192400e+03 8.671000e+02 0
6.711800e-01 8.044500e-01 -2.014400e-01 0 31 65 1.576000e+01 3.050000e+00 1143 8.220300e+02 0
6.766400e-01 8.316000e-01 -2.031700e-01 0 32 65 1.526900e+01 3.050000e+00 1.131300e+03 8.065800e+02 0
6.810000e-01 8.690900e-01 -2.055700e-01 0 33 65 1.389400e+01 3.050000e+00 1.113700e+03 7.869700e+02 0
6.572700e-01 9.366400e-01 -2.098900e-01 0 34 65 1.105600e+01 3.050000e+00 1.061600e+03 7.555300e+02 0
7.606700e-01 5.202800e-01 -1.832700e-01 0 35 65 1.080200e+01 3.050000e+00 1.584700e+03 1.109800e+03 0
-8.498900e-01 8.718600e-01 -2.057500e-01 0 36 65 1.176000e+01 3.050000e+00 -9.214000e+01 7.583800e+02 0
-8.545300e-01 8.920300e-01 -2.070400e-01 0 37 65 1.222400e+01 3.050000e+00 -7.675700e+01 7.497800e+02 0
-8.782700e-01 8.917400e-01 -2.070200e-01 0 38 65 1.184600e+01 3.050000e+00 -9.411400e+01 7.495200e+02 0
-9.227400e-01 8.815400e-01 -2.063700e-01 0 39 65 1.046800e+01 3.050000e+00 -1.360400e+02 7.530500e+02 0
0 0 -1.500000e-01 3.204100e-02 1 66 1.556200e+01 3.050000e+00 2167 -3.612800e+03 0
-7.202900e-02 1.127000e-01 -1.572100e-01 3.204100e-02 5 66 1.417900e+01 3.050000e+00 -3.071300e+03 7.620700e+03 0
-1.585200e-01 1.860300e-01 -1.618900e-01 3.204100e-02 8 66 1.333800e+01 3.050000e+00 -1.094100e+03 2.929100e+03 0
-2.008100e-01 1.912600e-01 -1.622300e-01 3.204100e-02 9 66 1.265600e+01 3.050000e+00 -1.215200e+03 2793 0
-2.480100e-01 1.867600e-01 -1.619400e-01 3.204100e-02 10 66 1.264700e+01 3.050000e+00 -1.509200e+03 2850 0
-2.646500e-01 2.181100e-01 -1.639500e-01 3.204100e-02 11 66 1.225900e+01 3.050000e+00 -1.118900e+03 2339 0
-2.881200e-01 2.322900e-01 -1.648500e-01 3.204100e-02 12 66 1.181000e+01 3.050000e+00 -1.046200e+03 2166 0
-3.077600e-01 2.768500e-01 -1.677000e-01 3.204100e-02 13 66 1.109700e+01 3.050000e+00 -7.357000e+02 1.791400e+03 0
-1.298700e-01 1.729800e-01 -1.610600e-01 3.204100e-02 15 66 1.031900e+01 3.050000e+00 -1.160200e+03 3.272500e+03 0
3.462300e-01 4.418100e-01 -1.782500e-01 3.204100e-02 28 66 1.207300e+01 3.050000e+00 1.006200e+03 1.236300e+03 0
6.799100e-01 6.329700e-01 -1.904700e-01 3.204100e-02 29 66 1.365900e+01 3.050000e+00 1.297200e+03 9.569800e+02 0
6.725500e-01 7.330500e-01 -1.968700e-01 3.204100e-02 30 66 1.457900e+01 3.050000e+00 1.194800e+03 8.693000e+02 0
6.711800e-01 8.044500e-01 -2.014400e-01 3.204100e-02 31 66 1.476300e+01 3.050000e+00 1143 8.220200e+02 0
6.766400e-01 8.344900e-01 -2.033600e-01 3.204100e-02 32 66 1.429200e+01 3.050000e+00 1.129500e+03 8.049900e+02 0
6.810000e-01 8.715300e-01 -2.057300e-01 3.204100e-02 33 66 1.297600e+01 3.050000e+00 1.112400e+03 7.857600e+02 0
6.572700e-01 9.445300e-01 -2.103900e-01 3.204100e-02 34 66 1.046800e+01 3.050000e+00 1.058200e+03 7.522300e+02 0
-7.050100e-01 9.225000e-01 -2.089800e-01 3.204100e-02 35 66 9.940600e+00 3.050000e+00 5.479000e+01 7.399000e+02 0
-8.403400e-01 8.739600e-01 -2.058800e-01 3.204100e-02 36 66 1.073600e+01 3.050000e+00 -8.311600e+01 7.576300e+02 0
-8.741700e-01 8.527000e-01 -2.045200e-01 3.204100e-02 37 66 1.116400e+01 3.050000e+00 -1.291100e+02 7.664400e+02 0
-9.186500e-01 8.311300e-01 -2.031400e-01 3.204100e-02 38 66 1.071100e+01 3.050000e+00 -1.859800e+02 7.756500e+02 0
0 0 -1.500000e-01 6.408200e-02 1 67 1.014100e+01 3.050000e+00 2167 -3.612800e+03 0
3.410500e-02 4.699400e-03 -1.503000e-01 6.408200e-02 2 67 9.597300e+00 3.050000e+00 1.933400e+03 -3.816400e+03 0
6.646300e-01 7.574500e-01 -1.984300e-01 6.408200e-02 30 67 1.007200e+01 3.050000e+00 1.168500e+03 8.518100e+02 0
6.630000e-01 8.035500e-01 -2.013800e-01 6.408200e-02 31 67 1.079300e+01 3.050000e+00 1136 8.223800e+02 0
6.851000e-01 7.946600e-01 -2.008100e-01 6.408200e-02 32 67 1.079300e+01 3.050000e+00 1.162300e+03 8.282500e+02 0
6.897400e-01 8.227900e-01 -2.026100e-01 6.408200e-02 33 67 1.025800e+01 3.050000e+00 1.148300e+03 8.117900e+02 0
6.932800e-01 8.682700e-01 -2.055200e-01 6.408200e-02 34 67 9.695900e+00 3.050000e+00 1.124500e+03 7.876200e+02 0
4.008300e+00 4.705600e+00 -4.508800e-01 -7.689800e-01 178 41 1.098200e+01 3.050000e+00 1.236600e+03 4.684700e+02 1
4.030900e+00 4.731500e+00 -4.525300e-01 -7.689800e-01 179 41 1.149600e+01 3.050000e+00 1.236800e+03 4.681100e+02 1
4.053600e+00 4.758700e+00 -4.542700e-01 -7.689800e-01 180 41 1.107500e+01 3.050000e+00 1.236800e+03 4.677300e+02 1
4.220800e+00 4.738400e+00 -4.529700e-01 -7.689800e-01 183 41 1.049000e+01 3.050000e+00 1.263400e+03 4.681800e+02 1
4.044300e+00 4.928700e+00 -4.651400e-01 -7.689800e-01 184 41 1.039400e+01 3.050000e+00 1216 4.653100e+02 1
3.960000e+00 4.725000e+00 -4.521200e-01 -7.369400e-01 178 42 1.139300e+01 3.050000e+00 1.227300e+03 4.681400e+02 1
4.030900e+00 4.714000e+00 -4.514100e-01 -7.369400e-01 179 42 1.198100e+01 3.050000e+00 1.238900e+03 4.683700e+02 1
4.053600e+00 4.744600e+00 -4.533700e-01 -7.369400e-01 180 42 1.157700e+01 3.050000e+00 1.238500e+03 4.679300e+02 1
3.781500e+00 5.020200e+00 -4.709900e-01 -7.369400e-01 181 42 9.930800e+00 3.050000e+00 1.170400e+03 4.638700e+02 1
4.345800e+00 4.335900e+00 -4.272300e-01 -7.369400e-01 182 42 9.905300e+00 3.050000e+00 1339 4.748800e+02 0
4.270500e+00 4.696200e+00 -4.502700e-01 -7.369400e-01 183 42 1.105400e+01 3.050000e+00 1.276100e+03 4.688500e+02 1
4.194100e+00 4.799300e+00 -4.568700e-01 -7.369400e-01 184 42 1.096400e+01 3.050000e+00 1252 4.672600e+02 1
3.670200e+00 4.929700e+00 -4.652000e-01 -7.049000e-01 178 43 1.004100e+01 3.050000e+00 1.164200e+03 4.649800e+02 1
3.788100e+00 4.873700e+00 -4.616200e-01 -7.049000e-01 179 43 1.054400e+01 3.050000e+00 1.186300e+03 4.658500e+02 1
3.809400e+00 4.877100e+00 -4.618400e-01 -7.049000e-01 180 43 1.023200e+01 3.050000e+00 1.188900e+03 4.658200e+02 1
0 0 -1.500000e-01 -6.408200e-02 1 63 1.067900e+01 3.050000e+00 2167 -3.612800e+03 0
-2.728400e-04 3.479800e-02 -1.522200e-01 -6.408200e-02 2 63 1.029900e+01 3.050000e+00 3480 -7.178100e+03 0
-6.657300e-02 1.509600e-02 -1.509700e-01 -6.408200e-02 3 63 9.516200e+00 3.050000e+00 3.364700e+03 -4838 0
0 0 -1.500000e-01 -3.204100e-02 1 64 1.554000e+01 3.050000e+00 2167 -3.612800e+03 0
-7.093800e-02 1.124000e-01 -1.571900e-01 -3.204100e-02 5 64 1.415900e+01 3.050000e+00 -3.084700e+03 7679 0
-1.585200e-01 1.861000e-01 -1.619000e-01 -3.204100e-02 8 64 1.332100e+01 3.050000e+00 -1.093100e+03 2.927700e+03 0
-2.008100e-01 1.909300e-01 -1.622100e-01 -3.204100e-02 9 64 1.265700e+01 3.050000e+00 -1.220400e+03 2.799500e+03 0
-2.480100e-01 1.862400e-01 -1.619100e-01 -3.204100e-02 10 64 1.261900e+01 3.050000e+00 -1.518700e+03 2.860600e+03 0
-2.592000e-01 2.253700e-01 -1.644100e-01 -3.204100e-02 11 64 1.211700e+01 3.050000e+00 -1.017100e+03 2.253400e+03 0
-2.851200e-01 2.351300e-01 -1.650300e-01 -3.204100e-02 12 64 1.172200e+01 3.050000e+00 -1.007100e+03 2.137700e+03 0
-3.012100e-01 2.835400e-01 -1.681300e-01 -3.204100e-02 13 64 1.104200e+01 3.050000e+00 -6.745800e+02 1.750500e+03 0
3.609700e-01 3.408200e-01 -1.717900e-01 -3.204100e-02 28 64 1.211400e+01 3.050000e+00 1.167400e+03 1.569300e+03 0
6.799100e-01 6.378600e-01 -1.907800e-01 -3.204100e-02 29 64 1.361400e+01 3.050000e+00 1.291800e+03 9.519600e+02 0
6.804600e-01 7.300300e-01 -1.966800e-01 -3.204100e-02 30 64 1.455700e+01 3.050000e+00 1.205300e+03 8.717600e+02 0
6.793700e-01 7.974700e-01 -2.009900e-01 -3.204100e-02 31 64 1.473900e+01 3.050000e+00 1.155100e+03 8.264100e+02 0
6.766400e-01 8.300500e-01 -2.030700e-01 -3.204100e-02 32 64 1.428000e+01 3.050000e+00 1.132200e+03 8.074400e+02 0
6.810000e-01 8.664100e-01 -2.054000e-01 -3.204100e-02 33 64 1.300400e+01 3.050000e+00 1.115200e+03 7.883200e+02 0
6.842800e-01 9.271500e-01 -2.092800e-01 -3.204100e-02 34 64 1.040300e+01 3.050000e+00 1.086900e+03 7.600300e+02 0
-5.009300e-01 7.707200e-01 -1.992800e-01 -3.204100e-02 35 64 9.916000e+00 3.050000e+00 9.463000e+01 8.158000e+02 0
-8.498900e-01 8.694300e-01 -2.055900e-01 -3.204100e-02 36 64 1.083300e+01 3.050000e+00 -9.445800e+01 7.594300e+02 0
-8.545300e-01 8.952700e-01 -2.072400e-01 -3.204100e-02 37 64 1.126600e+01 3.050000e+00 -7.381700e+01 7.484500e+02 0
-8.782700e-01 8.950900e-01 -2.072300e-01 -3.204100e-02 38 64 1.089800e+01 3.050000e+00 -9.101100e+01 7.481500e+02 0
