0 0 -1.500000e-01 0 1 65 1.657100e+01 3.760000e+00 2167 -3.612800e+03 0
-7.202900e-02 1.118600e-01 -1.588200e-01 0 5 65 1.519700e+01 3.760000e+00 -3.156200e+03 7.809700e+03 0
-1.585200e-01 1.860900e-01 -1.646800e-01 0 8 65 1.436000e+01 3.760000e+00 -1.094700e+03 2.944800e+03 0
-2.008100e-01 1.910800e-01 -1.650700e-01 0 9 65 1.368500e+01 3.760000e+00 -1.219700e+03 2813 0
-2.480100e-01 1.864100e-01 -1.647000e-01 0 10 65 1.365100e+01 3.760000e+00 -1.517400e+03 2.873500e+03 0
-2.619200e-01 2.223100e-01 -1.675300e-01 0 11 65 1.312800e+01 3.760000e+00 -1.061800e+03 2303 0
-2.881200e-01 2.328300e-01 -1.683600e-01 0 12 65 1.273000e+01 3.760000e+00 -1042 2.174600e+03 0
-3.077600e-01 2.791300e-01 -1.720100e-01 0 13 65 1.196600e+01 3.760000e+00 -7.215700e+02 1.789700e+03 0
-3.085800e-01 3.069000e-01 -1.742000e-01 0 14 65 1.137100e+01 3.760000e+00 -5.618600e+02 1632 0
-1.222300e-01 3.560500e-01 -1.780800e-01 0 15 65 1.126000e+01 3.760000e+00 4.100400e+01 1.450100e+03 0
3.536000e-01 3.290600e-01 -1.759500e-01 0 28 65 1.312400e+01 3.760000e+00 1.171100e+03 1.637900e+03 0
6.799100e-01 6.387100e-01 -2.003700e-01 0 29 65 1.466000e+01 3.760000e+00 1.291400e+03 9.622800e+02 0
6.725500e-01 7.374000e-01 -2.081500e-01 0 30 65 1.561200e+01 3.760000e+00 1.191900e+03 8.769900e+02 0
6.711800e-01 8.044400e-01 -2.134400e-01 0 31 65 1.578500e+01 3.760000e+00 1.143500e+03 8.327300e+02 0
6.766400e-01 8.314900e-01 -2.155700e-01 0 32 65 1.528000e+01 3.760000e+00 1.131800e+03 8.172800e+02 0
6.810000e-01 8.666400e-01 -2.183500e-01 0 33 65 1.386500e+01 3.760000e+00 1.115500e+03 7.987800e+02 0
6.482600e-01 9.524600e-01 -2.251100e-01 0 34 65 1.114400e+01 3.760000e+00 1.048400e+03 7.592500e+02 0
7.606700e-01 7.091900e-01 -2.059300e-01 0 35 65 1.048600e+01 3.760000e+00 1.309400e+03 9.011700e+02 0
-8.307900e-01 8.841700e-01 -2.197300e-01 0 36 65 1.176400e+01 3.760000e+00 -6.706600e+01 7.633200e+02 0
-8.545300e-01 8.840500e-01 -2.197200e-01 0 37 65 1.230600e+01 3.760000e+00 -8.446200e+01 7.629800e+02 0
-8.883600e-01 8.655200e-01 -2.182600e-01 0 38 65 1.196100e+01 3.760000e+00 -1.271800e+02 7.703700e+02 0
-9.434700e-01 7.821800e-01 -2.116900e-01 0 39 65 1.062400e+01 3.760000e+00 -2.650600e+02 8.099100e+02 0
0 0 -1.500000e-01 3.204100e-02 1 66 1.555100e+01 3.760000e+00 2167 -3.612800e+03 0
-7.202900e-02 1.125200e-01 -1.588700e-01 3.204100e-02 5 66 1.417700e+01 3.760000e+00 -3.093900e+03 7.689900e+03 0
-1.585200e-01 1.861000e-01 -1.646800e-01 3.204100e-02 8 66 1.335900e+01 3.760000e+00 -1.094700e+03 2.944800e+03 0
-2.008100e-01 1.904900e-01 -1.650200e-01 3.204100e-02 9 66 1.268800e+01 3.760000e+00 -1.228800e+03 2.824500e+03 0
-2.480100e-01 1.865100e-01 -1.647100e-01 3.204100e-02 10 66 1.268200e+01 3.760000e+00 -1.515800e+03 2.871600e+03 0
-2.619200e-01 2.225500e-01 -1.675500e-01 3.204100e-02 11 66 1.221400e+01 3.760000e+00 -1.059100e+03 2.300100e+03 0
-2.881200e-01 2.335500e-01 -1.684200e-01 3.204100e-02 12 66 1.177200e+01 3.760000e+00 -1.034600e+03 2.167100e+03 0
-3.077600e-01 2.793000e-01 -1.720300e-01 3.204100e-02 13 66 1.098200e+01 3.760000e+00 -7.203900e+02 1.788600e+03 0
3.609700e-01 3.060000e-01 -1.741300e-01 3.204100e-02 28 66 1.213200e+01 3.760000e+00 1243 1.768100e+03 0
6.799100e-01 6.366300e-01 -2.002100e-01 3.204100e-02 29 66 1.364000e+01 3.760000e+00 1.293700e+03 9.644100e+02 0
6.725500e-01 7.364900e-01 -2.080800e-01 3.204100e-02 30 66 1.460200e+01 3.760000e+00 1.192600e+03 8.776500e+02 0
6.711800e-01 8.044700e-01 -2.134400e-01 3.204100e-02 31 66 1.478400e+01 3.760000e+00 1.143500e+03 8.327100e+02 0
6.766400e-01 8.324500e-01 -2.156500e-01 3.204100e-02 32 66 1.430300e+01 3.760000e+00 1.131200e+03 8.167500e+02 0
6.722700e-01 8.729100e-01 -2.188400e-01 3.204100e-02 33 66 1.297400e+01 3.760000e+00 1.104800e+03 7.954700e+02 0
6.212500e-01 9.593900e-01 -2.256600e-01 3.204100e-02 34 66 1.067700e+01 3.760000e+00 1.025300e+03 7.560100e+02 0
-8.307900e-01 8.883000e-01 -2.200500e-01 3.204100e-02 36 66 1.084700e+01 3.760000e+00 -6.332700e+01 7.615900e+02 0
-8.545300e-01 8.976800e-01 -2.207900e-01 3.204100e-02 37 66 1.128400e+01 3.760000e+00 -7.201100e+01 7.573300e+02 0
-8.984600e-01 8.745400e-01 -2.189700e-01 3.204100e-02 38 66 1.083400e+01 3.760000e+00 -1.256500e+02 7.662800e+02 0
-1.460500e+00 3.186100e+00 -4.012600e-01 -8.651100e-01 102 38 1.128200e+01 3.760000e+00 3.655100e+02 5.032300e+02 1
-1.530600e+00 3.188900e+00 -4.014800e-01 -8.651100e-01 103 38 1.176500e+01 3.760000e+00 3.519500e+02 5.030300e+02 1
-1.573700e+00 3.197700e+00 -4.021800e-01 -8.651100e-01 104 38 1.131400e+01 3.760000e+00 3.444200e+02 5.027000e+02 1
-1.461000e+00 3.361000e+00 -4.150600e-01 -8.651100e-01 106 38 1.076000e+01 3.760000e+00 3.826400e+02 4.983400e+02 1
-1.503900e+00 3.375200e+00 -4.161800e-01 -8.651100e-01 107 38 1.146400e+01 3.760000e+00 3.759600e+02 4.979000e+02 1
-1.547300e+00 3.379600e+00 -4.165200e-01 -8.651100e-01 108 38 1.114300e+01 3.760000e+00 3.682900e+02 4.977200e+02 1
-5.482400e+00 1.262000e+01 -1.145300e+00 -8.651100e-01 395 38 1.008100e+01 3.760000e+00 4.114100e+02 4.324700e+02 1
-5.388600e+00 1.268200e+01 -1.150200e+00 -8.651100e-01 396 38 1.083600e+01 3.760000e+00 4.173900e+02 4.323800e+02 1
-5.510200e+00 1.266600e+01 -1.148900e+00 -8.651100e-01 397 38 1.086600e+01 3.760000e+00 4.110700e+02 4.323800e+02 1
-5.632500e+00 1.261900e+01 -1.145200e+00 -8.651100e-01 398 38 9.863500e+00 3.760000e+00 404 4.324400e+02 1
-1.364200e+00 3.204400e+00 -4.027100e-01 -8.330700e-01 101 39 1.113200e+01 3.760000e+00 3.863700e+02 5.028500e+02 1
-1.460500e+00 3.197800e+00 -4.021900e-01 -8.330700e-01 102 39 1.277000e+01 3.760000e+00 3.667300e+02 5.028900e+02 1
-1.530600e+00 3.198400e+00 -4.022300e-01 -8.330700e-01 103 39 1.330800e+01 3.760000e+00 3.529700e+02 5.027600e+02 1
-1.573700e+00 3.211100e+00 -4.032300e-01 -8.330700e-01 104 39 1.287100e+01 3.760000e+00 3.458900e+02 5.023100e+02 1
-1.759300e+00 3.118300e+00 -3.959200e-01 -8.330700e-01 105 39 1.100600e+01 3.760000e+00 2.981200e+02 5.047600e+02 1
-1.432400e+00 3.373400e+00 -4.160300e-01 -8.330700e-01 106 39 1.132500e+01 3.760000e+00 3.891500e+02 4.980600e+02 1
-1.503900e+00 3.382300e+00 -4.167400e-01 -8.330700e-01 107 39 1.220700e+01 3.760000e+00 3.766300e+02 4.977100e+02 1
-1.576500e+00 3.381200e+00 -4.166500e-01 -8.330700e-01 108 39 1.201000e+01 3.760000e+00 3.630100e+02 4.976300e+02 1
-1.620700e+00 3.366000e+00 -4.154500e-01 -8.330700e-01 109 39 1.080100e+01 3.760000e+00 3.532400e+02 4.979700e+02 1
-1.418800e+00 3.190900e+00 -4.016400e-01 -8.010300e-01 101 40 1.076800e+01 3.760000e+00 3.742600e+02 5.031600e+02 1
-1.488100e+00 3.191200e+00 -4.016700e-01 -8.010300e-01 102 40 1.236500e+01 3.760000e+00 3.606100e+02 5.030300e+02 1
-1.530600e+00 3.203600e+00 -4.026500e-01 -8.010300e-01 103 40 1.288300e+01 3.760000e+00 3.535400e+02 5.026000e+02 1
-1.573700e+00 3.218600e+00 -4.038300e-01 -8.010300e-01 104 40 1.247100e+01 3.760000e+00 3.467100e+02 5.021000e+02 1
-1.617400e+00 3.239200e+00 -4.054500e-01 -8.010300e-01 105 40 1.094000e+01 3.760000e+00 3.404500e+02 5.014400e+02 1
-1.532800e+00 3.368000e+00 -4.156100e-01 -8.010300e-01 107 40 1.092500e+01 3.760000e+00 3.698600e+02 4.980500e+02 1
-1.605700e+00 3.365900e+00 -4.154400e-01 -8.010300e-01 108 40 1.098500e+01 3.760000e+00 3.560300e+02 4.979900e+02 1
-1.650100e+00 3.367700e+00 -4.155800e-01 -8.010300e-01 109 40 1.017500e+01 3.760000e+00 3.479200e+02 4.978800e+02 1
-5.179600e+00 5.928300e+00 -6.175200e-01 -6.728600e-01 227 44 1.104700e+01 3.760000e+00 1.291000e+02 4.575800e+02 1
-5.326300e+00 5.867900e+00 -6.127500e-01 -6.728600e-01 228 44 1.119400e+01 3.760000e+00 1.082000e+02 4.579700e+02 1
-5.474200e+00 5.762400e+00 -6.044300e-01 -6.728600e-01 229 44 1.049800e+01 3.760000e+00 8.214300e+01 4.587400e+02 1
-5.218000e+00 5.835100e+00 -6.101700e-01 -6.408200e-01 226 45 1.007900e+01 3.760000e+00 1.162300e+02 4.583000e+02 1
-5.302900e+00 5.843000e+00 -6.107900e-01 -6.408200e-01 227 45 1.124600e+01 3.760000e+00 1.081900e+02 4.581900e+02 1
-5.388300e+00 5.814700e+00 -6.085600e-01 -6.408200e-01 228 45 1.142900e+01 3.760000e+00 9.649300e+01 4.583600e+02 1
-5.474200e+00 5.754000e+00 -6.037800e-01 -6.408200e-01 229 45 1.058500e+01 3.760000e+00 8.127200e+01 4.588100e+02 1
0 0 -1.500000e-01 -6.408200e-02 1 63 1.039300e+01 3.760000e+00 2167 -3.612800e+03 0
-2.291800e-02 4.997600e-02 -1.539400e-01 -6.408200e-02 3 63 9.545200e+00 3.760000e+00 6.001700e+03 -12374 0
0 0 -1.500000e-01 -3.204100e-02 1 64 1.555500e+01 3.760000e+00 2167 -3.612800e+03 0
-7.202900e-02 1.111200e-01 -1.587600e-01 -3.204100e-02 5 64 1.417100e+01 3.760000e+00 -3.227800e+03 7.947200e+03 0
-1.585200e-01 1.860900e-01 -1.646800e-01 -3.204100e-02 8 64 1.334100e+01 3.760000e+00 -1.094800e+03 2945 0
-2.008100e-01 1.900700e-01 -1.649900e-01 -3.204100e-02 9 64 1.263000e+01 3.760000e+00 -1.235400e+03 2.832800e+03 0
-2.480100e-01 1.855400e-01 -1.646300e-01 -3.204100e-02 10 64 1.260100e+01 3.760000e+00 -1.533600e+03 2.891500e+03 0
-2.619200e-01 2.215000e-01 -1.674700e-01 -3.204100e-02 11 64 1.208500e+01 3.760000e+00 -1.070900e+03 2.312700e+03 0
-2.881200e-01 2.307700e-01 -1.682000e-01 -3.204100e-02 12 64 1.168500e+01 3.760000e+00 -1.063400e+03 2.196400e+03 0
-3.077600e-01 2.785500e-01 -1.719700e-01 -3.204100e-02 13 64 1.090200e+01 3.760000e+00 -7.253400e+02 1.793400e+03 0
-3.156700e-01 3.112800e-01 -1.745500e-01 -3.204100e-02 14 64 1.032200e+01 3.760000e+00 -5.567100e+02 1.609200e+03 0
-1.222300e-01 4.097900e-01 -1.823200e-01 -3.204100e-02 15 64 1.056200e+01 3.760000e+00 1.442800e+02 1.285600e+03 0
3.536000e-01 2.821900e-01 -1.722500e-01 -3.204100e-02 28 64 1.211900e+01 3.760000e+00 1285 1.931100e+03 0
6.799100e-01 6.409500e-01 -2.005500e-01 -3.204100e-02 29 64 1.362200e+01 3.760000e+00 1289 9.600100e+02 0
6.725500e-01 7.385100e-01 -2.082400e-01 -3.204100e-02 30 64 1.459900e+01 3.760000e+00 1191 8.761800e+02 0
6.793700e-01 7.974800e-01 -2.128900e-01 -3.204100e-02 31 64 1.478500e+01 3.760000e+00 1.155600e+03 8.371200e+02 0
6.766400e-01 8.297600e-01 -2.154400e-01 -3.204100e-02 32 64 1.429700e+01 3.760000e+00 1.132800e+03 8.182400e+02 0
6.897400e-01 8.561200e-01 -2.175200e-01 -3.204100e-02 33 64 1.291500e+01 3.760000e+00 1.128800e+03 8.043400e+02 0
-8.307900e-01 8.823200e-01 -2.195800e-01 -3.204100e-02 36 64 1.063000e+01 3.760000e+00 -6.875100e+01 7.641100e+02 0
-8.545300e-01 8.739600e-01 -2.189200e-01 -3.204100e-02 37 64 1.121600e+01 3.760000e+00 -9.394700e+01 7.672800e+02 0
-8.782700e-01 8.634300e-01 -2.180900e-01 -3.204100e-02 38 64 1.090500e+01 3.760000e+00 -1.217700e+02 7.714600e+02 0
