0 0 -1.500000e-01 0 1 65 1.660800e+01 3.900000e+00 2167 -3.612800e+03 0
-7.093800e-02 1.128700e-01 -1.592300e-01 0 5 65 1.519600e+01 3.900000e+00 -3.049500e+03 7642 0
-1.585200e-01 1.860500e-01 -1.652200e-01 0 8 65 1.431400e+01 3.900000e+00 -1.095700e+03 2.949100e+03 0
-2.008100e-01 1.916900e-01 -1.656800e-01 0 9 65 1.367000e+01 3.900000e+00 -1.210600e+03 2.804500e+03 0
-2.480100e-01 1.870300e-01 -1.653000e-01 0 10 65 1.363700e+01 3.900000e+00 -1.506600e+03 2.864300e+03 0
-2.592000e-01 2.270300e-01 -1.685700e-01 0 11 65 1.299100e+01 3.900000e+00 -1001 2.251600e+03 0
-2.851200e-01 2.387700e-01 -1.695300e-01 0 12 65 1.273000e+01 3.900000e+00 -9.730700e+02 2.118200e+03 0
-3.077600e-01 2.799900e-01 -1.729100e-01 0 13 65 1.197000e+01 3.900000e+00 -7.160900e+02 1.786700e+03 0
-3.050300e-01 3.066800e-01 -1.750900e-01 0 14 65 1.143800e+01 3.900000e+00 -5.544800e+02 1.636200e+03 0
-1.222300e-01 4.121600e-01 -1.837200e-01 0 15 65 1.124800e+01 3.900000e+00 1.480300e+02 1.281900e+03 0
3.536000e-01 3.590100e-01 -1.793700e-01 0 28 65 1.313000e+01 3.900000e+00 1.118900e+03 1.505800e+03 0
6.799100e-01 6.401400e-01 -2.023700e-01 0 29 65 1.466600e+01 3.900000e+00 1290 9.630400e+02 0
6.725500e-01 7.375300e-01 -2.103400e-01 0 30 65 1.559100e+01 3.900000e+00 1.191900e+03 8.790400e+02 0
6.793700e-01 7.975300e-01 -2.152400e-01 0 31 65 1.576100e+01 3.900000e+00 1.155600e+03 8.392100e+02 0
6.766400e-01 8.312600e-01 -2.180000e-01 0 32 65 1.526400e+01 3.900000e+00 1132 8.195100e+02 0
6.810000e-01 8.657500e-01 -2.208200e-01 0 33 65 1.390900e+01 3.900000e+00 1.116100e+03 8.013200e+02 0
6.482600e-01 9.459300e-01 -2.273800e-01 0 34 65 1.152800e+01 3.900000e+00 1.051200e+03 7.639900e+02 0
-4.174400e-01 3.834400e-01 -1.813700e-01 0 35 65 1.068400e+01 3.900000e+00 -4.648400e+02 1.330500e+03 0
-8.307900e-01 8.906600e-01 -2.228600e-01 0 36 65 1.172300e+01 3.900000e+00 -6.128900e+01 7.625600e+02 0
-8.447100e-01 9.012900e-01 -2.237300e-01 0 37 65 1.218300e+01 3.900000e+00 -6.184300e+01 7.579700e+02 0
-8.580800e-01 9.160900e-01 -2.249400e-01 0 38 65 1.174800e+01 3.900000e+00 -5.838100e+01 7.518800e+02 0
-8.709000e-01 9.628600e-01 -2.287700e-01 0 39 65 1.014000e+01 3.900000e+00 -2.857900e+01 7.343600e+02 0
0 0 -1.500000e-01 3.204100e-02 1 66 1.559100e+01 3.900000e+00 2167 -3.612800e+03 0
-7.093800e-02 1.129100e-01 -1.592400e-01 3.204100e-02 5 66 1.418300e+01 3.900000e+00 -3.045900e+03 7.635100e+03 0
-1.585200e-01 1.859800e-01 -1.652100e-01 3.204100e-02 8 66 1.327000e+01 3.900000e+00 -1.096800e+03 2.950700e+03 0
-2.008100e-01 1.926000e-01 -1.657600e-01 3.204100e-02 9 66 1.265700e+01 3.900000e+00 -1.196800e+03 2.787100e+03 0
-2.480100e-01 1.888600e-01 -1.654500e-01 3.204100e-02 10 66 1.260700e+01 3.900000e+00 -1.473900e+03 2.827900e+03 0
-2.592000e-01 2.290500e-01 -1.687400e-01 3.204100e-02 11 66 1.209300e+01 3.900000e+00 -9.801100e+02 2.228900e+03 0
-2.851200e-01 2.414500e-01 -1.697500e-01 3.204100e-02 12 66 1.171200e+01 3.900000e+00 -9.478000e+02 2.092400e+03 0
-3.044900e-01 2.842000e-01 -1.732500e-01 3.204100e-02 13 66 1.099300e+01 3.900000e+00 -6.804100e+02 1.761200e+03 0
-3.014900e-01 3.044200e-01 -1.749000e-01 3.204100e-02 14 66 1.048400e+01 3.900000e+00 -5.574800e+02 1.648300e+03 0
3.536000e-01 3.910600e-01 -1.819900e-01 3.204100e-02 28 66 1.214400e+01 3.900000e+00 1.074300e+03 1.390900e+03 0
6.799100e-01 6.378100e-01 -2.021800e-01 3.204100e-02 29 66 1.368000e+01 3.900000e+00 1.292600e+03 9.654200e+02 0
6.725500e-01 7.367600e-01 -2.102700e-01 3.204100e-02 30 66 1.460400e+01 3.900000e+00 1.192500e+03 8.796000e+02 0
6.711800e-01 8.044200e-01 -2.158100e-01 3.204100e-02 31 66 1.479600e+01 3.900000e+00 1.143600e+03 8.348500e+02 0
6.766400e-01 8.316500e-01 -2.180400e-01 3.204100e-02 32 66 1.430900e+01 3.900000e+00 1.131800e+03 8.193000e+02 0
6.810000e-01 8.659600e-01 -2.208400e-01 3.204100e-02 33 66 1.289800e+01 3.900000e+00 1116 8.012100e+02 0
6.572700e-01 9.460800e-01 -2.274000e-01 3.204100e-02 34 66 1.022500e+01 3.900000e+00 1058 7.640800e+02 0
-4.174400e-01 6.812100e-01 -2.057300e-01 3.204100e-02 35 66 9.781600e+00 3.900000e+00 9.074200e+01 8.901000e+02 0
-8.212400e-01 8.998800e-01 -2.236200e-01 3.204100e-02 36 66 1.092600e+01 3.900000e+00 -4.628400e+01 7.589200e+02 0
-8.447100e-01 9.019800e-01 -2.237900e-01 3.204100e-02 37 66 1.140300e+01 3.900000e+00 -6.123600e+01 7.577000e+02 0
-8.580800e-01 9.042200e-01 -2.239700e-01 3.204100e-02 38 66 1.098900e+01 3.900000e+00 -6.877400e+01 7.565800e+02 0
0 0 -1.500000e-01 6.408200e-02 1 67 1.081900e+01 3.900000e+00 2167 -3.612800e+03 0
3.437800e-02 4.235200e-03 -1.503500e-01 6.408200e-02 2 67 1.026200e+01 3.900000e+00 1.922700e+03 -3.788700e+03 0
6.409000e-01 7.839700e-01 -2.141300e-01 6.408200e-02 30 67 9.539900e+00 3.900000e+00 1.128300e+03 8.467000e+02 0
6.466300e-01 8.140200e-01 -2.165900e-01 6.408200e-02 31 67 1.016000e+01 3.900000e+00 1.115300e+03 8.286400e+02 0
6.597200e-01 8.279500e-01 -2.177300e-01 6.408200e-02 32 67 1.012400e+01 3.900000e+00 1.118900e+03 8.209900e+02 0
4.526400e+00 1.288100e+01 1.970800e+00 -9.291900e-01 396 36 1.085500e+01 3.900000e+00 9.085900e+02 2.836300e+02 0
4.645900e+00 1.297700e+01 -1.211600e+00 -9.291900e-01 397 36 1.156200e+01 3.900000e+00 9.175500e+02 4.359500e+02 1
4.657600e+00 1.300200e+01 -1.213700e+00 -9.291900e-01 398 36 1.132700e+01 3.900000e+00 9.177100e+02 4.359100e+02 1
4.452200e+00 1.282200e+01 2.993500e+00 -9.291900e-01 399 36 1.034800e+01 3.900000e+00 9.043800e+02 2.346300e+02 0
4.741900e+00 1.288800e+01 -1.204300e+00 -8.971500e-01 396 37 1.108600e+01 3.900000e+00 9.240200e+02 4.361500e+02 1
4.753900e+00 1.294400e+01 -1.208900e+00 -8.971500e-01 397 37 1.183400e+01 3.900000e+00 9.236100e+02 4.360400e+02 1
4.765900e+00 1.298800e+01 -1.212500e+00 -8.971500e-01 398 37 1.162200e+01 3.900000e+00 9.234400e+02 4.359600e+02 1
4.669400e+00 1.300400e+01 1.512600e+00 -8.971500e-01 399 37 1.061400e+01 3.900000e+00 9.143200e+02 3.059600e+02 0
5.280800e+00 1.272400e+01 -1.191000e+00 -8.651100e-01 396 38 9.928200e+00 3.900000e+00 9.548700e+02 4.366000e+02 1
5.078100e+00 1.277600e+01 1.500900e+00 -8.651100e-01 397 38 1.021900e+01 3.900000e+00 9.391500e+02 3.054700e+02 0
-3.996800e+00 8.031100e+00 -8.070100e-01 -8.330700e-01 258 39 1.083400e+01 3.900000e+00 3.661900e+02 4.475500e+02 1
-4.153100e+00 7.991200e+00 -8.037400e-01 -8.330700e-01 259 39 1.194400e+01 3.900000e+00 3.524300e+02 4.476600e+02 1
-4.310600e+00 7.943600e+00 -7.998500e-01 -8.330700e-01 260 39 1.183500e+01 3.900000e+00 3.381200e+02 4.478100e+02 1
-4.611000e+00 7.776700e+00 -7.861900e-01 -8.330700e-01 261 39 1.058900e+01 3.900000e+00 3.066800e+02 4.484400e+02 1
0 0 -1.500000e-01 -8.010300e-01 1 40 9.230200e+00 3.900000e+00 2167 -3.612800e+03 0
-4.137000e+00 7.958200e+00 -8.010500e-01 -8.010300e-01 258 40 1.090300e+01 3.900000e+00 3.522800e+02 4.478100e+02 1
-4.293900e+00 7.920300e+00 -7.979400e-01 -8.010300e-01 259 40 1.190800e+01 3.900000e+00 3.383800e+02 4.479200e+02 1
-4.381200e+00 7.913100e+00 -7.973500e-01 -8.010300e-01 260 40 1.178900e+01 3.900000e+00 3.312300e+02 4.479100e+02 1
-4.681900e+00 7.777800e+00 -7.862900e-01 -8.010300e-01 261 40 1.059500e+01 3.900000e+00 3.011100e+02 4.484100e+02 1
-4.681900e+00 7.694000e+00 -7.794300e-01 -8.010300e-01 265 40 1.028700e+01 3.900000e+00 2.968700e+02 4.488000e+02 1
0 0 -1.500000e-01 -6.408200e-02 1 63 1.026700e+01 3.900000e+00 2167 -3.612800e+03 0
-3.001200e-03 3.451700e-02 -1.528200e-01 -6.408200e-02 2 63 9.676000e+00 3.900000e+00 3.508600e+03 -7.145900e+03 0
6.111600e-01 6.913300e-01 -2.065600e-01 -6.408200e-02 29 63 9.344600e+00 3.900000e+00 1.163200e+03 9.133700e+02 0
6.409000e-01 7.584000e-01 -2.120400e-01 -6.408200e-02 30 63 9.988800e+00 3.900000e+00 1145 8.634800e+02 0
6.630000e-01 8.094600e-01 -2.162200e-01 -6.408200e-02 31 63 1.014200e+01 3.900000e+00 1.132900e+03 8.316700e+02 0
6.851000e-01 7.736000e-01 -2.132900e-01 -6.408200e-02 32 63 9.409800e+00 3.900000e+00 1.177500e+03 8.544600e+02 0
0 0 -1.500000e-01 -3.204100e-02 1 64 1.558000e+01 3.900000e+00 2167 -3.612800e+03 0
-7.093800e-02 1.125600e-01 -1.592100e-01 -3.204100e-02 5 64 1.417700e+01 3.900000e+00 -3.077300e+03 7.695800e+03 0
-1.585200e-01 1.860500e-01 -1.652200e-01 -3.204100e-02 8 64 1.326900e+01 3.900000e+00 -1.095600e+03 2.949100e+03 0
-2.008100e-01 1.914600e-01 -1.656600e-01 -3.204100e-02 9 64 1.265000e+01 3.900000e+00 -1214 2.808800e+03 0
-2.480100e-01 1.860300e-01 -1.652200e-01 -3.204100e-02 10 64 1.263200e+01 3.900000e+00 -1.524800e+03 2.884600e+03 0
-2.619200e-01 2.200600e-01 -1.680000e-01 -3.204100e-02 11 64 1.212800e+01 3.900000e+00 -1.087600e+03 2.333300e+03 0
-2.851200e-01 2.337400e-01 -1.691200e-01 -3.204100e-02 12 64 1.171800e+01 3.900000e+00 -1.022600e+03 2.168900e+03 0
-3.077600e-01 2.790000e-01 -1.728200e-01 -3.204100e-02 13 64 1.093600e+01 3.900000e+00 -7.225700e+02 1793 0
-3.121300e-01 3.080900e-01 -1.752000e-01 -3.204100e-02 14 64 1.044300e+01 3.900000e+00 -5.645600e+02 1.627900e+03 0
-1.184100e-01 4.657900e-01 -1.881100e-01 -3.204100e-02 15 64 1.044100e+01 3.900000e+00 2.280100e+02 1.164300e+03 0
3.609700e-01 3.641900e-01 -1.797900e-01 -3.204100e-02 28 64 1.206200e+01 3.900000e+00 1.128300e+03 1.486500e+03 0
6.799100e-01 6.423800e-01 -2.025500e-01 -3.204100e-02 29 64 1.362800e+01 3.900000e+00 1.287500e+03 9.607700e+02 0
6.804600e-01 7.314700e-01 -2.098400e-01 -3.204100e-02 30 64 1.453800e+01 3.900000e+00 1.204800e+03 8.837200e+02 0
6.793700e-01 7.974700e-01 -2.152400e-01 -3.204100e-02 31 64 1.470500e+01 3.900000e+00 1.155700e+03 8.392400e+02 0
6.766400e-01 8.296200e-01 -2.178700e-01 -3.204100e-02 32 64 1.421900e+01 3.900000e+00 1133 8.204200e+02 0
6.810000e-01 8.607700e-01 -2.204200e-01 -3.204100e-02 33 64 1.295000e+01 3.900000e+00 1.118800e+03 8.038500e+02 0
6.662700e-01 9.185000e-01 -2.251400e-01 -3.204100e-02 34 64 1.101000e+01 3.900000e+00 1.077300e+03 7.760500e+02 0
-8.307900e-01 8.888500e-01 -2.227100e-01 -3.204100e-02 36 64 1.062400e+01 3.900000e+00 -6.290900e+01 7.633100e+02 0
-8.643500e-01 8.860800e-01 -2.224900e-01 -3.204100e-02 37 64 1.102200e+01 3.900000e+00 -8.978700e+01 7.639100e+02 0
-8.782700e-01 9.257900e-01 -2.257400e-01 -3.204100e-02 38 64 1.062700e+01 3.900000e+00 -6.410400e+01 7.478300e+02 0
