0 0 -1.500000e-01 0 1 65 1.660400e+01 3.660000e+00 2167 -3.612800e+03 0
-7.093800e-02 1.129800e-01 -1.586700e-01 0 5 65 1.520600e+01 3.660000e+00 -3.037500e+03 7.610200e+03 0
-1.585200e-01 1.860800e-01 -1.642800e-01 0 8 65 1.436500e+01 3.660000e+00 -1.094700e+03 2.942700e+03 0
-2.008100e-01 1.908100e-01 -1.646500e-01 0 9 65 1.367900e+01 3.660000e+00 -1.223500e+03 2.815800e+03 0
-2.480100e-01 1.862400e-01 -1.643000e-01 0 10 65 1.364300e+01 3.660000e+00 -1.520300e+03 2.874700e+03 0
-2.619200e-01 2.222100e-01 -1.670600e-01 0 11 65 1.309200e+01 3.660000e+00 -1.062700e+03 2.302100e+03 0
-2.881200e-01 2.329900e-01 -1.678800e-01 0 12 65 1.271200e+01 3.660000e+00 -1.040100e+03 2.170800e+03 0
-3.044900e-01 2.831500e-01 -1.717300e-01 0 13 65 1.192900e+01 3.660000e+00 -6.866900e+02 1.763300e+03 0
-4.220800e-01 1.305600e-01 -1.600200e-01 0 14 65 1.145600e+01 3.660000e+00 -4.649500e+03 4.608800e+03 0
-1.184100e-01 3.804100e-01 -1.792000e-01 0 15 65 1.130200e+01 3.660000e+00 9.987700e+01 1.367200e+03 0
-3.601500e-01 3.708600e-01 -1.784700e-01 0 16 65 1.114500e+01 3.660000e+00 -4.009400e+02 1.370100e+03 0
3.609700e-01 3.397600e-01 -1.760800e-01 0 28 65 1.312900e+01 3.660000e+00 1.169900e+03 1.585500e+03 0
6.799100e-01 6.393600e-01 -1.990800e-01 0 29 65 1.467700e+01 3.660000e+00 1.290600e+03 9.600500e+02 0
6.725500e-01 7.378400e-01 -2.066400e-01 0 30 65 1.561600e+01 3.660000e+00 1.191500e+03 8.751300e+02 0
6.711800e-01 8.043900e-01 -2.117400e-01 0 31 65 1.579300e+01 3.660000e+00 1.143500e+03 8.312500e+02 0
6.766400e-01 8.306400e-01 -2.137600e-01 0 32 65 1.530600e+01 3.660000e+00 1.132200e+03 8.162600e+02 0
6.810000e-01 8.633100e-01 -2.162700e-01 0 33 65 1.395100e+01 3.660000e+00 1.117300e+03 7.989700e+02 0
6.302600e-01 9.607100e-01 -2.237400e-01 0 34 65 1.107300e+01 3.660000e+00 1.031500e+03 7.541600e+02 0
7.792300e-01 7.172800e-01 -2.050600e-01 0 35 65 1.031200e+01 3.660000e+00 1.320900e+03 8.937400e+02 0
-8.307900e-01 8.937800e-01 -2.186100e-01 0 36 65 1.175200e+01 3.660000e+00 -5.838500e+01 7.579200e+02 0
-8.545300e-01 8.876900e-01 -2.181400e-01 0 37 65 1.217100e+01 3.660000e+00 -8.104600e+01 7.600600e+02 0
-8.782700e-01 8.572000e-01 -2.158000e-01 0 38 65 1.173300e+01 3.660000e+00 -1.279600e+02 7.728400e+02 0
-9.020000e-01 7.718800e-01 -2.092500e-01 0 39 65 1.026700e+01 3.660000e+00 -2.441500e+02 8.150500e+02 0
0 0 -1.500000e-01 3.204100e-02 1 66 1.560900e+01 3.660000e+00 2167 -3.612800e+03 0
-7.202900e-02 1.124900e-01 -1.586300e-01 3.204100e-02 5 66 1.418900e+01 3.660000e+00 -3.095800e+03 7.689900e+03 0
-1.585200e-01 1.860500e-01 -1.642800e-01 3.204100e-02 8 66 1.335800e+01 3.660000e+00 -1.095100e+03 2.943300e+03 0
-2.008100e-01 1.911900e-01 -1.646800e-01 3.204100e-02 9 66 1.267200e+01 3.660000e+00 -1.217700e+03 2.808500e+03 0
-2.480100e-01 1.872100e-01 -1.643700e-01 3.204100e-02 10 66 1.261400e+01 3.660000e+00 -1.502700e+03 2.855100e+03 0
-2.592000e-01 2.269000e-01 -1.674200e-01 3.204100e-02 11 66 1.214800e+01 3.660000e+00 -1002 2.248300e+03 0
-2.851200e-01 2.375000e-01 -1.682300e-01 3.204100e-02 12 66 1.171300e+01 3.660000e+00 -9.849000e+02 2126 0
-3.012100e-01 2.855000e-01 -1.719100e-01 3.204100e-02 13 66 1.091900e+01 3.660000e+00 -6.633200e+02 1.749600e+03 0
3.609700e-01 3.302500e-01 -1.753500e-01 3.204100e-02 28 66 1.209700e+01 3.660000e+00 1.188400e+03 1.631300e+03 0
6.722700e-01 6.466400e-01 -1.996400e-01 3.204100e-02 29 66 1.362800e+01 3.660000e+00 1.273600e+03 9.524600e+02 0
6.725500e-01 7.377100e-01 -2.066300e-01 3.204100e-02 30 66 1.458200e+01 3.660000e+00 1.191600e+03 8.752300e+02 0
6.711800e-01 8.044100e-01 -2.117500e-01 3.204100e-02 31 66 1.478300e+01 3.660000e+00 1.143400e+03 8.312300e+02 0
6.766400e-01 8.312100e-01 -2.138000e-01 3.204100e-02 32 66 1.434300e+01 3.660000e+00 1.131900e+03 8.159400e+02 0
6.722700e-01 8.682700e-01 -2.166500e-01 3.204100e-02 33 66 1.311300e+01 3.660000e+00 1.107200e+03 7.962900e+02 0
6.482600e-01 9.184400e-01 -2.205000e-01 3.204100e-02 34 66 1.058600e+01 3.660000e+00 1063 7.722200e+02 0
-8.212400e-01 9.053000e-01 -2.194900e-01 3.204100e-02 36 66 1.064900e+01 3.660000e+00 -4.149700e+01 7.533900e+02 0
-8.447100e-01 9.040500e-01 -2.193900e-01 3.204100e-02 37 66 1.105200e+01 3.660000e+00 -5.928600e+01 7.535200e+02 0
-8.580800e-01 8.795400e-01 -2.175100e-01 3.204100e-02 38 66 1.065900e+01 3.660000e+00 -9.121600e+01 7.634300e+02 0
0 0 -1.500000e-01 6.408200e-02 1 67 9.753900e+00 3.660000e+00 2167 -3.612800e+03 0
6.725500e-01 7.560600e-01 -2.080300e-01 6.408200e-02 30 67 9.844700e+00 3.660000e+00 1.177700e+03 8.622500e+02 0
6.711800e-01 7.898400e-01 -2.106300e-01 6.408200e-02 31 67 1.001300e+01 3.660000e+00 1.152900e+03 8.401200e+02 0
6.597200e-01 8.399700e-01 -2.144800e-01 6.408200e-02 32 67 9.587700e+00 3.660000e+00 1.111900e+03 8.107800e+02 0
6.810000e-01 8.602600e-01 -2.160300e-01 6.408200e-02 33 67 9.904100e+00 3.660000e+00 1119 8.005300e+02 0
0 0 -1.500000e-01 9.612300e-02 1 68 1.049900e+01 3.660000e+00 2167 -3.612800e+03 0
6.488100e-01 7.744400e-01 -2.094500e-01 9.612300e-02 30 68 9.592700e+00 3.660000e+00 1.141800e+03 8.493600e+02 0
6.793700e-01 7.975700e-01 -2.112200e-01 9.612300e-02 31 68 9.688600e+00 3.660000e+00 1.155400e+03 8.355500e+02 0
6.851000e-01 8.355800e-01 -2.141400e-01 9.612300e-02 32 68 9.802900e+00 3.660000e+00 1.136800e+03 8.137100e+02 0
-1.289200e+00 4.513500e+00 -4.964600e-01 -9.291900e-01 136 36 1.076700e+01 3.660000e+00 4.867200e+02 4.745100e+02 1
-1.298700e+00 4.559400e+00 -4.999700e-01 -9.291900e-01 137 36 1.106300e+01 3.660000e+00 4.874900e+02 4.738400e+02 1
-1.308300e+00 4.597300e+00 -5.028900e-01 -9.291900e-01 138 36 1.068500e+01 3.660000e+00 4.878900e+02 4.732900e+02 1
-1.279600e+00 4.493400e+00 -4.949100e-01 -8.971500e-01 135 37 1.108900e+01 3.660000e+00 4.871300e+02 4.748200e+02 1
-1.326000e+00 4.505300e+00 -4.958300e-01 -8.971500e-01 136 37 1.222700e+01 3.660000e+00 4.811600e+02 4.746000e+02 1
-1.335800e+00 4.536700e+00 -4.982300e-01 -8.971500e-01 137 37 1.250100e+01 3.660000e+00 4.812700e+02 4.741300e+02 1
-1.345600e+00 4.575400e+00 -5.012100e-01 -8.971500e-01 138 37 1.198900e+01 3.660000e+00 4.817200e+02 4.735600e+02 1
-1.393100e+00 4.602700e+00 -5.033000e-01 -8.971500e-01 139 37 1.090600e+01 3.660000e+00 4.764600e+02 4.731300e+02 1
-1.384900e+00 4.642200e+00 -5.063400e-01 -8.971500e-01 142 37 1.021600e+01 3.660000e+00 4.794400e+02 4.725900e+02 1
-1.243100e+00 4.492800e+00 -4.948600e-01 -8.651100e-01 135 38 1.063400e+01 3.660000e+00 4.922600e+02 4.748600e+02 1
-1.289200e+00 4.511300e+00 -4.962800e-01 -8.651100e-01 136 38 1.173400e+01 3.660000e+00 4.866100e+02 4.745500e+02 1
-1.298700e+00 4.542100e+00 -4.986500e-01 -8.651100e-01 137 38 1.199200e+01 3.660000e+00 4.867000e+02 4.740900e+02 1
-1.308300e+00 4.574700e+00 -5.011500e-01 -8.651100e-01 138 38 1.145400e+01 3.660000e+00 4.868700e+02 4.736100e+02 1
-1.355500e+00 4.608300e+00 -5.037300e-01 -8.651100e-01 139 38 1.028800e+01 3.660000e+00 4.819000e+02 4.730900e+02 1
0 0 -1.500000e-01 -3.204100e-02 1 64 1.559400e+01 3.660000e+00 2167 -3.612800e+03 0
-7.093800e-02 1.125000e-01 -1.586400e-01 -3.204100e-02 5 64 1.418300e+01 3.660000e+00 -3.081300e+03 7.694700e+03 0
-1.585200e-01 1.861000e-01 -1.642900e-01 -3.204100e-02 8 64 1.336500e+01 3.660000e+00 -1.094400e+03 2.942300e+03 0
-2.008100e-01 1.897200e-01 -1.645600e-01 -3.204100e-02 9 64 1.265800e+01 3.660000e+00 -1.240600e+03 2.837300e+03 0
-2.480100e-01 1.845600e-01 -1.641700e-01 -3.204100e-02 10 64 1.260500e+01 3.660000e+00 -1.551700e+03 2.909600e+03 0
-2.619200e-01 2.208400e-01 -1.669500e-01 -3.204100e-02 11 64 1.206300e+01 3.660000e+00 -1.078200e+03 2.318800e+03 0
-2.911200e-01 2.271500e-01 -1.674400e-01 -3.204100e-02 12 64 1.165600e+01 3.660000e+00 -1113 2.232900e+03 0
-3.077600e-01 2.808900e-01 -1.715600e-01 -3.204100e-02 13 64 1.079900e+01 3.660000e+00 -7.099400e+02 1.776700e+03 0
-3.156700e-01 3.064700e-01 -1.735200e-01 -3.204100e-02 14 64 1.044300e+01 3.660000e+00 -5.813100e+02 1.631100e+03 0
-1.107700e-01 4.500200e-01 -1.845400e-01 -3.204100e-02 15 64 1.049100e+01 3.660000e+00 2.212000e+02 1.192200e+03 0
3.462300e-01 3.932400e-01 -1.801800e-01 -3.204100e-02 28 64 1.213600e+01 3.660000e+00 1.055900e+03 1.378900e+03 0
6.799100e-01 6.409900e-01 -1.992000e-01 -3.204100e-02 29 64 1.369700e+01 3.660000e+00 1.288800e+03 9.583900e+02 0
6.725500e-01 7.388600e-01 -2.067100e-01 -3.204100e-02 30 64 1.463100e+01 3.660000e+00 1.190700e+03 8.743900e+02 0
6.793700e-01 7.974300e-01 -2.112100e-01 -3.204100e-02 31 64 1.479800e+01 3.660000e+00 1.155500e+03 8.356300e+02 0
6.766400e-01 8.296500e-01 -2.136800e-01 -3.204100e-02 32 64 1.429000e+01 3.660000e+00 1.132800e+03 8.168000e+02 0
6.810000e-01 8.635000e-01 -2.162800e-01 -3.204100e-02 33 64 1.288600e+01 3.660000e+00 1.117200e+03 7.988700e+02 0
-8.212400e-01 9.011600e-01 -2.191700e-01 -3.204100e-02 36 64 1.085800e+01 3.660000e+00 -4.506000e+01 7.550600e+02 0
-8.447100e-01 8.914700e-01 -2.184300e-01 -3.204100e-02 37 64 1.125800e+01 3.660000e+00 -7.049100e+01 7.586500e+02 0
-8.681700e-01 8.443200e-01 -2.148100e-01 -3.204100e-02 38 64 1.073900e+01 3.660000e+00 -1.335100e+02 7.788900e+02 0
