0 0 -1.500000e-01 0 1 65 1.656200e+01 2.390000e+00 2167 -3.612800e+03 0
-7.093800e-02 1.132200e-01 -1.556700e-01 0 5 65 1.518700e+01 2.390000e+00 -3005 7.501900e+03 0
-1.585200e-01 1.860600e-01 -1.593200e-01 0 8 65 1.434300e+01 2.390000e+00 -1.092200e+03 2.912800e+03 0
-2.008100e-01 1.910500e-01 -1.595700e-01 0 9 65 1.366600e+01 2.390000e+00 -1.216800e+03 2.781700e+03 0
-2.480100e-01 1.864700e-01 -1.593400e-01 0 10 65 1.364800e+01 2.390000e+00 -1.512700e+03 2.840600e+03 0
-2.619200e-01 2.219800e-01 -1.611200e-01 0 11 65 1.311400e+01 2.390000e+00 -1.062800e+03 2.278700e+03 0
-2.881200e-01 2.304400e-01 -1.615400e-01 0 12 65 1.270900e+01 2.390000e+00 -1.064400e+03 2.172500e+03 0
-3.044900e-01 2.791400e-01 -1.639800e-01 0 13 65 1.195700e+01 2.390000e+00 -7.106400e+02 1.765300e+03 0
-4.291700e-01 8.191100e-02 -1.541000e-01 0 14 65 1.141500e+01 2.390000e+00 -16400 13625 0
-4.010700e-01 2.560400e-01 -1.628200e-01 0 15 65 1.128800e+01 2.390000e+00 -1.167300e+03 1.904100e+03 0
3.609700e-01 3.458700e-01 -1.673200e-01 0 28 65 1.304700e+01 2.390000e+00 1.157700e+03 1.534300e+03 0
6.799100e-01 6.413900e-01 -1.821200e-01 0 29 65 1.465300e+01 2.390000e+00 1.287300e+03 9.380200e+02 0
6.725500e-01 7.382700e-01 -1.869800e-01 0 30 65 1.557900e+01 2.390000e+00 1.190200e+03 8.554300e+02 0
6.711800e-01 8.044400e-01 -1.902900e-01 0 31 65 1.574600e+01 2.390000e+00 1.142600e+03 8.121100e+02 0
6.766400e-01 8.327100e-01 -1.917100e-01 0 32 65 1.525100e+01 2.390000e+00 1.130200e+03 7.961100e+02 0
6.722700e-01 8.752400e-01 -1.938400e-01 0 33 65 1.393800e+01 2.390000e+00 1.102700e+03 7.739700e+02 0
6.662700e-01 9.395100e-01 -1.970600e-01 0 34 65 1.160800e+01 2.390000e+00 1.066900e+03 7.447900e+02 0
-9.183700e-01 7.434500e-01 -1.872400e-01 0 35 65 1.070100e+01 2.390000e+00 -2.954400e+02 8.133300e+02 0
-8.403400e-01 8.742000e-01 -1.937800e-01 0 36 65 1.163500e+01 2.390000e+00 -8.254500e+01 7.483600e+02 0
-8.545300e-01 8.844200e-01 -1.943000e-01 0 37 65 1.210700e+01 2.390000e+00 -8.339300e+01 7.437900e+02 0
-8.681700e-01 8.855700e-01 -1.943500e-01 0 38 65 1.168500e+01 2.390000e+00 -9.222600e+01 7.431000e+02 0
-8.501600e-01 9.726700e-01 -1.987200e-01 0 39 65 1.009100e+01 2.390000e+00 -6.551100e+00 7.104100e+02 0
0 0 -1.500000e-01 3.204100e-02 1 66 1.555100e+01 2.390000e+00 2167 -3.612800e+03 0
-7.202900e-02 1.128500e-01 -1.556500e-01 3.204100e-02 5 66 1.418000e+01 2.390000e+00 -3.051500e+03 7.558900e+03 0
-1.585200e-01 1.859500e-01 -1.593100e-01 3.204100e-02 8 66 1.335500e+01 2.390000e+00 -1.093900e+03 2.915100e+03 0
-2.008100e-01 1.919600e-01 -1.596100e-01 3.204100e-02 9 66 1.267900e+01 2.390000e+00 -1.202900e+03 2.764300e+03 0
-2.480100e-01 1.877600e-01 -1.594000e-01 3.204100e-02 10 66 1.267300e+01 2.390000e+00 -1.489300e+03 2.814600e+03 0
-2.619200e-01 2.236100e-01 -1.612000e-01 3.204100e-02 11 66 1.213000e+01 2.390000e+00 -1.044800e+03 2.259300e+03 0
-2.881200e-01 2.335000e-01 -1.616900e-01 3.204100e-02 12 66 1.170900e+01 2.390000e+00 -1.032500e+03 2.140300e+03 0
-3.044900e-01 2.824400e-01 -1.641500e-01 3.204100e-02 13 66 1.095900e+01 2.390000e+00 -6.894200e+02 1.744600e+03 0
-4.048900e-01 2.607000e-01 -1.630600e-01 3.204100e-02 15 66 1.045200e+01 2.390000e+00 -1135 1.867900e+03 0
3.609700e-01 3.395800e-01 -1.670100e-01 3.204100e-02 28 66 1.189800e+01 2.390000e+00 1.169100e+03 1.562700e+03 0
6.799100e-01 6.366600e-01 -1.818900e-01 3.204100e-02 29 66 1.359500e+01 2.390000e+00 1.292500e+03 9.428000e+02 0
6.725500e-01 7.355300e-01 -1.868400e-01 3.204100e-02 30 66 1.453800e+01 2.390000e+00 1.192300e+03 8.574100e+02 0
6.711800e-01 8.044500e-01 -1.902900e-01 3.204100e-02 31 66 1.469700e+01 2.390000e+00 1.142600e+03 8.121100e+02 0
6.766400e-01 8.353200e-01 -1.918400e-01 3.204100e-02 32 66 1.421000e+01 2.390000e+00 1.128600e+03 7.946800e+02 0
6.722700e-01 8.784900e-01 -1.940000e-01 3.204100e-02 33 66 1.295600e+01 2.390000e+00 1101 7.723900e+02 0
6.662700e-01 9.365300e-01 -1.969100e-01 3.204100e-02 34 66 1.092200e+01 2.390000e+00 1.068200e+03 7.460400e+02 0
-8.212400e-01 8.987400e-01 -1.950100e-01 3.204100e-02 36 66 1.067300e+01 2.390000e+00 -4.653000e+01 7.384100e+02 0
-8.447100e-01 9.046400e-01 -1.953100e-01 3.204100e-02 37 66 1.126200e+01 2.390000e+00 -5.812400e+01 7.356700e+02 0
-8.580800e-01 9.188700e-01 -1.960200e-01 3.204100e-02 38 66 1.096900e+01 2.390000e+00 -5.522100e+01 7.298800e+02 0
0 0 -1.500000e-01 6.408200e-02 1 67 9.903200e+00 2.390000e+00 2167 -3.612800e+03 0
6.384400e-01 7.804500e-01 -1.890900e-01 6.408200e-02 31 67 9.655800e+00 2.390000e+00 1.127200e+03 8.260700e+02 0
-1.275800e+00 5.689900e+00 -4.349800e-01 -7.049000e-01 168 43 1.009300e+01 2.390000e+00 5.312500e+02 4.443500e+02 1
-1.375100e+00 5.703700e+00 -4.356700e-01 -7.049000e-01 169 43 1.138500e+01 2.390000e+00 5.206200e+02 4.441700e+02 1
-1.475500e+00 5.714600e+00 -4.362200e-01 -7.049000e-01 170 43 1.173300e+01 2.390000e+00 5.098400e+02 4.440100e+02 1
-1.623400e+00 5.710600e+00 -4.360200e-01 -7.049000e-01 171 43 1.097100e+01 2.390000e+00 4.933500e+02 4.439700e+02 1
-1.454800e+00 5.823000e+00 -4.416500e-01 -7.049000e-01 173 43 1.048200e+01 2.390000e+00 5.155300e+02 4.430600e+02 1
-1.412500e+00 5.658500e+00 -4.334100e-01 -6.728600e-01 168 44 1.202200e+01 2.390000e+00 5.150500e+02 4.445700e+02 1
-1.420900e+00 5.692300e+00 -4.351000e-01 -6.728600e-01 169 44 1.329000e+01 2.390000e+00 5.151800e+02 4.442500e+02 1
-1.475500e+00 5.714400e+00 -4.362100e-01 -6.728600e-01 170 44 1.363200e+01 2.390000e+00 5.098300e+02 4.440200e+02 1
-1.577000e+00 5.723700e+00 -4.366700e-01 -6.728600e-01 171 44 1.286300e+01 2.390000e+00 4.989300e+02 4.438800e+02 1
-1.166400e+00 5.849200e+00 -4.429600e-01 -6.728600e-01 172 44 1.117300e+01 2.390000e+00 5.475700e+02 4.429900e+02 1
-1.454800e+00 5.826700e+00 -4.418300e-01 -6.728600e-01 173 44 1.241700e+01 2.390000e+00 5.156400e+02 4.430300e+02 1
-1.510400e+00 5.848000e+00 -4.429000e-01 -6.728600e-01 174 44 1.190400e+01 2.390000e+00 5.102800e+02 4.428100e+02 1
-1.471700e+00 5.844900e+00 -4.427400e-01 -6.728600e-01 175 44 1.014500e+01 2.390000e+00 5.143700e+02 4.428600e+02 1
-1.412500e+00 5.658200e+00 -4.333900e-01 -6.408200e-01 168 45 1.170400e+01 2.390000e+00 5.150400e+02 4.445700e+02 1
-1.420900e+00 5.692100e+00 -4.350900e-01 -6.408200e-01 169 45 1.302800e+01 2.390000e+00 5.151700e+02 4.442500e+02 1
-1.475500e+00 5.714600e+00 -4.362100e-01 -6.408200e-01 170 45 1.340000e+01 2.390000e+00 5.098400e+02 4.440200e+02 1
-1.530600e+00 5.734900e+00 -4.372300e-01 -6.408200e-01 171 45 1.272400e+01 2.390000e+00 5.044200e+02 4.438000e+02 1
-1.306300e+00 5.827300e+00 -4.418600e-01 -6.408200e-01 172 45 1.153900e+01 2.390000e+00 5.317800e+02 4.431100e+02 1
-1.407800e+00 5.838100e+00 -4.424000e-01 -6.408200e-01 173 45 1.219700e+01 2.390000e+00 5.210800e+02 4.429600e+02 1
-1.463200e+00 5.857700e+00 -4.433800e-01 -6.408200e-01 174 45 1.161700e+01 2.390000e+00 5.156800e+02 4.427500e+02 1
-1.420900e+00 5.691100e+00 -4.350400e-01 -6.087800e-01 169 46 1.035500e+01 2.390000e+00 5.151400e+02 4.442600e+02 1
-1.521600e+00 5.695700e+00 -4.352700e-01 -6.087800e-01 170 46 1.073500e+01 2.390000e+00 5.041100e+02 4.441600e+02 1
-1.669800e+00 5.606100e+00 -4.307800e-01 -6.087800e-01 171 46 1.033100e+01 2.390000e+00 4.843800e+02 4.449100e+02 1
0 0 -1.500000e-01 -3.204100e-02 1 64 1.554800e+01 2.390000e+00 2167 -3.612800e+03 0
-7.093800e-02 1.129900e-01 -1.556600e-01 -3.204100e-02 5 64 1.416400e+01 2.390000e+00 -3.025400e+03 7541 0
-1.585200e-01 1.860900e-01 -1.593200e-01 -3.204100e-02 8 64 1.329700e+01 2.390000e+00 -1.091700e+03 2912 0
-1.986300e-01 1.933700e-01 -1.596800e-01 -3.204100e-02 9 64 1.263500e+01 2.390000e+00 -1.171800e+03 2.739200e+03 0
-2.455500e-01 1.899400e-01 -1.595100e-01 -3.204100e-02 10 64 1.261800e+01 2.390000e+00 -1.439800e+03 2.773700e+03 0
-2.592000e-01 2.257800e-01 -1.613100e-01 -3.204100e-02 11 64 1.211800e+01 2.390000e+00 -1.011500e+03 2.235200e+03 0
-2.881200e-01 2.289100e-01 -1.614600e-01 -3.204100e-02 12 64 1.169500e+01 2.390000e+00 -1.080700e+03 2189 0
-3.044900e-01 2.739100e-01 -1.637200e-01 -3.204100e-02 13 64 1.099900e+01 2.390000e+00 -7.456100e+02 1.799500e+03 0
-4.327200e-01 8.565800e-02 -1.542900e-01 -3.204100e-02 14 64 1.043600e+01 2.390000e+00 -13964 11672 0
-3.972500e-01 2.490800e-01 -1.624800e-01 -3.204100e-02 15 64 1.012100e+01 2.390000e+00 -1.224500e+03 1961 0
3.609700e-01 3.505800e-01 -1.675600e-01 -3.204100e-02 28 64 1.211600e+01 2.390000e+00 1.149400e+03 1514 0
6.799100e-01 6.452500e-01 -1.823200e-01 -3.204100e-02 29 64 1.366900e+01 2.390000e+00 1.283200e+03 9.341800e+02 0
6.725500e-01 7.402100e-01 -1.870700e-01 -3.204100e-02 30 64 1.458200e+01 2.390000e+00 1.188700e+03 8.540300e+02 0
6.711800e-01 8.042900e-01 -1.902800e-01 -3.204100e-02 31 64 1.475300e+01 2.390000e+00 1.142700e+03 8.122100e+02 0
6.766400e-01 8.306800e-01 -1.916000e-01 -3.204100e-02 32 64 1.425100e+01 2.390000e+00 1.131400e+03 7.972300e+02 0
6.722700e-01 8.732100e-01 -1.937300e-01 -3.204100e-02 33 64 1.290300e+01 2.390000e+00 1.103800e+03 7.749700e+02 0
6.662700e-01 9.400300e-01 -1.970800e-01 -3.204100e-02 34 64 1.031700e+01 2.390000e+00 1.066700e+03 7.445700e+02 0
-8.212400e-01 8.970800e-01 -1.949300e-01 -3.204100e-02 36 64 1.057800e+01 2.390000e+00 -4.797000e+01 7.390800e+02 0
-8.447100e-01 8.940900e-01 -1.947800e-01 -3.204100e-02 37 64 1.097700e+01 2.390000e+00 -6.748300e+01 7.399400e+02 0
-8.782700e-01 8.472500e-01 -1.924300e-01 -3.204100e-02 38 64 1.045300e+01 2.390000e+00 -1.374100e+02 7.596700e+02 0
