0 0 -1.500000e-01 0 1 65 1.662000e+01 2.140000e+00 2167 -3.612800e+03 0
-7.093800e-02 1.128900e-01 -1.550600e-01 0 5 65 1.517900e+01 2.140000e+00 -3.032700e+03 7546 0
-1.585200e-01 1.860200e-01 -1.583400e-01 0 8 65 1.431700e+01 2.140000e+00 -1.092200e+03 2.907600e+03 0
-1.986300e-01 1.939300e-01 -1.587000e-01 0 9 65 1.367400e+01 2.140000e+00 -1.163100e+03 2.723200e+03 0
-2.480100e-01 1.864800e-01 -1.583600e-01 0 10 65 1.365600e+01 2.140000e+00 -1.511800e+03 2.834600e+03 0
-2.619200e-01 2.224600e-01 -1.599800e-01 0 11 65 1.311800e+01 2.140000e+00 -1.056900e+03 2.267800e+03 0
-2.881200e-01 2.328900e-01 -1.604400e-01 0 12 65 1.273000e+01 2.140000e+00 -1.038300e+03 2.141600e+03 0
-3.077600e-01 2.782500e-01 -1.624800e-01 0 13 65 1.202100e+01 2.140000e+00 -7.250600e+02 1.765700e+03 0
-2.979400e-01 3.102400e-01 -1.639100e-01 0 14 65 1.137000e+01 2.140000e+00 -5.173500e+02 1.588800e+03 0
-1.222300e-01 3.629800e-01 -1.662800e-01 0 15 65 1.121700e+01 2.140000e+00 5.721000e+01 1.397900e+03 0
3.536000e-01 3.688500e-01 -1.665400e-01 0 28 65 1.307400e+01 2.140000e+00 1.102900e+03 1.436100e+03 0
6.799100e-01 6.399300e-01 -1.787000e-01 0 29 65 1.466600e+01 2.140000e+00 1.288700e+03 9.355600e+02 0
6.725500e-01 7.383400e-01 -1.831100e-01 0 30 65 1.558500e+01 2.140000e+00 1190 8.515700e+02 0
6.711800e-01 8.044100e-01 -1.860700e-01 0 31 65 1.575000e+01 2.140000e+00 1.142400e+03 8.083800e+02 0
6.766400e-01 8.322400e-01 -1.873200e-01 0 32 65 1.522700e+01 2.140000e+00 1.130300e+03 7.926400e+02 0
6.722700e-01 8.727600e-01 -1.891400e-01 0 33 65 1.380300e+01 2.140000e+00 1.103800e+03 7.714900e+02 0
6.392600e-01 9.588600e-01 -1.930000e-01 0 34 65 1.142000e+01 2.140000e+00 1.038100e+03 7.328300e+02 0
7.235700e-01 9.361300e-01 -1.919800e-01 0 35 65 1.096800e+01 2.140000e+00 1.112600e+03 7.434500e+02 0
-8.116900e-01 9.093300e-01 -1.907800e-01 0 36 65 1.163000e+01 2.140000e+00 -3.055600e+01 7.308400e+02 0
-8.447100e-01 8.970100e-01 -1.902200e-01 0 37 65 1.209300e+01 2.140000e+00 -6.474000e+01 7.352900e+02 0
-8.782700e-01 8.543100e-01 -1.883100e-01 0 38 65 1.166700e+01 2.140000e+00 -1.300200e+02 753 0
0 0 -1.500000e-01 3.204100e-02 1 66 1.560800e+01 2.140000e+00 2167 -3.612800e+03 0
-4.092600e-02 7.927500e-03 -1.503600e-01 3.204100e-02 4 66 1.516400e+01 2.140000e+00 2.781400e+03 -4.187600e+03 0
-7.202900e-02 1.119700e-01 -1.550200e-01 3.204100e-02 5 66 1.416600e+01 2.140000e+00 -3.130900e+03 7.701600e+03 0
-1.585200e-01 1.858300e-01 -1.583300e-01 3.204100e-02 8 66 1.327100e+01 2.140000e+00 -1.095200e+03 2.911700e+03 0
-2.008100e-01 1.923400e-01 -1.586200e-01 3.204100e-02 9 66 1.266000e+01 2.140000e+00 -1.196500e+03 2.751400e+03 0
-2.480100e-01 1.871500e-01 -1.583900e-01 3.204100e-02 10 66 1.262100e+01 2.140000e+00 -1.499600e+03 2821 0
-2.646500e-01 2.191400e-01 -1.598300e-01 3.204100e-02 11 66 1.211400e+01 2.140000e+00 -1.104900e+03 2.307200e+03 0
-2.911200e-01 2.317300e-01 -1.603900e-01 3.204100e-02 12 66 1.167700e+01 2.140000e+00 -1.060700e+03 2.152700e+03 0
-3.143100e-01 2.741800e-01 -1.622900e-01 3.204100e-02 13 66 1.098100e+01 2.140000e+00 -7.707800e+02 1.790900e+03 0
-1.298700e-01 2.909200e-01 -1.630500e-01 3.204100e-02 15 66 1.038800e+01 2.140000e+00 -1.712300e+02 1.725100e+03 0
3.536000e-01 3.550300e-01 -1.659200e-01 3.204100e-02 28 66 1.209000e+01 2.140000e+00 1.123900e+03 1.489800e+03 0
6.799100e-01 6.392400e-01 -1.786600e-01 3.204100e-02 29 66 1.369700e+01 2.140000e+00 1.289500e+03 9.362600e+02 0
6.725500e-01 7.379300e-01 -1.830900e-01 3.204100e-02 30 66 1.462600e+01 2.140000e+00 1.190300e+03 8.518600e+02 0
6.711800e-01 8.044400e-01 -1.860700e-01 3.204100e-02 31 66 1.479500e+01 2.140000e+00 1.142400e+03 8.083700e+02 0
6.766400e-01 8.331600e-01 -1.873600e-01 3.204100e-02 32 66 1.427600e+01 2.140000e+00 1.129700e+03 7.921300e+02 0
6.635400e-01 8.807800e-01 -1.895000e-01 3.204100e-02 33 66 1.287200e+01 2.140000e+00 1.092400e+03 7.674300e+02 0
6.392600e-01 9.584200e-01 -1.929800e-01 3.204100e-02 34 66 1.048700e+01 2.140000e+00 1.038300e+03 733 0
-1.057500e+00 2.626600e-01 -1.617800e-01 3.204100e-02 35 66 1.006200e+01 2.140000e+00 -2.790900e+03 1.702600e+03 0
-8.212400e-01 9.016700e-01 -1.904300e-01 3.204100e-02 36 66 1.078100e+01 2.140000e+00 -4.386800e+01 7.337600e+02 0
-8.447100e-01 9.026700e-01 -1.904800e-01 3.204100e-02 37 66 1.112000e+01 2.140000e+00 -5.972800e+01 733 0
-8.782700e-01 8.632300e-01 -1.887100e-01 3.204100e-02 38 66 1.058100e+01 2.140000e+00 -1.210500e+02 7.490400e+02 0
0 0 -1.500000e-01 6.408200e-02 1 67 1.004300e+01 2.140000e+00 2167 -3.612800e+03 0
6.646300e-01 6.462700e-01 -1.789800e-01 6.408200e-02 29 67 1.009500e+01 2.140000e+00 1.263700e+03 9.287200e+02 0
6.646300e-01 7.510000e-01 -1.836800e-01 6.408200e-02 30 67 1.093600e+01 2.140000e+00 1.172500e+03 8.424200e+02 0
6.630000e-01 8.092900e-01 -1.862900e-01 6.408200e-02 31 67 1.118400e+01 2.140000e+00 1.131900e+03 8.053300e+02 0
6.681800e-01 8.283300e-01 -1.871400e-01 6.408200e-02 32 67 1.070200e+01 2.140000e+00 1.125100e+03 7.946200e+02 0
0 0 -1.500000e-01 9.612300e-02 1 68 9.584700e+00 2.140000e+00 2167 -3.612800e+03 0
6.488100e-01 7.641300e-01 -1.842600e-01 9.612300e-02 30 68 9.842900e+00 2.140000e+00 1.147700e+03 8.331300e+02 0
6.548100e-01 8.178500e-01 -1.866700e-01 9.612300e-02 31 68 9.858000e+00 2.140000e+00 1.119300e+03 8.002300e+02 0
1.391500e+00 1.854700e+00 -2.331700e-01 -6.087800e-01 69 46 1.031300e+01 2.140000e+00 1.140900e+03 5.608900e+02 0
1.430800e+00 1.894600e+00 -2.349600e-01 -6.087800e-01 70 46 1.044500e+01 2.140000e+00 1.145300e+03 5.571800e+02 0
-2.629900e+00 4.637100e+00 -3.579300e-01 -5.767400e-01 154 47 1.077400e+01 2.140000e+00 3.110100e+02 4.519700e+02 1
-2.647100e+00 4.681600e+00 -3.599300e-01 -5.767400e-01 155 47 1.118100e+01 2.140000e+00 3.123600e+02 4.513600e+02 1
-2.622000e+00 4.723900e+00 -3.618200e-01 -5.767400e-01 156 47 1.074800e+01 2.140000e+00 3.190600e+02 4.508200e+02 1
-2.595500e+00 4.576200e+00 -3.552000e-01 -5.447000e-01 152 48 1.056800e+01 2.140000e+00 3.106000e+02 4.528300e+02 1
-2.612700e+00 4.505800e+00 -3.520500e-01 -5.447000e-01 153 48 1.006900e+01 2.140000e+00 3.022600e+02 4.538000e+02 1
-2.671600e+00 4.597200e+00 -3.561400e-01 -5.447000e-01 154 48 1.170000e+01 2.140000e+00 3.020600e+02 4.524800e+02 1
-2.647100e+00 4.677600e+00 -3.597500e-01 -5.447000e-01 155 48 1.225200e+01 2.140000e+00 3.120300e+02 4.514100e+02 1
-2.664300e+00 4.712000e+00 -3.612900e-01 -5.447000e-01 156 48 1.188900e+01 2.140000e+00 3.125500e+02 4.509500e+02 1
-2.681500e+00 4.730200e+00 -3.621100e-01 -5.447000e-01 157 48 1.080500e+01 2.140000e+00 3.117500e+02 4.507000e+02 1
-2.755100e+00 4.532200e+00 -3.532300e-01 -5.126600e-01 154 49 1.083200e+01 2.140000e+00 2.850500e+02 4.533200e+02 1
-2.689100e+00 4.650800e+00 -3.585500e-01 -5.126600e-01 155 49 1.135400e+01 2.140000e+00 3.042300e+02 4.517400e+02 1
-2.664300e+00 4.710200e+00 -3.612100e-01 -5.126600e-01 156 49 1.095400e+01 2.140000e+00 3.124000e+02 4.509700e+02 1
-2.809100e+00 4.617400e+00 -3.570500e-01 -5.126600e-01 157 49 1.010800e+01 2.140000e+00 2.853200e+02 4.521000e+02 1
0 0 -1.500000e-01 -6.408200e-02 1 63 1.035200e+01 2.140000e+00 2167 -3.612800e+03 0
3.437800e-02 9.401000e-04 -1.500400e-01 -6.408200e-02 2 63 9.796700e+00 2.140000e+00 1.868200e+03 -3.602100e+03 0
6.875500e-01 6.336800e-01 -1.784100e-01 -6.408200e-02 29 63 1.012000e+01 2.140000e+00 1305 9.422000e+02 0
6.804600e-01 7.259000e-01 -1.825500e-01 -6.408200e-02 30 63 1.113100e+01 2.140000e+00 1208 8.609200e+02 0
6.793700e-01 7.963700e-01 -1.857100e-01 -6.408200e-02 31 63 1.123600e+01 2.140000e+00 1.155200e+03 8.133800e+02 0
6.851000e-01 8.363000e-01 -1.875000e-01 -6.408200e-02 32 63 1.066000e+01 2.140000e+00 1.135300e+03 7.905900e+02 0
0 0 -1.500000e-01 -3.204100e-02 1 64 1.560100e+01 2.140000e+00 2167 -3.612800e+03 0
-7.093800e-02 1.125000e-01 -1.550400e-01 -3.204100e-02 5 64 1.416200e+01 2.140000e+00 -3068 7.613800e+03 0
-1.585200e-01 1.860700e-01 -1.583400e-01 -3.204100e-02 8 64 1.327100e+01 2.140000e+00 -1.091500e+03 2.906600e+03 0
-1.986300e-01 1.932600e-01 -1.586700e-01 -3.204100e-02 9 64 1.264500e+01 2.140000e+00 -1.172900e+03 2.735600e+03 0
-2.480100e-01 1.849700e-01 -1.582900e-01 -3.204100e-02 10 64 1.262600e+01 2.140000e+00 -1.539600e+03 2.865400e+03 0
-2.619200e-01 2.211700e-01 -1.599200e-01 -3.204100e-02 11 64 1.205200e+01 2.140000e+00 -1.071400e+03 2.283300e+03 0
-2.881200e-01 2.333000e-01 -1.604600e-01 -3.204100e-02 12 64 1.174200e+01 2.140000e+00 -1.034100e+03 2.137400e+03 0
-3.077600e-01 2.788600e-01 -1.625000e-01 -3.204100e-02 13 64 1.108100e+01 2.140000e+00 -7.210500e+02 1.761800e+03 0
-1.184100e-01 4.124500e-01 -1.684900e-01 -3.204100e-02 15 64 1.034000e+01 2.140000e+00 1.560100e+02 1.252600e+03 0
3.536000e-01 3.661200e-01 -1.664200e-01 -3.204100e-02 28 64 1.194800e+01 2.140000e+00 1.106900e+03 1.446300e+03 0
6.799100e-01 6.407900e-01 -1.787300e-01 -3.204100e-02 29 64 1.359000e+01 2.140000e+00 1.287800e+03 9.347000e+02 0
6.725500e-01 7.395200e-01 -1.831600e-01 -3.204100e-02 30 64 1.450200e+01 2.140000e+00 1.189100e+03 8.507200e+02 0
6.711800e-01 8.042500e-01 -1.860600e-01 -3.204100e-02 31 64 1.467500e+01 2.140000e+00 1.142500e+03 8.084800e+02 0
6.766400e-01 8.299100e-01 -1.872100e-01 -3.204100e-02 32 64 1.416000e+01 2.140000e+00 1.131700e+03 7.939200e+02 0
6.722700e-01 8.665800e-01 -1.888600e-01 -3.204100e-02 33 64 1.274500e+01 2.140000e+00 1.107100e+03 7.745600e+02 0
6.392600e-01 9.580900e-01 -1.929600e-01 -3.204100e-02 34 64 1.033800e+01 2.140000e+00 1.038400e+03 7.331300e+02 0
-8.212400e-01 9.024200e-01 -1.904700e-01 -3.204100e-02 36 64 1.056700e+01 2.140000e+00 -4.322100e+01 7.334600e+02 0
-8.447100e-01 8.900000e-01 -1.899100e-01 -3.204100e-02 37 64 1.101000e+01 2.140000e+00 -7.103700e+01 7.381600e+02 0
-8.681700e-01 8.564900e-01 -1.884100e-01 -3.204100e-02 38 64 1.068000e+01 2.140000e+00 -1.202500e+02 7.521900e+02 0
