0 0 -1.500000e-01 0 1 65 1.671600e+01 2.440000e+00 2167 -3.612800e+03 0
-7.093800e-02 1.127800e-01 -1.557700e-01 0 5 65 1.519000e+01 2.440000e+00 -3.044500e+03 7.579400e+03 0
-1.604300e-01 1.843800e-01 -1.594300e-01 0 8 65 1.439200e+01 2.440000e+00 -1.127600e+03 2949 0
-2.008100e-01 1.927300e-01 -1.598600e-01 0 9 65 1.387600e+01 2.440000e+00 -1.191400e+03 2.750900e+03 0
-2.480100e-01 1.866100e-01 -1.595400e-01 0 10 65 1.368400e+01 2.440000e+00 -1.510200e+03 2.838800e+03 0
-2.646500e-01 2.167700e-01 -1.610800e-01 0 11 65 1.315500e+01 2.440000e+00 -1.133600e+03 2.343300e+03 0
-2.881200e-01 2.289800e-01 -1.617100e-01 0 12 65 1.268700e+01 2.440000e+00 -1080 2.189200e+03 0
-3.110400e-01 2.748700e-01 -1.640600e-01 0 13 65 1.195100e+01 2.440000e+00 -7.573000e+02 1.792500e+03 0
-3.085800e-01 3.113500e-01 -1.659200e-01 0 14 65 1.155500e+01 2.440000e+00 -5.377800e+02 1.586900e+03 0
-1.222300e-01 3.795700e-01 -1.694100e-01 0 15 65 1.122600e+01 2.440000e+00 9.117200e+01 1.348900e+03 0
-3.560500e-01 3.730600e-01 -1.690800e-01 0 16 65 1.112700e+01 2.440000e+00 -3.841900e+02 1.343700e+03 0
3.609700e-01 3.008500e-01 -1.653800e-01 0 28 65 1.314200e+01 2.440000e+00 1.254900e+03 1.774600e+03 0
6.722700e-01 6.446500e-01 -1.829600e-01 0 29 65 1.469000e+01 2.440000e+00 1.274700e+03 9.352800e+02 0
6.725500e-01 7.371500e-01 -1.876900e-01 0 30 65 1.565500e+01 2.440000e+00 1.191100e+03 857 0
6.793700e-01 7.975200e-01 -1.907800e-01 0 31 65 1.582300e+01 2.440000e+00 1.154600e+03 8.171900e+02 0
6.766400e-01 8.310600e-01 -1.925000e-01 0 32 65 1.528500e+01 2.440000e+00 1.131200e+03 7.977600e+02 0
6.810000e-01 8.670200e-01 -1.943300e-01 0 33 65 1.374000e+01 2.440000e+00 1.114400e+03 7.789500e+02 0
7.328400e-01 8.909000e-01 -1.955600e-01 0 35 65 1.122300e+01 2.440000e+00 1.144300e+03 7.682600e+02 0
-8.021400e-01 9.190800e-01 -1.970000e-01 0 36 65 1.185300e+01 2.440000e+00 -1.590300e+01 7.313100e+02 0
-8.250600e-01 9.126400e-01 -1.966700e-01 0 37 65 1.231500e+01 2.440000e+00 -3.736800e+01 7.334900e+02 0
-8.580800e-01 8.984700e-01 -1.959400e-01 0 38 65 1.200200e+01 2.440000e+00 -7.315800e+01 7.386400e+02 0
-8.916400e-01 9.215200e-01 -1.971200e-01 0 39 65 1.082100e+01 2.440000e+00 -7.633900e+01 7.290600e+02 0
0 0 -1.500000e-01 3.204100e-02 1 66 1.570100e+01 2.440000e+00 2167 -3.612800e+03 0
-7.093800e-02 1.134600e-01 -1.558000e-01 3.204100e-02 5 66 1.418100e+01 2.440000e+00 -2.983900e+03 7.463100e+03 0
-1.604300e-01 1.842100e-01 -1.594200e-01 3.204100e-02 8 66 1.336100e+01 2.440000e+00 -1.130300e+03 2.952700e+03 0
-2.008100e-01 1.933100e-01 -1.598800e-01 3.204100e-02 9 66 1.286700e+01 2.440000e+00 -1.182700e+03 2.740100e+03 0
-2.480100e-01 1.872500e-01 -1.595800e-01 3.204100e-02 10 66 1.268500e+01 2.440000e+00 -1.498600e+03 2.825900e+03 0
-2.646500e-01 2.173300e-01 -1.611100e-01 3.204100e-02 11 66 1.216500e+01 2.440000e+00 -1127 2.336300e+03 0
-2.911200e-01 2.245300e-01 -1.614800e-01 3.204100e-02 12 66 1.169300e+01 2.440000e+00 -1140 2238 0
-3.110400e-01 2.738800e-01 -1.640000e-01 3.204100e-02 13 66 1.100800e+01 2.440000e+00 -7.641800e+02 1.799100e+03 0
-3.050300e-01 3.118900e-01 -1.659500e-01 3.204100e-02 14 66 1.075800e+01 2.440000e+00 -5.266300e+02 1.584900e+03 0
-1.222300e-01 3.757800e-01 -1.692200e-01 3.204100e-02 15 66 1.025300e+01 2.440000e+00 8.370300e+01 1.360700e+03 0
3.609700e-01 3.071200e-01 -1.657000e-01 3.204100e-02 28 66 1.214600e+01 2.440000e+00 1239 1.735500e+03 0
6.722700e-01 6.428400e-01 -1.828700e-01 3.204100e-02 29 66 1.370200e+01 2.440000e+00 1.276600e+03 9.370800e+02 0
6.725500e-01 7.366400e-01 -1.876700e-01 3.204100e-02 30 66 1.467600e+01 2.440000e+00 1.191500e+03 8.573700e+02 0
6.711800e-01 8.044500e-01 -1.911300e-01 3.204100e-02 31 66 1.485300e+01 2.440000e+00 1.142600e+03 8.128600e+02 0
6.766400e-01 8.319500e-01 -1.925400e-01 3.204100e-02 32 66 1.432700e+01 2.440000e+00 1.130600e+03 7.972700e+02 0
6.810000e-01 8.660300e-01 -1.942800e-01 3.204100e-02 33 66 1.281900e+01 2.440000e+00 1115 7.794500e+02 0
7.142900e-01 9.354000e-01 -1.978300e-01 3.204100e-02 35 66 1.019800e+01 2.440000e+00 1.105900e+03 7.480100e+02 0
-8.212400e-01 8.988400e-01 -1.959600e-01 3.204100e-02 36 66 1.094600e+01 2.440000e+00 -4.646100e+01 7.390600e+02 0
-8.348900e-01 9.061100e-01 -1.963300e-01 3.204100e-02 37 66 1.131700e+01 2.440000e+00 -4.989600e+01 7.359200e+02 0
-8.782700e-01 9.032200e-01 -1.961900e-01 3.204100e-02 38 66 1.098400e+01 2.440000e+00 -8.326200e+01 7.364200e+02 0
-8.445400e+00 1.121400e+01 -7.234400e-01 -6.087800e-01 403 46 1.037700e+01 2.440000e+00 2.143000e+02 4.177900e+02 0
-8.356500e+00 1.132000e+01 -7.288600e-01 -6.087800e-01 404 46 1.071700e+01 2.440000e+00 2.234900e+02 4.175900e+02 0
-8.487500e+00 1.124600e+01 -7.250500e-01 -6.087800e-01 405 46 1.060900e+01 2.440000e+00 2.133500e+02 4.177200e+02 0
-8.335800e+00 1.119100e+01 1.544400e+00 -5.767400e-01 403 47 1.024200e+01 2.440000e+00 2.214500e+02 2.970100e+02 0
-8.356500e+00 1.130900e+01 -7.282600e-01 -5.767400e-01 404 47 1.069300e+01 2.440000e+00 2.230200e+02 4.176100e+02 0
-8.377200e+00 1.134800e+01 -7.302900e-01 -5.767400e-01 405 47 1.062700e+01 2.440000e+00 2.235200e+02 4.175200e+02 0
5.618300e+00 4.005500e+00 -3.548200e-01 -4.165300e-01 199 52 1.028700e+01 2.440000e+00 1.618900e+03 4.744400e+02 0
5.374900e+00 4.268200e+00 -3.682500e-01 -3.844900e-01 198 53 1.028400e+01 2.440000e+00 1.517900e+03 4.688500e+02 0
5.564300e+00 4.083400e+00 -3.588000e-01 -3.844900e-01 199 53 1.050700e+01 2.440000e+00 1.590600e+03 4.727200e+02 0
0 0 -1.500000e-01 -6.408200e-02 1 63 1.023400e+01 2.440000e+00 2167 -3.612800e+03 0
6.875500e-01 6.504400e-01 -1.832600e-01 -6.408200e-02 31 63 9.760600e+00 2.440000e+00 1.286700e+03 9.301600e+02 0
7.189300e-01 6.967600e-01 -1.856300e-01 -6.408200e-02 32 63 1.002800e+01 2.440000e+00 1.275200e+03 8.896200e+02 0
7.333900e-01 7.613300e-01 -1.889300e-01 -6.408200e-02 33 63 9.804200e+00 2.440000e+00 1.232900e+03 8.416300e+02 0
0 0 -1.500000e-01 -3.204100e-02 1 64 1.570400e+01 2.440000e+00 2167 -3.612800e+03 0
-7.093800e-02 1.119300e-01 -1.557200e-01 -3.204100e-02 5 64 1.417300e+01 2.440000e+00 -3.123600e+03 7.731600e+03 0
-1.585200e-01 1.860900e-01 -1.595200e-01 -3.204100e-02 8 64 1.339400e+01 2.440000e+00 -1.091800e+03 2.913300e+03 0
-1.986300e-01 1.948100e-01 -1.599600e-01 -3.204100e-02 9 64 1.284300e+01 2.440000e+00 -1.150900e+03 2.713900e+03 0
-2.480100e-01 1.860400e-01 -1.595100e-01 -3.204100e-02 10 64 1.264600e+01 2.440000e+00 -1.520700e+03 2.850500e+03 0
-2.619200e-01 2.197400e-01 -1.612400e-01 -3.204100e-02 11 64 1.208300e+01 2.440000e+00 -1.088300e+03 2307 0
-2.911200e-01 2.215900e-01 -1.613300e-01 -3.204100e-02 12 64 1.162800e+01 2.440000e+00 -1.174200e+03 2.272300e+03 0
-3.143100e-01 2.709500e-01 -1.638500e-01 -3.204100e-02 13 64 1.088200e+01 2.440000e+00 -7.940100e+02 1.818200e+03 0
-3.156700e-01 3.128700e-01 -1.660000e-01 -3.204100e-02 14 64 1.051700e+01 2.440000e+00 -5.471800e+02 1.578400e+03 0
-1.260500e-01 1.035400e-01 -1.552900e-01 -3.204100e-02 15 64 1.026600e+01 2.440000e+00 -4.899300e+03 9.150300e+03 0
3.609700e-01 3.176400e-01 -1.662400e-01 -3.204100e-02 28 64 1.214900e+01 2.440000e+00 1.214200e+03 1.674500e+03 0
6.799100e-01 6.393400e-01 -1.826900e-01 -3.204100e-02 29 64 1.366900e+01 2.440000e+00 1.289600e+03 9.408700e+02 0
6.725500e-01 7.358700e-01 -1.876300e-01 -3.204100e-02 30 64 1.462000e+01 2.440000e+00 1.192100e+03 8.579300e+02 0
6.793700e-01 7.975700e-01 -1.907800e-01 -3.204100e-02 31 64 1.477400e+01 2.440000e+00 1.154600e+03 8.171600e+02 0
6.851000e-01 8.250600e-01 -1.921900e-01 -3.204100e-02 32 64 1.422000e+01 2.440000e+00 1.142300e+03 8.012700e+02 0
6.810000e-01 8.703300e-01 -1.945000e-01 -3.204100e-02 33 64 1.258900e+01 2.440000e+00 1.112600e+03 7.773000e+02 0
7.514000e-01 8.533400e-01 -1.936300e-01 -3.204100e-02 35 64 1.033500e+01 2.440000e+00 1.182700e+03 7.873000e+02 0
-8.021400e-01 9.219000e-01 -1.971400e-01 -3.204100e-02 36 64 1.079600e+01 2.440000e+00 -1.361200e+01 7.302200e+02 0
-8.152400e-01 9.260900e-01 -1.973500e-01 -3.204100e-02 37 64 1.129500e+01 2.440000e+00 -1.935800e+01 7.284300e+02 0
-8.479800e-01 8.909900e-01 -1.955600e-01 -3.204100e-02 38 64 1.096400e+01 2.440000e+00 -7.265800e+01 7.418600e+02 0
