0 0 -1.500000e-01 0 1 65 1.670900e+01 3.670000e+00 2167 -3.612800e+03 0
-7.093800e-02 1.130400e-01 -1.587000e-01 0 5 65 1.518700e+01 3.670000e+00 -3.032200e+03 7.600300e+03 0
-1.585200e-01 1.859900e-01 -1.643200e-01 0 8 65 1.438800e+01 3.670000e+00 -1.096200e+03 2945 0
-2.008100e-01 1.926200e-01 -1.648300e-01 0 9 65 1.386800e+01 3.670000e+00 -1.195900e+03 2.781400e+03 0
-2.480100e-01 1.861800e-01 -1.643300e-01 0 10 65 1.368000e+01 3.670000e+00 -1.521500e+03 2.876200e+03 0
-2.619200e-01 2.215500e-01 -1.670500e-01 0 11 65 1.317500e+01 3.670000e+00 -1.070100e+03 2.310200e+03 0
-2.881200e-01 2.314100e-01 -1.678100e-01 0 12 65 1.269200e+01 3.670000e+00 -1.056600e+03 2.187800e+03 0
-3.077600e-01 2.799200e-01 -1.715500e-01 0 13 65 1.190000e+01 3.670000e+00 -7.162400e+02 1783 0
-3.121300e-01 3.015300e-01 -1.732100e-01 0 14 65 1.141700e+01 3.670000e+00 -5.989900e+02 1.657300e+03 0
-1.222300e-01 3.758400e-01 -1.789300e-01 0 15 65 1.125600e+01 3.670000e+00 8.329500e+01 1.381300e+03 0
3.609700e-01 3.224100e-01 -1.748200e-01 0 28 65 1.311000e+01 3.670000e+00 1.204800e+03 1.672100e+03 0
6.799100e-01 6.383200e-01 -1.991300e-01 0 29 65 1.466900e+01 3.670000e+00 1.291800e+03 9.612600e+02 0
6.725500e-01 7.362800e-01 -2.066700e-01 0 30 65 1.560200e+01 3.670000e+00 1.192700e+03 8.764200e+02 0
6.711800e-01 8.044700e-01 -2.119200e-01 0 31 65 1.576600e+01 3.670000e+00 1.143400e+03 8.313500e+02 0
6.766400e-01 8.324100e-01 -2.140700e-01 0 32 65 1.525000e+01 3.670000e+00 1.131200e+03 8.154300e+02 0
6.810000e-01 8.682600e-01 -2.168300e-01 0 33 65 1.378500e+01 3.670000e+00 1.114600e+03 7.966200e+02 0
7.328400e-01 9.199200e-01 -2.208100e-01 0 35 65 1.110500e+01 3.670000e+00 1.129200e+03 7.731800e+02 0
-8.116900e-01 9.059800e-01 -2.197300e-01 0 36 65 1.174200e+01 3.670000e+00 -3.411900e+01 7.534100e+02 0
-8.348900e-01 9.060800e-01 -2.197400e-01 0 37 65 1.210600e+01 3.670000e+00 -5.053400e+01 753 0
-8.580800e-01 9.103900e-01 -2.200700e-01 0 38 65 1.169900e+01 3.670000e+00 -6.322000e+01 7.509200e+02 0
-8.916400e-01 9.261100e-01 -2.212800e-01 0 39 65 1.021400e+01 3.670000e+00 -7.296600e+01 7.443100e+02 0
0 0 -1.500000e-01 3.204100e-02 1 66 1.568600e+01 3.670000e+00 2167 -3.612800e+03 0
-7.093800e-02 1.135100e-01 -1.587400e-01 3.204100e-02 5 66 1.417300e+01 3.670000e+00 -2.990100e+03 7.519200e+03 0
-1.585200e-01 1.858600e-01 -1.643100e-01 3.204100e-02 8 66 1.344100e+01 3.670000e+00 -1098 2.947700e+03 0
-2.008100e-01 1.930400e-01 -1.648600e-01 3.204100e-02 9 66 1.288000e+01 3.670000e+00 -1.189600e+03 2.773400e+03 0
-2.480100e-01 1.867600e-01 -1.643700e-01 3.204100e-02 10 66 1.267700e+01 3.670000e+00 -1.510900e+03 2.864400e+03 0
-2.646500e-01 2.177600e-01 -1.667600e-01 3.204100e-02 11 66 1.219000e+01 3.670000e+00 -1.124300e+03 2.356300e+03 0
-2.881200e-01 2.329100e-01 -1.679300e-01 3.204100e-02 12 66 1.170100e+01 3.670000e+00 -1041 2.171900e+03 0
-3.110400e-01 2.778000e-01 -1.713800e-01 3.204100e-02 13 66 1.091000e+01 3.670000e+00 -7.392200e+02 1.795900e+03 0
-3.085800e-01 2.991200e-01 -1.730200e-01 3.204100e-02 14 66 1.041600e+01 3.670000e+00 -6.032700e+02 1.670700e+03 0
3.536000e-01 3.559100e-01 -1.773900e-01 3.204100e-02 28 66 1.206300e+01 3.670000e+00 1.123600e+03 1.514200e+03 0
6.799100e-01 6.321500e-01 -1.986600e-01 3.204100e-02 29 66 1.365100e+01 3.670000e+00 1.298700e+03 9.676300e+02 0
6.725500e-01 7.334800e-01 -2.064600e-01 3.204100e-02 30 66 1.459300e+01 3.670000e+00 1.194900e+03 8.784800e+02 0
6.711800e-01 8.044500e-01 -2.119200e-01 3.204100e-02 31 66 1.477200e+01 3.670000e+00 1.143400e+03 8.313600e+02 0
6.766400e-01 8.339700e-01 -2.141900e-01 3.204100e-02 32 66 1.430100e+01 3.670000e+00 1.130300e+03 8.145700e+02 0
6.810000e-01 8.658200e-01 -2.166400e-01 3.204100e-02 33 66 1.298800e+01 3.670000e+00 1.115900e+03 7.978500e+02 0
6.392600e-01 8.296400e-01 -2.138600e-01 3.204100e-02 34 66 1.061800e+01 3.670000e+00 1.099700e+03 8.161600e+02 0
8.163300e-01 8.616800e-01 -2.163200e-01 3.204100e-02 35 66 1.011600e+01 3.670000e+00 1234 8.026600e+02 0
-8.498900e-01 8.728000e-01 -2.171800e-01 3.204100e-02 36 66 1.069000e+01 3.670000e+00 -9.158000e+01 7.666000e+02 0
-8.643500e-01 8.788500e-01 -2.176400e-01 3.204100e-02 37 66 1.109800e+01 3.670000e+00 -9.646000e+01 7.637600e+02 0
-8.782700e-01 8.939800e-01 -2.188100e-01 3.204100e-02 38 66 1.072100e+01 3.670000e+00 -9.236900e+01 7.572100e+02 0
0 0 -1.500000e-01 6.408200e-02 1 67 9.969600e+00 3.670000e+00 2167 -3.612800e+03 0
-3.355900e-02 9.367400e-03 -1.507200e-01 6.408200e-02 2 67 9.893900e+00 3.670000e+00 2.746400e+03 -4.275800e+03 0
6.548100e-01 8.072100e-01 -2.121300e-01 6.408200e-02 31 67 9.830700e+00 3.670000e+00 1.126700e+03 8.293500e+02 0
6.681800e-01 8.350100e-01 -2.142700e-01 6.408200e-02 32 67 1.047700e+01 3.670000e+00 1.122200e+03 8.138100e+02 0
6.810000e-01 8.274400e-01 -2.136900e-01 6.408200e-02 33 67 1.046700e+01 3.670000e+00 1138 8.182800e+02 0
1.299800e+00 1.378500e+01 -1.211000e+00 -8.651100e-01 398 38 1.083600e+01 3.670000e+00 7.466200e+02 4.308000e+02 1
1.411700e+00 1.382600e+01 -1.214200e+00 -8.651100e-01 399 38 1.109100e+01 3.670000e+00 7.516700e+02 4.307600e+02 1
1.415200e+00 1.384100e+01 -1.215300e+00 -8.651100e-01 400 38 1.075200e+01 3.670000e+00 7.517700e+02 4.307300e+02 1
1.309600e+00 1.390300e+01 -1.220100e+00 -8.651100e-01 401 38 1.080900e+01 3.670000e+00 7.466200e+02 4.306100e+02 1
9.846700e-01 1.391600e+01 -1.221100e+00 -8.651100e-01 402 38 1.022100e+01 3.670000e+00 7.315600e+02 4.305300e+02 1
9.748500e-01 1.379800e+01 -1.212000e+00 -8.330700e-01 398 39 1.036000e+01 3.670000e+00 7.314200e+02 4.307100e+02 1
1.194500e+00 1.382700e+01 -1.214200e+00 -8.330700e-01 399 39 1.070900e+01 3.670000e+00 7.415600e+02 4.307100e+02 1
1.415200e+00 1.386200e+01 -1.216900e+00 -8.330700e-01 400 39 1.043900e+01 3.670000e+00 7.516900e+02 4.307000e+02 1
1.527900e+00 1.387500e+01 -1.217900e+00 -8.330700e-01 401 39 1.033400e+01 3.670000e+00 7.568600e+02 4.307000e+02 1
0 0 -1.500000e-01 -9.612300e-02 1 62 1.061600e+01 3.670000e+00 2167 -3.612800e+03 0
0 0 -1.500000e-01 -3.204100e-02 1 64 1.570600e+01 3.670000e+00 2167 -3.612800e+03 0
-7.093800e-02 1.126900e-01 -1.586700e-01 -3.204100e-02 5 64 1.416200e+01 3.670000e+00 -3.063700e+03 7.661100e+03 0
-1.585200e-01 1.860400e-01 -1.643200e-01 -3.204100e-02 8 64 1.329400e+01 3.670000e+00 -1.095300e+03 2.943800e+03 0
-2.008100e-01 1.923000e-01 -1.648000e-01 -3.204100e-02 9 64 1.282000e+01 3.670000e+00 -1.200700e+03 2.787400e+03 0
-2.480100e-01 1.850200e-01 -1.642400e-01 -3.204100e-02 10 64 1.263100e+01 3.670000e+00 -1543 2.900200e+03 0
-2.619200e-01 2.208300e-01 -1.670000e-01 -3.204100e-02 11 64 1.211300e+01 3.670000e+00 -1.078400e+03 2.319100e+03 0
-2.881200e-01 2.305100e-01 -1.677400e-01 -3.204100e-02 12 64 1.164800e+01 3.670000e+00 -1.066100e+03 2.197400e+03 0
-3.044900e-01 2.815700e-01 -1.716700e-01 -3.204100e-02 13 64 1.086900e+01 3.670000e+00 -6.967200e+02 1.773300e+03 0
-1.260500e-01 3.907300e-01 -1.800700e-01 -3.204100e-02 15 64 1.046300e+01 3.670000e+00 1.043000e+02 1.335800e+03 0
3.683300e-01 2.539600e-01 -1.695500e-01 -3.204100e-02 28 64 1.210400e+01 3.670000e+00 1.442200e+03 2190 0
6.799100e-01 6.427000e-01 -1.994700e-01 -3.204100e-02 29 64 1.364600e+01 3.670000e+00 1287 9.568200e+02 0
6.725500e-01 7.381200e-01 -2.068100e-01 -3.204100e-02 30 64 1.457800e+01 3.670000e+00 1.191300e+03 8.750800e+02 0
6.793700e-01 7.975100e-01 -2.113800e-01 -3.204100e-02 31 64 1.473900e+01 3.670000e+00 1.155500e+03 8.357300e+02 0
6.766400e-01 8.310700e-01 -2.139700e-01 -3.204100e-02 32 64 1.421600e+01 3.670000e+00 1132 8.161600e+02 0
6.810000e-01 8.689000e-01 -2.168800e-01 -3.204100e-02 33 64 1.273800e+01 3.670000e+00 1.114200e+03 7.962900e+02 0
7.142900e-01 9.126100e-01 -2.202400e-01 -3.204100e-02 35 64 1.019200e+01 3.670000e+00 1.118200e+03 7.761200e+02 0
-8.021400e-01 9.129300e-01 -2.202700e-01 -3.204100e-02 36 64 1.059900e+01 3.670000e+00 -2.152300e+01 7.507900e+02 0
-8.348900e-01 9.046800e-01 -2.196300e-01 -3.204100e-02 37 64 1.102800e+01 3.670000e+00 -5.175300e+01 7.535700e+02 0
-8.580800e-01 9.076700e-01 -2.198600e-01 -3.204100e-02 38 64 1.063900e+01 3.670000e+00 -6.560200e+01 752 0
