0 0 -1.500000e-01 0 1 65 1.673500e+01 1.170000e+00 2167 -3.612800e+03 0
-7.093800e-02 1.129700e-01 -1.527700e-01 0 5 65 1.517500e+01 1.170000e+00 -3.016900e+03 7.480900e+03 0
-1.585200e-01 1.859000e-01 -1.545600e-01 0 8 65 1.432500e+01 1.170000e+00 -1.091900e+03 2.887100e+03 0
-2.008100e-01 1.932700e-01 -1.547400e-01 0 9 65 1.387400e+01 1.170000e+00 -1.180500e+03 2.711900e+03 0
-2.480100e-01 1.871900e-01 -1.545900e-01 0 10 65 1.366600e+01 1.170000e+00 -1.496300e+03 2.797900e+03 0
-2.619200e-01 2.228000e-01 -1.554600e-01 0 11 65 1.308300e+01 1.170000e+00 -1.051300e+03 2.243900e+03 0
-2.851200e-01 2.371800e-01 -1.558100e-01 0 12 65 1.266200e+01 1.170000e+00 -9.834900e+02 2080 0
-3.044900e-01 2.826000e-01 -1.569300e-01 0 13 65 1.189500e+01 1.170000e+00 -6.868000e+02 1.721600e+03 0
-3.050300e-01 3.122600e-01 -1.576500e-01 0 14 65 1.146200e+01 1.170000e+00 -5.233700e+02 1561 0
-1.222300e-01 3.741000e-01 -1.591700e-01 0 15 65 1.122400e+01 1.170000e+00 8.089500e+01 1.344700e+03 0
3.536000e-01 3.634700e-01 -1.589100e-01 0 28 65 1.308000e+01 1.170000e+00 1.110100e+03 1.438900e+03 0
6.799100e-01 6.351300e-01 -1.655700e-01 0 29 65 1.461700e+01 1.170000e+00 1.293200e+03 9.252300e+02 0
6.725500e-01 7.338400e-01 -1.679800e-01 0 30 65 1.551800e+01 1.170000e+00 1.192800e+03 8.400700e+02 0
6.711800e-01 8.044100e-01 -1.697100e-01 0 31 65 1.563500e+01 1.170000e+00 1.141800e+03 7.938600e+02 0
6.766400e-01 8.347400e-01 -1.704600e-01 0 32 65 1.504300e+01 1.170000e+00 1.128200e+03 7.768300e+02 0
6.722700e-01 8.780900e-01 -1.715200e-01 0 33 65 1.339000e+01 1.170000e+00 1.100400e+03 7.545600e+02 0
7.514000e-01 8.829600e-01 -1.716400e-01 0 35 65 1.146000e+01 1.170000e+00 1.163400e+03 7.535900e+02 0
-8.212400e-01 9.016500e-01 -1.721000e-01 0 36 65 1.182000e+01 1.170000e+00 -4.340400e+01 7.203600e+02 0
-8.348900e-01 9.120400e-01 -1.723500e-01 0 37 65 1.202700e+01 1.170000e+00 -4.417500e+01 7.160400e+02 0
-8.580800e-01 9.215000e-01 -1.725800e-01 0 38 65 1.146100e+01 1.170000e+00 -5.236500e+01 7.120500e+02 0
0 0 -1.500000e-01 3.204100e-02 1 66 1.573000e+01 1.170000e+00 2167 -3.612800e+03 0
-7.093800e-02 1.132200e-01 -1.527700e-01 3.204100e-02 5 66 1.415700e+01 1.170000e+00 -2.994800e+03 7.438500e+03 0
-1.604300e-01 1.841300e-01 -1.545100e-01 3.204100e-02 8 66 1.332200e+01 1.170000e+00 -1.128700e+03 2.924100e+03 0
-2.008100e-01 1.936700e-01 -1.547500e-01 3.204100e-02 9 66 1.287100e+01 1.170000e+00 -1.174500e+03 2.704400e+03 0
-2.480100e-01 1.885300e-01 -1.546200e-01 3.204100e-02 10 66 1.270500e+01 1.170000e+00 -1.472400e+03 2.771500e+03 0
-2.619200e-01 2.240600e-01 -1.554900e-01 3.204100e-02 11 66 1.215700e+01 1.170000e+00 -1.037500e+03 2.229200e+03 0
-2.851200e-01 2.381100e-01 -1.558400e-01 3.204100e-02 12 66 1.167100e+01 1.170000e+00 -9.745800e+02 2071 0
-3.012100e-01 2.849600e-01 -1.569800e-01 3.204100e-02 13 66 1.087900e+01 1.170000e+00 -6.633400e+02 1.707900e+03 0
-3.014900e-01 3.112800e-01 -1.576300e-01 3.204100e-02 14 66 1.041400e+01 1.170000e+00 -5.196900e+02 1.566300e+03 0
3.536000e-01 4.127100e-01 -1.601100e-01 3.204100e-02 28 66 1.198100e+01 1.170000e+00 1.047400e+03 1279 0
6.722700e-01 6.354000e-01 -1.655700e-01 3.204100e-02 29 66 1.357500e+01 1.170000e+00 1.283600e+03 9.246800e+02 0
6.725500e-01 7.316900e-01 -1.679300e-01 3.204100e-02 30 66 1.448300e+01 1.170000e+00 1.194500e+03 8.416400e+02 0
6.711800e-01 8.043400e-01 -1.697100e-01 3.204100e-02 31 66 1.460600e+01 1.170000e+00 1.141800e+03 7.939000e+02 0
6.766400e-01 8.350000e-01 -1.704600e-01 3.204100e-02 32 66 1.402200e+01 1.170000e+00 1128 7.766900e+02 0
6.635400e-01 8.834500e-01 -1.716500e-01 3.204100e-02 33 66 1.239900e+01 1.170000e+00 1.090500e+03 7.518400e+02 0
7.699500e-01 8.811300e-01 -1.715900e-01 3.204100e-02 35 66 1.015500e+01 1.170000e+00 1.179900e+03 7.548000e+02 0
-8.212400e-01 9.043900e-01 -1.721600e-01 3.204100e-02 36 66 1.088500e+01 1.170000e+00 -4.105000e+01 7.192600e+02 0
-8.447100e-01 9.058200e-01 -1.722000e-01 3.204100e-02 37 66 1.112100e+01 1.170000e+00 -5.648000e+01 7.183500e+02 0
-8.681700e-01 9.138700e-01 -1.724000e-01 3.204100e-02 38 66 1.061500e+01 1.170000e+00 -6.599800e+01 7.148500e+02 0
0 0 -1.500000e-01 6.408200e-02 1 67 1.017800e+01 1.170000e+00 2167 -3.612800e+03 0
2.728400e-03 3.481600e-02 -1.508500e-01 6.408200e-02 2 67 9.948300e+00 1.170000e+00 3.429900e+03 -7152 0
6.804600e-01 7.484500e-01 -1.683400e-01 6.408200e-02 30 67 9.608200e+00 1.170000e+00 1.189500e+03 8.298800e+02 0
6.711800e-01 8.044300e-01 -1.697100e-01 6.408200e-02 31 67 9.964500e+00 1.170000e+00 1.141800e+03 7.938500e+02 0
2.128100e-01 2.715000e+00 -2.165400e-01 -2.242900e-01 79 58 9.982600e+00 1.170000e+00 7.035700e+02 4.886900e+02 0
2.401000e+00 9.259100e+00 -3.769200e-01 -2.242900e-01 276 58 1.071500e+01 1.170000e+00 8.490900e+02 4.093600e+02 1
2.409700e+00 9.312300e+00 -3.782300e-01 -2.242900e-01 277 58 1.166100e+01 1.170000e+00 8.487900e+02 4.091700e+02 1
2.418400e+00 9.357000e+00 -3.793200e-01 -2.242900e-01 278 58 1.194600e+01 1.170000e+00 8.486500e+02 4.090100e+02 1
2.427200e+00 9.400000e+00 -3.803700e-01 -2.242900e-01 279 58 1.146600e+01 1.170000e+00 8.485300e+02 4.088700e+02 1
2.512000e+00 9.349000e+00 -3.791200e-01 -2.242900e-01 280 58 1.001500e+01 1.170000e+00 8.553000e+02 4.090600e+02 1
2.325900e+00 9.313600e+00 -3.782600e-01 -1.922500e-01 276 59 1.118400e+01 1.170000e+00 8.429200e+02 4.091500e+02 1
2.409700e+00 9.323700e+00 -3.785000e-01 -1.922500e-01 277 59 1.208700e+01 1.170000e+00 8.486000e+02 4.091300e+02 1
2.418400e+00 9.359700e+00 -3.793900e-01 -1.922500e-01 278 59 1.236500e+01 1.170000e+00 8.486000e+02 409 1
2.427200e+00 9.398700e+00 -3.803400e-01 -1.922500e-01 279 59 1.188500e+01 1.170000e+00 8.485500e+02 4.088700e+02 1
2.512000e+00 9.393100e+00 -3.802000e-01 -1.922500e-01 280 59 1.029100e+01 1.170000e+00 8.545300e+02 4.089100e+02 1
-6.192100e+00 6.063700e+00 2.048700e+00 -1.602100e-01 256 60 1.055300e+01 1.170000e+00 4.847700e+01 1.950300e+02 0
-6.356000e+00 6.077600e+00 1.610400e+00 -1.602100e-01 257 60 1.100800e+01 1.170000e+00 3.265900e+01 2.374700e+02 0
-6.380900e+00 6.077900e+00 1.702900e+00 -1.602100e-01 258 60 1.039300e+01 1.170000e+00 3.055000e+01 2.286200e+02 0
2.259100e+00 9.364200e+00 -3.795000e-01 -1.602100e-01 277 60 1.051700e+01 1.170000e+00 8.374500e+02 4.089500e+02 1
2.342900e+00 9.374100e+00 -3.797400e-01 -1.602100e-01 278 60 1.076900e+01 1.170000e+00 8.431100e+02 4.089400e+02 1
2.351300e+00 9.404200e+00 -3.804800e-01 -1.602100e-01 279 60 1.035400e+01 1.170000e+00 8.432100e+02 4.088300e+02 1
0 0 -1.500000e-01 -1.281600e-01 1 61 9.548300e+00 1.170000e+00 2167 -3.612800e+03 0
7.162000e-01 9.076000e-01 -1.722400e-01 -1.281600e-01 36 61 9.636000e+00 1.170000e+00 1.120800e+03 7.415400e+02 0
-6.261600e+00 6.162500e+00 -3.010300e-01 -1.281600e-01 256 61 1.071800e+01 1.170000e+00 4.500100e+01 4.225400e+02 0
-6.425900e+00 6.082500e+00 -2.990700e-01 -1.281600e-01 257 61 1.138300e+01 1.170000e+00 2.047700e+01 4.230600e+02 0
-6.451000e+00 6.042000e+00 1.560500e+00 -1.281600e-01 258 61 1.075800e+01 1.170000e+00 1.945100e+01 2.416300e+02 0
0 0 -1.500000e-01 -3.204100e-02 1 64 1.572500e+01 1.170000e+00 2167 -3.612800e+03 0
-7.093800e-02 1.128100e-01 -1.527600e-01 -3.204100e-02 5 64 1.414700e+01 1.170000e+00 -3.031600e+03 7509 0
-1.585200e-01 1.859700e-01 -1.545600e-01 -3.204100e-02 8 64 1.325700e+01 1.170000e+00 -1.090800e+03 2.885500e+03 0
-1.986300e-01 1.955000e-01 -1.547900e-01 -3.204100e-02 9 64 1.285100e+01 1.170000e+00 -1.138200e+03 2.672600e+03 0
-2.480100e-01 1.862900e-01 -1.545700e-01 -3.204100e-02 10 64 1.261000e+01 1.170000e+00 -1.512500e+03 2.815900e+03 0
-2.592000e-01 2.263800e-01 -1.555500e-01 -3.204100e-02 11 64 1.196400e+01 1.170000e+00 -1.002800e+03 2.203500e+03 0
-2.851200e-01 2.377800e-01 -1.558300e-01 -3.204100e-02 12 64 1.159400e+01 1.170000e+00 -9.776900e+02 2.074100e+03 0
-3.012100e-01 2.868500e-01 -1.570300e-01 -3.204100e-02 13 64 1.072900e+01 1.170000e+00 -6.518500e+02 1.696600e+03 0
-3.227700e-01 3.013300e-01 -1.573900e-01 -3.204100e-02 14 64 1.051300e+01 1.170000e+00 -6.234300e+02 1.612300e+03 0
3.536000e-01 3.240300e-01 -1.579400e-01 -3.204100e-02 28 64 1.212900e+01 1.170000e+00 1179 1.614700e+03 0
6.799100e-01 6.397700e-01 -1.656800e-01 -3.204100e-02 29 64 1.363200e+01 1.170000e+00 1.288100e+03 9.205400e+02 0
6.804600e-01 7.277600e-01 -1.678400e-01 -3.204100e-02 30 64 1.451600e+01 1.170000e+00 1.205800e+03 8.447400e+02 0
6.793700e-01 7.975300e-01 -1.695500e-01 -3.204100e-02 31 64 1.462300e+01 1.170000e+00 1.153800e+03 7.981300e+02 0
6.766400e-01 8.341300e-01 -1.704400e-01 -3.204100e-02 32 64 1.401600e+01 1.170000e+00 1.128500e+03 7.771600e+02 0
6.722700e-01 8.773300e-01 -1.715000e-01 -3.204100e-02 33 64 1.230300e+01 1.170000e+00 1.100800e+03 7.549300e+02 0
7.421200e-01 8.928500e-01 -1.718800e-01 -3.204100e-02 35 64 1.062500e+01 1.170000e+00 1.149900e+03 7.487400e+02 0
-8.212400e-01 8.890800e-01 -1.717900e-01 -3.204100e-02 36 64 1.067900e+01 1.170000e+00 -5.439800e+01 7.254800e+02 0
-8.348900e-01 8.982100e-01 -1.720100e-01 -3.204100e-02 37 64 1.077500e+01 1.170000e+00 -5.615100e+01 7.215400e+02 0
-8.479800e-01 9.303600e-01 -1.728000e-01 -3.204100e-02 38 64 1.016700e+01 1.170000e+00 -3.793700e+01 7.088300e+02 0
