0 0 -1.500000e-01 0 1 65 1.667600e+01 3.970000e+00 2167 -3.612800e+03 0
-7.093800e-02 1.128100e-01 -1.594000e-01 0 5 65 1.521000e+01 3.970000e+00 -3.054900e+03 7655 0
-1.585200e-01 1.858900e-01 -1.654800e-01 0 8 65 1.432700e+01 3.970000e+00 -1.098300e+03 2.954300e+03 0
-1.986300e-01 1.954600e-01 -1.662800e-01 0 9 65 1.388800e+01 3.970000e+00 -1.144800e+03 2.736900e+03 0
-2.480100e-01 1.866500e-01 -1.655400e-01 0 10 65 1.369400e+01 3.970000e+00 -1.513700e+03 2.873600e+03 0
-2.619200e-01 2.219700e-01 -1.684900e-01 0 11 65 1.316500e+01 3.970000e+00 -1.066100e+03 2.311400e+03 0
-2.881200e-01 2.326500e-01 -1.693800e-01 0 12 65 1.272100e+01 3.970000e+00 -1.044200e+03 2.180700e+03 0
-3.077600e-01 2.792200e-01 -1.732500e-01 0 13 65 1.194200e+01 3.970000e+00 -7.212500e+02 1793 0
-3.085800e-01 3.078100e-01 -1.756400e-01 0 14 65 1.142600e+01 3.970000e+00 -5.574200e+02 1.631100e+03 0
-1.260500e-01 3.053300e-01 -1.754300e-01 0 15 65 1.129100e+01 3.970000e+00 -1.097500e+02 1.677300e+03 0
3.609700e-01 3.290000e-01 -1.774000e-01 0 28 65 1.309200e+01 3.970000e+00 1.191200e+03 1.643500e+03 0
6.799100e-01 6.402500e-01 -2.033200e-01 0 29 65 1.467300e+01 3.970000e+00 1.289900e+03 9.640300e+02 0
6.725500e-01 7.389000e-01 -2.115400e-01 0 30 65 1.563200e+01 3.970000e+00 1.190900e+03 8.791100e+02 0
6.711800e-01 8.043200e-01 -2.169800e-01 0 31 65 1.580700e+01 3.970000e+00 1.143700e+03 8.359700e+02 0
6.766400e-01 8.306700e-01 -2.191800e-01 0 32 65 1.527400e+01 3.970000e+00 1.132400e+03 8.208900e+02 0
6.810000e-01 8.694500e-01 -2.224100e-01 0 33 65 1.372600e+01 3.970000e+00 1.114100e+03 8.004900e+02 0
-3.691500e-01 1.091100e+00 -2.408700e-01 0 34 65 1.084700e+01 3.970000e+00 3.598800e+02 7.014900e+02 0
7.421200e-01 7.988000e-01 -2.165300e-01 0 35 65 1.112800e+01 3.970000e+00 1.213300e+03 8.409600e+02 0
-8.498900e-01 8.669200e-01 -2.222000e-01 0 36 65 1.181800e+01 3.970000e+00 -9.737300e+01 7.733500e+02 0
-8.643500e-01 8.782000e-01 -2.231400e-01 0 37 65 1.215400e+01 3.970000e+00 -9.724200e+01 7.682200e+02 0
-8.782700e-01 8.808200e-01 -2.233600e-01 0 38 65 1.169200e+01 3.970000e+00 -1.049100e+02 7.668700e+02 0
-9.020000e-01 9.023300e-01 -2.251500e-01 0 39 65 1.032800e+01 3.970000e+00 -1.017600e+02 7.576100e+02 0
0 0 -1.500000e-01 3.204100e-02 1 66 1.565700e+01 3.970000e+00 2167 -3.612800e+03 0
-7.202900e-02 1.121300e-01 -1.593400e-01 3.204100e-02 5 66 1.421000e+01 3.970000e+00 -3.131800e+03 7.770500e+03 0
-1.585200e-01 1.857700e-01 -1.654700e-01 3.204100e-02 8 66 1.333600e+01 3.970000e+00 -1.100200e+03 2957 0
-2.008100e-01 1.933800e-01 -1.661100e-01 3.204100e-02 9 66 1.285600e+01 3.970000e+00 -1.185200e+03 2.773900e+03 0
-2.480100e-01 1.874300e-01 -1.656100e-01 3.204100e-02 10 66 1.268300e+01 3.970000e+00 -1.499500e+03 2.857800e+03 0
-2.619200e-01 2.234200e-01 -1.686100e-01 3.204100e-02 11 66 1.216300e+01 3.970000e+00 -1.049900e+03 2294 0
-2.911200e-01 2.292200e-01 -1.690900e-01 3.204100e-02 12 66 1.167000e+01 3.970000e+00 -1.090800e+03 2.216200e+03 0
-3.077600e-01 2.768700e-01 -1.730600e-01 3.204100e-02 13 66 1.093000e+01 3.970000e+00 -7.368500e+02 1.808200e+03 0
3.609700e-01 3.452200e-01 -1.787500e-01 3.204100e-02 28 66 1.205700e+01 3.970000e+00 1.160100e+03 1.566500e+03 0
6.799100e-01 6.379600e-01 -2.031300e-01 3.204100e-02 29 66 1.364900e+01 3.970000e+00 1.292400e+03 9.663700e+02 0
6.725500e-01 7.360000e-01 -2.112900e-01 3.204100e-02 30 66 1.459300e+01 3.970000e+00 1.193100e+03 8.812300e+02 0
6.711800e-01 8.044800e-01 -2.170000e-01 3.204100e-02 31 66 1.475800e+01 3.970000e+00 1.143600e+03 8.358700e+02 0
6.766400e-01 8.344300e-01 -2.194900e-01 3.204100e-02 32 66 1.423500e+01 3.970000e+00 1.130200e+03 8.188100e+02 0
6.810000e-01 8.744900e-01 -2.228300e-01 3.204100e-02 33 66 1.278000e+01 3.970000e+00 1.111400e+03 7.979800e+02 0
-8.594400e-01 8.461900e-01 -2.204700e-01 3.204100e-02 36 66 1.069800e+01 3.970000e+00 -1.251200e+02 7.825100e+02 0
-8.643500e-01 8.554200e-01 -2.212400e-01 3.204100e-02 37 66 1.111700e+01 3.970000e+00 -1.194800e+02 7.782100e+02 0
-8.782700e-01 8.396700e-01 -2.199300e-01 3.204100e-02 38 66 1.069200e+01 3.970000e+00 -1.462700e+02 7.852000e+02 0
-4.048900e-01 1.505000e+00 -2.753400e-01 -9.932700e-01 54 34 9.928400e+00 3.970000e+00 4.401800e+02 6.184400e+02 0
1.778900e+00 1.122600e+01 -1.084900e+00 -9.932700e-01 327 34 1.016300e+01 3.970000e+00 7.863900e+02 4.399200e+02 1
1.488900e+00 1.110900e+01 -1.075100e+00 -9.612300e-01 322 35 1.084300e+01 3.970000e+00 7.704800e+02 4.401300e+02 1
1.317800e+00 1.116200e+01 -1.079500e+00 -9.612300e-01 323 35 1.063800e+01 3.970000e+00 7.602200e+02 4.399500e+02 1
1.684800e+00 1.119300e+01 -1.082200e+00 -9.612300e-01 326 35 1.001400e+01 3.970000e+00 7.812200e+02 4.399700e+02 1
1.601000e+00 1.126900e+01 -1.088500e+00 -9.612300e-01 327 35 1.073700e+01 3.970000e+00 7.758200e+02 4.397600e+02 1
1.695100e+00 1.128400e+01 -1.089700e+00 -9.612300e-01 328 35 1.052300e+01 3.970000e+00 7.811100e+02 4.397500e+02 1
1.401300e+00 1.111700e+01 -1.075800e+00 -9.291900e-01 322 36 1.007700e+01 3.970000e+00 7.653300e+02 4.400800e+02 1
1.142100e+00 1.112700e+01 -1.076700e+00 -9.291900e-01 323 36 9.925700e+00 3.970000e+00 7.502300e+02 4.399800e+02 1
-2.534100e+00 3.654700e+00 -4.543600e-01 -8.010300e-01 130 40 1.018600e+01 3.970000e+00 2.242800e+02 4.924900e+02 1
-2.624700e+00 3.627300e+00 -4.520800e-01 -8.010300e-01 131 40 1.021300e+01 3.970000e+00 2.053000e+02 4.929700e+02 1
-2.341000e+00 3.943800e+00 -4.784500e-01 -8.010300e-01 133 40 1.019700e+01 3.970000e+00 2.890600e+02 4.868900e+02 1
-2.431300e+00 3.945400e+00 -4.785800e-01 -8.010300e-01 134 40 1.084000e+01 3.970000e+00 275 4.867500e+02 1
-2.595800e+00 3.892400e+00 -4.741700e-01 -8.010300e-01 135 40 1.092400e+01 3.970000e+00 2.430800e+02 4.875600e+02 1
-2.725700e+00 3.782700e+00 -4.650300e-01 -8.010300e-01 136 40 1.028700e+01 3.970000e+00 2.088200e+02 4.895600e+02 1
-2.444600e+00 3.722000e+00 -4.599700e-01 -7.689800e-01 129 41 1.082600e+01 3.970000e+00 2.476500e+02 4.911700e+02 1
-2.463700e+00 3.739400e+00 -4.614200e-01 -7.689800e-01 130 41 1.209100e+01 3.970000e+00 2.465700e+02 4.907800e+02 1
-2.482800e+00 3.776800e+00 -4.645400e-01 -7.689800e-01 131 41 1.223900e+01 3.970000e+00 2.478500e+02 4.899900e+02 1
-2.466200e+00 3.851100e+00 -4.707200e-01 -7.689800e-01 132 41 1.165500e+01 3.970000e+00 2.591100e+02 4.885200e+02 1
-2.413000e+00 3.907300e+00 -4.754000e-01 -7.689800e-01 133 41 1.118200e+01 3.970000e+00 2.738100e+02 4.874900e+02 1
-2.431300e+00 3.948900e+00 -4.788600e-01 -7.689800e-01 134 41 1.152900e+01 3.970000e+00 2.753600e+02 4.866900e+02 1
-2.522700e+00 3.940700e+00 -4.781800e-01 -7.689800e-01 135 41 1.160500e+01 3.970000e+00 2.600900e+02 4.867300e+02 1
-2.615200e+00 3.897000e+00 -4.745400e-01 -7.689800e-01 136 41 1.086600e+01 3.970000e+00 2.405200e+02 4.874500e+02 1
-2.479600e+00 3.682100e+00 -4.566500e-01 -7.369400e-01 129 42 1.082800e+01 3.970000e+00 2.369500e+02 4.919700e+02 1
-2.428500e+00 3.774200e+00 -4.643200e-01 -7.369400e-01 130 42 1.198400e+01 3.970000e+00 2.564600e+02 4.901100e+02 1
-2.447400e+00 3.811500e+00 -4.674200e-01 -7.369400e-01 131 42 1.208600e+01 3.970000e+00 2.576700e+02 4.893300e+02 1
-2.501900e+00 3.829700e+00 -4.689400e-01 -7.369400e-01 132 42 1.134800e+01 3.970000e+00 2.509000e+02 4.889000e+02 1
-2.557000e+00 3.779500e+00 -4.647600e-01 -7.369400e-01 133 42 1.017800e+01 3.970000e+00 236 4.898400e+02 1
-2.467500e+00 3.925600e+00 -4.769300e-01 -7.369400e-01 134 42 1.023100e+01 3.970000e+00 2.671400e+02 4.870800e+02 1
-2.522700e+00 3.936200e+00 -4.778100e-01 -7.369400e-01 135 42 1.029700e+01 3.970000e+00 2.596000e+02 4.868100e+02 1
0 0 -1.500000e-01 -6.408200e-02 1 63 1.052700e+01 3.970000e+00 2167 -3.612800e+03 0
3.383200e-02 6.961900e-03 -1.505800e-01 -6.408200e-02 2 63 1.005700e+01 3.970000e+00 1.977200e+03 -3.957700e+03 0
0 0 -1.500000e-01 -3.204100e-02 1 64 1.565400e+01 3.970000e+00 2167 -3.612800e+03 0
-7.093800e-02 1.123500e-01 -1.593600e-01 -3.204100e-02 5 64 1.418300e+01 3.970000e+00 -3.097200e+03 7.736800e+03 0
-1.585200e-01 1.860300e-01 -1.654900e-01 -3.204100e-02 8 64 1.334300e+01 3.970000e+00 -1.096100e+03 2.951200e+03 0
-1.986300e-01 1.947800e-01 -1.662200e-01 -3.204100e-02 9 64 1.287900e+01 3.970000e+00 -1.154700e+03 2.749400e+03 0
-2.480100e-01 1.859300e-01 -1.654800e-01 -3.204100e-02 10 64 1.269800e+01 3.970000e+00 -1527 2.888400e+03 0
-2.619200e-01 2.211700e-01 -1.684200e-01 -3.204100e-02 11 64 1.219900e+01 3.970000e+00 -1.075100e+03 2.321200e+03 0
-2.881200e-01 2.316600e-01 -1.692900e-01 -3.204100e-02 12 64 1.172400e+01 3.970000e+00 -1.054400e+03 2191 0
-3.077600e-01 2.788900e-01 -1.732300e-01 -3.204100e-02 13 64 1.092100e+01 3.970000e+00 -7.234300e+02 1.795100e+03 0
3.683300e-01 2.616500e-01 -1.717900e-01 -3.204100e-02 28 64 1.205200e+01 3.970000e+00 1.409700e+03 2.118400e+03 0
6.799100e-01 6.431200e-01 -2.035600e-01 -3.204100e-02 29 64 1.366200e+01 3.970000e+00 1.286800e+03 9.611400e+02 0
6.725500e-01 7.412200e-01 -2.117300e-01 -3.204100e-02 30 64 1.463300e+01 3.970000e+00 1.189100e+03 8.774300e+02 0
6.793700e-01 7.970300e-01 -2.163800e-01 -3.204100e-02 31 64 1.480600e+01 3.970000e+00 1156 8.405700e+02 0
6.851000e-01 8.206200e-01 -2.183400e-01 -3.204100e-02 32 64 1.425600e+01 3.970000e+00 1.146100e+03 8.267500e+02 0
6.897400e-01 8.599400e-01 -2.216200e-01 -3.204100e-02 33 64 1.263700e+01 3.970000e+00 1.126800e+03 8.055000e+02 0
-8.403400e-01 8.749600e-01 -2.228700e-01 -3.204100e-02 36 64 1.075900e+01 3.970000e+00 -8.266600e+01 7.700200e+02 0
-8.447100e-01 9.054400e-01 -2.254100e-01 -3.204100e-02 37 64 1.112600e+01 3.970000e+00 -5.823000e+01 7.572800e+02 0
-8.580800e-01 9.251000e-01 -2.270400e-01 -3.204100e-02 38 64 1.077800e+01 3.970000e+00 -5.070600e+01 7.493700e+02 0
-8.916400e-01 9.594100e-01 -2.299000e-01 -3.204100e-02 39 64 9.916600e+00 3.970000e+00 -4.521000e+01 7.362500e+02 0
