0 0 -1.500000e-01 0 1 65 1.670300e+01 3.810000e+00 2167 -3.612800e+03 0
-7.093800e-02 1.129300e-01 -1.590200e-01 0 5 65 1.521100e+01 3.810000e+00 -3.043300e+03 7.626800e+03 0
-1.585200e-01 1.859600e-01 -1.648600e-01 0 8 65 1.438500e+01 3.810000e+00 -1.096900e+03 2949 0
-2.008100e-01 1.930400e-01 -1.654300e-01 0 9 65 1.390000e+01 3.810000e+00 -1.189900e+03 2.776600e+03 0
-2.480100e-01 1.871100e-01 -1.649500e-01 0 10 65 1.369800e+01 3.810000e+00 -1.504900e+03 2.860600e+03 0
-2.619200e-01 2.227900e-01 -1.678000e-01 0 11 65 1.309500e+01 3.810000e+00 -1.056500e+03 2.298200e+03 0
-2.881200e-01 2.338200e-01 -1.686900e-01 0 12 65 1.269500e+01 3.810000e+00 -1.031900e+03 2.165300e+03 0
-3.077600e-01 2.809100e-01 -1.724500e-01 0 13 65 1.193900e+01 3.810000e+00 -7.099900e+02 1.779300e+03 0
-3.085800e-01 3.138100e-01 -1.750800e-01 0 14 65 1.143300e+01 3.810000e+00 -5.272300e+02 1.599100e+03 0
-1.222300e-01 4.283900e-01 -1.842300e-01 0 15 65 1.131100e+01 3.810000e+00 1.727800e+02 1241 0
3.609700e-01 3.278600e-01 -1.762000e-01 0 28 65 1.314100e+01 3.810000e+00 1.193400e+03 1.646300e+03 0
6.799100e-01 6.393900e-01 -2.011000e-01 0 29 65 1.466900e+01 3.810000e+00 1.290700e+03 9.623800e+02 0
6.725500e-01 7.376400e-01 -2.089500e-01 0 30 65 1.561500e+01 3.810000e+00 1.191700e+03 8.775800e+02 0
6.793700e-01 7.975100e-01 -2.137300e-01 0 31 65 1.578800e+01 3.810000e+00 1.155600e+03 8.378500e+02 0
6.766400e-01 8.304700e-01 -2.163700e-01 0 32 65 1.528500e+01 3.810000e+00 1.132400e+03 8.186000e+02 0
6.810000e-01 8.645900e-01 -2.190900e-01 0 33 65 1.386300e+01 3.810000e+00 1.116600e+03 8.005600e+02 0
6.392600e-01 9.497300e-01 -2.259000e-01 0 34 65 1.094700e+01 3.810000e+00 1.042700e+03 7.609500e+02 0
7.699500e-01 8.120400e-01 -2.148900e-01 0 35 65 1.068400e+01 3.810000e+00 1.229100e+03 8.312300e+02 0
-8.307900e-01 8.943200e-01 -2.214700e-01 0 36 65 1.169400e+01 3.810000e+00 -5.798100e+01 7.597900e+02 0
-8.545300e-01 8.878500e-01 -2.209500e-01 0 37 65 1.207100e+01 3.810000e+00 -8.097800e+01 7.620800e+02 0
-8.782700e-01 8.752900e-01 -2.199500e-01 0 38 65 1.148100e+01 3.810000e+00 -1.101400e+02 767 0
0 0 -1.500000e-01 3.204100e-02 1 66 1.567700e+01 3.810000e+00 2167 -3.612800e+03 0
-7.093800e-02 1.137700e-01 -1.590900e-01 3.204100e-02 5 66 1.418900e+01 3.810000e+00 -2.968700e+03 7.482800e+03 0
-1.604300e-01 1.841400e-01 -1.647200e-01 3.204100e-02 8 66 1.334500e+01 3.810000e+00 -1.134600e+03 2.987500e+03 0
-2.008100e-01 1.930800e-01 -1.654300e-01 3.204100e-02 9 66 1.287900e+01 3.810000e+00 -1.189300e+03 2.775900e+03 0
-2.480100e-01 1.870300e-01 -1.649500e-01 3.204100e-02 10 66 1.270300e+01 3.810000e+00 -1.506300e+03 2.862100e+03 0
-2.619200e-01 2.230400e-01 -1.678200e-01 3.204100e-02 11 66 1.212800e+01 3.810000e+00 -1.053800e+03 2.295200e+03 0
-2.881200e-01 2.331600e-01 -1.686300e-01 3.204100e-02 12 66 1.174300e+01 3.810000e+00 -1.038600e+03 2.172100e+03 0
-3.077600e-01 2.787800e-01 -1.722800e-01 3.204100e-02 13 66 1.097800e+01 3.810000e+00 -7.239200e+02 1.792800e+03 0
-1.298700e-01 4.709600e-01 -1.876400e-01 3.204100e-02 15 66 1.038700e+01 3.810000e+00 2.163000e+02 1.152400e+03 0
3.536000e-01 3.403300e-01 -1.772000e-01 3.204100e-02 28 66 1.214000e+01 3.810000e+00 1150 1.584500e+03 0
6.722700e-01 6.449600e-01 -2.015400e-01 3.204100e-02 29 66 1.365800e+01 3.810000e+00 1.275500e+03 9.564900e+02 0
6.725500e-01 7.375300e-01 -2.089400e-01 3.204100e-02 30 66 1.460100e+01 3.810000e+00 1.191800e+03 8.776600e+02 0
6.711800e-01 8.044100e-01 -2.142800e-01 3.204100e-02 31 66 1.478900e+01 3.810000e+00 1.143500e+03 8.335000e+02 0
6.766400e-01 8.305200e-01 -2.163700e-01 3.204100e-02 32 66 1.430700e+01 3.810000e+00 1.132400e+03 8.185800e+02 0
6.810000e-01 8.629400e-01 -2.189600e-01 3.204100e-02 33 66 1.292300e+01 3.810000e+00 1.117600e+03 8.014000e+02 0
-8.307900e-01 8.965700e-01 -2.216500e-01 3.204100e-02 36 66 1.061200e+01 3.810000e+00 -5.599000e+01 7.588700e+02 0
-8.643500e-01 9.034600e-01 -2.222000e-01 3.204100e-02 37 66 1.092300e+01 3.810000e+00 -7.387400e+01 7.555300e+02 0
-8.782700e-01 9.373200e-01 -2.249100e-01 3.204100e-02 38 66 1.007100e+01 3.810000e+00 -5.426000e+01 7.422400e+02 0
0 0 -1.500000e-01 6.408200e-02 1 67 1.068900e+01 3.810000e+00 2167 -3.612800e+03 0
5.456800e-04 3.491800e-02 -1.527900e-01 6.408200e-02 2 67 1.025200e+01 3.810000e+00 3.471400e+03 -7200 0
-1.195000e+00 7.482800e+00 -7.479800e-01 -9.932700e-01 220 34 9.855100e+00 3.810000e+00 5.773400e+02 4.502800e+02 1
-2.101900e+00 7.156900e+00 -7.219400e-01 -9.612300e-01 215 35 9.827700e+00 3.810000e+00 4.918200e+02 4.516500e+02 1
-1.877100e+00 7.265600e+00 -7.306300e-01 -9.612300e-01 216 35 1.004500e+01 3.810000e+00 5.143700e+02 4.511400e+02 1
-1.368000e+00 7.368100e+00 -7.388200e-01 -9.612300e-01 219 35 1.035000e+01 3.810000e+00 5.606100e+02 4.508100e+02 1
-1.314500e+00 7.489800e+00 -7.485400e-01 -9.612300e-01 220 35 1.124500e+01 3.810000e+00 5.673200e+02 4.501800e+02 1
-1.320500e+00 7.535900e+00 -7.522300e-01 -9.612300e-01 221 35 1.073300e+01 3.810000e+00 5.675900e+02 4.499400e+02 1
-1.985200e+00 7.200100e+00 -7.253900e-01 -9.291900e-01 215 36 9.806000e+00 3.810000e+00 5.032600e+02 4.514600e+02 1
-1.374300e+00 7.457100e+00 -7.459300e-01 -9.291900e-01 220 36 1.076300e+01 3.810000e+00 5.616700e+02 4.503300e+02 1
-1.380600e+00 7.533800e+00 -7.520600e-01 -9.291900e-01 221 36 1.060500e+01 3.810000e+00 5.625000e+02 4.499200e+02 1
-3.882200e+00 3.642400e+00 -4.410800e-01 -6.408200e-01 154 45 9.911900e+00 3.810000e+00 -3.504900e+00 4.889400e+02 0
-3.907600e+00 3.689300e+00 -4.448200e-01 -6.408200e-01 155 45 1.152300e+01 3.810000e+00 1.069500e+00 4.879300e+02 1
-3.975300e+00 3.670700e+00 -4.433400e-01 -6.408200e-01 156 45 1.200900e+01 3.810000e+00 -1.350600e+01 4.882200e+02 0
-4.000900e+00 3.696200e+00 -4.453800e-01 -6.408200e-01 157 45 1.157000e+01 3.810000e+00 -1.289200e+01 4.876700e+02 0
-4.112200e+00 3.625300e+00 -4.397100e-01 -6.408200e-01 158 45 1.042800e+01 3.810000e+00 -4.496600e+01 489 0
-3.907600e+00 3.693100e+00 -4.451300e-01 -6.087800e-01 155 46 1.158000e+01 3.810000e+00 1.779800e+00 4.878500e+02 1
-3.933000e+00 3.717300e+00 -4.470700e-01 -6.087800e-01 156 46 1.206300e+01 3.810000e+00 2.097500e+00 4.873200e+02 1
-3.958300e+00 3.736500e+00 -4.486000e-01 -6.087800e-01 157 46 1.164600e+01 3.810000e+00 1.493200e+00 4.869000e+02 1
-3.898000e+00 3.842100e+00 -4.570400e-01 -6.087800e-01 158 46 1.041700e+01 3.810000e+00 2.973200e+01 4.849100e+02 1
0 0 -1.500000e-01 -3.204100e-02 1 64 1.569800e+01 3.810000e+00 2167 -3.612800e+03 0
-7.093800e-02 1.122300e-01 -1.589700e-01 -3.204100e-02 5 64 1.419800e+01 3.810000e+00 -3.107600e+03 7.750900e+03 0
-1.604300e-01 1.844400e-01 -1.647400e-01 -3.204100e-02 8 64 1.339000e+01 3.810000e+00 -1.129800e+03 2.980700e+03 0
-2.008100e-01 1.922800e-01 -1.653700e-01 -3.204100e-02 9 64 1.288700e+01 3.810000e+00 -1.201300e+03 2791 0
-2.480100e-01 1.864600e-01 -1.649000e-01 -3.204100e-02 10 64 1.268200e+01 3.810000e+00 -1.516800e+03 2.873800e+03 0
-2.619200e-01 2.228600e-01 -1.678100e-01 -3.204100e-02 11 64 1.210100e+01 3.810000e+00 -1.055800e+03 2.297400e+03 0
-2.881200e-01 2.364600e-01 -1.689000e-01 -3.204100e-02 12 64 1.165700e+01 3.810000e+00 -1.005400e+03 2.138300e+03 0
-3.077600e-01 2.833100e-01 -1.726400e-01 -3.204100e-02 13 64 1.098000e+01 3.810000e+00 -6.946900e+02 1.764300e+03 0
-3.050300e-01 3.206600e-01 -1.756200e-01 -3.204100e-02 14 64 1.058700e+01 3.810000e+00 -4.864600e+02 1568 0
-1.107700e-01 4.128300e-01 -1.829900e-01 -3.204100e-02 15 64 1.022800e+01 3.810000e+00 1.698100e+02 1.279700e+03 0
3.757000e-01 2.817200e-01 -1.725100e-01 -3.204100e-02 28 64 1.210600e+01 3.810000e+00 1.360900e+03 1.941800e+03 0
6.799100e-01 6.410400e-01 -2.012300e-01 -3.204100e-02 29 64 1.365400e+01 3.810000e+00 1.288900e+03 9.607100e+02 0
6.804600e-01 7.313000e-01 -2.084400e-01 -3.204100e-02 30 64 1.460800e+01 3.810000e+00 1.204900e+03 8.824600e+02 0
6.793700e-01 7.974500e-01 -2.137300e-01 -3.204100e-02 31 64 1.476800e+01 3.810000e+00 1.155600e+03 8.378900e+02 0
6.766400e-01 8.286300e-01 -2.162200e-01 -3.204100e-02 32 64 1.425100e+01 3.810000e+00 1.133500e+03 8.196300e+02 0
6.810000e-01 8.612800e-01 -2.188300e-01 -3.204100e-02 33 64 1.281100e+01 3.810000e+00 1.118500e+03 8.022500e+02 0
6.392600e-01 9.514900e-01 -2.260400e-01 -3.204100e-02 34 64 1.004700e+01 3.810000e+00 1042 7.602300e+02 0
-8.307900e-01 8.943100e-01 -2.214700e-01 -3.204100e-02 36 64 1.063400e+01 3.810000e+00 -5.799100e+01 7.598000e+02 0
-8.447100e-01 8.839200e-01 -2.206400e-01 -3.204100e-02 37 64 1.106500e+01 3.810000e+00 -7.745800e+01 7.638900e+02 0
-8.681700e-01 8.453900e-01 -2.175600e-01 -3.204100e-02 38 64 1.062400e+01 3.810000e+00 -1.324900e+02 7.804900e+02 0
