0 0 -1.500000e-01 0 1 65 1.668600e+01 3.970000e+00 2167 -3.612800e+03 0
-7.093800e-02 1.129200e-01 -1.594000e-01 0 5 65 1.522100e+01 3.970000e+00 -3045 7636 0
-1.585200e-01 1.859400e-01 -1.654900e-01 0 8 65 1.434400e+01 3.970000e+00 -1.097500e+03 2.953200e+03 0
-2.008100e-01 1.930800e-01 -1.660800e-01 0 9 65 1.389100e+01 3.970000e+00 -1.189600e+03 2.779500e+03 0
-2.480100e-01 1.869500e-01 -1.655700e-01 0 10 65 1.370000e+01 3.970000e+00 -1.508300e+03 2.867600e+03 0
-2.619200e-01 2.224800e-01 -1.685300e-01 0 11 65 1.315500e+01 3.970000e+00 -1.060300e+03 2.305300e+03 0
-2.851200e-01 2.377400e-01 -1.698000e-01 0 12 65 1.270000e+01 3.970000e+00 -9.830800e+02 2.129700e+03 0
-3.044900e-01 2.839700e-01 -1.736500e-01 0 13 65 1.190400e+01 3.970000e+00 -6.819300e+02 1.763900e+03 0
-3.121300e-01 3.069600e-01 -1.755600e-01 0 14 65 1.144700e+01 3.970000e+00 -5.704900e+02 1.634800e+03 0
-1.336900e-01 1.353600e-01 -1.612700e-01 0 15 65 1.115700e+01 3.970000e+00 -2.257400e+03 4.939300e+03 0
-3.519600e-01 3.783500e-01 -1.815100e-01 0 16 65 1.110700e+01 3.970000e+00 -3.597500e+02 1.353300e+03 0
3.536000e-01 3.305900e-01 -1.775300e-01 0 28 65 1.314100e+01 3.970000e+00 1.168300e+03 1.634200e+03 0
6.799100e-01 6.394100e-01 -2.032500e-01 0 29 65 1.469900e+01 3.970000e+00 1.290800e+03 9.648900e+02 0
6.725500e-01 7.372200e-01 -2.114000e-01 0 30 65 1.562300e+01 3.970000e+00 1.192200e+03 8.803400e+02 0
6.793700e-01 7.975500e-01 -2.164200e-01 0 31 65 1.578300e+01 3.970000e+00 1.155700e+03 8.402500e+02 0
6.766400e-01 8.313900e-01 -2.192400e-01 0 32 65 1.527700e+01 3.970000e+00 1132 8.204900e+02 0
6.810000e-01 8.677800e-01 -2.222700e-01 0 33 65 1.387000e+01 3.970000e+00 1115 8.013300e+02 0
6.752700e-01 9.268400e-01 -2.271900e-01 0 34 65 1.099000e+01 3.970000e+00 1.080600e+03 7.735800e+02 0
7.514000e-01 8.018100e-01 -2.167800e-01 0 35 65 1.075900e+01 3.970000e+00 1.219700e+03 8.393500e+02 0
-8.594400e-01 8.608500e-01 -2.216900e-01 0 36 65 1.165500e+01 3.970000e+00 -1.104000e+02 7.758700e+02 0
-8.643500e-01 8.708700e-01 -2.225300e-01 0 37 65 1.212000e+01 3.970000e+00 -1.042700e+02 7.713700e+02 0
-8.883600e-01 8.546200e-01 -2.211700e-01 0 38 65 1.170900e+01 3.970000e+00 -1.383400e+02 7.781400e+02 0
-9.123700e-01 8.061400e-01 -2.171400e-01 0 39 65 1.027700e+01 3.970000e+00 -2.104200e+02 8.009200e+02 0
0 0 -1.500000e-01 3.204100e-02 1 66 1.566800e+01 3.970000e+00 2167 -3.612800e+03 0
-7.202900e-02 1.125200e-01 -1.593700e-01 3.204100e-02 5 66 1.420500e+01 3.970000e+00 -3.095700e+03 7.700900e+03 0
-1.585200e-01 1.857800e-01 -1.654700e-01 3.204100e-02 8 66 1.328500e+01 3.970000e+00 -1.099900e+03 2.956600e+03 0
-2.008100e-01 1.935700e-01 -1.661200e-01 3.204100e-02 9 66 1.284100e+01 3.970000e+00 -1.182400e+03 2.770400e+03 0
-2.480100e-01 1.879400e-01 -1.656500e-01 3.204100e-02 10 66 1.266500e+01 3.970000e+00 -1.490300e+03 2.847600e+03 0
-2.619200e-01 2.237300e-01 -1.686300e-01 3.204100e-02 11 66 1.207700e+01 3.970000e+00 -1.046500e+03 2.290300e+03 0
-2.851200e-01 2.411100e-01 -1.700800e-01 3.204100e-02 12 66 1.167000e+01 3.970000e+00 -9.511200e+02 2097 0
-3.044900e-01 2.856300e-01 -1.737900e-01 3.204100e-02 13 66 1.081300e+01 3.970000e+00 -6.716600e+02 1.753800e+03 0
-3.192200e-01 3.030400e-01 -1.752400e-01 3.204100e-02 14 66 1.038300e+01 3.970000e+00 -6.087600e+02 1.653500e+03 0
-1.336900e-01 1.246000e-01 -1.603800e-01 3.204100e-02 15 66 1.023500e+01 3.970000e+00 -2.834500e+03 5.824400e+03 0
3.462300e-01 3.738000e-01 -1.811300e-01 3.204100e-02 28 66 1.213800e+01 3.970000e+00 1.080500e+03 1.449900e+03 0
6.799100e-01 6.348100e-01 -2.028700e-01 3.204100e-02 29 66 1.369400e+01 3.970000e+00 1296 9.696100e+02 0
6.725500e-01 7.351700e-01 -2.112300e-01 3.204100e-02 30 66 1.460000e+01 3.970000e+00 1.193800e+03 8.818400e+02 0
6.711800e-01 8.044800e-01 -2.170000e-01 3.204100e-02 31 66 1.476300e+01 3.970000e+00 1.143600e+03 8.358700e+02 0
6.766400e-01 8.333600e-01 -2.194000e-01 3.204100e-02 32 66 1.427700e+01 3.970000e+00 1.130800e+03 8.194000e+02 0
6.810000e-01 8.711600e-01 -2.225500e-01 3.204100e-02 33 66 1.294500e+01 3.970000e+00 1.113200e+03 7.996300e+02 0
7.112900e-01 9.046800e-01 -2.253400e-01 3.204100e-02 34 66 1.027200e+01 3.970000e+00 1.120200e+03 7.841300e+02 0
-9.167400e-01 7.934900e-01 -2.160800e-01 3.204100e-02 36 66 1.044900e+01 3.970000e+00 -2.292100e+02 8.073800e+02 0
-9.134600e-01 7.957500e-01 -2.162700e-01 3.204100e-02 37 66 1.088500e+01 3.970000e+00 -2.238000e+02 8.062600e+02 0
-9.287400e-01 7.724200e-01 -2.143300e-01 3.204100e-02 38 66 1.041800e+01 3.970000e+00 -2.658400e+02 8.185300e+02 0
-8.970900e-01 9.468900e+00 -9.385800e-01 -9.612300e-01 275 35 1.033000e+01 3.970000e+00 6.219600e+02 4.441100e+02 0
-9.754000e-01 9.491600e+00 -9.404600e-01 -9.612300e-01 276 35 1.020000e+01 3.970000e+00 6.168800e+02 4.440100e+02 0
-1.129600e+00 9.560700e+00 -9.462300e-01 -9.612300e-01 277 35 1.019700e+01 3.970000e+00 6.071800e+02 4.437300e+02 1
-1.435900e+00 9.563400e+00 -9.464500e-01 -9.612300e-01 278 35 1.041800e+01 3.970000e+00 5.868500e+02 4.436100e+02 1
-1.592800e+00 9.567600e+00 -9.468000e-01 -9.612300e-01 279 35 1.065300e+01 3.970000e+00 5.764900e+02 4.435500e+02 1
-1.674700e+00 9.598100e+00 -9.493400e-01 -9.612300e-01 280 35 1.057800e+01 3.970000e+00 5.714600e+02 4.434200e+02 1
-1.046600e+00 9.502000e+00 -9.413400e-01 -9.291900e-01 275 36 1.017200e+01 3.970000e+00 6.122000e+02 4.439500e+02 1
-1.200500e+00 9.510100e+00 -9.420100e-01 -9.291900e-01 276 36 1.017500e+01 3.970000e+00 6.019700e+02 4.438700e+02 1
-1.355500e+00 9.542900e+00 -9.447400e-01 -9.291900e-01 277 36 1.035500e+01 3.970000e+00 5.919700e+02 4.437100e+02 1
-1.435900e+00 9.561200e+00 -9.462700e-01 -9.291900e-01 278 36 1.071200e+01 3.970000e+00 5.868200e+02 4.436200e+02 1
-1.517000e+00 9.578500e+00 -9.477000e-01 -9.291900e-01 279 36 1.088800e+01 3.970000e+00 5.816500e+02 4.435400e+02 1
-1.446300e+00 9.628600e+00 -9.518800e-01 -9.291900e-01 280 36 1.078100e+01 3.970000e+00 5.868900e+02 4.434000e+02 1
-1.604300e+00 9.641900e+00 -9.529900e-01 -9.291900e-01 281 36 1.012800e+01 3.970000e+00 5.766500e+02 4.433100e+02 1
-4.084900e+00 5.459200e+00 -6.046400e-01 -7.689800e-01 198 41 1.161100e+01 3.970000e+00 2.034600e+02 4.650500e+02 1
-4.051600e+00 5.575100e+00 -6.143000e-01 -7.689800e-01 199 41 1.231800e+01 3.970000e+00 2.172200e+02 4.639900e+02 1
-4.126400e+00 5.574600e+00 -6.142600e-01 -7.689800e-01 200 41 1.213000e+01 3.970000e+00 2.089400e+02 4.639500e+02 1
-4.201700e+00 5.548100e+00 -6.120500e-01 -7.689800e-01 201 41 1.119500e+01 3.970000e+00 1.983300e+02 4.641400e+02 1
-4.117700e+00 5.378100e+00 -5.979000e-01 -7.369400e-01 197 42 1.037400e+01 3.970000e+00 1.924200e+02 4.658000e+02 1
-4.031200e+00 5.523100e+00 -6.099700e-01 -7.369400e-01 198 42 1.211100e+01 3.970000e+00 2.150400e+02 4.644900e+02 1
-4.051600e+00 5.581400e+00 -6.148300e-01 -7.369400e-01 199 42 1.279500e+01 3.970000e+00 2.177500e+02 4.639400e+02 1
-4.072100e+00 5.620100e+00 -6.180500e-01 -7.369400e-01 200 42 1.254100e+01 3.970000e+00 2.187600e+02 4.635700e+02 1
-4.092600e+00 5.640600e+00 -6.197500e-01 -7.369400e-01 201 42 1.145900e+01 3.970000e+00 2.182300e+02 4.633800e+02 1
-4.113000e+00 5.594100e+00 -6.158800e-01 -7.369400e-01 202 42 1.008400e+01 3.970000e+00 2.120800e+02 4.637800e+02 1
-4.084900e+00 5.523300e+00 -6.099800e-01 -7.049000e-01 198 43 1.060500e+01 3.970000e+00 2.090900e+02 4.644500e+02 1
-4.105700e+00 5.555600e+00 -6.126700e-01 -7.049000e-01 199 43 1.126100e+01 3.970000e+00 2.095900e+02 4.641300e+02 1
-4.126400e+00 5.588300e+00 -6.154000e-01 -7.049000e-01 200 43 1.094800e+01 3.970000e+00 2.101200e+02 4.638200e+02 1
0 0 -1.500000e-01 -6.408200e-02 1 63 1.019600e+01 3.970000e+00 2167 -3.612800e+03 0
-3.328600e-02 8.746800e-03 -1.507300e-01 -6.408200e-02 2 63 9.967500e+00 3.970000e+00 2.723500e+03 -4.230200e+03 0
-6.493600e-02 1.289700e-02 -1.510700e-01 -6.408200e-02 3 63 9.461400e+00 3.970000e+00 3.244400e+03 -4.639200e+03 0
0 0 -1.500000e-01 -3.204100e-02 1 64 1.568100e+01 3.970000e+00 2167 -3.612800e+03 0
-7.093800e-02 1.127700e-01 -1.593900e-01 -3.204100e-02 5 64 1.419400e+01 3.970000e+00 -3.058500e+03 7.662100e+03 0
-1.585200e-01 1.859900e-01 -1.654900e-01 -3.204100e-02 8 64 1.336800e+01 3.970000e+00 -1.096700e+03 2.952100e+03 0
-1.986300e-01 1.952300e-01 -1.662600e-01 -3.204100e-02 9 64 1.290200e+01 3.970000e+00 -1.148100e+03 2.741100e+03 0
-2.480100e-01 1.864000e-01 -1.655200e-01 -3.204100e-02 10 64 1.272100e+01 3.970000e+00 -1.518400e+03 2.878800e+03 0
-2.592000e-01 2.268600e-01 -1.688900e-01 -3.204100e-02 11 64 1.216900e+01 3.970000e+00 -1.002900e+03 2255 0
-2.851200e-01 2.387500e-01 -1.698800e-01 -3.204100e-02 12 64 1.166500e+01 3.970000e+00 -9.733600e+02 2.119800e+03 0
-3.077600e-01 2.804700e-01 -1.733600e-01 -3.204100e-02 13 64 1.086200e+01 3.970000e+00 -7.131100e+02 1785 0
-3.085800e-01 3.077200e-01 -1.756300e-01 -3.204100e-02 14 64 1.050600e+01 3.970000e+00 -5.578800e+02 1.631500e+03 0
3.462300e-01 3.755600e-01 -1.812800e-01 -3.204100e-02 28 64 1.212400e+01 3.970000e+00 1.078200e+03 1.443600e+03 0
6.799100e-01 6.424800e-01 -2.035100e-01 -3.204100e-02 29 64 1.368000e+01 3.970000e+00 1.287500e+03 9.617800e+02 0
6.725500e-01 7.389400e-01 -2.115400e-01 -3.204100e-02 30 64 1.459600e+01 3.970000e+00 1.190900e+03 8.790800e+02 0
6.793700e-01 7.974600e-01 -2.164100e-01 -3.204100e-02 31 64 1.475000e+01 3.970000e+00 1.155700e+03 8.403000e+02 0
6.766400e-01 8.298400e-01 -2.191100e-01 -3.204100e-02 32 64 1.422500e+01 3.970000e+00 1.132900e+03 8.213500e+02 0
6.810000e-01 8.664100e-01 -2.221600e-01 -3.204100e-02 33 64 1.277000e+01 3.970000e+00 1.115800e+03 8.020200e+02 0
7.421200e-01 8.383600e-01 -2.198200e-01 -3.204100e-02 35 64 9.907400e+00 3.970000e+00 1.185500e+03 8.180600e+02 0
-8.498900e-01 8.675000e-01 -2.222500e-01 -3.204100e-02 36 64 1.079800e+01 3.970000e+00 -9.681300e+01 7.731000e+02 0
-8.643500e-01 8.721700e-01 -2.226400e-01 -3.204100e-02 37 64 1.122800e+01 3.970000e+00 -1.030100e+02 7.708100e+02 0
-8.782700e-01 8.669000e-01 -2.222000e-01 -3.204100e-02 38 64 1.075200e+01 3.970000e+00 -1.184400e+02 7.728600e+02 0
