0 0 -1.500000e-01 0 1 65 1.669900e+01 4.290000e+00 2167 -3.612800e+03 0
-7.093800e-02 1.129300e-01 -1.594800e-01 0 5 65 1.521100e+01 4.290000e+00 -3045 7.637100e+03 0
-1.585200e-01 1.859600e-01 -1.656000e-01 0 8 65 1.435700e+01 4.290000e+00 -1.097300e+03 2.953500e+03 0
-2.008100e-01 1.929500e-01 -1.661900e-01 0 9 65 1.388200e+01 4.290000e+00 -1.191700e+03 2.782700e+03 0
-2.480100e-01 1.866100e-01 -1.656600e-01 0 10 65 1.366700e+01 4.290000e+00 -1.514500e+03 2.875100e+03 0
-2.592000e-01 2.260000e-01 -1.689600e-01 0 11 65 1.312700e+01 4.290000e+00 -1.012100e+03 2.265500e+03 0
-2.851200e-01 2.366900e-01 -1.698600e-01 0 12 65 1.272900e+01 4.290000e+00 -9.934200e+02 2.140800e+03 0
-3.077600e-01 2.796200e-01 -1.734600e-01 0 13 65 1.198000e+01 4.290000e+00 -7.186800e+02 1791 0
-3.085800e-01 3.025200e-01 -1.753800e-01 0 14 65 1.149800e+01 4.290000e+00 -5.852300e+02 1.658700e+03 0
-1.184100e-01 4.083300e-01 -1.842600e-01 0 15 65 1.131800e+01 4.290000e+00 1.488000e+02 1.293700e+03 0
3.536000e-01 3.515400e-01 -1.795000e-01 0 28 65 1.312000e+01 4.290000e+00 1.130900e+03 1.538400e+03 0
6.799100e-01 6.349800e-01 -2.032800e-01 0 29 65 1.467100e+01 4.290000e+00 1.295800e+03 9.699100e+02 0
6.725500e-01 7.338800e-01 -2.115800e-01 0 30 65 1.560300e+01 4.290000e+00 1.194800e+03 8.832500e+02 0
6.793700e-01 7.975500e-01 -2.169200e-01 0 31 65 1.574500e+01 4.290000e+00 1.155700e+03 8.407000e+02 0
6.766400e-01 8.335900e-01 -2.199500e-01 0 32 65 1.518300e+01 4.290000e+00 1.130700e+03 8.197300e+02 0
6.810000e-01 8.729700e-01 -2.232500e-01 0 33 65 1.358900e+01 4.290000e+00 1.112200e+03 7.991800e+02 0
7.421200e-01 8.319300e-01 -2.198100e-01 0 35 65 1.094100e+01 4.290000e+00 1.189900e+03 8.220600e+02 0
-8.212400e-01 9.043200e-01 -2.258800e-01 0 36 65 1.174100e+01 4.290000e+00 -4.250300e+01 7.585200e+02 0
-8.447100e-01 8.948000e-01 -2.250800e-01 0 37 65 1.213800e+01 4.290000e+00 -6.766800e+01 7.620100e+02 0
-8.782700e-01 8.514800e-01 -2.214500e-01 0 38 65 1.167200e+01 4.290000e+00 -1.339900e+02 7.801700e+02 0
0 0 -1.500000e-01 3.204100e-02 1 66 1.568700e+01 4.290000e+00 2167 -3.612800e+03 0
-7.202900e-02 1.125700e-01 -1.594500e-01 3.204100e-02 5 66 1.419600e+01 4.290000e+00 -3.091600e+03 7.694100e+03 0
-1.604300e-01 1.842100e-01 -1.654600e-01 3.204100e-02 8 66 1.333400e+01 4.290000e+00 -1134 2.990600e+03 0
-2.008100e-01 1.933500e-01 -1.662200e-01 3.204100e-02 9 66 1.284400e+01 4.290000e+00 -1.185700e+03 2.775200e+03 0
-2.480100e-01 1.875400e-01 -1.657400e-01 3.204100e-02 10 66 1.263900e+01 4.290000e+00 -1.497700e+03 2.856400e+03 0
-2.592000e-01 2.278700e-01 -1.691200e-01 3.204100e-02 11 66 1.201900e+01 4.290000e+00 -9.925100e+02 2.244200e+03 0
-2.851200e-01 2.407400e-01 -1.702000e-01 3.204100e-02 12 66 1.170300e+01 4.290000e+00 -9.546400e+02 2.101100e+03 0
-3.077600e-01 2.803600e-01 -1.735300e-01 3.204100e-02 13 66 1.102200e+01 4.290000e+00 -7.138100e+02 1.786200e+03 0
-3.050300e-01 2.978900e-01 -1.750000e-01 3.204100e-02 14 66 1.049600e+01 4.290000e+00 -6.015000e+02 1.683900e+03 0
-1.222300e-01 4.213700e-01 -1.853600e-01 3.204100e-02 15 66 1.032000e+01 4.290000e+00 1.623100e+02 1.260700e+03 0
3.462300e-01 3.677000e-01 -1.808500e-01 3.204100e-02 28 66 1.212700e+01 4.290000e+00 1.088900e+03 1.472900e+03 0
6.799100e-01 6.331400e-01 -2.031300e-01 3.204100e-02 29 66 1.368000e+01 4.290000e+00 1.297800e+03 9.718100e+02 0
6.725500e-01 7.329700e-01 -2.115000e-01 3.204100e-02 30 66 1.461500e+01 4.290000e+00 1.195500e+03 8.839200e+02 0
6.711800e-01 8.043500e-01 -2.175000e-01 3.204100e-02 31 66 1.476600e+01 4.290000e+00 1.143700e+03 8.364000e+02 0
6.766400e-01 8.349500e-01 -2.200600e-01 3.204100e-02 32 66 1.421400e+01 4.290000e+00 1.129900e+03 8.189800e+02 0
6.810000e-01 8.719200e-01 -2.231600e-01 3.204100e-02 33 66 1.266900e+01 4.290000e+00 1.112800e+03 7.997000e+02 0
-8.021400e-01 9.220400e-01 -2.273700e-01 3.204100e-02 36 66 1.062300e+01 4.290000e+00 -1.422600e+01 7.518300e+02 0
-8.348900e-01 9.222300e-01 -2.273900e-01 3.204100e-02 37 66 1.100300e+01 4.290000e+00 -3.697400e+01 7.512500e+02 0
-8.580800e-01 9.131000e-01 -2.266200e-01 3.204100e-02 38 66 1.046800e+01 4.290000e+00 -6.102100e+01 7.544400e+02 0
0 0 -1.500000e-01 1.281600e-01 1 69 1.014500e+01 4.290000e+00 2167 -3.612800e+03 0
2.728400e-04 3.475600e-02 -1.529200e-01 1.281600e-01 2 69 9.603000e+00 4.290000e+00 3.464600e+03 -7.171500e+03 0
-4.174400e-02 5.512900e-01 -1.962600e-01 1.281600e-01 18 69 1.004700e+01 4.290000e+00 4.107200e+02 1.035800e+03 0
-4.420000e-02 5.803800e-01 -1.987000e-01 1.281600e-01 19 69 9.941300e+00 4.290000e+00 4.239200e+02 1000 0
1.830700e-01 2.097300e+00 -3.259900e-01 -9.932700e-01 62 34 9.953200e+00 4.290000e+00 6.978400e+02 5.610800e+02 0
1.860800e-01 2.120000e+00 -3.279000e-01 -9.932700e-01 63 34 1.011900e+01 4.290000e+00 6.987300e+02 5.594400e+02 0
-1.375100e+00 8.692200e+00 -8.793800e-01 -9.932700e-01 253 34 1.060600e+01 4.290000e+00 5.805100e+02 4.471400e+02 1
-1.380600e+00 8.698500e+00 -8.799100e-01 -9.932700e-01 254 34 1.062200e+01 4.290000e+00 5.801900e+02 4.471100e+02 1
-1.386000e+00 8.724900e+00 -8.821300e-01 -9.932700e-01 255 34 1.041100e+01 4.290000e+00 5.801400e+02 447 1
-1.391500e+00 8.755500e+00 -8.846900e-01 -9.932700e-01 256 34 1.079600e+01 4.290000e+00 5.801500e+02 4.468800e+02 1
-1.396900e+00 8.785100e+00 -8.871800e-01 -9.932700e-01 257 34 1.132400e+01 4.290000e+00 5.801400e+02 4.467700e+02 1
-1.402400e+00 8.839400e+00 -8.917400e-01 -9.932700e-01 258 34 1.141800e+01 4.290000e+00 5.804500e+02 4.465600e+02 1
-1.478200e+00 8.880900e+00 -8.952200e-01 -9.932700e-01 259 34 1.091800e+01 4.290000e+00 5.755600e+02 4.463700e+02 1
-1.696000e+00 8.884500e+00 -8.955200e-01 -9.932700e-01 260 34 1.006400e+01 4.290000e+00 5.600800e+02 4.462800e+02 1
-1.306300e+00 8.685900e+00 -8.788500e-01 -9.612300e-01 253 35 1.055100e+01 4.290000e+00 5.854500e+02 4.471900e+02 1
-1.311500e+00 8.728400e+00 -8.824200e-01 -9.612300e-01 254 35 1.043000e+01 4.290000e+00 5.856100e+02 4.470200e+02 1
-1.461000e+00 8.778900e+00 -8.866500e-01 -9.612300e-01 256 35 1.070000e+01 4.290000e+00 5.754200e+02 4.467700e+02 1
-1.466800e+00 8.815200e+00 -8.897000e-01 -9.612300e-01 257 35 1.130800e+01 4.290000e+00 5.755000e+02 4.466200e+02 1
-1.472500e+00 8.853500e+00 -8.929100e-01 -9.612300e-01 258 35 1.133900e+01 4.290000e+00 5.756000e+02 4.464800e+02 1
-1.548600e+00 8.869600e+00 -8.942600e-01 -9.612300e-01 259 35 1.075900e+01 4.290000e+00 5.703800e+02 4.463900e+02 1
-4.000100e+00 4.882500e+00 -5.597000e-01 -7.689800e-01 182 41 1.035400e+01 4.290000e+00 1.568500e+02 4.716100e+02 1
-4.022200e+00 4.895500e+00 -5.607900e-01 -7.689800e-01 183 41 1.091900e+01 4.290000e+00 1.555000e+02 4.714400e+02 1
-3.994400e+00 4.964800e+00 -5.666100e-01 -7.689800e-01 184 41 1.125000e+01 4.290000e+00 1.663600e+02 4.706500e+02 1
-4.016200e+00 5.006500e+00 -5.701000e-01 -7.689800e-01 185 41 1.087400e+01 4.290000e+00 1.680300e+02 4.701600e+02 1
-4.174400e+00 4.691600e+00 -5.436800e-01 -7.369400e-01 181 42 1.089400e+01 4.290000e+00 1.126200e+02 4.738000e+02 1
-4.148200e+00 4.754500e+00 -5.489600e-01 -7.369400e-01 182 42 1.176900e+01 4.290000e+00 1.235600e+02 4.730300e+02 1
-4.121500e+00 4.812500e+00 -5.538300e-01 -7.369400e-01 183 42 1.205200e+01 4.290000e+00 1.337400e+02 4.723400e+02 1
-4.094200e+00 4.896200e+00 -5.608500e-01 -7.369400e-01 184 42 1.230900e+01 4.290000e+00 1.465900e+02 4.713700e+02 1
-4.066400e+00 4.974100e+00 -5.673900e-01 -7.369400e-01 185 42 1.193000e+01 4.290000e+00 1.584800e+02 4.704900e+02 1
-3.937100e+00 5.121700e+00 -5.797700e-01 -7.369400e-01 186 42 1.036400e+01 4.290000e+00 1.891800e+02 4.689600e+02 1
-4.076200e+00 4.784400e+00 -5.514700e-01 -7.049000e-01 181 43 1.059000e+01 4.290000e+00 1.362600e+02 4.727300e+02 1
-4.098800e+00 4.807900e+00 -5.534400e-01 -7.049000e-01 182 43 1.117000e+01 4.290000e+00 1.360800e+02 4.724200e+02 1
-4.171200e+00 4.753700e+00 -5.488900e-01 -7.049000e-01 183 43 1.108400e+01 4.290000e+00 1.205400e+02 4.730200e+02 1
-4.044300e+00 4.927300e+00 -5.634600e-01 -7.049000e-01 184 43 1.137500e+01 4.290000e+00 1.561900e+02 4.710400e+02 1
-3.966000e+00 5.054200e+00 -5.741100e-01 -7.049000e-01 185 43 1.107600e+01 4.290000e+00 1.790100e+02 4.696700e+02 1
0 0 -1.500000e-01 -6.408200e-02 1 63 1.128700e+01 4.290000e+00 2167 -3.612800e+03 0
3.219500e-02 1.326600e-02 -1.511100e-01 -6.408200e-02 2 63 1.061300e+01 4.290000e+00 2.125900e+03 -4407 0
6.567200e-01 7.587100e-01 -2.136700e-01 -6.408200e-02 30 63 9.371800e+00 4.290000e+00 1.160500e+03 8.652000e+02 0
6.711800e-01 7.706500e-01 -2.146700e-01 -6.408200e-02 31 63 1.025100e+01 4.290000e+00 1.166200e+03 8.575700e+02 0
6.851000e-01 7.865100e-01 -2.160000e-01 -6.408200e-02 32 63 1.046500e+01 4.290000e+00 1.168500e+03 8.476800e+02 0
6.897400e-01 7.996600e-01 -2.171000e-01 -6.408200e-02 33 63 1.008800e+01 4.290000e+00 1.163900e+03 8.396600e+02 0
6.842800e-01 7.773800e-01 -2.152300e-01 -6.408200e-02 34 63 9.438100e+00 4.290000e+00 1.174100e+03 8.535000e+02 0
0 0 -1.500000e-01 -3.204100e-02 1 64 1.570300e+01 4.290000e+00 2167 -3.612800e+03 0
-7.093800e-02 1.122800e-01 -1.594200e-01 -3.204100e-02 5 64 1.419400e+01 4.290000e+00 -3.104700e+03 7.752300e+03 0
-1.585200e-01 1.860700e-01 -1.656100e-01 -3.204100e-02 8 64 1.336900e+01 4.290000e+00 -1.095600e+03 2.951100e+03 0
-1.986300e-01 1.947300e-01 -1.663400e-01 -3.204100e-02 9 64 1.285600e+01 4.290000e+00 -1.155500e+03 2.751100e+03 0
-2.480100e-01 1.862600e-01 -1.656300e-01 -3.204100e-02 10 64 1.263100e+01 4.290000e+00 -1521 2.882300e+03 0
-2.592000e-01 2.257400e-01 -1.689400e-01 -3.204100e-02 11 64 1.211200e+01 4.290000e+00 -1.014900e+03 2.268500e+03 0
-2.851200e-01 2.347200e-01 -1.697000e-01 -3.204100e-02 12 64 1.170400e+01 4.290000e+00 -1.012900e+03 2.160800e+03 0
-3.110400e-01 2.747200e-01 -1.730500e-01 -3.204100e-02 13 64 1.089000e+01 4.290000e+00 -7.606200e+02 1.822200e+03 0
-1.184100e-01 3.536700e-01 -1.796800e-01 -3.204100e-02 15 64 1.036400e+01 4.290000e+00 4.367700e+01 1.463500e+03 0
3.536000e-01 3.516700e-01 -1.795100e-01 -3.204100e-02 28 64 1.201400e+01 4.290000e+00 1.130700e+03 1.537900e+03 0
6.799100e-01 6.345800e-01 -2.032500e-01 -3.204100e-02 29 64 1.360300e+01 4.290000e+00 1.296200e+03 9.703200e+02 0
6.725500e-01 7.326300e-01 -2.114800e-01 -3.204100e-02 30 64 1.454400e+01 4.290000e+00 1.195800e+03 8.841800e+02 0
6.793700e-01 7.975100e-01 -2.169200e-01 -3.204100e-02 31 64 1.466400e+01 4.290000e+00 1.155700e+03 8.407300e+02 0
6.766400e-01 8.336500e-01 -2.199500e-01 -3.204100e-02 32 64 1.405500e+01 4.290000e+00 1.130700e+03 8.196900e+02 0
6.810000e-01 8.768400e-01 -2.235800e-01 -3.204100e-02 33 64 1.230100e+01 4.290000e+00 1.110100e+03 7.972600e+02 0
7.606700e-01 8.125200e-01 -2.181800e-01 -3.204100e-02 35 64 1.024200e+01 4.290000e+00 1.220400e+03 8.336100e+02 0
-8.307900e-01 8.947800e-01 -2.250800e-01 -3.204100e-02 36 64 1.091100e+01 4.290000e+00 -5.766500e+01 7.622500e+02 0
-8.643500e-01 8.721300e-01 -2.231800e-01 -3.204100e-02 37 64 1.123400e+01 4.290000e+00 -1.030700e+02 7.712500e+02 0
-8.984600e-01 8.292600e-01 -2.195900e-01 -3.204100e-02 38 64 1.074300e+01 4.290000e+00 -1.730700e+02 7.901800e+02 0
