0 0 -1.500000e-01 0 1 65 1.670000e+01 1.720000e+00 2167 -3.612800e+03 0
-7.093800e-02 1.127900e-01 -1.540600e-01 0 5 65 1.519300e+01 1.720000e+00 -3.037500e+03 7540 0
-1.604300e-01 1.843100e-01 -1.566400e-01 0 8 65 1.435900e+01 1.720000e+00 -1.127100e+03 2.933300e+03 0
-2.008100e-01 1.930700e-01 -1.569600e-01 0 9 65 1.388200e+01 1.720000e+00 -1.184600e+03 2.728100e+03 0
-2.480100e-01 1.872000e-01 -1.567500e-01 0 10 65 1.369800e+01 1.720000e+00 -1.497500e+03 2.810300e+03 0
-2.619200e-01 2.226300e-01 -1.580200e-01 0 11 65 1.313300e+01 1.720000e+00 -1.054300e+03 2.257200e+03 0
-2.851200e-01 2.358900e-01 -1.585000e-01 0 12 65 1.268300e+01 1.720000e+00 -9.971100e+02 2.103700e+03 0
-3.077600e-01 2.781900e-01 -1.600200e-01 0 13 65 1.189100e+01 1.720000e+00 -7.249300e+02 1.758500e+03 0
-3.121300e-01 2.985600e-01 -1.607600e-01 0 14 65 1.151900e+01 1.720000e+00 -6.129100e+02 1.638500e+03 0
-1.184100e-01 3.617000e-01 -1.630300e-01 0 15 65 1.137100e+01 1.720000e+00 6.264100e+01 1.395600e+03 0
3.536000e-01 3.704400e-01 -1.633500e-01 0 28 65 1.312000e+01 1.720000e+00 1.100300e+03 1.422800e+03 0
6.799100e-01 6.413800e-01 -1.731100e-01 0 29 65 1.467400e+01 1.720000e+00 1.286800e+03 9.275300e+02 0
6.725500e-01 7.382700e-01 -1.766000e-01 0 30 65 1.560600e+01 1.720000e+00 1.189700e+03 8.452300e+02 0
6.711800e-01 8.044400e-01 -1.789900e-01 0 31 65 1.577300e+01 1.720000e+00 1.142100e+03 8.020700e+02 0
6.766400e-01 8.330200e-01 -1.800200e-01 0 32 65 1.523700e+01 1.720000e+00 1.129500e+03 7.859500e+02 0
6.810000e-01 8.735800e-01 -1.814800e-01 0 33 65 1.372200e+01 1.720000e+00 1.110400e+03 7.650400e+02 0
6.957400e-01 9.354000e-01 -1.837100e-01 0 35 65 1.109500e+01 1.720000e+00 1.091100e+03 7.371600e+02 0
-7.926000e-01 9.187900e-01 -1.831100e-01 0 36 65 1.164700e+01 1.720000e+00 -9.097800e+00 7.216000e+02 0
-8.152400e-01 9.218500e-01 -1.832200e-01 0 37 65 1.203200e+01 1.720000e+00 -2.247400e+01 7.201000e+02 0
-8.378900e-01 9.243500e-01 -1.833100e-01 0 38 65 1.158400e+01 1.720000e+00 -3.619200e+01 7.188200e+02 0
-8.398000e-01 9.936900e-01 -1.858100e-01 0 39 65 1.035500e+01 1.720000e+00 1.597200e+01 6.942800e+02 0
0 0 -1.500000e-01 3.204100e-02 1 66 1.568700e+01 1.720000e+00 2167 -3.612800e+03 0
-7.202900e-02 1.123500e-01 -1.540500e-01 3.204100e-02 5 66 1.419000e+01 1.720000e+00 -3.091100e+03 7.610400e+03 0
-1.604300e-01 1.842100e-01 -1.566400e-01 3.204100e-02 8 66 1.333300e+01 1.720000e+00 -1.128700e+03 2.935500e+03 0
-2.008100e-01 1.933900e-01 -1.569700e-01 3.204100e-02 9 66 1.285500e+01 1.720000e+00 -1.179900e+03 2.722100e+03 0
-2.480100e-01 1.879400e-01 -1.567700e-01 3.204100e-02 10 66 1.265400e+01 1.720000e+00 -1.484400e+03 2.795700e+03 0
-2.619200e-01 2.238900e-01 -1.580700e-01 3.204100e-02 11 66 1.203600e+01 1.720000e+00 -1.040400e+03 2.242300e+03 0
-2.881200e-01 2.345300e-01 -1.584500e-01 3.204100e-02 12 66 1.161300e+01 1.720000e+00 -1.020900e+03 2.116500e+03 0
-3.110400e-01 2.767200e-01 -1.599700e-01 3.204100e-02 13 66 1.086500e+01 1.720000e+00 -7.437300e+02 1.767200e+03 0
-3.156700e-01 2.963400e-01 -1.606800e-01 3.204100e-02 14 66 1.058300e+01 1.720000e+00 -6.343400e+02 1.649800e+03 0
-1.184100e-01 3.867300e-01 -1.639400e-01 3.204100e-02 15 66 1.040000e+01 1.720000e+00 1.125000e+02 1.315700e+03 0
3.536000e-01 3.475600e-01 -1.625200e-01 3.204100e-02 28 66 1.216900e+01 1.720000e+00 1.135800e+03 1.513500e+03 0
6.799100e-01 6.404000e-01 -1.730800e-01 3.204100e-02 29 66 1.368200e+01 1.720000e+00 1.287900e+03 9.285200e+02 0
6.725500e-01 7.366000e-01 -1.765400e-01 3.204100e-02 30 66 1.461200e+01 1.720000e+00 1191 8.464300e+02 0
6.711800e-01 8.044600e-01 -1.789900e-01 3.204100e-02 31 66 1.477200e+01 1.720000e+00 1.142100e+03 8.020600e+02 0
6.766400e-01 8.358800e-01 -1.801200e-01 3.204100e-02 32 66 1.421100e+01 1.720000e+00 1.127800e+03 7.843900e+02 0
6.810000e-01 8.776300e-01 -1.816300e-01 3.204100e-02 33 66 1.261400e+01 1.720000e+00 1.108300e+03 7.630600e+02 0
-9.724000e-01 3.461500e-01 -1.624700e-01 3.204100e-02 34 66 1.027000e+01 1.720000e+00 -1.690500e+03 1349 0
6.957400e-01 9.456400e-01 -1.840800e-01 3.204100e-02 35 66 1.054700e+01 1.720000e+00 1.086300e+03 7.329000e+02 0
-7.926000e-01 9.274100e-01 -1.834200e-01 3.204100e-02 36 66 1.068800e+01 1.720000e+00 -2.216300e+00 7.183000e+02 0
-8.152400e-01 9.387000e-01 -1.838300e-01 3.204100e-02 37 66 1.098500e+01 1.720000e+00 -8.941400e+00 7.137500e+02 0
-8.277900e-01 9.546300e-01 -1.844000e-01 3.204100e-02 38 66 1.049900e+01 1.720000e+00 -5.073000e+00 7.077900e+02 0
8.861800e-01 8.043000e+00 -4.398200e-01 -5.767400e-01 233 47 1.080200e+01 1.720000e+00 7.508900e+02 4.211100e+02 1
8.900000e-01 8.080300e+00 -4.411700e-01 -5.767400e-01 234 47 1.102800e+01 1.720000e+00 7.509300e+02 4.209300e+02 1
8.299700e-01 8.129800e+00 -4.429500e-01 -5.767400e-01 235 47 1.015100e+01 1.720000e+00 7.458100e+02 4.206900e+02 1
8.406100e-01 8.211200e+00 -4.458900e-01 -5.767400e-01 238 47 1.077100e+01 1.720000e+00 7.461300e+02 4.203200e+02 1
8.441600e-01 8.254300e+00 -4.474400e-01 -5.767400e-01 239 47 1.090100e+01 1.720000e+00 7.461300e+02 4.201300e+02 1
1.008400e+00 8.001900e+00 -4.383400e-01 -5.447000e-01 232 48 1.035700e+01 1.720000e+00 7.610600e+02 4.213400e+02 0
8.228800e-01 8.054500e+00 -4.402400e-01 -5.447000e-01 233 48 1.154400e+01 1.720000e+00 7.457400e+02 4.210300e+02 1
8.264300e-01 8.091100e+00 -4.415600e-01 -5.447000e-01 234 48 1.173600e+01 1.720000e+00 7.457800e+02 4.208600e+02 1
8.938200e-01 8.122600e+00 -4.426900e-01 -5.447000e-01 235 48 1.080000e+01 1.720000e+00 7.509300e+02 4.207400e+02 1
1.094600e+00 8.125700e+00 -4.428100e-01 -5.447000e-01 237 48 1.037900e+01 1.720000e+00 7.668800e+02 4.207900e+02 0
9.052800e-01 8.217100e+00 -4.461000e-01 -5.447000e-01 238 48 1.136400e+01 1.720000e+00 7.511700e+02 4.203100e+02 1
9.091000e-01 8.258900e+00 -4.476000e-01 -5.447000e-01 239 48 1.148300e+01 1.720000e+00 7.511700e+02 4.201200e+02 1
9.781300e-01 8.287700e+00 -4.486400e-01 -5.447000e-01 240 48 1.063100e+01 1.720000e+00 7.563400e+02 4.200200e+02 1
7.595800e-01 8.062600e+00 -4.405300e-01 -5.126600e-01 233 49 1.041100e+01 1.720000e+00 7.406200e+02 4.209800e+02 1
7.628600e-01 8.096200e+00 -4.417400e-01 -5.126600e-01 234 49 1.055000e+01 1.720000e+00 7.406900e+02 4.208200e+02 1
0 0 -1.500000e-01 -6.408200e-02 1 63 9.898500e+00 1.720000e+00 2167 -3.612800e+03 0
-1.800700e-02 7.643100e-03 -1.502800e-01 -6.408200e-02 2 63 9.498900e+00 1.720000e+00 2.526300e+03 -4.114400e+03 0
6.883700e-01 6.360500e-01 -1.729200e-01 -6.408200e-02 30 63 9.643500e+00 1.720000e+00 1.302900e+03 9.332200e+02 0
0 0 -1.500000e-01 -3.204100e-02 1 64 1.569200e+01 1.720000e+00 2167 -3.612800e+03 0
-7.093800e-02 1.121700e-01 -1.540400e-01 -3.204100e-02 5 64 1.416200e+01 1.720000e+00 -3.094800e+03 7.649900e+03 0
-1.585200e-01 1.860400e-01 -1.567000e-01 -3.204100e-02 8 64 1.336100e+01 1.720000e+00 -1091 2.897100e+03 0
-1.986300e-01 1.948700e-01 -1.570200e-01 -3.204100e-02 9 64 1.288800e+01 1.720000e+00 -1.148400e+03 2.696400e+03 0
-2.480100e-01 1.861000e-01 -1.567100e-01 -3.204100e-02 10 64 1.273400e+01 1.720000e+00 -1.517600e+03 2.832500e+03 0
-2.619200e-01 2.216100e-01 -1.579900e-01 -3.204100e-02 11 64 1.218200e+01 1.720000e+00 -1.065700e+03 2.269400e+03 0
-2.851200e-01 2.340000e-01 -1.584300e-01 -3.204100e-02 12 64 1.167000e+01 1.720000e+00 -1.015900e+03 2.122800e+03 0
-3.044900e-01 2.810100e-01 -1.601300e-01 -3.204100e-02 13 64 1.087600e+01 1.720000e+00 -6.976400e+02 1.741400e+03 0
3.536000e-01 4.085400e-01 -1.647200e-01 -3.204100e-02 28 64 1.205500e+01 1.720000e+00 1.052300e+03 1.300100e+03 0
6.799100e-01 6.445700e-01 -1.732300e-01 -3.204100e-02 29 64 1.365300e+01 1.720000e+00 1.283300e+03 9.243600e+02 0
6.725500e-01 7.404700e-01 -1.766800e-01 -3.204100e-02 30 64 1.457500e+01 1.720000e+00 1188 8.436500e+02 0
6.793700e-01 7.973600e-01 -1.787300e-01 -3.204100e-02 31 64 1.475500e+01 1.720000e+00 1.154200e+03 8.064700e+02 0
6.766400e-01 8.302800e-01 -1.799200e-01 -3.204100e-02 32 64 1.424500e+01 1.720000e+00 1.131200e+03 7.874500e+02 0
6.810000e-01 8.684200e-01 -1.812900e-01 -3.204100e-02 33 64 1.281200e+01 1.720000e+00 1.113200e+03 7.675800e+02 0
6.679100e-01 9.210300e-01 -1.831900e-01 -3.204100e-02 35 64 9.938700e+00 1.720000e+00 1.076200e+03 7.428800e+02 0
-7.830500e-01 9.254100e-01 -1.833500e-01 -3.204100e-02 36 64 1.065600e+01 1.720000e+00 2.860000e+00 7.191900e+02 0
-8.152400e-01 9.178000e-01 -1.830700e-01 -3.204100e-02 37 64 1.095000e+01 1.720000e+00 -2.580000e+01 7.216600e+02 0
-8.378900e-01 9.264400e-01 -1.833800e-01 -3.204100e-02 38 64 1.040200e+01 1.720000e+00 -3.445700e+01 7.180200e+02 0
