0 0 -1.500000e-01 0 1 65 1.668700e+01 3.670000e+00 2167 -3.612800e+03 0
-7.093800e-02 1.128400e-01 -1.586900e-01 0 5 65 1.520900e+01 3.670000e+00 -3.049600e+03 7634 0
-1.585200e-01 1.858800e-01 -1.643100e-01 0 8 65 1.432000e+01 3.670000e+00 -1.097800e+03 2.947300e+03 0
-1.986300e-01 1.956100e-01 -1.650600e-01 0 9 65 1.389200e+01 3.670000e+00 -1.142100e+03 2.727500e+03 0
-2.480100e-01 1.870600e-01 -1.644000e-01 0 10 65 1.369200e+01 3.670000e+00 -1.505400e+03 2.858300e+03 0
-2.619200e-01 2.222900e-01 -1.671100e-01 0 11 65 1.314300e+01 3.670000e+00 -1.061800e+03 2.301300e+03 0
-2.851200e-01 2.373500e-01 -1.682700e-01 0 12 65 1.270800e+01 3.670000e+00 -9.863100e+02 2.127600e+03 0
-3.044900e-01 2.832200e-01 -1.718000e-01 0 13 65 1.191600e+01 3.670000e+00 -6.862100e+02 1763 0
-3.085800e-01 3.077900e-01 -1.736900e-01 0 14 65 1.143500e+01 3.670000e+00 -5.571700e+02 1.625900e+03 0
-1.260500e-01 3.577000e-01 -1.775300e-01 0 15 65 1.121900e+01 3.670000e+00 3.662800e+01 1.442100e+03 0
-3.560500e-01 3.766200e-01 -1.789900e-01 0 16 65 1.123700e+01 3.670000e+00 -3.731100e+02 1.353100e+03 0
3.536000e-01 3.179600e-01 -1.744700e-01 0 28 65 1.312900e+01 3.670000e+00 1.193900e+03 1.694900e+03 0
6.799100e-01 6.394500e-01 -1.992200e-01 0 29 65 1.467500e+01 3.670000e+00 1.290500e+03 9.601100e+02 0
6.725500e-01 7.374400e-01 -2.067600e-01 0 30 65 1.560100e+01 3.670000e+00 1.191800e+03 8.755800e+02 0
6.793700e-01 7.975700e-01 -2.113900e-01 0 31 65 1.576000e+01 3.670000e+00 1.155400e+03 8.357000e+02 0
6.766400e-01 8.334000e-01 -2.141500e-01 0 32 65 1.523700e+01 3.670000e+00 1.130600e+03 8.148800e+02 0
6.810000e-01 8.732500e-01 -2.172100e-01 0 33 65 1.377400e+01 3.670000e+00 1.111800e+03 7.941200e+02 0
7.112900e-01 8.929500e-01 -2.187300e-01 0 34 65 1.174000e+01 3.670000e+00 1.126300e+03 7.851500e+02 0
7.514000e-01 8.579900e-01 -2.160400e-01 0 35 65 1.129600e+01 3.670000e+00 1.180600e+03 8.032600e+02 0
-8.594400e-01 8.507600e-01 -2.154800e-01 0 36 65 1.183200e+01 3.670000e+00 -1.203100e+02 7.762300e+02 0
-8.643500e-01 8.753300e-01 -2.173700e-01 0 37 65 1.219600e+01 3.670000e+00 -9.980900e+01 7.652600e+02 0
-8.984600e-01 8.594400e-01 -2.161500e-01 0 38 65 1.167000e+01 3.670000e+00 -1.407800e+02 7.716200e+02 0
-9.434700e-01 8.617600e-01 -2.163300e-01 0 39 65 9.977200e+00 3.670000e+00 -1.718400e+02 7.698100e+02 0
0 0 -1.500000e-01 3.204100e-02 1 66 1.565300e+01 3.670000e+00 2167 -3.612800e+03 0
-7.202900e-02 1.124000e-01 -1.586500e-01 3.204100e-02 5 66 1.419200e+01 3.670000e+00 -3.104300e+03 7.706600e+03 0
-1.585200e-01 1.857700e-01 -1.643000e-01 3.204100e-02 8 66 1.329200e+01 3.670000e+00 -1.099500e+03 2.949800e+03 0
-2.008100e-01 1.935600e-01 -1.649000e-01 3.204100e-02 9 66 1.286900e+01 3.670000e+00 -1.181900e+03 2.763800e+03 0
-2.480100e-01 1.880200e-01 -1.644700e-01 3.204100e-02 10 66 1.268400e+01 3.670000e+00 -1.488200e+03 2.839200e+03 0
-2.592000e-01 2.280800e-01 -1.675600e-01 3.204100e-02 11 66 1.208400e+01 3.670000e+00 -9.897000e+02 2.235100e+03 0
-2.851200e-01 2.421100e-01 -1.686400e-01 3.204100e-02 12 66 1.169800e+01 3.670000e+00 -9.413200e+02 2.081600e+03 0
-3.012100e-01 2.881600e-01 -1.721800e-01 3.204100e-02 13 66 1.090900e+01 3.670000e+00 -6.472100e+02 1.733900e+03 0
-4.114400e-01 1.744500e-01 -1.634300e-01 3.204100e-02 14 66 1.035500e+01 3.670000e+00 -2.553300e+03 3.008200e+03 0
-1.222300e-01 4.066200e-01 -1.813000e-01 3.204100e-02 15 66 1.025600e+01 3.670000e+00 1.391200e+02 1.292400e+03 0
3.536000e-01 3.208700e-01 -1.747000e-01 3.204100e-02 28 66 1.211000e+01 3.670000e+00 1.187700e+03 1679 0
6.722700e-01 6.424900e-01 -1.994500e-01 3.204100e-02 29 66 1.367500e+01 3.670000e+00 1278 9.567600e+02 0
6.725500e-01 7.358800e-01 -2.066400e-01 3.204100e-02 30 66 1.460600e+01 3.670000e+00 1193 8.767200e+02 0
6.711800e-01 8.044800e-01 -2.119200e-01 3.204100e-02 31 66 1.476800e+01 3.670000e+00 1.143400e+03 8.313500e+02 0
6.766400e-01 8.339900e-01 -2.141900e-01 3.204100e-02 32 66 1.426100e+01 3.670000e+00 1.130200e+03 8.145500e+02 0
6.722700e-01 8.798000e-01 -2.177200e-01 3.204100e-02 33 66 1.283900e+01 3.670000e+00 1.101100e+03 7.907300e+02 0
-9.814000e-01 5.620500e-01 -1.932600e-01 3.204100e-02 34 66 1.034700e+01 3.670000e+00 -7.142700e+02 9.764800e+02 0
7.514000e-01 8.342300e-01 -2.142100e-01 3.204100e-02 35 66 1.014100e+01 3.670000e+00 1.196300e+03 8.160100e+02 0
-8.689900e-01 8.427200e-01 -2.148600e-01 3.204100e-02 36 66 1.071100e+01 3.670000e+00 -1.358100e+02 7.797500e+02 0
-8.840000e-01 8.502500e-01 -2.154400e-01 3.204100e-02 37 66 1.101900e+01 3.670000e+00 -1.393900e+02 7.760200e+02 0
-9.085500e-01 8.328100e-01 -2.141000e-01 3.204100e-02 38 66 1.043100e+01 3.670000e+00 -1.767400e+02 7.836900e+02 0
0 0 -1.500000e-01 6.408200e-02 1 67 1.016700e+01 3.670000e+00 2167 -3.612800e+03 0
-3.328600e-02 9.573600e-03 -1.507400e-01 6.408200e-02 2 67 9.905000e+00 3.670000e+00 2750 -4.290400e+03 0
6.171600e-01 7.763900e-01 -2.097600e-01 6.408200e-02 30 67 9.617500e+00 3.670000e+00 1.110300e+03 8.474700e+02 0
6.302600e-01 7.688000e-01 -2.091700e-01 6.408200e-02 31 67 9.753500e+00 3.670000e+00 1.127600e+03 8.527400e+02 0
1.282300e-02 1.620900e+00 -2.747600e-01 -1.858400e+00 48 7 9.992000e+00 3.670000e+00 6.288300e+02 6.013700e+02 0
0 1.666400e+00 -2.782700e-01 -1.858400e+00 49 7 9.898500e+00 3.670000e+00 6.255900e+02 5.957900e+02 0
8.594400e-01 1.092500e+01 -9.909300e-01 -9.612300e-01 316 35 1.052600e+01 3.670000e+00 7.345300e+02 4.364900e+02 1
9.483900e-01 1.098200e+01 -9.953200e-01 -9.612300e-01 317 35 1.101900e+01 3.670000e+00 7.395400e+02 4.363700e+02 1
1.297300e+00 1.098700e+01 -9.956700e-01 -9.612300e-01 318 35 1.059600e+01 3.670000e+00 760 4.364600e+02 1
1.135000e+00 1.111300e+01 -1.005400e+00 -9.612300e-01 321 35 1.049300e+01 3.670000e+00 7.498200e+02 4.361000e+02 1
1.138600e+00 1.115200e+01 -1.008400e+00 -9.612300e-01 322 35 1.106200e+01 3.670000e+00 7.498300e+02 436 1
1.142100e+00 1.118500e+01 -1.010900e+00 -9.612300e-01 323 35 1.067600e+01 3.670000e+00 7.498700e+02 4.359200e+02 1
9.453800e-01 1.095600e+01 -9.933200e-01 -9.291900e-01 316 36 1.077000e+01 3.670000e+00 7.394700e+02 4.364400e+02 1
8.621700e-01 1.100200e+01 -9.968200e-01 -9.291900e-01 317 36 1.126100e+01 3.670000e+00 7.344100e+02 4.363000e+02 1
9.513900e-01 1.102800e+01 -9.988500e-01 -9.291900e-01 318 36 1.079200e+01 3.670000e+00 7.395200e+02 4.362600e+02 1
1.047700e+00 1.111700e+01 -1.005600e+00 -9.291900e-01 321 36 1.076300e+01 3.670000e+00 7.447400e+02 4.360600e+02 1
9.633900e-01 1.116900e+01 -1.009700e+00 -9.291900e-01 322 36 1.129100e+01 3.670000e+00 7.396400e+02 4.359100e+02 1
9.663900e-01 1.119600e+01 -1.011700e+00 -9.291900e-01 323 36 1.087300e+01 3.670000e+00 7.397000e+02 4.358500e+02 1
-2.300600e+00 3.668600e+00 -4.323700e-01 -7.689800e-01 125 41 1.023000e+01 3.670000e+00 2.656100e+02 4.886100e+02 1
-2.455500e+00 3.590500e+00 -4.263600e-01 -7.689800e-01 126 41 1.140100e+01 3.670000e+00 2.295300e+02 4.901400e+02 1
-2.509600e+00 3.598800e+00 -4.270000e-01 -7.689800e-01 127 41 1.141200e+01 3.670000e+00 2.213000e+02 4.898800e+02 1
-2.425500e+00 3.706600e+00 -4.352900e-01 -7.689800e-01 128 41 1.033100e+01 3.670000e+00 2.490600e+02 4.876400e+02 1
-2.416300e+00 3.338300e+00 -4.069500e-01 -7.369400e-01 124 42 9.881200e+00 3.670000e+00 2.017900e+02 4.963300e+02 1
-2.402100e+00 3.551200e+00 -4.233400e-01 -7.369400e-01 125 42 1.181700e+01 3.670000e+00 2.337300e+02 4.911100e+02 1
-2.455500e+00 3.584100e+00 -4.258700e-01 -7.369400e-01 126 42 1.283700e+01 3.670000e+00 2.287000e+02 4.902900e+02 1
-2.475200e+00 3.627000e+00 -4.291700e-01 -7.369400e-01 127 42 1.270000e+01 3.670000e+00 2.308300e+02 4.893000e+02 1
-2.494800e+00 3.666900e+00 -4.322400e-01 -7.369400e-01 128 42 1.116400e+01 3.670000e+00 2.325400e+02 4.884000e+02 1
-2.339900e+00 3.697000e+00 -4.345500e-01 -7.369400e-01 129 42 1.013600e+01 3.670000e+00 2.622900e+02 4.879500e+02 1
-2.393300e+00 3.717100e+00 -4.361000e-01 -7.369400e-01 130 42 1.039200e+01 3.670000e+00 2.556900e+02 4.874600e+02 1
-2.270000e+00 3.931600e+00 -4.526200e-01 -7.369400e-01 131 42 1.024800e+01 3.670000e+00 2.990900e+02 4.833100e+02 0
-2.430400e+00 3.857400e+00 -4.469000e-01 -7.369400e-01 132 42 1.019000e+01 3.670000e+00 2.656300e+02 4.845600e+02 1
0 0 -1.500000e-01 -7.049000e-01 1 43 9.363900e+00 3.670000e+00 2167 -3.612800e+03 0
-2.402100e+00 3.501300e+00 -4.195000e-01 -7.049000e-01 125 43 1.134600e+01 3.670000e+00 2.271800e+02 4.922800e+02 1
-2.421400e+00 3.602300e+00 -4.272600e-01 -7.049000e-01 126 43 1.226700e+01 3.670000e+00 2.369000e+02 4.899200e+02 1
-2.440800e+00 3.651400e+00 -4.310400e-01 -7.049000e-01 127 43 1.209100e+01 3.670000e+00 2.397500e+02 4.888100e+02 1
-2.425500e+00 3.713000e+00 -4.357800e-01 -7.049000e-01 128 43 1.046400e+01 3.670000e+00 2.498200e+02 4.875000e+02 1
-2.466200e+00 3.764000e+00 -4.397200e-01 -7.049000e-01 132 43 1.000100e+01 3.670000e+00 2.491400e+02 4.863900e+02 1
0 0 -1.500000e-01 -3.204100e-02 1 64 1.568000e+01 3.670000e+00 2167 -3.612800e+03 0
-7.093800e-02 1.123500e-01 -1.586500e-01 -3.204100e-02 5 64 1.418600e+01 3.670000e+00 -3.095400e+03 7.722300e+03 0
-1.585200e-01 1.859600e-01 -1.643100e-01 -3.204100e-02 8 64 1.332800e+01 3.670000e+00 -1.096500e+03 2.945500e+03 0
-1.986300e-01 1.953900e-01 -1.650400e-01 -3.204100e-02 9 64 1.288000e+01 3.670000e+00 -1.145300e+03 2.731400e+03 0
-2.480100e-01 1.860300e-01 -1.643200e-01 -3.204100e-02 10 64 1.266000e+01 3.670000e+00 -1.524200e+03 2.879200e+03 0
-2.619200e-01 2.199900e-01 -1.669300e-01 -3.204100e-02 11 64 1.218000e+01 3.670000e+00 -1.087900e+03 2.329400e+03 0
-2.851200e-01 2.309100e-01 -1.677700e-01 -3.204100e-02 12 64 1.167000e+01 3.670000e+00 -1.051400e+03 2.194200e+03 0
-3.012100e-01 2.830500e-01 -1.717900e-01 -3.204100e-02 13 64 1.088400e+01 3.670000e+00 -6.784600e+02 1.764800e+03 0
-3.050300e-01 3.101300e-01 -1.738700e-01 -3.204100e-02 14 64 1.047600e+01 3.670000e+00 -5.367600e+02 1615 0
3.536000e-01 2.994800e-01 -1.730500e-01 -3.204100e-02 28 64 1.208700e+01 3.670000e+00 1.237100e+03 1.806200e+03 0
6.799100e-01 6.439300e-01 -1.995600e-01 -3.204100e-02 29 64 1.363400e+01 3.670000e+00 1.285700e+03 9.555900e+02 0
6.725500e-01 7.395300e-01 -2.069200e-01 -3.204100e-02 30 64 1.456100e+01 3.670000e+00 1.190200e+03 8.740600e+02 0
6.793700e-01 7.974700e-01 -2.113800e-01 -3.204100e-02 31 64 1.473200e+01 3.670000e+00 1.155500e+03 8.357600e+02 0
6.766400e-01 8.329700e-01 -2.141100e-01 -3.204100e-02 32 64 1.420800e+01 3.670000e+00 1.130900e+03 8.151200e+02 0
6.810000e-01 8.753900e-01 -2.173800e-01 -3.204100e-02 33 64 1.274700e+01 3.670000e+00 1.110700e+03 7.930600e+02 0
7.202900e-01 8.789700e-01 -2.176500e-01 -3.204100e-02 34 64 1.124600e+01 3.670000e+00 1.141500e+03 7.920500e+02 0
7.606700e-01 8.594600e-01 -2.161500e-01 -3.204100e-02 35 64 1.059500e+01 3.670000e+00 1.187600e+03 8.026800e+02 0
-8.498900e-01 8.583100e-01 -2.160600e-01 -3.204100e-02 36 64 1.085000e+01 3.670000e+00 -1.055900e+02 7.729800e+02 0
-8.545300e-01 8.867400e-01 -2.182500e-01 -3.204100e-02 37 64 1.132500e+01 3.670000e+00 -8.193300e+01 7.606000e+02 0
-8.681700e-01 9.007800e-01 -2.193300e-01 -3.204100e-02 38 64 1.089900e+01 3.670000e+00 -7.892900e+01 7.546100e+02 0
