0 0 -1.500000e-01 0 1 65 1.670400e+01 1.660000e+00 2167 -3.612800e+03 0
-7.093800e-02 1.127900e-01 -1.539200e-01 0 5 65 1.518700e+01 1.660000e+00 -3.037600e+03 7.538200e+03 0
-1.604300e-01 1.843300e-01 -1.564100e-01 0 8 65 1.436300e+01 1.660000e+00 -1.126700e+03 2.931400e+03 0
-2.008100e-01 1.930000e-01 -1.567100e-01 0 9 65 1.386800e+01 1.660000e+00 -1.185600e+03 2728 0
-2.480100e-01 1.870000e-01 -1.565000e-01 0 10 65 1.366400e+01 1.660000e+00 -1.501100e+03 2813 0
-2.619200e-01 2.222100e-01 -1.577300e-01 0 11 65 1.314400e+01 1.660000e+00 -1.058900e+03 2261 0
-2.881200e-01 2.308700e-01 -1.580300e-01 0 12 65 1.267300e+01 1.660000e+00 -1.058400e+03 2.153300e+03 0
-3.110400e-01 2.753900e-01 -1.595800e-01 0 13 65 1.192500e+01 1.660000e+00 -7.526400e+02 1.774800e+03 0
-3.085800e-01 3.020900e-01 -1.605100e-01 0 14 65 1.145400e+01 1.660000e+00 -5.846800e+02 1.619500e+03 0
-1.184100e-01 4.012400e-01 -1.639500e-01 0 15 65 1.132200e+01 1.660000e+00 1.379800e+02 1.273900e+03 0
3.536000e-01 3.463000e-01 -1.620400e-01 0 28 65 1.308300e+01 1.660000e+00 1.137900e+03 1.517900e+03 0
6.799100e-01 6.391200e-01 -1.722300e-01 0 29 65 1.465600e+01 1.660000e+00 1.289200e+03 9.288600e+02 0
6.725500e-01 7.363900e-01 -1.756100e-01 0 30 65 1.558800e+01 1.660000e+00 1.191100e+03 8.456700e+02 0
6.793700e-01 7.975800e-01 -1.777400e-01 0 31 65 1.576400e+01 1.660000e+00 1.154100e+03 8.054400e+02 0
6.766400e-01 8.341500e-01 -1.790100e-01 0 32 65 1.526800e+01 1.660000e+00 1.128800e+03 7.844400e+02 0
6.810000e-01 8.743400e-01 -1.804100e-01 0 33 65 1.385500e+01 1.660000e+00 1110 7.637800e+02 0
-9.814000e-01 1.708100e-01 -1.559400e-01 0 34 65 1.097800e+01 1.660000e+00 -4.950500e+03 2.649800e+03 0
7.142900e-01 8.941700e-01 -1.811000e-01 0 35 65 1.132000e+01 1.660000e+00 1.126800e+03 7.548800e+02 0
-8.021400e-01 8.912800e-01 -1.810000e-01 0 36 65 1.178400e+01 1.660000e+00 -3.888700e+01 7.316400e+02 0
-8.250600e-01 8.689900e-01 -1.802200e-01 0 37 65 1.218600e+01 1.660000e+00 -7.575000e+01 7.407300e+02 0
-8.378900e-01 8.541800e-01 -1.797100e-01 0 38 65 1.177200e+01 1.660000e+00 -9.952200e+01 7.470700e+02 0
-8.709000e-01 8.722600e-01 -1.803300e-01 0 39 65 1.058800e+01 1.660000e+00 -1.064800e+02 7.385900e+02 0
7.563100e-01 7.748300e-01 -1.769500e-01 0 43 65 1.000100e+01 1.660000e+00 1.243700e+03 8.214200e+02 0
1.306300e+00 1.402300e+00 -1.987700e-01 0 64 65 1.003400e+01 1.660000e+00 1.254900e+03 6.140800e+02 0
0 0 -1.500000e-01 3.204100e-02 1 66 1.569200e+01 1.660000e+00 2167 -3.612800e+03 0
-7.202900e-02 1.123900e-01 -1.539100e-01 3.204100e-02 5 66 1.417500e+01 1.660000e+00 -3.087400e+03 7601 0
-1.604300e-01 1.843200e-01 -1.564100e-01 3.204100e-02 8 66 1.338100e+01 1.660000e+00 -1.126900e+03 2.931700e+03 0
-2.008100e-01 1.930800e-01 -1.567100e-01 3.204100e-02 9 66 1.288400e+01 1.660000e+00 -1.184500e+03 2.726700e+03 0
-2.480100e-01 1.881700e-01 -1.565400e-01 3.204100e-02 10 66 1.266400e+01 1.660000e+00 -1.480100e+03 2.789800e+03 0
-2.619200e-01 2.243000e-01 -1.578000e-01 3.204100e-02 11 66 1.211900e+01 1.660000e+00 -1.035800e+03 2.236300e+03 0
-2.881200e-01 2.348200e-01 -1.581700e-01 3.204100e-02 12 66 1.170300e+01 1.660000e+00 -1.017800e+03 2.112200e+03 0
-3.143100e-01 2.730600e-01 -1.595000e-01 3.204100e-02 13 66 1.093400e+01 1.660000e+00 -7.778700e+02 1.789500e+03 0
-1.145900e-01 4.020000e-01 -1.639800e-01 3.204100e-02 15 66 1.033000e+01 1.660000e+00 1.463500e+02 1.272200e+03 0
3.536000e-01 3.644300e-01 -1.626700e-01 3.204100e-02 28 66 1.204700e+01 1.660000e+00 1109 1.444100e+03 0
6.799100e-01 6.358600e-01 -1.721100e-01 3.204100e-02 29 66 1.363300e+01 1.660000e+00 1.292800e+03 9.321500e+02 0
6.725500e-01 7.347600e-01 -1.755500e-01 3.204100e-02 30 66 1.456600e+01 1.660000e+00 1.192400e+03 8.468500e+02 0
6.711800e-01 8.044500e-01 -1.779800e-01 3.204100e-02 31 66 1.473400e+01 1.660000e+00 1.142100e+03 8.011700e+02 0
6.766400e-01 8.352700e-01 -1.790500e-01 3.204100e-02 32 66 1.422800e+01 1.660000e+00 1.128200e+03 7.838300e+02 0
6.722700e-01 8.828700e-01 -1.807000e-01 3.204100e-02 33 66 1.279100e+01 1.660000e+00 1.098300e+03 7.594900e+02 0
7.235700e-01 8.587800e-01 -1.798700e-01 3.204100e-02 35 66 1.043800e+01 1.660000e+00 1.154800e+03 7.723500e+02 0
-8.021400e-01 9.026200e-01 -1.813900e-01 3.204100e-02 36 66 1.075800e+01 1.660000e+00 -2.917800e+01 7.270200e+02 0
-8.250600e-01 8.754600e-01 -1.804500e-01 3.204100e-02 37 66 1.105500e+01 1.660000e+00 -6.975100e+01 7.379400e+02 0
-8.378900e-01 8.640800e-01 -1.800500e-01 3.204100e-02 38 66 1.058900e+01 1.660000e+00 -8.992400e+01 7.426700e+02 0
1.437000e+00 7.866700e+00 -4.235800e-01 -5.447000e-01 230 48 1.026100e+01 1.660000e+00 7.975000e+02 4.213500e+02 1
1.443300e+00 7.900900e+00 -4.247700e-01 -5.447000e-01 231 48 1.107600e+01 1.660000e+00 7.975600e+02 4.211800e+02 1
1.386600e+00 7.945300e+00 -4.263100e-01 -5.447000e-01 232 48 1.082300e+01 1.660000e+00 7.923400e+02 4.209500e+02 1
1.527900e+00 7.668500e+00 -4.166800e-01 -5.126600e-01 225 49 1.032900e+01 1.660000e+00 8.079200e+02 4.223900e+02 0
1.411900e+00 7.729800e+00 -4.188200e-01 -5.126600e-01 226 49 1.121800e+01 1.660000e+00 7.972600e+02 4.220300e+02 1
1.418200e+00 7.763400e+00 -4.199800e-01 -5.126600e-01 227 49 1.102900e+01 1.660000e+00 7.973300e+02 4.218600e+02 1
1.312100e+00 7.887600e+00 -4.243000e-01 -5.126600e-01 230 49 1.145100e+01 1.660000e+00 7.869500e+02 4.212100e+02 1
1.380600e+00 7.912700e+00 -4.251800e-01 -5.126600e-01 231 49 1.228800e+01 1.660000e+00 7.922600e+02 4.211100e+02 1
1.449600e+00 7.935600e+00 -4.259700e-01 -5.126600e-01 232 49 1.212400e+01 1.660000e+00 7.976100e+02 4.210200e+02 1
1.455900e+00 7.970200e+00 -4.271800e-01 -5.126600e-01 233 49 1.094300e+01 1.660000e+00 7.976600e+02 4.208500e+02 1
1.411900e+00 7.725900e+00 -4.186800e-01 -4.806200e-01 226 50 1.074200e+01 1.660000e+00 7.973200e+02 4.220500e+02 1
1.356600e+00 7.770800e+00 -4.202400e-01 -4.806200e-01 227 50 1.065500e+01 1.660000e+00 7.920800e+02 4.218000e+02 1
1.312100e+00 7.887100e+00 -4.242900e-01 -4.806200e-01 230 50 1.064300e+01 1.660000e+00 7.869600e+02 4.212100e+02 1
1.380600e+00 7.912500e+00 -4.251700e-01 -4.806200e-01 231 50 1.157600e+01 1.660000e+00 7.922600e+02 4.211100e+02 1
1.449600e+00 7.931700e+00 -4.258400e-01 -4.806200e-01 232 50 1.147400e+01 1.660000e+00 7.976600e+02 4.210300e+02 1
1.519200e+00 7.908000e+00 -4.250100e-01 -4.806200e-01 233 50 1.041300e+01 1.660000e+00 8.036900e+02 4.211700e+02 1
-1.283400e+00 2.513900e+00 -2.374200e-01 -1.922500e-01 85 59 1.065800e+01 1.660000e+00 3.214600e+02 5.013100e+02 0
-1.298700e+00 2.586800e+00 -2.399600e-01 -1.922500e-01 86 59 1.076100e+01 1.660000e+00 3.283600e+02 4.979000e+02 0
0 0 -1.500000e-01 -1.602100e-01 1 60 9.461800e+00 1.660000e+00 2167 -3.612800e+03 0
-1.306300e+00 2.406900e+00 -2.337000e-01 -1.602100e-01 85 60 1.034200e+01 1.660000e+00 2.987100e+02 5.065800e+02 0
-1.321900e+00 2.505100e+00 -2.371200e-01 -1.602100e-01 86 60 1.039800e+01 1.660000e+00 3.104700e+02 5.016500e+02 0
0 0 -1.500000e-01 -3.204100e-02 1 64 1.569700e+01 1.660000e+00 2167 -3.612800e+03 0
-7.093800e-02 1.120700e-01 -1.539000e-01 -3.204100e-02 5 64 1.415700e+01 1.660000e+00 -3.103700e+03 7.664900e+03 0
-1.585200e-01 1.860000e-01 -1.564700e-01 -3.204100e-02 8 64 1.331400e+01 1.660000e+00 -1.091400e+03 2.896500e+03 0
-2.008100e-01 1.929500e-01 -1.567100e-01 -3.204100e-02 9 64 1.281100e+01 1.660000e+00 -1.186400e+03 2.729100e+03 0
-2.480100e-01 1.852900e-01 -1.564400e-01 -3.204100e-02 10 64 1.261000e+01 1.660000e+00 -1.532300e+03 2.847600e+03 0
-2.646500e-01 2.145900e-01 -1.574600e-01 -3.204100e-02 11 64 1.212800e+01 1.660000e+00 -1.158600e+03 2.355500e+03 0
-2.911200e-01 2.227100e-01 -1.577500e-01 -3.204100e-02 12 64 1.156800e+01 1.660000e+00 -1.159400e+03 2.243200e+03 0
-3.110400e-01 2.763900e-01 -1.596100e-01 -3.204100e-02 13 64 1.087500e+01 1.660000e+00 -7.458400e+02 1.768300e+03 0
-3.085800e-01 3.015600e-01 -1.604900e-01 -3.204100e-02 14 64 1.041000e+01 1.660000e+00 -5.875500e+02 1.622300e+03 0
-1.145900e-01 3.587500e-01 -1.624800e-01 -3.204100e-02 15 64 1.037500e+01 1.660000e+00 6.435200e+01 1.405400e+03 0
3.609700e-01 2.617300e-01 -1.591000e-01 -3.204100e-02 28 64 1.205700e+01 1.660000e+00 1.378900e+03 2.065700e+03 0
6.799100e-01 6.469400e-01 -1.725000e-01 -3.204100e-02 29 64 1.364300e+01 1.660000e+00 1.280700e+03 9.211000e+02 0
6.725500e-01 7.393600e-01 -1.757100e-01 -3.204100e-02 30 64 1.457700e+01 1.660000e+00 1.188800e+03 8.435300e+02 0
6.793700e-01 7.975300e-01 -1.777400e-01 -3.204100e-02 31 64 1.475900e+01 1.660000e+00 1.154100e+03 8.054700e+02 0
6.766400e-01 8.332700e-01 -1.789800e-01 -3.204100e-02 32 64 1.426400e+01 1.660000e+00 1.129400e+03 7.849200e+02 0
6.722700e-01 8.786300e-01 -1.805600e-01 -3.204100e-02 33 64 1.285600e+01 1.660000e+00 1.100500e+03 7.615300e+02 0
7.142900e-01 8.685900e-01 -1.802100e-01 -3.204100e-02 35 64 1.032300e+01 1.660000e+00 1.141100e+03 7.672200e+02 0
-7.926000e-01 8.769300e-01 -1.805000e-01 -3.204100e-02 36 64 1.097600e+01 1.660000e+00 -4.452900e+01 7.378200e+02 0
-8.152400e-01 8.489700e-01 -1.795200e-01 -3.204100e-02 37 64 1.136500e+01 1.660000e+00 -8.749000e+01 7.498200e+02 0
-8.378900e-01 8.285000e-01 -1.788100e-01 -3.204100e-02 38 64 1.102700e+01 1.660000e+00 -1.255500e+02 7.590200e+02 0
-8.501600e-01 9.033800e-01 -1.814200e-01 -3.204100e-02 39 64 1.003700e+01 1.660000e+00 -6.274300e+01 726 0
