0 0 -1.500000e-01 0 1 65 1.674800e+01 2.330000e+00 2167 -3.612800e+03 0
-7.093800e-02 1.129100e-01 -1.555100e-01 0 5 65 1.516600e+01 2.330000e+00 -3.032400e+03 7.552300e+03 0
-1.585200e-01 1.859400e-01 -1.590800e-01 0 8 65 1.431600e+01 2.330000e+00 -1.093800e+03 2.913800e+03 0
-2.008100e-01 1.929100e-01 -1.594200e-01 0 9 65 1.386200e+01 2.330000e+00 -1.188400e+03 2745 0
-2.480100e-01 1.868800e-01 -1.591200e-01 0 10 65 1.366600e+01 2.330000e+00 -1505 2.830900e+03 0
-2.619200e-01 2.221100e-01 -1.608400e-01 0 11 65 1.306100e+01 2.330000e+00 -1.061200e+03 2.275900e+03 0
-2.851200e-01 2.345600e-01 -1.614500e-01 0 12 65 1.264300e+01 2.330000e+00 -1.011400e+03 2.129200e+03 0
-3.044900e-01 2.815000e-01 -1.637400e-01 0 13 65 1.187800e+01 2.330000e+00 -6.953500e+02 1.749400e+03 0
-3.121300e-01 3.060000e-01 -1.649400e-01 0 14 65 1.153300e+01 2.330000e+00 -5.735200e+02 1.610700e+03 0
-1.260500e-01 3.907400e-01 -1.690800e-01 0 15 65 1.135000e+01 2.330000e+00 1.048700e+02 1.313400e+03 0
3.609700e-01 3.520500e-01 -1.671900e-01 0 28 65 1.306300e+01 2.330000e+00 1.146800e+03 1.506700e+03 0
6.799100e-01 6.373300e-01 -1.811200e-01 0 29 65 1.463500e+01 2.330000e+00 1.291700e+03 9.411800e+02 0
6.725500e-01 7.358800e-01 -1.859300e-01 0 30 65 1.557700e+01 2.330000e+00 1192 8.562400e+02 0
6.793700e-01 7.975800e-01 -1.889400e-01 0 31 65 1.574000e+01 2.330000e+00 1.154500e+03 8.155100e+02 0
6.766400e-01 8.345200e-01 -1.907500e-01 0 32 65 1.522200e+01 2.330000e+00 1129 7.942200e+02 0
6.810000e-01 8.748800e-01 -1.927200e-01 0 33 65 1.377000e+01 2.330000e+00 1.110100e+03 7.734200e+02 0
6.482600e-01 9.528200e-01 -1.965200e-01 0 34 65 1.120200e+01 2.330000e+00 1.047500e+03 7.381600e+02 0
7.514000e-01 8.141700e-01 -1.897500e-01 0 35 65 1.108300e+01 2.330000e+00 1.209400e+03 8.072500e+02 0
-8.498900e-01 8.741900e-01 -1.926800e-01 0 36 65 1.176200e+01 2.330000e+00 -8.954900e+01 7.473700e+02 0
-8.643500e-01 8.730200e-01 -1.926300e-01 0 37 65 1.221000e+01 2.330000e+00 -1.013000e+02 7.476400e+02 0
-8.782700e-01 8.572400e-01 -1.918600e-01 0 38 65 1.185300e+01 2.330000e+00 -1.271600e+02 7.543200e+02 0
-9.331100e-01 7.686900e-01 -1.875300e-01 0 39 65 1.041900e+01 2.330000e+00 -2.732400e+02 7.975400e+02 0
0 0 -1.500000e-01 3.204100e-02 1 66 1.573000e+01 2.330000e+00 2167 -3.612800e+03 0
-7.202900e-02 1.124200e-01 -1.554900e-01 3.204100e-02 5 66 1.415300e+01 2.330000e+00 -3.090700e+03 7.631700e+03 0
-1.585200e-01 1.857200e-01 -1.590700e-01 3.204100e-02 8 66 1.328000e+01 2.330000e+00 -1.097200e+03 2.918500e+03 0
-2.008100e-01 1.934600e-01 -1.594500e-01 3.204100e-02 9 66 1.282000e+01 2.330000e+00 -1.180200e+03 2.734700e+03 0
-2.480100e-01 1.874000e-01 -1.591500e-01 3.204100e-02 10 66 1.262200e+01 2.330000e+00 -1.495600e+03 2.820400e+03 0
-2.592000e-01 2.271100e-01 -1.610900e-01 3.204100e-02 11 66 1.198700e+01 2.330000e+00 -9.972700e+02 2.218800e+03 0
-2.851200e-01 2.353800e-01 -1.614900e-01 3.204100e-02 12 66 1.158700e+01 2.330000e+00 -1.003300e+03 2.120900e+03 0
-3.044900e-01 2.820700e-01 -1.637700e-01 3.204100e-02 13 66 1.085600e+01 2.330000e+00 -6.917100e+02 1.745800e+03 0
-3.121300e-01 3.092300e-01 -1.651000e-01 3.204100e-02 14 66 1.054900e+01 2.330000e+00 -5.568600e+02 1.594600e+03 0
-1.222300e-01 4.107500e-01 -1.700600e-01 3.204100e-02 15 66 1.050700e+01 2.330000e+00 1.463400e+02 1.259700e+03 0
3.609700e-01 3.658000e-01 -1.678600e-01 3.204100e-02 28 66 1.201800e+01 2.330000e+00 1.124600e+03 1.451900e+03 0
6.722700e-01 6.402000e-01 -1.812600e-01 3.204100e-02 29 66 1.362700e+01 2.330000e+00 1.279400e+03 9.379900e+02 0
6.725500e-01 7.330400e-01 -1.857900e-01 3.204100e-02 30 66 1.459700e+01 2.330000e+00 1.194300e+03 8.583200e+02 0
6.711800e-01 8.042500e-01 -1.892700e-01 3.204100e-02 31 66 1.476900e+01 2.330000e+00 1.142600e+03 8.113200e+02 0
6.766400e-01 8.375700e-01 -1.909000e-01 3.204100e-02 32 66 1.425800e+01 2.330000e+00 1.127300e+03 7.925700e+02 0
6.810000e-01 8.788700e-01 -1.929100e-01 3.204100e-02 33 66 1.282400e+01 2.330000e+00 1108 7.714800e+02 0
6.482600e-01 9.484400e-01 -1.963100e-01 3.204100e-02 34 66 1.032200e+01 2.330000e+00 1.049300e+03 7.399400e+02 0
7.699500e-01 7.983400e-01 -1.889800e-01 3.204100e-02 35 66 1.002500e+01 2.330000e+00 1.238400e+03 8.170700e+02 0
-8.594400e-01 8.685000e-01 -1.924100e-01 3.204100e-02 36 66 1.059100e+01 2.330000e+00 -1.020300e+02 7.496800e+02 0
-8.643500e-01 8.774300e-01 -1.928400e-01 3.204100e-02 37 66 1.105400e+01 2.330000e+00 -9.708500e+01 7.457600e+02 0
-8.883600e-01 8.456900e-01 -1.912900e-01 3.204100e-02 38 66 1.075800e+01 2.330000e+00 -1.466500e+02 7.593800e+02 0
6.302600e-01 8.369100e-01 -1.908600e-01 6.408200e-02 31 67 1.001700e+01 2.330000e+00 1087 7.919900e+02 0
6.851000e-01 8.295800e-01 -1.905100e-01 6.408200e-02 32 67 1.011700e+01 2.330000e+00 1.139500e+03 7.971100e+02 0
7.333900e-01 8.233400e-01 -1.902000e-01 6.408200e-02 33 67 9.677100e+00 2.330000e+00 1.186700e+03 8.016100e+02 0
0 0 -1.500000e-01 9.612300e-02 1 68 9.962800e+00 2.330000e+00 2167 -3.612800e+03 0
-4.638300e-03 3.435600e-02 -1.516800e-01 9.612300e-02 2 68 9.439100e+00 2.330000e+00 3.531100e+03 -7.117200e+03 0
6.220700e-01 8.053300e-01 -1.893200e-01 9.612300e-02 31 68 9.578800e+00 2.330000e+00 1097 8.096100e+02 0
6.597200e-01 8.189900e-01 -1.899900e-01 9.612300e-02 32 68 9.932800e+00 2.330000e+00 1.123200e+03 8.025200e+02 0
7.377500e-01 5.837500e+00 -4.350200e-01 -8.971500e-01 170 37 1.052500e+01 2.330000e+00 7.565500e+02 4.433700e+02 1
6.957400e-01 5.894100e+00 -4.377900e-01 -8.971500e-01 171 37 1.105900e+01 2.330000e+00 7.513100e+02 4.428400e+02 1
6.998300e-01 5.905400e+00 -4.383400e-01 -8.971500e-01 172 37 1.081000e+01 2.330000e+00 7.516500e+02 4.427500e+02 1
7.508500e-01 5.860800e+00 -4.361600e-01 -8.971500e-01 173 37 9.920900e+00 2.330000e+00 7.577400e+02 4.431700e+02 1
7.792300e-01 5.781800e+00 -4.323100e-01 -8.651100e-01 169 38 1.032700e+01 2.330000e+00 7.618200e+02 4.439100e+02 1
6.455400e-01 5.866600e+00 -4.364500e-01 -8.651100e-01 170 38 1.193500e+01 2.330000e+00 7.460400e+02 4.430600e+02 1
6.493600e-01 5.898100e+00 -4.379800e-01 -8.651100e-01 171 38 1.261600e+01 2.330000e+00 7.461800e+02 4.427800e+02 1
6.531700e-01 5.929300e+00 -4.395000e-01 -8.651100e-01 172 38 1.226000e+01 2.330000e+00 7.463100e+02 4.425100e+02 1
6.100700e-01 5.975500e+00 -4.417600e-01 -8.651100e-01 173 38 1.055800e+01 2.330000e+00 7.412300e+02 4.420900e+02 1
4.248100e-01 6.026800e+00 -4.442700e-01 -8.651100e-01 174 38 1.055600e+01 2.330000e+00 7.209400e+02 4.415500e+02 1
4.747400e-01 6.037200e+00 -4.447700e-01 -8.651100e-01 175 38 1.016100e+01 2.330000e+00 7.262400e+02 4.414900e+02 1
5.994300e-01 5.871500e+00 -4.366800e-01 -8.330700e-01 170 39 1.153900e+01 2.330000e+00 7.409100e+02 4.429900e+02 1
6.029700e-01 5.905200e+00 -4.383300e-01 -8.330700e-01 171 39 1.227900e+01 2.330000e+00 7.410200e+02 4.427000e+02 1
5.598600e-01 5.945500e+00 -4.403000e-01 -8.330700e-01 172 39 1.187300e+01 2.330000e+00 7.360100e+02 4.423200e+02 1
6.100700e-01 5.975300e+00 -4.417500e-01 -8.330700e-01 173 39 1.078600e+01 2.330000e+00 7.412300e+02 4.420900e+02 1
5.664100e-01 6.002400e+00 -4.430700e-01 -8.330700e-01 174 39 1.135300e+01 2.330000e+00 7.363100e+02 4.418400e+02 1
5.222100e-01 6.026000e+00 -4.442300e-01 -8.330700e-01 175 39 1.073000e+01 2.330000e+00 7.313900e+02 4.416100e+02 1
9.854900e-01 5.885600e+00 -4.373700e-01 -8.010300e-01 173 40 9.862100e+00 2.330000e+00 7.833700e+02 4.430800e+02 0
8.024200e-01 5.955800e+00 -4.408000e-01 -8.010300e-01 174 40 1.007900e+01 2.330000e+00 7.623200e+02 4.423600e+02 1
0 0 -1.500000e-01 -3.204100e-02 1 64 1.573500e+01 2.330000e+00 2167 -3.612800e+03 0
-7.093800e-02 1.127100e-01 -1.555000e-01 -3.204100e-02 5 64 1.413900e+01 2.330000e+00 -3.050200e+03 7.586400e+03 0
-1.585200e-01 1.860400e-01 -1.590800e-01 -3.204100e-02 8 64 1.333000e+01 2.330000e+00 -1.092400e+03 2.911700e+03 0
-1.986300e-01 1.951100e-01 -1.595300e-01 -3.204100e-02 9 64 1.284900e+01 2.330000e+00 -1.146200e+03 2.705900e+03 0
-2.480100e-01 1.869200e-01 -1.591300e-01 -3.204100e-02 10 64 1.264300e+01 2.330000e+00 -1.504300e+03 2830 0
-2.619200e-01 2.220000e-01 -1.608400e-01 -3.204100e-02 11 64 1.201000e+01 2.330000e+00 -1.062400e+03 2.277200e+03 0
-2.881200e-01 2.287200e-01 -1.611700e-01 -3.204100e-02 12 64 1.162500e+01 2.330000e+00 -1.082600e+03 2.189900e+03 0
-3.077600e-01 2.761800e-01 -1.634800e-01 -3.204100e-02 13 64 1.085200e+01 2.330000e+00 -7.391600e+02 1.782600e+03 0
-3.156700e-01 2.950800e-01 -1.644100e-01 -3.204100e-02 14 64 1.050900e+01 2.330000e+00 -6.423400e+02 1.667500e+03 0
-1.260500e-01 4.201800e-01 -1.705200e-01 -3.204100e-02 15 64 1.051800e+01 2.330000e+00 1.543400e+02 1236 0
3.609700e-01 3.156800e-01 -1.654100e-01 -3.204100e-02 28 64 1.203400e+01 2.330000e+00 1.218600e+03 1.683300e+03 0
6.799100e-01 6.392500e-01 -1.812100e-01 -3.204100e-02 29 64 1.358600e+01 2.330000e+00 1.289600e+03 9.392300e+02 0
6.725500e-01 7.382600e-01 -1.860500e-01 -3.204100e-02 30 64 1.452900e+01 2.330000e+00 1.190200e+03 8.545200e+02 0
6.793700e-01 7.974300e-01 -1.889400e-01 -3.204100e-02 31 64 1.469500e+01 2.330000e+00 1.154600e+03 8.156000e+02 0
6.766400e-01 8.303300e-01 -1.905400e-01 -3.204100e-02 32 64 1.418900e+01 2.330000e+00 1.131500e+03 7.965200e+02 0
6.810000e-01 8.683200e-01 -1.924000e-01 -3.204100e-02 33 64 1.275800e+01 2.330000e+00 1.113700e+03 7.766700e+02 0
6.662700e-01 9.349200e-01 -1.956500e-01 -3.204100e-02 34 64 1.029700e+01 2.330000e+00 1.068900e+03 7.458400e+02 0
7.235700e-01 8.166600e-01 -1.898700e-01 -3.204100e-02 35 64 1.010500e+01 2.330000e+00 1.182300e+03 8.052100e+02 0
-8.594400e-01 8.550000e-01 -1.917500e-01 -3.204100e-02 36 64 1.082300e+01 2.330000e+00 -1.153000e+02 7.556500e+02 0
-8.741700e-01 8.542000e-01 -1.917100e-01 -3.204100e-02 37 64 1.130600e+01 2.330000e+00 -1.271700e+02 7.557600e+02 0
-9.085500e-01 8.261800e-01 -1.903400e-01 -3.204100e-02 38 64 1.095300e+01 2.330000e+00 -1.832700e+02 7.681900e+02 0
-9.642100e-01 7.709300e-01 -1.876400e-01 -3.204100e-02 39 64 9.649800e+00 2.330000e+00 -296 7.956500e+02 0
