0 0 -1.500000e-01 0 1 65 1.670500e+01 2.060000e+00 2167 -3.612800e+03 0
-7.093800e-02 1.132000e-01 -1.548900e-01 0 5 65 1.517400e+01 2.060000e+00 -3.003600e+03 7.487300e+03 0
-1.585200e-01 1.859200e-01 -1.580200e-01 0 8 65 1.431500e+01 2.060000e+00 -1.093600e+03 2.907900e+03 0
-1.986300e-01 1.955300e-01 -1.584400e-01 0 9 65 1.386800e+01 2.060000e+00 -1.139700e+03 2.692200e+03 0
-2.480100e-01 1.868900e-01 -1.580700e-01 0 10 65 1.365500e+01 2.060000e+00 -1.504100e+03 2.824400e+03 0
-2.619200e-01 2.222300e-01 -1.595900e-01 0 11 65 1.308900e+01 2.060000e+00 -1.059400e+03 2.268900e+03 0
-2.881200e-01 2.320300e-01 -1.600200e-01 0 12 65 1.265900e+01 2.060000e+00 -1047 2149 0
-3.077600e-01 2.804400e-01 -1.621000e-01 0 13 65 1.185400e+01 2.060000e+00 -7.106500e+02 1.750400e+03 0
-3.121300e-01 2.996500e-01 -1.629300e-01 0 14 65 1.142300e+01 2.060000e+00 -6.073100e+02 1.638700e+03 0
-1.222300e-01 4.261800e-01 -1.684000e-01 0 15 65 1.131300e+01 2.060000e+00 1.701400e+02 1.217700e+03 0
-3.560500e-01 3.772900e-01 -1.662900e-01 0 16 65 1.126000e+01 2.060000e+00 -3.693700e+02 1.324700e+03 0
3.536000e-01 3.625600e-01 -1.656500e-01 0 28 65 1.314800e+01 2.060000e+00 1.112100e+03 1.458500e+03 0
6.799100e-01 6.414700e-01 -1.776900e-01 0 29 65 1.467300e+01 2.060000e+00 1287 9.327700e+02 0
6.725500e-01 7.382700e-01 -1.818700e-01 0 30 65 1.559400e+01 2.060000e+00 1190 8.504000e+02 0
6.711800e-01 8.044700e-01 -1.847200e-01 0 31 65 1.575300e+01 2.060000e+00 1.142300e+03 8.071500e+02 0
6.766400e-01 8.333500e-01 -1.859700e-01 0 32 65 1.523100e+01 2.060000e+00 1.129600e+03 7.908400e+02 0
6.722700e-01 8.728500e-01 -1.876700e-01 0 33 65 1.382000e+01 2.060000e+00 1.103700e+03 7.702700e+02 0
6.572700e-01 9.422400e-01 -1.906700e-01 0 34 65 1.097700e+01 2.060000e+00 1.058600e+03 7.386800e+02 0
7.606700e-01 8.867400e-01 -1.882700e-01 0 35 65 1.076300e+01 2.060000e+00 1.169400e+03 7.651200e+02 0
-8.212400e-01 8.968100e-01 -1.887100e-01 0 36 65 1.176600e+01 2.060000e+00 -4.804500e+01 7.346200e+02 0
-8.348900e-01 8.962600e-01 -1.886900e-01 0 37 65 1.211000e+01 2.060000e+00 -5.831600e+01 7.346300e+02 0
-8.580800e-01 8.810700e-01 -1.880300e-01 0 38 65 1.162000e+01 2.060000e+00 -8.892200e+01 7.405700e+02 0
0 0 -1.500000e-01 3.204100e-02 1 66 1.568000e+01 2.060000e+00 2167 -3.612800e+03 0
-7.202900e-02 1.125000e-01 -1.548600e-01 3.204100e-02 5 66 1.416400e+01 2.060000e+00 -3081 7.603300e+03 0
-1.585200e-01 1.856300e-01 -1.580100e-01 3.204100e-02 8 66 1.315600e+01 2.060000e+00 -1098 2.914100e+03 0
-2.008100e-01 1.939200e-01 -1.583700e-01 3.204100e-02 9 66 1.284900e+01 2.060000e+00 -1.172800e+03 2.720100e+03 0
-2.480100e-01 1.891300e-01 -1.581600e-01 3.204100e-02 10 66 1.264600e+01 2.060000e+00 -1.464200e+03 2.780200e+03 0
-2.619200e-01 2.256900e-01 -1.597400e-01 3.204100e-02 11 66 1.197700e+01 2.060000e+00 -1.021600e+03 2.228400e+03 0
-2.881200e-01 2.367200e-01 -1.602200e-01 3.204100e-02 12 66 1.163100e+01 2.060000e+00 -9.996800e+02 2.101100e+03 0
-3.077600e-01 2.819100e-01 -1.621700e-01 3.204100e-02 13 66 1.088100e+01 2.060000e+00 -7.012100e+02 1.741200e+03 0
-3.085800e-01 3.035800e-01 -1.631000e-01 3.204100e-02 14 66 1.053700e+01 2.060000e+00 -5.772400e+02 1.618900e+03 0
-1.260500e-01 4.392100e-01 -1.689600e-01 3.204100e-02 15 66 1.038600e+01 2.060000e+00 1.822000e+02 1.188100e+03 0
3.536000e-01 2.965700e-01 -1.628000e-01 3.204100e-02 28 66 1.213400e+01 2.060000e+00 1.243100e+03 1.793500e+03 0
6.799100e-01 6.385700e-01 -1.775600e-01 3.204100e-02 29 66 1.362100e+01 2.060000e+00 1.290100e+03 9.356900e+02 0
6.725500e-01 7.360900e-01 -1.817700e-01 3.204100e-02 30 66 1.457000e+01 2.060000e+00 1.191700e+03 8.519800e+02 0
6.711800e-01 8.044500e-01 -1.847200e-01 3.204100e-02 31 66 1.471700e+01 2.060000e+00 1.142300e+03 8.071600e+02 0
6.766400e-01 8.350500e-01 -1.860400e-01 3.204100e-02 32 66 1.417200e+01 2.060000e+00 1.128600e+03 7.899100e+02 0
6.722700e-01 8.757300e-01 -1.878000e-01 3.204100e-02 33 66 1.270600e+01 2.060000e+00 1.102200e+03 7.688500e+02 0
-8.116900e-01 9.097400e-01 -1.892700e-01 3.204100e-02 36 66 1.067300e+01 2.060000e+00 -3.017000e+01 7.295700e+02 0
-8.348900e-01 8.983700e-01 -1.887800e-01 3.204100e-02 37 66 1.100800e+01 2.060000e+00 -5.645400e+01 7.337800e+02 0
-8.681700e-01 8.607800e-01 -1.871500e-01 3.204100e-02 38 66 1.056200e+01 2.060000e+00 -1.159200e+02 7.491700e+02 0
0 0 -1.500000e-01 6.408200e-02 1 67 1.037000e+01 2.060000e+00 2167 -3.612800e+03 0
-4.583700e-02 1.406100e+00 -2.106900e-01 1.025300e+00 43 97 9.909000e+00 2.060000e+00 5.902600e+02 6.098500e+02 0
-3.519600e-02 1.443600e+00 -2.123100e-01 1.025300e+00 44 97 1.060700e+01 2.060000e+00 598 6.038500e+02 0
-3.601500e-02 1.467900e+00 -2.133600e-01 1.025300e+00 45 97 1.017900e+01 2.060000e+00 5.992900e+02 6.001000e+02 0
-8.021400e-02 1.431300e+00 -2.117800e-01 1.057400e+00 43 98 1.024100e+01 2.060000e+00 5.762000e+02 6.055100e+02 0
-5.866000e-02 1.460900e+00 -2.130600e-01 1.057400e+00 44 98 1.113900e+01 2.060000e+00 5.885100e+02 6.010200e+02 0
-6.002400e-02 1.503300e+00 -2.148900e-01 1.057400e+00 45 98 1.102100e+01 2.060000e+00 5.910200e+02 5.947000e+02 0
-7.039200e-02 1.452500e+00 -2.126900e-01 1.089400e+00 44 99 1.055800e+01 2.060000e+00 5.825000e+02 6.022400e+02 0
-6.002400e-02 1.497400e+00 -2.146300e-01 1.089400e+00 45 99 1.063400e+01 2.060000e+00 5.906000e+02 5.955600e+02 0
-6.138900e-02 1.521000e+00 -2.156500e-01 1.089400e+00 46 99 9.614300e+00 2.060000e+00 5.916800e+02 5.921700e+02 0
1.359000e+00 1.012400e+01 -5.870000e-01 -3.844900e-01 294 53 1.009400e+01 2.060000e+00 7.692000e+02 4.178700e+02 1
0 0 -1.500000e-01 -3.524500e-01 1 54 9.535900e+00 2.060000e+00 2167 -3.612800e+03 0
1.587900e+00 1.003500e+01 -5.831500e-01 -3.524500e-01 292 54 1.059800e+01 2.060000e+00 7.846200e+02 4.182000e+02 1
1.593400e+00 1.006600e+01 -5.845000e-01 -3.524500e-01 293 54 1.128400e+01 2.060000e+00 7.846800e+02 4.181000e+02 1
1.518900e+00 1.010500e+01 -5.861800e-01 -3.524500e-01 294 54 1.136500e+01 2.060000e+00 7.795600e+02 4.179700e+02 1
1.443900e+00 1.016400e+01 -5.887200e-01 -3.524500e-01 295 54 1.079300e+01 2.060000e+00 7.742900e+02 4.177700e+02 1
1.673000e+00 1.000500e+01 -5.818300e-01 -3.204100e-01 293 55 1.074400e+01 2.060000e+00 7.904000e+02 4.183100e+02 1
1.598800e+00 1.005100e+01 -5.838400e-01 -3.204100e-01 294 55 1.096700e+01 2.060000e+00 7.851700e+02 4.181500e+02 1
1.443900e+00 1.013500e+01 -5.874700e-01 -3.204100e-01 295 55 1.049500e+01 2.060000e+00 7.745200e+02 4.178600e+02 1
-6.967200e+00 6.112800e+00 -4.138500e-01 -2.242900e-01 267 58 1.030700e+01 2.060000e+00 -2.952300e+01 4.337600e+02 0
-7.430500e+00 5.629300e+00 -3.929800e-01 -2.242900e-01 268 58 1.065600e+01 2.060000e+00 -1.385600e+02 4.373300e+02 0
0 0 -1.500000e-01 -3.204100e-02 1 64 1.570400e+01 2.060000e+00 2167 -3.612800e+03 0
-7.093800e-02 1.132200e-01 -1.548900e-01 -3.204100e-02 5 64 1.414100e+01 2.060000e+00 -3.002200e+03 7.484600e+03 0
-1.585200e-01 1.860600e-01 -1.580300e-01 -3.204100e-02 8 64 1.333700e+01 2.060000e+00 -1.091500e+03 2.904900e+03 0
-1.986300e-01 1.947400e-01 -1.584100e-01 -3.204100e-02 9 64 1.285200e+01 2.060000e+00 -1151 2.706500e+03 0
-2.480100e-01 1.849900e-01 -1.579800e-01 -3.204100e-02 10 64 1.262500e+01 2.060000e+00 -1539 2.863100e+03 0
-2.619200e-01 2.194900e-01 -1.594700e-01 -3.204100e-02 11 64 1.211400e+01 2.060000e+00 -1.090500e+03 2.302300e+03 0
-2.881200e-01 2.275700e-01 -1.598200e-01 -3.204100e-02 12 64 1.159700e+01 2.060000e+00 -1.094600e+03 2.197100e+03 0
-3.110400e-01 2.764100e-01 -1.619300e-01 -3.204100e-02 13 64 1.070200e+01 2.060000e+00 -7.462700e+02 1.775400e+03 0
-1.222300e-01 4.168000e-01 -1.679900e-01 -3.204100e-02 15 64 1.032900e+01 2.060000e+00 1.559800e+02 1.240100e+03 0
3.536000e-01 3.519100e-01 -1.651900e-01 -3.204100e-02 28 64 1.216600e+01 2.060000e+00 1.128800e+03 1.501300e+03 0
6.799100e-01 6.477500e-01 -1.779600e-01 -3.204100e-02 29 64 1.366400e+01 2.060000e+00 1.280200e+03 9.265600e+02 0
6.725500e-01 7.408200e-01 -1.819800e-01 -3.204100e-02 30 64 1.458600e+01 2.060000e+00 1188 8.485700e+02 0
6.793700e-01 7.974900e-01 -1.844200e-01 -3.204100e-02 31 64 1.474700e+01 2.060000e+00 1.154400e+03 8.115000e+02 0
6.766400e-01 8.312000e-01 -1.858800e-01 -3.204100e-02 32 64 1.423100e+01 2.060000e+00 1.130800e+03 7.920100e+02 0
6.722700e-01 8.639300e-01 -1.872900e-01 -3.204100e-02 33 64 1.284200e+01 2.060000e+00 1.108500e+03 7.747100e+02 0
7.142900e-01 9.475500e-01 -1.909000e-01 -3.204100e-02 35 64 1.002800e+01 2.060000e+00 1.099800e+03 7.373700e+02 0
-8.307900e-01 8.785200e-01 -1.879200e-01 -3.204100e-02 36 64 1.086300e+01 2.060000e+00 -7.134300e+01 7.420800e+02 0
-8.447100e-01 8.783800e-01 -1.879100e-01 -3.204100e-02 37 64 1.116800e+01 2.060000e+00 -8.167000e+01 7.419200e+02 0
-8.681700e-01 8.533500e-01 -1.868300e-01 -3.204100e-02 38 64 1.061100e+01 2.060000e+00 -1.233600e+02 7.524900e+02 0
