0 0 -1.500000e-01 0 1 65 1.667500e+01 1.960000e+00 2167 -3.612800e+03 0
-7.093800e-02 1.130300e-01 -1.546400e-01 0 5 65 1.518800e+01 1.960000e+00 -3.018400e+03 7.512100e+03 0
-1.604300e-01 1.843800e-01 -1.575700e-01 0 8 65 1.440000e+01 1.960000e+00 -1.126600e+03 2.937500e+03 0
-1.986300e-01 1.952600e-01 -1.580200e-01 0 9 65 1.388900e+01 1.960000e+00 -1.143300e+03 2.694800e+03 0
-2.480100e-01 1.873400e-01 -1.576900e-01 0 10 65 1.367300e+01 1.960000e+00 -1.495800e+03 2.813200e+03 0
-2.592000e-01 2.265300e-01 -1.593000e-01 0 11 65 1.308100e+01 1.960000e+00 -1.002600e+03 2.217800e+03 0
-2.851200e-01 2.360600e-01 -1.596900e-01 0 12 65 1.268000e+01 1.960000e+00 -9.958700e+02 2.106700e+03 0
-3.077600e-01 2.796500e-01 -1.614800e-01 0 13 65 1.189000e+01 1.960000e+00 -7.156700e+02 1.753600e+03 0
-3.121300e-01 3.060000e-01 -1.625700e-01 0 14 65 1.144800e+01 1.960000e+00 -5.731000e+02 1.604200e+03 0
-1.260500e-01 4.179900e-01 -1.671700e-01 0 15 65 1.156000e+01 1.960000e+00 1.510800e+02 1.235200e+03 0
3.609700e-01 3.382200e-01 -1.638900e-01 0 28 65 1.312300e+01 1.960000e+00 1.171400e+03 1561 0
6.799100e-01 6.404100e-01 -1.763000e-01 0 29 65 1.466800e+01 1.960000e+00 1288 9.322600e+02 0
6.725500e-01 7.389700e-01 -1.803500e-01 0 30 65 1.560400e+01 1.960000e+00 1.189400e+03 8.483700e+02 0
6.793700e-01 7.974800e-01 -1.827500e-01 0 31 65 1.577100e+01 1.960000e+00 1.154300e+03 8.100100e+02 0
6.766400e-01 8.313500e-01 -1.841400e-01 0 32 65 1.526000e+01 1.960000e+00 1.130700e+03 7.904400e+02 0
6.810000e-01 8.657900e-01 -1.855500e-01 0 33 65 1.384700e+01 1.960000e+00 1.114800e+03 7.724500e+02 0
7.142900e-01 9.252000e-01 -1.879900e-01 0 35 65 1.107200e+01 1.960000e+00 1.110700e+03 7.453300e+02 0
-8.021400e-01 8.946600e-01 -1.867400e-01 0 36 65 1.174000e+01 1.960000e+00 -3.611500e+01 7.344000e+02 0
-8.250600e-01 8.955300e-01 -1.867800e-01 0 37 65 1.210500e+01 1.960000e+00 -5.186000e+01 7.337000e+02 0
-8.378900e-01 9.189200e-01 -1.877400e-01 0 38 65 1.171900e+01 1.960000e+00 -4.084700e+01 7.242200e+02 0
-8.605300e-01 9.720300e-01 -1.899200e-01 0 39 65 1.051200e+01 1.960000e+00 -1.368000e+01 7.045800e+02 0
0 0 -1.500000e-01 3.204100e-02 1 66 1.565700e+01 1.960000e+00 2167 -3.612800e+03 0
-7.093800e-02 1.135300e-01 -1.546600e-01 3.204100e-02 5 66 1.417800e+01 1.960000e+00 -2.973700e+03 7.426400e+03 0
-1.604300e-01 1.842900e-01 -1.575700e-01 3.204100e-02 8 66 1.339300e+01 1.960000e+00 -1.128100e+03 2.939600e+03 0
-2.008100e-01 1.933600e-01 -1.579400e-01 3.204100e-02 9 66 1.287500e+01 1.960000e+00 -1181 2.728300e+03 0
-2.480100e-01 1.885800e-01 -1.577400e-01 3.204100e-02 10 66 1.263600e+01 1.960000e+00 -1.473700e+03 2.788700e+03 0
-2.592000e-01 2.280900e-01 -1.593700e-01 3.204100e-02 11 66 1.208900e+01 1.960000e+00 -9.864900e+02 2.200300e+03 0
-2.851200e-01 2.397600e-01 -1.598500e-01 3.204100e-02 12 66 1.170400e+01 1.960000e+00 -9.602300e+02 2.070500e+03 0
-3.110400e-01 2.775400e-01 -1.614000e-01 3.204100e-02 13 66 1.093000e+01 1.960000e+00 -7.385200e+02 1.766300e+03 0
-1.260500e-01 4.467800e-01 -1.683500e-01 3.204100e-02 15 66 1.050300e+01 1.960000e+00 1.925100e+02 1.170500e+03 0
3.609700e-01 3.109400e-01 -1.627700e-01 3.204100e-02 28 66 1.209100e+01 1.960000e+00 1.229300e+03 1.703400e+03 0
6.799100e-01 6.406900e-01 -1.763100e-01 3.204100e-02 29 66 1.367500e+01 1.960000e+00 1.287700e+03 9.319900e+02 0
6.725500e-01 7.380900e-01 -1.803100e-01 3.204100e-02 30 66 1.461000e+01 1.960000e+00 1190 8.490100e+02 0
6.711800e-01 8.044500e-01 -1.830400e-01 3.204100e-02 31 66 1.477400e+01 1.960000e+00 1.142300e+03 8.056600e+02 0
6.766400e-01 8.318800e-01 -1.841600e-01 3.204100e-02 32 66 1.428100e+01 1.960000e+00 1.130400e+03 7.901500e+02 0
6.810000e-01 8.613100e-01 -1.853700e-01 3.204100e-02 33 66 1.296900e+01 1.960000e+00 1.117300e+03 7.747100e+02 0
-7.926000e-01 9.075100e-01 -1.872700e-01 3.204100e-02 36 66 1.087200e+01 1.960000e+00 -1.842500e+01 7.293600e+02 0
-8.152400e-01 8.950300e-01 -1.867600e-01 3.204100e-02 37 66 1.127800e+01 1.960000e+00 -4.522700e+01 7.340500e+02 0
-8.277900e-01 9.249800e-01 -1.879900e-01 3.204100e-02 38 66 1.107300e+01 1.960000e+00 -2.876900e+01 7.220400e+02 0
-8.709000e-01 9.749100e-01 -1.900400e-01 3.204100e-02 39 66 1.026200e+01 1.960000e+00 -1.831200e+01 7.034600e+02 0
0 0 -1.500000e-01 6.408200e-02 1 67 1.067100e+01 1.960000e+00 2167 -3.612800e+03 0
1.364200e-03 3.447300e-02 -1.514200e-01 6.408200e-02 2 67 1.027100e+01 1.960000e+00 3.429400e+03 -7.099400e+03 0
6.488100e-01 7.770600e-01 -1.819100e-01 6.408200e-02 30 67 9.656900e+00 1.960000e+00 1.138900e+03 8.219900e+02 0
-5.320300e-02 2.269300e+00 -2.431900e-01 -4.806200e-01 66 50 9.986000e+00 1.960000e+00 6.287900e+02 5.213700e+02 0
3.019500e+00 6.864100e+00 -4.318800e-01 -4.806200e-01 218 50 1.052400e+01 1.960000e+00 9.643000e+02 4.316400e+02 0
3.033400e+00 6.961900e+00 -4.359000e-01 -4.806200e-01 219 50 1.168600e+01 1.960000e+00 9.617300e+02 431 0
3.107100e+00 6.982400e+00 -4.367400e-01 -4.806200e-01 220 50 1.177200e+01 1.960000e+00 9.679000e+02 4.309000e+02 0
3.241300e+00 6.963000e+00 -4.359400e-01 -4.806200e-01 221 50 1.088100e+01 1.960000e+00 9.814400e+02 4.310800e+02 0
3.019500e+00 6.856700e+00 -4.315800e-01 -4.485700e-01 218 51 1.150100e+01 1.960000e+00 9.646000e+02 4.316900e+02 0
3.033400e+00 6.951400e+00 -4.354700e-01 -4.485700e-01 219 51 1.269000e+01 1.960000e+00 9.621400e+02 4.310700e+02 0
3.107100e+00 6.979500e+00 -4.366200e-01 -4.485700e-01 220 51 1.282200e+01 1.960000e+00 9.680100e+02 4.309200e+02 0
3.121300e+00 7.019900e+00 -4.382800e-01 -4.485700e-01 221 51 1.198800e+01 1.960000e+00 9.677300e+02 4.306600e+02 0
3.256100e+00 6.882000e+00 -4.326200e-01 -4.485700e-01 222 51 1.026700e+01 1.960000e+00 9.863400e+02 4.316200e+02 0
2.960300e+00 6.788300e+00 1.608400e+00 -4.165300e-01 218 52 1.052800e+01 1.960000e+00 9.554100e+02 2.457600e+02 0
3.033400e+00 6.925400e+00 -4.344000e-01 -4.165300e-01 219 52 1.169600e+01 1.960000e+00 9.631700e+02 4.312400e+02 0
3.047300e+00 6.999100e+00 -4.374300e-01 -4.165300e-01 220 52 1.185600e+01 1.960000e+00 9.615800e+02 4.307700e+02 0
3.061200e+00 7.043000e+00 -4.392300e-01 -4.165300e-01 221 52 1.107000e+01 1.960000e+00 9.611700e+02 4.304900e+02 0
0 0 -1.500000e-01 -3.204100e-02 1 64 1.566200e+01 1.960000e+00 2167 -3.612800e+03 0
-7.093800e-02 1.121900e-01 -1.546100e-01 -3.204100e-02 5 64 1.415700e+01 1.960000e+00 -3.095100e+03 7.659300e+03 0
-1.585200e-01 1.860800e-01 -1.576400e-01 -3.204100e-02 8 64 1.336500e+01 1.960000e+00 -1091 2.902100e+03 0
-1.986300e-01 1.948000e-01 -1.580000e-01 -3.204100e-02 9 64 1.286900e+01 1.960000e+00 -1.149900e+03 2.703100e+03 0
-2.480100e-01 1.860500e-01 -1.576400e-01 -3.204100e-02 10 64 1.264500e+01 1.960000e+00 -1.519200e+03 2.839200e+03 0
-2.592000e-01 2.255700e-01 -1.592600e-01 -3.204100e-02 11 64 1.205300e+01 1.960000e+00 -1.012800e+03 2.228800e+03 0
-2.851200e-01 2.343500e-01 -1.596200e-01 -3.204100e-02 12 64 1.162000e+01 1.960000e+00 -1.012900e+03 2124 0
-3.110400e-01 2.753700e-01 -1.613100e-01 -3.204100e-02 13 64 1.079000e+01 1.960000e+00 -7.531800e+02 1.780400e+03 0
-3.121300e-01 2.999300e-01 -1.623200e-01 -3.204100e-02 14 64 1.047800e+01 1.960000e+00 -6.056300e+02 1.635500e+03 0
-1.222300e-01 3.832900e-01 -1.657400e-01 -3.204100e-02 15 64 1.058900e+01 1.960000e+00 9.852900e+01 1.329500e+03 0
3.609700e-01 3.693600e-01 -1.651700e-01 -3.204100e-02 28 64 1.214200e+01 1.960000e+00 1.118900e+03 1.431900e+03 0
6.799100e-01 6.396200e-01 -1.762700e-01 -3.204100e-02 29 64 1.364300e+01 1.960000e+00 1.288900e+03 9.330500e+02 0
6.725500e-01 7.393700e-01 -1.803600e-01 -3.204100e-02 30 64 1.456900e+01 1.960000e+00 1.189100e+03 8.480900e+02 0
6.793700e-01 7.973700e-01 -1.827500e-01 -3.204100e-02 31 64 1.473300e+01 1.960000e+00 1.154400e+03 8.100700e+02 0
6.766400e-01 8.298900e-01 -1.840800e-01 -3.204100e-02 32 64 1.421100e+01 1.960000e+00 1.131600e+03 7.912500e+02 0
6.810000e-01 8.661800e-01 -1.855700e-01 -3.204100e-02 33 64 1.276300e+01 1.960000e+00 1.114600e+03 7.722600e+02 0
7.328400e-01 9.115800e-01 -1.874400e-01 -3.204100e-02 35 64 1.005000e+01 1.960000e+00 1.132500e+03 7.516500e+02 0
-8.116900e-01 8.725000e-01 -1.858300e-01 -3.204100e-02 36 64 1.049200e+01 1.960000e+00 -6.277000e+01 7.435800e+02 0
-8.152400e-01 9.038300e-01 -1.871200e-01 -3.204100e-02 37 64 1.082900e+01 1.960000e+00 -3.764100e+01 7.304900e+02 0
-8.076000e-01 9.668900e-01 -1.897100e-01 -3.204100e-02 38 64 1.043200e+01 1.960000e+00 1.756000e+01 7.070400e+02 0
