0 0 -1.500000e-01 0 1 65 1.669700e+01 3.770000e+00 2167 -3.612800e+03 0
-7.093800e-02 1.128500e-01 -1.589200e-01 0 5 65 1.518500e+01 3.770000e+00 -3.049600e+03 7.637500e+03 0
-1.585200e-01 1.859400e-01 -1.647000e-01 0 8 65 1.435800e+01 3.770000e+00 -1.097100e+03 2.948500e+03 0
-2.008100e-01 1.930900e-01 -1.652700e-01 0 9 65 1.386900e+01 3.770000e+00 -1.189100e+03 2.774900e+03 0
-2.480100e-01 1.866500e-01 -1.647600e-01 0 10 65 1.366600e+01 3.770000e+00 -1.513200e+03 2869 0
-2.619200e-01 2.218000e-01 -1.675400e-01 0 11 65 1.311100e+01 3.770000e+00 -1.067500e+03 2.309300e+03 0
-2.881200e-01 2.333400e-01 -1.684500e-01 0 12 65 1.267800e+01 3.770000e+00 -1.036700e+03 2.169400e+03 0
-3.077600e-01 2.812600e-01 -1.722400e-01 0 13 65 1.190400e+01 3.770000e+00 -7.076700e+02 1.776300e+03 0
-3.156700e-01 2.974900e-01 -1.735200e-01 0 14 65 1.138200e+01 3.770000e+00 -6.304000e+02 1680 0
-1.260500e-01 3.647300e-01 -1.788400e-01 0 15 65 1.126500e+01 3.770000e+00 5.225100e+01 1.419200e+03 0
-3.560500e-01 3.734800e-01 -1.795300e-01 0 16 65 1.122900e+01 3.770000e+00 -3.839400e+02 1.364300e+03 0
3.536000e-01 3.377000e-01 -1.767000e-01 0 28 65 1.312300e+01 3.770000e+00 1.154800e+03 1596 0
6.799100e-01 6.381500e-01 -2.004600e-01 0 29 65 1.468000e+01 3.770000e+00 1.292100e+03 9.630200e+02 0
6.725500e-01 7.352900e-01 -2.081400e-01 0 30 65 1.559800e+01 3.770000e+00 1.193500e+03 8.786800e+02 0
6.793700e-01 7.975800e-01 -2.130700e-01 0 31 65 1.575200e+01 3.770000e+00 1.155500e+03 8.372100e+02 0
6.766400e-01 8.310800e-01 -2.157200e-01 0 32 65 1.522900e+01 3.770000e+00 1132 8.176600e+02 0
6.810000e-01 8.671500e-01 -2.185700e-01 0 33 65 1.376500e+01 3.770000e+00 1.115200e+03 7.986700e+02 0
7.328400e-01 8.827500e-01 -2.198000e-01 0 35 65 1.099100e+01 3.770000e+00 1.149900e+03 7.919400e+02 0
-8.116900e-01 9.052700e-01 -2.215800e-01 0 36 65 1.166400e+01 3.770000e+00 -3.477000e+01 7.550900e+02 0
-8.250600e-01 9.083400e-01 -2.218200e-01 0 37 65 1.210700e+01 3.770000e+00 -4.166600e+01 7.536500e+02 0
-8.479800e-01 8.902600e-01 -2.204000e-01 0 38 65 1.168600e+01 3.770000e+00 -7.401200e+01 7.606300e+02 0
-8.605300e-01 8.946400e-01 -2.207400e-01 0 39 65 9.976000e+00 3.770000e+00 -7.907700e+01 7.586200e+02 0
0 0 -1.500000e-01 3.204100e-02 1 66 1.567800e+01 3.770000e+00 2167 -3.612800e+03 0
-7.093800e-02 1.132300e-01 -1.589500e-01 3.204100e-02 5 66 1.416700e+01 3.770000e+00 -3016 7.572700e+03 0
-1.604300e-01 1.842700e-01 -1.645700e-01 3.204100e-02 8 66 1.335700e+01 3.770000e+00 -1.132500e+03 2.983600e+03 0
-2.008100e-01 1.932700e-01 -1.652800e-01 3.204100e-02 9 66 1.285600e+01 3.770000e+00 -1.186400e+03 2.771500e+03 0
-2.480100e-01 1.870900e-01 -1.647900e-01 3.204100e-02 10 66 1.265000e+01 3.770000e+00 -1.505200e+03 2.860100e+03 0
-2.619200e-01 2.217400e-01 -1.675300e-01 3.204100e-02 11 66 1.207400e+01 3.770000e+00 -1.068200e+03 2.310100e+03 0
-2.881200e-01 2.353700e-01 -1.686100e-01 3.204100e-02 12 66 1.164000e+01 3.770000e+00 -1.016200e+03 2.148500e+03 0
-3.110400e-01 2.797500e-01 -1.721200e-01 3.204100e-02 13 66 1.096800e+01 3.770000e+00 -7.264400e+02 1.785200e+03 0
-3.014900e-01 3.104600e-01 -1.745500e-01 3.204100e-02 14 66 1.028700e+01 3.770000e+00 -5.266700e+02 1.615800e+03 0
-1.260500e-01 1.693500e-01 -1.633900e-01 3.204100e-02 15 66 1.015300e+01 3.770000e+00 -1.207700e+03 3400 0
3.609700e-01 3.242500e-01 -1.756400e-01 3.204100e-02 28 66 1.210300e+01 3.770000e+00 1201 1.664300e+03 0
6.799100e-01 6.382300e-01 -2.004700e-01 3.204100e-02 29 66 1.367600e+01 3.770000e+00 1292 9.629300e+02 0
6.725500e-01 7.344900e-01 -2.080800e-01 3.204100e-02 30 66 1.460300e+01 3.770000e+00 1.194200e+03 8.792700e+02 0
6.711800e-01 8.044700e-01 -2.136100e-01 3.204100e-02 31 66 1.475000e+01 3.770000e+00 1.143500e+03 8.328600e+02 0
6.766400e-01 8.328600e-01 -2.158600e-01 3.204100e-02 32 66 1.420600e+01 3.770000e+00 1131 8.166800e+02 0
6.810000e-01 8.708900e-01 -2.188600e-01 3.204100e-02 33 66 1.268000e+01 3.770000e+00 1.113200e+03 7.967900e+02 0
6.864600e-01 8.962100e-01 -2.208700e-01 3.204100e-02 35 66 1.008300e+01 3.770000e+00 1.104400e+03 7.846400e+02 0
-8.403400e-01 8.793200e-01 -2.195300e-01 3.204100e-02 36 66 1.049600e+01 3.770000e+00 -7.849500e+01 7.653600e+02 0
-8.447100e-01 8.972600e-01 -2.209500e-01 3.204100e-02 37 66 1.098100e+01 3.770000e+00 -6.535400e+01 7.578000e+02 0
-8.580800e-01 8.902900e-01 -2.204000e-01 3.204100e-02 38 66 1.055800e+01 3.770000e+00 -8.127900e+01 7.604500e+02 0
8.127900e-01 1.152400e+01 -1.061200e+00 -9.932700e-01 332 34 1.044800e+01 3.770000e+00 7.298300e+02 4.363400e+02 1
1.272000e+00 1.156000e+01 -1.064100e+00 -9.932700e-01 334 34 1.004900e+01 3.770000e+00 7.553100e+02 4.363700e+02 1
1.275800e+00 1.151700e+01 -1.060700e+00 -9.932700e-01 335 34 1.033000e+01 3.770000e+00 7.557500e+02 4.364700e+02 1
1.188200e+00 1.143900e+01 2.145100e+00 -9.932700e-01 336 34 1.015000e+01 3.770000e+00 7.480100e+02 2.651400e+02 0
1.080400e+00 1.143200e+01 -1.053900e+00 -9.612300e-01 331 35 1.014900e+01 3.770000e+00 7.452000e+02 4.366200e+02 1
1.083700e+00 1.149900e+01 -1.059200e+00 -9.612300e-01 332 35 1.088600e+01 3.770000e+00 7.450800e+02 4.364600e+02 1
9.058200e-01 1.155700e+01 -1.063800e+00 -9.612300e-01 333 35 1.016700e+01 3.770000e+00 7.349100e+02 4.362800e+02 1
1.366900e+00 1.155100e+01 -1.063400e+00 -9.612300e-01 335 35 1.037100e+01 3.770000e+00 7.606600e+02 4.364200e+02 1
1.279600e+00 1.153300e+01 -1.061900e+00 -9.612300e-01 336 35 1.008900e+01 3.770000e+00 7.558800e+02 4.364400e+02 1
-7.568500e+00 6.676400e+00 -6.779300e-01 -6.728600e-01 293 44 9.959400e+00 3.770000e+00 -2.442700e+01 4.512200e+02 0
-7.701400e+00 6.502300e+00 -6.641500e-01 -6.408200e-01 292 45 1.003900e+01 3.770000e+00 -5.531400e+01 4.522200e+02 0
-7.488900e+00 6.800000e+00 -6.876900e-01 -6.408200e-01 293 45 1.100600e+01 3.770000e+00 -4.711200e+00 4.505300e+02 0
-7.434600e+00 6.915600e+00 -6.968400e-01 -6.408200e-01 294 45 1.025800e+01 3.770000e+00 1.137700e+01 4.499000e+02 1
-7.565800e+00 6.972900e+00 -7.013700e-01 -6.408200e-01 296 45 1.058800e+01 3.770000e+00 5.589800e+00 4.495200e+02 1
0 0 -1.500000e-01 -6.087800e-01 1 46 9.147700e+00 3.770000e+00 2167 -3.612800e+03 0
-7.807500e+00 6.350500e+00 1.644400e+00 -6.087800e-01 293 46 1.015800e+01 3.770000e+00 -7.434400e+01 2.403000e+02 0
0 0 -1.500000e-01 -6.408200e-02 1 63 9.724300e+00 3.770000e+00 2167 -3.612800e+03 0
-1.336900e-02 2.285200e-02 -1.518100e-01 -6.408200e-02 2 63 9.860200e+00 3.770000e+00 3.011100e+03 -5.459600e+03 0
0 0 -1.500000e-01 -3.204100e-02 1 64 1.568000e+01 3.770000e+00 2167 -3.612800e+03 0
-7.093800e-02 1.121900e-01 -1.588700e-01 -3.204100e-02 5 64 1.416500e+01 3.770000e+00 -3.111100e+03 7.756300e+03 0
-1.585200e-01 1.858900e-01 -1.647000e-01 -3.204100e-02 8 64 1.334200e+01 3.770000e+00 -1.097800e+03 2.949400e+03 0
-1.986300e-01 1.955600e-01 -1.654600e-01 -3.204100e-02 9 64 1.284700e+01 3.770000e+00 -1143 2.730600e+03 0
-2.480100e-01 1.859800e-01 -1.647100e-01 -3.204100e-02 10 64 1.265100e+01 3.770000e+00 -1.525400e+03 2.882600e+03 0
-2.619200e-01 2.206700e-01 -1.674500e-01 -3.204100e-02 11 64 1.214900e+01 3.770000e+00 -1.080400e+03 2.323200e+03 0
-2.881200e-01 2.314900e-01 -1.683000e-01 -3.204100e-02 12 64 1.170800e+01 3.770000e+00 -1.055800e+03 2.188800e+03 0
-3.110400e-01 2.766800e-01 -1.718800e-01 -3.204100e-02 13 64 1.093300e+01 3.770000e+00 -7.469000e+02 1805 0
3.536000e-01 3.329100e-01 -1.763200e-01 -3.204100e-02 28 64 1.209800e+01 3.770000e+00 1.163700e+03 1619 0
6.799100e-01 6.372600e-01 -2.003900e-01 -3.204100e-02 29 64 1.363400e+01 3.770000e+00 1293 9.639200e+02 0
6.725500e-01 7.351700e-01 -2.081300e-01 -3.204100e-02 30 64 1.454700e+01 3.770000e+00 1.193600e+03 8.787700e+02 0
6.793700e-01 7.975500e-01 -2.130600e-01 -3.204100e-02 31 64 1.471100e+01 3.770000e+00 1.155500e+03 8.372200e+02 0
6.766400e-01 8.288900e-01 -2.155400e-01 -3.204100e-02 32 64 1.423300e+01 3.770000e+00 1.133400e+03 8.188800e+02 0
6.810000e-01 8.624900e-01 -2.182000e-01 -3.204100e-02 33 64 1.292000e+01 3.770000e+00 1.117800e+03 8.010300e+02 0
6.752700e-01 9.337800e-01 -2.238400e-01 -3.204100e-02 34 64 1.033800e+01 3.770000e+00 1.077200e+03 7.676400e+02 0
-9.833100e-01 6.362800e-01 -2.003100e-01 -3.204100e-02 35 64 9.978500e+00 3.770000e+00 -5.406300e+02 9.070500e+02 0
-8.021400e-01 9.122100e-01 -2.221300e-01 -3.204100e-02 36 64 1.064600e+01 3.770000e+00 -2.216600e+01 7.524700e+02 0
-8.152400e-01 9.097400e-01 -2.219400e-01 -3.204100e-02 37 64 1.105800e+01 3.770000e+00 -3.350600e+01 7.532400e+02 0
-8.277900e-01 8.993300e-01 -2.211100e-01 -3.204100e-02 38 64 1.062300e+01 3.770000e+00 -5.139300e+01 7.572300e+02 0
