0 0 -1.500000e-01 0 1 65 1.673400e+01 2.090000e+00 2167 -3.612800e+03 0
-7.093800e-02 1.129200e-01 -1.549500e-01 0 5 65 1.517800e+01 2.090000e+00 -3.028800e+03 7.536700e+03 0
-1.585200e-01 1.859300e-01 -1.581400e-01 0 8 65 1.426000e+01 2.090000e+00 -1.093500e+03 2.908400e+03 0
-2.008100e-01 1.928200e-01 -1.584400e-01 0 9 65 1.384400e+01 2.090000e+00 -1.189200e+03 2.741200e+03 0
-2.480100e-01 1.862500e-01 -1.581600e-01 0 10 65 1.363800e+01 2.090000e+00 -1.515900e+03 2.838100e+03 0
-2.619200e-01 2.224300e-01 -1.597400e-01 0 11 65 1.303600e+01 2.090000e+00 -1.057200e+03 2.267200e+03 0
-2.851200e-01 2.390300e-01 -1.604700e-01 0 12 65 1.264400e+01 2.090000e+00 -9.674300e+02 2.080100e+03 0
-3.044900e-01 2.847200e-01 -1.624700e-01 0 13 65 1.182100e+01 2.090000e+00 -6.747600e+02 1.725200e+03 0
-3.121300e-01 3.060300e-01 -1.634000e-01 0 14 65 1.138300e+01 2.090000e+00 -5.730800e+02 1.606300e+03 0
-1.184100e-01 3.704500e-01 -1.662200e-01 0 15 65 1.137400e+01 2.090000e+00 8.084900e+01 1.372400e+03 0
-3.560500e-01 3.783100e-01 -1.665700e-01 0 16 65 1.124800e+01 2.090000e+00 -3.659700e+02 1.322200e+03 0
3.536000e-01 3.895700e-01 -1.670600e-01 0 28 65 1.309300e+01 2.090000e+00 1.074900e+03 1.363800e+03 0
6.799100e-01 6.386000e-01 -1.779700e-01 0 29 65 1.464700e+01 2.090000e+00 1.290100e+03 9.361200e+02 0
6.725500e-01 7.377300e-01 -1.823100e-01 0 30 65 1.557300e+01 2.090000e+00 1.190400e+03 8.512500e+02 0
6.711800e-01 8.044600e-01 -1.852300e-01 0 31 65 1.573300e+01 2.090000e+00 1.142400e+03 8.076000e+02 0
6.766400e-01 8.330700e-01 -1.864800e-01 0 32 65 1.520400e+01 2.090000e+00 1.129700e+03 7.914400e+02 0
6.722700e-01 8.769600e-01 -1.884000e-01 0 33 65 1.372200e+01 2.090000e+00 1.101600e+03 7.686900e+02 0
7.235700e-01 9.068100e-01 -1.897100e-01 0 35 65 1.108300e+01 2.090000e+00 1.127700e+03 7.555600e+02 0
-8.212400e-01 8.999400e-01 -1.894100e-01 0 36 65 1.162700e+01 2.090000e+00 -4.533600e+01 7.337600e+02 0
-8.447100e-01 8.958100e-01 -1.892300e-01 0 37 65 1.216500e+01 2.090000e+00 -6.578800e+01 7.350900e+02 0
-8.782700e-01 8.803700e-01 -1.885500e-01 0 38 65 1.171300e+01 2.090000e+00 -1.043100e+02 7.409600e+02 0
-9.227400e-01 8.506400e-01 -1.872500e-01 0 39 65 1.020500e+01 2.090000e+00 -1.672200e+02 7.532100e+02 0
0 0 -1.500000e-01 3.204100e-02 1 66 1.572500e+01 2.090000e+00 2167 -3.612800e+03 0
-7.202900e-02 1.127800e-01 -1.549400e-01 3.204100e-02 5 66 1.416600e+01 2.090000e+00 -3.055300e+03 7.555300e+03 0
-1.604300e-01 1.841100e-01 -1.580600e-01 3.204100e-02 8 66 1.323800e+01 2.090000e+00 -1.131100e+03 2.946500e+03 0
-2.008100e-01 1.931100e-01 -1.584600e-01 3.204100e-02 9 66 1.283100e+01 2.090000e+00 -1185 2.735900e+03 0
-2.480100e-01 1.872000e-01 -1.582000e-01 3.204100e-02 10 66 1.262700e+01 2.090000e+00 -1.498600e+03 2.818900e+03 0
-2.619200e-01 2.236100e-01 -1.597900e-01 3.204100e-02 11 66 1.196400e+01 2.090000e+00 -1.044100e+03 2.253100e+03 0
-2.851200e-01 2.398300e-01 -1.605000e-01 3.204100e-02 12 66 1.158900e+01 2.090000e+00 -9.598500e+02 2.072400e+03 0
-3.227700e-01 3.067500e-01 -1.634300e-01 3.204100e-02 14 66 1.043600e+01 2.090000e+00 -5.952400e+02 1.600900e+03 0
-1.222300e-01 4.221600e-01 -1.684900e-01 3.204100e-02 15 66 1.046000e+01 2.090000e+00 1.641500e+02 1.227600e+03 0
3.536000e-01 3.979000e-01 -1.674200e-01 3.204100e-02 28 66 1.201600e+01 2.090000e+00 1.064800e+03 1.337800e+03 0
6.799100e-01 6.364200e-01 -1.778700e-01 3.204100e-02 29 66 1.355400e+01 2.090000e+00 1.292500e+03 9.383300e+02 0
6.725500e-01 7.362600e-01 -1.822400e-01 3.204100e-02 30 66 1.447600e+01 2.090000e+00 1.191600e+03 8.523100e+02 0
6.711800e-01 8.044800e-01 -1.852300e-01 3.204100e-02 31 66 1.461500e+01 2.090000e+00 1.142300e+03 8.075900e+02 0
6.681800e-01 8.384800e-01 -1.867200e-01 3.204100e-02 32 66 1.409500e+01 2.090000e+00 1.119200e+03 7.883300e+02 0
6.635400e-01 8.753200e-01 -1.883300e-01 3.204100e-02 33 66 1.270500e+01 2.090000e+00 1.095200e+03 7.693400e+02 0
7.202900e-01 8.987500e-01 -1.893600e-01 3.204100e-02 34 66 1.085000e+01 2.090000e+00 1.129400e+03 7.592000e+02 0
6.864600e-01 9.315600e-01 -1.907900e-01 3.204100e-02 35 66 1.012800e+01 2.090000e+00 1086 7.440700e+02 0
-8.212400e-01 8.979600e-01 -1.893200e-01 3.204100e-02 36 66 1.088300e+01 2.090000e+00 -4.705700e+01 7.345700e+02 0
-8.643500e-01 8.648900e-01 -1.878800e-01 3.204100e-02 37 66 1.126500e+01 2.090000e+00 -1.090400e+02 7.478400e+02 0
-9.085500e-01 8.318100e-01 -1.864300e-01 3.204100e-02 38 66 1.073800e+01 2.090000e+00 -1.768600e+02 7.621700e+02 0
0 0 -1.500000e-01 6.408200e-02 1 67 1.039200e+01 2.090000e+00 2167 -3.612800e+03 0
-3.465000e-02 2.032200e-03 -1.500900e-01 6.408200e-02 2 67 1.008400e+01 2.090000e+00 2.544800e+03 -3.792700e+03 0
2.979400e-01 4.081600e-01 -1.678700e-01 6.408200e-02 29 67 9.824500e+00 2.090000e+00 9.418100e+02 1.302100e+03 0
6.646300e-01 7.563000e-01 -1.831200e-01 6.408200e-02 30 67 1.091900e+01 2.090000e+00 1.168600e+03 8.380300e+02 0
6.793700e-01 7.950400e-01 -1.848200e-01 6.408200e-02 31 67 1.142900e+01 2.090000e+00 1156 8.134400e+02 0
7.104700e-01 8.032300e-01 -1.851800e-01 6.408200e-02 32 67 1.123400e+01 2.090000e+00 1.179400e+03 8.091900e+02 0
7.159300e-01 7.919400e-01 -1.846800e-01 6.408200e-02 33 67 1.063400e+01 2.090000e+00 1.192400e+03 8.161600e+02 0
7.022900e-01 8.089100e-01 -1.854200e-01 6.408200e-02 34 67 9.818200e+00 2.090000e+00 1168 8.056600e+02 0
0 0 -1.500000e-01 -3.524500e-01 1 54 9.220000e+00 2.090000e+00 2167 -3.612800e+03 0
2.275200e+00 9.061600e+00 -5.468300e-01 -3.524500e-01 270 54 1.102400e+01 2.090000e+00 8.438000e+02 4.220600e+02 1
2.283700e+00 9.120300e+00 -5.494000e-01 -3.524500e-01 271 54 1.158500e+01 2.090000e+00 8.434200e+02 4.218400e+02 1
2.144200e+00 9.164500e+00 -5.513400e-01 -3.524500e-01 272 54 1.047200e+01 2.090000e+00 8.327900e+02 4.216400e+02 1
2.077900e+00 9.269100e+00 -5.559100e-01 -3.524500e-01 273 54 1.100100e+01 2.090000e+00 8.265400e+02 4.212400e+02 1
2.234500e+00 9.266000e+00 -5.557800e-01 -3.524500e-01 274 54 1.119700e+01 2.090000e+00 8.375800e+02 4.212900e+02 1
2.201800e+00 9.029800e+00 -5.454400e-01 -3.204100e-01 270 55 1.086000e+01 2.090000e+00 8.390400e+02 4.221600e+02 1
2.283700e+00 9.107500e+00 -5.488400e-01 -3.204100e-01 271 55 1.140700e+01 2.090000e+00 8.436400e+02 4.218900e+02 1
2.152100e+00 9.229100e+00 -5.541600e-01 -3.204100e-01 273 55 1.095600e+01 2.090000e+00 8.323600e+02 4.214000e+02 1
2.234500e+00 9.255000e+00 -5.553000e-01 -3.204100e-01 274 55 1.121600e+01 2.090000e+00 8.377500e+02 4.213300e+02 1
2.467000e+00 9.243200e+00 -5.547800e-01 -3.204100e-01 275 55 1.026400e+01 2.090000e+00 8.543200e+02 4.214400e+02 1
0 0 -1.500000e-01 -6.408200e-02 1 63 1.009200e+01 2.090000e+00 2167 -3.612800e+03 0
6.567200e-01 7.294100e-01 -1.819400e-01 -6.408200e-02 30 63 9.983900e+00 2.090000e+00 1.180600e+03 8.569000e+02 0
6.711800e-01 7.957200e-01 -1.848500e-01 -6.408200e-02 31 63 1.008700e+01 2.090000e+00 1148 8.128400e+02 0
6.766400e-01 8.450900e-01 -1.870100e-01 -6.408200e-02 32 63 9.573600e+00 2.090000e+00 1.122700e+03 7.849700e+02 0
0 0 -1.500000e-01 -3.204100e-02 1 64 1.571700e+01 2.090000e+00 2167 -3.612800e+03 0
-7.093800e-02 1.121000e-01 -1.549100e-01 -3.204100e-02 5 64 1.415300e+01 2.090000e+00 -3.104400e+03 7682 0
-1.585200e-01 1.860400e-01 -1.581500e-01 -3.204100e-02 8 64 1.328800e+01 2.090000e+00 -1.091900e+03 2.906100e+03 0
-2.008100e-01 1.924700e-01 -1.584300e-01 -3.204100e-02 9 64 1.278400e+01 2.090000e+00 -1.194500e+03 2.747800e+03 0
-2.480100e-01 1.852400e-01 -1.581100e-01 -3.204100e-02 10 64 1.261600e+01 2.090000e+00 -1.534600e+03 2.858800e+03 0
-2.619200e-01 2.216000e-01 -1.597000e-01 -3.204100e-02 11 64 1.202100e+01 2.090000e+00 -1.066500e+03 2.277100e+03 0
-2.851200e-01 2.403500e-01 -1.605300e-01 -3.204100e-02 12 64 1.163300e+01 2.090000e+00 -9.549000e+02 2.067300e+03 0
-3.044900e-01 2.856400e-01 -1.625100e-01 -3.204100e-02 13 64 1.083900e+01 2.090000e+00 -6.691100e+02 1.719700e+03 0
3.462300e-01 3.844000e-01 -1.668300e-01 -3.204100e-02 28 64 1.211300e+01 2.090000e+00 1.065500e+03 1.379900e+03 0
6.799100e-01 6.405300e-01 -1.780500e-01 -3.204100e-02 29 64 1.367600e+01 2.090000e+00 1288 9.341800e+02 0
6.725500e-01 7.386800e-01 -1.823500e-01 -3.204100e-02 30 64 1.460000e+01 2.090000e+00 1.189700e+03 8.505600e+02 0
6.711800e-01 8.044200e-01 -1.852300e-01 -3.204100e-02 31 64 1.476400e+01 2.090000e+00 1.142400e+03 8.076200e+02 0
6.766400e-01 8.330400e-01 -1.864800e-01 -3.204100e-02 32 64 1.424100e+01 2.090000e+00 1.129800e+03 7.914500e+02 0
6.810000e-01 8.729700e-01 -1.882300e-01 -3.204100e-02 33 64 1.276900e+01 2.090000e+00 1111 7.708100e+02 0
7.235700e-01 8.967300e-01 -1.892700e-01 -3.204100e-02 35 64 1.024400e+01 2.090000e+00 1.133200e+03 7.601900e+02 0
-8.403400e-01 8.847200e-01 -1.887400e-01 -3.204100e-02 36 64 1.044100e+01 2.090000e+00 -7.265300e+01 7.397300e+02 0
-8.447100e-01 8.933500e-01 -1.891200e-01 -3.204100e-02 37 64 1.087100e+01 2.090000e+00 -6.799000e+01 7.360900e+02 0
-8.681700e-01 8.710700e-01 -1.881500e-01 -3.204100e-02 38 64 1.048400e+01 2.090000e+00 -1.058600e+02 7.450900e+02 0
