0 0 -1.500000e-01 0 1 65 1.669400e+01 2.170000e+00 2167 -3.612800e+03 0
-7.093800e-02 1.128900e-01 -1.551300e-01 0 5 65 1.519100e+01 2.170000e+00 -3.032200e+03 7.546200e+03 0
-1.604300e-01 1.843500e-01 -1.583800e-01 0 8 65 1.438100e+01 2.170000e+00 -1.127500e+03 2.943200e+03 0
-2.008100e-01 1.926200e-01 -1.587600e-01 0 9 65 1.388400e+01 2.170000e+00 -1.192400e+03 2.746800e+03 0
-2.480100e-01 1.869000e-01 -1.585000e-01 0 10 65 1.369600e+01 2.170000e+00 -1.504200e+03 2.826700e+03 0
-2.619200e-01 2.227000e-01 -1.601300e-01 0 11 65 1.313000e+01 2.170000e+00 -1.054300e+03 2.265500e+03 0
-2.881200e-01 2.335000e-01 -1.606200e-01 0 12 65 1.270200e+01 2.170000e+00 -1.032100e+03 2.135900e+03 0
-3.077600e-01 2.804500e-01 -1.627500e-01 0 13 65 1.193900e+01 2.170000e+00 -7.107300e+02 1.752300e+03 0
-3.121300e-01 3.094700e-01 -1.640700e-01 0 14 65 1.145400e+01 2.170000e+00 -5.554800e+02 1.590700e+03 0
-1.222300e-01 3.195500e-01 -1.645300e-01 0 15 65 1.137400e+01 2.170000e+00 -5.352000e+01 1.573900e+03 0
3.609700e-01 3.144500e-01 -1.643000e-01 0 28 65 1.313300e+01 2.170000e+00 1.221200e+03 1.687200e+03 0
6.799100e-01 6.399500e-01 -1.791000e-01 0 29 65 1.468100e+01 2.170000e+00 1.288700e+03 9.360100e+02 0
6.725500e-01 7.386700e-01 -1.835900e-01 0 30 65 1.565100e+01 2.170000e+00 1.189700e+03 8.517900e+02 0
6.711800e-01 8.042700e-01 -1.865700e-01 0 31 65 1.584100e+01 2.170000e+00 1.142500e+03 8.089100e+02 0
6.766400e-01 8.290900e-01 -1.877000e-01 0 32 65 1.536700e+01 2.170000e+00 1.132200e+03 7.948200e+02 0
6.810000e-01 8.623200e-01 -1.892100e-01 0 33 65 14 2.170000e+00 1.116800e+03 7.773100e+02 0
7.050100e-01 9.251700e-01 -1.920700e-01 0 35 65 1.127700e+01 2.170000e+00 1.103600e+03 7.482900e+02 0
-8.116900e-01 8.884400e-01 -1.904000e-01 0 36 65 1.182000e+01 2.170000e+00 -4.854200e+01 7.397400e+02 0
-8.250600e-01 8.908500e-01 -1.905100e-01 0 37 65 1.217400e+01 2.170000e+00 -5.609200e+01 7.385300e+02 0
-8.479800e-01 8.740500e-01 -1.897400e-01 0 38 65 1.181700e+01 2.170000e+00 -8.818500e+01 7.452400e+02 0
-8.812700e-01 8.589600e-01 -1.890600e-01 0 39 65 1.073800e+01 2.170000e+00 -1.275700e+02 7.512900e+02 0
0 0 -1.500000e-01 3.204100e-02 1 66 1.569000e+01 2.170000e+00 2167 -3.612800e+03 0
-7.202900e-02 1.123700e-01 -1.551100e-01 3.204100e-02 5 66 1.417600e+01 2.170000e+00 -3.093300e+03 7.630800e+03 0
-1.604300e-01 1.842900e-01 -1.583800e-01 3.204100e-02 8 66 1.337300e+01 2.170000e+00 -1.128400e+03 2.944500e+03 0
-2.008100e-01 1.924300e-01 -1.587500e-01 3.204100e-02 9 66 1.283600e+01 2.170000e+00 -1.195400e+03 2.750500e+03 0
-2.480100e-01 1.867700e-01 -1.584900e-01 3.204100e-02 10 66 1.267800e+01 2.170000e+00 -1.506600e+03 2.829400e+03 0
-2.619200e-01 2.230200e-01 -1.601400e-01 3.204100e-02 11 66 1.203500e+01 2.170000e+00 -1.050800e+03 2.261700e+03 0
-2.881200e-01 2.351200e-01 -1.606900e-01 3.204100e-02 12 66 1.167800e+01 2.170000e+00 -1.015800e+03 2.119400e+03 0
-3.110400e-01 2.784300e-01 -1.626600e-01 3.204100e-02 13 66 1.092700e+01 2.170000e+00 -7.328900e+02 1.764400e+03 0
-3.263100e-01 3.062600e-01 -1.639300e-01 3.204100e-02 14 66 1.045600e+01 2.170000e+00 -6.065800e+02 1.604100e+03 0
-1.222300e-01 2.738000e-01 -1.624500e-01 3.204100e-02 15 66 1.047700e+01 2.170000e+00 -2.211600e+02 1.839500e+03 0
3.609700e-01 3.650900e-01 -1.666000e-01 3.204100e-02 28 66 1.218700e+01 2.170000e+00 1.125500e+03 1.451700e+03 0
6.722700e-01 6.432300e-01 -1.792500e-01 3.204100e-02 29 66 1.369700e+01 2.170000e+00 1276 9.324600e+02 0
6.725500e-01 7.376500e-01 -1.835400e-01 3.204100e-02 30 66 1.468200e+01 2.170000e+00 1.190500e+03 8.525200e+02 0
6.711800e-01 8.043400e-01 -1.865700e-01 3.204100e-02 31 66 1.489400e+01 2.170000e+00 1.142500e+03 8.088700e+02 0
6.766400e-01 8.295900e-01 -1.877200e-01 3.204100e-02 32 66 1.446400e+01 2.170000e+00 1.131900e+03 7.945400e+02 0
6.810000e-01 8.608200e-01 -1.891400e-01 3.204100e-02 33 66 1.318400e+01 2.170000e+00 1.117700e+03 7.780800e+02 0
6.482600e-01 9.223100e-01 -1.919400e-01 3.204100e-02 34 66 1.025300e+01 2.170000e+00 1.060400e+03 7.486000e+02 0
7.142900e-01 9.457700e-01 -1.930000e-01 3.204100e-02 35 66 1.047100e+01 2.170000e+00 1.100700e+03 7.397200e+02 0
-8.021400e-01 9.034800e-01 -1.910800e-01 3.204100e-02 36 66 1.087200e+01 2.170000e+00 -2.869900e+01 7.337300e+02 0
-8.152400e-01 9.019100e-01 -1.910100e-01 3.204100e-02 37 66 1.127600e+01 2.170000e+00 -3.938300e+01 7.341700e+02 0
-8.378900e-01 8.717400e-01 -1.896400e-01 3.204100e-02 38 66 1.106300e+01 2.170000e+00 -8.293000e+01 7.464000e+02 0
-8.605300e-01 8.559100e-01 -1.889200e-01 3.204100e-02 39 66 1.027600e+01 2.170000e+00 -1.151200e+02 753 0
0 0 -1.500000e-01 6.408200e-02 1 67 1.063600e+01 2.170000e+00 2167 -3.612800e+03 0
6.466300e-01 8.171900e-01 -1.871600e-01 6.408200e-02 31 67 9.599800e+00 2.170000e+00 1.112400e+03 8.008800e+02 0
6.343500e-01 8.593600e-01 -1.890800e-01 6.408200e-02 32 67 9.700100e+00 2.170000e+00 1.078800e+03 7.779400e+02 0
3.182400e+00 6.780600e+00 -4.583200e-01 -4.806200e-01 217 50 1.143900e+01 2.170000e+00 9.837300e+02 4.350500e+02 0
3.256300e+00 6.819200e+00 -4.600700e-01 -4.806200e-01 218 50 1.230900e+01 2.170000e+00 9.892300e+02 4.348200e+02 0
3.271300e+00 6.871300e+00 -4.624400e-01 -4.806200e-01 219 50 1.221200e+01 2.170000e+00 9.883800e+02 4.344700e+02 0
3.226600e+00 6.930600e+00 -4.651300e-01 -4.806200e-01 220 50 1.119200e+01 2.170000e+00 9.815100e+02 4.340600e+02 1
3.239100e+00 6.504500e+00 -4.457600e-01 -4.485700e-01 213 51 1.025100e+01 2.170000e+00 1.002200e+03 4.370700e+02 0
3.254400e+00 6.476200e+00 1.673700e+00 -4.485700e-01 214 51 1.015600e+01 2.170000e+00 9.977200e+02 2.337200e+02 0
3.241300e+00 6.714900e+00 -4.553300e-01 -4.485700e-01 217 51 1.208500e+01 2.170000e+00 9.924700e+02 4.355400e+02 0
3.256300e+00 6.797200e+00 -4.590700e-01 -4.485700e-01 218 51 1.301500e+01 2.170000e+00 9.902100e+02 4.349700e+02 0
3.271300e+00 6.851900e+00 -4.615500e-01 -4.485700e-01 219 51 1.290400e+01 2.170000e+00 9.892400e+02 4.346100e+02 0
3.226600e+00 6.927200e+00 -4.649800e-01 -4.485700e-01 220 51 1.177300e+01 2.170000e+00 9.816500e+02 4.340800e+02 1
3.300300e+00 6.577400e+00 1.658100e+00 -4.165300e-01 217 52 1.077900e+01 2.170000e+00 9.975800e+02 2.371600e+02 0
3.256300e+00 6.717100e+00 -4.554300e-01 -4.165300e-01 218 52 1.172800e+01 2.170000e+00 9.938500e+02 4.355300e+02 0
3.330800e+00 6.730800e+00 -4.560500e-01 -4.165300e-01 219 52 1.162700e+01 2.170000e+00 1.000600e+03 4.354700e+02 0
3.465600e+00 6.688000e+00 -4.541000e-01 -4.165300e-01 220 52 1.051400e+01 2.170000e+00 1016 4.358300e+02 0
0 0 -1.500000e-01 -6.408200e-02 1 63 1.068300e+01 2.170000e+00 2167 -3.612800e+03 0
1.091400e-03 3.480100e-02 -1.515800e-01 -6.408200e-02 2 63 1.043300e+01 2.170000e+00 3.456900e+03 -7165 0
-4.038000e-02 4.984800e-02 -1.522700e-01 -6.408200e-02 3 63 9.538600e+00 2.170000e+00 6.613900e+03 -12624 0
6.409000e-01 7.670800e-01 -1.848800e-01 -6.408200e-02 30 63 9.442800e+00 2.170000e+00 1138 8.314400e+02 0
6.384400e-01 8.262800e-01 -1.875700e-01 -6.408200e-02 31 63 9.684600e+00 2.170000e+00 1.099900e+03 7.955900e+02 0
0 0 -1.500000e-01 -3.204100e-02 1 64 1.567300e+01 2.170000e+00 2167 -3.612800e+03 0
-7.093800e-02 1.123100e-01 -1.551100e-01 -3.204100e-02 5 64 1.417300e+01 2.170000e+00 -3.085200e+03 7648 0
-1.585200e-01 1.860300e-01 -1.584600e-01 -3.204100e-02 8 64 1.335700e+01 2.170000e+00 -1.092100e+03 2.908100e+03 0
-1.986300e-01 1.949700e-01 -1.588700e-01 -3.204100e-02 9 64 1.287400e+01 2.170000e+00 -1.147900e+03 2.704800e+03 0
-2.480100e-01 1.866100e-01 -1.584900e-01 -3.204100e-02 10 64 1.268100e+01 2.170000e+00 -1.509500e+03 2.832600e+03 0
-2.619200e-01 2.225400e-01 -1.601200e-01 -3.204100e-02 11 64 1.213600e+01 2.170000e+00 -1.056100e+03 2.267400e+03 0
-2.881200e-01 2.336100e-01 -1.606200e-01 -3.204100e-02 12 64 1.169300e+01 2.170000e+00 -1031 2.134800e+03 0
-3.044900e-01 2.841200e-01 -1.629200e-01 -3.204100e-02 13 64 1.094500e+01 2.170000e+00 -6.786100e+02 1.730300e+03 0
-2.979400e-01 3.150700e-01 -1.643300e-01 -3.204100e-02 14 64 1.064100e+01 2.170000e+00 -4.940600e+02 1.566300e+03 0
-1.184100e-01 4.273400e-01 -1.694300e-01 -3.204100e-02 15 64 1.047200e+01 2.170000e+00 1.784000e+02 1.217100e+03 0
3.609700e-01 2.975900e-01 -1.635300e-01 -3.204100e-02 28 64 1.202400e+01 2.170000e+00 1.263300e+03 1.790600e+03 0
6.799100e-01 6.416100e-01 -1.791700e-01 -3.204100e-02 29 64 1.363300e+01 2.170000e+00 1.286900e+03 9.343600e+02 0
6.725500e-01 7.397000e-01 -1.836300e-01 -3.204100e-02 30 64 1.458000e+01 2.170000e+00 1189 8.510400e+02 0
6.793700e-01 7.972300e-01 -1.862500e-01 -3.204100e-02 31 64 1.475700e+01 2.170000e+00 1.154600e+03 8.133100e+02 0
6.851000e-01 8.217300e-01 -1.873600e-01 -3.204100e-02 32 64 1.425700e+01 2.170000e+00 1.144200e+03 7.991100e+02 0
6.897400e-01 8.599300e-01 -1.891000e-01 -3.204100e-02 33 64 1.282900e+01 2.170000e+00 1.125600e+03 7.786900e+02 0
7.050100e-01 9.178300e-01 -1.917300e-01 -3.204100e-02 35 64 1.023100e+01 2.170000e+00 1.107200e+03 7.514900e+02 0
-8.212400e-01 8.738900e-01 -1.897400e-01 -3.204100e-02 36 64 1.079100e+01 2.170000e+00 -6.864600e+01 7.457400e+02 0
-8.348900e-01 8.782200e-01 -1.899300e-01 -3.204100e-02 37 64 1.104600e+01 2.170000e+00 -7.468400e+01 7.436700e+02 0
-8.479800e-01 8.876600e-01 -1.903600e-01 -3.204100e-02 38 64 1.048400e+01 2.170000e+00 -7.554500e+01 7.394900e+02 0
