0 0 -1.500000e-01 0 1 65 1.668100e+01 1.510000e+00 2167 -3.612800e+03 0
-7.093800e-02 1.129100e-01 -1.535700e-01 0 5 65 1.520000e+01 1.510000e+00 -3.024700e+03 7.508100e+03 0
-1.604300e-01 1.843200e-01 -1.558300e-01 0 8 65 1.436900e+01 1.510000e+00 -1.126500e+03 2928 0
-2.008100e-01 1.928800e-01 -1.561000e-01 0 9 65 1.388600e+01 1.510000e+00 -1187 2.726900e+03 0
-2.480100e-01 1.868100e-01 -1.559100e-01 0 10 65 1.367900e+01 1.510000e+00 -1.504100e+03 2.813400e+03 0
-2.619200e-01 2.225100e-01 -1.570400e-01 0 11 65 1.309700e+01 1.510000e+00 -1.055200e+03 2.254400e+03 0
-2.851200e-01 2.363500e-01 -1.574800e-01 0 12 65 1.270500e+01 1.510000e+00 -9.922100e+02 2095 0
-3.044900e-01 2.802900e-01 -1.588700e-01 0 13 65 1.193900e+01 1.510000e+00 -7.019600e+02 1742 0
-3.085800e-01 3.112400e-01 -1.598500e-01 0 14 65 1.145700e+01 1.510000e+00 -5.372900e+02 1.571200e+03 0
-1.222300e-01 3.668700e-01 -1.616000e-01 0 15 65 1.133900e+01 1.510000e+00 6.581800e+01 1374 0
-3.560500e-01 3.799300e-01 -1.620200e-01 0 16 65 1.113100e+01 1.510000e+00 -3.600500e+02 1308 0
3.609700e-01 3.254400e-01 -1.602900e-01 0 28 65 1.311200e+01 1.510000e+00 1.196500e+03 1.615100e+03 0
6.799100e-01 6.374200e-01 -1.701600e-01 0 29 65 1.463200e+01 1.510000e+00 1.290900e+03 9.282200e+02 0
6.804600e-01 7.287900e-01 -1.730500e-01 0 30 65 1.554000e+01 1.510000e+00 1.205200e+03 8.491600e+02 0
6.793700e-01 7.975700e-01 -1.752300e-01 0 31 65 1.568400e+01 1.510000e+00 1154 8.032000e+02 0
6.766400e-01 8.328100e-01 -1.763400e-01 0 32 65 1.514100e+01 1.510000e+00 1.129500e+03 7.829400e+02 0
6.810000e-01 8.748800e-01 -1.776700e-01 0 33 65 1.358500e+01 1.510000e+00 1.109600e+03 7.613000e+02 0
7.606700e-01 8.541100e-01 -1.770200e-01 0 35 65 1.149700e+01 1.510000e+00 1.189600e+03 7.732200e+02 0
-8.594400e-01 8.302900e-01 -1.762600e-01 0 36 65 1.178800e+01 1.510000e+00 -1.402800e+02 7.557000e+02 0
-8.643500e-01 8.360700e-01 -1.764500e-01 0 37 65 1.210700e+01 1.510000e+00 -1.379500e+02 7.528800e+02 0
-8.782700e-01 8.354800e-01 -1.764300e-01 0 38 65 1.154300e+01 1.510000e+00 -1.492600e+02 7.529200e+02 0
-1.255100e-01 7.916000e+00 -4.004000e-01 0 231 65 1.008300e+01 1.510000e+00 6.696200e+02 4.186700e+02 1
0 0 -1.500000e-01 3.204100e-02 1 66 1.565300e+01 1.510000e+00 2167 -3.612800e+03 0
-7.093800e-02 1.136900e-01 -1.536000e-01 3.204100e-02 5 66 1.417900e+01 1.510000e+00 -2.956600e+03 7.377500e+03 0
-1.604300e-01 1.842800e-01 -1.558300e-01 3.204100e-02 8 66 1.342000e+01 1.510000e+00 -1.127100e+03 2.928800e+03 0
-2.008100e-01 1.931200e-01 -1.561100e-01 3.204100e-02 9 66 1.289800e+01 1.510000e+00 -1.183500e+03 2.722400e+03 0
-2.480100e-01 1.874200e-01 -1.559300e-01 3.204100e-02 10 66 1.269000e+01 1.510000e+00 -1493 2.801100e+03 0
-2.619200e-01 2.229800e-01 -1.570500e-01 3.204100e-02 11 66 1.208000e+01 1.510000e+00 -1050 2.248700e+03 0
-2.881200e-01 2.326800e-01 -1.573600e-01 3.204100e-02 12 66 1.174300e+01 1.510000e+00 -1.039300e+03 2.131300e+03 0
-3.077600e-01 2.763400e-01 -1.587400e-01 3.204100e-02 13 66 1.097100e+01 1.510000e+00 -7.369200e+02 1.766600e+03 0
-3.156700e-01 3.089100e-01 -1.597700e-01 3.204100e-02 14 66 1.053800e+01 1.510000e+00 -5.661100e+02 1.581300e+03 0
-1.184100e-01 3.873500e-01 -1.622500e-01 3.204100e-02 15 66 1.043300e+01 1.510000e+00 1.137300e+02 1.310400e+03 0
3.536000e-01 3.471500e-01 -1.609800e-01 3.204100e-02 28 66 1.207300e+01 1.510000e+00 1.136300e+03 1.511500e+03 0
6.799100e-01 6.353800e-01 -1.701000e-01 3.204100e-02 29 66 1.360200e+01 1.510000e+00 1.293200e+03 9.303000e+02 0
6.725500e-01 7.341400e-01 -1.732200e-01 3.204100e-02 30 66 1.453600e+01 1.510000e+00 1.192800e+03 8.450200e+02 0
6.793700e-01 7.975800e-01 -1.752300e-01 3.204100e-02 31 66 1.469500e+01 1.510000e+00 1154 8.032000e+02 0
6.766400e-01 8.343400e-01 -1.763900e-01 3.204100e-02 32 66 1.417900e+01 1.510000e+00 1.128600e+03 7.821100e+02 0
6.810000e-01 8.775000e-01 -1.777600e-01 3.204100e-02 33 66 1.268300e+01 1.510000e+00 1.108200e+03 7.600200e+02 0
7.699500e-01 8.806500e-01 -1.778600e-01 3.204100e-02 35 66 1.027800e+01 1.510000e+00 1.180500e+03 7.600600e+02 0
-8.594400e-01 8.207300e-01 -1.759600e-01 3.204100e-02 36 66 1.084700e+01 1.510000e+00 -1.505600e+02 7.603200e+02 0
-8.643500e-01 8.393000e-01 -1.765500e-01 3.204100e-02 37 66 1.111500e+01 1.510000e+00 -1.345700e+02 7.513600e+02 0
-8.782700e-01 8.330900e-01 -1.763500e-01 3.204100e-02 38 66 1.056500e+01 1.510000e+00 -1.518100e+02 7.540400e+02 0
0 0 -1.500000e-01 6.408200e-02 1 67 1.038300e+01 1.510000e+00 2167 -3.612800e+03 0
3.001200e-03 3.473700e-02 -1.511000e-01 6.408200e-02 2 67 1.004600e+01 1.510000e+00 3.418600e+03 -7137 0
6.984700e-01 8.118500e-01 -1.756800e-01 6.408200e-02 33 67 9.950400e+00 1.510000e+00 1.162200e+03 7.951700e+02 0
7.293000e-01 6.296300e-01 -1.699200e-01 6.408200e-02 34 67 9.726600e+00 1.510000e+00 1.360600e+03 9.380500e+02 0
0 0 -1.500000e-01 9.612300e-02 1 68 1.026500e+01 1.510000e+00 2167 -3.612800e+03 0
2.728400e-04 3.491000e-02 -1.511000e-01 9.612300e-02 2 68 9.779900e+00 1.510000e+00 3.481500e+03 -7.187900e+03 0
7.072000e-01 7.426300e-01 -1.734900e-01 9.612300e-02 33 68 9.903100e+00 1.510000e+00 1.221200e+03 8.398100e+02 0
7.202900e-01 6.950800e-01 -1.719900e-01 9.612300e-02 34 68 9.665900e+00 1.510000e+00 1.277600e+03 8.767000e+02 0
-6.261600e-01 8.863100e+00 -4.303600e-01 -8.010300e-01 256 40 1.016400e+01 1.510000e+00 6.361600e+02 4.144900e+02 1
-4.889300e-01 8.922000e+00 -4.322300e-01 -8.010300e-01 257 40 1.110600e+01 1.510000e+00 6.463400e+02 4.143100e+02 1
-4.207200e-01 8.964800e+00 -4.335800e-01 -8.010300e-01 258 40 1.124500e+01 1.510000e+00 6.514200e+02 4.141600e+02 1
-3.519600e-01 8.997800e+00 -4.346300e-01 -8.010300e-01 259 40 1.045800e+01 1.510000e+00 6.564600e+02 4.140600e+02 1
-1.555200e-02 1.990600e+00 -2.129700e-01 -7.689800e-01 58 41 9.856300e+00 1.510000e+00 6.317200e+02 535 0
-6.261600e-01 8.871400e+00 -4.306300e-01 -7.689800e-01 256 41 1.025000e+01 1.510000e+00 6.362100e+02 4.144600e+02 1
-4.190800e-01 8.930400e+00 -4.324900e-01 -7.689800e-01 257 41 1.144800e+01 1.510000e+00 6.513800e+02 4.142900e+02 1
-3.506000e-01 8.968300e+00 -4.336900e-01 -7.689800e-01 258 41 1.163000e+01 1.510000e+00 6.564300e+02 4.141700e+02 1
-2.815700e-01 9.004400e+00 -4.348300e-01 -7.689800e-01 259 41 1.082100e+01 1.510000e+00 6.614700e+02 4.140500e+02 1
0 1.990500e+00 -2.129700e-01 -7.369400e-01 58 42 1.006300e+01 1.510000e+00 6.368500e+02 5.350500e+02 0
0 0 -1.500000e-01 -6.408200e-02 1 63 1.094400e+01 1.510000e+00 2167 -3.612800e+03 0
6.851000e-01 8.329400e-01 -1.763500e-01 -6.408200e-02 32 63 9.667000e+00 1.510000e+00 1.136900e+03 7.830400e+02 0
6.548100e-01 8.766600e-01 -1.777300e-01 -6.408200e-02 33 63 9.563000e+00 1.510000e+00 1.086900e+03 7.599700e+02 0
0 0 -1.500000e-01 -3.204100e-02 1 64 1.567900e+01 1.510000e+00 2167 -3.612800e+03 0
-7.093800e-02 1.123500e-01 -1.535500e-01 -3.204100e-02 5 64 1.417600e+01 1.510000e+00 -3.075700e+03 7.605700e+03 0
-1.604300e-01 1.844200e-01 -1.558300e-01 -3.204100e-02 8 64 1.333200e+01 1.510000e+00 -1.124900e+03 2.925800e+03 0
-2.008100e-01 1.918900e-01 -1.560700e-01 -3.204100e-02 9 64 1.283400e+01 1.510000e+00 -1.201900e+03 2.745400e+03 0
-2.480100e-01 1.853100e-01 -1.558600e-01 -3.204100e-02 10 64 1.263600e+01 1.510000e+00 -1.531500e+03 2.843700e+03 0
-2.592000e-01 2.260300e-01 -1.571500e-01 -3.204100e-02 11 64 1.203800e+01 1.510000e+00 -1.007100e+03 2.214400e+03 0
-2.821100e-01 2.396900e-01 -1.575800e-01 -3.204100e-02 12 64 1.164800e+01 1.510000e+00 -9.502200e+02 2.063400e+03 0
-2.979400e-01 2.845700e-01 -1.590000e-01 -3.204100e-02 13 64 1.087400e+01 1.510000e+00 -6.574600e+02 1.717100e+03 0
-4.256300e-01 7.162800e-02 -1.522700e-01 -3.204100e-02 14 64 1.040600e+01 1.510000e+00 -30965 24978 0
-1.222300e-01 3.952700e-01 -1.625000e-01 -3.204100e-02 15 64 1.033900e+01 1.510000e+00 1.206100e+02 1.287400e+03 0
3.609700e-01 3.152000e-01 -1.599700e-01 -3.204100e-02 28 64 1.208900e+01 1.510000e+00 1.218900e+03 1.670300e+03 0
6.799100e-01 6.388500e-01 -1.702100e-01 -3.204100e-02 29 64 1.359800e+01 1.510000e+00 1.289400e+03 9.267800e+02 0
6.804600e-01 7.314700e-01 -1.731400e-01 -3.204100e-02 30 64 1.450200e+01 1.510000e+00 1203 8.471800e+02 0
6.793700e-01 7.973300e-01 -1.752200e-01 -3.204100e-02 31 64 1.464300e+01 1.510000e+00 1.154100e+03 8.033500e+02 0
6.851000e-01 8.241700e-01 -1.760700e-01 -3.204100e-02 32 64 1.408400e+01 1.510000e+00 1.142300e+03 7.878800e+02 0
6.897400e-01 8.686000e-01 -1.774800e-01 -3.204100e-02 33 64 1.245000e+01 1.510000e+00 1.120300e+03 7.645500e+02 0
7.328400e-01 8.781700e-01 -1.777800e-01 -3.204100e-02 35 64 1.066600e+01 1.510000e+00 1151 7.606100e+02 0
-8.594400e-01 8.008600e-01 -1.753300e-01 -3.204100e-02 36 64 1.057800e+01 1.510000e+00 -1.727600e+02 7.702900e+02 0
-8.545300e-01 8.236200e-01 -1.760500e-01 -3.204100e-02 37 64 1.105700e+01 1.510000e+00 -1.435900e+02 7.589900e+02 0
-8.580800e-01 8.616600e-01 -1.772600e-01 -3.204100e-02 38 64 1.046600e+01 1.510000e+00 -1.072200e+02 7.413300e+02 0
