0 0 -1.500000e-01 0 1 65 1.668200e+01 3.810000e+00 2167 -3.612800e+03 0
-7.093800e-02 1.127400e-01 -1.590100e-01 0 5 65 1.521200e+01 3.810000e+00 -3.060200e+03 7.659500e+03 0
-1.585200e-01 1.859500e-01 -1.648600e-01 0 8 65 1.434000e+01 3.810000e+00 -1097 2.949100e+03 0
-1.986300e-01 1.956000e-01 -1.656300e-01 0 9 65 1.389000e+01 3.810000e+00 -1.142600e+03 2.730800e+03 0
-2.480100e-01 1.873700e-01 -1.649700e-01 0 10 65 1.368500e+01 3.810000e+00 -1.500300e+03 2.855400e+03 0
-2.619200e-01 2.225100e-01 -1.677800e-01 0 11 65 1.311700e+01 3.810000e+00 -1.059700e+03 2.301600e+03 0
-2.881200e-01 2.324900e-01 -1.685800e-01 0 12 65 1.269400e+01 3.810000e+00 -1.045500e+03 2.179100e+03 0
-3.044900e-01 2.832100e-01 -1.726300e-01 0 13 65 1.193000e+01 3.810000e+00 -6.864700e+02 1.765600e+03 0
-3.050300e-01 3.128700e-01 -1.750000e-01 0 14 65 1.144500e+01 3.810000e+00 -5.233700e+02 1.604200e+03 0
-1.184100e-01 4.219100e-01 -1.837200e-01 0 15 65 1.133000e+01 3.810000e+00 1.699100e+02 1.256600e+03 0
3.609700e-01 2.962100e-01 -1.736700e-01 0 28 65 1.312400e+01 3.810000e+00 1.268700e+03 1.832500e+03 0
6.799100e-01 6.393700e-01 -2.010900e-01 0 29 65 1.468200e+01 3.810000e+00 1.290800e+03 9.624000e+02 0
6.725500e-01 7.367600e-01 -2.088800e-01 0 30 65 1.562800e+01 3.810000e+00 1.192400e+03 8.782200e+02 0
6.793700e-01 7.975700e-01 -2.137400e-01 0 31 65 1.578600e+01 3.810000e+00 1.155500e+03 8.378200e+02 0
6.766400e-01 8.320200e-01 -2.164900e-01 0 32 65 1.525200e+01 3.810000e+00 1.131500e+03 8.177400e+02 0
6.810000e-01 8.696600e-01 -2.195000e-01 0 33 65 1.374600e+01 3.810000e+00 1.113900e+03 798 0
6.572700e-01 9.452900e-01 -2.255400e-01 0 34 65 1.107800e+01 3.810000e+00 1.058300e+03 7.630800e+02 0
7.328400e-01 8.239300e-01 -2.158400e-01 0 35 65 1.073600e+01 3.810000e+00 1.186800e+03 8.235000e+02 0
-8.403400e-01 8.822800e-01 -2.205100e-01 0 36 65 1.185100e+01 3.810000e+00 -7.578200e+01 7.646600e+02 0
-8.545300e-01 8.862000e-01 -2.208200e-01 0 37 65 1.227800e+01 3.810000e+00 -8.250400e+01 7.627700e+02 0
-8.782700e-01 8.728400e-01 -2.197500e-01 0 38 65 1.188700e+01 3.810000e+00 -1.125200e+02 7.680500e+02 0
-9.020000e-01 8.414100e-01 -2.172400e-01 0 39 65 1.054200e+01 3.810000e+00 -1.624500e+02 7.817200e+02 0
0 0 -1.500000e-01 3.204100e-02 1 66 1.566000e+01 3.810000e+00 2167 -3.612800e+03 0
-7.202900e-02 1.122000e-01 -1.589700e-01 3.204100e-02 5 66 1.419100e+01 3.810000e+00 -3.123900e+03 7.749300e+03 0
-1.585200e-01 1.858800e-01 -1.648500e-01 3.204100e-02 8 66 1.333400e+01 3.810000e+00 -1098 2.950600e+03 0
-2.008100e-01 1.936300e-01 -1.654700e-01 3.204100e-02 9 66 1.285600e+01 3.810000e+00 -1.181100e+03 2.765600e+03 0
-2.480100e-01 1.890400e-01 -1.651100e-01 3.204100e-02 10 66 1.263400e+01 3.810000e+00 -1.470500e+03 2.822200e+03 0
-2.619200e-01 2.246500e-01 -1.679500e-01 3.204100e-02 11 66 1.203400e+01 3.810000e+00 -1.036100e+03 2.276200e+03 0
-2.881200e-01 2.364100e-01 -1.688900e-01 3.204100e-02 12 66 1.164700e+01 3.810000e+00 -1.005900e+03 2.138800e+03 0
-3.077600e-01 2.819200e-01 -1.725300e-01 3.204100e-02 13 66 1.087200e+01 3.810000e+00 -7.035000e+02 1.772900e+03 0
-3.014900e-01 3.218900e-01 -1.757200e-01 3.204100e-02 14 66 1.049400e+01 3.810000e+00 -4.725900e+02 1563 0
-1.222300e-01 4.244600e-01 -1.839200e-01 3.204100e-02 15 66 1.041500e+01 3.810000e+00 1.670100e+02 1.250200e+03 0
3.609700e-01 2.523500e-01 -1.701700e-01 3.204100e-02 28 66 1.207300e+01 3.810000e+00 1.420300e+03 2.207700e+03 0
6.799100e-01 6.369600e-01 -2.009000e-01 3.204100e-02 29 66 1.361600e+01 3.810000e+00 1.293400e+03 9.648700e+02 0
6.725500e-01 7.352500e-01 -2.087600e-01 3.204100e-02 30 66 1.459100e+01 3.810000e+00 1.193600e+03 8.793200e+02 0
6.711800e-01 8.044600e-01 -2.142900e-01 3.204100e-02 31 66 1.474500e+01 3.810000e+00 1.143500e+03 8.334700e+02 0
6.766400e-01 8.336000e-01 -2.166200e-01 3.204100e-02 32 66 1.419600e+01 3.810000e+00 1.130600e+03 8.168700e+02 0
6.810000e-01 8.686600e-01 -2.194200e-01 3.204100e-02 33 66 1.265900e+01 3.810000e+00 1.114400e+03 7.985000e+02 0
-8.594400e-01 8.608800e-01 -2.188000e-01 3.204100e-02 36 66 1.072200e+01 3.810000e+00 -1.102900e+02 7.736200e+02 0
-8.643500e-01 8.708800e-01 -2.196000e-01 3.204100e-02 37 66 1.113100e+01 3.810000e+00 -1.041700e+02 7.691400e+02 0
-8.681700e-01 8.894900e-01 -2.210800e-01 3.204100e-02 38 66 1.070400e+01 3.810000e+00 -8.934100e+01 7.611800e+02 0
-1.283400e+00 7.687500e+00 -7.643400e-01 -9.612300e-01 225 35 1.089100e+01 3.810000e+00 5.731600e+02 4.491800e+02 1
-1.289200e+00 7.729000e+00 -7.676600e-01 -9.612300e-01 226 35 1.080700e+01 3.810000e+00 5.733400e+02 4.489700e+02 1
-1.418200e+00 7.763300e+00 -7.704000e-01 -9.612300e-01 227 35 1.028900e+01 3.810000e+00 5.633300e+02 4.487400e+02 1
-1.440600e+00 7.543000e+00 -7.527900e-01 -9.291900e-01 221 36 1.026700e+01 3.810000e+00 5.576100e+02 4.498500e+02 1
-1.283400e+00 7.672400e+00 -7.631400e-01 -9.291900e-01 225 36 1.098000e+01 3.810000e+00 5.729200e+02 4.492500e+02 1
-1.411900e+00 7.702500e+00 -7.655400e-01 -9.291900e-01 226 36 1.109000e+01 3.810000e+00 5.628100e+02 4.490400e+02 1
-1.541500e+00 7.740700e+00 -7.685900e-01 -9.291900e-01 227 36 1.057800e+01 3.810000e+00 5.528400e+02 4.488000e+02 1
-1.672200e+00 7.533500e+00 -7.520300e-01 -9.291900e-01 228 36 9.946200e+00 3.810000e+00 5.379600e+02 4.497900e+02 1
0 0 -1.500000e-01 -6.728600e-01 1 44 9.552600e+00 3.810000e+00 2167 -3.612800e+03 0
-3.922900e+00 3.880200e+00 -4.600800e-01 -6.728600e-01 159 44 1.079500e+01 3.810000e+00 3.229700e+01 4.841600e+02 1
-3.947700e+00 3.903900e+00 -4.619800e-01 -6.728600e-01 160 44 1.156500e+01 3.810000e+00 3.241100e+01 4.836900e+02 1
-4.016200e+00 3.884400e+00 -4.604200e-01 -6.728600e-01 161 44 1.160500e+01 3.810000e+00 1.847700e+01 4.839700e+02 1
-4.085200e+00 3.862000e+00 -4.586300e-01 -6.728600e-01 162 44 1.094600e+01 3.810000e+00 3.819700e+00 4.843100e+02 1
-3.940900e+00 3.787200e+00 -4.526500e-01 -6.408200e-01 158 45 1.085200e+01 3.810000e+00 1.341300e+01 4.859200e+02 1
-3.966000e+00 3.835800e+00 -4.565300e-01 -6.408200e-01 159 45 1.203000e+01 3.810000e+00 1.794700e+01 4.849500e+02 1
-3.991100e+00 3.856500e+00 -4.581900e-01 -6.408200e-01 160 45 1.254200e+01 3.810000e+00 1.758200e+01 4.845200e+02 1
-4.059800e+00 3.835200e+00 -4.564800e-01 -6.408200e-01 161 45 1.241700e+01 3.810000e+00 3.055000e+00 4.848500e+02 1
-4.129100e+00 3.813000e+00 -4.547100e-01 -6.408200e-01 162 45 1.157800e+01 3.810000e+00 -1.186200e+01 4.851900e+02 0
-3.940900e+00 3.782200e+00 -4.522500e-01 -6.087800e-01 158 46 1.009300e+01 3.810000e+00 1.252800e+01 4.860100e+02 1
-3.966000e+00 3.812700e+00 -4.546900e-01 -6.087800e-01 159 46 1.106400e+01 3.810000e+00 1.392200e+01 4.853900e+02 1
-4.034500e+00 3.802500e+00 -4.538800e-01 -6.087800e-01 160 46 1.142600e+01 3.810000e+00 1.251900e+00 4.855000e+02 1
-4.103500e+00 3.790900e+00 -4.529500e-01 -6.087800e-01 161 46 1.123900e+01 3.810000e+00 -1.181800e+01 4.856500e+02 0
-4.129100e+00 3.816300e+00 -4.549800e-01 -6.087800e-01 162 46 1.036400e+01 3.810000e+00 -1.124700e+01 4.851200e+02 0
0 0 -1.500000e-01 -9.612300e-02 1 62 1.008800e+01 3.810000e+00 2167 -3.612800e+03 0
6.466300e-01 8.243000e-01 -2.158700e-01 -9.612300e-02 31 62 9.561500e+00 3.810000e+00 1.109300e+03 8.214000e+02 0
6.681800e-01 8.463000e-01 -2.176300e-01 -9.612300e-02 32 62 9.536800e+00 3.810000e+00 1.115800e+03 8.098100e+02 0
0 0 -1.500000e-01 -6.408200e-02 1 63 9.513100e+00 3.810000e+00 2167 -3.612800e+03 0
6.630000e-01 8.109100e-01 -2.148000e-01 -6.408200e-02 31 63 1.007000e+01 3.810000e+00 1132 8.294600e+02 0
6.766400e-01 8.388400e-01 -2.170400e-01 -6.408200e-02 32 63 9.964700e+00 3.810000e+00 1.127500e+03 814 0
0 0 -1.500000e-01 -3.204100e-02 1 64 1.567200e+01 3.810000e+00 2167 -3.612800e+03 0
-7.093800e-02 1.121500e-01 -1.589600e-01 -3.204100e-02 5 64 1.419700e+01 3.810000e+00 -3115 7.765300e+03 0
-1.585200e-01 1.860400e-01 -1.648700e-01 -3.204100e-02 8 64 1.331300e+01 3.810000e+00 -1.095600e+03 2.947100e+03 0
-1.986300e-01 1.951400e-01 -1.655900e-01 -3.204100e-02 9 64 1.288900e+01 3.810000e+00 -1.149100e+03 2.739100e+03 0
-2.480100e-01 1.859600e-01 -1.648600e-01 -3.204100e-02 10 64 1.269400e+01 3.810000e+00 -1.525900e+03 2884 0
-2.646500e-01 2.164700e-01 -1.673000e-01 -3.204100e-02 11 64 1.213700e+01 3.810000e+00 -1.140100e+03 2.375900e+03 0
-2.911200e-01 2.250300e-01 -1.679800e-01 -3.204100e-02 12 64 1.164200e+01 3.810000e+00 -1.137100e+03 2.260100e+03 0
-3.077600e-01 2.797600e-01 -1.723600e-01 -3.204100e-02 13 64 1.089100e+01 3.810000e+00 -7.175100e+02 1.786600e+03 0
-1.222300e-01 4.460200e-01 -1.856400e-01 -3.204100e-02 15 64 1.038200e+01 3.810000e+00 1.972200e+02 1.202100e+03 0
3.609700e-01 2.778400e-01 -1.722000e-01 -3.204100e-02 28 64 1.213400e+01 3.810000e+00 1.323700e+03 1.968700e+03 0
6.799100e-01 6.423800e-01 -2.013400e-01 -3.204100e-02 29 64 1.367800e+01 3.810000e+00 1.287500e+03 9.593500e+02 0
6.725500e-01 7.382600e-01 -2.090000e-01 -3.204100e-02 30 64 1.460100e+01 3.810000e+00 1.191300e+03 8.771200e+02 0
6.793700e-01 7.974800e-01 -2.137300e-01 -3.204100e-02 31 64 1.474500e+01 3.810000e+00 1.155600e+03 8.378700e+02 0
6.766400e-01 8.300800e-01 -2.163400e-01 -3.204100e-02 32 64 1.419900e+01 3.810000e+00 1.132700e+03 8.188200e+02 0
6.810000e-01 8.687300e-01 -2.194200e-01 -3.204100e-02 33 64 1.264200e+01 3.810000e+00 1.114400e+03 7.984700e+02 0
7.022900e-01 9.094400e-01 -2.226800e-01 -3.204100e-02 34 64 1.047000e+01 3.810000e+00 1.110400e+03 7.794200e+02 0
7.514000e-01 8.273400e-01 -2.161200e-01 -3.204100e-02 35 64 1.009500e+01 3.810000e+00 1.201200e+03 8.219800e+02 0
-8.403400e-01 8.824300e-01 -2.205200e-01 -3.204100e-02 36 64 1.098400e+01 3.810000e+00 -7.564700e+01 7.645900e+02 0
-8.545300e-01 8.902800e-01 -2.211500e-01 -3.204100e-02 37 64 1.137900e+01 3.810000e+00 -7.875400e+01 7.610700e+02 0
-8.782700e-01 8.678600e-01 -2.193500e-01 -3.204100e-02 38 64 1.095100e+01 3.810000e+00 -1.174000e+02 7.702200e+02 0
