0 0 -1.500000e-01 0 1 65 1.673400e+01 5.200000e-01 2167 -3.612800e+03 0
-7.093800e-02 1.129800e-01 -1.512300e-01 0 5 65 1.517000e+01 5.200000e-01 -3.010300e+03 7.445100e+03 0
-1.585200e-01 1.859200e-01 -1.520200e-01 0 8 65 1.434200e+01 5.200000e-01 -1.090100e+03 2.871200e+03 0
-2.008100e-01 1.931400e-01 -1.521000e-01 0 9 65 1.387400e+01 5.200000e-01 -1181 2.699500e+03 0
-2.480100e-01 1.870500e-01 -1.520400e-01 0 10 65 1.368000e+01 5.200000e-01 -1497 2.785700e+03 0
-2.619200e-01 2.228600e-01 -1.524300e-01 0 11 65 1.311400e+01 5.200000e-01 -1.049400e+03 2.229900e+03 0
-2.881200e-01 2.337200e-01 -1.525500e-01 0 12 65 1.265600e+01 5.200000e-01 -1.026800e+03 2.100900e+03 0
-3.012100e-01 2.867400e-01 -1.531200e-01 0 13 65 1.184600e+01 5.200000e-01 -6.516400e+02 1.685600e+03 0
-3.085800e-01 2.998200e-01 -1.532700e-01 0 14 65 1.146100e+01 5.200000e-01 -5.956100e+02 1.611300e+03 0
-1.260500e-01 4.338700e-01 -1.547300e-01 0 15 65 1.125100e+01 5.200000e-01 1.752100e+02 1.175100e+03 0
3.536000e-01 3.570600e-01 -1.538900e-01 0 28 65 1.313200e+01 5.200000e-01 1.119400e+03 1.452300e+03 0
6.722700e-01 6.499500e-01 -1.570800e-01 0 29 65 1.470800e+01 5.200000e-01 1.267600e+03 9.001700e+02 0
6.725500e-01 7.400700e-01 -1.580600e-01 0 30 65 1.566800e+01 5.200000e-01 1.187500e+03 8.257300e+02 0
6.711800e-01 8.043400e-01 -1.587600e-01 0 31 65 1.588200e+01 5.200000e-01 1.141400e+03 7.841900e+02 0
6.766400e-01 8.307600e-01 -1.590500e-01 0 32 65 1.543700e+01 5.200000e-01 1.130100e+03 7.693400e+02 0
6.810000e-01 8.603000e-01 -1.593700e-01 0 33 65 1.412000e+01 5.200000e-01 1.116900e+03 7.539200e+02 0
6.482600e-01 9.482300e-01 -1.603300e-01 0 34 65 1.130300e+01 5.200000e-01 1.048300e+03 7.136400e+02 0
7.606700e-01 8.818700e-01 -1.596000e-01 0 35 65 1.078600e+01 5.200000e-01 1.171300e+03 7.446800e+02 0
-8.021400e-01 9.205900e-01 -1.600300e-01 0 36 65 1.186000e+01 5.200000e-01 -1.378300e+01 7.042200e+02 0
-8.250600e-01 9.288000e-01 -1.601200e-01 0 37 65 1.232100e+01 5.200000e-01 -2.307300e+01 7.007900e+02 0
-8.479800e-01 9.397300e-01 -1.602300e-01 0 38 65 1.204600e+01 5.200000e-01 -2.996200e+01 6.964200e+02 0
-8.812700e-01 9.571800e-01 -1.604200e-01 0 39 65 1.080800e+01 5.200000e-01 -3.839400e+01 6.897300e+02 0
0 0 -1.500000e-01 3.204100e-02 1 66 1.571800e+01 5.200000e-01 2167 -3.612800e+03 0
-7.202900e-02 1.124600e-01 -1.512200e-01 3.204100e-02 5 66 1.415200e+01 5.200000e-01 -3.070900e+03 7.528600e+03 0
-1.604300e-01 1.841700e-01 -1.520100e-01 3.204100e-02 8 66 1.335900e+01 5.200000e-01 -1.126600e+03 2.907600e+03 0
-2.008100e-01 1.931000e-01 -1.521000e-01 3.204100e-02 9 66 1.287400e+01 5.200000e-01 -1.181500e+03 2.700200e+03 0
-2.480100e-01 1.868900e-01 -1.520400e-01 3.204100e-02 10 66 1.268300e+01 5.200000e-01 -1500 2789 0
-2.619200e-01 2.231600e-01 -1.524300e-01 3.204100e-02 11 66 1.212400e+01 5.200000e-01 -1.046100e+03 2.226400e+03 0
-2.851200e-01 2.399900e-01 -1.526100e-01 3.204100e-02 12 66 1.166900e+01 5.200000e-01 -9.555200e+02 2.040100e+03 0
-2.979400e-01 2.893600e-01 -1.531500e-01 3.204100e-02 13 66 1.087300e+01 5.200000e-01 -6.274900e+02 1.670900e+03 0
-4.220800e-01 1.358000e-01 -1.514800e-01 3.204100e-02 14 66 1.041000e+01 5.200000e-01 -4.257100e+03 4.227600e+03 0
-1.184100e-01 4.177000e-01 -1.545500e-01 3.204100e-02 15 66 1.035100e+01 5.200000e-01 1.646700e+02 1.213200e+03 0
3.462300e-01 3.581800e-01 -1.539000e-01 3.204100e-02 28 66 1.214500e+01 5.200000e-01 1.100200e+03 1.446800e+03 0
6.722700e-01 6.504800e-01 -1.570800e-01 3.204100e-02 29 66 1.375100e+01 5.200000e-01 1267 8.996500e+02 0
6.725500e-01 7.405300e-01 -1.580700e-01 3.204100e-02 30 66 1.473800e+01 5.200000e-01 1.187100e+03 8.254000e+02 0
6.711800e-01 8.043000e-01 -1.587600e-01 3.204100e-02 31 66 1.498300e+01 5.200000e-01 1.141400e+03 7.842200e+02 0
6.766400e-01 8.301800e-01 -1.590400e-01 3.204100e-02 32 66 1.458600e+01 5.200000e-01 1.130400e+03 7.696600e+02 0
6.810000e-01 8.579900e-01 -1.593400e-01 3.204100e-02 33 66 1.334300e+01 5.200000e-01 1.118200e+03 7.550800e+02 0
6.482600e-01 9.209200e-01 -1.600300e-01 3.204100e-02 34 66 1.054200e+01 5.200000e-01 1.060100e+03 7.250600e+02 0
-8.021400e-01 9.222500e-01 -1.600400e-01 3.204100e-02 36 66 1.097800e+01 5.200000e-01 -1.244000e+01 7.035800e+02 0
-8.250600e-01 9.403000e-01 -1.602400e-01 3.204100e-02 37 66 1.156500e+01 5.200000e-01 -1.385300e+01 6.965100e+02 0
-8.479800e-01 9.606500e-01 -1.604600e-01 3.204100e-02 38 66 1.140500e+01 5.200000e-01 -1.342200e+01 6.889200e+02 0
-8.812700e-01 9.796000e-01 -1.606700e-01 3.204100e-02 39 66 1.031200e+01 5.200000e-01 -2.085100e+01 6.820300e+02 0
0 0 -1.500000e-01 6.408200e-02 1 67 1.002900e+01 5.200000e-01 2167 -3.612800e+03 0
6.935500e-01 7.637700e-01 -1.583200e-01 6.408200e-02 32 67 9.965700e+00 5.200000e-01 1.190400e+03 8.099800e+02 0
2.077400e+00 9.614200e+00 -2.547100e-01 -2.883700e-01 283 56 1.040600e+01 5.200000e-01 8.211800e+02 3.996100e+02 1
2.007500e+00 9.677200e+00 -2.554000e-01 -2.883700e-01 284 56 1.172100e+01 5.200000e-01 8.156600e+02 3.993900e+02 1
2.014600e+00 9.710700e+00 -2.557600e-01 -2.883700e-01 285 56 1.204900e+01 5.200000e-01 8.157000e+02 3.992900e+02 1
2.021700e+00 9.744000e+00 -2.561200e-01 -2.883700e-01 286 56 1.169600e+01 5.200000e-01 8.157500e+02 3.991800e+02 1
1.950800e+00 9.745900e+00 -2.561400e-01 -2.883700e-01 287 56 1.083900e+01 5.200000e-01 8.110100e+02 3.991600e+02 1
1.923500e+00 9.655700e+00 -2.551600e-01 -2.563300e-01 283 57 1.159700e+01 5.200000e-01 8.103000e+02 3.994500e+02 1
1.930300e+00 9.684200e+00 -2.554700e-01 -2.563300e-01 284 57 1.284400e+01 5.200000e-01 8.104000e+02 3.993600e+02 1
1.937200e+00 9.716600e+00 -2.558200e-01 -2.563300e-01 285 57 1.321600e+01 5.200000e-01 8.104600e+02 3.992500e+02 1
1.944000e+00 9.756300e+00 -2.562600e-01 -2.563300e-01 286 57 1.298300e+01 5.200000e-01 8.104300e+02 3.991300e+02 1
1.872800e+00 9.810900e+00 -2.568500e-01 -2.563300e-01 287 57 1.221800e+01 5.200000e-01 8.050700e+02 3.989400e+02 1
1.644400e+00 9.867100e+00 -2.574600e-01 -2.563300e-01 288 57 1.060500e+01 5.200000e-01 7.894600e+02 3.987200e+02 1
1.692700e+00 9.683900e+00 -2.554700e-01 -2.242900e-01 283 58 1.078500e+01 5.200000e-01 7.945200e+02 3.993100e+02 1
1.853100e+00 9.682400e+00 -2.554500e-01 -2.242900e-01 284 58 1.199200e+01 5.200000e-01 8.052600e+02 3.993500e+02 1
1.937200e+00 9.707500e+00 -2.557300e-01 -2.242900e-01 285 58 1.237800e+01 5.200000e-01 8.105700e+02 3.992800e+02 1
1.866200e+00 9.768800e+00 -2.563900e-01 -2.242900e-01 286 58 1.219100e+01 5.200000e-01 8.051300e+02 3.990700e+02 1
1.716700e+00 9.839300e+00 -2.571600e-01 -2.242900e-01 287 58 1.141900e+01 5.200000e-01 7.944800e+02 3.988200e+02 1
-6.842800e+00 6.171200e+00 -2.172100e-01 -1.922500e-01 265 59 1.012100e+01 5.200000e-01 -1.016900e+01 4.141100e+02 0
-7.121100e+00 5.685900e+00 -2.119300e-01 -1.602100e-01 262 60 9.929700e+00 5.200000e-01 -9.761400e+01 4.178000e+02 0
-7.219800e+00 5.567600e+00 -2.106400e-01 -1.602100e-01 263 60 1.002500e+01 5.200000e-01 -1.244100e+02 4.187700e+02 0
-6.842800e+00 6.152600e+00 -2.170100e-01 -1.602100e-01 265 60 1.013700e+01 5.200000e-01 -1.224800e+01 4.142500e+02 0
-2.128100e-02 2.737900e-02 -1.503000e-01 -6.408200e-02 2 63 9.624500e+00 5.200000e-01 3.367400e+03 -6.057800e+03 0
1.637000e-02 6.283300e-02 -1.506800e-01 -6.408200e-02 3 63 9.571100e+00 5.200000e-01 9.220300e+03 -25102 0
0 0 -1.500000e-01 -3.204100e-02 1 64 1.572000e+01 5.200000e-01 2167 -3.612800e+03 0
-7.093800e-02 1.123800e-01 -1.512200e-01 -3.204100e-02 5 64 1.413600e+01 5.200000e-01 -3065 7.549500e+03 0
-1.585200e-01 1.860200e-01 -1.520300e-01 -3.204100e-02 8 64 1.335100e+01 5.200000e-01 -1.088700e+03 2.869100e+03 0
-2.008100e-01 1.927400e-01 -1.521000e-01 -3.204100e-02 9 64 1.285000e+01 5.200000e-01 -1.186800e+03 2.706800e+03 0
-2.480100e-01 1.862800e-01 -1.520300e-01 -3.204100e-02 10 64 1.264900e+01 5.200000e-01 -1.511100e+03 2.801200e+03 0
-2.646500e-01 2.174000e-01 -1.523700e-01 -3.204100e-02 11 64 1.209400e+01 5.200000e-01 -1.122100e+03 2.295500e+03 0
-2.881200e-01 2.307600e-01 -1.525100e-01 -3.204100e-02 12 64 1.160300e+01 5.200000e-01 -1.057400e+03 2.131800e+03 0
-3.012100e-01 2.865200e-01 -1.531200e-01 -3.204100e-02 13 64 1.085700e+01 5.200000e-01 -6.529700e+02 1.686900e+03 0
-3.014900e-01 2.960400e-01 -1.532200e-01 -3.204100e-02 14 64 1.056900e+01 5.200000e-01 -5.985300e+02 1.632800e+03 0
-1.298700e-01 4.694200e-01 -1.551100e-01 -3.204100e-02 15 64 1.034400e+01 5.200000e-01 2.153800e+02 1.103100e+03 0
3.536000e-01 3.627500e-01 -1.539500e-01 -3.204100e-02 28 64 1.208100e+01 5.200000e-01 1.110700e+03 1430 0
6.799100e-01 6.443400e-01 -1.570200e-01 -3.204100e-02 29 64 1.362700e+01 5.200000e-01 1.282600e+03 9.058600e+02 0
6.725500e-01 7.406500e-01 -1.580700e-01 -3.204100e-02 30 64 1.459000e+01 5.200000e-01 1187 8.253200e+02 0
6.711800e-01 8.042600e-01 -1.587600e-01 -3.204100e-02 31 64 1.478800e+01 5.200000e-01 1.141400e+03 7.842400e+02 0
6.766400e-01 8.296800e-01 -1.590400e-01 -3.204100e-02 32 64 1.431300e+01 5.200000e-01 1.130700e+03 7.699300e+02 0
6.810000e-01 8.582300e-01 -1.593500e-01 -3.204100e-02 33 64 1.294900e+01 5.200000e-01 1.118100e+03 7.549600e+02 0
7.328400e-01 8.771300e-01 -1.595500e-01 -3.204100e-02 35 64 9.882100e+00 5.200000e-01 1.150900e+03 7.464900e+02 0
-8.116900e-01 9.117600e-01 -1.599300e-01 -3.204100e-02 36 64 1.078600e+01 5.200000e-01 -2.774500e+01 7.075200e+02 0
-8.250600e-01 9.187100e-01 -1.600100e-01 -3.204100e-02 37 64 1.113700e+01 5.200000e-01 -3.135300e+01 7.046300e+02 0
-8.479800e-01 9.186100e-01 -1.600000e-01 -3.204100e-02 38 64 1.078100e+01 5.200000e-01 -4.746500e+01 7.043600e+02 0
