0 0 -1.500000e-01 0 1 65 1.675100e+01 5.900000e-01 2167 -3.612800e+03 0
-7.093800e-02 1.133000e-01 -1.514000e-01 0 5 65 1.515200e+01 5.900000e-01 -2.982800e+03 7.394900e+03 0
-1.585200e-01 1.859800e-01 -1.523000e-01 0 8 65 1.434900e+01 5.900000e-01 -1.089500e+03 2.871600e+03 0
-1.986300e-01 1.953700e-01 -1.524100e-01 0 9 65 1.386900e+01 5.900000e-01 -1.138700e+03 2.661800e+03 0
-2.480100e-01 1.867700e-01 -1.523100e-01 0 10 65 1.366500e+01 5.900000e-01 -1.502300e+03 2.792900e+03 0
-2.619200e-01 2.218500e-01 -1.527400e-01 0 11 65 1.310100e+01 5.900000e-01 -1.060800e+03 2.243400e+03 0
-2.881200e-01 2.311900e-01 -1.528600e-01 0 12 65 1.266400e+01 5.900000e-01 -1053 2.128600e+03 0
-3.044900e-01 2.828400e-01 -1.535000e-01 0 13 65 1.188500e+01 5.900000e-01 -6.845200e+02 1.709600e+03 0
-3.121300e-01 3.007000e-01 -1.537200e-01 0 14 65 1.145400e+01 5.900000e-01 -5.997500e+02 1.607300e+03 0
-1.260500e-01 2.599200e-01 -1.532100e-01 0 15 65 1.132800e+01 5.900000e-01 -2.985900e+02 1.913800e+03 0
-3.642400e-01 3.658500e-01 -1.545200e-01 0 16 65 1.116700e+01 5.900000e-01 -4.240700e+02 1.334900e+03 0
3.609700e-01 3.156100e-01 -1.539000e-01 0 28 65 1.304500e+01 5.900000e-01 1.217200e+03 1.650300e+03 0
6.799100e-01 6.383700e-01 -1.578900e-01 0 29 65 1.461600e+01 5.900000e-01 1.289100e+03 9.128800e+02 0
6.725500e-01 7.364000e-01 -1.591000e-01 0 30 65 1.555300e+01 5.900000e-01 1.190400e+03 8.294200e+02 0
6.793700e-01 7.975700e-01 -1.598600e-01 0 31 65 1.569800e+01 5.900000e-01 1.153300e+03 7.894300e+02 0
6.851000e-01 8.277600e-01 -1.602300e-01 0 32 65 1.513500e+01 5.900000e-01 1.139400e+03 7.721900e+02 0
6.810000e-01 8.725500e-01 -1.607800e-01 0 33 65 1.359900e+01 5.900000e-01 1.110300e+03 7.488600e+02 0
-9.453800e-01 5.407500e-01 -1.566800e-01 0 34 65 1.090500e+01 5.900000e-01 -7.283000e+02 9.576600e+02 0
7.514000e-01 8.969200e-01 -1.610800e-01 0 35 65 1.122700e+01 5.900000e-01 1.154800e+03 7.384500e+02 0
-8.594400e-01 7.804800e-01 -1.596400e-01 0 36 65 1.151800e+01 5.900000e-01 -1.961800e+02 7.682400e+02 0
-8.152400e-01 9.012800e-01 -1.611400e-01 0 37 65 1.152900e+01 5.900000e-01 -3.915500e+01 7.125900e+02 0
-8.076000e-01 9.599100e-01 -1.618600e-01 0 38 65 1.135200e+01 5.900000e-01 1.299300e+01 6.906500e+02 0
-8.294300e-01 9.812600e-01 -1.621300e-01 0 39 65 1.024500e+01 5.900000e-01 1.424700e+01 6.830500e+02 0
-8.250600e-01 1.600400e+00 -1.697800e-01 0 55 65 1.026100e+01 5.900000e-01 2.865700e+02 5.580900e+02 0
-8.253400e-01 1.669300e+00 -1.706300e-01 0 56 65 1.034400e+01 5.900000e-01 3.037200e+02 5.500800e+02 0
0 0 -1.500000e-01 3.204100e-02 1 66 1.574600e+01 5.900000e-01 2167 -3.612800e+03 0
-7.202900e-02 1.126400e-01 -1.513900e-01 3.204100e-02 5 66 1.415000e+01 5.900000e-01 -3055 7.500800e+03 0
-1.604300e-01 1.842400e-01 -1.522800e-01 3.204100e-02 8 66 1.330300e+01 5.900000e-01 -1.125700e+03 2.907800e+03 0
-2.008100e-01 1.931700e-01 -1.523900e-01 3.204100e-02 9 66 1.285100e+01 5.900000e-01 -1.180600e+03 2.700500e+03 0
-2.480100e-01 1.873000e-01 -1.523100e-01 3.204100e-02 10 66 1.264700e+01 5.900000e-01 -1.492600e+03 2.782300e+03 0
-2.619200e-01 2.226400e-01 -1.527500e-01 3.204100e-02 11 66 1.210900e+01 5.900000e-01 -1.051900e+03 2.233900e+03 0
-2.881200e-01 2.322900e-01 -1.528700e-01 3.204100e-02 12 66 1.160200e+01 5.900000e-01 -1.041500e+03 2.117100e+03 0
-3.044900e-01 2.834200e-01 -1.535000e-01 3.204100e-02 13 66 1.077000e+01 5.900000e-01 -6.808800e+02 1.706100e+03 0
-3.192200e-01 2.928500e-01 -1.536200e-01 3.204100e-02 14 66 1.046200e+01 5.900000e-01 -6.621800e+02 1.648300e+03 0
-1.222300e-01 3.059400e-01 -1.537800e-01 3.204100e-02 15 66 1.023900e+01 5.900000e-01 -9.557200e+01 1.613700e+03 0
3.609700e-01 3.461000e-01 -1.542800e-01 3.204100e-02 28 66 1.202500e+01 5.900000e-01 1.155800e+03 1.500300e+03 0
6.722700e-01 6.396300e-01 -1.579000e-01 3.204100e-02 29 66 1.361300e+01 5.900000e-01 1.278500e+03 9.113500e+02 0
6.725500e-01 7.324100e-01 -1.590500e-01 3.204100e-02 30 66 1.453700e+01 5.900000e-01 1.193500e+03 8.323000e+02 0
6.793700e-01 7.973400e-01 -1.598500e-01 3.204100e-02 31 66 1.467400e+01 5.900000e-01 1.153500e+03 7.895700e+02 0
6.851000e-01 8.300400e-01 -1.602600e-01 3.204100e-02 32 66 1.410100e+01 5.900000e-01 1.138100e+03 7.709400e+02 0
6.810000e-01 8.756000e-01 -1.608200e-01 3.204100e-02 33 66 1.253900e+01 5.900000e-01 1.108600e+03 7.473700e+02 0
7.328400e-01 8.718700e-01 -1.607700e-01 3.204100e-02 35 66 1.009800e+01 5.900000e-01 1.154100e+03 7.500900e+02 0
-8.212400e-01 8.646500e-01 -1.606800e-01 3.204100e-02 36 66 1.027700e+01 5.900000e-01 -7.643200e+01 7.278700e+02 0
-7.759500e-01 9.671700e-01 -1.619500e-01 3.204100e-02 37 66 1.041600e+01 5.900000e-01 3.943100e+01 6.885100e+02 0
-7.874100e-01 9.984700e-01 -1.623400e-01 3.204100e-02 38 66 1.026900e+01 5.900000e-01 5.357600e+01 6.778600e+02 0
3.718800e-01 9.222300e-01 -1.614000e-01 4.485700e-01 30 79 9.596600e+00 5.900000e-01 8.456700e+02 7.213400e+02 0
3.928900e-01 9.440000e-01 -1.616700e-01 4.485700e-01 31 79 9.555800e+00 5.900000e-01 8.574800e+02 7.127000e+02 0
3.132200e-01 9.216500e-01 -1.613900e-01 4.806200e-01 29 80 9.715000e+00 5.900000e-01 8.009600e+02 7.207100e+02 0
3.481400e-01 9.471000e-01 -1.617000e-01 4.806200e-01 30 80 1.057200e+01 5.900000e-01 8.236500e+02 7.108300e+02 0
3.683300e-01 9.771600e-01 -1.620800e-01 4.806200e-01 31 80 1.047500e+01 5.900000e-01 8.337400e+02 6.995900e+02 0
3.132200e-01 9.109100e-01 -1.612600e-01 5.126600e-01 29 81 9.726700e+00 5.900000e-01 8.023500e+02 7.252700e+02 0
3.402300e-01 9.479900e-01 -1.617100e-01 5.126600e-01 30 81 1.055500e+01 5.900000e-01 8.176600e+02 7.103700e+02 0
3.601500e-01 9.787000e-01 -1.620900e-01 5.126600e-01 31 81 1.053500e+01 5.900000e-01 8.276400e+02 6.989100e+02 0
3.975300e-01 9.951200e-01 -1.623000e-01 5.126600e-01 32 81 9.558300e+00 5.900000e-01 8.515200e+02 6.934400e+02 0
-1.023700e+00 4.563400e+00 -2.063900e-01 -5.447000e-01 135 48 1.041900e+01 5.900000e-01 5.258200e+02 4.341400e+02 0
-1.105000e+00 4.573200e+00 -2.065100e-01 -5.447000e-01 136 48 1.012300e+01 5.900000e-01 5.149100e+02 4.339500e+02 0
0 0 -1.500000e-01 -4.165300e-01 1 52 9.577500e+00 5.900000e-01 2167 -3.612800e+03 0
1.091400e-03 3.490400e-02 -1.504300e-01 -4.165300e-01 2 52 9.136100e+00 5.900000e-01 3.467900e+03 -7.176400e+03 0
2.198500e+00 2.761200e+00 -1.841200e-01 -4.165300e-01 103 52 9.938900e+00 5.900000e-01 1.185700e+03 4.824200e+02 1
2.163900e+00 2.864300e+00 -1.854000e-01 -4.165300e-01 104 52 1.002700e+01 5.900000e-01 1.158700e+03 4.780700e+02 1
2.143700e+00 2.500900e+00 -1.809000e-01 -3.844900e-01 98 53 1.027500e+01 5.900000e-01 1.224900e+03 4.948100e+02 1
2.246000e+00 2.540900e+00 -1.814000e-01 -3.844900e-01 99 53 1.095200e+01 5.900000e-01 1.243900e+03 4.929200e+02 0
2.241900e+00 2.622900e+00 -1.824100e-01 -3.844900e-01 100 53 1.147600e+01 5.900000e-01 1.224600e+03 4.888200e+02 1
2.237300e+00 2.680800e+00 -1.831300e-01 -3.844900e-01 101 53 1.165000e+01 5.900000e-01 1.211300e+03 4.860800e+02 1
2.287200e+00 2.676500e+00 -1.830700e-01 -3.844900e-01 102 53 1.029200e+01 5.900000e-01 1225 4.863700e+02 1
2.309800e+00 2.709100e+00 -1.834800e-01 -3.844900e-01 103 53 1.156700e+01 5.900000e-01 1224 4.849200e+02 1
2.304400e+00 2.761000e+00 -1.841200e-01 -3.844900e-01 104 53 1.150100e+01 5.900000e-01 1.212100e+03 4.826100e+02 1
2.355100e+00 2.747300e+00 -1.839500e-01 -3.844900e-01 105 53 9.970300e+00 5.900000e-01 1.227600e+03 4.833000e+02 1
2.170200e+00 2.562100e+00 -1.816600e-01 -3.524500e-01 98 54 1.072500e+01 5.900000e-01 1.218600e+03 4.916900e+02 1
2.219300e+00 2.592400e+00 -1.820300e-01 -3.524500e-01 99 54 1.119000e+01 5.900000e-01 1.225200e+03 4.902700e+02 1
2.214900e+00 2.639900e+00 -1.826200e-01 -3.524500e-01 100 54 1.144700e+01 5.900000e-01 1.213900e+03 4.879500e+02 1
2.210000e+00 2.693200e+00 -1.832800e-01 -3.524500e-01 101 54 1.155900e+01 5.900000e-01 1.201800e+03 4.854600e+02 1
2.177000e+00 2.754800e+00 -1.840400e-01 -3.524500e-01 102 54 1.045700e+01 5.900000e-01 1.181500e+03 4.826600e+02 1
2.365500e+00 2.658300e+00 -1.828500e-01 -3.524500e-01 103 54 1.112000e+01 5.900000e-01 1.249300e+03 4.873700e+02 0
2.388700e+00 2.685300e+00 -1.831800e-01 -3.524500e-01 104 54 1.106000e+01 5.900000e-01 1.249300e+03 4.861500e+02 0
0 0 -1.500000e-01 -6.408200e-02 1 63 1.026900e+01 5.900000e-01 2167 -3.612800e+03 0
0 0 -1.500000e-01 -3.204100e-02 1 64 1.573300e+01 5.900000e-01 2167 -3.612800e+03 0
-7.093800e-02 1.130900e-01 -1.514000e-01 -3.204100e-02 5 64 1.412400e+01 5.900000e-01 -3.001300e+03 7.430400e+03 0
-1.585200e-01 1.859800e-01 -1.523000e-01 -3.204100e-02 8 64 1.335700e+01 5.900000e-01 -1.089400e+03 2.871500e+03 0
-1.986300e-01 1.953600e-01 -1.524100e-01 -3.204100e-02 9 64 1.285700e+01 5.900000e-01 -1.138900e+03 2662 0
-2.480100e-01 1.860000e-01 -1.523000e-01 -3.204100e-02 10 64 1.266200e+01 5.900000e-01 -1.516300e+03 2.808500e+03 0
-2.619200e-01 2.205000e-01 -1.527200e-01 -3.204100e-02 11 64 1.210000e+01 5.900000e-01 -1076 2.259700e+03 0
-2.851200e-01 2.346300e-01 -1.529000e-01 -3.204100e-02 12 64 1.164300e+01 5.900000e-01 -1.007600e+03 2.094200e+03 0
-3.044900e-01 2.839400e-01 -1.535100e-01 -3.204100e-02 13 64 1.088400e+01 5.900000e-01 -6.776300e+02 1.702900e+03 0
-3.156700e-01 2.915000e-01 -1.536000e-01 -3.204100e-02 14 64 1.043900e+01 5.900000e-01 -6.610600e+02 1.656500e+03 0
-1.107700e-01 3.821200e-01 -1.547200e-01 -3.204100e-02 15 64 1.035500e+01 5.900000e-01 1.194400e+02 1.311400e+03 0
3.609700e-01 2.814400e-01 -1.534800e-01 -3.204100e-02 28 64 1.200600e+01 5.900000e-01 1.308700e+03 1.874200e+03 0
6.799100e-01 6.406300e-01 -1.579200e-01 -3.204100e-02 29 64 1.357500e+01 5.900000e-01 1.286600e+03 9.106200e+02 0
6.804600e-01 7.318900e-01 -1.590400e-01 -3.204100e-02 30 64 1.454000e+01 5.900000e-01 1202 8.328800e+02 0
6.793700e-01 7.975400e-01 -1.598600e-01 -3.204100e-02 31 64 1.468700e+01 5.900000e-01 1.153400e+03 7.894400e+02 0
6.851000e-01 8.254700e-01 -1.602000e-01 -3.204100e-02 32 64 1.413000e+01 5.900000e-01 1.140800e+03 7.734600e+02 0
6.810000e-01 8.684100e-01 -1.607300e-01 -3.204100e-02 33 64 1.263400e+01 5.900000e-01 1.112500e+03 7.509000e+02 0
-9.363800e-01 4.853300e-01 -1.560000e-01 -3.204100e-02 34 64 9.987600e+00 5.900000e-01 -8.942900e+02 1.031700e+03 0
7.606700e-01 8.999700e-01 -1.611200e-01 -3.204100e-02 35 64 1.021000e+01 5.900000e-01 1.160500e+03 7.372000e+02 0
-8.498900e-01 7.914400e-01 -1.597800e-01 -3.204100e-02 36 64 1.043800e+01 5.900000e-01 -1.753700e+02 7.625600e+02 0
-8.348900e-01 8.558900e-01 -1.605800e-01 -3.204100e-02 37 64 1.058100e+01 5.900000e-01 -9.501500e+01 7.315300e+02 0
-8.277900e-01 8.921800e-01 -1.610300e-01 -3.204100e-02 38 64 1.039500e+01 5.900000e-01 -5.608700e+01 7.161000e+02 0
-8.398000e-01 1.653100e+00 -1.704300e-01 -3.204100e-02 55 64 1.010400e+01 5.900000e-01 2.942200e+02 5.518300e+02 0
-8.403400e-01 1.681400e+00 -1.707800e-01 -3.204100e-02 56 64 1.014800e+01 5.900000e-01 3.009100e+02 5.486800e+02 0
