0 0 -1.500000e-01 0 1 65 1.669300e+01 3.770000e+00 2167 -3.612800e+03 0
-7.093800e-02 1.129900e-01 -1.589300e-01 0 5 65 1.522300e+01 3.770000e+00 -3.037700e+03 7.614500e+03 0
-1.585200e-01 1.859000e-01 -1.647000e-01 0 8 65 1.435800e+01 3.770000e+00 -1.097700e+03 2.949300e+03 0
-2.008100e-01 1.930200e-01 -1.652600e-01 0 9 65 1.388000e+01 3.770000e+00 -1.190200e+03 2.776200e+03 0
-2.480100e-01 1.864500e-01 -1.647400e-01 0 10 65 1.369700e+01 3.770000e+00 -1.516800e+03 2.873100e+03 0
-2.619200e-01 2.218600e-01 -1.675400e-01 0 11 65 1.315200e+01 3.770000e+00 -1.066900e+03 2.308700e+03 0
-2.881200e-01 2.327600e-01 -1.684100e-01 0 12 65 1.272800e+01 3.770000e+00 -1.042700e+03 2.175500e+03 0
-3.077600e-01 2.802600e-01 -1.721600e-01 0 13 65 1.191800e+01 3.770000e+00 -7.141500e+02 1.782600e+03 0
-3.085800e-01 3.038300e-01 -1.740200e-01 0 14 65 1.149900e+01 3.770000e+00 -5.779500e+02 1.647800e+03 0
-1.260500e-01 3.116000e-01 -1.746400e-01 0 15 65 1.131400e+01 3.770000e+00 -8.878800e+01 1.640900e+03 0
3.536000e-01 3.278700e-01 -1.759300e-01 0 28 65 1.312700e+01 3.770000e+00 1.173500e+03 1.644100e+03 0
6.722700e-01 6.448600e-01 -2.009900e-01 0 29 65 1.468800e+01 3.770000e+00 1.275600e+03 9.559500e+02 0
6.725500e-01 7.374200e-01 -2.083100e-01 0 30 65 1.564800e+01 3.770000e+00 1.191900e+03 8.771200e+02 0
6.711800e-01 8.044100e-01 -2.136100e-01 0 31 65 1.582800e+01 3.770000e+00 1.143500e+03 8.328900e+02 0
6.766400e-01 8.314700e-01 -2.157500e-01 0 32 65 1.531600e+01 3.770000e+00 1.131800e+03 8.174500e+02 0
6.810000e-01 8.694300e-01 -2.187500e-01 0 33 65 1.383300e+01 3.770000e+00 1114 7.975200e+02 0
7.514000e-01 8.071300e-01 -2.138200e-01 0 35 65 1.101200e+01 3.770000e+00 1.215600e+03 8.331200e+02 0
-8.307900e-01 8.949700e-01 -2.207700e-01 0 36 65 1.185100e+01 3.770000e+00 -5.738100e+01 7.589600e+02 0
-8.545300e-01 8.906300e-01 -2.204200e-01 0 37 65 1.231500e+01 3.770000e+00 -7.840500e+01 7.603700e+02 0
-8.782700e-01 8.666400e-01 -2.185300e-01 0 38 65 1.201700e+01 3.770000e+00 -1.185800e+02 7.701900e+02 0
-9.020000e-01 8.233300e-01 -2.151000e-01 0 39 65 1.079100e+01 3.770000e+00 -1.822800e+02 7.897600e+02 0
0 0 -1.500000e-01 3.204100e-02 1 66 1.568700e+01 3.770000e+00 2167 -3.612800e+03 0
-7.202900e-02 1.124900e-01 -1.588900e-01 3.204100e-02 5 66 1.421700e+01 3.770000e+00 -3.096400e+03 7.695100e+03 0
-1.604300e-01 1.840200e-01 -1.645500e-01 3.204100e-02 8 66 1.320700e+01 3.770000e+00 -1.136400e+03 2.989100e+03 0
-2.008100e-01 1.934900e-01 -1.653000e-01 3.204100e-02 9 66 1.283800e+01 3.770000e+00 -1.183200e+03 2.767400e+03 0
-2.480100e-01 1.875100e-01 -1.648300e-01 3.204100e-02 10 66 1.265500e+01 3.770000e+00 -1.497600e+03 2.851700e+03 0
-2.619200e-01 2.232800e-01 -1.676600e-01 3.204100e-02 11 66 1.209700e+01 3.770000e+00 -1051 2.291500e+03 0
-2.881200e-01 2.320000e-01 -1.683400e-01 3.204100e-02 12 66 1.172400e+01 3.770000e+00 -1.050600e+03 2.183500e+03 0
-3.077600e-01 2.775100e-01 -1.719400e-01 3.204100e-02 13 66 1.092200e+01 3.770000e+00 -7.323100e+02 1.800300e+03 0
-3.050300e-01 3.092800e-01 -1.744600e-01 3.204100e-02 14 66 1.061200e+01 3.770000e+00 -5.411400e+02 1.620900e+03 0
-1.222300e-01 2.892100e-01 -1.728700e-01 3.204100e-02 15 66 1.037400e+01 3.770000e+00 -1.581000e+02 1.767400e+03 0
3.609700e-01 3.770100e-01 -1.798100e-01 3.204100e-02 28 66 1.209900e+01 3.770000e+00 1109 1.436800e+03 0
6.799100e-01 6.379900e-01 -2.004500e-01 3.204100e-02 29 66 1.370200e+01 3.770000e+00 1.292200e+03 9.631800e+02 0
6.725500e-01 7.367200e-01 -2.082500e-01 3.204100e-02 30 66 1.464800e+01 3.770000e+00 1.192400e+03 8.776400e+02 0
6.711800e-01 8.044700e-01 -2.136100e-01 3.204100e-02 31 66 1.481800e+01 3.770000e+00 1.143500e+03 8.328600e+02 0
6.766400e-01 8.329000e-01 -2.158600e-01 3.204100e-02 32 66 1.429500e+01 3.770000e+00 1131 8.166500e+02 0
6.810000e-01 8.716000e-01 -2.189200e-01 3.204100e-02 33 66 1.279700e+01 3.770000e+00 1.112800e+03 7.964400e+02 0
7.421200e-01 7.677600e-01 -2.107100e-01 3.204100e-02 35 66 1.023500e+01 3.770000e+00 1.237300e+03 8.577900e+02 0
-8.403400e-01 8.868000e-01 -2.201200e-01 3.204100e-02 36 66 1.088800e+01 3.770000e+00 -7.162500e+01 7.622000e+02 0
-8.545300e-01 8.887500e-01 -2.202800e-01 3.204100e-02 37 66 1.139000e+01 3.770000e+00 -8.013500e+01 7.611500e+02 0
-8.782700e-01 8.610600e-01 -2.180900e-01 3.204100e-02 38 66 1.120900e+01 3.770000e+00 -1.241300e+02 7.726500e+02 0
-9.020000e-01 8.516200e-01 -2.173400e-01 3.204100e-02 39 66 1.024800e+01 3.770000e+00 -1.516000e+02 7.764700e+02 0
-1.305500e+00 1.090800e+01 -1.012500e+00 -9.291900e-01 320 36 1.027200e+01 3.770000e+00 6.076700e+02 4.372400e+02 1
-1.309600e+00 1.085300e+01 -1.008200e+00 -9.291900e-01 321 36 1.019200e+01 3.770000e+00 607 4.373700e+02 1
-1.138600e+00 1.089100e+01 -1.011200e+00 -9.291900e-01 322 36 1.036000e+01 3.770000e+00 6.172900e+02 4.373300e+02 1
-1.142100e+00 1.099300e+01 -1.019300e+00 -9.291900e-01 323 36 9.984300e+00 3.770000e+00 6.178000e+02 4.370700e+02 1
-1.305500e+00 1.100900e+01 -1.020500e+00 -8.971500e-01 320 37 1.025300e+01 3.770000e+00 6.084700e+02 4.369900e+02 1
-1.222300e+00 1.101700e+01 -1.021200e+00 -8.971500e-01 321 37 1.005600e+01 3.770000e+00 6.133300e+02 4.369900e+02 1
-1.138600e+00 1.108200e+01 -1.026300e+00 -8.971500e-01 322 37 1.045400e+01 3.770000e+00 6.186100e+02 4.368600e+02 1
-1.142100e+00 1.108200e+01 -1.026300e+00 -8.971500e-01 323 37 1.015500e+01 3.770000e+00 6.184100e+02 4.368600e+02 1
-3.556400e+00 7.473100e+00 -7.409200e-01 -8.010300e-01 238 40 1.083100e+01 3.770000e+00 3.785000e+02 4.487300e+02 1
-3.571500e+00 7.498500e+00 -7.429200e-01 -8.010300e-01 239 40 1.154600e+01 3.770000e+00 3.783200e+02 4.485900e+02 1
-3.651700e+00 7.496200e+00 -7.427500e-01 -8.010300e-01 240 40 1.124200e+01 3.770000e+00 3.715700e+02 4.485700e+02 1
-3.491800e+00 7.493100e+00 -7.425000e-01 -7.689800e-01 238 41 1.144700e+01 3.770000e+00 3.847100e+02 4.486500e+02 1
-3.571500e+00 7.488200e+00 -7.421200e-01 -7.689800e-01 239 41 1.218500e+01 3.770000e+00 3.778900e+02 4.486400e+02 1
-3.651700e+00 7.484900e+00 -7.418500e-01 -7.689800e-01 240 41 1.186200e+01 3.770000e+00 3.710900e+02 4.486200e+02 1
-3.732400e+00 7.493600e+00 -7.425400e-01 -7.689800e-01 241 41 1.043600e+01 3.770000e+00 3.647600e+02 4.485400e+02 1
-3.427100e+00 7.512600e+00 -7.440400e-01 -7.369400e-01 238 42 1.037400e+01 3.770000e+00 3.908700e+02 4.485800e+02 1
-3.571500e+00 7.469600e+00 -7.406400e-01 -7.369400e-01 239 42 1.094000e+01 3.770000e+00 3.771100e+02 4.487400e+02 1
-3.651700e+00 7.483600e+00 -7.417500e-01 -7.369400e-01 240 42 1.059500e+01 3.770000e+00 3.710300e+02 4.486300e+02 1
0 0 -1.500000e-01 -6.408200e-02 1 63 1.078600e+01 3.770000e+00 2167 -3.612800e+03 0
6.384400e-01 7.926700e-01 -2.126800e-01 -6.408200e-02 31 63 9.774300e+00 3.770000e+00 1.120500e+03 8.392500e+02 0
6.766400e-01 8.156200e-01 -2.144900e-01 -6.408200e-02 32 63 1.052600e+01 3.770000e+00 1.141500e+03 8.264300e+02 0
6.984700e-01 8.374600e-01 -2.162200e-01 -6.408200e-02 33 63 1.060200e+01 3.770000e+00 1.147500e+03 8.146200e+02 0
7.473000e-01 8.485900e-01 -2.171000e-01 -6.408200e-02 34 63 9.827900e+00 3.770000e+00 1.183200e+03 8.096300e+02 0
0 0 -1.500000e-01 -3.204100e-02 1 64 1.568700e+01 3.770000e+00 2167 -3.612800e+03 0
-7.093800e-02 1.128600e-01 -1.589200e-01 -3.204100e-02 5 64 1.419800e+01 3.770000e+00 -3.048600e+03 7.635600e+03 0
-1.585200e-01 1.860300e-01 -1.647100e-01 -3.204100e-02 8 64 1.337700e+01 3.770000e+00 -1.095700e+03 2.946500e+03 0
-2.008100e-01 1.923200e-01 -1.652100e-01 -3.204100e-02 9 64 1.289100e+01 3.770000e+00 -1.200700e+03 2.789300e+03 0
-2.480100e-01 1.851200e-01 -1.646400e-01 -3.204100e-02 10 64 1.271600e+01 3.770000e+00 -1.541500e+03 2.900500e+03 0
-2.619200e-01 2.206000e-01 -1.674400e-01 -3.204100e-02 11 64 1.217500e+01 3.770000e+00 -1.081100e+03 2324 0
-2.851200e-01 2.386200e-01 -1.688700e-01 -3.204100e-02 12 64 1.171400e+01 3.770000e+00 -9.743300e+02 2.117200e+03 0
-3.044900e-01 2.856900e-01 -1.725900e-01 -3.204100e-02 13 64 1.087800e+01 3.770000e+00 -6.710100e+02 1.749800e+03 0
-3.050300e-01 2.834800e-01 -1.724200e-01 -3.204100e-02 14 64 1.050800e+01 3.770000e+00 -6.862200e+02 1.763100e+03 0
3.536000e-01 2.908400e-01 -1.730000e-01 -3.204100e-02 28 64 1.209000e+01 3.770000e+00 1.260100e+03 1.867100e+03 0
6.722700e-01 6.472800e-01 -2.011800e-01 -3.204100e-02 29 64 1.366100e+01 3.770000e+00 1273 9.535600e+02 0
6.725500e-01 7.400800e-01 -2.085200e-01 -3.204100e-02 30 64 1.464400e+01 3.770000e+00 1.189800e+03 8.752000e+02 0
6.711800e-01 8.040300e-01 -2.135800e-01 -3.204100e-02 31 64 1.486400e+01 3.770000e+00 1.143800e+03 8.331200e+02 0
6.766400e-01 8.286300e-01 -2.155200e-01 -3.204100e-02 32 64 1.442300e+01 3.770000e+00 1.133500e+03 8.190300e+02 0
6.810000e-01 8.644600e-01 -2.183600e-01 -3.204100e-02 33 64 1.313200e+01 3.770000e+00 1.116700e+03 8.000300e+02 0
7.022900e-01 9.110900e-01 -2.220400e-01 -3.204100e-02 34 64 1.104500e+01 3.770000e+00 1.109500e+03 7.780700e+02 0
7.977800e-01 8.392900e-01 -2.163600e-01 -3.204100e-02 35 64 1.020000e+01 3.770000e+00 1234 8.157200e+02 0
-8.212400e-01 9.002200e-01 -2.211800e-01 -3.204100e-02 36 64 1.079900e+01 3.770000e+00 -4.592500e+01 7.569700e+02 0
-8.545300e-01 8.800700e-01 -2.195900e-01 -3.204100e-02 37 64 1.126400e+01 3.770000e+00 -8.818700e+01 7.648000e+02 0
-8.782700e-01 8.484900e-01 -2.170900e-01 -3.204100e-02 38 64 1.090400e+01 3.770000e+00 -1.369300e+02 7.783200e+02 0
