0 0 -1.500000e-01 0 1 65 1.672900e+01 9.700000e-01 2167 -3.612800e+03 0
-7.093800e-02 1.127600e-01 -1.522900e-01 0 5 65 1.517500e+01 9.700000e-01 -3.034200e+03 7.506800e+03 0
-1.585200e-01 1.859100e-01 -1.537800e-01 0 8 65 1.430100e+01 9.700000e-01 -1.091300e+03 2.882100e+03 0
-1.986300e-01 1.955200e-01 -1.539700e-01 0 9 65 1.385000e+01 9.700000e-01 -1.137500e+03 2.667800e+03 0
-2.480100e-01 1.864400e-01 -1.537900e-01 0 10 65 1.365200e+01 9.700000e-01 -1.509300e+03 2.808300e+03 0
-2.592000e-01 2.261600e-01 -1.545900e-01 0 11 65 1.302300e+01 9.700000e-01 -1.004800e+03 2202 0
-2.851200e-01 2.369900e-01 -1.548200e-01 0 12 65 1.267000e+01 9.700000e-01 -9.850100e+02 2078 0
-3.012100e-01 2.866600e-01 -1.558200e-01 0 13 65 1.189300e+01 9.700000e-01 -6.527100e+02 1.694100e+03 0
-3.085800e-01 3.051000e-01 -1.562000e-01 0 14 65 1.143800e+01 9.700000e-01 -5.679300e+02 1592 0
-1.222300e-01 3.731700e-01 -1.575800e-01 0 15 65 1.118300e+01 9.700000e-01 7.910300e+01 1.344300e+03 0
3.536000e-01 3.624500e-01 -1.573600e-01 0 28 65 1.312700e+01 9.700000e-01 1.111500e+03 1.439300e+03 0
6.722700e-01 6.458100e-01 -1.631200e-01 0 29 65 1.467200e+01 9.700000e-01 1.272300e+03 9.111700e+02 0
6.725500e-01 7.376700e-01 -1.649900e-01 0 30 65 1.559500e+01 9.700000e-01 1.189600e+03 8.342600e+02 0
6.711800e-01 8.044500e-01 -1.663400e-01 0 31 65 1.572300e+01 9.700000e-01 1.141600e+03 7.908500e+02 0
6.766400e-01 8.331100e-01 -1.669300e-01 0 32 65 1.511100e+01 9.700000e-01 1129 7.747400e+02 0
6.722700e-01 8.811200e-01 -1.679000e-01 0 33 65 1.342400e+01 9.700000e-01 1.098700e+03 7.501600e+02 0
7.514000e-01 8.862500e-01 -1.680100e-01 0 35 65 1.121500e+01 9.700000e-01 1.161300e+03 7.490700e+02 0
-8.594400e-01 8.480800e-01 -1.672300e-01 0 36 65 1.181300e+01 9.700000e-01 -1.215000e+02 7.399200e+02 0
-8.741700e-01 8.430000e-01 -1.671300e-01 0 37 65 1.202300e+01 9.700000e-01 -1.379000e+02 742 0
-8.782700e-01 8.572400e-01 -1.674200e-01 0 38 65 1.152700e+01 9.700000e-01 -1.263800e+02 7.354900e+02 0
1.272000e+00 1.535100e+00 -1.811900e-01 0 64 65 1.038800e+01 9.700000e-01 1.186100e+03 5.825400e+02 0
1.257200e+00 1.661400e+00 -1.837600e-01 0 65 65 1.032100e+01 9.700000e-01 1.139600e+03 5.654400e+02 0
1.188200e+00 1.812600e+00 -1.868300e-01 0 66 65 1.022600e+01 9.700000e-01 1.073500e+03 5.481200e+02 0
-9.363800e-01 2.080100e+00 -1.922600e-01 0 67 65 1.000600e+01 9.700000e-01 3.483900e+02 5.182700e+02 0
0 0 -1.500000e-01 3.204100e-02 1 66 1.572200e+01 9.700000e-01 2167 -3.612800e+03 0
-7.202900e-02 1.122700e-01 -1.522800e-01 3.204100e-02 5 66 1.416400e+01 9.700000e-01 -3.091900e+03 7.584800e+03 0
-1.604300e-01 1.841700e-01 -1.537400e-01 3.204100e-02 8 66 1.332900e+01 9.700000e-01 -1.127700e+03 2.918500e+03 0
-2.008100e-01 1.931100e-01 -1.539200e-01 3.204100e-02 9 66 1.284100e+01 9.700000e-01 -1.182500e+03 2.710400e+03 0
-2.480100e-01 1.863500e-01 -1.537900e-01 3.204100e-02 10 66 1.262900e+01 9.700000e-01 -1.510900e+03 2810 0
-2.592000e-01 2.260400e-01 -1.545900e-01 3.204100e-02 11 66 1.207600e+01 9.700000e-01 -1006 2.203300e+03 0
-2.821100e-01 2.403000e-01 -1.548800e-01 3.204100e-02 12 66 1.166500e+01 9.700000e-01 -9.435500e+02 2.046900e+03 0
-2.979400e-01 2.898900e-01 -1.558900e-01 3.204100e-02 13 66 1.090800e+01 9.700000e-01 -6.249500e+02 1.675900e+03 0
-3.014900e-01 3.097500e-01 -1.562900e-01 3.204100e-02 14 66 1.059700e+01 9.700000e-01 -5.270200e+02 1.570200e+03 0
-1.145900e-01 3.525700e-01 -1.571600e-01 3.204100e-02 15 66 1.034500e+01 9.700000e-01 5.090600e+01 1416 0
3.462300e-01 4.041500e-01 -1.582100e-01 3.204100e-02 28 66 1.209700e+01 9.700000e-01 1.041800e+03 1.299100e+03 0
6.722700e-01 6.409900e-01 -1.630200e-01 3.204100e-02 29 66 1.365500e+01 9.700000e-01 1.277400e+03 9.159300e+02 0
6.725500e-01 7.354100e-01 -1.649400e-01 3.204100e-02 30 66 1.457600e+01 9.700000e-01 1.191400e+03 8.359000e+02 0
6.711800e-01 8.044800e-01 -1.663500e-01 3.204100e-02 31 66 1.471200e+01 9.700000e-01 1.141600e+03 7.908300e+02 0
6.766400e-01 8.330900e-01 -1.669300e-01 3.204100e-02 32 66 1.412700e+01 9.700000e-01 1129 7.747600e+02 0
6.810000e-01 8.697700e-01 -1.676700e-01 3.204100e-02 33 66 1.250300e+01 9.700000e-01 1112 7.558300e+02 0
-9.814000e-01 2.251100e-01 -1.545700e-01 3.204100e-02 34 66 1.006700e+01 9.700000e-01 -3.282500e+03 1969 0
7.328400e-01 9.115800e-01 -1.685200e-01 3.204100e-02 35 66 1.004400e+01 9.700000e-01 1.131900e+03 7.370800e+02 0
-8.785400e-01 8.075300e-01 -1.664100e-01 3.204100e-02 36 66 1.104400e+01 9.700000e-01 -1.800200e+02 7.590300e+02 0
-8.741700e-01 8.356000e-01 -1.669800e-01 3.204100e-02 37 66 1.122700e+01 9.700000e-01 -1.456700e+02 7.454400e+02 0
-8.681700e-01 8.502400e-01 -1.672700e-01 3.204100e-02 38 66 1.068100e+01 9.700000e-01 -1.258900e+02 7.387900e+02 0
1.302500e+00 1.412100e+00 -1.786900e-01 3.204100e-02 63 66 9.778800e+00 9.700000e-01 1.248200e+03 6.025300e+02 0
1.340700e+00 1.414400e+00 -1.787400e-01 3.204100e-02 64 66 1.010400e+01 9.700000e-01 1.266500e+03 6.023700e+02 0
1.344500e+00 1.469200e+00 -1.798500e-01 3.204100e-02 65 66 9.868700e+00 9.700000e-01 1.245100e+03 5.931300e+02 0
0 0 -1.500000e-01 6.408200e-02 1 67 1.021600e+01 9.700000e-01 2167 -3.612800e+03 0
6.804600e-01 7.323500e-01 -1.648800e-01 6.408200e-02 30 67 9.877100e+00 9.700000e-01 1.201900e+03 8.383200e+02 0
6.793700e-01 7.896300e-01 -1.660400e-01 6.408200e-02 31 67 9.907700e+00 9.700000e-01 1.158900e+03 7.999300e+02 0
2.392200e+00 9.219700e+00 -3.373200e-01 -2.563300e-01 275 57 1.085500e+01 9.700000e-01 8.490800e+02 4.068900e+02 1
2.476000e+00 9.235700e+00 -3.376500e-01 -2.563300e-01 276 57 1.102700e+01 9.700000e-01 8.547100e+02 4.068500e+02 1
2.409700e+00 9.241400e+00 -3.377600e-01 -2.563300e-01 277 57 1.050600e+01 9.700000e-01 8.499400e+02 4.068200e+02 1
2.383500e+00 9.204400e+00 -3.370100e-01 -2.242900e-01 274 58 1.193900e+01 9.700000e-01 8.487200e+02 4.069400e+02 1
2.467000e+00 9.232200e+00 -3.375800e-01 -2.242900e-01 275 58 1.297700e+01 9.700000e-01 8.541400e+02 4.068600e+02 1
2.551000e+00 9.250200e+00 -3.379400e-01 -2.242900e-01 276 58 1.309900e+01 9.700000e-01 8.597400e+02 4.068200e+02 1
2.635600e+00 9.265400e+00 -3.382500e-01 -2.242900e-01 277 58 1.244300e+01 9.700000e-01 8.654100e+02 4.067800e+02 1
2.569600e+00 9.322300e+00 -3.394100e-01 -2.242900e-01 278 58 1.107600e+01 9.700000e-01 8.597200e+02 4.065600e+02 1
2.458000e+00 9.193000e+00 -3.367800e-01 -1.922500e-01 274 59 1.181100e+01 9.700000e-01 8.542000e+02 407 1
2.467000e+00 9.231600e+00 -3.375600e-01 -1.922500e-01 275 59 1.284000e+01 9.700000e-01 8.541500e+02 4.068600e+02 1
2.551000e+00 9.251100e+00 -3.379600e-01 -1.922500e-01 276 59 1.293500e+01 9.700000e-01 8.597200e+02 4.068100e+02 1
2.635600e+00 9.270300e+00 -3.383500e-01 -1.922500e-01 277 59 1.222400e+01 9.700000e-01 8.653200e+02 4.067600e+02 1
2.645200e+00 9.301800e+00 -3.389900e-01 -1.922500e-01 278 59 1.073200e+01 9.700000e-01 8.653900e+02 4.066500e+02 1
2.626100e+00 9.167500e+00 -3.362600e-01 -1.602100e-01 276 60 1.031000e+01 9.700000e-01 8.666000e+02 4.071300e+02 1
-6.652900e+00 5.606000e+00 1.731500e+00 -1.281600e-01 255 61 1.029700e+01 9.700000e-01 -5.150700e+01 2.150800e+02 0
-6.609500e+00 5.819200e+00 -2.682300e-01 -1.281600e-01 256 61 1.120300e+01 9.700000e-01 -2.798600e+01 4.225200e+02 0
-6.705300e+00 5.727000e+00 -2.663600e-01 -1.281600e-01 257 61 1.101700e+01 9.700000e-01 -4.925400e+01 4.232400e+02 0
0 0 -1.500000e-01 -9.612300e-02 1 62 9.780600e+00 9.700000e-01 2167 -3.612800e+03 0
-6.583600e+00 5.698300e+00 1.694600e+00 -9.612300e-02 255 62 1.002100e+01 9.700000e-01 -3.290400e+01 2.210700e+02 0
-6.539900e+00 5.875500e+00 -2.693800e-01 -9.612300e-02 256 62 1.085500e+01 9.700000e-01 -1.418700e+01 4.221000e+02 0
-6.705300e+00 5.555400e+00 2.026400e+00 -9.612300e-02 257 62 1.062900e+01 9.700000e-01 -6.236000e+01 1.831700e+02 0
0 0 -1.500000e-01 -6.408200e-02 1 63 9.772100e+00 9.700000e-01 2167 -3.612800e+03 0
-1.364200e-03 3.482200e-02 -1.507100e-01 -6.408200e-02 2 63 9.608800e+00 9.700000e-01 3507 -7.178400e+03 0
6.567200e-01 7.559500e-01 -1.653600e-01 -6.408200e-02 30 63 9.995800e+00 9.700000e-01 1.160300e+03 8.211300e+02 0
6.875500e-01 7.901000e-01 -1.660500e-01 -6.408200e-02 31 63 9.893500e+00 9.700000e-01 1.166200e+03 7.998200e+02 0
0 0 -1.500000e-01 -3.204100e-02 1 64 1.571000e+01 9.700000e-01 2167 -3.612800e+03 0
-7.093800e-02 1.123100e-01 -1.522800e-01 -3.204100e-02 5 64 1.416100e+01 9.700000e-01 -3075 7.584900e+03 0
-1.585200e-01 1.859900e-01 -1.537800e-01 -3.204100e-02 8 64 1.318100e+01 9.700000e-01 -1.090100e+03 2.880400e+03 0
-1.986300e-01 1.952900e-01 -1.539700e-01 -3.204100e-02 9 64 1.280000e+01 9.700000e-01 -1.140700e+03 2.671800e+03 0
-2.480100e-01 1.851700e-01 -1.537600e-01 -3.204100e-02 10 64 1.262300e+01 9.700000e-01 -1.532700e+03 2.834200e+03 0
-2.592000e-01 2.243700e-01 -1.545600e-01 -3.204100e-02 11 64 1.200300e+01 9.700000e-01 -1.023800e+03 2.222500e+03 0
-2.881200e-01 2.297000e-01 -1.546700e-01 -3.204100e-02 12 64 1.162400e+01 9.700000e-01 -1.069500e+03 2152 0
-3.012100e-01 2.871200e-01 -1.558300e-01 -3.204100e-02 13 64 1.085300e+01 9.700000e-01 -6.499800e+02 1.691400e+03 0
-3.085800e-01 3.133200e-01 -1.563700e-01 -3.204100e-02 14 64 1.037500e+01 9.700000e-01 -5.264400e+02 1.551900e+03 0
3.462300e-01 3.907100e-01 -1.579400e-01 -3.204100e-02 28 64 1.216600e+01 9.700000e-01 1.057100e+03 1.339800e+03 0
6.799100e-01 6.420400e-01 -1.630400e-01 -3.204100e-02 29 64 1.366800e+01 9.700000e-01 1.285400e+03 9.151600e+02 0
6.725500e-01 7.392700e-01 -1.650200e-01 -3.204100e-02 30 64 1.457900e+01 9.700000e-01 1.188400e+03 8.331200e+02 0
6.793700e-01 7.974800e-01 -1.662000e-01 -3.204100e-02 31 64 1.469500e+01 9.700000e-01 1.153700e+03 7.951700e+02 0
6.766400e-01 8.322100e-01 -1.669100e-01 -3.204100e-02 32 64 1.406300e+01 9.700000e-01 1.129500e+03 7.752300e+02 0
6.810000e-01 8.758200e-01 -1.677900e-01 -3.204100e-02 33 64 1.232000e+01 9.700000e-01 1.108800e+03 7.528700e+02 0
7.328400e-01 9.068100e-01 -1.684200e-01 -3.204100e-02 35 64 1.028300e+01 9.700000e-01 1.134400e+03 7.392200e+02 0
-8.594400e-01 8.643900e-01 -1.675600e-01 -3.204100e-02 36 64 1.062300e+01 9.700000e-01 -1.052700e+02 7.326400e+02 0
-8.741700e-01 8.575500e-01 -1.674200e-01 -3.204100e-02 37 64 1.088800e+01 9.700000e-01 -1.230200e+02 7.354200e+02 0
-8.782700e-01 8.812500e-01 -1.679000e-01 -3.204100e-02 38 64 1.050500e+01 9.700000e-01 -1.028500e+02 7.251200e+02 0
1.309600e+00 1.709600e+00 -1.847400e-01 -3.204100e-02 65 64 9.844200e+00 9.700000e-01 1.147500e+03 5.598800e+02 0
