0 0 -1.500000e-01 0 1 65 1.667800e+01 2.990000e+00 2167 -3.612800e+03 0
-7.093800e-02 1.130300e-01 -1.570800e-01 0 5 65 1.521200e+01 2.990000e+00 -3.026500e+03 7.564800e+03 0
-1.585200e-01 1.859300e-01 -1.616500e-01 0 8 65 1.433100e+01 2.990000e+00 -1.095500e+03 2.929900e+03 0
-2.008100e-01 1.931300e-01 -1.621100e-01 0 9 65 1.388200e+01 2.990000e+00 -1.186700e+03 2.756100e+03 0
-2.480100e-01 1.869100e-01 -1.617200e-01 0 10 65 1.367400e+01 2.990000e+00 -1.506300e+03 2.845500e+03 0
-2.619200e-01 2.216300e-01 -1.638900e-01 0 11 65 1.312700e+01 2.990000e+00 -1.067900e+03 2.295200e+03 0
-2.881200e-01 2.318700e-01 -1.645300e-01 0 12 65 1.273200e+01 2.990000e+00 -1.050500e+03 2.169200e+03 0
-3.077600e-01 2.792200e-01 -1.675000e-01 0 13 65 1.195600e+01 2.990000e+00 -7.198500e+02 1775 0
-3.085800e-01 3.115600e-01 -1.695300e-01 0 14 65 1.143300e+01 2.990000e+00 -5.374000e+02 1.595500e+03 0
-1.222300e-01 3.952200e-01 -1.747700e-01 0 15 65 1.122500e+01 2.990000e+00 1.199400e+02 1312 0
3.609700e-01 3.187300e-01 -1.699800e-01 0 28 65 1.310900e+01 2.990000e+00 1.212300e+03 1679 0
6.799100e-01 6.394000e-01 -1.900800e-01 0 29 65 1.466300e+01 2.990000e+00 1290 9.494500e+02 0
6.725500e-01 7.380600e-01 -1.962600e-01 0 30 65 1.559500e+01 2.990000e+00 1.190800e+03 8.647300e+02 0
6.793700e-01 7.975600e-01 -1.999900e-01 0 31 65 1.575600e+01 2.990000e+00 1155 8.254500e+02 0
6.766400e-01 8.339100e-01 -2.022700e-01 0 32 65 1.524000e+01 2.990000e+00 1.129800e+03 8.044100e+02 0
6.722700e-01 8.806300e-01 -2.052000e-01 0 33 65 1.383000e+01 2.990000e+00 1.100200e+03 7.802400e+02 0
6.572700e-01 9.464300e-01 -2.093200e-01 0 34 65 1.141700e+01 2.990000e+00 1.057300e+03 7.505700e+02 0
7.699500e-01 8.858100e-01 -2.055200e-01 0 35 65 1.115900e+01 2.990000e+00 1.178300e+03 7.795300e+02 0
-8.307900e-01 8.763100e-01 -2.049300e-01 0 36 65 1.177600e+01 2.990000e+00 -7.386900e+01 7.559400e+02 0
-8.545300e-01 8.814300e-01 -2.052500e-01 0 37 65 1.225400e+01 2.990000e+00 -8.649100e+01 7.533700e+02 0
-8.883600e-01 8.618100e-01 -2.040200e-01 0 38 65 1.180100e+01 2.990000e+00 -1.304600e+02 7.612900e+02 0
-9.331100e-01 8.173400e-01 -2.012300e-01 0 39 65 1.013300e+01 2.990000e+00 -2.129300e+02 7.812200e+02 0
0 0 -1.500000e-01 3.204100e-02 1 66 1.566200e+01 2.990000e+00 2167 -3.612800e+03 0
-7.202900e-02 1.126400e-01 -1.570600e-01 3.204100e-02 5 66 1.420800e+01 2.990000e+00 -3.076100e+03 7.627600e+03 0
-1.585200e-01 1.858000e-01 -1.616500e-01 3.204100e-02 8 66 1.331100e+01 2.990000e+00 -1.097500e+03 2.932700e+03 0
-2.008100e-01 1.935600e-01 -1.621300e-01 3.204100e-02 9 66 1.286400e+01 2.990000e+00 -1.180300e+03 2.748100e+03 0
-2.480100e-01 1.882800e-01 -1.618000e-01 3.204100e-02 10 66 1.264200e+01 2.990000e+00 -1.481700e+03 2.818300e+03 0
-2.646500e-01 2.187600e-01 -1.637100e-01 3.204100e-02 11 66 1.214200e+01 2.990000e+00 -1.111100e+03 2.329600e+03 0
-2.881200e-01 2.335000e-01 -1.646400e-01 3.204100e-02 12 66 1.172400e+01 2.990000e+00 -1.033600e+03 2.152200e+03 0
-3.077600e-01 2.797700e-01 -1.675400e-01 3.204100e-02 13 66 1.097000e+01 2.990000e+00 -7.162600e+02 1.771500e+03 0
-1.184100e-01 3.924400e-01 -1.746000e-01 3.204100e-02 15 66 1.041000e+01 2.990000e+00 1.223000e+02 1.320300e+03 0
3.536000e-01 3.481500e-01 -1.718200e-01 3.204100e-02 28 66 1.213200e+01 2.990000e+00 1.135800e+03 1.534300e+03 0
6.799100e-01 6.343200e-01 -1.897600e-01 3.204100e-02 29 66 1.365000e+01 2.990000e+00 1.295700e+03 9.546400e+02 0
6.725500e-01 7.350400e-01 -1.960700e-01 3.204100e-02 30 66 1.455500e+01 2.990000e+00 1.193200e+03 8.669200e+02 0
6.711800e-01 8.044700e-01 -2.004200e-01 3.204100e-02 31 66 1.470800e+01 2.990000e+00 1143 8.211100e+02 0
6.766400e-01 8.348300e-01 -2.023300e-01 3.204100e-02 32 66 1.418500e+01 2.990000e+00 1.129300e+03 8.039100e+02 0
6.722700e-01 8.816100e-01 -2.052600e-01 3.204100e-02 33 66 1.276100e+01 2.990000e+00 1.099700e+03 7.797600e+02 0
8.070600e-01 8.524200e-01 -2.034300e-01 3.204100e-02 35 66 9.989500e+00 2.990000e+00 1232 7.971100e+02 0
-8.116900e-01 9.037800e-01 -2.066500e-01 3.204100e-02 36 66 1.070900e+01 2.990000e+00 -3.565700e+01 7.448400e+02 0
-8.447100e-01 9.002200e-01 -2.064300e-01 3.204100e-02 37 66 1.111900e+01 2.990000e+00 -6.232100e+01 7.457600e+02 0
-8.883600e-01 8.586200e-01 -2.038200e-01 3.204100e-02 38 66 1.065000e+01 2.990000e+00 -1.336900e+02 7.627000e+02 0
0 0 -1.500000e-01 6.408200e-02 1 67 1.003400e+01 2.990000e+00 2167 -3.612800e+03 0
3.274100e-03 3.473500e-02 -1.521800e-01 6.408200e-02 2 67 9.476600e+00 2.990000e+00 3.409900e+03 -7.142900e+03 0
6.799100e-01 5.833000e-01 -1.865600e-01 6.408200e-02 29 67 1.042500e+01 2.990000e+00 1.358800e+03 1.012800e+03 0
6.725500e-01 7.280900e-01 -1.956400e-01 6.408200e-02 30 67 1.142400e+01 2.990000e+00 1.198700e+03 8.720700e+02 0
6.793700e-01 7.971100e-01 -1.999600e-01 6.408200e-02 31 67 1.167900e+01 2.990000e+00 1.155300e+03 8.257200e+02 0
6.851000e-01 8.230200e-01 -2.015900e-01 6.408200e-02 32 67 1.115200e+01 2.990000e+00 1144 8.106600e+02 0
0 0 -1.500000e-01 9.612300e-02 1 68 9.829900e+00 2.990000e+00 2167 -3.612800e+03 0
6.951900e-01 5.255300e-01 -1.829400e-01 9.612300e-02 29 68 9.794600e+00 2.990000e+00 1.471900e+03 1.096200e+03 0
6.725500e-01 7.047100e-01 -1.941700e-01 9.612300e-02 30 68 1.066200e+01 2.990000e+00 1.218100e+03 8.902100e+02 0
6.793700e-01 7.974400e-01 -1.999800e-01 9.612300e-02 31 68 1.092500e+01 2.990000e+00 1.155100e+03 8.255200e+02 0
6.851000e-01 7.934500e-01 -1.997300e-01 9.612300e-02 32 68 1.040600e+01 2.990000e+00 1.163100e+03 8.280900e+02 0
-1.309600e-01 1.089100e+00 -2.182600e-01 -1.634100e+00 33 14 9.510000e+00 2.990000e+00 5.053200e+02 6.910800e+02 0
-1.350500e-01 1.133600e+00 -2.210500e-01 -1.634100e+00 34 14 1.012300e+01 2.990000e+00 5.108000e+02 6.788500e+02 0
-1.577000e-01 1.174900e+00 -2.236400e-01 -1.634100e+00 35 14 9.725500e+00 2.990000e+00 5.047300e+02 6.682300e+02 0
-1.309600e-01 1.103700e+00 -2.191800e-01 -1.602100e+00 33 15 1.020400e+01 2.990000e+00 508 6.869500e+02 0
-1.440600e-01 1.141600e+00 -2.215600e-01 -1.602100e+00 34 15 1.027900e+01 2.990000e+00 5.068800e+02 6.766700e+02 0
-1.577000e-01 1.176000e+00 -2.237100e-01 -1.602100e+00 35 15 9.674600e+00 2.990000e+00 5.049200e+02 6.679600e+02 0
9.243800e-01 1.071700e+01 -8.217000e-01 -9.291900e-01 309 36 1.049600e+01 2.990000e+00 7.390700e+02 4.282000e+02 1
8.430700e-01 1.075600e+01 -8.241600e-01 -9.291900e-01 310 36 1.037400e+01 2.990000e+00 7.340400e+02 4.280700e+02 1
6.831900e-01 1.091000e+01 -8.338000e-01 -9.291900e-01 314 36 1.016800e+01 2.990000e+00 7.240500e+02 4.276300e+02 1
7.538500e-01 1.069300e+01 -8.202400e-01 -8.971500e-01 308 37 1.061700e+01 2.990000e+00 7.289100e+02 4.282200e+02 1
8.403400e-01 1.072100e+01 -8.219700e-01 -8.971500e-01 309 37 1.133300e+01 2.990000e+00 7.340100e+02 4.281700e+02 1
8.430700e-01 1.075200e+01 -8.239500e-01 -8.971500e-01 310 37 1.110100e+01 2.990000e+00 7.340600e+02 4.280800e+02 1
3.405000e-01 1.089000e+01 -8.325700e-01 -8.971500e-01 313 37 1.050900e+01 2.990000e+00 7.039000e+02 4.276000e+02 1
6.831900e-01 1.090800e+01 -8.336800e-01 -8.971500e-01 314 37 1.132500e+01 2.990000e+00 7.240500e+02 4.276400e+02 1
6.853700e-01 1.094300e+01 -8.358900e-01 -8.971500e-01 315 37 1.119800e+01 2.990000e+00 7.240800e+02 4.275500e+02 1
6.875500e-01 1.097400e+01 -8.378700e-01 -8.971500e-01 316 37 1.005800e+01 2.990000e+00 7.241200e+02 4.274700e+02 1
9.243800e-01 1.071300e+01 -8.214900e-01 -8.651100e-01 309 38 1.032800e+01 2.990000e+00 7.390900e+02 4.282100e+02 1
1.011700e+00 1.073800e+01 -8.230600e-01 -8.651100e-01 310 38 1.015000e+01 2.990000e+00 7.442200e+02 4.281600e+02 1
5.977900e-01 1.091000e+01 -8.338200e-01 -8.651100e-01 314 38 1.034600e+01 2.990000e+00 7.190200e+02 4.276100e+02 1
8.567100e-01 1.092500e+01 -8.347800e-01 -8.651100e-01 315 38 1.026500e+01 2.990000e+00 7.342200e+02 4.276400e+02 1
-2.736600e+00 3.013900e+00 -3.389100e-01 -6.728600e-01 119 44 1.051500e+01 2.990000e+00 8.384800e+01 4.964000e+02 0
-2.727300e+00 3.099100e+00 -3.442500e-01 -6.728600e-01 120 44 1.157700e+01 2.990000e+00 1.023600e+02 4.937800e+02 1
-2.750200e+00 3.156000e+00 -3.478100e-01 -6.728600e-01 121 44 1.172300e+01 2.990000e+00 1.085200e+02 4.920700e+02 1
-2.806100e+00 3.155300e+00 -3.477700e-01 -6.728600e-01 122 44 1.113500e+01 2.990000e+00 9.753800e+01 492 0
-2.774200e+00 3.265800e+00 -3.547000e-01 -6.728600e-01 125 44 1.059200e+01 2.990000e+00 1.235900e+02 4.889500e+02 1
-2.728400e+00 3.389200e+00 -3.624300e-01 -6.728600e-01 126 44 1.109800e+01 2.990000e+00 1.525500e+02 4.858000e+02 1
-2.750200e+00 3.422200e+00 -3.645000e-01 -6.728600e-01 127 44 1.072300e+01 2.990000e+00 1.538200e+02 4.849500e+02 1
-2.672200e+00 3.074000e+00 -3.426700e-01 -6.408200e-01 119 45 1.194100e+01 2.990000e+00 1.085500e+02 4.946300e+02 1
-2.662400e+00 3.170400e+00 -3.487200e-01 -6.408200e-01 120 45 1.300100e+01 2.990000e+00 1.281700e+02 4.917800e+02 1
-2.717500e+00 3.184500e+00 -3.496000e-01 -6.408200e-01 121 45 1.301000e+01 2.990000e+00 1.200400e+02 4.913000e+02 1
-2.773100e+00 3.187800e+00 -3.498100e-01 -6.408200e-01 122 45 1.205300e+01 2.990000e+00 1.099200e+02 4.911200e+02 1
-2.929200e+00 3.089300e+00 -3.436300e-01 -6.408200e-01 123 45 1.028300e+01 2.990000e+00 6.054200e+01 4.937600e+02 0
-2.740400e+00 3.337200e+00 -3.591800e-01 -6.408200e-01 125 45 1.136600e+01 2.990000e+00 1.419500e+02 4.871100e+02 1
-2.762500e+00 3.373700e+00 -3.614600e-01 -6.408200e-01 126 45 1.168000e+01 2.990000e+00 1.438600e+02 4.861400e+02 1
-2.784600e+00 3.400900e+00 -3.631700e-01 -6.408200e-01 127 45 1.118500e+01 2.990000e+00 1.442400e+02 4.854300e+02 1
-2.672200e+00 3.077700e+00 -3.429100e-01 -6.087800e-01 119 46 1.137200e+01 2.990000e+00 1.092500e+02 4.945200e+02 1
-2.662400e+00 3.175000e+00 -3.490100e-01 -6.087800e-01 120 46 1.237900e+01 2.990000e+00 1.289900e+02 4.916500e+02 1
-2.684700e+00 3.215100e+00 -3.515200e-01 -6.087800e-01 121 46 1.232100e+01 2.990000e+00 1.317200e+02 4.904800e+02 1
-2.773100e+00 3.187800e+00 -3.498100e-01 -6.087800e-01 122 46 1.115800e+01 2.990000e+00 1.099300e+02 4.911200e+02 1
-2.638900e+00 3.418500e+00 -3.642700e-01 -6.087800e-01 125 46 1.047000e+01 2.990000e+00 1.732800e+02 4.851900e+02 1
-2.660200e+00 3.450700e+00 -3.662900e-01 -6.087800e-01 126 46 1.055200e+01 2.990000e+00 1.743200e+02 4.843700e+02 1
-8.048700e+00 2.390300e+00 -2.998200e-01 -6.087800e-01 296 46 9.776100e+00 2.990000e+00 -1.327800e+03 5.093600e+02 0
6.493600e-01 6.042500e-01 -1.878700e-01 -9.612300e-02 29 62 9.974900e+00 2.990000e+00 1.291800e+03 9.862100e+02 0
6.646300e-01 7.395400e-01 -1.963500e-01 -9.612300e-02 30 62 1.072800e+01 2.990000e+00 1.181700e+03 8.634500e+02 0
6.711800e-01 8.044800e-01 -2.004200e-01 -9.612300e-02 31 62 1.103600e+01 2.990000e+00 1.142900e+03 8.211000e+02 0
6.681800e-01 8.477500e-01 -2.031400e-01 -9.612300e-02 32 62 1.066700e+01 2.990000e+00 1.114500e+03 7.967900e+02 0
6.548100e-01 9.052900e-01 -2.067400e-01 -9.612300e-02 33 62 9.392000e+00 2.990000e+00 1.073900e+03 7.683400e+02 0
0 0 -1.500000e-01 -6.408200e-02 1 63 1.072300e+01 2.990000e+00 2167 -3.612800e+03 0
6.646300e-01 6.451700e-01 -1.904400e-01 -6.408200e-02 29 63 1.043800e+01 2.990000e+00 1.265500e+03 9.431100e+02 0
6.725500e-01 7.407800e-01 -1.964300e-01 -6.408200e-02 30 63 1.129300e+01 2.990000e+00 1.188700e+03 8.627700e+02 0
6.793700e-01 7.975800e-01 -1.999900e-01 -6.408200e-02 31 63 1.149000e+01 2.990000e+00 1155 8.254400e+02 0
6.766400e-01 8.388000e-01 -2.025800e-01 -6.408200e-02 32 63 1.099500e+01 2.990000e+00 1127 8.017500e+02 0
6.897400e-01 8.668700e-01 -2.043300e-01 -6.408200e-02 33 63 9.955300e+00 2.990000e+00 1.122200e+03 7.873600e+02 0
0 0 -1.500000e-01 -3.204100e-02 1 64 1.564900e+01 2.990000e+00 2167 -3.612800e+03 0
-7.093800e-02 1.124600e-01 -1.570500e-01 -3.204100e-02 5 64 1.418300e+01 2.990000e+00 -3.078400e+03 7.664700e+03 0
-1.585200e-01 1.860200e-01 -1.616600e-01 -3.204100e-02 8 64 1.325200e+01 2.990000e+00 -1.094200e+03 2928 0
-2.008100e-01 1.925000e-01 -1.620700e-01 -3.204100e-02 9 64 1.285000e+01 2.990000e+00 -1.196100e+03 2.767900e+03 0
-2.480100e-01 1.856300e-01 -1.616300e-01 -3.204100e-02 10 64 1.267700e+01 2.990000e+00 -1.529800e+03 2.871700e+03 0
-2.619200e-01 2.215600e-01 -1.638900e-01 -3.204100e-02 11 64 1.212200e+01 2.990000e+00 -1.068800e+03 2.296200e+03 0
-2.881200e-01 2.336200e-01 -1.646400e-01 -3.204100e-02 12 64 1.171100e+01 2.990000e+00 -1.032400e+03 2.150900e+03 0
-3.143100e-01 2.734600e-01 -1.671400e-01 -3.204100e-02 13 64 1.097400e+01 2.990000e+00 -7.770500e+02 1.811300e+03 0
-1.222300e-01 4.242900e-01 -1.765900e-01 -3.204100e-02 15 64 1.044100e+01 2.990000e+00 1.670300e+02 1.237200e+03 0
3.609700e-01 3.194300e-01 -1.700200e-01 -3.204100e-02 28 64 1.204400e+01 2.990000e+00 1.210700e+03 1.675200e+03 0
6.799100e-01 6.424000e-01 -1.902700e-01 -3.204100e-02 29 64 1.363400e+01 2.990000e+00 1.286700e+03 9.464200e+02 0
6.725500e-01 7.403100e-01 -1.964000e-01 -3.204100e-02 30 64 1.458500e+01 2.990000e+00 1.189100e+03 8.631000e+02 0
6.793700e-01 7.974500e-01 -1.999800e-01 -3.204100e-02 31 64 1.475500e+01 2.990000e+00 1.155100e+03 8.255200e+02 0
6.766400e-01 8.332100e-01 -2.022200e-01 -3.204100e-02 32 64 1.425800e+01 2.990000e+00 1.130300e+03 8.048000e+02 0
6.810000e-01 8.727800e-01 -2.047100e-01 -3.204100e-02 33 64 1.293000e+01 2.990000e+00 1.111700e+03 7.842500e+02 0
6.842800e-01 9.246900e-01 -2.079600e-01 -3.204100e-02 34 64 1.054400e+01 2.990000e+00 1088 7.602100e+02 0
7.792300e-01 8.959300e-01 -2.061600e-01 -3.204100e-02 35 64 1.031100e+01 2.990000e+00 1.179700e+03 7.748800e+02 0
-8.212400e-01 8.889600e-01 -2.057200e-01 -3.204100e-02 36 64 1.090000e+01 2.990000e+00 -5.542500e+01 7.507500e+02 0
-8.447100e-01 8.968800e-01 -2.062200e-01 -3.204100e-02 37 64 1.138300e+01 2.990000e+00 -6.529400e+01 7.471200e+02 0
-8.681700e-01 8.965800e-01 -2.062000e-01 -3.204100e-02 38 64 1.093500e+01 2.990000e+00 -8.237600e+01 7.468700e+02 0
