0 0 -1.500000e-01 0 1 65 1.667900e+01 1.410000e+00 2167 -3.612800e+03 0
-7.093800e-02 1.130600e-01 -1.533400e-01 0 5 65 1.519000e+01 1.410000e+00 -3.011200e+03 7.478500e+03 0
-1.604300e-01 1.843300e-01 -1.554400e-01 0 8 65 1.437100e+01 1.410000e+00 -1.126100e+03 2.925400e+03 0
-2.008100e-01 1.927500e-01 -1.556900e-01 0 9 65 1.387800e+01 1.410000e+00 -1.188800e+03 2.727100e+03 0
-2.480100e-01 1.868300e-01 -1.555200e-01 0 10 65 1.369300e+01 1.410000e+00 -1.503500e+03 2.810700e+03 0
-2.619200e-01 2.220400e-01 -1.565600e-01 0 11 65 1.317000e+01 1.410000e+00 -1.060300e+03 2.257900e+03 0
-2.881200e-01 2.305400e-01 -1.568100e-01 0 12 65 1.272900e+01 1.410000e+00 -1.061400e+03 2.151800e+03 0
-3.077600e-01 2.774200e-01 -1.581900e-01 0 13 65 1.203400e+01 1.410000e+00 -7.295800e+02 1.757800e+03 0
-3.050300e-01 3.081900e-01 -1.591000e-01 0 14 65 1.143400e+01 1.410000e+00 -5.439200e+02 1.584900e+03 0
-1.260500e-01 2.195900e-01 -1.564900e-01 0 15 65 1.123800e+01 1.410000e+00 -5.664600e+02 2.346500e+03 0
-3.560500e-01 3.747500e-01 -1.610700e-01 0 16 65 1.122900e+01 1.410000e+00 -3.774200e+02 1.321700e+03 0
3.536000e-01 3.410200e-01 -1.600700e-01 0 28 65 1.308700e+01 1.410000e+00 1.146900e+03 1.536800e+03 0
6.799100e-01 6.372600e-01 -1.688200e-01 0 29 65 1.460500e+01 1.410000e+00 1291 9.268200e+02 0
6.725500e-01 7.350900e-01 -1.717100e-01 0 30 65 1.551500e+01 1.410000e+00 1192 8.428100e+02 0
6.711800e-01 8.044700e-01 -1.737600e-01 0 31 65 1.566400e+01 1.410000e+00 1.141900e+03 7.974100e+02 0
6.766400e-01 8.340900e-01 -1.746400e-01 0 32 65 1.514600e+01 1.410000e+00 1.128700e+03 7.807500e+02 0
6.722700e-01 8.777400e-01 -1.759300e-01 0 33 65 1.371700e+01 1.410000e+00 1.100800e+03 7.582700e+02 0
7.022900e-01 8.753300e-01 -1.758500e-01 0 34 65 1.155100e+01 1.410000e+00 1.127100e+03 7.599800e+02 0
7.421200e-01 8.879700e-01 -1.762300e-01 0 35 65 1.136600e+01 1.410000e+00 1.152900e+03 7.545900e+02 0
-8.307900e-01 8.484000e-01 -1.750600e-01 0 36 65 1.168200e+01 1.410000e+00 -9.971500e+01 7.463400e+02 0
-8.250600e-01 9.058600e-01 -1.767600e-01 0 37 65 1.196700e+01 1.410000e+00 -4.262300e+01 7.219300e+02 0
-8.479800e-01 9.415000e-01 -1.778100e-01 0 38 65 1.147800e+01 1.410000e+00 -2.895700e+01 708 0
-8.812700e-01 9.781000e-01 -1.788900e-01 0 39 65 1.014500e+01 1.410000e+00 -2.241300e+01 6.947100e+02 0
0 0 -1.500000e-01 3.204100e-02 1 66 1.566700e+01 1.410000e+00 2167 -3.612800e+03 0
-7.093800e-02 1.136100e-01 -1.533600e-01 3.204100e-02 5 66 1.417800e+01 1.410000e+00 -2.962200e+03 7.384700e+03 0
-1.604300e-01 1.843000e-01 -1.554400e-01 3.204100e-02 8 66 1.337800e+01 1.410000e+00 -1.126700e+03 2.926200e+03 0
-2.008100e-01 1.926100e-01 -1.556900e-01 3.204100e-02 9 66 1.287500e+01 1.410000e+00 -1.190900e+03 2.729700e+03 0
-2.480100e-01 1.870700e-01 -1.555300e-01 3.204100e-02 10 66 1.267100e+01 1.410000e+00 -1.499100e+03 2.805800e+03 0
-2.619200e-01 2.224900e-01 -1.565700e-01 3.204100e-02 11 66 1.217400e+01 1.410000e+00 -1.055200e+03 2.252500e+03 0
-2.881200e-01 2.319700e-01 -1.568500e-01 3.204100e-02 12 66 1.174200e+01 1.410000e+00 -1.046400e+03 2.136700e+03 0
-3.077600e-01 2.776800e-01 -1.582000e-01 3.204100e-02 13 66 1.113500e+01 1.410000e+00 -7.278600e+02 1.756100e+03 0
-3.050300e-01 3.108700e-01 -1.591800e-01 3.204100e-02 14 66 1.021900e+01 1.410000e+00 -5.304800e+02 1.571800e+03 0
-1.260500e-01 2.381300e-01 -1.570300e-01 3.204100e-02 15 66 1.037100e+01 1.410000e+00 -4.278000e+02 2.130100e+03 0
3.536000e-01 3.618800e-01 -1.606900e-01 3.204100e-02 28 66 1.210900e+01 1.410000e+00 1.112700e+03 1.449400e+03 0
6.799100e-01 6.328200e-01 -1.686900e-01 3.204100e-02 29 66 1.361600e+01 1.410000e+00 1296 9.313500e+02 0
6.725500e-01 7.334000e-01 -1.716600e-01 3.204100e-02 30 66 1.455800e+01 1.410000e+00 1.193300e+03 8.440400e+02 0
6.711800e-01 8.044500e-01 -1.737600e-01 3.204100e-02 31 66 1.471000e+01 1.410000e+00 1.141900e+03 7.974300e+02 0
6.766400e-01 8.337700e-01 -1.746300e-01 3.204100e-02 32 66 1.417800e+01 1.410000e+00 1.128900e+03 7.809300e+02 0
6.722700e-01 8.757300e-01 -1.758700e-01 3.204100e-02 33 66 1.267400e+01 1.410000e+00 1.101800e+03 7.592500e+02 0
7.473000e-01 8.302500e-01 -1.745200e-01 3.204100e-02 34 66 1.056200e+01 1.410000e+00 1.193800e+03 7.842600e+02 0
7.421200e-01 8.880800e-01 -1.762300e-01 3.204100e-02 35 66 1.034700e+01 1.410000e+00 1.152800e+03 7.545400e+02 0
-8.307900e-01 8.430200e-01 -1.749000e-01 3.204100e-02 36 66 1.075200e+01 1.410000e+00 -1.050700e+02 7.488200e+02 0
-8.250600e-01 9.224100e-01 -1.772500e-01 3.204100e-02 37 66 1.086600e+01 1.410000e+00 -2.871700e+01 7.154700e+02 0
-8.378900e-01 9.763700e-01 -1.788400e-01 3.204100e-02 38 66 1.052500e+01 1.410000e+00 4.748300e+00 6.958300e+02 0
2.068700e+00 7.482900e+00 -3.710200e-01 -4.806200e-01 224 50 9.989500e+00 1.410000e+00 8.578100e+02 4.203000e+02 1
2.383500e+00 7.413800e+00 -3.689800e-01 -4.806200e-01 225 50 1.020900e+01 1.410000e+00 8.871600e+02 4.207900e+02 1
2.081800e+00 7.293600e+00 -3.654300e-01 -4.485700e-01 219 51 1.038000e+01 1.410000e+00 8.633300e+02 4.213700e+02 1
2.151100e+00 7.330200e+00 -3.665100e-01 -4.485700e-01 220 51 1.030500e+01 1.410000e+00 8.686500e+02 4.211900e+02 1
2.007800e+00 7.470800e+00 -3.706600e-01 -4.485700e-01 224 51 1.050100e+01 1.410000e+00 8.527600e+02 4.203400e+02 1
2.200200e+00 7.497900e+00 -3.714600e-01 -4.485700e-01 225 51 1.059000e+01 1.410000e+00 8.689400e+02 4.202600e+02 1
2.271400e+00 7.519200e+00 -3.720900e-01 -4.485700e-01 226 51 9.970500e+00 1.410000e+00 8.746300e+02 4.201700e+02 1
0 0 -1.500000e-01 -3.204100e-02 1 64 1.566000e+01 1.410000e+00 2167 -3.612800e+03 0
-7.093800e-02 1.124800e-01 -1.533200e-01 -3.204100e-02 5 64 1.416800e+01 1.410000e+00 -3.062800e+03 7.577500e+03 0
-1.585200e-01 1.860300e-01 -1.554900e-01 -3.204100e-02 8 64 1.332800e+01 1.410000e+00 -1.090400e+03 2.889900e+03 0
-1.986300e-01 1.950000e-01 -1.557600e-01 -3.204100e-02 9 64 1.284100e+01 1.410000e+00 -1.145900e+03 2.687100e+03 0
-2.480100e-01 1.860600e-01 -1.555000e-01 -3.204100e-02 10 64 1.265700e+01 1.410000e+00 -1.517500e+03 2.826200e+03 0
-2.619200e-01 2.205000e-01 -1.565100e-01 -3.204100e-02 11 64 1.217400e+01 1.410000e+00 -1.077600e+03 2.276400e+03 0
-2.881200e-01 2.276500e-01 -1.567200e-01 -3.204100e-02 12 64 1.171400e+01 1.410000e+00 -1.092400e+03 2.183100e+03 0
-3.077600e-01 2.758300e-01 -1.581500e-01 -3.204100e-02 13 64 1.099200e+01 1.410000e+00 -7.402200e+02 1.768100e+03 0
3.609700e-01 2.595100e-01 -1.576700e-01 -3.204100e-02 28 64 1.202800e+01 1.410000e+00 1.387400e+03 2.081800e+03 0
6.799100e-01 6.399400e-01 -1.689000e-01 -3.204100e-02 29 64 1.352300e+01 1.410000e+00 1.288100e+03 9.241200e+02 0
6.804600e-01 7.296000e-01 -1.715500e-01 -3.204100e-02 30 64 1.443000e+01 1.410000e+00 1.204400e+03 8.470300e+02 0
6.793700e-01 7.975700e-01 -1.735600e-01 -3.204100e-02 31 64 1.456600e+01 1.410000e+00 1.153900e+03 8.017000e+02 0
6.766400e-01 8.329200e-01 -1.746000e-01 -3.204100e-02 32 64 1.405500e+01 1.410000e+00 1.129400e+03 7.813900e+02 0
6.722700e-01 8.756000e-01 -1.758600e-01 -3.204100e-02 33 64 1.267600e+01 1.410000e+00 1.101900e+03 7.593100e+02 0
7.112900e-01 8.364200e-01 -1.747100e-01 -3.204100e-02 34 64 1.064800e+01 1.410000e+00 1.157800e+03 7.801700e+02 0
7.421200e-01 8.670400e-01 -1.756100e-01 -3.204100e-02 35 64 1.047300e+01 1.410000e+00 1.165400e+03 7.648000e+02 0
-8.403400e-01 8.483100e-01 -1.750600e-01 -3.204100e-02 36 64 1.063800e+01 1.410000e+00 -1.070500e+02 7.462300e+02 0
-8.250600e-01 8.969400e-01 -1.764900e-01 -3.204100e-02 37 64 1.092400e+01 1.410000e+00 -5.034300e+01 7.255200e+02 0
-8.378900e-01 9.270000e-01 -1.773800e-01 -3.204100e-02 38 64 1.035100e+01 1.410000e+00 -3.385100e+01 7.135400e+02 0
