0 0 -1.500000e-01 0 1 65 1.666900e+01 3.410000e+00 2167 -3.612800e+03 0
-7.093800e-02 1.128300e-01 -1.580700e-01 0 5 65 1.520900e+01 3.410000e+00 -3.048800e+03 7.622900e+03 0
-1.585200e-01 1.859800e-01 -1.633000e-01 0 8 65 1.437900e+01 3.410000e+00 -1.095600e+03 2.938800e+03 0
-1.986300e-01 1.954400e-01 -1.639700e-01 0 9 65 1.389600e+01 3.410000e+00 -1.143900e+03 2.724500e+03 0
-2.480100e-01 1.875200e-01 -1.634100e-01 0 10 65 1.369100e+01 3.410000e+00 -1.496400e+03 2843 0
-2.619200e-01 2.234200e-01 -1.659800e-01 0 11 65 1.313400e+01 3.410000e+00 -1.048800e+03 2.282500e+03 0
-2.881200e-01 2.342400e-01 -1.667500e-01 0 12 65 1.269400e+01 3.410000e+00 -1.026900e+03 2.152900e+03 0
-3.077600e-01 2.795100e-01 -1.699900e-01 0 13 65 1.193800e+01 3.410000e+00 -7.185400e+02 1.780800e+03 0
-3.085800e-01 3.060500e-01 -1.718800e-01 0 14 65 1.150200e+01 3.410000e+00 -5.658800e+02 1.630100e+03 0
-1.222300e-01 3.816200e-01 -1.772900e-01 0 15 65 1.137600e+01 3.410000e+00 9.473300e+01 1.358900e+03 0
3.536000e-01 3.556300e-01 -1.754300e-01 0 28 65 1.312700e+01 3.410000e+00 1.123900e+03 1.510600e+03 0
6.799100e-01 6.394600e-01 -1.957200e-01 0 29 65 1.468700e+01 3.410000e+00 1.290300e+03 956 0
6.725500e-01 7.378600e-01 -2.027600e-01 0 30 65 1.562300e+01 3.410000e+00 1.191300e+03 8.712900e+02 0
6.711800e-01 8.043900e-01 -2.075200e-01 0 31 65 1.580200e+01 3.410000e+00 1.143300e+03 8.274800e+02 0
6.766400e-01 8.315300e-01 -2.094600e-01 0 32 65 1.531300e+01 3.410000e+00 1.131500e+03 8.120100e+02 0
6.810000e-01 8.683100e-01 -2.120900e-01 0 33 65 1.391500e+01 3.410000e+00 1.114400e+03 7.927200e+02 0
6.572700e-01 9.270500e-01 -2.162900e-01 0 34 65 1.117100e+01 3.410000e+00 1.066100e+03 7.649200e+02 0
7.328400e-01 8.779400e-01 -2.127800e-01 0 35 65 1.073600e+01 3.410000e+00 1.152400e+03 7.889300e+02 0
-8.212400e-01 9.034200e-01 -2.146000e-01 0 36 65 1.172100e+01 3.410000e+00 -4.298600e+01 7.506700e+02 0
-8.348900e-01 9.118700e-01 -2.152000e-01 0 37 65 1.219800e+01 3.410000e+00 -4.542900e+01 7.470900e+02 0
-8.479800e-01 9.121800e-01 -2.152200e-01 0 38 65 1.176600e+01 3.410000e+00 -5.440600e+01 7.467600e+02 0
-8.605300e-01 9.172900e-01 -2.155900e-01 0 39 65 1.019400e+01 3.410000e+00 -5.881700e+01 7.445700e+02 0
0 0 -1.500000e-01 3.204100e-02 1 66 1.565600e+01 3.410000e+00 2167 -3.612800e+03 0
-7.093800e-02 1.132500e-01 -1.581000e-01 3.204100e-02 5 66 1.419900e+01 3.410000e+00 -3.010400e+03 7.548900e+03 0
-1.585200e-01 1.858500e-01 -1.632900e-01 3.204100e-02 8 66 1.334500e+01 3.410000e+00 -1.097600e+03 2.941600e+03 0
-1.986300e-01 1.956100e-01 -1.639900e-01 3.204100e-02 9 66 1.285100e+01 3.410000e+00 -1.141500e+03 2.721500e+03 0
-2.480100e-01 1.880300e-01 -1.634400e-01 3.204100e-02 10 66 1.265500e+01 3.410000e+00 -1.487300e+03 2.832900e+03 0
-2.619200e-01 2.240700e-01 -1.660200e-01 3.204100e-02 11 66 1.208400e+01 3.410000e+00 -1.041700e+03 2.274800e+03 0
-2.881200e-01 2.338200e-01 -1.667200e-01 3.204100e-02 12 66 1.162800e+01 3.410000e+00 -1.031200e+03 2.157300e+03 0
-3.110400e-01 2.746800e-01 -1.696400e-01 3.204100e-02 13 66 1.093700e+01 3.410000e+00 -7.600300e+02 1.811600e+03 0
3.536000e-01 3.653100e-01 -1.761200e-01 3.204100e-02 28 66 1.216800e+01 3.410000e+00 1109 1.472300e+03 0
6.722700e-01 6.435600e-01 -1.960200e-01 3.204100e-02 29 66 1.370000e+01 3.410000e+00 1.276700e+03 9.515900e+02 0
6.725500e-01 7.363300e-01 -2.026500e-01 3.204100e-02 30 66 1.464400e+01 3.410000e+00 1.192500e+03 8.724100e+02 0
6.711800e-01 8.044500e-01 -2.075200e-01 3.204100e-02 31 66 1.486200e+01 3.410000e+00 1.143300e+03 8.274400e+02 0
6.766400e-01 8.328500e-01 -2.095500e-01 3.204100e-02 32 66 1.445200e+01 3.410000e+00 1.130700e+03 8.112800e+02 0
6.810000e-01 8.682100e-01 -2.120800e-01 3.204100e-02 33 66 1.322400e+01 3.410000e+00 1.114400e+03 7.927700e+02 0
6.932800e-01 9.198700e-01 -2.157700e-01 3.204100e-02 34 66 1.050700e+01 3.410000e+00 1.097700e+03 7.686700e+02 0
-8.403400e-01 8.854200e-01 -2.133100e-01 3.204100e-02 36 66 1.063000e+01 3.410000e+00 -7.270200e+01 7.577700e+02 0
-8.348900e-01 9.081500e-01 -2.149400e-01 3.204100e-02 37 66 1.108900e+01 3.410000e+00 -4.861700e+01 7.485600e+02 0
-8.378900e-01 9.011200e-01 -2.144300e-01 3.204100e-02 38 66 1.067000e+01 3.410000e+00 -5.686900e+01 7.513400e+02 0
0 0 -1.500000e-01 6.408200e-02 1 67 9.789000e+00 3.410000e+00 2167 -3.612800e+03 0
6.630000e-01 8.108300e-01 -2.079800e-01 6.408200e-02 31 67 9.809700e+00 3.410000e+00 1.131800e+03 8.234900e+02 0
6.851000e-01 8.374600e-01 -2.098800e-01 6.408200e-02 32 67 1.039400e+01 3.410000e+00 1.135500e+03 8.089400e+02 0
7.072000e-01 8.548600e-01 -2.111300e-01 6.408200e-02 33 67 1.035200e+01 3.410000e+00 1.144300e+03 8.001100e+02 0
7.383000e-01 8.340800e-01 -2.096400e-01 6.408200e-02 34 67 9.644000e+00 3.410000e+00 1.184600e+03 8.119100e+02 0
0 0 -1.500000e-01 -8.971500e-01 1 37 9.320800e+00 3.410000e+00 2167 -3.612800e+03 0
1.798800e+00 1.191900e+01 -1.002200e+00 -8.971500e-01 348 37 1.019400e+01 3.410000e+00 7.818900e+02 4.310100e+02 1
1.899000e+00 1.195500e+01 -1.004800e+00 -8.971500e-01 349 37 1.032500e+01 3.410000e+00 7.870400e+02 4.309500e+02 1
1.344500e+00 1.219700e+01 -1.022100e+00 -8.971500e-01 353 37 1.035600e+01 3.410000e+00 7.558200e+02 4.303100e+02 1
1.252100e+00 1.222600e+01 -1.024200e+00 -8.971500e-01 354 37 1.035900e+01 3.410000e+00 7.508000e+02 4.302300e+02 1
1.704100e+00 1.198200e+01 -1.006800e+00 -8.651100e-01 348 38 1.068600e+01 3.410000e+00 7.763100e+02 4.308500e+02 1
1.614100e+00 1.203600e+01 -1.010600e+00 -8.651100e-01 349 38 1.072700e+01 3.410000e+00 7.711100e+02 4.307100e+02 1
1.152500e+00 1.223600e+01 -1.024900e+00 -8.651100e-01 353 38 1.048200e+01 3.410000e+00 7.455100e+02 4.301900e+02 1
1.348400e+00 1.225400e+01 -1.026200e+00 -8.651100e-01 354 38 1.054800e+01 3.410000e+00 7.557400e+02 4.302000e+02 1
-2.128100e+00 4.760500e+00 -4.903900e-01 -8.010300e-01 151 40 1.000500e+01 3.410000e+00 3.865100e+02 4.671100e+02 1
-2.183500e+00 4.794700e+00 -4.928400e-01 -8.010300e-01 152 40 1.065000e+01 3.410000e+00 3.814700e+02 4.666200e+02 1
-2.322400e+00 4.773400e+00 -4.913100e-01 -8.010300e-01 153 40 1.033000e+01 3.410000e+00 3.618800e+02 4.667800e+02 1
-2.058800e+00 4.939400e+00 -5.031800e-01 -8.010300e-01 155 40 9.913600e+00 3.410000e+00 4.064400e+02 4.649300e+02 1
-2.199100e+00 4.932100e+00 -5.026600e-01 -8.010300e-01 156 40 9.900200e+00 3.410000e+00 3.882000e+02 4.649000e+02 1
-2.046300e+00 4.814500e+00 -4.942500e-01 -7.689800e-01 151 41 1.151700e+01 3.410000e+00 4.006100e+02 4.664800e+02 1
-2.142300e+00 4.815800e+00 -4.943500e-01 -7.689800e-01 152 41 1.241500e+01 3.410000e+00 3.882000e+02 4.663900e+02 1
-2.239500e+00 4.809800e+00 -4.939200e-01 -7.689800e-01 153 41 1.226400e+01 3.410000e+00 3.751700e+02 4.663800e+02 1
-2.295900e+00 4.817900e+00 -4.945000e-01 -7.689800e-01 154 41 1.086100e+01 3.410000e+00 3.683800e+02 4.662300e+02 1
-2.058800e+00 4.962000e+00 -5.048000e-01 -7.689800e-01 155 41 1.125300e+01 3.410000e+00 4.077600e+02 4.646600e+02 1
-2.156800e+00 4.956300e+00 -5.044000e-01 -7.689800e-01 156 41 1.119900e+01 3.410000e+00 3.950400e+02 4.646500e+02 1
-2.128100e+00 5.014600e+00 -5.085600e-01 -7.689800e-01 157 41 1.027500e+01 3.410000e+00 4.021000e+02 4.639800e+02 1
-2.013300e+00 5.089000e+00 -5.138800e-01 -7.689800e-01 158 41 1.036900e+01 3.410000e+00 4.205300e+02 4.632100e+02 1
-2.026100e+00 5.132400e+00 -5.169900e-01 -7.689800e-01 159 41 1.022200e+01 3.410000e+00 4.212800e+02 4.627100e+02 1
-2.046300e+00 4.810400e+00 -4.939600e-01 -7.369400e-01 151 42 1.113400e+01 3.410000e+00 4.003600e+02 4.665300e+02 1
-2.101100e+00 4.834300e+00 -4.956700e-01 -7.369400e-01 152 42 1.211900e+01 3.410000e+00 3.947000e+02 4.661900e+02 1
-2.198000e+00 4.831100e+00 -4.954400e-01 -7.369400e-01 153 42 1.206300e+01 3.410000e+00 3.819500e+02 4.661500e+02 1
-2.170700e+00 4.882500e+00 -4.991100e-01 -7.369400e-01 154 42 1.105900e+01 3.410000e+00 3.887300e+02 4.655300e+02 1
-2.100900e+00 4.946800e+00 -5.037100e-01 -7.369400e-01 155 42 1.095200e+01 3.410000e+00 4.015500e+02 4.648100e+02 1
-2.156800e+00 4.944900e+00 -5.035800e-01 -7.369400e-01 156 42 1.085400e+01 3.410000e+00 3.943500e+02 4.647800e+02 1
-2.085600e+00 5.007300e+00 -5.080400e-01 -7.369400e-01 157 42 1.037400e+01 3.410000e+00 407 4.641000e+02 1
-2.013300e+00 5.092700e+00 -5.141400e-01 -7.369400e-01 158 42 1.037800e+01 3.410000e+00 4.207200e+02 4.631700e+02 1
0 0 -1.500000e-01 -9.612300e-02 1 62 9.580400e+00 3.410000e+00 2167 -3.612800e+03 0
7.039200e-01 7.346500e-01 -2.025300e-01 -9.612300e-02 31 62 9.514700e+00 3.410000e+00 1.225900e+03 8.745000e+02 0
0 0 -1.500000e-01 -3.204100e-02 1 64 1.565200e+01 3.410000e+00 2167 -3.612800e+03 0
-7.093800e-02 1.125700e-01 -1.580500e-01 -3.204100e-02 5 64 1.418500e+01 3.410000e+00 -3.072300e+03 7.668300e+03 0
-1.585200e-01 1.860400e-01 -1.633000e-01 -3.204100e-02 8 64 1.337400e+01 3.410000e+00 -1.094800e+03 2.937600e+03 0
-1.986300e-01 1.952200e-01 -1.639600e-01 -3.204100e-02 9 64 1.289800e+01 3.410000e+00 -1.147100e+03 2.728500e+03 0
-2.455500e-01 1.907100e-01 -1.636400e-01 -3.204100e-02 10 64 1.268300e+01 3.410000e+00 -1.429300e+03 2.782400e+03 0
-2.592000e-01 2.266100e-01 -1.662000e-01 -3.204100e-02 11 64 1.217800e+01 3.410000e+00 -1.004600e+03 2.246400e+03 0
-2.851200e-01 2.376500e-01 -1.669900e-01 -3.204100e-02 12 64 1.170800e+01 3.410000e+00 -9.829900e+02 2.119600e+03 0
-3.110400e-01 2.757600e-01 -1.697200e-01 -3.204100e-02 13 64 1.090100e+01 3.410000e+00 -7.526000e+02 1.804400e+03 0
-3.121300e-01 3.041200e-01 -1.717500e-01 -3.204100e-02 14 64 1.059700e+01 3.410000e+00 -5.847500e+02 1.639300e+03 0
-1.222300e-01 3.838100e-01 -1.774400e-01 -3.204100e-02 15 64 1.042400e+01 3.410000e+00 9.890300e+01 1.352200e+03 0
3.536000e-01 3.408900e-01 -1.743700e-01 -3.204100e-02 28 64 1.206200e+01 3.410000e+00 1.148700e+03 1.574500e+03 0
6.799100e-01 6.400200e-01 -1.957600e-01 -3.204100e-02 29 64 1.363900e+01 3.410000e+00 1.289700e+03 9.554300e+02 0
6.725500e-01 7.391600e-01 -2.028500e-01 -3.204100e-02 30 64 1.458800e+01 3.410000e+00 1.190300e+03 8.703500e+02 0
6.793700e-01 7.973900e-01 -2.070200e-01 -3.204100e-02 31 64 1.474700e+01 3.410000e+00 1.155400e+03 8.318900e+02 0
6.766400e-01 8.298500e-01 -2.093400e-01 -3.204100e-02 32 64 1.422600e+01 3.410000e+00 1.132500e+03 8.129500e+02 0
6.810000e-01 8.654500e-01 -2.118800e-01 -3.204100e-02 33 64 1.274800e+01 3.410000e+00 1.115900e+03 7.941600e+02 0
-8.116900e-01 9.084200e-01 -2.149600e-01 -3.204100e-02 36 64 1.076600e+01 3.410000e+00 -3.192700e+01 7.488200e+02 0
-8.348900e-01 9.080200e-01 -2.149300e-01 -3.204100e-02 37 64 1.126500e+01 3.410000e+00 -4.872900e+01 7.486100e+02 0
-8.580800e-01 9.079400e-01 -2.149200e-01 -3.204100e-02 38 64 1.081100e+01 3.410000e+00 -6.523600e+01 7.482900e+02 0
