0 0 -1.500000e-01 0 1 65 1.668400e+01 3.690000e+00 2167 -3.612800e+03 0
-7.093800e-02 1.128100e-01 -1.587300e-01 0 5 65 1.521300e+01 3.690000e+00 -3.052600e+03 7.640500e+03 0
-1.585200e-01 1.858900e-01 -1.643900e-01 0 8 65 1.437100e+01 3.690000e+00 -1.097600e+03 2.947500e+03 0
-2.008100e-01 1.932000e-01 -1.649500e-01 0 9 65 1.387900e+01 3.690000e+00 -1.187200e+03 2.770900e+03 0
-2.480100e-01 1.867100e-01 -1.644500e-01 0 10 65 1.370000e+01 3.690000e+00 -1.511900e+03 2866 0
-2.619200e-01 2.219600e-01 -1.671800e-01 0 11 65 1.316200e+01 3.690000e+00 -1.065600e+03 2.305800e+03 0
-2.881200e-01 2.329400e-01 -1.680300e-01 0 12 65 1.270600e+01 3.690000e+00 -1.040600e+03 2.171900e+03 0
-3.077600e-01 2.797700e-01 -1.716500e-01 0 13 65 1.194600e+01 3.690000e+00 -7.172800e+02 1.784300e+03 0
-3.085800e-01 3.117100e-01 -1.741200e-01 0 14 65 1.144400e+01 3.690000e+00 -5.374400e+02 1607 0
-1.222300e-01 3.153500e-01 -1.744000e-01 0 15 65 1.129500e+01 3.690000e+00 -6.727900e+01 1.621400e+03 0
3.609700e-01 2.984600e-01 -1.731000e-01 0 28 65 1.309000e+01 3.690000e+00 1.262500e+03 1815 0
6.799100e-01 6.388300e-01 -1.994400e-01 0 29 65 1.467200e+01 3.690000e+00 1.291200e+03 9.610600e+02 0
6.725500e-01 7.372200e-01 -2.070500e-01 0 30 65 1.561500e+01 3.690000e+00 1192 8.760500e+02 0
6.793700e-01 7.975300e-01 -2.117200e-01 0 31 65 1.575400e+01 3.690000e+00 1.155500e+03 8.360300e+02 0
6.766400e-01 8.310600e-01 -2.143200e-01 0 32 65 1.515700e+01 3.690000e+00 1132 8.164700e+02 0
6.722700e-01 8.771800e-01 -2.178800e-01 0 33 65 1.343100e+01 3.690000e+00 1.102500e+03 7.923200e+02 0
7.514000e-01 7.961100e-01 -2.116100e-01 0 35 65 1.122900e+01 3.690000e+00 1.223800e+03 8.385900e+02 0
-8.498900e-01 8.731400e-01 -2.175700e-01 0 36 65 1.175500e+01 3.690000e+00 -9.126900e+01 7.667300e+02 0
-8.643500e-01 8.853000e-01 -2.185100e-01 0 37 65 1.218900e+01 3.690000e+00 -9.040400e+01 7.613200e+02 0
-8.883600e-01 8.850200e-01 -2.184900e-01 0 38 65 1.181500e+01 3.690000e+00 -1.080900e+02 7.610400e+02 0
-9.020000e-01 8.998100e-01 -2.196400e-01 0 39 65 1.050200e+01 3.690000e+00 -1.039500e+02 7.547400e+02 0
0 0 -1.500000e-01 3.204100e-02 1 66 1.566600e+01 3.690000e+00 2167 -3.612800e+03 0
-7.202900e-02 1.122400e-01 -1.586900e-01 3.204100e-02 5 66 1.420200e+01 3.690000e+00 -3.119100e+03 7.735700e+03 0
-1.585200e-01 1.858300e-01 -1.643800e-01 3.204100e-02 8 66 1.337700e+01 3.690000e+00 -1.098600e+03 2.948900e+03 0
-2.008100e-01 1.932200e-01 -1.649500e-01 3.204100e-02 9 66 1.284000e+01 3.690000e+00 -1.186900e+03 2.770500e+03 0
-2.480100e-01 1.868100e-01 -1.644600e-01 3.204100e-02 10 66 1.266700e+01 3.690000e+00 -1510 2.863900e+03 0
-2.646500e-01 2.179800e-01 -1.668700e-01 3.204100e-02 11 66 1.215600e+01 3.690000e+00 -1.121700e+03 2354 0
-2.911200e-01 2.306800e-01 -1.678500e-01 3.204100e-02 12 66 1.165100e+01 3.690000e+00 -1.074700e+03 2.194800e+03 0
-3.110400e-01 2.782100e-01 -1.715300e-01 3.204100e-02 13 66 1.085700e+01 3.690000e+00 -7.365200e+02 1.793600e+03 0
-3.121300e-01 3.017100e-01 -1.733500e-01 3.204100e-02 14 66 1.038800e+01 3.690000e+00 -5.980200e+02 1.656700e+03 0
-1.031300e-01 3.604400e-01 -1.778900e-01 3.204100e-02 15 66 1.040100e+01 3.690000e+00 9.142600e+01 1.435600e+03 0
3.536000e-01 3.291100e-01 -1.754700e-01 3.204100e-02 28 66 1.206200e+01 3.690000e+00 1171 1.636300e+03 0
6.722700e-01 6.417700e-01 -1.996700e-01 3.204100e-02 29 66 1.367400e+01 3.690000e+00 1.278800e+03 9.577900e+02 0
6.725500e-01 7.356700e-01 -2.069300e-01 3.204100e-02 30 66 1.461000e+01 3.690000e+00 1.193200e+03 8.771800e+02 0
6.711800e-01 8.044700e-01 -2.122600e-01 3.204100e-02 31 66 1.473100e+01 3.690000e+00 1.143400e+03 8.316500e+02 0
6.766400e-01 8.312700e-01 -2.143300e-01 3.204100e-02 32 66 1.406900e+01 3.690000e+00 1.131900e+03 8.163600e+02 0
6.635400e-01 8.821300e-01 -2.182700e-01 3.204100e-02 33 66 1.206900e+01 3.690000e+00 1.092700e+03 7.897300e+02 0
7.833200e-01 6.896000e-01 -2.033700e-01 3.204100e-02 34 66 1.057700e+01 3.690000e+00 1355 9.171100e+02 0
7.792300e-01 8.042900e-01 -2.122400e-01 3.204100e-02 35 66 1.058400e+01 3.690000e+00 1.243500e+03 8.342500e+02 0
-8.403400e-01 8.857700e-01 -2.185500e-01 3.204100e-02 36 66 1.067100e+01 3.690000e+00 -7.252000e+01 7.615100e+02 0
-8.643500e-01 8.942900e-01 -2.192100e-01 3.204100e-02 37 66 1.112200e+01 3.690000e+00 -8.209800e+01 7.575900e+02 0
-8.883600e-01 9.050400e-01 -2.200400e-01 3.204100e-02 38 66 1.083200e+01 3.690000e+00 -8.943300e+01 7.528500e+02 0
0 0 -1.500000e-01 6.408200e-02 1 67 1.076900e+01 3.690000e+00 2167 -3.612800e+03 0
2.728400e-04 3.475900e-02 -1.526900e-01 6.408200e-02 2 67 1.025500e+01 3.690000e+00 3.465600e+03 -7.170500e+03 0
-1.375100e-01 1.103500e+00 -2.354000e-01 -1.025300e+00 37 33 1.010400e+01 3.690000e+00 5.039800e+02 6.967500e+02 0
-1.413300e-01 1.136000e+00 -2.379200e-01 -1.025300e+00 38 33 1.019200e+01 3.690000e+00 5.075200e+02 6.879400e+02 0
-1.571500e-01 1.101600e+00 -2.352600e-01 -9.932700e-01 37 34 1.035900e+01 3.690000e+00 4.916600e+02 6.970500e+02 0
-1.514300e-01 1.137100e+00 -2.380000e-01 -9.932700e-01 38 34 1.038400e+01 3.690000e+00 5.017500e+02 6.875600e+02 0
9.221900e-02 1.178800e+01 -1.062300e+00 -8.971500e-01 339 37 1.024900e+01 3.690000e+00 6.897700e+02 4.345200e+02 1
2.774800e-01 1.182900e+01 -1.065500e+00 -8.971500e-01 340 37 1.040700e+01 3.690000e+00 6.998300e+02 4.344800e+02 0
9.276500e-02 1.181200e+01 -1.064100e+00 -8.971500e-01 341 37 1.050100e+01 3.690000e+00 6.898100e+02 4.344700e+02 1
-2.791100e-01 1.183700e+01 -1.066100e+00 -8.971500e-01 342 37 1.039000e+01 3.690000e+00 6.697200e+02 4.343200e+02 1
-2.933000e+00 8.159100e+00 -7.814300e-01 -8.330700e-01 251 39 1.028300e+01 3.690000e+00 4.526400e+02 4.447200e+02 1
-2.944700e+00 8.197100e+00 -7.843700e-01 -8.330700e-01 252 39 1.057500e+01 3.690000e+00 4.528600e+02 4.445500e+02 1
-3.001200e+00 8.191700e+00 -7.839500e-01 -8.010300e-01 251 40 1.055000e+01 3.690000e+00 4.483900e+02 4.445500e+02 1
-3.013200e+00 8.229700e+00 -7.869000e-01 -8.010300e-01 252 40 1.078800e+01 3.690000e+00 4.486000e+02 4.443800e+02 1
0 0 -1.500000e-01 -6.408200e-02 1 63 9.935800e+00 3.690000e+00 2167 -3.612800e+03 0
0 0 -1.500000e-01 -3.204100e-02 1 64 1.566900e+01 3.690000e+00 2167 -3.612800e+03 0
-7.093800e-02 1.126100e-01 -1.587100e-01 -3.204100e-02 5 64 1.418700e+01 3.690000e+00 -3.071200e+03 7.676200e+03 0
-1.585200e-01 1.859400e-01 -1.643900e-01 -3.204100e-02 8 64 1.332500e+01 3.690000e+00 -1.096900e+03 2.946500e+03 0
-1.986300e-01 1.956300e-01 -1.651400e-01 -3.204100e-02 9 64 1.286800e+01 3.690000e+00 -1.141800e+03 2.727500e+03 0
-2.455500e-01 1.906400e-01 -1.647500e-01 -3.204100e-02 10 64 1.271900e+01 3.690000e+00 -1.431300e+03 2.790100e+03 0
-2.592000e-01 2.259600e-01 -1.674900e-01 -3.204100e-02 11 64 1.211200e+01 3.690000e+00 -1.011900e+03 2.259600e+03 0
-2.851200e-01 2.355300e-01 -1.682300e-01 -3.204100e-02 12 64 1.170100e+01 3.690000e+00 -1.004200e+03 2.146300e+03 0
-3.077600e-01 2.780000e-01 -1.715100e-01 -3.204100e-02 13 64 1.093000e+01 3.690000e+00 -7.289000e+02 1.795700e+03 0
-3.085800e-01 3.226200e-01 -1.749700e-01 -3.204100e-02 14 64 1.049800e+01 3.690000e+00 -4.855500e+02 1.556600e+03 0
-1.298700e-01 2.889200e-01 -1.723600e-01 -3.204100e-02 15 64 1.037900e+01 3.690000e+00 -1.803500e+02 1766 0
3.683300e-01 2.560800e-01 -1.698200e-01 -3.204100e-02 28 64 1.200600e+01 3.690000e+00 1.432800e+03 2.168200e+03 0
6.799100e-01 6.420700e-01 -1.996900e-01 -3.204100e-02 29 64 1.364000e+01 3.690000e+00 1.287700e+03 9.577800e+02 0
6.725500e-01 7.391300e-01 -2.072000e-01 -3.204100e-02 30 64 1.458900e+01 3.690000e+00 1.190500e+03 8.746600e+02 0
6.793700e-01 7.974100e-01 -2.117100e-01 -3.204100e-02 31 64 1.473600e+01 3.690000e+00 1.155600e+03 8.361000e+02 0
6.766400e-01 8.299000e-01 -2.142300e-01 -3.204100e-02 32 64 1.417600e+01 3.690000e+00 1.132700e+03 8.171200e+02 0
6.810000e-01 8.702500e-01 -2.173500e-01 -3.204100e-02 33 64 1.258700e+01 3.690000e+00 1.113500e+03 7.959200e+02 0
7.514000e-01 7.835400e-01 -2.106400e-01 -3.204100e-02 35 64 1.026000e+01 3.690000e+00 1.233500e+03 8.464800e+02 0
-8.307900e-01 8.871500e-01 -2.186600e-01 -3.204100e-02 36 64 1.088600e+01 3.690000e+00 -6.432600e+01 7.610900e+02 0
-8.545300e-01 8.850800e-01 -2.185000e-01 -3.204100e-02 37 64 1.131900e+01 3.690000e+00 -8.347100e+01 7.615700e+02 0
-8.782700e-01 8.831000e-01 -2.183400e-01 -3.204100e-02 38 64 1.095700e+01 3.690000e+00 -1.025900e+02 7.620100e+02 0
-9.020000e-01 8.979600e-01 -2.194900e-01 -3.204100e-02 39 64 9.796100e+00 3.690000e+00 -1.056700e+02 7.554800e+02 0
