0 0 -1.500000e-01 0 1 65 1.675300e+01 1.050000e+00 2167 -3.612800e+03 0
-7.093800e-02 1.130700e-01 -1.524900e-01 0 5 65 1.516600e+01 1.050000e+00 -3.006500e+03 7.456800e+03 0
-1.585200e-01 1.859400e-01 -1.540900e-01 0 8 65 1.433000e+01 1.050000e+00 -1091 2.883400e+03 0
-1.986300e-01 1.955200e-01 -1.543000e-01 0 9 65 1.386400e+01 1.050000e+00 -1.137600e+03 2.669500e+03 0
-2.480100e-01 1.871600e-01 -1.541200e-01 0 10 65 1.366600e+01 1.050000e+00 -1.496500e+03 2.795800e+03 0
-2.619200e-01 2.224200e-01 -1.548900e-01 0 11 65 1.311900e+01 1.050000e+00 -1.055300e+03 2246 0
-2.851200e-01 2.360800e-01 -1.551900e-01 0 12 65 1.267700e+01 1.050000e+00 -9.940300e+02 2.088600e+03 0
-3.044900e-01 2.823200e-01 -1.562100e-01 0 13 65 1.183400e+01 1.050000e+00 -6.884200e+02 1.721100e+03 0
-3.085800e-01 3.088100e-01 -1.567900e-01 0 14 65 1.135200e+01 1.050000e+00 -5.489800e+02 1575 0
-1.298700e-01 2.567400e-01 -1.556500e-01 0 15 65 1.131700e+01 1.050000e+00 -3.281600e+02 1.947900e+03 0
3.536000e-01 3.570500e-01 -1.578500e-01 0 28 65 1.310100e+01 1.050000e+00 1.119800e+03 1.461900e+03 0
6.722700e-01 6.435000e-01 -1.641500e-01 0 29 65 1.466600e+01 1.050000e+00 1.274800e+03 9.147000e+02 0
6.725500e-01 7.370700e-01 -1.662100e-01 0 30 65 1.560400e+01 1.050000e+00 1.190200e+03 8.359100e+02 0
6.711800e-01 8.044600e-01 -1.676900e-01 0 31 65 1.576900e+01 1.050000e+00 1.141700e+03 7.920400e+02 0
6.766400e-01 8.330400e-01 -1.683200e-01 0 32 65 1.524000e+01 1.050000e+00 1.129100e+03 7.759800e+02 0
6.722700e-01 8.740200e-01 -1.692200e-01 0 33 65 1.374400e+01 1.050000e+00 1.102500e+03 7.547700e+02 0
7.514000e-01 8.487700e-01 -1.686700e-01 0 35 65 1.115200e+01 1.050000e+00 1.184700e+03 769 0
-8.594400e-01 8.602700e-01 -1.689200e-01 0 36 65 1.178000e+01 1.050000e+00 -1.093600e+02 7.355600e+02 0
-8.643500e-01 8.754100e-01 -1.692500e-01 0 37 65 1.201900e+01 1.050000e+00 -9.831300e+01 7.289100e+02 0
-8.782700e-01 8.822400e-01 -1.694000e-01 0 38 65 1.145400e+01 1.050000e+00 -1.019600e+02 7.258100e+02 0
0 0 -1.500000e-01 3.204100e-02 1 66 1.572600e+01 1.050000e+00 2167 -3.612800e+03 0
-7.093800e-02 1.133700e-01 -1.524900e-01 3.204100e-02 5 66 1.414900e+01 1.050000e+00 -2.980600e+03 7407 0
-1.585200e-01 1.858600e-01 -1.540900e-01 3.204100e-02 8 66 1.333900e+01 1.050000e+00 -1.092200e+03 2885 0
-2.008100e-01 1.928500e-01 -1.542400e-01 3.204100e-02 9 66 1.284800e+01 1.050000e+00 -1.186400e+03 2.716900e+03 0
-2.480100e-01 1.875300e-01 -1.541200e-01 3.204100e-02 10 66 1.266900e+01 1.050000e+00 -1.489900e+03 2.788500e+03 0
-2.619200e-01 2.245000e-01 -1.549400e-01 3.204100e-02 11 66 1.214100e+01 1.050000e+00 -1.032400e+03 2.221500e+03 0
-2.881200e-01 2.375400e-01 -1.552200e-01 3.204100e-02 12 66 1.164300e+01 1.050000e+00 -9.898700e+02 2.073200e+03 0
-3.077600e-01 2.815400e-01 -1.561900e-01 3.204100e-02 13 66 1.087500e+01 1.050000e+00 -7.021800e+02 1.725200e+03 0
-3.014900e-01 2.980500e-01 -1.565600e-01 3.204100e-02 14 66 1.037700e+01 1.050000e+00 -5.880600e+02 1.631300e+03 0
-1.222300e-01 3.863500e-01 -1.585000e-01 3.204100e-02 15 66 1.023500e+01 1.050000e+00 1.046400e+02 1.305300e+03 0
3.609700e-01 3.547400e-01 -1.578000e-01 3.204100e-02 28 66 1.206400e+01 1.050000e+00 1.141300e+03 1.472200e+03 0
6.722700e-01 6.366700e-01 -1.640000e-01 3.204100e-02 29 66 1.363800e+01 1.050000e+00 1.282100e+03 9.215200e+02 0
6.725500e-01 7.353900e-01 -1.661700e-01 3.204100e-02 30 66 1.459400e+01 1.050000e+00 1.191500e+03 8.371200e+02 0
6.711800e-01 8.044800e-01 -1.676900e-01 3.204100e-02 31 66 1.475800e+01 1.050000e+00 1.141600e+03 7.920300e+02 0
6.766400e-01 8.346100e-01 -1.683600e-01 3.204100e-02 32 66 1.422500e+01 1.050000e+00 1.128200e+03 7.751200e+02 0
6.722700e-01 8.774300e-01 -1.693000e-01 3.204100e-02 33 66 1.271000e+01 1.050000e+00 1.100700e+03 7.531100e+02 0
7.606700e-01 8.721500e-01 -1.691800e-01 3.204100e-02 35 66 1.001800e+01 1.050000e+00 1.177700e+03 7.572500e+02 0
-8.594400e-01 8.645700e-01 -1.690200e-01 3.204100e-02 36 66 1.077300e+01 1.050000e+00 -1.051400e+02 7.336700e+02 0
-8.741700e-01 8.757000e-01 -1.692600e-01 3.204100e-02 37 66 1.102200e+01 1.050000e+00 -1.052300e+02 7.286400e+02 0
-8.883600e-01 8.929100e-01 -1.696400e-01 3.204100e-02 38 66 1.047300e+01 1.050000e+00 -9.919800e+01 7.212600e+02 0
0 0 -1.500000e-01 6.408200e-02 1 67 1.029500e+01 1.050000e+00 2167 -3.612800e+03 0
-1.855300e-02 5.570000e-03 -1.501200e-01 6.408200e-02 2 67 1.012300e+01 1.050000e+00 2.475900e+03 -3.977400e+03 0
2.100900e-02 2.673900e+00 -2.088100e-01 -9.612300e-01 78 35 1.038000e+01 1.050000e+00 6.568300e+02 4.885200e+02 0
4.256300e-02 2.692000e+00 -2.092100e-01 -9.612300e-01 79 35 1.021500e+01 1.050000e+00 6.623100e+02 4.877800e+02 0
0 0 -1.500000e-01 -2.242900e-01 1 58 9.705500e+00 1.050000e+00 2167 -3.612800e+03 0
2.128100e-01 2.693200e+00 -2.092300e-01 -2.242900e-01 79 58 1.018500e+01 1.050000e+00 7.036300e+02 4.880300e+02 0
2.392200e+00 9.251700e+00 -3.534800e-01 -2.242900e-01 275 58 1.177900e+01 1.050000e+00 8.485600e+02 4.078200e+02 1
2.476000e+00 9.270300e+00 -3.538900e-01 -2.242900e-01 276 58 1.240200e+01 1.050000e+00 8.541200e+02 4.077700e+02 1
2.485000e+00 9.310700e+00 -3.547800e-01 -2.242900e-01 277 58 1.216100e+01 1.050000e+00 8.540400e+02 4.076300e+02 1
2.569600e+00 9.321900e+00 -3.550200e-01 -2.242900e-01 278 58 1.128700e+01 1.050000e+00 8.597600e+02 4.076100e+02 1
2.392200e+00 9.254700e+00 -3.535400e-01 -1.922500e-01 275 59 1.202600e+01 1.050000e+00 8.485100e+02 4.078100e+02 1
2.476000e+00 9.268100e+00 -3.538400e-01 -1.922500e-01 276 59 1.267000e+01 1.050000e+00 8.541600e+02 4.077800e+02 1
2.485000e+00 9.306500e+00 -3.546800e-01 -1.922500e-01 277 59 1.245800e+01 1.050000e+00 8.541200e+02 4.076400e+02 1
2.494000e+00 9.346600e+00 -3.555700e-01 -1.922500e-01 278 59 1.165100e+01 1.050000e+00 8.540500e+02 4.075000e+02 1
2.730600e+00 9.293400e+00 -3.543900e-01 -1.922500e-01 279 59 1.038400e+01 1.050000e+00 8.715700e+02 4.077400e+02 1
-6.261600e+00 6.316100e+00 -2.889100e-01 -1.602100e-01 256 60 1.008400e+01 1.050000e+00 6.048900e+01 4.199400e+02 0
-6.356000e+00 6.287400e+00 -2.882800e-01 -1.602100e-01 257 60 1.012300e+01 1.050000e+00 4.863600e+01 4.201000e+02 0
2.242700e+00 9.183500e+00 -3.519800e-01 -1.602100e-01 275 60 1.006000e+01 1.050000e+00 8.391300e+02 4.080300e+02 1
2.250900e+00 9.205600e+00 1.557300e+00 -1.602100e-01 276 60 1.086300e+01 1.050000e+00 8.361600e+02 2.801300e+02 0
2.259100e+00 9.253000e+00 -3.535100e-01 -1.602100e-01 277 60 1.068000e+01 1.050000e+00 8.391700e+02 4.077800e+02 1
0 0 -1.500000e-01 -1.281600e-01 1 61 9.311300e+00 1.050000e+00 2167 -3.612800e+03 0
-6.445000e+00 6.094600e+00 -2.840400e-01 -1.281600e-01 255 61 9.923900e+00 1.050000e+00 1.995700e+01 4.214600e+02 0
-6.470400e+00 6.110600e+00 -2.843900e-01 -1.281600e-01 256 61 1.094100e+01 1.050000e+00 1.918900e+01 4.213300e+02 0
-6.565600e+00 6.057700e+00 -2.832300e-01 -1.281600e-01 257 61 1.107400e+01 1.050000e+00 4.046700e+00 4.216800e+02 0
0 0 -1.500000e-01 -6.408200e-02 1 63 9.805800e+00 1.050000e+00 2167 -3.612800e+03 0
3.465000e-02 2.155800e-03 -1.500500e-01 -6.408200e-02 2 63 9.709000e+00 1.050000e+00 1.885300e+03 -3.667800e+03 0
0 0 -1.500000e-01 -3.204100e-02 1 64 1.573800e+01 1.050000e+00 2167 -3.612800e+03 0
-7.093800e-02 1.127000e-01 -1.524800e-01 -3.204100e-02 5 64 1.414200e+01 1.050000e+00 -3.040500e+03 7.521700e+03 0
-1.585200e-01 1.859800e-01 -1.540900e-01 -3.204100e-02 8 64 1.324600e+01 1.050000e+00 -1.090500e+03 2.882500e+03 0
-1.986300e-01 1.957300e-01 -1.543000e-01 -3.204100e-02 9 64 1.281800e+01 1.050000e+00 -1.134700e+03 2.665900e+03 0
-2.480100e-01 1.871400e-01 -1.541200e-01 -3.204100e-02 10 64 1.261900e+01 1.050000e+00 -1.496800e+03 2.796100e+03 0
-2.592000e-01 2.252700e-01 -1.549500e-01 -3.204100e-02 11 64 1.211400e+01 1.050000e+00 -1.014400e+03 2.213800e+03 0
-2.851200e-01 2.327700e-01 -1.551200e-01 -3.204100e-02 12 64 1.167400e+01 1.050000e+00 -1.027200e+03 2.122300e+03 0
-3.012100e-01 2.836000e-01 -1.562400e-01 -3.204100e-02 13 64 1.074900e+01 1.050000e+00 -6.715700e+02 1.713900e+03 0
-4.008000e-01 2.058000e-01 -1.545300e-01 -3.204100e-02 14 64 1.024200e+01 1.050000e+00 -1806 2.399200e+03 0
-1.375100e-01 3.089600e-01 -1.568000e-01 -3.204100e-02 15 64 1.028500e+01 1.050000e+00 -1.247100e+02 1.603500e+03 0
3.536000e-01 3.077000e-01 -1.567700e-01 -3.204100e-02 28 64 1.210200e+01 1.050000e+00 1.214600e+03 1.703400e+03 0
6.799100e-01 6.427000e-01 -1.641400e-01 -3.204100e-02 29 64 1.362600e+01 1.050000e+00 1.284800e+03 9.157500e+02 0
6.725500e-01 7.387000e-01 -1.662500e-01 -3.204100e-02 30 64 1.457600e+01 1.050000e+00 1.188900e+03 8.347500e+02 0
6.711800e-01 8.043700e-01 -1.676900e-01 -3.204100e-02 31 64 1.474900e+01 1.050000e+00 1.141700e+03 7.920900e+02 0
6.766400e-01 8.317400e-01 -1.682900e-01 -3.204100e-02 32 64 1.423200e+01 1.050000e+00 1.129900e+03 7.766800e+02 0
6.722700e-01 8.708700e-01 -1.691500e-01 -3.204100e-02 33 64 1.276100e+01 1.050000e+00 1.104200e+03 7.563200e+02 0
7.514000e-01 8.480100e-01 -1.686500e-01 -3.204100e-02 35 64 1.027900e+01 1.050000e+00 1.185200e+03 7.694000e+02 0
-8.594400e-01 8.464100e-01 -1.686200e-01 -3.204100e-02 36 64 1.080400e+01 1.050000e+00 -1.232400e+02 7.417900e+02 0
-8.840000e-01 8.328200e-01 -1.683200e-01 -3.204100e-02 37 64 1.099600e+01 1.050000e+00 -1.562400e+02 7.477000e+02 0
-8.984600e-01 8.016900e-01 -1.676300e-01 -3.204100e-02 38 64 1.033500e+01 1.050000e+00 -2.027100e+02 7.627400e+02 0
