0 0 -1.500000e-01 0 1 65 1.667300e+01 4.210000e+00 2167 -3.612800e+03 0
-7.093800e-02 1.132300e-01 -1.595000e-01 0 5 65 1.521200e+01 4.210000e+00 -3.017500e+03 7.583900e+03 0
-1.585200e-01 1.859400e-01 -1.656000e-01 0 8 65 1.434600e+01 4.210000e+00 -1.097700e+03 2954 0
-2.008100e-01 1.929700e-01 -1.661900e-01 0 9 65 1.387400e+01 4.210000e+00 -1.191400e+03 2.782400e+03 0
-2.480100e-01 1.867300e-01 -1.656700e-01 0 10 65 1.369800e+01 4.210000e+00 -1.512400e+03 2.872700e+03 0
-2.619200e-01 2.218600e-01 -1.686200e-01 0 11 65 1.315800e+01 4.210000e+00 -1.067300e+03 2.313400e+03 0
-2.881200e-01 2.317700e-01 -1.694500e-01 0 12 65 1.271600e+01 4.210000e+00 -1.053400e+03 2.190500e+03 0
-3.077600e-01 2.790000e-01 -1.734100e-01 0 13 65 1.192100e+01 4.210000e+00 -7.227600e+02 1.794900e+03 0
-3.121300e-01 3.052000e-01 -1.756100e-01 0 14 65 1.149500e+01 4.210000e+00 -5.797200e+02 1.644200e+03 0
-1.184100e-01 3.750000e-01 -1.814700e-01 0 15 65 1.125800e+01 4.210000e+00 8.918900e+01 1390 0
3.609700e-01 3.190500e-01 -1.767700e-01 0 28 65 1.307600e+01 4.210000e+00 1.212500e+03 1.696700e+03 0
6.799100e-01 6.376500e-01 -2.035100e-01 0 29 65 1.465300e+01 4.210000e+00 1.292800e+03 9.671600e+02 0
6.725500e-01 7.364400e-01 -2.118000e-01 0 30 65 1.560700e+01 4.210000e+00 1.192800e+03 8.813700e+02 0
6.793700e-01 7.975800e-01 -2.169300e-01 0 31 65 1.575600e+01 4.210000e+00 1.155700e+03 8.406900e+02 0
6.766400e-01 8.328300e-01 -2.198800e-01 0 32 65 1.520900e+01 4.210000e+00 1.131100e+03 8.201500e+02 0
6.810000e-01 8.718800e-01 -2.231600e-01 0 33 65 1.370600e+01 4.210000e+00 1.112800e+03 7.997200e+02 0
7.112900e-01 9.055000e-01 -2.259800e-01 0 34 65 1.138200e+01 4.210000e+00 1.119800e+03 7.842000e+02 0
7.699500e-01 8.693900e-01 -2.229500e-01 0 35 65 1.106800e+01 4.210000e+00 1.189400e+03 8.027300e+02 0
-8.021400e-01 9.190900e-01 -2.271200e-01 0 36 65 1.171700e+01 4.210000e+00 -1.661700e+01 7.529700e+02 0
-8.250600e-01 9.139600e-01 -2.266900e-01 0 37 65 1.214700e+01 4.210000e+00 -3.701000e+01 7.546200e+02 0
-8.479800e-01 8.961600e-01 -2.252000e-01 0 38 65 1.173600e+01 4.210000e+00 -6.880800e+01 7.614000e+02 0
-8.812700e-01 8.575000e-01 -2.219500e-01 0 39 65 1.030700e+01 4.210000e+00 -1.301000e+02 7.773900e+02 0
0 0 -1.500000e-01 3.204100e-02 1 66 1.566100e+01 4.210000e+00 2167 -3.612800e+03 0
-7.202900e-02 1.126400e-01 -1.594500e-01 3.204100e-02 5 66 1.419800e+01 4.210000e+00 -3.084700e+03 7.680900e+03 0
-1.585200e-01 1.858700e-01 -1.656000e-01 3.204100e-02 8 66 1.336200e+01 4.210000e+00 -1.098600e+03 2.955400e+03 0
-2.008100e-01 1.932700e-01 -1.662200e-01 3.204100e-02 9 66 1.289400e+01 4.210000e+00 -1.186900e+03 2.776800e+03 0
-2.504700e-01 1.838300e-01 -1.654300e-01 3.204100e-02 10 66 1.270000e+01 4.210000e+00 -1.578100e+03 2.931200e+03 0
-2.646500e-01 2.177700e-01 -1.682700e-01 3.204100e-02 11 66 1.220300e+01 4.210000e+00 -1.124800e+03 2.363100e+03 0
-2.881200e-01 2.296700e-01 -1.692700e-01 3.204100e-02 12 66 1.169300e+01 4.210000e+00 -1.075600e+03 2.213100e+03 0
-3.077600e-01 2.798600e-01 -1.734800e-01 3.204100e-02 13 66 1.083700e+01 4.210000e+00 -7.171200e+02 1.789400e+03 0
-3.156700e-01 3.118900e-01 -1.761700e-01 3.204100e-02 14 66 1.064200e+01 4.210000e+00 -5.539000e+02 1.610400e+03 0
3.609700e-01 3.478900e-01 -1.791900e-01 3.204100e-02 28 66 1.201100e+01 4.210000e+00 1.155400e+03 1.555200e+03 0
6.799100e-01 6.313000e-01 -2.029700e-01 3.204100e-02 29 66 1.364700e+01 4.210000e+00 1.299900e+03 9.737500e+02 0
6.725500e-01 7.341100e-01 -2.116000e-01 3.204100e-02 30 66 1.460700e+01 4.210000e+00 1.194600e+03 8.830800e+02 0
6.711800e-01 8.044800e-01 -2.175100e-01 3.204100e-02 31 66 1.476100e+01 4.210000e+00 1.143600e+03 8.363300e+02 0
6.766400e-01 8.330100e-01 -2.199000e-01 3.204100e-02 32 66 1.421600e+01 4.210000e+00 1131 8.200500e+02 0
6.810000e-01 8.711400e-01 -2.231000e-01 3.204100e-02 33 66 1.267400e+01 4.210000e+00 1.113200e+03 8.000900e+02 0
7.112900e-01 8.979300e-01 -2.253500e-01 3.204100e-02 34 66 1.042900e+01 4.210000e+00 1.123800e+03 7.877100e+02 0
7.606700e-01 9.047300e-01 -2.259200e-01 3.204100e-02 35 66 1.014900e+01 4.210000e+00 1.160100e+03 7.854500e+02 0
-7.830500e-01 9.378900e-01 -2.287000e-01 3.204100e-02 36 66 1.101900e+01 4.210000e+00 1.154000e+01 7.460800e+02 0
-8.250600e-01 9.166300e-01 -2.269200e-01 3.204100e-02 37 66 1.139300e+01 4.210000e+00 -3.476700e+01 7.535700e+02 0
-8.580800e-01 8.820600e-01 -2.240200e-01 3.204100e-02 38 66 1.102500e+01 4.210000e+00 -8.903500e+01 7.671000e+02 0
-8.916400e-01 8.193500e-01 -2.187500e-01 3.204100e-02 39 66 9.856800e+00 4.210000e+00 -1.788100e+02 7.951300e+02 0
0 0 -1.500000e-01 6.408200e-02 1 67 1.096700e+01 4.210000e+00 2167 -3.612800e+03 0
-2.401000e-02 2.675300e-02 -1.522400e-01 6.408200e-02 3 67 9.566100e+00 4.210000e+00 3.368700e+03 -5.997700e+03 0
6.962800e-01 7.141800e-01 -2.099300e-01 6.408200e-02 30 67 9.896700e+00 4.210000e+00 1236 8.989600e+02 0
6.793700e-01 7.905300e-01 -2.163400e-01 6.408200e-02 31 67 9.977600e+00 4.210000e+00 1.160400e+03 8.450300e+02 0
6.766400e-01 7.799700e-01 -2.154500e-01 6.408200e-02 32 67 9.850300e+00 4.210000e+00 1165 8.516400e+02 0
0 0 -1.500000e-01 9.612300e-02 1 68 1.049000e+01 4.210000e+00 2167 -3.612800e+03 0
1.563100e+00 1.165200e+01 -1.127700e+00 -9.612300e-01 338 35 1.020900e+01 4.210000e+00 7.710100e+02 4.392400e+02 1
1.191800e+00 1.167300e+01 -1.129500e+00 -9.291900e-01 337 36 1.023800e+01 4.210000e+00 7.503300e+02 4.391000e+02 1
1.379200e+00 1.168300e+01 -1.130400e+00 -9.291900e-01 338 36 1.113400e+01 4.210000e+00 7.606300e+02 4.391200e+02 1
1.383300e+00 1.171600e+01 -1.133100e+00 -9.291900e-01 339 36 1.096000e+01 4.210000e+00 7.606700e+02 4.390500e+02 1
1.674700e+00 1.175100e+01 -1.136000e+00 -9.291900e-01 342 36 1.031300e+01 4.210000e+00 7.764900e+02 4.390500e+02 1
1.493000e+00 1.180600e+01 -1.140700e+00 -9.291900e-01 343 36 1.099900e+01 4.210000e+00 7.661600e+02 4.388800e+02 1
1.403800e+00 1.185000e+01 -1.144400e+00 -9.291900e-01 344 36 1.091200e+01 4.210000e+00 7.610300e+02 4.387600e+02 1
1.287300e+00 1.168900e+01 -1.130800e+00 -8.971500e-01 338 37 1.024800e+01 4.210000e+00 7.555300e+02 4.390900e+02 1
1.475500e+00 1.171100e+01 -1.132700e+00 -8.971500e-01 339 37 1.017000e+01 4.210000e+00 7.657800e+02 4.390900e+02 1
1.306300e+00 1.160200e+01 -1.123600e+00 -8.971500e-01 343 37 1.015700e+01 4.210000e+00 7.570500e+02 4.392900e+02 1
1.310200e+00 1.153700e+01 -1.118100e+00 -8.971500e-01 344 37 9.919500e+00 4.210000e+00 7.576300e+02 4.394400e+02 1
-2.038900e+00 4.439800e+00 -5.225500e-01 -8.330700e-01 142 39 1.057600e+01 4.210000e+00 3.768000e+02 4.793000e+02 1
-2.169600e+00 4.447300e+00 -5.231800e-01 -8.330700e-01 143 39 1.162500e+01 4.210000e+00 3.589400e+02 4.790600e+02 1
-2.262900e+00 4.440700e+00 -5.226300e-01 -8.330700e-01 144 39 1.167500e+01 4.210000e+00 3.453100e+02 4.790600e+02 1
-2.357300e+00 4.421700e+00 -5.210300e-01 -8.330700e-01 145 39 1.071000e+01 4.210000e+00 3.304800e+02 4.792500e+02 1
-2.038900e+00 4.464400e+00 -5.246200e-01 -8.010300e-01 142 40 1.140100e+01 4.210000e+00 3.785600e+02 4.789300e+02 1
-2.208400e+00 4.431900e+00 -5.218900e-01 -8.010300e-01 143 40 1.252000e+01 4.210000e+00 3.523100e+02 4.792500e+02 1
-2.301900e+00 4.423300e+00 -5.211700e-01 -8.010300e-01 144 40 1.261000e+01 4.210000e+00 3.384300e+02 4.792800e+02 1
-2.396600e+00 4.408200e+00 -5.199000e-01 -8.010300e-01 145 40 1.171600e+01 4.210000e+00 3.238100e+02 4.794100e+02 1
-2.246000e+00 4.583700e+00 -5.346300e-01 -8.010300e-01 148 40 1.001900e+01 4.210000e+00 3.584900e+02 4.770200e+02 1
-2.140100e+00 4.660100e+00 -5.410400e-01 -8.010300e-01 149 40 1.025400e+01 4.210000e+00 3.782100e+02 4.760700e+02 1
-2.154600e+00 4.659200e+00 -5.409600e-01 -8.010300e-01 150 40 1.006700e+01 4.210000e+00 3.762000e+02 4.760700e+02 1
-2.115900e+00 4.440200e+00 -5.225900e-01 -7.689800e-01 142 41 1.040200e+01 4.210000e+00 3.659800e+02 4.792100e+02 1
-2.208400e+00 4.433600e+00 -5.220300e-01 -7.689800e-01 143 41 1.149900e+01 4.210000e+00 3.524400e+02 4.792200e+02 1
-2.301900e+00 4.428200e+00 -5.215800e-01 -7.689800e-01 144 41 1.155600e+01 4.210000e+00 3.388200e+02 4.792100e+02 1
-2.396600e+00 4.420800e+00 -5.209600e-01 -7.689800e-01 145 41 1.064700e+01 4.210000e+00 3.248600e+02 4.792200e+02 1
0 0 -1.500000e-01 -3.204100e-02 1 64 1.565900e+01 4.210000e+00 2167 -3.612800e+03 0
-7.093800e-02 1.127900e-01 -1.594600e-01 -3.204100e-02 5 64 1.419400e+01 4.210000e+00 -3.057400e+03 7661 0
-1.585200e-01 1.859500e-01 -1.656000e-01 -3.204100e-02 8 64 1.330200e+01 4.210000e+00 -1.097400e+03 2.953700e+03 0
-1.986300e-01 1.957200e-01 -1.664200e-01 -3.204100e-02 9 64 1.281100e+01 4.210000e+00 -1.141200e+03 2.732900e+03 0
-2.480100e-01 1.872000e-01 -1.657100e-01 -3.204100e-02 10 64 1.266700e+01 4.210000e+00 -1.503900e+03 2.863300e+03 0
-2.619200e-01 2.225100e-01 -1.686700e-01 -3.204100e-02 11 64 1.209200e+01 4.210000e+00 -1.060100e+03 2.305500e+03 0
-2.881200e-01 2.330100e-01 -1.695500e-01 -3.204100e-02 12 64 1.172600e+01 4.210000e+00 -1.040500e+03 2.177400e+03 0
-3.077600e-01 2.774000e-01 -1.732800e-01 -3.204100e-02 13 64 1.095200e+01 4.210000e+00 -7.333700e+02 1.805300e+03 0
3.536000e-01 2.715700e-01 -1.727900e-01 -3.204100e-02 28 64 1.208000e+01 4.210000e+00 1.319100e+03 2.023200e+03 0
6.799100e-01 6.439800e-01 -2.040400e-01 -3.204100e-02 29 64 1.362000e+01 4.210000e+00 1.285900e+03 9.607400e+02 0
6.725500e-01 7.385000e-01 -2.119700e-01 -3.204100e-02 30 64 1.457500e+01 4.210000e+00 1.191200e+03 8.798700e+02 0
6.793700e-01 7.975300e-01 -2.169200e-01 -3.204100e-02 31 64 1.472000e+01 4.210000e+00 1.155700e+03 8.407100e+02 0
6.766400e-01 8.317600e-01 -2.197900e-01 -3.204100e-02 32 64 1.416900e+01 4.210000e+00 1.131800e+03 8.207400e+02 0
6.810000e-01 8.698600e-01 -2.229900e-01 -3.204100e-02 33 64 1.267700e+01 4.210000e+00 1.113900e+03 8.007300e+02 0
7.202900e-01 8.906000e-01 -2.247300e-01 -3.204100e-02 34 64 1.047100e+01 4.210000e+00 1.135200e+03 7.913400e+02 0
7.792300e-01 8.676500e-01 -2.228100e-01 -3.204100e-02 35 64 1.013800e+01 4.210000e+00 1.198400e+03 8.038000e+02 0
-8.116900e-01 9.133400e-01 -2.266400e-01 -3.204100e-02 36 64 1.048100e+01 4.210000e+00 -2.808700e+01 7.550800e+02 0
-8.152400e-01 9.350600e-01 -2.284600e-01 -3.204100e-02 37 64 1.093700e+01 4.210000e+00 -1.287500e+01 7.466600e+02 0
-8.277900e-01 9.181300e-01 -2.270400e-01 -3.204100e-02 38 64 1.055300e+01 4.210000e+00 -3.543100e+01 7.529500e+02 0
