0 0 -1.500000e-01 0 1 65 1.667900e+01 3.210000e+00 2167 -3.612800e+03 0
-7.093800e-02 1.129500e-01 -1.576000e-01 0 5 65 1.521900e+01 3.210000e+00 -3.036400e+03 7.591900e+03 0
-1.585200e-01 1.859500e-01 -1.625100e-01 0 8 65 1.434000e+01 3.210000e+00 -1.095800e+03 2.934800e+03 0
-2.008100e-01 1.931000e-01 -1.630000e-01 0 9 65 1.389900e+01 3.210000e+00 -1.187700e+03 2.761700e+03 0
-2.480100e-01 1.867100e-01 -1.625700e-01 0 10 65 1.369500e+01 3.210000e+00 -1.510600e+03 2.854800e+03 0
-2.619200e-01 2.220400e-01 -1.649400e-01 0 11 65 1.303900e+01 3.210000e+00 -1.063800e+03 2.294900e+03 0
-2.851200e-01 2.370000e-01 -1.659500e-01 0 12 65 1.271100e+01 3.210000e+00 -9.889700e+02 2.122100e+03 0
-3.044900e-01 2.825000e-01 -1.690100e-01 0 13 65 1.197500e+01 3.210000e+00 -6.901800e+02 1.759100e+03 0
-3.050300e-01 3.095700e-01 -1.708300e-01 0 14 65 1.145400e+01 3.210000e+00 -5.390400e+02 1.609700e+03 0
-1.184100e-01 3.914300e-01 -1.763400e-01 0 15 65 1.134600e+01 3.210000e+00 1.204200e+02 1.326900e+03 0
3.609700e-01 3.077100e-01 -1.707100e-01 0 28 65 1.311500e+01 3.210000e+00 1.238300e+03 1.746900e+03 0
6.799100e-01 6.373200e-01 -1.928900e-01 0 29 65 1.467800e+01 3.210000e+00 1.292500e+03 9.550300e+02 0
6.725500e-01 7.367100e-01 -1.995800e-01 0 30 65 1.562800e+01 3.210000e+00 1192 8.690800e+02 0
6.793700e-01 7.975500e-01 -2.036800e-01 0 31 65 1.581100e+01 3.210000e+00 1.155100e+03 8.287700e+02 0
6.766400e-01 8.316300e-01 -2.059700e-01 0 32 65 1.533400e+01 3.210000e+00 1.131300e+03 8.089600e+02 0
6.810000e-01 8.663900e-01 -2.083100e-01 0 33 65 1.399900e+01 3.210000e+00 1.115300e+03 7.907100e+02 0
6.662700e-01 9.382200e-01 -2.131400e-01 0 34 65 1.123900e+01 3.210000e+00 1068 7.573600e+02 0
7.792300e-01 8.238300e-01 -2.054400e-01 0 35 65 1.079800e+01 3.210000e+00 1.228300e+03 8.155300e+02 0
-8.594400e-01 8.530300e-01 -2.074100e-01 0 36 65 1.178900e+01 3.210000e+00 -1.177600e+02 7.687800e+02 0
-8.643500e-01 8.754400e-01 -2.089200e-01 0 37 65 1.224100e+01 3.210000e+00 -9.945800e+01 7.588200e+02 0
-8.782700e-01 8.740100e-01 -2.088200e-01 0 38 65 1.186000e+01 3.210000e+00 -1.110600e+02 7.592000e+02 0
-8.812700e-01 9.056000e-01 -2.109500e-01 0 39 65 1.065800e+01 3.210000e+00 -8.364400e+01 7.460800e+02 0
0 0 -1.500000e-01 3.204100e-02 1 66 1.566500e+01 3.210000e+00 2167 -3.612800e+03 0
-7.202900e-02 1.124800e-01 -1.575700e-01 3.204100e-02 5 66 1.421100e+01 3.210000e+00 -3.092300e+03 7.666800e+03 0
-1.585200e-01 1.857900e-01 -1.625000e-01 3.204100e-02 8 66 1.324900e+01 3.210000e+00 -1.098200e+03 2.938200e+03 0
-2.008100e-01 1.933100e-01 -1.630100e-01 3.204100e-02 9 66 1.287700e+01 3.210000e+00 -1.184400e+03 2.757700e+03 0
-2.480100e-01 1.870900e-01 -1.625900e-01 3.204100e-02 10 66 1.268300e+01 3.210000e+00 -1.503700e+03 2.847100e+03 0
-2.619200e-01 2.227300e-01 -1.649900e-01 3.204100e-02 11 66 1.203100e+01 3.210000e+00 -1056 2.286500e+03 0
-2.851200e-01 2.384100e-01 -1.660500e-01 3.204100e-02 12 66 1.168600e+01 3.210000e+00 -9.752700e+02 2.108100e+03 0
-3.044900e-01 2.839600e-01 -1.691100e-01 3.204100e-02 13 66 1.095300e+01 3.210000e+00 -6.809700e+02 1.750100e+03 0
-3.014900e-01 3.115000e-01 -1.709600e-01 3.204100e-02 14 66 1.041900e+01 3.210000e+00 -5.208700e+02 1.600800e+03 0
-1.184100e-01 4.283900e-01 -1.788300e-01 3.204100e-02 15 66 1.035700e+01 3.210000e+00 1.795800e+02 1.231500e+03 0
3.609700e-01 3.500100e-01 -1.735600e-01 3.204100e-02 28 66 1.215700e+01 3.210000e+00 1151 1.531500e+03 0
6.799100e-01 6.367600e-01 -1.928500e-01 3.204100e-02 29 66 1.371000e+01 3.210000e+00 1.293100e+03 9.556000e+02 0
6.725500e-01 7.360500e-01 -1.995400e-01 3.204100e-02 30 66 1.463700e+01 3.210000e+00 1.192500e+03 8.695500e+02 0
6.711800e-01 8.044800e-01 -2.041400e-01 3.204100e-02 31 66 1.481700e+01 3.210000e+00 1.143100e+03 8.244200e+02 0
6.766400e-01 8.333900e-01 -2.060900e-01 3.204100e-02 32 66 1.433500e+01 3.210000e+00 1.130300e+03 8.079900e+02 0
6.810000e-01 8.689000e-01 -2.084800e-01 3.204100e-02 33 66 1.300100e+01 3.210000e+00 1.113900e+03 7.894500e+02 0
6.662700e-01 9.372500e-01 -2.130800e-01 3.204100e-02 34 66 1.031300e+01 3.210000e+00 1.068400e+03 7.577700e+02 0
7.792300e-01 8.887000e-01 -2.098100e-01 3.204100e-02 35 66 9.804800e+00 3.210000e+00 1.184400e+03 7.815900e+02 0
-8.689900e-01 8.480300e-01 -2.070700e-01 3.204100e-02 36 66 1.078900e+01 3.210000e+00 -1.300600e+02 7.708900e+02 0
-8.741700e-01 8.673500e-01 -2.083700e-01 3.204100e-02 37 66 1.122600e+01 3.210000e+00 -1.145400e+02 7.621500e+02 0
-8.782700e-01 8.764200e-01 -2.089800e-01 3.204100e-02 38 66 1.088400e+01 3.210000e+00 -1.087200e+02 7.581700e+02 0
-8.709000e-01 8.941700e-01 -2.101800e-01 3.204100e-02 39 66 1.001300e+01 3.210000e+00 -8.666300e+01 7.508600e+02 0
0 0 -1.500000e-01 6.408200e-02 1 67 1.078800e+01 3.210000e+00 2167 -3.612800e+03 0
-3.465000e-02 3.878400e-03 -1.502600e-01 6.408200e-02 2 67 1.037100e+01 3.210000e+00 2.594300e+03 -3.905300e+03 0
-6.766400e-02 1.629000e-02 -1.511000e-01 6.408200e-02 3 67 9.159800e+00 3.210000e+00 3.436400e+03 -4.954500e+03 0
6.466300e-01 7.452600e-01 -2.001600e-01 6.408200e-02 31 67 9.626000e+00 3.210000e+00 1.159400e+03 8.622400e+02 0
6.428100e-01 7.449600e-01 -2.001400e-01 6.408200e-02 32 67 9.557600e+00 3.210000e+00 1.155800e+03 8.623500e+02 0
0 0 -1.500000e-01 9.612300e-02 1 68 1.026000e+01 3.210000e+00 2167 -3.612800e+03 0
-1.100100e+00 9.992300e+00 -8.224800e-01 -9.291900e-01 289 36 1.062000e+01 3.210000e+00 6.127300e+02 4.325400e+02 1
-1.103900e+00 1.002400e+01 -8.246400e-01 -9.291900e-01 290 36 1.108300e+01 3.210000e+00 6.127500e+02 4.324400e+02 1
-1.107700e+00 1.006300e+01 -8.272800e-01 -9.291900e-01 291 36 1.086900e+01 3.210000e+00 6.128300e+02 4.323300e+02 1
-1.239800e+00 9.832600e+00 -8.117400e-01 -8.971500e-01 285 37 1.016800e+01 3.210000e+00 6.023800e+02 4.329800e+02 1
-9.396500e-01 9.946400e+00 -8.194000e-01 -8.971500e-01 288 37 1.012200e+01 3.210000e+00 6.226200e+02 4.327200e+02 1
-9.429300e-01 9.946500e+00 -8.194100e-01 -8.971500e-01 289 37 1.073900e+01 3.210000e+00 6.224100e+02 4.327200e+02 1
-1.103900e+00 9.970300e+00 -8.210100e-01 -8.971500e-01 290 37 1.109700e+01 3.210000e+00 6.123100e+02 4.326000e+02 1
-1.186800e+00 1.000200e+01 -8.231700e-01 -8.971500e-01 291 37 1.085600e+01 3.210000e+00 6.073000e+02 4.324800e+02 1
-3.579600e+00 6.156400e+00 -5.643300e-01 -7.689800e-01 206 41 1.095500e+01 3.210000e+00 3.092500e+02 4.497300e+02 1
-3.709500e+00 6.140300e+00 -5.632500e-01 -7.689800e-01 207 41 1.183100e+01 3.210000e+00 2.951800e+02 4.497800e+02 1
-3.727500e+00 6.186800e+00 -5.663700e-01 -7.689800e-01 208 41 1.163900e+01 3.210000e+00 2.963500e+02 4.494200e+02 1
-3.688800e+00 6.256700e+00 -5.710800e-01 -7.689800e-01 209 41 1.075500e+01 3.210000e+00 3.045900e+02 4.489200e+02 1
-3.579600e+00 6.164800e+00 -5.648900e-01 -7.369400e-01 206 42 1.094100e+01 3.210000e+00 3.097700e+02 4.496700e+02 1
-3.709500e+00 6.149700e+00 -5.638700e-01 -7.369400e-01 207 42 1.181600e+01 3.210000e+00 2.957800e+02 4.497100e+02 1
-3.727500e+00 6.186300e+00 -5.663400e-01 -7.369400e-01 208 42 1.170400e+01 3.210000e+00 2.963200e+02 4.494200e+02 1
-3.745500e+00 6.207000e+00 -5.677300e-01 -7.369400e-01 209 42 1.092700e+01 3.210000e+00 2.958400e+02 4.492600e+02 1
-3.763500e+00 6.140400e+00 -5.632500e-01 -7.369400e-01 210 42 9.998200e+00 3.210000e+00 2.897500e+02 4.497500e+02 1
0 0 -1.500000e-01 -6.408200e-02 1 63 9.755200e+00 3.210000e+00 2167 -3.612800e+03 0
6.725500e-01 7.553600e-01 -2.008400e-01 -6.408200e-02 30 63 9.927600e+00 3.210000e+00 1.177900e+03 8.558800e+02 0
6.875500e-01 7.788600e-01 -2.024200e-01 -6.408200e-02 31 63 9.953800e+00 3.210000e+00 1.175600e+03 8.406400e+02 0
0 0 -1.500000e-01 -3.204100e-02 1 64 1.566400e+01 3.210000e+00 2167 -3.612800e+03 0
-7.093800e-02 1.129500e-01 -1.576000e-01 -3.204100e-02 5 64 1.419700e+01 3.210000e+00 -3.036300e+03 7.591500e+03 0
-1.585200e-01 1.860000e-01 -1.625200e-01 -3.204100e-02 8 64 1.333700e+01 3.210000e+00 -1.094900e+03 2.933600e+03 0
-2.008100e-01 1.930300e-01 -1.629900e-01 -3.204100e-02 9 64 1.286600e+01 3.210000e+00 -1.188600e+03 2763 0
-2.480100e-01 1.859600e-01 -1.625200e-01 -3.204100e-02 10 64 1.266600e+01 3.210000e+00 -1.524300e+03 2870 0
-2.619200e-01 2.207100e-01 -1.648500e-01 -3.204100e-02 11 64 1.195700e+01 3.210000e+00 -1.078800e+03 2311 0
-2.851200e-01 2.357300e-01 -1.658600e-01 -3.204100e-02 12 64 1.170200e+01 3.210000e+00 -1.001400e+03 2.134800e+03 0
-3.044900e-01 2.811900e-01 -1.689200e-01 -3.204100e-02 13 64 1.100700e+01 3.210000e+00 -6.985200e+02 1.767300e+03 0
-4.291700e-01 1.148700e-01 -1.577300e-01 -3.204100e-02 14 64 1.042700e+01 3.210000e+00 -6.221100e+03 5.767400e+03 0
-1.184100e-01 3.700300e-01 -1.749000e-01 -3.204100e-02 15 64 1.046100e+01 3.210000e+00 7.950100e+01 1.392800e+03 0
3.609700e-01 2.490300e-01 -1.667600e-01 -3.204100e-02 28 64 1.197700e+01 3.210000e+00 1.434300e+03 2231 0
6.799100e-01 6.378700e-01 -1.929300e-01 -3.204100e-02 29 64 1.360700e+01 3.210000e+00 1.291900e+03 9.544600e+02 0
6.725500e-01 7.369600e-01 -1.996000e-01 -3.204100e-02 30 64 1.456500e+01 3.210000e+00 1.191800e+03 8.688900e+02 0
6.793700e-01 7.975200e-01 -2.036700e-01 -3.204100e-02 31 64 1.475800e+01 3.210000e+00 1.155200e+03 8.287900e+02 0
6.766400e-01 8.303200e-01 -2.058800e-01 -3.204100e-02 32 64 1.429800e+01 3.210000e+00 1.132100e+03 8.096900e+02 0
6.810000e-01 8.642800e-01 -2.081700e-01 -3.204100e-02 33 64 1.299100e+01 3.210000e+00 1.116400e+03 7.917700e+02 0
6.752700e-01 9.313400e-01 -2.126800e-01 -3.204100e-02 34 64 1.021200e+01 3.210000e+00 1078 7.604300e+02 0
-8.534400e-01 8.111200e-01 -2.045900e-01 -3.204100e-02 35 64 1.003400e+01 3.210000e+00 -1.574200e+02 7.889100e+02 0
-8.689900e-01 8.309000e-01 -2.059200e-01 -3.204100e-02 36 64 1.086200e+01 3.210000e+00 -1.480200e+02 7.789100e+02 0
-8.741700e-01 8.526700e-01 -2.073900e-01 -3.204100e-02 37 64 1.120000e+01 3.210000e+00 -1.292300e+02 7.686800e+02 0
-8.883600e-01 8.473600e-01 -2.070300e-01 -3.204100e-02 38 64 1.072100e+01 3.210000e+00 -1.454300e+02 7.708500e+02 0
