0 0 -1.500000e-01 0 1 65 1.668800e+01 4.430000e+00 2167 -3.612800e+03 0
-7.093800e-02 1.126600e-01 -1.594500e-01 0 5 65 1.521800e+01 4.430000e+00 -3.069300e+03 7684 0
-1.585200e-01 1.859100e-01 -1.656000e-01 0 8 65 1.436800e+01 4.430000e+00 -1.098100e+03 2.954600e+03 0
-1.986300e-01 1.956000e-01 -1.664100e-01 0 9 65 1.388900e+01 4.430000e+00 -1143 2.735100e+03 0
-2.480100e-01 1.871700e-01 -1.657100e-01 0 10 65 1.368400e+01 4.430000e+00 -1.504400e+03 2.863800e+03 0
-2.592000e-01 2.266800e-01 -1.690200e-01 0 11 65 1.312400e+01 4.430000e+00 -1.004900e+03 2.257700e+03 0
-2.851200e-01 2.389600e-01 -1.700500e-01 0 12 65 1.270800e+01 4.430000e+00 -9.714800e+02 2.118400e+03 0
-3.077600e-01 2.817800e-01 -1.736400e-01 0 13 65 1.194000e+01 4.430000e+00 -7.046800e+02 1.777300e+03 0
-3.121300e-01 2.996100e-01 -1.751400e-01 0 14 65 1.148200e+01 4.430000e+00 -6.099100e+02 1.673400e+03 0
-1.222300e-01 4.052000e-01 -1.840000e-01 0 15 65 1.127300e+01 4.430000e+00 1.366600e+02 1.301600e+03 0
-3.560500e-01 3.682000e-01 -1.809000e-01 0 16 65 1.119000e+01 4.430000e+00 -4.027800e+02 1.384600e+03 0
3.609700e-01 3.200100e-01 -1.768500e-01 0 28 65 1.315200e+01 4.430000e+00 1.210300e+03 1.691400e+03 0
6.799100e-01 6.408100e-01 -2.037700e-01 0 29 65 1.467600e+01 4.430000e+00 1.289300e+03 9.639400e+02 0
6.725500e-01 7.384300e-01 -2.119600e-01 0 30 65 1.562200e+01 4.430000e+00 1.191300e+03 8.799200e+02 0
6.711800e-01 8.043900e-01 -2.175000e-01 0 31 65 1.579200e+01 4.430000e+00 1.143700e+03 8.363800e+02 0
6.766400e-01 8.313600e-01 -2.197600e-01 0 32 65 1.526000e+01 4.430000e+00 1132 8.209600e+02 0
6.810000e-01 8.683300e-01 -2.228600e-01 0 33 65 1.371400e+01 4.430000e+00 1.114700e+03 8.015000e+02 0
7.606700e-01 8.345600e-01 -2.200300e-01 0 35 65 1.098600e+01 4.430000e+00 1.204600e+03 821 0
-8.212400e-01 8.980800e-01 -2.253600e-01 0 36 65 1.170800e+01 4.430000e+00 -4.789900e+01 7.610500e+02 0
-8.348900e-01 8.873900e-01 -2.244600e-01 0 37 65 1.217900e+01 4.430000e+00 -6.724700e+01 7.652500e+02 0
-8.580800e-01 8.475700e-01 -2.211200e-01 0 38 65 1.176100e+01 4.430000e+00 -1.227000e+02 7.823200e+02 0
-8.812700e-01 6.798400e-01 -2.070500e-01 0 39 65 1.011000e+01 4.430000e+00 -3.605900e+02 8.792700e+02 0
0 0 -1.500000e-01 3.204100e-02 1 66 1.568500e+01 4.430000e+00 2167 -3.612800e+03 0
-7.093800e-02 1.129100e-01 -1.594700e-01 3.204100e-02 5 66 1.421400e+01 4.430000e+00 -3.046300e+03 7.639500e+03 0
-1.585200e-01 1.858200e-01 -1.655900e-01 3.204100e-02 8 66 1.332500e+01 4.430000e+00 -1.099500e+03 2.956600e+03 0
-1.986300e-01 1.958500e-01 -1.664300e-01 3.204100e-02 9 66 1.284200e+01 4.430000e+00 -1.139400e+03 2.730700e+03 0
-2.480100e-01 1.876700e-01 -1.657500e-01 3.204100e-02 10 66 1.265600e+01 4.430000e+00 -1.495300e+03 2.853700e+03 0
-2.592000e-01 2.272400e-01 -1.690700e-01 3.204100e-02 11 66 1.207600e+01 4.430000e+00 -9.989900e+02 2.251300e+03 0
-2.851200e-01 2.408300e-01 -1.702100e-01 3.204100e-02 12 66 1.164500e+01 4.430000e+00 -9.537400e+02 2.100200e+03 0
-3.077600e-01 2.827200e-01 -1.737200e-01 3.204100e-02 13 66 1.096000e+01 4.430000e+00 -6.986900e+02 1.771500e+03 0
-3.156700e-01 2.960900e-01 -1.748500e-01 3.204100e-02 14 66 1.050600e+01 4.430000e+00 -6.386600e+02 1.691700e+03 0
3.609700e-01 3.559200e-01 -1.798700e-01 3.204100e-02 28 66 1.217200e+01 4.430000e+00 1.141600e+03 1.521200e+03 0
6.799100e-01 6.383700e-01 -2.035700e-01 3.204100e-02 29 66 1.366700e+01 4.430000e+00 1292 9.664200e+02 0
6.725500e-01 7.374500e-01 -2.118800e-01 3.204100e-02 30 66 1.460800e+01 4.430000e+00 1192 8.806300e+02 0
6.711800e-01 8.044100e-01 -2.175000e-01 3.204100e-02 31 66 1.477900e+01 4.430000e+00 1.143700e+03 8.363700e+02 0
6.766400e-01 8.311200e-01 -2.197400e-01 3.204100e-02 32 66 1.425000e+01 4.430000e+00 1.132200e+03 8.210900e+02 0
6.810000e-01 8.670500e-01 -2.227600e-01 3.204100e-02 33 66 1.270400e+01 4.430000e+00 1.115400e+03 8.021500e+02 0
7.514000e-01 8.520600e-01 -2.215000e-01 3.204100e-02 35 66 1.027300e+01 4.430000e+00 1.184700e+03 8.113200e+02 0
-8.403400e-01 8.782300e-01 -2.236900e-01 3.204100e-02 36 66 1.067400e+01 4.430000e+00 -7.963600e+01 7.690300e+02 0
-8.545300e-01 8.563800e-01 -2.218600e-01 3.204100e-02 37 66 1.117200e+01 4.430000e+00 -1.111600e+02 7.783700e+02 0
-8.782700e-01 7.860400e-01 -2.159600e-01 3.204100e-02 38 66 1.079900e+01 4.430000e+00 -2.070800e+02 8.125700e+02 0
-1.435100e+00 9.069400e+00 -9.110300e-01 -9.612300e-01 264 35 1.033100e+01 4.430000e+00 5.810500e+02 4.456900e+02 1
-1.368600e+00 9.116400e+00 -9.149800e-01 -9.612300e-01 265 35 1.064100e+01 4.430000e+00 5.862700e+02 4.455500e+02 1
-1.373700e+00 9.102500e+00 -9.138100e-01 -9.612300e-01 266 35 1.072800e+01 4.430000e+00 5.857400e+02 4.456000e+02 1
-1.306300e+00 9.142300e+00 -9.171500e-01 -9.612300e-01 267 35 1.101600e+01 4.430000e+00 5.909000e+02 4.454800e+02 1
-1.311300e+00 9.229800e+00 -9.244900e-01 -9.612300e-01 268 35 1.128300e+01 4.430000e+00 5.915400e+02 4.451700e+02 1
-1.389300e+00 9.244300e+00 -9.257100e-01 -9.612300e-01 269 35 1.128900e+01 4.430000e+00 5.863400e+02 4.450900e+02 1
-1.614700e+00 9.214300e+00 -9.231900e-01 -9.612300e-01 270 35 1.057400e+01 4.430000e+00 5.704700e+02 4.451100e+02 1
-1.440600e+00 9.105400e+00 -9.140500e-01 -9.291900e-01 265 36 1.024900e+01 4.430000e+00 5.811200e+02 4.455600e+02 1
-1.301400e+00 9.024200e+00 1.587400e+00 -9.291900e-01 266 36 1.028300e+01 4.430000e+00 5.886000e+02 2.773600e+02 0
-1.233800e+00 9.083700e+00 1.503800e+00 -9.291900e-01 267 36 1.063700e+01 4.430000e+00 594 2.834400e+02 0
-1.238400e+00 9.234300e+00 -9.248700e-01 -9.291900e-01 268 36 1.077700e+01 4.430000e+00 5.966000e+02 4.451800e+02 1
-1.316200e+00 9.240400e+00 -9.253800e-01 -9.291900e-01 269 36 1.070400e+01 4.430000e+00 5.913200e+02 4.451300e+02 1
-4.103500e+00 4.989400e+00 -5.686700e-01 -7.689800e-01 189 41 1.068600e+01 4.430000e+00 1.555600e+02 4.702800e+02 1
-4.022200e+00 5.186400e+00 -5.852000e-01 -7.689800e-01 190 41 1.192400e+01 4.430000e+00 1.853600e+02 4.682000e+02 1
-3.991600e+00 5.291100e+00 -5.939800e-01 -7.689800e-01 191 41 1.211700e+01 4.430000e+00 1.988500e+02 4.671400e+02 1
-4.012600e+00 5.321000e+00 -5.965000e-01 -7.689800e-01 192 41 1.158200e+01 4.430000e+00 1.991900e+02 4.668300e+02 1
-4.033600e+00 5.252200e+00 -5.907200e-01 -7.689800e-01 193 41 1.061400e+01 4.430000e+00 1.903200e+02 4.675100e+02 1
-3.949600e+00 5.119500e+00 -5.795900e-01 -7.369400e-01 189 42 1.104400e+01 4.430000e+00 1.874700e+02 4.689700e+02 1
-3.970600e+00 5.217800e+00 -5.878400e-01 -7.369400e-01 190 42 1.211500e+01 4.430000e+00 1.944500e+02 4.679100e+02 1
-3.991600e+00 5.289300e+00 -5.938300e-01 -7.369400e-01 191 42 1.221300e+01 4.430000e+00 1.986900e+02 4.671600e+02 1
-4.012600e+00 5.319600e+00 -5.963800e-01 -7.369400e-01 192 42 1.144700e+01 4.430000e+00 1.990600e+02 4.668400e+02 1
-3.928900e+00 5.213100e+00 1.532200e+00 -7.369400e-01 193 42 1.023600e+01 4.430000e+00 2.036400e+02 2.245300e+02 0
-4.176900e+00 5.078000e+00 -5.761100e-01 -7.049000e-01 190 43 1.017600e+01 4.430000e+00 1.560100e+02 4.692400e+02 1
-4.250800e+00 5.083400e+00 -5.765600e-01 -7.049000e-01 191 43 1.022800e+01 4.430000e+00 1.476900e+02 4.691200e+02 1
0 0 -1.500000e-01 -1.281600e-01 1 61 9.770200e+00 4.430000e+00 2167 -3.612800e+03 0
1.637000e-03 2.500100e-02 -1.521000e-01 -1.281600e-01 2 61 9.336600e+00 4.430000e+00 2894 -5658 0
-5.354500e+00 1.170300e+00 -2.482000e-01 -1.281600e-01 158 61 1.011100e+01 4.430000e+00 -2.063200e+03 6.374800e+02 0
-5.345400e+00 1.333300e+00 -2.618800e-01 -1.281600e-01 159 61 1.097400e+01 4.430000e+00 -1.747400e+03 6.121200e+02 0
-5.335900e+00 1.501700e+00 -2.760200e-01 -1.281600e-01 160 61 1.089800e+01 4.430000e+00 -1.488100e+03 5.913000e+02 0
-5.302300e+00 1.525500e+00 -2.780100e-01 -9.612300e-02 159 62 1.069700e+01 4.430000e+00 -1.444600e+03 5.888700e+02 0
-5.292500e+00 1.664500e+00 -2.896700e-01 -9.612300e-02 160 62 1.068700e+01 4.430000e+00 -1.273400e+03 5.751000e+02 0
0 0 -1.500000e-01 -6.408200e-02 1 63 1.003700e+01 4.430000e+00 2167 -3.612800e+03 0
0 0 -1.500000e-01 -3.204100e-02 1 64 1.566900e+01 4.430000e+00 2167 -3.612800e+03 0
-7.093800e-02 1.122900e-01 -1.594200e-01 -3.204100e-02 5 64 1.419000e+01 4.430000e+00 -3.103300e+03 7.749700e+03 0
-1.585200e-01 1.859300e-01 -1.656000e-01 -3.204100e-02 8 64 1.335500e+01 4.430000e+00 -1.097700e+03 2.954100e+03 0
-1.986300e-01 1.955400e-01 -1.664100e-01 -3.204100e-02 9 64 1.289200e+01 4.430000e+00 -1.143800e+03 2.736200e+03 0
-2.480100e-01 1.868700e-01 -1.656800e-01 -3.204100e-02 10 64 1.266300e+01 4.430000e+00 -1.509800e+03 2.869900e+03 0
-2.592000e-01 2.267300e-01 -1.690300e-01 -3.204100e-02 11 64 1.215000e+01 4.430000e+00 -1.004400e+03 2.257100e+03 0
-2.851200e-01 2.402500e-01 -1.701600e-01 -3.204100e-02 12 64 1.172300e+01 4.430000e+00 -9.592500e+02 2.105900e+03 0
-3.077600e-01 2.828000e-01 -1.737300e-01 -3.204100e-02 13 64 1.092000e+01 4.430000e+00 -6.981700e+02 1771 0
-3.227700e-01 2.852500e-01 -1.739400e-01 -3.204100e-02 14 64 1.041400e+01 4.430000e+00 -7.226700e+02 1.752700e+03 0
3.683300e-01 2.469300e-01 -1.707200e-01 -3.204100e-02 28 64 1.219300e+01 4.430000e+00 1.475400e+03 2.275400e+03 0
6.799100e-01 6.453200e-01 -2.041500e-01 -3.204100e-02 29 64 1.366600e+01 4.430000e+00 1.284400e+03 9.594100e+02 0
6.725500e-01 7.398900e-01 -2.120900e-01 -3.204100e-02 30 64 1.461000e+01 4.430000e+00 1.190100e+03 8.788600e+02 0
6.793700e-01 7.974200e-01 -2.169100e-01 -3.204100e-02 31 64 1.478200e+01 4.430000e+00 1.155800e+03 8.407800e+02 0
6.766400e-01 8.305900e-01 -2.197000e-01 -3.204100e-02 32 64 1.425900e+01 4.430000e+00 1.132500e+03 8.213900e+02 0
6.810000e-01 8.680300e-01 -2.228400e-01 -3.204100e-02 33 64 1.273900e+01 4.430000e+00 1.114900e+03 8.016500e+02 0
-8.021400e-01 9.138800e-01 -2.266900e-01 -3.204100e-02 36 64 1.072400e+01 4.430000e+00 -2.089300e+01 7.550100e+02 0
-8.250600e-01 8.822300e-01 -2.240300e-01 -3.204100e-02 37 64 1.114000e+01 4.430000e+00 -6.476600e+01 7.675900e+02 0
-8.479800e-01 8.228500e-01 -2.190500e-01 -3.204100e-02 38 64 1.064100e+01 4.430000e+00 -1.407700e+02 7.942600e+02 0
