0 0 -1.500000e-01 0 1 65 1.669800e+01 2.400000e+00 2167 -3.612800e+03 0
-7.093800e-02 1.127700e-01 -1.556700e-01 0 5 65 1.518100e+01 2.400000e+00 -3.045600e+03 7.580100e+03 0
-1.604300e-01 1.843600e-01 -1.592700e-01 0 8 65 1.437600e+01 2.400000e+00 -1128 2.948700e+03 0
-1.986300e-01 1.952600e-01 -1.598200e-01 0 9 65 1.387500e+01 2.400000e+00 -1.144300e+03 2.704900e+03 0
-2.480100e-01 1.866900e-01 -1.593900e-01 0 10 65 1.366700e+01 2.400000e+00 -1.508700e+03 2.836400e+03 0
-2.619200e-01 2.220600e-01 -1.611700e-01 0 11 65 1.313800e+01 2.400000e+00 -1062 2278 0
-2.881200e-01 2.324700e-01 -1.616900e-01 0 12 65 1.271000e+01 2.400000e+00 -1.043100e+03 2.151100e+03 0
-3.077600e-01 2.795900e-01 -1.640600e-01 0 13 65 1.200200e+01 2.400000e+00 -7.166200e+02 1.761900e+03 0
-3.014900e-01 3.025700e-01 -1.652200e-01 0 14 65 1.151200e+01 2.400000e+00 -5.654000e+02 1.631300e+03 0
-1.222300e-01 3.284900e-01 -1.665200e-01 0 15 65 1.119100e+01 2.400000e+00 -2.783900e+01 1537 0
3.609700e-01 2.811400e-01 -1.641400e-01 0 28 65 1.312700e+01 2.400000e+00 1.311600e+03 1.913500e+03 0
6.799100e-01 6.353900e-01 -1.819600e-01 0 29 65 1.463300e+01 2.400000e+00 1294 9.442600e+02 0
6.725500e-01 7.346500e-01 -1.869500e-01 0 30 65 1.557100e+01 2.400000e+00 1193 8.582100e+02 0
6.793700e-01 7.975700e-01 -1.901100e-01 0 31 65 1.568900e+01 2.400000e+00 1.154600e+03 8.165600e+02 0
6.766400e-01 8.330700e-01 -1.919000e-01 0 32 65 1.507000e+01 2.400000e+00 1130 7.960600e+02 0
6.722700e-01 8.805400e-01 -1.942900e-01 0 33 65 1.331700e+01 2.400000e+00 1.099900e+03 7.715500e+02 0
8.013300e-01 6.929300e-01 -1.848500e-01 0 34 65 1.110700e+01 2.400000e+00 1.370100e+03 8.947400e+02 0
7.328400e-01 8.850200e-01 -1.945100e-01 0 35 65 1.142900e+01 2.400000e+00 1.147600e+03 7.704800e+02 0
-7.830500e-01 9.206400e-01 -1.963000e-01 0 36 65 1.163300e+01 2.400000e+00 -1.225500e+00 7.304400e+02 0
-8.054200e-01 9.248000e-01 -1.965100e-01 0 37 65 1.191300e+01 2.400000e+00 -1.353900e+01 7.285100e+02 0
-8.177000e-01 9.441400e-01 -1.974900e-01 0 38 65 1.153700e+01 2.400000e+00 -6.667400e+00 7.210900e+02 0
-8.398000e-01 9.939400e-01 -1.999900e-01 0 39 65 1.021300e+01 2.400000e+00 1.585300e+01 7.035400e+02 0
0 0 -1.500000e-01 3.204100e-02 1 66 1.568700e+01 2.400000e+00 2167 -3.612800e+03 0
-7.093800e-02 1.132200e-01 -1.556900e-01 3.204100e-02 5 66 1.416300e+01 2.400000e+00 -3.004700e+03 7.501500e+03 0
-1.604300e-01 1.843200e-01 -1.592700e-01 3.204100e-02 8 66 1.342300e+01 2.400000e+00 -1.128500e+03 2.949300e+03 0
-2.008100e-01 1.930100e-01 -1.597100e-01 3.204100e-02 9 66 1.290100e+01 2.400000e+00 -1.187100e+03 2.744700e+03 0
-2.480100e-01 1.876600e-01 -1.594400e-01 3.204100e-02 10 66 1.272300e+01 2.400000e+00 -1.491100e+03 2.816900e+03 0
-2.619200e-01 2.227100e-01 -1.612000e-01 3.204100e-02 11 66 1.220500e+01 2.400000e+00 -1.054700e+03 2.270200e+03 0
-2.881200e-01 2.318200e-01 -1.616600e-01 3.204100e-02 12 66 1.177600e+01 2.400000e+00 -1.049800e+03 2.157900e+03 0
-3.077600e-01 2.767200e-01 -1.639200e-01 3.204100e-02 13 66 1.111800e+01 2.400000e+00 -7.356500e+02 1.780400e+03 0
-2.979400e-01 2.896700e-01 -1.645700e-01 3.204100e-02 14 66 1.055200e+01 2.400000e+00 -6.280200e+02 1.702800e+03 0
3.536000e-01 3.296000e-01 -1.665800e-01 3.204100e-02 28 66 1.212600e+01 2.400000e+00 1.168900e+03 1.609600e+03 0
6.799100e-01 6.305000e-01 -1.817100e-01 3.204100e-02 29 66 1.361400e+01 2.400000e+00 1.299400e+03 9.493100e+02 0
6.725500e-01 7.326100e-01 -1.868500e-01 3.204100e-02 30 66 1.456500e+01 2.400000e+00 1.194600e+03 8.597000e+02 0
6.793700e-01 7.975600e-01 -1.901100e-01 3.204100e-02 31 66 1.469900e+01 2.400000e+00 1.154600e+03 8.165700e+02 0
6.766400e-01 8.328900e-01 -1.918900e-01 3.204100e-02 32 66 1.411400e+01 2.400000e+00 1.130100e+03 7.961600e+02 0
6.722700e-01 8.786200e-01 -1.941900e-01 3.204100e-02 33 66 1.244500e+01 2.400000e+00 1.100900e+03 7.724700e+02 0
-9.994100e-01 9.559400e-02 -1.548100e-01 3.204100e-02 34 66 1.017600e+01 2.400000e+00 -12811 5.739400e+03 0
7.421200e-01 8.435400e-01 -1.924300e-01 3.204100e-02 35 66 1.056200e+01 2.400000e+00 1181 7.917100e+02 0
-7.830500e-01 9.157500e-01 -1.960600e-01 3.204100e-02 36 66 1.054500e+01 2.400000e+00 -5.137100e+00 7.323400e+02 0
-7.857700e-01 9.426700e-01 -1.974100e-01 3.204100e-02 37 66 1.091300e+01 2.400000e+00 1.401400e+01 7.220800e+02 0
-7.874100e-01 9.655600e-01 -1.985600e-01 3.204100e-02 38 66 1.057000e+01 2.400000e+00 2.987800e+01 7.138400e+02 0
6.646300e-01 7.545100e-01 -1.879500e-01 6.408200e-02 30 67 9.975800e+00 2.400000e+00 1.170100e+03 8.439500e+02 0
6.548100e-01 8.178000e-01 -1.911300e-01 6.408200e-02 31 67 1.002200e+01 2.400000e+00 1.119500e+03 8.041400e+02 0
3.742000e+00 6.343300e+00 -4.690400e-01 -5.126600e-01 212 49 1.017100e+01 2.400000e+00 1.063300e+03 4.416200e+02 1
3.759700e+00 6.369900e+00 -4.703800e-01 -5.126600e-01 213 49 1.105000e+01 2.400000e+00 1.063500e+03 4.414100e+02 1
3.893700e+00 6.336000e+00 -4.686700e-01 -5.126600e-01 214 49 1.090300e+01 2.400000e+00 1.079700e+03 4.417500e+02 1
3.799500e+00 6.311800e+00 -4.674500e-01 -4.806200e-01 212 50 1.112000e+01 2.400000e+00 1.071300e+03 4.419000e+02 1
3.817600e+00 6.328200e+00 -4.682800e-01 -4.806200e-01 213 50 1.203900e+01 2.400000e+00 1.072200e+03 4.417800e+02 1
3.893700e+00 6.299800e+00 -4.668500e-01 -4.806200e-01 214 50 1.185700e+01 2.400000e+00 1082 4.420500e+02 1
3.970300e+00 6.239700e+00 -4.638300e-01 -4.806200e-01 215 50 1.055200e+01 2.400000e+00 1.094100e+03 4.425800e+02 0
3.857100e+00 6.278300e+00 -4.657700e-01 -4.485700e-01 212 51 1.029300e+01 2.400000e+00 1.079500e+03 4.422000e+02 1
3.817600e+00 6.326100e+00 -4.681700e-01 -4.485700e-01 213 51 1.108200e+01 2.400000e+00 1.072300e+03 4.417900e+02 1
3.893700e+00 6.233700e+00 -4.635200e-01 -4.485700e-01 214 51 1.083500e+01 2.400000e+00 1.086300e+03 4.425900e+02 1
0 0 -1.500000e-01 -6.408200e-02 1 63 1.017900e+01 2.400000e+00 2167 -3.612800e+03 0
-1.500600e-01 7.762200e-02 -1.539000e-01 -6.408200e-02 6 63 9.658900e+00 2.400000e+00 -22800 34421 0
-1.800700e-01 8.856100e-02 -1.544500e-01 -6.408200e-02 7 63 9.678800e+00 2.400000e+00 -10130 14728 0
6.725500e-01 6.038200e-01 -1.803700e-01 -6.408200e-02 30 63 9.732000e+00 2.400000e+00 1.321800e+03 9.783000e+02 0
6.630000e-01 8.094400e-01 -1.907100e-01 -6.408200e-02 31 63 9.508700e+00 2.400000e+00 1132 8.091400e+02 0
0 0 -1.500000e-01 -3.204100e-02 1 64 1.568700e+01 2.400000e+00 2167 -3.612800e+03 0
-7.093800e-02 1.119600e-01 -1.556300e-01 -3.204100e-02 5 64 1.415500e+01 2.400000e+00 -3.120300e+03 7.723900e+03 0
-1.604300e-01 1.844300e-01 -1.592800e-01 -3.204100e-02 8 64 1.333400e+01 2.400000e+00 -1.126900e+03 2.947100e+03 0
-1.986300e-01 1.948900e-01 -1.598000e-01 -3.204100e-02 9 64 1.282700e+01 2.400000e+00 -1.149600e+03 2.711500e+03 0
-2.480100e-01 1.857000e-01 -1.593400e-01 -3.204100e-02 10 64 1.258900e+01 2.400000e+00 -1.526800e+03 2.856400e+03 0
-2.619200e-01 2.212600e-01 -1.611300e-01 -3.204100e-02 11 64 1.211000e+01 2.400000e+00 -1071 2.287700e+03 0
-2.881200e-01 2.329300e-01 -1.617200e-01 -3.204100e-02 12 64 1.166500e+01 2.400000e+00 -1.038400e+03 2.146300e+03 0
-3.110400e-01 2.775600e-01 -1.639600e-01 -3.204100e-02 13 64 1.091100e+01 2.400000e+00 -7.389900e+02 1.774100e+03 0
3.609700e-01 2.612000e-01 -1.631400e-01 -3.204100e-02 28 64 1.206900e+01 2.400000e+00 1.381900e+03 2.086600e+03 0
6.799100e-01 6.353900e-01 -1.819600e-01 -3.204100e-02 29 64 1.359100e+01 2.400000e+00 1294 9.442600e+02 0
6.804600e-01 7.279900e-01 -1.866100e-01 -3.204100e-02 30 64 1.453100e+01 2.400000e+00 1.206500e+03 8.633300e+02 0
6.793700e-01 7.975700e-01 -1.901100e-01 -3.204100e-02 31 64 1.463000e+01 2.400000e+00 1.154600e+03 8.165600e+02 0
6.851000e-01 8.261800e-01 -1.915500e-01 -3.204100e-02 32 64 1.397000e+01 2.400000e+00 1.141600e+03 8.000500e+02 0
6.722700e-01 8.793700e-01 -1.942300e-01 -3.204100e-02 33 64 1.213500e+01 2.400000e+00 1.100500e+03 7.721100e+02 0
7.563100e-01 7.960200e-01 -1.900400e-01 -3.204100e-02 34 64 1.039700e+01 2.400000e+00 1.227500e+03 8.192400e+02 0
7.235700e-01 9.058800e-01 -1.955600e-01 -3.204100e-02 35 64 1.072900e+01 2.400000e+00 1.128400e+03 7.605500e+02 0
7.257500e-01 9.681100e-01 -1.986900e-01 -3.204100e-02 36 64 1.078400e+01 2.400000e+00 1099 7.342600e+02 0
-8.054200e-01 9.209400e-01 -1.963200e-01 -3.204100e-02 37 64 1.091800e+01 2.400000e+00 -1.666200e+01 7.299900e+02 0
-8.378900e-01 9.134500e-01 -1.959400e-01 -3.204100e-02 38 64 1.050200e+01 2.400000e+00 -4.570000e+01 7.324300e+02 0
