0 0 -1.500000e-01 0 1 65 1.668000e+01 3.840000e+00 2167 -3.612800e+03 0
-7.093800e-02 1.128900e-01 -1.590900e-01 0 5 65 1.521600e+01 3.840000e+00 -3.046800e+03 7.634700e+03 0
-1.585200e-01 1.859600e-01 -1.649800e-01 0 8 65 1.438500e+01 3.840000e+00 -1097 2.949700e+03 0
-2.008100e-01 1.930000e-01 -1.655500e-01 0 9 65 1.391000e+01 3.840000e+00 -1.190600e+03 2.778100e+03 0
-2.480100e-01 1.868500e-01 -1.650500e-01 0 10 65 1.370400e+01 3.840000e+00 -1.509700e+03 2.866500e+03 0
-2.619200e-01 2.223300e-01 -1.679100e-01 0 11 65 1.309500e+01 3.840000e+00 -1.061700e+03 2.304300e+03 0
-2.881200e-01 2.336700e-01 -1.688200e-01 0 12 65 1.270500e+01 3.840000e+00 -1.033400e+03 2.167300e+03 0
-3.077600e-01 2.801000e-01 -1.725600e-01 0 13 65 1.192300e+01 3.840000e+00 -7.152700e+02 1.784900e+03 0
-3.085800e-01 3.061200e-01 -1.746600e-01 0 14 65 1.148900e+01 3.840000e+00 -5.660100e+02 1.637300e+03 0
-1.222300e-01 3.728100e-01 -1.800300e-01 0 15 65 1.113600e+01 3.840000e+00 7.711000e+01 1.393900e+03 0
3.536000e-01 3.271100e-01 -1.763500e-01 0 28 65 1.313700e+01 3.840000e+00 1175 1.649400e+03 0
6.799100e-01 6.403400e-01 -2.015800e-01 0 29 65 1.468000e+01 3.840000e+00 1.289700e+03 9.618900e+02 0
6.725500e-01 7.375700e-01 -2.094100e-01 0 30 65 1.562700e+01 3.840000e+00 1.191800e+03 8.780900e+02 0
6.793700e-01 7.975000e-01 -2.142300e-01 0 31 65 1.580400e+01 3.840000e+00 1.155600e+03 8.383100e+02 0
6.766400e-01 8.304900e-01 -2.168900e-01 0 32 65 1.529500e+01 3.840000e+00 1.132400e+03 8.190400e+02 0
6.810000e-01 8.680000e-01 -2.199100e-01 0 33 65 1.383200e+01 3.840000e+00 1.114800e+03 7.992800e+02 0
6.572700e-01 9.466000e-01 -2.262400e-01 0 34 65 1.130400e+01 3.840000e+00 1.057800e+03 7.629800e+02 0
7.606700e-01 8.349200e-01 -2.172500e-01 0 35 65 1.079900e+01 3.840000e+00 1.204200e+03 8.183900e+02 0
-8.307900e-01 8.937200e-01 -2.219900e-01 0 36 65 1.174900e+01 3.840000e+00 -5.852400e+01 7.604500e+02 0
-8.447100e-01 8.949200e-01 -2.220800e-01 0 37 65 1.212000e+01 3.840000e+00 -6.748000e+01 7.597300e+02 0
-8.782700e-01 8.652000e-01 -2.196900e-01 0 38 65 1.165000e+01 3.840000e+00 -1.200500e+02 7.718000e+02 0
-9.434700e-01 7.507300e-01 -2.104700e-01 0 39 65 1.037800e+01 3.840000e+00 -3.077100e+02 8.288000e+02 0
0 0 -1.500000e-01 3.204100e-02 1 66 1.566400e+01 3.840000e+00 2167 -3.612800e+03 0
-7.202900e-02 1.125200e-01 -1.590600e-01 3.204100e-02 5 66 1.421200e+01 3.840000e+00 -3.094600e+03 7.694200e+03 0
-1.604300e-01 1.841300e-01 -1.648300e-01 3.204100e-02 8 66 1.335700e+01 3.840000e+00 -1.134900e+03 2.988500e+03 0
-2.008100e-01 1.934900e-01 -1.655900e-01 3.204100e-02 9 66 1.290500e+01 3.840000e+00 -1.183200e+03 2.768800e+03 0
-2.504700e-01 1.834200e-01 -1.647700e-01 3.204100e-02 10 66 1.268200e+01 3.840000e+00 -1.585500e+03 2.936200e+03 0
-2.673800e-01 2.139400e-01 -1.672300e-01 3.204100e-02 11 66 1.214500e+01 3.840000e+00 -1.181900e+03 2.408700e+03 0
-2.911200e-01 2.273300e-01 -1.683100e-01 3.204100e-02 12 66 1.166800e+01 3.840000e+00 -1.111300e+03 2.234600e+03 0
-3.044900e-01 2.813400e-01 -1.726600e-01 3.204100e-02 13 66 1.089100e+01 3.840000e+00 -6.983700e+02 1.777800e+03 0
3.536000e-01 3.381600e-01 -1.772400e-01 3.204100e-02 28 66 1.213700e+01 3.840000e+00 1154 1.595100e+03 0
6.722700e-01 6.422200e-01 -2.017300e-01 3.204100e-02 29 66 1.366100e+01 3.840000e+00 1.278500e+03 9.597000e+02 0
6.725500e-01 7.350800e-01 -2.092100e-01 3.204100e-02 30 66 1.460000e+01 3.840000e+00 1.193800e+03 8.799100e+02 0
6.711800e-01 8.044700e-01 -2.148000e-01 3.204100e-02 31 66 1.476900e+01 3.840000e+00 1.143500e+03 8.339100e+02 0
6.766400e-01 8.317800e-01 -2.170000e-01 3.204100e-02 32 66 1.425300e+01 3.840000e+00 1.131700e+03 8.183200e+02 0
6.810000e-01 8.689500e-01 -2.199900e-01 3.204100e-02 33 66 1.280600e+01 3.840000e+00 1.114300e+03 7.988000e+02 0
9.904000e-02 5.693900e-01 -1.958600e-01 3.204100e-02 34 66 1.017400e+01 3.840000e+00 6.005700e+02 1017 0
7.514000e-01 8.286800e-01 -2.167500e-01 3.204100e-02 35 66 1.001800e+01 3.840000e+00 1.200300e+03 8.216700e+02 0
-8.498900e-01 8.781900e-01 -2.207300e-01 3.204100e-02 36 66 1.073000e+01 3.840000e+00 -8.658900e+01 7.666600e+02 0
-8.643500e-01 8.903300e-01 -2.217100e-01 3.204100e-02 37 66 1.107100e+01 3.840000e+00 -8.581400e+01 7.613100e+02 0
-8.883600e-01 8.792600e-01 -2.208200e-01 3.204100e-02 38 66 1.058300e+01 3.840000e+00 -1.137100e+02 7.655500e+02 0
0 0 -1.500000e-01 6.408200e-02 1 67 1.011600e+01 3.840000e+00 2167 -3.612800e+03 0
7.121100e-01 7.431000e-01 -2.098500e-01 6.408200e-02 31 67 9.697800e+00 3.840000e+00 1.227600e+03 8.751800e+02 0
-1.374600e+00 7.773800e+00 -7.761400e-01 -9.932700e-01 230 34 9.851400e+00 3.840000e+00 5.670700e+02 4.491000e+02 1
-1.506100e+00 7.819700e+00 -7.798400e-01 -9.932700e-01 231 34 1.006600e+01 3.840000e+00 5.571500e+02 4.488100e+02 1
-1.411900e+00 7.715200e+00 -7.714300e-01 -9.612300e-01 226 35 1.060600e+01 3.840000e+00 5.630300e+02 4.493700e+02 1
-1.418200e+00 7.753400e+00 -7.745000e-01 -9.612300e-01 227 35 1.058900e+01 3.840000e+00 5.631600e+02 4.491800e+02 1
-1.437000e+00 7.845400e+00 -7.819100e-01 -9.612300e-01 230 35 1.088700e+01 3.840000e+00 5.631800e+02 4.487200e+02 1
-1.568800e+00 7.861900e+00 -7.832400e-01 -9.612300e-01 231 35 1.146200e+01 3.840000e+00 5.528300e+02 4.485800e+02 1
-1.638700e+00 7.898700e+00 -7.862100e-01 -9.612300e-01 232 35 1.127400e+01 3.840000e+00 5.478900e+02 4.483800e+02 1
-1.709100e+00 7.907700e+00 -7.869200e-01 -9.612300e-01 233 35 1.068200e+01 3.840000e+00 5.424200e+02 4.483100e+02 1
-1.534700e+00 7.685500e+00 -7.690300e-01 -9.291900e-01 226 36 1.025600e+01 3.840000e+00 5.523900e+02 4.494600e+02 1
-1.541500e+00 7.692600e+00 -7.696000e-01 -9.291900e-01 227 36 1.026600e+01 3.840000e+00 5.519600e+02 4.494300e+02 1
-1.562000e+00 7.839400e+00 -7.814300e-01 -9.291900e-01 230 36 1.021500e+01 3.840000e+00 5.529700e+02 4.487000e+02 1
-1.568800e+00 7.877300e+00 -7.844800e-01 -9.291900e-01 231 36 1.099900e+01 3.840000e+00 5.531100e+02 4.485100e+02 1
-1.575600e+00 7.901300e+00 -7.864100e-01 -9.291900e-01 232 36 1.088000e+01 3.840000e+00 5.529900e+02 4.483900e+02 1
-1.582500e+00 7.884500e+00 -7.850600e-01 -9.291900e-01 233 36 1.030700e+01 3.840000e+00 5.521400e+02 4.484700e+02 1
-3.997400e+00 3.900500e+00 -4.641700e-01 -7.049000e-01 162 43 1.040100e+01 3.840000e+00 2.411900e+01 4.840800e+02 1
-4.110600e+00 3.882700e+00 -4.627300e-01 -7.049000e-01 163 43 1.098800e+01 3.840000e+00 3.475100e+00 4.842800e+02 1
-4.180400e+00 3.859200e+00 -4.608400e-01 -7.049000e-01 164 43 1.095300e+01 3.840000e+00 -1.157000e+01 4.846300e+02 0
-4.250800e+00 3.801600e+00 -4.562000e-01 -7.049000e-01 165 43 1.078000e+01 3.840000e+00 -3.322500e+01 4.856500e+02 0
-3.953400e+00 3.996500e+00 -4.719000e-01 -6.728600e-01 162 44 1.127600e+01 3.840000e+00 4.663900e+01 4.824000e+02 1
-4.066400e+00 3.931900e+00 -4.667000e-01 -6.728600e-01 163 44 1.182400e+01 3.840000e+00 1.878400e+01 4.834200e+02 1
-4.136000e+00 3.906000e+00 -4.646100e-01 -6.728600e-01 164 44 1.180700e+01 3.840000e+00 3.620400e+00 4.838200e+02 1
-4.161300e+00 3.928400e+00 -4.664100e-01 -6.728600e-01 165 44 1.166200e+01 3.840000e+00 3.586900e+00 4.833800e+02 1
-4.186700e+00 3.958000e+00 -4.688000e-01 -6.728600e-01 166 44 1.073900e+01 3.840000e+00 4.806000e+00 4.828200e+02 1
-3.909500e+00 4.000300e+00 -4.722000e-01 -6.408200e-01 162 45 1.026900e+01 3.840000e+00 5.389400e+01 4.823800e+02 1
-4.066400e+00 3.932700e+00 -4.667600e-01 -6.408200e-01 163 45 1.071100e+01 3.840000e+00 1.891800e+01 4.834100e+02 1
-4.136000e+00 3.909900e+00 -4.649200e-01 -6.408200e-01 164 45 1.063900e+01 3.840000e+00 4.288600e+00 4.837500e+02 1
-4.116600e+00 3.976000e+00 -4.702500e-01 -6.408200e-01 165 45 1.043100e+01 3.840000e+00 1.852500e+01 4.825800e+02 1
0 0 -1.500000e-01 -3.204100e-02 1 64 1.565500e+01 3.840000e+00 2167 -3.612800e+03 0
-7.093800e-02 1.125500e-01 -1.590700e-01 -3.204100e-02 5 64 1.419200e+01 3.840000e+00 -3.078200e+03 7.695400e+03 0
-1.585200e-01 1.860300e-01 -1.649800e-01 -3.204100e-02 8 64 1.338800e+01 3.840000e+00 -1.095900e+03 2.948100e+03 0
-2.008100e-01 1.927200e-01 -1.655200e-01 -3.204100e-02 9 64 1.287800e+01 3.840000e+00 -1.194800e+03 2.783400e+03 0
-2.480100e-01 1.858100e-01 -1.649700e-01 -3.204100e-02 10 64 1.266200e+01 3.840000e+00 -1.528700e+03 2.887700e+03 0
-2.619200e-01 2.206200e-01 -1.677700e-01 -3.204100e-02 11 64 1.208100e+01 3.840000e+00 -1081 2.325200e+03 0
-2.851200e-01 2.360600e-01 -1.690100e-01 -3.204100e-02 12 64 1.167700e+01 3.840000e+00 -9.992600e+02 2.143900e+03 0
-3.044900e-01 2.830600e-01 -1.728000e-01 -3.204100e-02 13 64 1.083100e+01 3.840000e+00 -6.874500e+02 1.767100e+03 0
-3.121300e-01 3.013200e-01 -1.742700e-01 -3.204100e-02 14 64 1.047300e+01 3.840000e+00 -6.003400e+02 1.661400e+03 0
3.536000e-01 3.299800e-01 -1.765800e-01 -3.204100e-02 28 64 1.207300e+01 3.840000e+00 1.169400e+03 1.634800e+03 0
6.799100e-01 6.450300e-01 -2.019500e-01 -3.204100e-02 29 64 1.365500e+01 3.840000e+00 1.284600e+03 9.571800e+02 0
6.725500e-01 7.397500e-01 -2.095800e-01 -3.204100e-02 30 64 1.460700e+01 3.840000e+00 1.190100e+03 8.765100e+02 0
6.793700e-01 7.973700e-01 -2.142200e-01 -3.204100e-02 31 64 1.479200e+01 3.840000e+00 1.155700e+03 8.383900e+02 0
6.851000e-01 8.233000e-01 -2.163100e-01 -3.204100e-02 32 64 1.428400e+01 3.840000e+00 1.144400e+03 8.232600e+02 0
6.897400e-01 8.625700e-01 -2.194800e-01 -3.204100e-02 33 64 1.280200e+01 3.840000e+00 1.125200e+03 8.022100e+02 0
6.302600e-02 5.586200e-01 -1.949900e-01 -3.204100e-02 34 64 1.036100e+01 3.840000e+00 5.512000e+02 1.028800e+03 0
7.792300e-01 8.312100e-01 -2.169500e-01 -3.204100e-02 35 64 1.014200e+01 3.840000e+00 1.223400e+03 8.208600e+02 0
-7.926000e-01 9.280300e-01 -2.247500e-01 -3.204100e-02 36 64 1.082800e+01 3.840000e+00 -2.684100e+00 7.474400e+02 0
-8.250600e-01 9.153400e-01 -2.237300e-01 -3.204100e-02 37 64 1.117700e+01 3.840000e+00 -3.576900e+01 7.518500e+02 0
-8.782700e-01 8.669300e-01 -2.198300e-01 -3.204100e-02 38 64 1.068600e+01 3.840000e+00 -1.183300e+02 7.710400e+02 0
