0 0 -1.500000e-01 0 1 65 1.673600e+01 -6.400000e-01 2167 -3.612800e+03 0
-7.093800e-02 1.129900e-01 -1.484900e-01 0 5 65 1.517900e+01 -6.400000e-01 -2.999600e+03 7.383200e+03 0
-1.585200e-01 1.858700e-01 -1.475100e-01 0 8 65 1.434000e+01 -6.400000e-01 -1.088300e+03 2.844700e+03 0
-2.008100e-01 1.934300e-01 -1.474100e-01 0 9 65 1.386800e+01 -6.400000e-01 -1.174100e+03 2.667900e+03 0
-2.480100e-01 1.872100e-01 -1.474900e-01 0 10 65 1.367700e+01 -6.400000e-01 -1491 2756 0
-2.619200e-01 2.220400e-01 -1.470200e-01 0 11 65 1.309800e+01 -6.400000e-01 -1.056300e+03 2.216100e+03 0
-2.851200e-01 2.352900e-01 -1.468500e-01 0 12 65 1.266500e+01 -6.400000e-01 -9.987500e+02 2.063300e+03 0
-3.012100e-01 2.839400e-01 -1.461900e-01 0 13 65 1.192400e+01 -6.400000e-01 -6.672500e+02 1.681500e+03 0
-4.291700e-01 9.871500e-02 -1.486800e-01 0 14 65 1.137700e+01 -6.400000e-01 -8.996100e+03 7.795100e+03 0
-1.184100e-01 3.756600e-01 -1.449600e-01 0 15 65 1.102300e+01 -6.400000e-01 9.246500e+01 1.309900e+03 0
3.609700e-01 3.188900e-01 -1.457300e-01 0 28 65 1.312500e+01 -6.400000e-01 1.208700e+03 1609 0
6.722700e-01 6.358700e-01 -1.414800e-01 0 29 65 1.461300e+01 -6.400000e-01 1.281600e+03 8.959400e+02 0
6.725500e-01 7.301800e-01 -1.402100e-01 0 30 65 1.556900e+01 -6.400000e-01 1.194300e+03 8.152700e+02 0
6.711800e-01 8.043100e-01 -1.392200e-01 0 31 65 1.571900e+01 -6.400000e-01 1.140600e+03 7.669200e+02 0
6.766400e-01 8.340700e-01 -1.388200e-01 0 32 65 1.520800e+01 -6.400000e-01 1.127400e+03 7.503500e+02 0
6.810000e-01 8.688800e-01 -1.383500e-01 0 33 65 1.375200e+01 -6.400000e-01 1.111500e+03 7.325500e+02 0
7.328400e-01 9.117100e-01 -1.377800e-01 0 35 65 1.118700e+01 -6.400000e-01 1.130700e+03 7.134100e+02 0
-8.307900e-01 8.732600e-01 -1.382900e-01 0 36 65 1.178000e+01 -6.400000e-01 -7.480200e+01 7.070200e+02 0
-8.447100e-01 8.939300e-01 -1.380200e-01 0 37 65 1.223200e+01 -6.400000e-01 -6.607000e+01 6.982100e+02 0
-8.681700e-01 9.010800e-01 -1.379200e-01 0 38 65 1.186200e+01 -6.400000e-01 -7.640900e+01 6.950100e+02 0
-8.916400e-01 9.297600e-01 -1.375400e-01 0 39 65 1.057400e+01 -6.400000e-01 -6.759800e+01 6.836500e+02 0
7.333900e-01 8.389000e-01 -1.387500e-01 0 43 65 1.020200e+01 -6.400000e-01 1.174200e+03 7.487900e+02 0
8.329800e-01 1.025700e+00 -1.362500e-01 0 44 65 1.047500e+01 -6.400000e-01 1.147100e+03 6.703700e+02 0
9.123700e-01 1.174200e+00 -1.342600e-01 0 45 65 1.013600e+01 -6.400000e-01 1.132200e+03 6.271900e+02 0
0 0 -1.500000e-01 3.204100e-02 1 66 1.570900e+01 -6.400000e-01 2167 -3.612800e+03 0
-7.202900e-02 1.124300e-01 -1.484900e-01 3.204100e-02 5 66 1.415900e+01 -6.400000e-01 -3.063800e+03 7.473400e+03 0
-1.604300e-01 1.840300e-01 -1.475300e-01 3.204100e-02 8 66 1.332400e+01 -6.400000e-01 -1.126200e+03 2883 0
-2.008100e-01 1.936300e-01 -1.474000e-01 3.204100e-02 9 66 1.281300e+01 -6.400000e-01 -1.171100e+03 2.664200e+03 0
-2.480100e-01 1.875700e-01 -1.474900e-01 3.204100e-02 10 66 1.264800e+01 -6.400000e-01 -1.484700e+03 2749 0
-2.619200e-01 2.220300e-01 -1.470200e-01 3.204100e-02 11 66 1.198100e+01 -6.400000e-01 -1.056400e+03 2.216100e+03 0
-2.851200e-01 2.336900e-01 -1.468700e-01 3.204100e-02 12 66 1.163400e+01 -6.400000e-01 -1.014700e+03 2.079400e+03 0
-2.946700e-01 2.880600e-01 -1.461400e-01 3.204100e-02 13 66 1.097300e+01 -6.400000e-01 -6.250700e+02 1.658400e+03 0
-1.145900e-01 4.424300e-01 -1.440700e-01 3.204100e-02 15 66 1.034000e+01 -6.400000e-01 2.064400e+02 1.138900e+03 0
3.609700e-01 3.528900e-01 -1.452700e-01 3.204100e-02 28 66 1.212500e+01 -6.400000e-01 1.143100e+03 1.449200e+03 0
6.799100e-01 6.230700e-01 -1.416500e-01 3.204100e-02 29 66 1.361400e+01 -6.400000e-01 1.305300e+03 9.093900e+02 0
6.725500e-01 7.289700e-01 -1.402300e-01 3.204100e-02 30 66 1.456200e+01 -6.400000e-01 1.195300e+03 8.161600e+02 0
6.711800e-01 8.041400e-01 -1.392200e-01 3.204100e-02 31 66 1.473400e+01 -6.400000e-01 1.140700e+03 7.670200e+02 0
6.766400e-01 8.367200e-01 -1.387800e-01 3.204100e-02 32 66 1.423100e+01 -6.400000e-01 1.125800e+03 7.489300e+02 0
6.722700e-01 8.796800e-01 -1.382100e-01 3.204100e-02 33 66 1.282000e+01 -6.400000e-01 1.098500e+03 7.271800e+02 0
-8.594400e-01 8.429900e-01 -1.387000e-01 3.204100e-02 36 66 1.065000e+01 -6.400000e-01 -1.257800e+02 7.199900e+02 0
-8.643500e-01 8.641400e-01 -1.384200e-01 3.204100e-02 37 66 1.109300e+01 -6.400000e-01 -1.082700e+02 7.104600e+02 0
-8.681700e-01 8.730700e-01 -1.383000e-01 3.204100e-02 38 66 1.068200e+01 -6.400000e-01 -1.024400e+02 7.065600e+02 0
0 0 -1.500000e-01 6.408200e-02 1 67 1.015100e+01 -6.400000e-01 2167 -3.612800e+03 0
-8.185100e-04 3.483000e-02 -1.495300e-01 6.408200e-02 2 67 9.940200e+00 -6.400000e-01 3.501300e+03 -7.167800e+03 0
6.548100e-01 5.952900e-01 -1.420200e-01 6.408200e-02 31 67 9.931400e+00 -6.400000e-01 1.306500e+03 9.393400e+02 0
7.104700e-01 7.062000e-01 -1.405300e-01 6.408200e-02 32 67 9.683000e+00 -6.400000e-01 1.254600e+03 8.344300e+02 0
8.163300e-01 8.610600e-01 -1.384600e-01 -1.570000e+00 35 16 9.844500e+00 -6.400000e-01 1.231100e+03 7.387300e+02 0
8.348900e-01 8.413200e-01 -1.387200e-01 -1.538000e+00 35 17 9.753500e+00 -6.400000e-01 1.261800e+03 7.493400e+02 0
1.248200e+00 1.054900e+01 -8.597500e-03 -6.408200e-01 306 45 1.021600e+01 -6.400000e-01 7.586800e+02 3.816900e+02 1
1.252300e+00 1.060900e+01 -7.787600e-03 -6.408200e-01 307 45 1.013100e+01 -6.400000e-01 7.585500e+02 3.815300e+02 1
1.327100e+00 1.036300e+01 1.889700e+00 -6.087800e-01 305 46 1.092800e+01 -6.400000e-01 7.625400e+02 2.699900e+02 0
1.165000e+00 1.049700e+01 -9.297400e-03 -6.087800e-01 306 46 1.148900e+01 -6.400000e-01 7.539100e+02 3.818200e+02 1
1.001900e+00 1.061000e+01 -7.774100e-03 -6.087800e-01 307 46 1.136600e+01 -6.400000e-01 7.433700e+02 3.815000e+02 1
9.213700e-01 1.065800e+01 -7.135800e-03 -6.087800e-01 308 46 1.041300e+01 -6.400000e-01 7.383000e+02 3.813600e+02 1
-1.923500e-01 1.602300e+00 -1.285200e-01 -5.767400e-01 48 47 9.942800e+00 -6.400000e-01 543 5.441700e+02 0
7.857700e-01 1.480700e+00 -1.301500e-01 -5.767400e-01 49 47 1.028100e+01 -6.400000e-01 9.753100e+02 5.656100e+02 0
7.219300e-01 1.546700e+00 -1.292700e-01 -5.767400e-01 50 47 1.004000e+01 -6.400000e-01 9.341200e+02 5.556400e+02 0
5.312200e-01 1.946400e+00 -1.239100e-01 -5.767400e-01 60 47 1.014000e+01 -6.400000e-01 8.162100e+02 5.114000e+02 0
5.238500e-01 1.996500e+00 -1.232400e-01 -5.767400e-01 61 47 9.867100e+00 -6.400000e-01 8.105000e+02 5.072200e+02 0
1.078300e+00 1.027300e+01 2.452900e+00 -5.767400e-01 305 47 1.022200e+01 -6.400000e-01 7.470600e+02 2.360700e+02 0
1.081800e+00 1.043000e+01 1.872300e+00 -5.767400e-01 306 47 1.074700e+01 -6.400000e-01 7.471000e+02 2.716500e+02 0
1.085400e+00 1.056100e+01 -8.439400e-03 -5.767400e-01 307 47 1.060700e+01 -6.400000e-01 7.486900e+02 3.816400e+02 1
0 0 -1.500000e-01 -4.165300e-01 1 52 9.345400e+00 -6.400000e-01 2167 -3.612800e+03 0
-7.176700e+00 6.329300e+00 -6.515800e-02 -4.165300e-01 275 52 1.047600e+01 -6.400000e-01 -2.395900e+01 3.984200e+02 0
-7.052900e+00 6.485200e+00 -6.306800e-02 -4.165300e-01 276 52 1.028600e+01 -6.400000e-01 4.231600e+00 3.974000e+02 0
-7.374000e+00 6.024800e+00 -6.923900e-02 -3.844900e-01 274 53 1.057100e+01 -6.400000e-01 -7.861200e+01 4.005700e+02 0
-7.326300e+00 6.150800e+00 -6.755000e-02 -3.844900e-01 275 53 1.160300e+01 -6.400000e-01 -5.863100e+01 3.996500e+02 0
-7.278000e+00 6.255300e+00 -6.615000e-02 -3.844900e-01 276 53 1.133700e+01 -6.400000e-01 -4.183500e+01 3.989100e+02 0
-7.708800e+00 5.837900e+00 -7.174400e-02 -3.844900e-01 278 53 1.029500e+01 -6.400000e-01 -1.363800e+02 4.019300e+02 0
-7.550500e+00 5.862600e+00 -7.141300e-02 -3.524500e-01 275 54 1.074000e+01 -6.400000e-01 -1.171100e+02 4.017800e+02 0
-7.428000e+00 6.072900e+00 -6.859400e-02 -3.524500e-01 276 54 1.059100e+01 -6.400000e-01 -7.792500e+01 4.001900e+02 0
0 0 -1.500000e-01 -1.281600e-01 1 61 9.711400e+00 -6.400000e-01 2167 -3.612800e+03 0
6.630000e-01 8.040100e-01 -1.392200e-01 -1.281600e-01 31 61 1.012500e+01 -6.400000e-01 1.133300e+03 7.669300e+02 0
6.681800e-01 8.451400e-01 -1.386700e-01 -1.281600e-01 32 61 1.006900e+01 -6.400000e-01 1.113600e+03 7.443300e+02 0
0 0 -1.500000e-01 -9.612300e-02 1 62 9.730700e+00 -6.400000e-01 2167 -3.612800e+03 0
-3.410500e-02 7.428200e-03 -1.499000e-01 -9.612300e-02 2 62 9.540300e+00 -6.400000e-01 2.692400e+03 -4134 0
6.488100e-01 7.693600e-01 -1.396900e-01 -9.612300e-02 30 62 9.905400e+00 -6.400000e-01 1.142300e+03 7.878800e+02 0
6.630000e-01 7.875100e-01 -1.394400e-01 -9.612300e-02 31 62 1.081900e+01 -6.400000e-01 1.143800e+03 7.767900e+02 0
6.851000e-01 8.057900e-01 -1.392000e-01 -9.612300e-02 32 62 1.090100e+01 -6.400000e-01 1.152400e+03 7.663300e+02 0
6.810000e-01 8.374500e-01 -1.387700e-01 -9.612300e-02 33 62 1.004800e+01 -6.400000e-01 1.129200e+03 7.486200e+02 0
0 0 -1.500000e-01 -6.408200e-02 1 63 1.097600e+01 -6.400000e-01 2167 -3.612800e+03 0
5.456800e-04 3.491800e-02 -1.495300e-01 -6.408200e-02 2 63 1.047400e+01 -6.400000e-01 3482 -7.175900e+03 0
-1.473300e-02 5.995200e-02 -1.492000e-01 -6.408200e-02 3 63 9.416600e+00 -6.400000e-01 9.563900e+03 -21631 0
5.855100e-01 7.350600e-01 -1.401500e-01 -6.408200e-02 30 63 1.085600e+01 -6.400000e-01 1.102300e+03 8.096400e+02 0
6.302600e-01 7.641800e-01 -1.397600e-01 -6.408200e-02 31 63 1.205600e+01 -6.400000e-01 1.127800e+03 7.908400e+02 0
6.512600e-01 8.024200e-01 -1.392400e-01 -6.408200e-02 32 63 1.226300e+01 -6.400000e-01 1.123500e+03 7.676300e+02 0
6.722700e-01 8.403200e-01 -1.387400e-01 -6.408200e-02 33 63 1.151500e+01 -6.400000e-01 1.119900e+03 7.469400e+02 0
6.122500e-01 9.644500e-01 -1.370700e-01 -6.408200e-02 34 63 9.945100e+00 -6.400000e-01 1.014400e+03 6.899200e+02 0
0 0 -1.500000e-01 -3.204100e-02 1 64 1.572500e+01 -6.400000e-01 2167 -3.612800e+03 0
-7.093800e-02 1.128900e-01 -1.484900e-01 -3.204100e-02 5 64 1.415000e+01 -6.400000e-01 -3.009100e+03 7.401300e+03 0
-1.585200e-01 1.859600e-01 -1.475100e-01 -3.204100e-02 8 64 1.331300e+01 -6.400000e-01 -1087 2.842900e+03 0
-2.008100e-01 1.931700e-01 -1.474100e-01 -3.204100e-02 9 64 1.285900e+01 -6.400000e-01 -1.177800e+03 2.672600e+03 0
-2.480100e-01 1.863300e-01 -1.475000e-01 -3.204100e-02 10 64 1.267000e+01 -6.400000e-01 -1.506900e+03 2.773400e+03 0
-2.619200e-01 2.211600e-01 -1.470400e-01 -3.204100e-02 11 64 1.211000e+01 -6.400000e-01 -1.066100e+03 2.226500e+03 0
-2.851200e-01 2.352300e-01 -1.468500e-01 -3.204100e-02 12 64 1.166400e+01 -6.400000e-01 -9.993700e+02 2.063900e+03 0
-3.012100e-01 2.846000e-01 -1.461900e-01 -3.204100e-02 13 64 1.090700e+01 -6.400000e-01 -6.631800e+02 1.677500e+03 0
-3.085800e-01 2.917500e-01 -1.460900e-01 -3.204100e-02 14 64 1.037300e+01 -6.400000e-01 -6.397000e+02 1.634600e+03 0
3.609700e-01 2.465700e-01 -1.466900e-01 -3.204100e-02 28 64 1.213300e+01 -6.400000e-01 1.440600e+03 2.173700e+03 0
6.722700e-01 6.351600e-01 -1.414900e-01 -3.204100e-02 29 64 1.348100e+01 -6.400000e-01 1.282300e+03 8.966600e+02 0
6.725500e-01 7.227000e-01 -1.403100e-01 -3.204100e-02 30 64 1.447500e+01 -6.400000e-01 1.200300e+03 8.207900e+02 0
6.793700e-01 7.969600e-01 -1.393200e-01 -3.204100e-02 31 64 1.452800e+01 -6.400000e-01 1.152900e+03 7.714200e+02 0
6.851000e-01 8.203700e-01 -1.390000e-01 -3.204100e-02 32 64 1.396600e+01 -6.400000e-01 1.143200e+03 7.580200e+02 0
6.984700e-01 8.356800e-01 -1.388000e-01 -3.204100e-02 33 64 1.249800e+01 -6.400000e-01 1.145600e+03 7.498800e+02 0
-8.116900e-01 9.039000e-01 -1.378800e-01 -3.204100e-02 36 64 1.080000e+01 -6.400000e-01 -3.380000e+01 6.946500e+02 0
-8.348900e-01 9.214100e-01 -1.376500e-01 -3.204100e-02 37 64 1.138900e+01 -6.400000e-01 -3.541000e+01 6.875300e+02 0
-8.681700e-01 9.292900e-01 -1.375400e-01 -3.204100e-02 38 64 1.118700e+01 -6.400000e-01 -5.185900e+01 6.841200e+02 0
8.447100e-01 9.805500e-01 -1.368600e-01 -3.204100e-02 44 64 1.036500e+01 -6.400000e-01 1179 6.867800e+02 0
9.243800e-01 1.129600e+00 -1.348600e-01 -3.204100e-02 45 64 1.015600e+01 -6.400000e-01 1.158900e+03 6.392200e+02 0
