0 0 -1.500000e-01 0 1 65 1.673600e+01 2.460000e+00 2167 -3.612800e+03 0
-7.093800e-02 1.130100e-01 -1.558300e-01 0 5 65 1.517700e+01 2.460000e+00 -3024 7.540900e+03 0
-1.585200e-01 1.859000e-01 -1.595800e-01 0 8 65 1.428300e+01 2.460000e+00 -1.094800e+03 2.917900e+03 0
-1.986300e-01 1.953600e-01 -1.600700e-01 0 9 65 1.386100e+01 2.460000e+00 -1143 2.704400e+03 0
-2.480100e-01 1.863500e-01 -1.596100e-01 0 10 65 1.366100e+01 2.460000e+00 -1515 2.844600e+03 0
-2.619200e-01 2.217000e-01 -1.614300e-01 0 11 65 1.304900e+01 2.460000e+00 -1.066100e+03 2.283600e+03 0
-2.881200e-01 2.316000e-01 -1.619400e-01 0 12 65 1.267700e+01 2.460000e+00 -1.052300e+03 2.161500e+03 0
-3.077600e-01 2.793300e-01 -1.644000e-01 0 13 65 1.190600e+01 2.460000e+00 -7.184000e+02 1.764600e+03 0
-3.085800e-01 3.053100e-01 -1.657400e-01 0 14 65 1.145100e+01 2.460000e+00 -5.686000e+02 1.617100e+03 0
-1.260500e-01 3.888800e-01 -1.700500e-01 0 15 65 1.117100e+01 2.460000e+00 1.013700e+02 1321 0
3.536000e-01 3.650800e-01 -1.688200e-01 0 28 65 1.311500e+01 2.460000e+00 1.108600e+03 1456 0
6.799100e-01 6.400600e-01 -1.830000e-01 0 29 65 1.465800e+01 2.460000e+00 1.288800e+03 9.404500e+02 0
6.725500e-01 7.376600e-01 -1.880300e-01 0 30 65 1.557100e+01 2.460000e+00 1.190700e+03 8.569300e+02 0
6.711800e-01 8.044800e-01 -1.914700e-01 0 31 65 1.571300e+01 2.460000e+00 1.142600e+03 8.131400e+02 0
6.766400e-01 8.346400e-01 -1.930300e-01 0 32 65 1.515300e+01 2.460000e+00 1.129100e+03 7.961000e+02 0
6.722700e-01 8.812700e-01 -1.954300e-01 0 33 65 1.362800e+01 2.460000e+00 1.099600e+03 7.720800e+02 0
7.328400e-01 8.727800e-01 -1.950000e-01 0 35 65 1.110600e+01 2.460000e+00 1.154800e+03 7.773500e+02 0
-8.403400e-01 8.862100e-01 -1.956900e-01 0 36 65 1.167500e+01 2.460000e+00 -7.148000e+01 7.442400e+02 0
-8.643500e-01 8.879100e-01 -1.957800e-01 0 37 65 1.218100e+01 2.460000e+00 -8.731800e+01 7.431500e+02 0
-8.782700e-01 8.979700e-01 -1.962900e-01 0 38 65 1.177600e+01 2.460000e+00 -8.805200e+01 7.388100e+02 0
-9.123700e-01 9.059400e-01 -1.967000e-01 0 39 65 1.021900e+01 2.460000e+00 -1.049300e+02 7.351000e+02 0
0 0 -1.500000e-01 3.204100e-02 1 66 1.571400e+01 2.460000e+00 2167 -3.612800e+03 0
-7.202900e-02 1.128600e-01 -1.558200e-01 3.204100e-02 5 66 1.416400e+01 2.460000e+00 -3.050800e+03 7560 0
-1.585200e-01 1.858100e-01 -1.595800e-01 3.204100e-02 8 66 1.330700e+01 2.460000e+00 -1.096100e+03 2.919700e+03 0
-1.986300e-01 1.957200e-01 -1.600900e-01 3.204100e-02 9 66 1.285800e+01 2.460000e+00 -1.137900e+03 2698 0
-2.480100e-01 1.872600e-01 -1.596500e-01 3.204100e-02 10 66 1.266700e+01 2.460000e+00 -1.498500e+03 2.826200e+03 0
-2.619200e-01 2.227600e-01 -1.614800e-01 3.204100e-02 11 66 1.214300e+01 2.460000e+00 -1.054300e+03 2.270800e+03 0
-2.881200e-01 2.331000e-01 -1.620200e-01 3.204100e-02 12 66 1.172900e+01 2.460000e+00 -1.036700e+03 2.145700e+03 0
-3.110400e-01 2.767700e-01 -1.642700e-01 3.204100e-02 13 66 1.091600e+01 2.460000e+00 -7.443900e+02 1.780400e+03 0
-3.050300e-01 2.968800e-01 -1.653100e-01 3.204100e-02 14 66 1.042000e+01 2.460000e+00 -6.052300e+02 1662 0
-1.413300e-01 2.575500e-01 -1.632800e-01 3.204100e-02 15 66 1.024200e+01 2.460000e+00 -3.617300e+02 1.965200e+03 0
3.536000e-01 3.875800e-01 -1.699800e-01 3.204100e-02 28 66 1.207800e+01 2.460000e+00 1.077700e+03 1.376800e+03 0
6.799100e-01 6.355300e-01 -1.827600e-01 3.204100e-02 29 66 1.361000e+01 2.460000e+00 1.293900e+03 9.450600e+02 0
6.725500e-01 7.349000e-01 -1.878900e-01 3.204100e-02 30 66 1.449600e+01 2.460000e+00 1.192900e+03 8.589300e+02 0
6.711800e-01 8.042800e-01 -1.914600e-01 3.204100e-02 31 66 1.458700e+01 2.460000e+00 1.142700e+03 8.132600e+02 0
6.681800e-01 8.447200e-01 -1.935500e-01 3.204100e-02 32 66 1.395400e+01 2.460000e+00 1.115900e+03 7.905000e+02 0
6.548100e-01 8.978100e-01 -1.962900e-01 3.204100e-02 33 66 1.239500e+01 2.460000e+00 1.077100e+03 7.639600e+02 0
7.293000e-01 8.266000e-01 -1.926100e-01 3.204100e-02 34 66 1.060000e+01 2.460000e+00 1.180900e+03 8.016300e+02 0
7.421200e-01 8.410300e-01 -1.933600e-01 3.204100e-02 35 66 1.025700e+01 2.460000e+00 1.182700e+03 7.939600e+02 0
-8.498900e-01 8.766100e-01 -1.951900e-01 3.204100e-02 36 66 1.069500e+01 2.460000e+00 -8.733500e+01 7.481400e+02 0
-8.643500e-01 8.910700e-01 -1.959400e-01 3.204100e-02 37 66 1.127500e+01 2.460000e+00 -8.440300e+01 7.418500e+02 0
-8.984600e-01 8.949300e-01 -1.961400e-01 3.204100e-02 38 66 1.079900e+01 2.460000e+00 -1.053100e+02 7.397300e+02 0
0 0 -1.500000e-01 6.408200e-02 1 67 1.011900e+01 2.460000e+00 2167 -3.612800e+03 0
6.488100e-01 7.717400e-01 -1.897900e-01 6.408200e-02 30 67 9.751200e+00 2.460000e+00 1.142800e+03 8.329600e+02 0
6.630000e-01 8.045900e-01 -1.914800e-01 6.408200e-02 31 67 1.065600e+01 2.460000e+00 1135 8.128900e+02 0
6.851000e-01 8.148200e-01 -1.920100e-01 6.408200e-02 32 67 1.080300e+01 2.460000e+00 1.148700e+03 8.073900e+02 0
7.159300e-01 7.555800e-01 -1.889500e-01 6.408200e-02 33 67 1.030100e+01 2.460000e+00 1.220200e+03 8.454200e+02 0
7.563100e-01 2.458200e-01 -1.626700e-01 6.408200e-02 34 67 9.645700e+00 2.460000e+00 3.231500e+03 2423 0
0 0 -1.500000e-01 9.612300e-02 1 68 1.043000e+01 2.460000e+00 2167 -3.612800e+03 0
2.120500e+00 9.069100e+00 -6.175500e-01 -4.165300e-01 269 52 1.024600e+01 2.460000e+00 8.326900e+02 4.268200e+02 1
2.055000e+00 9.160600e+00 -6.222600e-01 -4.165300e-01 270 52 1.037800e+01 2.460000e+00 8.266300e+02 4.264600e+02 1
2.440000e+00 9.124800e+00 -6.204200e-01 -4.165300e-01 272 52 1.077800e+01 2.460000e+00 8.546400e+02 4.267100e+02 1
2.745800e+00 9.084700e+00 -6.183500e-01 -4.165300e-01 273 52 1.055400e+01 2.460000e+00 8.773500e+02 4.269500e+02 1
2.120500e+00 9.102700e+00 -6.192800e-01 -3.844900e-01 269 53 1.119400e+01 2.460000e+00 8.321700e+02 4.266900e+02 1
2.055000e+00 9.153100e+00 -6.218800e-01 -3.844900e-01 270 53 1.149700e+01 2.460000e+00 8.267400e+02 4.264900e+02 1
2.062700e+00 9.193600e+00 -6.239700e-01 -3.844900e-01 271 53 1.058600e+01 2.460000e+00 8.266900e+02 4.263400e+02 1
2.292100e+00 9.180300e+00 -6.232800e-01 -3.844900e-01 272 53 1.178700e+01 2.460000e+00 8.431500e+02 4.264600e+02 1
2.300600e+00 9.213600e+00 -6.249900e-01 -3.844900e-01 273 53 1.164300e+01 2.460000e+00 8.432000e+02 4.263400e+02 1
2.383500e+00 9.223300e+00 -6.254900e-01 -3.844900e-01 274 53 1.035200e+01 2.460000e+00 8.489000e+02 4.263300e+02 1
0 0 -1.500000e-01 -3.524500e-01 1 54 9.489800e+00 2.460000e+00 2167 -3.612800e+03 0
1.974300e+00 9.135800e+00 -6.209900e-01 -3.524500e-01 269 54 1.029600e+01 2.460000e+00 8.212500e+02 4.265300e+02 1
2.055000e+00 9.114400e+00 -6.198800e-01 -3.524500e-01 270 54 1.057400e+01 2.460000e+00 8.273100e+02 4.266300e+02 1
2.218200e+00 9.199000e+00 -6.242400e-01 -3.524500e-01 272 54 1.079700e+01 2.460000e+00 8.376100e+02 4.263700e+02 1
2.226400e+00 9.233000e+00 -6.260000e-01 -3.524500e-01 273 54 1.075500e+01 2.460000e+00 8.376500e+02 4.262400e+02 1
-6.764800e+00 5.477300e+00 1.518300e+00 -1.602100e-01 254 60 1.046300e+01 2.460000e+00 -8.112800e+01 2.344000e+02 0
0 0 -1.500000e-01 -1.281600e-01 1 61 9.735400e+00 2.460000e+00 2167 -3.612800e+03 0
-6.557700e+00 5.764200e+00 -4.471700e-01 -1.281600e-01 254 61 1.024000e+01 2.460000e+00 -3.000500e+01 4.416700e+02 0
0 0 -1.500000e-01 -3.204100e-02 1 64 1.573400e+01 2.460000e+00 2167 -3.612800e+03 0
-7.093800e-02 1.123300e-01 -1.557900e-01 -3.204100e-02 5 64 1.416000e+01 2.460000e+00 -3086 7.660100e+03 0
-1.585200e-01 1.860200e-01 -1.595900e-01 -3.204100e-02 8 64 1.324400e+01 2.460000e+00 -1093 2.915300e+03 0
-1.986300e-01 1.950200e-01 -1.600500e-01 -3.204100e-02 9 64 1.282900e+01 2.460000e+00 -1.147800e+03 2.710400e+03 0
-2.480100e-01 1.854600e-01 -1.595600e-01 -3.204100e-02 10 64 1.262700e+01 2.460000e+00 -1.531500e+03 2.862800e+03 0
-2.619200e-01 2.203700e-01 -1.613600e-01 -3.204100e-02 11 64 1.196000e+01 2.460000e+00 -1.081200e+03 2.299700e+03 0
-2.851200e-01 2.334400e-01 -1.620300e-01 -3.204100e-02 12 64 1.159100e+01 2.460000e+00 -1023 2.143300e+03 0
-3.044900e-01 2.814900e-01 -1.645100e-01 -3.204100e-02 13 64 1.082000e+01 2.460000e+00 -6.955900e+02 1.751800e+03 0
-3.121300e-01 3.114100e-01 -1.660500e-01 -3.204100e-02 14 64 1.052700e+01 2.460000e+00 -5.460200e+02 1.586300e+03 0
-1.222300e-01 3.969100e-01 -1.704600e-01 -3.204100e-02 15 64 1.023000e+01 2.460000e+00 1.231200e+02 1.298500e+03 0
3.609700e-01 3.148500e-01 -1.662300e-01 -3.204100e-02 28 64 1.206300e+01 2.460000e+00 1.220600e+03 1.690500e+03 0
6.799100e-01 6.446800e-01 -1.832400e-01 -3.204100e-02 29 64 1.365300e+01 2.460000e+00 1.283800e+03 9.358400e+02 0
6.725500e-01 7.398900e-01 -1.881400e-01 -3.204100e-02 30 64 1.457500e+01 2.460000e+00 1189 8.553200e+02 0
6.711800e-01 8.043800e-01 -1.914700e-01 -3.204100e-02 31 64 1.472800e+01 2.460000e+00 1.142700e+03 8.132000e+02 0
6.766400e-01 8.320200e-01 -1.928900e-01 -3.204100e-02 32 64 1.419000e+01 2.460000e+00 1.130600e+03 7.975300e+02 0
6.722700e-01 8.765200e-01 -1.951900e-01 -3.204100e-02 33 64 1.268900e+01 2.460000e+00 1.102100e+03 7.743900e+02 0
7.050100e-01 9.015400e-01 -1.964800e-01 -3.204100e-02 35 64 9.961200e+00 2.460000e+00 1.115800e+03 7.631100e+02 0
-8.403400e-01 8.834800e-01 -1.955500e-01 -3.204100e-02 36 64 1.057400e+01 2.460000e+00 -7.398100e+01 7.453800e+02 0
-8.643500e-01 8.737000e-01 -1.950400e-01 -3.204100e-02 37 64 1.107000e+01 2.460000e+00 -1.007100e+02 7.491500e+02 0
-8.782700e-01 8.638600e-01 -1.945400e-01 -3.204100e-02 38 64 1.076600e+01 2.460000e+00 -1.206000e+02 7.532000e+02 0
-8.916400e-01 8.087700e-01 -1.917000e-01 -3.204100e-02 39 64 9.847600e+00 2.460000e+00 -1.899100e+02 7.788900e+02 0
