0 0 -1.500000e-01 0 1 65 1.675000e+01 3.250000e+00 2167 -3.612800e+03 0
-7.093800e-02 1.129700e-01 -1.577000e-01 0 5 65 1.517000e+01 3.250000e+00 -3.034700e+03 7590 0
-1.585200e-01 1.859100e-01 -1.626700e-01 0 8 65 1.429200e+01 3.250000e+00 -1.096400e+03 2.936600e+03 0
-1.986300e-01 1.955300e-01 -1.633200e-01 0 9 65 1.386700e+01 3.250000e+00 -1.142300e+03 2.719300e+03 0
-2.480100e-01 1.873000e-01 -1.627600e-01 0 10 65 1.366700e+01 3.250000e+00 -1.499900e+03 2.843600e+03 0
-2.619200e-01 2.231400e-01 -1.652100e-01 0 11 65 1.308800e+01 3.250000e+00 -1.051500e+03 2.282400e+03 0
-2.851200e-01 2.393300e-01 -1.663100e-01 0 12 65 1.265100e+01 3.250000e+00 -9.665600e+02 2.099900e+03 0
-3.044900e-01 2.839900e-01 -1.693500e-01 0 13 65 1.190300e+01 3.250000e+00 -6.808200e+02 1.750600e+03 0
-3.121300e-01 3.058000e-01 -1.708400e-01 0 14 65 1.146700e+01 3.250000e+00 -5.757000e+02 1.627900e+03 0
-1.145900e-01 4.020900e-01 -1.774000e-01 0 15 65 1.133100e+01 3.250000e+00 1.459300e+02 1.298200e+03 0
3.609700e-01 3.452000e-01 -1.735200e-01 0 28 65 1.308900e+01 3.250000e+00 1.159500e+03 1.553200e+03 0
6.799100e-01 6.378200e-01 -1.934600e-01 0 29 65 1.464200e+01 3.250000e+00 1292 9.551500e+02 0
6.725500e-01 7.373600e-01 -2.002400e-01 0 30 65 1.559000e+01 3.250000e+00 1.191500e+03 8.692100e+02 0
6.711800e-01 8.044700e-01 -2.048200e-01 0 31 65 1.575500e+01 3.250000e+00 1.143100e+03 8.250200e+02 0
6.766400e-01 8.336600e-01 -2.068100e-01 0 32 65 1.518900e+01 3.250000e+00 1.130200e+03 8.084400e+02 0
6.810000e-01 8.727200e-01 -2.094700e-01 0 33 65 1.348100e+01 3.250000e+00 1.111900e+03 7.881400e+02 0
7.473000e-01 6.597200e-01 -1.949500e-01 0 34 65 1.113000e+01 3.250000e+00 1.347500e+03 9.360500e+02 0
7.328400e-01 8.490100e-01 -2.078500e-01 0 35 65 1.148400e+01 3.250000e+00 1170 8.013100e+02 0
-8.403400e-01 8.782600e-01 -2.098500e-01 0 36 65 1.180700e+01 3.250000e+00 -7.920800e+01 7.585700e+02 0
-8.545300e-01 8.789000e-01 -2.098900e-01 0 37 65 1.219500e+01 3.250000e+00 -8.900300e+01 7.580600e+02 0
-8.782700e-01 8.648500e-01 -2.089300e-01 0 38 65 1.181100e+01 3.250000e+00 -1.200600e+02 7.637300e+02 0
-9.227400e-01 8.464600e-01 -2.076800e-01 0 39 65 1.038700e+01 3.250000e+00 -1.724000e+02 7.712100e+02 0
0 0 -1.500000e-01 3.204100e-02 1 66 1.573400e+01 3.250000e+00 2167 -3.612800e+03 0
-4.092600e-02 1.383300e-02 -1.509400e-01 3.204100e-02 4 66 1.515700e+01 3.250000e+00 2.990700e+03 -4650 0
-7.093800e-02 1.130400e-01 -1.577000e-01 3.204100e-02 5 66 1.415800e+01 3.250000e+00 -3.028200e+03 7.577500e+03 0
-1.585200e-01 1.857800e-01 -1.626600e-01 3.204100e-02 8 66 1.326400e+01 3.250000e+00 -1.098400e+03 2.939400e+03 0
-1.986300e-01 1.957400e-01 -1.633400e-01 3.204100e-02 9 66 1.286100e+01 3.250000e+00 -1.139300e+03 2.715400e+03 0
-2.455500e-01 1.915700e-01 -1.630500e-01 3.204100e-02 10 66 1.265300e+01 3.250000e+00 -1.414400e+03 2.762500e+03 0
-2.619200e-01 2.238100e-01 -1.652500e-01 3.204100e-02 11 66 1.212900e+01 3.250000e+00 -1.044300e+03 2.274600e+03 0
-2.881200e-01 2.358500e-01 -1.660700e-01 3.204100e-02 12 66 1.166500e+01 3.250000e+00 -1.010500e+03 2.133400e+03 0
-3.044900e-01 2.828500e-01 -1.692700e-01 3.204100e-02 13 66 1.096500e+01 3.250000e+00 -6.880300e+02 1.757700e+03 0
-4.291700e-01 9.795400e-02 -1.566700e-01 3.204100e-02 14 66 1.044800e+01 3.250000e+00 -9273 8.136400e+03 0
-9.931300e-02 4.249900e-01 -1.789600e-01 3.204100e-02 15 66 1.029300e+01 3.250000e+00 2.079900e+02 1.241800e+03 0
3.536000e-01 3.984300e-01 -1.771500e-01 3.204100e-02 28 66 1.208900e+01 3.250000e+00 1.064900e+03 1.356400e+03 0
6.722700e-01 6.402400e-01 -1.936300e-01 3.204100e-02 29 66 1.364700e+01 3.250000e+00 1.280100e+03 9.524000e+02 0
6.725500e-01 7.351400e-01 -2.000900e-01 3.204100e-02 30 66 1.460600e+01 3.250000e+00 1.193300e+03 8.708300e+02 0
6.711800e-01 8.044300e-01 -2.048100e-01 3.204100e-02 31 66 1.475800e+01 3.250000e+00 1.143200e+03 8.250500e+02 0
6.766400e-01 8.359300e-01 -2.069600e-01 3.204100e-02 32 66 1.415400e+01 3.250000e+00 1.128800e+03 8.072000e+02 0
6.722700e-01 8.853200e-01 -2.103300e-01 3.204100e-02 33 66 1.228900e+01 3.250000e+00 1098 7.818300e+02 0
7.653100e-01 7.337200e-01 -2.000000e-01 3.204100e-02 34 66 1.060500e+01 3.250000e+00 1.289900e+03 8.744500e+02 0
7.421200e-01 8.462900e-01 -2.076700e-01 3.204100e-02 35 66 1.078200e+01 3.250000e+00 1.179800e+03 8.029500e+02 0
-8.594400e-01 8.591400e-01 -2.085400e-01 3.204100e-02 36 66 1.082500e+01 3.250000e+00 -1.116900e+02 7.665900e+02 0
-8.643500e-01 8.734400e-01 -2.095200e-01 3.204100e-02 37 66 1.123100e+01 3.250000e+00 -1.014000e+02 7.602300e+02 0
-8.681700e-01 8.919500e-01 -2.107800e-01 3.204100e-02 38 66 1.086300e+01 3.250000e+00 -8.675800e+01 7.523700e+02 0
0 0 -1.500000e-01 6.408200e-02 1 67 1.051500e+01 3.250000e+00 2167 -3.612800e+03 0
-1.991700e-02 9.997100e-03 -1.506800e-01 6.408200e-02 2 67 9.752700e+00 3.250000e+00 2.615100e+03 -4.288400e+03 0
-3.110400e-02 4.590800e-02 -1.531300e-01 6.408200e-02 3 67 9.319800e+00 3.250000e+00 5.454600e+03 -10580 0
6.799100e-01 6.650200e-01 -1.953200e-01 6.408200e-02 29 67 1.020500e+01 3.250000e+00 1.263400e+03 9.287400e+02 0
6.725500e-01 7.386500e-01 -2.003300e-01 6.408200e-02 30 67 1.112100e+01 3.250000e+00 1.190600e+03 8.682800e+02 0
6.793700e-01 7.963000e-01 -2.042600e-01 6.408200e-02 31 67 1.128000e+01 3.250000e+00 1156 8.301300e+02 0
6.766400e-01 8.418700e-01 -2.073700e-01 6.408200e-02 32 67 1.075300e+01 3.250000e+00 1.125400e+03 8.039800e+02 0
6.548100e-01 8.876800e-01 -2.104900e-01 6.408200e-02 33 67 9.790500e+00 3.250000e+00 1.082500e+03 7.803800e+02 0
0 0 -1.500000e-01 9.612300e-02 1 68 1.007600e+01 3.250000e+00 2167 -3.612800e+03 0
-3.328600e-02 7.873700e-03 -1.505400e-01 9.612300e-02 2 68 9.540700e+00 3.250000e+00 2.696400e+03 -4.167100e+03 0
6.725500e-01 7.157600e-01 -1.987700e-01 9.612300e-02 30 68 9.945400e+00 3.250000e+00 1.208900e+03 8.854600e+02 0
6.711800e-01 7.868300e-01 -2.036200e-01 9.612300e-02 31 68 1.006500e+01 3.250000e+00 1.154600e+03 8.357900e+02 0
1.800700e+00 9.015900e+00 -7.643500e-01 -5.447000e-01 265 48 1.156400e+01 3.250000e+00 8.107000e+02 4.372600e+02 1
1.879900e+00 9.056600e+00 -7.671300e-01 -5.447000e-01 266 48 1.237900e+01 3.250000e+00 8.158500e+02 4.371300e+02 1
1.886900e+00 9.094200e+00 -7.696900e-01 -5.447000e-01 267 48 1.192600e+01 3.250000e+00 8.158400e+02 4.369900e+02 1
1.754900e+00 9.181500e+00 -7.756400e-01 -5.447000e-01 269 48 1.048200e+01 3.250000e+00 8.053200e+02 4.366200e+02 1
1.872800e+00 9.014500e+00 -7.642600e-01 -5.126600e-01 265 49 1.175900e+01 3.250000e+00 8.159100e+02 4.372900e+02 1
1.807600e+00 9.071200e+00 -7.681200e-01 -5.126600e-01 266 49 1.260000e+01 3.250000e+00 8.104700e+02 4.370500e+02 1
1.886900e+00 9.093500e+00 -7.696400e-01 -5.126600e-01 267 49 1.207600e+01 3.250000e+00 8.158500e+02 4.369900e+02 1
1.828000e+00 9.177200e+00 -7.753400e-01 -5.126600e-01 269 49 1.125500e+01 3.250000e+00 8.105500e+02 4.366600e+02 1
1.908200e+00 9.179300e+00 -7.754900e-01 -5.126600e-01 270 49 1.042900e+01 3.250000e+00 8.162000e+02 4.366800e+02 1
1.590600e+00 9.081800e+00 -7.688400e-01 -4.806200e-01 266 50 1.070800e+01 3.250000e+00 7.948200e+02 4.369400e+02 1
1.524100e+00 9.116300e+00 -7.711900e-01 -4.806200e-01 267 50 1.028200e+01 3.250000e+00 7.897000e+02 4.367900e+02 1
1.828000e+00 9.174000e+00 -7.751300e-01 -4.806200e-01 269 50 1.014800e+01 3.250000e+00 8.105900e+02 4.366700e+02 1
0 0 -1.500000e-01 -9.612300e-02 1 62 9.838300e+00 3.250000e+00 2167 -3.612800e+03 0
6.725500e-01 7.481000e-01 -2.009800e-01 -9.612300e-02 30 62 9.781000e+00 3.250000e+00 1.183400e+03 8.615300e+02 0
6.548100e-01 8.170200e-01 -2.056700e-01 -9.612300e-02 31 62 9.918700e+00 3.250000e+00 1.120500e+03 8.173200e+02 0
6.428100e-01 8.504200e-01 -2.079500e-01 -9.612300e-02 32 62 9.620800e+00 3.250000e+00 1.091300e+03 7.987500e+02 0
7.391200e-01 2.055700e+00 -2.900800e-01 -9.612300e-02 64 62 1.048300e+01 3.250000e+00 8.785600e+02 556 0
7.333900e-01 2.090600e+00 -2.924500e-01 -9.612300e-02 65 62 1.050600e+01 3.250000e+00 8.734900e+02 5.533100e+02 0
0 0 -1.500000e-01 -6.408200e-02 1 63 9.781000e+00 3.250000e+00 2167 -3.612800e+03 0
6.646300e-01 6.682100e-01 -1.955300e-01 -6.408200e-02 29 63 1.022800e+01 3.250000e+00 1.242700e+03 9.252800e+02 0
6.646300e-01 7.460700e-01 -2.008400e-01 -6.408200e-02 30 63 1.108900e+01 3.250000e+00 1.176900e+03 8.627500e+02 0
6.630000e-01 8.112400e-01 -2.052800e-01 -6.408200e-02 31 63 1.113400e+01 3.250000e+00 1.131400e+03 8.208500e+02 0
6.597200e-01 8.386800e-01 -2.071500e-01 -6.408200e-02 32 63 1.049300e+01 3.250000e+00 1.112400e+03 8.053500e+02 0
7.906900e-01 2.045200e+00 -2.893600e-01 -6.408200e-02 64 63 1.022400e+01 3.250000e+00 8.965900e+02 5.570100e+02 0
7.683100e-01 2.081400e+00 -2.918300e-01 -6.408200e-02 65 63 1.023600e+01 3.250000e+00 8.856300e+02 5.541300e+02 0
0 0 -1.500000e-01 -3.204100e-02 1 64 1.574400e+01 3.250000e+00 2167 -3.612800e+03 0
-7.093800e-02 1.127500e-01 -1.576800e-01 -3.204100e-02 5 64 1.413700e+01 3.250000e+00 -3.054700e+03 7.628500e+03 0
-1.585200e-01 1.859900e-01 -1.626700e-01 -3.204100e-02 8 64 1.323600e+01 3.250000e+00 -1.095100e+03 2.934700e+03 0
-2.008100e-01 1.928700e-01 -1.631400e-01 -3.204100e-02 9 64 1.286600e+01 3.250000e+00 -1.191200e+03 2767 0
-2.480100e-01 1.866300e-01 -1.627200e-01 -3.204100e-02 10 64 1.266900e+01 3.250000e+00 -1512 2.857200e+03 0
-2.619200e-01 2.226400e-01 -1.651700e-01 -3.204100e-02 11 64 1.201400e+01 3.250000e+00 -1.057100e+03 2.288500e+03 0
-2.821100e-01 2.446900e-01 -1.666700e-01 -3.204100e-02 12 64 1.160300e+01 3.250000e+00 -9.075100e+02 2.050400e+03 0
-2.979400e-01 2.917300e-01 -1.698800e-01 -3.204100e-02 13 64 1.088900e+01 3.250000e+00 -6.171600e+02 1.706200e+03 0
-3.121300e-01 2.996600e-01 -1.704200e-01 -3.204100e-02 14 64 1.041500e+01 3.250000e+00 -6.087200e+02 1.659800e+03 0
-1.145900e-01 4.221300e-01 -1.787600e-01 -3.204100e-02 15 64 1.028400e+01 3.250000e+00 1.771300e+02 1.247300e+03 0
3.609700e-01 3.011200e-01 -1.705200e-01 -3.204100e-02 28 64 1.205600e+01 3.250000e+00 1255 1.788900e+03 0
6.799100e-01 6.411000e-01 -1.936900e-01 -3.204100e-02 29 64 1.360100e+01 3.250000e+00 1.288400e+03 9.518200e+02 0
6.725500e-01 7.390600e-01 -2.003600e-01 -3.204100e-02 30 64 1.454200e+01 3.250000e+00 1.190200e+03 8.679800e+02 0
6.793700e-01 7.974700e-01 -2.043400e-01 -3.204100e-02 31 64 1.471300e+01 3.250000e+00 1.155200e+03 8.294200e+02 0
6.851000e-01 8.248600e-01 -2.062100e-01 -3.204100e-02 32 64 1.416500e+01 3.250000e+00 1143 8.135200e+02 0
6.897400e-01 8.615200e-01 -2.087000e-01 -3.204100e-02 33 64 1.247700e+01 3.250000e+00 1.125400e+03 7.939400e+02 0
7.421200e-01 8.659500e-01 -2.090100e-01 -3.204100e-02 35 64 1.037500e+01 3.250000e+00 1.167400e+03 7.927100e+02 0
-8.307900e-01 8.733700e-01 -2.095100e-01 -3.204100e-02 36 64 1.081500e+01 3.250000e+00 -7.673000e+01 7.608200e+02 0
-8.447100e-01 8.637100e-01 -2.088500e-01 -3.204100e-02 37 64 1.114700e+01 3.250000e+00 -9.621600e+01 7.648100e+02 0
-8.580800e-01 8.395200e-01 -2.072100e-01 -3.204100e-02 38 64 1.078400e+01 3.250000e+00 -1.305500e+02 7.755800e+02 0
