0 0 -1.500000e-01 0 1 65 1.674800e+01 5.900000e-01 2167 -3.612800e+03 0
-7.093800e-02 1.127400e-01 -1.513900e-01 0 5 65 1.517500e+01 5.900000e-01 -3.032900e+03 7.490600e+03 0
-1.585200e-01 1.859500e-01 -1.523000e-01 0 8 65 1.432100e+01 5.900000e-01 -1.089900e+03 2.872300e+03 0
-1.986300e-01 1.954500e-01 -1.524200e-01 0 9 65 1.387500e+01 5.900000e-01 -1.137600e+03 2.660400e+03 0
-2.455500e-01 1.906300e-01 -1.523600e-01 0 10 65 1.366600e+01 5.900000e-01 -1.423400e+03 2.719700e+03 0
-2.592000e-01 2.262500e-01 -1.528000e-01 0 11 65 1.312500e+01 5.900000e-01 -1.003100e+03 2.193200e+03 0
-2.851200e-01 2.371400e-01 -1.529300e-01 0 12 65 1.269000e+01 5.900000e-01 -9.828800e+02 2.069100e+03 0
-3.012100e-01 2.871300e-01 -1.535500e-01 0 13 65 1.193200e+01 5.900000e-01 -6.493900e+02 1.684500e+03 0
-3.050300e-01 3.078900e-01 -1.538000e-01 0 14 65 1.144000e+01 5.900000e-01 -5.445100e+02 1.572100e+03 0
-1.222300e-01 3.442300e-01 -1.542500e-01 0 15 65 1.105400e+01 5.900000e-01 1.452000e+01 1.440100e+03 0
-3.601500e-01 3.701500e-01 -1.545700e-01 0 16 65 1.132200e+01 5.900000e-01 -4.005800e+02 1.321900e+03 0
3.536000e-01 3.383100e-01 -1.541800e-01 0 28 65 1.311300e+01 5.900000e-01 1.151100e+03 1534 0
6.722700e-01 6.465700e-01 -1.579900e-01 0 29 65 1.470600e+01 5.900000e-01 1.271200e+03 9.045200e+02 0
6.725500e-01 7.387100e-01 -1.591300e-01 0 30 65 1.565900e+01 5.900000e-01 1.188600e+03 8.277600e+02 0
6.711800e-01 8.043900e-01 -1.599400e-01 0 31 65 1.584100e+01 5.900000e-01 1.141400e+03 7.852100e+02 0
6.766400e-01 8.315100e-01 -1.602800e-01 0 32 65 1.533800e+01 5.900000e-01 1.129700e+03 7.699700e+02 0
6.810000e-01 8.655900e-01 -1.607000e-01 0 33 65 1.390900e+01 5.900000e-01 1114 7.523000e+02 0
6.662700e-01 9.400800e-01 -1.616200e-01 0 34 65 1.097700e+01 5.900000e-01 1.065600e+03 7.182600e+02 0
7.421200e-01 8.763800e-01 -1.608300e-01 0 35 65 1.089300e+01 5.900000e-01 1.159200e+03 7.480500e+02 0
-8.212400e-01 8.962000e-01 -1.610700e-01 0 36 65 1.179200e+01 5.900000e-01 -4.784800e+01 7.145600e+02 0
-8.348900e-01 8.960000e-01 -1.610700e-01 0 37 65 1.218600e+01 5.900000e-01 -5.780300e+01 7.144400e+02 0
-8.580800e-01 8.926700e-01 -1.610300e-01 0 38 65 1.174500e+01 5.900000e-01 -7.744100e+01 7.154600e+02 0
-9.020000e-01 8.848200e-01 -1.609300e-01 0 39 65 1.033400e+01 5.900000e-01 -1.164300e+02 7.180500e+02 0
0 0 -1.500000e-01 3.204100e-02 1 66 1.572200e+01 5.900000e-01 2167 -3.612800e+03 0
-7.202900e-02 1.125300e-01 -1.513900e-01 3.204100e-02 5 66 1.416500e+01 5.900000e-01 -3.064900e+03 7.519700e+03 0
-1.585200e-01 1.858800e-01 -1.523000e-01 3.204100e-02 8 66 1.335100e+01 5.900000e-01 -1.090900e+03 2.873700e+03 0
-1.986300e-01 1.955100e-01 -1.524200e-01 3.204100e-02 9 66 1.287600e+01 5.900000e-01 -1.136700e+03 2.659300e+03 0
-2.480100e-01 1.868400e-01 -1.523100e-01 3.204100e-02 10 66 1.266700e+01 5.900000e-01 -1.501100e+03 2.791600e+03 0
-2.619200e-01 2.220700e-01 -1.527400e-01 3.204100e-02 11 66 1.215900e+01 5.900000e-01 -1.058300e+03 2.240700e+03 0
-2.881200e-01 2.338700e-01 -1.528900e-01 3.204100e-02 12 66 1.169000e+01 5.900000e-01 -1.025400e+03 2.100800e+03 0
-3.077600e-01 2.809900e-01 -1.534700e-01 3.204100e-02 13 66 1.096900e+01 5.900000e-01 -7.050900e+02 1.720300e+03 0
-2.943900e-01 3.220800e-01 -1.539800e-01 3.204100e-02 14 66 1.033600e+01 5.900000e-01 -4.519900e+02 1.507600e+03 0
-1.184100e-01 3.525100e-01 -1.543600e-01 3.204100e-02 15 66 1.028100e+01 5.900000e-01 4.267100e+01 1.409200e+03 0
3.536000e-01 3.263600e-01 -1.540300e-01 3.204100e-02 28 66 1.210700e+01 5.900000e-01 1.173800e+03 1.591800e+03 0
6.646300e-01 6.516200e-01 -1.580500e-01 3.204100e-02 29 66 1.375600e+01 5.900000e-01 1.256900e+03 8.994000e+02 0
6.646300e-01 7.471800e-01 -1.592300e-01 3.204100e-02 30 66 1.478600e+01 5.900000e-01 1.174200e+03 8.216000e+02 0
6.711800e-01 8.042900e-01 -1.599400e-01 3.204100e-02 31 66 1.500200e+01 5.900000e-01 1.141500e+03 7.852700e+02 0
6.766400e-01 8.315400e-01 -1.602800e-01 3.204100e-02 32 66 1.452000e+01 5.900000e-01 1.129700e+03 7.699600e+02 0
6.810000e-01 8.626000e-01 -1.606600e-01 3.204100e-02 33 66 1.315700e+01 5.900000e-01 1.115700e+03 7.537900e+02 0
6.752700e-01 9.138300e-01 -1.612900e-01 3.204100e-02 34 66 1.064100e+01 5.900000e-01 1.084700e+03 7.296000e+02 0
7.328400e-01 9.006300e-01 -1.611300e-01 3.204100e-02 35 66 1.016800e+01 5.900000e-01 1.137600e+03 7.364500e+02 0
-8.307900e-01 8.929900e-01 -1.610400e-01 3.204100e-02 36 66 1.089800e+01 5.900000e-01 -5.753000e+01 7.157200e+02 0
-8.447100e-01 8.910400e-01 -1.610100e-01 3.204100e-02 37 66 1.116700e+01 5.900000e-01 -6.929600e+01 7.163200e+02 0
-8.681700e-01 8.855600e-01 -1.609400e-01 3.204100e-02 38 66 1.074400e+01 5.900000e-01 -9.126500e+01 7.182400e+02 0
0 0 -1.500000e-01 6.408200e-02 1 67 9.615600e+00 5.900000e-01 2167 -3.612800e+03 0
6.250700e-01 7.962100e-01 -1.598400e-01 6.408200e-02 30 67 1.035900e+01 5.900000e-01 1.103900e+03 7.891000e+02 0
6.630000e-01 8.000300e-01 -1.598900e-01 6.408200e-02 31 67 1.071800e+01 5.900000e-01 1.136600e+03 7.876200e+02 0
6.851000e-01 8.061300e-01 -1.599600e-01 6.408200e-02 32 67 9.931600e+00 5.900000e-01 1153 7.844800e+02 0
6.810000e-01 8.267000e-01 -1.602200e-01 6.408200e-02 33 67 9.919900e+00 5.900000e-01 1.136400e+03 7.727000e+02 0
0 0 -1.500000e-01 -2.883700e-01 1 56 9.685800e+00 5.900000e-01 2167 -3.612800e+03 0
3.437800e-02 5.086000e-03 -1.500600e-01 -2.883700e-01 2 56 9.280200e+00 5.900000e-01 1.937900e+03 -3.837500e+03 0
1.846600e+00 9.641900e+00 -2.691500e-01 -2.883700e-01 283 56 1.169400e+01 5.900000e-01 8.053200e+02 4.003900e+02 1
2.007500e+00 9.661200e+00 -2.693900e-01 -2.883700e-01 284 56 1.232300e+01 5.900000e-01 8.158800e+02 4.003500e+02 1
2.014600e+00 9.702400e+00 -2.699000e-01 -2.883700e-01 285 56 1.212200e+01 5.900000e-01 8.158300e+02 4.002200e+02 1
2.021700e+00 9.744100e+00 -2.704100e-01 -2.883700e-01 286 56 1.123300e+01 5.900000e-01 8.157700e+02 4.000900e+02 1
0 0 -1.500000e-01 -2.563300e-01 1 57 9.427300e+00 5.900000e-01 2167 -3.612800e+03 0
1.993400e+00 9.575100e+00 -2.683200e-01 -2.563300e-01 282 57 1.187200e+01 5.900000e-01 8.160400e+02 4.006300e+02 1
2.000500e+00 9.626400e+00 -2.689600e-01 -2.563300e-01 283 57 1.354800e+01 5.900000e-01 8.158600e+02 4.004700e+02 1
2.007500e+00 9.663900e+00 -2.694200e-01 -2.563300e-01 284 57 1.415100e+01 5.900000e-01 8.158500e+02 4.003500e+02 1
2.014600e+00 9.700300e+00 -2.698700e-01 -2.563300e-01 285 57 1.396700e+01 5.900000e-01 8.158600e+02 4.002300e+02 1
2.021700e+00 9.738100e+00 -2.703400e-01 -2.563300e-01 286 57 1.315800e+01 5.900000e-01 8.158500e+02 4.001100e+02 1
2.028800e+00 9.775400e+00 -2.708000e-01 -2.563300e-01 287 57 1.174200e+01 5.900000e-01 8.158500e+02 3.999900e+02 1
0 0 -1.500000e-01 -2.242900e-01 1 58 9.601100e+00 5.900000e-01 2167 -3.612800e+03 0
2.146700e+00 9.544200e+00 -2.679400e-01 -2.242900e-01 282 58 1.158600e+01 5.900000e-01 8.268700e+02 4.007700e+02 1
2.000500e+00 9.621700e+00 -2.689000e-01 -2.242900e-01 283 58 1.324600e+01 5.900000e-01 8.159200e+02 4.004800e+02 1
2.007500e+00 9.659100e+00 -2.693600e-01 -2.242900e-01 284 58 1.384200e+01 5.900000e-01 8.159100e+02 4.003600e+02 1
2.014600e+00 9.693800e+00 -2.697900e-01 -2.242900e-01 285 58 1.365100e+01 5.900000e-01 8.159400e+02 4.002500e+02 1
2.021700e+00 9.729600e+00 -2.702300e-01 -2.242900e-01 286 58 1.283700e+01 5.900000e-01 8.159600e+02 4.001400e+02 1
1.950800e+00 9.785500e+00 -2.709200e-01 -2.242900e-01 287 58 1.139200e+01 5.900000e-01 8.105500e+02 3.999400e+02 1
0 0 -1.500000e-01 -1.922500e-01 1 59 9.265700e+00 5.900000e-01 2167 -3.612800e+03 0
-6.480200e+00 6.390400e+00 -2.289700e-01 -1.922500e-01 262 59 9.984500e+00 5.900000e-01 4.732700e+01 4.135800e+02 0
2.308200e+00 9.569400e+00 -2.682500e-01 -1.922500e-01 283 59 1.025100e+01 5.900000e-01 8.374700e+02 4.007100e+02 1
2.084800e+00 9.639600e+00 -2.691200e-01 -1.922500e-01 284 59 1.074400e+01 5.900000e-01 8.213600e+02 4.004400e+02 1
1.937200e+00 9.680100e+00 -2.696200e-01 -1.922500e-01 285 59 1.039900e+01 5.900000e-01 8.109300e+02 4.002800e+02 1
-6.409000e+00 6.290300e+00 -2.277300e-01 -1.602100e-01 262 60 1.034000e+01 5.900000e-01 4.405900e+01 4.142900e+02 0
-7.032100e+00 5.759600e+00 -2.211700e-01 -1.602100e-01 264 60 1.032000e+01 5.900000e-01 -7.865800e+01 4.180900e+02 0
-6.914800e+00 6.052500e+00 -2.247900e-01 -1.602100e-01 265 60 1.009900e+01 5.900000e-01 -3.073700e+01 4.158300e+02 0
0 0 -1.500000e-01 -3.204100e-02 1 64 1.575300e+01 5.900000e-01 2167 -3.612800e+03 0
-7.093800e-02 1.122600e-01 -1.513900e-01 -3.204100e-02 5 64 1.415800e+01 5.900000e-01 -3.076300e+03 7.573700e+03 0
-1.585200e-01 1.860700e-01 -1.523000e-01 -3.204100e-02 8 64 1.331100e+01 5.900000e-01 -1.088100e+03 2.869700e+03 0
-1.986300e-01 1.949600e-01 -1.524100e-01 -3.204100e-02 9 64 1.285700e+01 5.900000e-01 -1.144600e+03 2.669200e+03 0
-2.455500e-01 1.898800e-01 -1.523500e-01 -3.204100e-02 10 64 1.265700e+01 5.900000e-01 -1.436200e+03 2.733900e+03 0
-2.592000e-01 2.251800e-01 -1.527800e-01 -3.204100e-02 11 64 1.218300e+01 5.900000e-01 -1.014400e+03 2.205500e+03 0
-2.821100e-01 2.417400e-01 -1.529900e-01 -3.204100e-02 12 64 1.170700e+01 5.900000e-01 -9.296000e+02 2026 0
-3.012100e-01 2.893000e-01 -1.535800e-01 -3.204100e-02 13 64 1.089500e+01 5.900000e-01 -6.364800e+02 1.671900e+03 0
-3.121300e-01 3.079000e-01 -1.538000e-01 -3.204100e-02 14 64 1.045600e+01 5.900000e-01 -5.616400e+02 1.570800e+03 0
3.536000e-01 3.005800e-01 -1.537100e-01 -3.204100e-02 28 64 1.207200e+01 5.900000e-01 1.231400e+03 1.738500e+03 0
6.799100e-01 6.443500e-01 -1.579600e-01 -3.204100e-02 29 64 1.365400e+01 5.900000e-01 1.282600e+03 9.069500e+02 0
6.725500e-01 7.396200e-01 -1.591400e-01 -3.204100e-02 30 64 1.457200e+01 5.900000e-01 1.187900e+03 8.271100e+02 0
6.793700e-01 7.974300e-01 -1.598500e-01 -3.204100e-02 31 64 1.473600e+01 5.900000e-01 1.153400e+03 7.895100e+02 0
6.766400e-01 8.297800e-01 -1.602500e-01 -3.204100e-02 32 64 1.421500e+01 5.900000e-01 1.130700e+03 7.709200e+02 0
6.810000e-01 8.644300e-01 -1.606800e-01 -3.204100e-02 33 64 1.273700e+01 5.900000e-01 1.114700e+03 7.528800e+02 0
7.328400e-01 8.722100e-01 -1.607800e-01 -3.204100e-02 35 64 9.952700e+00 5.900000e-01 1.153900e+03 7.499300e+02 0
-8.403400e-01 8.805700e-01 -1.608800e-01 -3.204100e-02 36 64 1.075900e+01 5.900000e-01 -7.567800e+01 7.207400e+02 0
-8.545300e-01 8.828400e-01 -1.609100e-01 -3.204100e-02 37 64 1.121500e+01 5.900000e-01 -8.391100e+01 7.195800e+02 0
-8.782700e-01 8.715700e-01 -1.607700e-01 -3.204100e-02 38 64 1.077600e+01 5.900000e-01 -1.119700e+02 7.239900e+02 0
