0 0 -1.500000e-01 0 1 65 1.669200e+01 1.550000e+00 2167 -3.612800e+03 0
-7.093800e-02 1.129100e-01 -1.536700e-01 0 5 65 1.519100e+01 1.550000e+00 -3.025200e+03 7.510400e+03 0
-1.604300e-01 1.843500e-01 -1.559900e-01 0 8 65 1.438800e+01 1.550000e+00 -1.126100e+03 2.928300e+03 0
-1.986300e-01 1.953500e-01 -1.563400e-01 0 9 65 1.388100e+01 1.550000e+00 -1.141200e+03 2684 0
-2.480100e-01 1.869200e-01 -1.560700e-01 0 10 65 1.365600e+01 1.550000e+00 -1.502100e+03 2812 0
-2.619200e-01 2.216900e-01 -1.572000e-01 0 11 65 1.307300e+01 1.550000e+00 -1.064400e+03 2.264900e+03 0
-2.881200e-01 2.281300e-01 -1.574100e-01 0 12 65 1.269100e+01 1.550000e+00 -1.087500e+03 2.180700e+03 0
-3.044900e-01 2.800900e-01 -1.590900e-01 0 13 65 1.192400e+01 1.550000e+00 -7.033100e+02 1744 0
-3.050300e-01 3.101200e-01 -1.600700e-01 0 14 65 1.143200e+01 1.550000e+00 -5.343600e+02 1.577900e+03 0
-1.298700e-01 3.380000e-01 -1.609800e-01 0 15 65 1.120800e+01 1.550000e+00 -1.919400e+01 1.480500e+03 0
3.609700e-01 3.345600e-01 -1.608600e-01 0 28 65 1.315300e+01 1.550000e+00 1178 1.570600e+03 0
6.799100e-01 6.403600e-01 -1.707900e-01 0 29 65 1.467300e+01 1.550000e+00 1.287700e+03 9.259000e+02 0
6.725500e-01 7.392600e-01 -1.740000e-01 0 30 65 1.563400e+01 1.550000e+00 1.188800e+03 8.419300e+02 0
6.711800e-01 8.042600e-01 -1.761200e-01 0 31 65 1.583600e+01 1.550000e+00 1.142100e+03 7.996300e+02 0
6.766400e-01 8.301500e-01 -1.769600e-01 0 32 65 1.537500e+01 1.550000e+00 1.131100e+03 7.849900e+02 0
6.810000e-01 8.641100e-01 -1.780600e-01 0 33 65 1.402800e+01 1.550000e+00 1.115500e+03 7.672300e+02 0
6.482600e-01 9.501300e-01 -1.808500e-01 0 34 65 1.106000e+01 1.550000e+00 1.048100e+03 7.278700e+02 0
7.606700e-01 9.076700e-01 -1.794700e-01 0 35 65 1.127800e+01 1.550000e+00 1.156700e+03 7.478300e+02 0
-8.307900e-01 8.304300e-01 -1.769600e-01 0 36 65 1.174300e+01 1.550000e+00 -1.179700e+02 7.566900e+02 0
-8.447100e-01 8.452300e-01 -1.774500e-01 0 37 65 1.210100e+01 1.550000e+00 -1.135300e+02 7.495100e+02 0
-8.681700e-01 8.392400e-01 -1.772500e-01 0 38 65 1.164200e+01 1.550000e+00 -1.375800e+02 7.518800e+02 0
-9.331100e-01 8.032500e-01 -1.760800e-01 0 39 65 1.046800e+01 1.550000e+00 -2.287700e+02 7.682500e+02 0
0 0 -1.500000e-01 3.204100e-02 1 66 1.568200e+01 1.550000e+00 2167 -3.612800e+03 0
-7.093800e-02 1.132700e-01 -1.536800e-01 3.204100e-02 5 66 1.417800e+01 1.550000e+00 -2.993100e+03 7.448800e+03 0
-1.604300e-01 1.842600e-01 -1.559800e-01 3.204100e-02 8 66 1.338000e+01 1.550000e+00 -1.127500e+03 2.930200e+03 0
-2.008100e-01 1.931000e-01 -1.562700e-01 3.204100e-02 9 66 1.286800e+01 1.550000e+00 -1.183900e+03 2.723700e+03 0
-2.480100e-01 1.872200e-01 -1.560800e-01 3.204100e-02 10 66 1.263700e+01 1.550000e+00 -1.496700e+03 2806 0
-2.619200e-01 2.221500e-01 -1.572100e-01 3.204100e-02 11 66 1.195200e+01 1.550000e+00 -1.059300e+03 2.259400e+03 0
-2.881200e-01 2.285700e-01 -1.574200e-01 3.204100e-02 12 66 1.163100e+01 1.550000e+00 -1.082700e+03 2.175900e+03 0
-3.044900e-01 2.811900e-01 -1.591300e-01 3.204100e-02 13 66 1.089200e+01 1.550000e+00 -6.962400e+02 1.737100e+03 0
-3.050300e-01 3.103600e-01 -1.600800e-01 3.204100e-02 14 66 1.058900e+01 1.550000e+00 -5.332100e+02 1.576800e+03 0
3.609700e-01 3.386800e-01 -1.610000e-01 3.204100e-02 28 66 1.218100e+01 1.550000e+00 1.170200e+03 1.551200e+03 0
6.799100e-01 6.367100e-01 -1.706700e-01 3.204100e-02 29 66 1.368700e+01 1.550000e+00 1.291800e+03 9.295800e+02 0
6.725500e-01 7.392600e-01 -1.740000e-01 3.204100e-02 30 66 1.468500e+01 1.550000e+00 1.188800e+03 8.419300e+02 0
6.711800e-01 8.041500e-01 -1.761100e-01 3.204100e-02 31 66 1.494100e+01 1.550000e+00 1.142200e+03 7.997000e+02 0
6.766400e-01 8.295800e-01 -1.769400e-01 3.204100e-02 32 66 1.457500e+01 1.550000e+00 1.131500e+03 7.853100e+02 0
6.810000e-01 8.622700e-01 -1.780000e-01 3.204100e-02 33 66 1.340100e+01 1.550000e+00 1.116500e+03 7.681500e+02 0
6.752700e-01 9.264700e-01 -1.800800e-01 3.204100e-02 34 66 1.079900e+01 1.550000e+00 1.079300e+03 7.381500e+02 0
-8.441600e-01 7.110800e-01 -1.730900e-01 3.204100e-02 35 66 1.009400e+01 1.550000e+00 -2.757600e+02 8.236900e+02 0
-8.307900e-01 8.186700e-01 -1.765800e-01 3.204100e-02 36 66 1.096400e+01 1.550000e+00 -1.303300e+02 7.624000e+02 0
-8.545300e-01 8.196100e-01 -1.766100e-01 3.204100e-02 37 66 1.120200e+01 1.550000e+00 -1.479600e+02 7.615100e+02 0
-8.782700e-01 8.115800e-01 -1.763500e-01 3.204100e-02 38 66 1.077300e+01 1.550000e+00 -1.755500e+02 7.650600e+02 0
0 0 -1.500000e-01 6.408200e-02 1 67 1.001800e+01 1.550000e+00 2167 -3.612800e+03 0
6.875500e-01 6.115400e-01 -1.698600e-01 6.408200e-02 29 67 9.638000e+00 1.550000e+00 1.330700e+03 9.566600e+02 0
6.725500e-01 7.356500e-01 -1.738900e-01 6.408200e-02 30 67 1.066600e+01 1.550000e+00 1.191600e+03 8.445300e+02 0
6.711800e-01 8.040900e-01 -1.761100e-01 6.408200e-02 31 67 1.114400e+01 1.550000e+00 1.142200e+03 7.997300e+02 0
6.681800e-01 8.329200e-01 -1.770500e-01 6.408200e-02 32 67 1.113600e+01 1.550000e+00 1122 7.833100e+02 0
6.722700e-01 8.649900e-01 -1.780900e-01 6.408200e-02 33 67 1.048300e+01 1.550000e+00 1.107600e+03 7.666200e+02 0
0 0 -1.500000e-01 9.612300e-02 1 68 9.852600e+00 1.550000e+00 2167 -3.612800e+03 0
-1.609700e-02 3.602200e-03 -1.501200e-01 9.612300e-02 2 68 9.380400e+00 1.550000e+00 2.401100e+03 -3.849700e+03 0
6.804600e-01 7.391500e-01 -1.740000e-01 9.612300e-02 30 68 9.891400e+00 1.550000e+00 1197 8.422100e+02 0
6.793700e-01 7.960900e-01 -1.758500e-01 9.612300e-02 31 68 1.026200e+01 1.550000e+00 1155 8.047000e+02 0
2.357300e+00 7.162600e+00 -3.825800e-01 -4.485700e-01 217 51 1.034300e+01 1.550000e+00 8.917400e+02 4.240800e+02 1
2.401000e+00 7.235800e+00 -3.849500e-01 -4.485700e-01 221 51 1.014400e+01 1.550000e+00 8.936600e+02 4.236600e+02 1
2.592800e+00 7.269500e+00 -3.860500e-01 -4.485700e-01 222 51 1.095200e+01 1.550000e+00 9.100300e+02 4.235300e+02 1
2.725700e+00 7.257800e+00 -3.856700e-01 -4.485700e-01 223 51 1.097600e+01 1.550000e+00 9.224200e+02 4.236500e+02 0
2.859600e+00 7.228100e+00 -3.847000e-01 -4.485700e-01 224 51 1.016000e+01 1.550000e+00 9.355800e+02 4.238700e+02 0
2.665100e+00 7.271300e+00 -3.861100e-01 -4.165300e-01 223 52 1.020700e+01 1.550000e+00 9.165000e+02 4.235500e+02 1
0 0 -1.500000e-01 -9.612300e-02 1 62 9.964300e+00 1.550000e+00 2167 -3.612800e+03 0
6.875500e-01 6.018500e-01 -1.695400e-01 -9.612300e-02 29 62 9.549400e+00 1.550000e+00 1343 9.677000e+02 0
6.804600e-01 7.374800e-01 -1.739500e-01 -9.612300e-02 30 62 1.023100e+01 1.550000e+00 1.198300e+03 8.434200e+02 0
6.711800e-01 8.002300e-01 -1.759800e-01 -9.612300e-02 31 62 1.039400e+01 1.550000e+00 1.144700e+03 8.020300e+02 0
6.597200e-01 8.102300e-01 -1.763100e-01 -9.612300e-02 32 62 1.003400e+01 1.550000e+00 1.127900e+03 7.959000e+02 0
0 0 -1.500000e-01 -6.408200e-02 1 63 9.917000e+00 1.550000e+00 2167 -3.612800e+03 0
6.799100e-01 6.155200e-01 -1.699900e-01 -6.408200e-02 29 63 9.909800e+00 1.550000e+00 1.316200e+03 9.519500e+02 0
6.725500e-01 7.502200e-01 -1.743600e-01 -6.408200e-02 30 63 1.085200e+01 1.550000e+00 1.180500e+03 8.342100e+02 0
6.711800e-01 7.984000e-01 -1.759300e-01 -6.408200e-02 31 63 1.119900e+01 1.550000e+00 1.145900e+03 8.031200e+02 0
6.681800e-01 8.261400e-01 -1.768300e-01 -6.408200e-02 32 63 1.088300e+01 1.550000e+00 1126 7.870400e+02 0
6.548100e-01 8.793600e-01 -1.785500e-01 -6.408200e-02 33 63 9.979000e+00 1.550000e+00 1.085600e+03 7.592500e+02 0
0 0 -1.500000e-01 -3.204100e-02 1 64 1.566900e+01 1.550000e+00 2167 -3.612800e+03 0
-7.093800e-02 1.123900e-01 -1.536500e-01 -3.204100e-02 5 64 1.417200e+01 1.550000e+00 -3.072800e+03 7.601600e+03 0
-1.585200e-01 1.860600e-01 -1.560400e-01 -3.204100e-02 8 64 1.335800e+01 1.550000e+00 -1.090300e+03 2.892700e+03 0
-1.986300e-01 1.949900e-01 -1.563300e-01 -3.204100e-02 9 64 1.286600e+01 1.550000e+00 -1.146300e+03 2.690400e+03 0
-2.455500e-01 1.903000e-01 -1.561800e-01 -3.204100e-02 10 64 1.263400e+01 1.550000e+00 -1.431600e+03 2.747800e+03 0
-2.592000e-01 2.258000e-01 -1.573300e-01 -3.204100e-02 11 64 1.206800e+01 1.550000e+00 -1.009600e+03 2.217800e+03 0
-2.881200e-01 2.269300e-01 -1.573700e-01 -3.204100e-02 12 64 1.172800e+01 1.550000e+00 -1.100600e+03 2194 0
-3.077600e-01 2.735700e-01 -1.588800e-01 -3.204100e-02 13 64 1.092100e+01 1.550000e+00 -7.558700e+02 1.785600e+03 0
-3.050300e-01 3.205500e-01 -1.604100e-01 -3.204100e-02 14 64 1.035500e+01 1.550000e+00 -4.845000e+02 1.529300e+03 0
-1.375100e-01 1.773700e-01 -1.557600e-01 -3.204100e-02 15 64 1.028200e+01 1.550000e+00 -1.121800e+03 3111 0
3.609700e-01 3.597500e-01 -1.616800e-01 -3.204100e-02 28 64 1.208800e+01 1.550000e+00 1.133500e+03 1.461200e+03 0
6.799100e-01 6.419000e-01 -1.708400e-01 -3.204100e-02 29 64 1.361200e+01 1.550000e+00 1.286100e+03 9.243500e+02 0
6.725500e-01 7.389700e-01 -1.740000e-01 -3.204100e-02 30 64 1.455600e+01 1.550000e+00 1.189100e+03 8.421400e+02 0
6.793700e-01 7.974600e-01 -1.758900e-01 -3.204100e-02 31 64 1.471800e+01 1.550000e+00 1.154100e+03 8.038600e+02 0
6.766400e-01 8.301100e-01 -1.769500e-01 -3.204100e-02 32 64 1.419100e+01 1.550000e+00 1.131200e+03 7.850100e+02 0
6.810000e-01 8.620900e-01 -1.779900e-01 -3.204100e-02 33 64 1.269600e+01 1.550000e+00 1.116600e+03 7.682400e+02 0
7.514000e-01 9.182600e-01 -1.798200e-01 -3.204100e-02 35 64 1.044900e+01 1.550000e+00 1.143400e+03 7.429400e+02 0
-8.021400e-01 8.833700e-01 -1.786800e-01 -3.204100e-02 36 64 1.075600e+01 1.550000e+00 -4.576200e+01 7.334100e+02 0
-8.250600e-01 8.907200e-01 -1.789200e-01 -3.204100e-02 37 64 1.098900e+01 1.550000e+00 -5.589800e+01 730 0
-8.580800e-01 8.773700e-01 -1.784900e-01 -3.204100e-02 38 64 1.050700e+01 1.550000e+00 -9.212600e+01 7.350800e+02 0
