0 0 -1.500000e-01 0 1 65 1.669900e+01 4.160000e+00 2167 -3.612800e+03 0
-7.093800e-02 1.127900e-01 -1.594600e-01 0 5 65 1.521400e+01 4.160000e+00 -3.057500e+03 7.661200e+03 0
-1.585200e-01 1.859900e-01 -1.656100e-01 0 8 65 1.436400e+01 4.160000e+00 -1.096900e+03 2.952900e+03 0
-2.008100e-01 1.927100e-01 -1.661700e-01 0 9 65 1.388500e+01 4.160000e+00 -1.195300e+03 2.787200e+03 0
-2.480100e-01 1.867800e-01 -1.656700e-01 0 10 65 1.370500e+01 4.160000e+00 -1.511400e+03 2.871700e+03 0
-2.619200e-01 2.223400e-01 -1.686600e-01 0 11 65 1.314300e+01 4.160000e+00 -1.061900e+03 2.307500e+03 0
-2.881200e-01 2.316600e-01 -1.694400e-01 0 12 65 1.270900e+01 4.160000e+00 -1.054600e+03 2.191700e+03 0
-3.044900e-01 2.812300e-01 -1.736000e-01 0 13 65 1.196400e+01 4.160000e+00 -6.993000e+02 1.781400e+03 0
-3.014900e-01 3.069400e-01 -1.757600e-01 0 14 65 1.147000e+01 4.160000e+00 -5.446100e+02 1.637300e+03 0
-1.222300e-01 2.237300e-01 -1.687700e-01 0 15 65 1.100900e+01 4.160000e+00 -5.212100e+02 2.350100e+03 0
3.536000e-01 3.205300e-01 -1.769000e-01 0 28 65 1.311400e+01 4.160000e+00 1.188700e+03 1.687100e+03 0
6.799100e-01 6.390000e-01 -2.036200e-01 0 29 65 1.467600e+01 4.160000e+00 1.291300e+03 9.657800e+02 0
6.725500e-01 7.364100e-01 -2.117900e-01 0 30 65 1.558900e+01 4.160000e+00 1.192800e+03 8.813900e+02 0
6.793700e-01 7.975800e-01 -2.169300e-01 0 31 65 1.573200e+01 4.160000e+00 1.155700e+03 8.406800e+02 0
6.766400e-01 8.330600e-01 -2.199000e-01 0 32 65 1.519100e+01 4.160000e+00 1131 8.200200e+02 0
6.722700e-01 8.763300e-01 -2.235400e-01 0 33 65 1.372000e+01 4.160000e+00 1.103100e+03 7.973500e+02 0
6.662700e-01 9.371200e-01 -2.286400e-01 0 34 65 1.126300e+01 4.160000e+00 1.068900e+03 7.694500e+02 0
7.514000e-01 8.387800e-01 -2.203800e-01 0 35 65 1.074100e+01 4.160000e+00 1.193500e+03 8.184700e+02 0
-8.212400e-01 9.005200e-01 -2.255600e-01 0 36 65 1.168900e+01 4.160000e+00 -4.578300e+01 7.600600e+02 0
-8.348900e-01 8.975000e-01 -2.253100e-01 0 37 65 1.218500e+01 4.160000e+00 -5.820500e+01 7.610700e+02 0
-8.580800e-01 8.924900e-01 -2.248900e-01 0 38 65 1.180600e+01 4.160000e+00 -7.939200e+01 7.627500e+02 0
-8.812700e-01 9.331200e-01 -2.283000e-01 0 39 65 1.041800e+01 4.160000e+00 -5.995800e+01 7.463900e+02 0
0 0 -1.500000e-01 3.204100e-02 1 66 1.569900e+01 4.160000e+00 2167 -3.612800e+03 0
-7.202900e-02 1.119400e-01 -1.593900e-01 3.204100e-02 5 66 1.421600e+01 4.160000e+00 -3.150600e+03 7.807700e+03 0
-1.585200e-01 1.858600e-01 -1.656000e-01 3.204100e-02 8 66 1.334100e+01 4.160000e+00 -1.098800e+03 2.955600e+03 0
-2.008100e-01 1.931700e-01 -1.662100e-01 3.204100e-02 9 66 1.282800e+01 4.160000e+00 -1.188300e+03 2.778500e+03 0
-2.480100e-01 1.873600e-01 -1.657200e-01 3.204100e-02 10 66 1.265400e+01 4.160000e+00 -1.500900e+03 2860 0
-2.619200e-01 2.218700e-01 -1.686200e-01 3.204100e-02 11 66 1.212600e+01 4.160000e+00 -1.067200e+03 2.313300e+03 0
-2.881200e-01 2.300100e-01 -1.693000e-01 3.204100e-02 12 66 1.166300e+01 4.160000e+00 -1.071900e+03 2.209400e+03 0
-3.044900e-01 2.814500e-01 -1.736200e-01 3.204100e-02 13 66 1.086100e+01 4.160000e+00 -6.979400e+02 1.780100e+03 0
-3.050300e-01 3.132000e-01 -1.762800e-01 3.204100e-02 14 66 1.048500e+01 4.160000e+00 -5.219900e+02 1.605900e+03 0
3.609700e-01 2.691200e-01 -1.725800e-01 3.204100e-02 28 66 1.206700e+01 4.160000e+00 1.353900e+03 2047 0
6.799100e-01 6.366500e-01 -2.034200e-01 3.204100e-02 29 66 1.363500e+01 4.160000e+00 1.293900e+03 9.681900e+02 0
6.725500e-01 7.329600e-01 -2.115000e-01 3.204100e-02 30 66 1.454100e+01 4.160000e+00 1.195500e+03 8.839300e+02 0
6.793700e-01 7.973800e-01 -2.169100e-01 3.204100e-02 31 66 1.466600e+01 4.160000e+00 1.155800e+03 8.408100e+02 0
6.766400e-01 8.363500e-01 -2.201800e-01 3.204100e-02 32 66 1.411900e+01 4.160000e+00 1.129100e+03 8.182100e+02 0
6.722700e-01 8.790300e-01 -2.237600e-01 3.204100e-02 33 66 1.271800e+01 4.160000e+00 1.101700e+03 7.960200e+02 0
6.752700e-01 9.124100e-01 -2.265600e-01 3.204100e-02 34 66 1.076900e+01 4.160000e+00 1.087400e+03 7.804100e+02 0
7.514000e-01 8.370400e-01 -2.202400e-01 3.204100e-02 35 66 1.004800e+01 4.160000e+00 1.194600e+03 8.194300e+02 0
-8.307900e-01 8.883800e-01 -2.245500e-01 3.204100e-02 36 66 1.053900e+01 4.160000e+00 -6.338500e+01 7.649000e+02 0
-8.348900e-01 8.865300e-01 -2.243900e-01 3.204100e-02 37 66 1.109500e+01 4.160000e+00 -6.802700e+01 7.656100e+02 0
-8.479800e-01 8.997100e-01 -2.255000e-01 3.204100e-02 38 66 1.071900e+01 4.160000e+00 -6.563800e+01 7.599600e+02 0
-1.626700e+00 9.265800e+00 -9.275100e-01 -9.612300e-01 272 35 1.036800e+01 4.160000e+00 5.703400e+02 4.449300e+02 1
-1.929500e+00 9.210800e+00 -9.229000e-01 -9.612300e-01 273 35 1.038800e+01 4.160000e+00 5.487900e+02 4.450100e+02 1
-1.936600e+00 9.285800e+00 -9.292000e-01 -9.612300e-01 274 35 9.998700e+00 4.160000e+00 5.494800e+02 4.447500e+02 1
-1.345600e+00 9.465100e+00 -9.442400e-01 -9.612300e-01 275 35 1.007800e+01 4.160000e+00 5.917900e+02 4.443600e+02 1
-1.125500e+00 9.466600e+00 -9.443600e-01 -9.612300e-01 276 35 1.002200e+01 4.160000e+00 6.065900e+02 4.444300e+02 1
-1.478800e+00 9.330500e+00 -9.329400e-01 -9.291900e-01 272 36 1.060700e+01 4.160000e+00 5.812500e+02 4.447600e+02 1
-1.855300e+00 9.302400e+00 -9.305900e-01 -9.291900e-01 273 36 1.049100e+01 4.160000e+00 5.552600e+02 4.447300e+02 1
-1.125500e+00 9.511900e+00 -9.481700e-01 -9.291900e-01 276 36 1.030900e+01 4.160000e+00 6.070100e+02 4.442800e+02 1
-1.506100e+00 9.520100e+00 -9.488500e-01 -9.291900e-01 277 36 1.043500e+01 4.160000e+00 5.816900e+02 4.441200e+02 1
-1.360400e+00 9.563700e+00 -9.525100e-01 -9.291900e-01 278 36 1.001400e+01 4.160000e+00 5.918700e+02 4.440300e+02 1
-4.075700e+00 5.043400e+00 -5.732000e-01 -7.689800e-01 195 41 1.035300e+01 4.160000e+00 1.646200e+02 4.697000e+02 1
-4.043500e+00 5.408400e+00 -6.038300e-01 -7.689800e-01 196 41 1.177800e+01 4.160000e+00 2.036000e+02 4.659500e+02 1
-4.064200e+00 5.488500e+00 -6.105600e-01 -7.689800e-01 197 41 1.219700e+01 4.160000e+00 2.083700e+02 4.651700e+02 1
-4.084900e+00 5.531600e+00 -6.141700e-01 -7.689800e-01 198 41 1.171000e+01 4.160000e+00 2.098100e+02 4.647500e+02 1
-3.943600e+00 5.680000e+00 -6.266200e-01 -7.689800e-01 199 41 1.064800e+01 4.160000e+00 2.376100e+02 4.635100e+02 1
-4.022700e+00 5.244300e+00 -5.900600e-01 -7.369400e-01 195 42 1.068600e+01 4.160000e+00 1.908500e+02 4.676000e+02 1
-4.043500e+00 5.422700e+00 -6.050300e-01 -7.369400e-01 196 42 1.217400e+01 4.160000e+00 2.048800e+02 4.658100e+02 1
-4.010700e+00 5.530500e+00 -6.140800e-01 -7.369400e-01 197 42 1.258800e+01 4.160000e+00 2.179500e+02 4.648200e+02 1
-4.084900e+00 5.534200e+00 -6.143900e-01 -7.369400e-01 198 42 1.197300e+01 4.160000e+00 2.100300e+02 4.647300e+02 1
-4.105700e+00 5.563700e+00 -6.168700e-01 -7.369400e-01 199 42 1.051400e+01 4.160000e+00 2.102900e+02 4.644400e+02 1
-3.937100e+00 5.528900e+00 -6.139400e-01 -7.049000e-01 196 43 1.042500e+01 4.160000e+00 2.259900e+02 4.648800e+02 1
-3.957200e+00 5.576200e+00 -6.179100e-01 -7.049000e-01 197 43 1.095100e+01 4.160000e+00 2.276900e+02 4.644300e+02 1
-3.977400e+00 5.606700e+00 -6.204700e-01 -7.049000e-01 198 43 1.045200e+01 4.160000e+00 2.279900e+02 4.641400e+02 1
-1.855300e-01 5.622200e-01 -1.971800e-01 -2.563300e-01 18 57 1.001300e+01 4.160000e+00 2.346000e+02 1.015300e+03 0
-2.013500e-01 5.938100e-01 -1.998300e-01 -2.563300e-01 19 57 1.041300e+01 4.160000e+00 2.435000e+02 9.784900e+02 0
-2.073600e-01 6.264700e-01 -2.025700e-01 -2.563300e-01 20 57 9.656200e+00 4.160000e+00 2.631400e+02 9.452500e+02 0
0 0 -1.500000e-01 -2.242900e-01 1 58 9.504800e+00 4.160000e+00 2167 -3.612800e+03 0
-1.855300e-01 5.616800e-01 -1.971300e-01 -2.242900e-01 18 58 1.001000e+01 4.160000e+00 2.341000e+02 1016 0
-2.013500e-01 5.940900e-01 -1.998500e-01 -2.242900e-01 19 58 1.036500e+01 4.160000e+00 2.437400e+02 9.781900e+02 0
-2.073600e-01 6.277000e-01 -2.026700e-01 -2.242900e-01 20 58 9.726800e+00 4.160000e+00 2.640900e+02 9.440900e+02 0
0 0 -1.500000e-01 -6.408200e-02 1 63 1.001600e+01 4.160000e+00 2167 -3.612800e+03 0
-3.410500e-02 4.944200e-03 -1.504100e-01 -6.408200e-02 2 63 9.723200e+00 4.160000e+00 2.618400e+03 -3.972300e+03 0
0 0 -1.500000e-01 -3.204100e-02 1 64 1.567600e+01 4.160000e+00 2167 -3.612800e+03 0
-7.093800e-02 1.127300e-01 -1.594600e-01 -3.204100e-02 5 64 1.418400e+01 4.160000e+00 -3.062600e+03 7.671100e+03 0
-1.585200e-01 1.860300e-01 -1.656100e-01 -3.204100e-02 8 64 1.337400e+01 4.160000e+00 -1.096200e+03 2.951900e+03 0
-2.008100e-01 1.926100e-01 -1.661600e-01 -3.204100e-02 9 64 1.288700e+01 4.160000e+00 -1.196800e+03 2.789100e+03 0
-2.480100e-01 1.865100e-01 -1.656500e-01 -3.204100e-02 10 64 1.269100e+01 4.160000e+00 -1.516300e+03 2.877100e+03 0
-2.592000e-01 2.261100e-01 -1.689700e-01 -3.204100e-02 11 64 1.208700e+01 4.160000e+00 -1011 2.264300e+03 0
-2.851200e-01 2.340200e-01 -1.696400e-01 -3.204100e-02 12 64 1.171200e+01 4.160000e+00 -1020 2168 0
-3.012100e-01 2.814100e-01 -1.736100e-01 -3.204100e-02 13 64 1.105200e+01 4.160000e+00 -6.892700e+02 1781 0
3.536000e-01 3.412600e-01 -1.786400e-01 -3.204100e-02 28 64 1.207700e+01 4.160000e+00 1.148500e+03 1.583700e+03 0
6.799100e-01 6.399600e-01 -2.037000e-01 -3.204100e-02 29 64 1.367400e+01 4.160000e+00 1.290300e+03 9.648000e+02 0
6.804600e-01 7.315300e-01 -2.113800e-01 -3.204100e-02 30 64 1.458500e+01 4.160000e+00 1.204800e+03 8.852100e+02 0
6.793700e-01 7.974600e-01 -2.169200e-01 -3.204100e-02 31 64 1.473400e+01 4.160000e+00 1.155800e+03 8.407600e+02 0
6.766400e-01 8.306300e-01 -2.197000e-01 -3.204100e-02 32 64 1.418900e+01 4.160000e+00 1.132500e+03 8.213600e+02 0
6.722700e-01 8.741000e-01 -2.233500e-01 -3.204100e-02 33 64 1.266300e+01 4.160000e+00 1.104300e+03 7.984500e+02 0
-8.116900e-01 9.060100e-01 -2.260300e-01 -3.204100e-02 36 64 1.075100e+01 4.160000e+00 -3.424800e+01 7.579900e+02 0
-8.250600e-01 9.013200e-01 -2.256300e-01 -3.204100e-02 37 64 1.125300e+01 4.160000e+00 -4.782100e+01 7.596700e+02 0
-8.479800e-01 9.013000e-01 -2.256300e-01 -3.204100e-02 38 64 1.082100e+01 4.160000e+00 -6.421900e+01 7.593100e+02 0
