0 0 -1.500000e-01 0 1 65 1.670700e+01 4.100000e+00 2167 -3.612800e+03 0
-7.093800e-02 1.129700e-01 -1.594800e-01 0 5 65 1.520200e+01 4.100000e+00 -3.041500e+03 7.630200e+03 0
-1.585200e-01 1.859700e-01 -1.656000e-01 0 8 65 1.438800e+01 4.100000e+00 -1.097200e+03 2.953300e+03 0
-2.008100e-01 1.929300e-01 -1.661900e-01 0 9 65 1.387400e+01 4.100000e+00 -1.192100e+03 2.783200e+03 0
-2.480100e-01 1.868600e-01 -1.656800e-01 0 10 65 1.369500e+01 4.100000e+00 -1.509900e+03 2870 0
-2.619200e-01 2.220500e-01 -1.686300e-01 0 11 65 1.316300e+01 4.100000e+00 -1.065100e+03 2311 0
-2.881200e-01 2.311400e-01 -1.694000e-01 0 12 65 1.269400e+01 4.100000e+00 -1060 2.197300e+03 0
-3.077600e-01 2.788100e-01 -1.734000e-01 0 13 65 1.192300e+01 4.100000e+00 -7.239700e+02 1.796100e+03 0
-3.121300e-01 3.017500e-01 -1.753200e-01 0 14 65 1.147300e+01 4.100000e+00 -5.981900e+02 1662 0
-1.222300e-01 3.014200e-01 -1.752900e-01 0 15 65 1.122800e+01 4.100000e+00 -1.132800e+02 1.699900e+03 0
3.609700e-01 3.356000e-01 -1.781600e-01 0 28 65 1.311500e+01 4.100000e+00 1.178100e+03 1.611500e+03 0
6.799100e-01 6.386000e-01 -2.035900e-01 0 29 65 1.468200e+01 4.100000e+00 1.291800e+03 9.661800e+02 0
6.725500e-01 7.367600e-01 -2.118200e-01 0 30 65 1.560400e+01 4.100000e+00 1.192600e+03 8.811300e+02 0
6.793700e-01 7.975600e-01 -2.169300e-01 0 31 65 1.575500e+01 4.100000e+00 1.155700e+03 8.406900e+02 0
6.766400e-01 8.322500e-01 -2.198400e-01 0 32 65 1.522400e+01 4.100000e+00 1.131500e+03 8.204700e+02 0
6.810000e-01 8.701500e-01 -2.230200e-01 0 33 65 1.376200e+01 4.100000e+00 1.113700e+03 8.005900e+02 0
7.421200e-01 9.184600e-01 -2.270700e-01 0 35 65 1.112500e+01 4.100000e+00 1.137500e+03 7.788800e+02 0
-8.116900e-01 9.050700e-01 -2.259500e-01 0 36 65 1.167500e+01 4.100000e+00 -3.504700e+01 7.583700e+02 0
-8.348900e-01 9.050000e-01 -2.259400e-01 0 37 65 1.212300e+01 4.100000e+00 -5.163600e+01 7.580300e+02 0
-8.681700e-01 8.817100e-01 -2.239900e-01 0 38 65 1.170200e+01 4.100000e+00 -9.672500e+01 7.670800e+02 0
-9.434700e-01 7.764400e-01 -2.151500e-01 0 39 65 1.025200e+01 4.100000e+00 -2.727300e+02 8.164000e+02 0
0 0 -1.500000e-01 3.204100e-02 1 66 1.569500e+01 4.100000e+00 2167 -3.612800e+03 0
-7.202900e-02 1.128500e-01 -1.594700e-01 3.204100e-02 5 66 1.418600e+01 4.100000e+00 -3.065500e+03 7.643900e+03 0
-1.604300e-01 1.841900e-01 -1.654600e-01 3.204100e-02 8 66 1.336200e+01 4.100000e+00 -1.134300e+03 2991 0
-2.008100e-01 1.932300e-01 -1.662100e-01 3.204100e-02 9 66 1.284800e+01 4.100000e+00 -1.187500e+03 2.777400e+03 0
-2.480100e-01 1.869600e-01 -1.656900e-01 3.204100e-02 10 66 1.263500e+01 4.100000e+00 -1.508200e+03 2.868100e+03 0
-2.619200e-01 2.215300e-01 -1.685900e-01 3.204100e-02 11 66 1.214500e+01 4.100000e+00 -1071 2.317400e+03 0
-2.911200e-01 2.235300e-01 -1.687600e-01 3.204100e-02 12 66 1.170500e+01 4.100000e+00 -1.154700e+03 2.281300e+03 0
-3.110400e-01 2.734100e-01 -1.729400e-01 3.204100e-02 13 66 1.097800e+01 4.100000e+00 -7.697000e+02 1831 0
-3.085800e-01 3.069600e-01 -1.757600e-01 3.204100e-02 14 66 1.056800e+01 4.100000e+00 -5.618600e+02 1.635900e+03 0
3.536000e-01 3.220400e-01 -1.770200e-01 3.204100e-02 28 66 1.218200e+01 4.100000e+00 1.185500e+03 1679 0
6.799100e-01 6.336500e-01 -2.031700e-01 3.204100e-02 29 66 1.369400e+01 4.100000e+00 1.297300e+03 9.712800e+02 0
6.725500e-01 7.345300e-01 -2.116400e-01 3.204100e-02 30 66 1.462800e+01 4.100000e+00 1.194300e+03 8.827700e+02 0
6.711800e-01 8.044700e-01 -2.175100e-01 3.204100e-02 31 66 1.479800e+01 4.100000e+00 1.143600e+03 8.363300e+02 0
6.766400e-01 8.344800e-01 -2.200200e-01 3.204100e-02 32 66 1.429500e+01 4.100000e+00 1.130200e+03 8.192300e+02 0
6.810000e-01 8.746200e-01 -2.233900e-01 3.204100e-02 33 66 1.288200e+01 4.100000e+00 1.111300e+03 7.983600e+02 0
7.421200e-01 8.809400e-01 -2.239200e-01 3.204100e-02 35 66 1.017100e+01 4.100000e+00 1.158800e+03 7.964300e+02 0
-8.307900e-01 8.859000e-01 -2.243400e-01 3.204100e-02 36 66 1.076100e+01 4.100000e+00 -6.562200e+01 7.659400e+02 0
-8.545300e-01 8.926800e-01 -2.249100e-01 3.204100e-02 37 66 1.112400e+01 4.100000e+00 -7.665700e+01 7.627200e+02 0
-8.984600e-01 8.449900e-01 -2.209000e-01 3.204100e-02 38 66 1.059500e+01 4.100000e+00 -1.560500e+02 7.827800e+02 0
-2.690200e-01 4.004400e-01 -1.836000e-01 2.563300e-01 18 73 9.600600e+00 4.100000e+00 -1.416800e+02 1.300200e+03 0
-2.946700e-01 3.978500e-01 -1.833800e-01 2.563300e-01 19 73 9.930700e+00 4.100000e+00 -1.949600e+02 1.304600e+03 0
-5.347600e-01 9.722200e+00 -9.658100e-01 -9.291900e-01 281 36 1.103300e+01 4.100000e+00 6.476300e+02 4.438000e+02 1
-4.600100e-01 9.781700e+00 -9.708100e-01 -9.291900e-01 282 36 1.130500e+01 4.100000e+00 6.528000e+02 4.436400e+02 1
-5.385800e-01 9.806700e+00 -9.729000e-01 -9.291900e-01 283 36 1.068100e+01 4.100000e+00 6.477800e+02 4.435300e+02 1
-7.775900e-02 9.951900e+00 -9.850900e-01 -9.291900e-01 286 36 1.002400e+01 4.100000e+00 6.780800e+02 4.432300e+02 1
-3.901600e-01 9.974400e+00 -9.869700e-01 -9.291900e-01 287 36 1.055400e+01 4.100000e+00 6.580800e+02 4.430600e+02 1
-4.698300e-01 9.972000e+00 -9.867700e-01 -9.291900e-01 288 36 1.004400e+01 4.100000e+00 6.529600e+02 4.430500e+02 1
-6.875500e-01 9.610100e+00 -9.564000e-01 -8.971500e-01 281 37 1.020800e+01 4.100000e+00 6.369300e+02 4.441100e+02 1
-5.366700e-01 9.696500e+00 -9.636500e-01 -8.971500e-01 282 37 1.053900e+01 4.100000e+00 6.473800e+02 4.438800e+02 1
0 0 -1.500000e-01 -6.408200e-02 1 63 1.006500e+01 4.100000e+00 2167 -3.612800e+03 0
-1.828000e-02 1.578200e-02 -1.513200e-01 -6.408200e-02 2 63 9.727800e+00 4.100000e+00 2.787700e+03 -4.756800e+03 0
6.766400e-01 8.306600e-01 -2.197000e-01 -6.408200e-02 32 63 9.760900e+00 4.100000e+00 1.132400e+03 8.213500e+02 0
6.984700e-01 8.676000e-01 -2.228000e-01 -6.408200e-02 33 63 1.022200e+01 4.100000e+00 1.129900e+03 8.022200e+02 0
7.293000e-01 8.873000e-01 -2.244600e-01 -6.408200e-02 34 63 1.011300e+01 4.100000e+00 1.144400e+03 7.931000e+02 0
7.606700e-01 9.066100e-01 -2.260800e-01 -6.408200e-02 35 63 9.641800e+00 4.100000e+00 1159 7.845800e+02 0
0 0 -1.500000e-01 -3.204100e-02 1 64 1.569600e+01 4.100000e+00 2167 -3.612800e+03 0
-7.093800e-02 1.123700e-01 -1.594300e-01 -3.204100e-02 5 64 1.418100e+01 4.100000e+00 -3.096500e+03 7.736600e+03 0
-1.585200e-01 1.860200e-01 -1.656100e-01 -3.204100e-02 8 64 1.338000e+01 4.100000e+00 -1.096400e+03 2.952300e+03 0
-1.986300e-01 1.949100e-01 -1.663600e-01 -3.204100e-02 9 64 1.283600e+01 4.100000e+00 -1.152900e+03 2.747700e+03 0
-2.480100e-01 1.861700e-01 -1.656200e-01 -3.204100e-02 10 64 1.269300e+01 4.100000e+00 -1.522700e+03 2.884200e+03 0
-2.619200e-01 2.211000e-01 -1.685500e-01 -3.204100e-02 11 64 1.217800e+01 4.100000e+00 -1.075900e+03 2.322600e+03 0
-2.881200e-01 2.281600e-01 -1.691500e-01 -3.204100e-02 12 64 1.169200e+01 4.100000e+00 -1.091900e+03 2.229700e+03 0
-3.110400e-01 2.718600e-01 -1.728100e-01 -3.204100e-02 13 64 1.083800e+01 4.100000e+00 -7.805600e+02 1.841500e+03 0
-4.125300e-01 2.382700e-01 -1.699900e-01 -3.204100e-02 15 64 1.037600e+01 4.100000e+00 -1.393500e+03 2.082500e+03 0
3.609700e-01 3.492300e-01 -1.793000e-01 -3.204100e-02 28 64 1.197500e+01 4.100000e+00 1153 1.549400e+03 0
6.799100e-01 6.423700e-01 -2.039000e-01 -3.204100e-02 29 64 1.361600e+01 4.100000e+00 1.287600e+03 9.623700e+02 0
6.804600e-01 7.318200e-01 -2.114100e-01 -3.204100e-02 30 64 1.454900e+01 4.100000e+00 1.204600e+03 885 0
6.793700e-01 7.974100e-01 -2.169100e-01 -3.204100e-02 31 64 1.468400e+01 4.100000e+00 1.155800e+03 8.407900e+02 0
6.766400e-01 8.297300e-01 -2.196200e-01 -3.204100e-02 32 64 1.413800e+01 4.100000e+00 1133 8.218700e+02 0
6.810000e-01 8.674700e-01 -2.227900e-01 -3.204100e-02 33 64 1.272400e+01 4.100000e+00 1.115200e+03 8.019400e+02 0
7.383000e-01 8.843600e-01 -2.242100e-01 -3.204100e-02 34 64 1.086000e+01 4.100000e+00 1.153600e+03 7.946900e+02 0
7.885000e-01 8.832800e-01 -2.241200e-01 -3.204100e-02 35 64 1.040000e+01 4.100000e+00 1.196100e+03 7.961800e+02 0
-8.212400e-01 8.968500e-01 -2.252600e-01 -3.204100e-02 36 64 1.045800e+01 4.100000e+00 -4.897300e+01 7.615600e+02 0
-8.348900e-01 9.097500e-01 -2.263400e-01 -3.204100e-02 37 64 1.097500e+01 4.100000e+00 -4.753800e+01 7.561300e+02 0
-8.580800e-01 9.115400e-01 -2.264900e-01 -3.204100e-02 38 64 1.067900e+01 4.100000e+00 -6.238100e+01 7.550600e+02 0
