0 0 -1.500000e-01 0 1 65 1.668200e+01 1.430000e+00 2167 -3.612800e+03 0
-7.093800e-02 1.130700e-01 -1.533900e-01 0 5 65 1.519500e+01 1.430000e+00 -3.010500e+03 7.477900e+03 0
-1.604300e-01 1.843500e-01 -1.555200e-01 0 8 65 1.436500e+01 1.430000e+00 -1.125900e+03 2.925500e+03 0
-2.008100e-01 1.929800e-01 -1.557800e-01 0 9 65 1.388800e+01 1.430000e+00 -1.185300e+03 2.723100e+03 0
-2.480100e-01 1.871100e-01 -1.556100e-01 0 10 65 1.368800e+01 1.430000e+00 -1.498300e+03 2.805400e+03 0
-2.619200e-01 2.221500e-01 -1.566500e-01 0 11 65 1.314300e+01 1.430000e+00 -1059 2.256900e+03 0
-2.881200e-01 2.306200e-01 -1.569100e-01 0 12 65 1.268300e+01 1.430000e+00 -1.060600e+03 2.151400e+03 0
-3.077600e-01 2.781800e-01 -1.583300e-01 0 13 65 1.194000e+01 1.430000e+00 -7.245500e+02 1.753300e+03 0
-3.085800e-01 3.077800e-01 -1.592200e-01 0 14 65 1.152600e+01 1.430000e+00 -5.546400e+02 1.586700e+03 0
-1.184100e-01 3.562800e-01 -1.606700e-01 0 15 65 1.136400e+01 1.430000e+00 5.084400e+01 1.409800e+03 0
3.536000e-01 3.141800e-01 -1.594100e-01 0 28 65 1.313100e+01 1.430000e+00 1.200100e+03 1673 0
6.799100e-01 6.378400e-01 -1.691100e-01 0 29 65 1.467100e+01 1.430000e+00 1.290400e+03 9.265500e+02 0
6.725500e-01 7.377400e-01 -1.721000e-01 0 30 65 1.563200e+01 1.430000e+00 1.189900e+03 8.412000e+02 0
6.711800e-01 8.043700e-01 -1.741000e-01 0 31 65 1.583300e+01 1.430000e+00 1142 7.977700e+02 0
6.766400e-01 8.313400e-01 -1.749000e-01 0 32 65 1.537800e+01 1.430000e+00 1.130300e+03 7.825500e+02 0
6.810000e-01 8.657900e-01 -1.759400e-01 0 33 65 1.402700e+01 1.430000e+00 1.114500e+03 7.646100e+02 0
6.302600e-01 9.424300e-01 -1.782300e-01 0 34 65 1.072800e+01 1.430000e+00 1.037500e+03 729 0
7.792300e-01 8.624000e-01 -1.758300e-01 0 35 65 1.074500e+01 1.430000e+00 1200 7.681200e+02 0
-7.926000e-01 9.254900e-01 -1.777200e-01 0 36 65 1.188100e+01 1.430000e+00 -3.602600e+00 7.150200e+02 0
-8.054200e-01 9.309600e-01 -1.778900e-01 0 37 65 1.240600e+01 1.430000e+00 -8.164200e+00 7.127700e+02 0
-8.277900e-01 9.334900e-01 -1.779600e-01 0 38 65 1.217600e+01 1.430000e+00 -2.158600e+01 7.115100e+02 0
-8.501600e-01 9.508800e-01 -1.784800e-01 0 39 65 1.101400e+01 1.430000e+00 -2.295200e+01 7.048500e+02 0
8.447100e-01 8.292700e-01 -1.748400e-01 0 44 65 9.925700e+00 1.430000e+00 1.281800e+03 7.870600e+02 0
0 0 -1.500000e-01 3.204100e-02 1 66 1.565800e+01 1.430000e+00 2167 -3.612800e+03 0
-7.093800e-02 1.138700e-01 -1.534100e-01 3.204100e-02 5 66 1.419800e+01 1.430000e+00 -2.939700e+03 7.342300e+03 0
-1.604300e-01 1.842600e-01 -1.555200e-01 3.204100e-02 8 66 1.342300e+01 1.430000e+00 -1.127300e+03 2.927400e+03 0
-2.008100e-01 1.929100e-01 -1.557800e-01 3.204100e-02 9 66 1.293700e+01 1.430000e+00 -1.186400e+03 2.724500e+03 0
-2.480100e-01 1.872000e-01 -1.556100e-01 3.204100e-02 10 66 1.272100e+01 1.430000e+00 -1.496800e+03 2.803700e+03 0
-2.619200e-01 2.226000e-01 -1.566700e-01 3.204100e-02 11 66 1.220300e+01 1.430000e+00 -1.054100e+03 2.251700e+03 0
-2.881200e-01 2.309300e-01 -1.569200e-01 3.204100e-02 12 66 1.170100e+01 1.430000e+00 -1.057300e+03 2.148100e+03 0
-3.077600e-01 2.772800e-01 -1.583100e-01 3.204100e-02 13 66 1.097100e+01 1.430000e+00 -7.305600e+02 1.759100e+03 0
-3.014900e-01 3.163100e-01 -1.594800e-01 3.204100e-02 14 66 1.060100e+01 1.430000e+00 -4.957900e+02 1.547100e+03 0
-1.069500e-01 3.504700e-01 -1.605000e-01 3.204100e-02 15 66 1.038500e+01 1.430000e+00 6.260400e+01 1.432700e+03 0
3.536000e-01 3.072600e-01 -1.592000e-01 3.204100e-02 28 66 1.210700e+01 1.430000e+00 1216 1.713400e+03 0
6.722700e-01 6.419200e-01 -1.692300e-01 3.204100e-02 29 66 1.364400e+01 1.430000e+00 1.276800e+03 9.221900e+02 0
6.725500e-01 7.369800e-01 -1.720800e-01 3.204100e-02 30 66 1.460000e+01 1.430000e+00 1.190500e+03 8.417500e+02 0
6.711800e-01 8.044300e-01 -1.741000e-01 3.204100e-02 31 66 1.481000e+01 1.430000e+00 1.141900e+03 7.977300e+02 0
6.766400e-01 8.322800e-01 -1.749300e-01 3.204100e-02 32 66 1.436000e+01 1.430000e+00 1.129800e+03 7.820400e+02 0
6.810000e-01 8.650300e-01 -1.759100e-01 3.204100e-02 33 66 1.299400e+01 1.430000e+00 1.114900e+03 7.649900e+02 0
7.885000e-01 8.643000e-01 -1.758900e-01 3.204100e-02 35 66 1.011100e+01 1.430000e+00 1.206600e+03 7.673200e+02 0
-7.735000e-01 9.449100e-01 -1.783100e-01 3.204100e-02 36 66 1.095000e+01 1.430000e+00 2.452200e+01 7.080300e+02 0
-8.054200e-01 9.350800e-01 -1.780100e-01 3.204100e-02 37 66 1.152400e+01 1.430000e+00 -4.911800e+00 7.112300e+02 0
-8.277900e-01 9.371000e-01 -1.780700e-01 3.204100e-02 38 66 1.134900e+01 1.430000e+00 -1.868800e+01 7.101700e+02 0
-8.605300e-01 9.468900e-01 -1.783700e-01 3.204100e-02 39 66 1.015200e+01 1.430000e+00 -3.314900e+01 7.061500e+02 0
6.875500e-01 6.484700e-01 -1.694300e-01 6.408200e-02 29 67 9.817000e+00 1.430000e+00 1288 9.162800e+02 0
6.804600e-01 7.256300e-01 -1.717400e-01 6.408200e-02 30 67 1.057100e+01 1.430000e+00 1.207700e+03 8.502900e+02 0
6.793700e-01 7.955800e-01 -1.738300e-01 6.408200e-02 31 67 1.057800e+01 1.430000e+00 1.155200e+03 8.032000e+02 0
6.681800e-01 8.515100e-01 -1.755100e-01 6.408200e-02 32 67 1.009700e+01 1.430000e+00 1.111400e+03 7.716400e+02 0
0 0 -1.500000e-01 9.612300e-02 1 68 9.672900e+00 1.430000e+00 2167 -3.612800e+03 0
6.493600e-01 7.033500e-01 -1.710700e-01 9.612300e-02 29 68 9.373500e+00 1.430000e+00 1.193100e+03 8.666600e+02 0
6.567200e-01 7.558700e-01 -1.726400e-01 9.612300e-02 30 68 1.033100e+01 1.430000e+00 1.160700e+03 8.281400e+02 0
6.711800e-01 8.039100e-01 -1.740800e-01 9.612300e-02 31 68 1.057900e+01 1.430000e+00 1.142300e+03 7.980500e+02 0
6.851000e-01 8.371100e-01 -1.750800e-01 9.612300e-02 32 68 1.025300e+01 1.430000e+00 1.134400e+03 7.795800e+02 0
6.548100e-02 8.357100e+00 -4.003500e-01 -6.728600e-01 241 44 1.022400e+01 1.430000e+00 6.855200e+02 4.156900e+02 1
2.630200e-01 8.393100e+00 -4.014200e-01 -6.728600e-01 242 44 1.059800e+01 1.430000e+00 7.006400e+02 4.155900e+02 1
4.621900e-01 8.413400e+00 -4.020300e-01 -6.728600e-01 243 44 1.019300e+01 1.430000e+00 7.158300e+02 4.155600e+02 0
0 8.540100e+00 -4.058300e-01 -6.728600e-01 246 44 1.058200e+01 1.430000e+00 6.807800e+02 4.149000e+02 1
6.711800e-02 8.589800e+00 -4.073200e-01 -6.728600e-01 247 44 1.103300e+01 1.430000e+00 6.858600e+02 4.147200e+02 1
6.739100e-02 8.604600e+00 -4.077600e-01 -6.728600e-01 248 44 1.061500e+01 1.430000e+00 6.859000e+02 4.146500e+02 1
3.260400e-01 8.336400e+00 -3.997300e-01 -6.408200e-01 240 45 1.003300e+01 1.430000e+00 7.055500e+02 4.158500e+02 1
2.619200e-01 8.373100e+00 -4.008300e-01 -6.408200e-01 241 45 1.119600e+01 1.430000e+00 7.005800e+02 4.156700e+02 1
3.287700e-01 8.392300e+00 -4.014000e-01 -6.408200e-01 242 45 1.167900e+01 1.430000e+00 7.056700e+02 4.156100e+02 1
3.961600e-01 8.421200e+00 -4.022700e-01 -6.408200e-01 243 45 1.117400e+01 1.430000e+00 7.107700e+02 4.155100e+02 1
2.673800e-01 8.549900e+00 -4.061200e-01 -6.408200e-01 246 45 1.155500e+01 1.430000e+00 7.008400e+02 4.149300e+02 1
2.013500e-01 8.588800e+00 -4.072900e-01 -6.408200e-01 247 45 1.209500e+01 1.430000e+00 6.958800e+02 4.147500e+02 1
2.695600e-01 8.620600e+00 -4.082400e-01 -6.408200e-01 248 45 1.166200e+01 1.430000e+00 7.009500e+02 4.146400e+02 1
2.029900e-01 8.658200e+00 -4.093700e-01 -6.408200e-01 249 45 1.018900e+01 1.430000e+00 6.959800e+02 4.144700e+02 1
1.964400e-01 8.379300e+00 -4.010100e-01 -6.087800e-01 241 46 1.020700e+01 1.430000e+00 6.955600e+02 4.156300e+02 1
2.630200e-01 8.382900e+00 -4.011200e-01 -6.087800e-01 242 46 1.079500e+01 1.430000e+00 7.006500e+02 4.156300e+02 1
2.641100e-01 8.382300e+00 -4.011000e-01 -6.087800e-01 243 46 1.034700e+01 1.430000e+00 7.007400e+02 4.156400e+02 1
3.342300e-01 8.514200e+00 -4.050500e-01 -6.087800e-01 246 46 1.068300e+01 1.430000e+00 7.059100e+02 4.151000e+02 1
2.684700e-01 8.572100e+00 -4.067900e-01 -6.087800e-01 247 46 1.127200e+01 1.430000e+00 7.009100e+02 4.148400e+02 1
2.695600e-01 8.602800e+00 -4.077100e-01 -6.087800e-01 248 46 1.091100e+01 1.430000e+00 7.009600e+02 4.147200e+02 1
0 0 -1.500000e-01 -9.612300e-02 1 62 9.641400e+00 1.430000e+00 2167 -3.612800e+03 0
6.804600e-01 6.921500e-01 -1.707300e-01 -9.612300e-02 30 62 1.021500e+01 1.430000e+00 1.236600e+03 8.767300e+02 0
6.711800e-01 8.044700e-01 -1.741000e-01 -9.612300e-02 31 62 1.032200e+01 1.430000e+00 1.141900e+03 7.977100e+02 0
6.597200e-01 8.530500e-01 -1.755500e-01 -9.612300e-02 32 62 9.928200e+00 1.430000e+00 1.103300e+03 7.706900e+02 0
0 0 -1.500000e-01 -6.408200e-02 1 63 1.017500e+01 1.430000e+00 2167 -3.612800e+03 0
-5.456800e-04 3.480600e-02 -1.510400e-01 -6.408200e-02 2 63 9.976800e+00 1.430000e+00 3.489500e+03 -7.172600e+03 0
6.722700e-01 5.461400e-01 -1.663600e-01 -6.408200e-02 29 63 9.657900e+00 1.430000e+00 1.400900e+03 1.037600e+03 0
6.646300e-01 7.194900e-01 -1.715500e-01 -6.408200e-02 30 63 1.046100e+01 1.430000e+00 1.196200e+03 8.544900e+02 0
6.630000e-01 8.111900e-01 -1.743000e-01 -6.408200e-02 31 63 1.057900e+01 1.430000e+00 1.130300e+03 7.936200e+02 0
6.681800e-01 8.492100e-01 -1.754400e-01 -6.408200e-02 32 63 1.032100e+01 1.430000e+00 1.112700e+03 7.728400e+02 0
6.635400e-01 8.972300e-01 -1.768800e-01 -6.408200e-02 33 63 9.514600e+00 1.430000e+00 1.083800e+03 7.492100e+02 0
0 0 -1.500000e-01 -3.204100e-02 1 64 1.566500e+01 1.430000e+00 2167 -3.612800e+03 0
-7.093800e-02 1.121300e-01 -1.533600e-01 -3.204100e-02 5 64 1.417400e+01 1.430000e+00 -3.095700e+03 7.641100e+03 0
-1.585200e-01 1.860500e-01 -1.555700e-01 -3.204100e-02 8 64 1.329500e+01 1.430000e+00 -1.090200e+03 2.890100e+03 0
-1.986300e-01 1.954900e-01 -1.558600e-01 -3.204100e-02 9 64 1.280800e+01 1.430000e+00 -1.138900e+03 2.678700e+03 0
-2.480100e-01 1.866200e-01 -1.555900e-01 -3.204100e-02 10 64 1.260800e+01 1.430000e+00 -1.507300e+03 2.815300e+03 0
-2.592000e-01 2.246900e-01 -1.567300e-01 -3.204100e-02 11 64 1.207700e+01 1.430000e+00 -1.021300e+03 2.228200e+03 0
-2.851200e-01 2.311100e-01 -1.569200e-01 -3.204100e-02 12 64 1.160500e+01 1.430000e+00 -1045 2.147200e+03 0
-3.044900e-01 2.797400e-01 -1.583800e-01 -3.204100e-02 13 64 1.084600e+01 1.430000e+00 -7.054400e+02 1.744100e+03 0
-3.121300e-01 3.054800e-01 -1.591500e-01 -3.204100e-02 14 64 1.037600e+01 1.430000e+00 -5.752000e+02 1.597500e+03 0
-1.375100e-01 2.309600e-01 -1.569200e-01 -3.204100e-02 15 64 1.039200e+01 1.430000e+00 -5.199000e+02 2.203900e+03 0
3.609700e-01 2.975600e-01 -1.589100e-01 -3.204100e-02 28 64 1.212100e+01 1.430000e+00 1.262600e+03 1.776200e+03 0
6.799100e-01 6.384100e-01 -1.691200e-01 -3.204100e-02 29 64 1.364200e+01 1.430000e+00 1.289800e+03 9.259700e+02 0
6.725500e-01 7.383500e-01 -1.721200e-01 -3.204100e-02 30 64 1.463300e+01 1.430000e+00 1.189500e+03 8.407600e+02 0
6.793700e-01 7.973500e-01 -1.738900e-01 -3.204100e-02 31 64 1.483600e+01 1.430000e+00 1.154100e+03 8.021300e+02 0
6.766400e-01 8.300100e-01 -1.748600e-01 -3.204100e-02 32 64 1.439400e+01 1.430000e+00 1.131100e+03 7.832800e+02 0
6.810000e-01 8.664800e-01 -1.759600e-01 -3.204100e-02 33 64 1.308200e+01 1.430000e+00 1.114100e+03 7.642600e+02 0
-7.830500e-01 9.277500e-01 -1.777900e-01 -3.204100e-02 36 64 1.081500e+01 1.430000e+00 4.823900e+00 7.143000e+02 0
-7.956000e-01 9.306000e-01 -1.778800e-01 -3.204100e-02 37 64 1.122400e+01 1.430000e+00 -1.652700e+00 7.130400e+02 0
-8.076000e-01 9.418200e-01 -1.782100e-01 -3.204100e-02 38 64 1.096100e+01 1.430000e+00 -1.139500e+00 7.087000e+02 0
-8.086900e-01 9.887300e-01 -1.796200e-01 -3.204100e-02 39 64 9.846300e+00 1.430000e+00 3.275000e+01 6.923200e+02 0
