0 0 -1.500000e-01 0 1 65 1.674200e+01 3.140000e+00 2167 -3.612800e+03 0
-7.093800e-02 1.127600e-01 -1.574200e-01 0 5 65 1.516300e+01 3.140000e+00 -3.052900e+03 7.621100e+03 0
-1.604300e-01 1.843500e-01 -1.621400e-01 0 8 65 1.436600e+01 3.140000e+00 -1.129800e+03 2.966600e+03 0
-2.008100e-01 1.929000e-01 -1.627000e-01 0 9 65 1.386600e+01 3.140000e+00 -1.190500e+03 2.763800e+03 0
-2.480100e-01 1.871200e-01 -1.623200e-01 0 10 65 1.364900e+01 3.140000e+00 -1.502900e+03 2.844900e+03 0
-2.592000e-01 2.266300e-01 -1.649200e-01 0 11 65 1.290000e+01 3.140000e+00 -1.003800e+03 2.240700e+03 0
-2.851200e-01 2.372000e-01 -1.656200e-01 0 12 65 1.265200e+01 3.140000e+00 -9.868300e+02 2.118700e+03 0
-3.044900e-01 2.833400e-01 -1.686500e-01 0 13 65 1.192200e+01 3.140000e+00 -6.847700e+02 1.752700e+03 0
-3.121300e-01 2.966600e-01 -1.695300e-01 0 14 65 1.136900e+01 3.140000e+00 -6.253500e+02 1674 0
-1.184100e-01 3.481900e-01 -1.729200e-01 0 15 65 1.128800e+01 3.140000e+00 3.128900e+01 1.469300e+03 0
-3.601500e-01 3.648800e-01 -1.740200e-01 0 16 65 1.116700e+01 3.140000e+00 -4.220700e+02 1.380500e+03 0
3.536000e-01 3.018600e-01 -1.698700e-01 0 28 65 1.310800e+01 3.140000e+00 1.230600e+03 1.780400e+03 0
6.799100e-01 6.383100e-01 -1.920200e-01 0 29 65 1.464500e+01 3.140000e+00 1.291300e+03 9.529200e+02 0
6.725500e-01 7.373100e-01 -1.985400e-01 0 30 65 1.558900e+01 3.140000e+00 1.191500e+03 8.675700e+02 0
6.711800e-01 8.044000e-01 -2.029500e-01 0 31 65 1.575100e+01 3.140000e+00 1.143100e+03 8.234100e+02 0
6.766400e-01 8.307900e-01 -2.046900e-01 0 32 65 1.522200e+01 3.140000e+00 1.131800e+03 8.083800e+02 0
6.810000e-01 8.701200e-01 -2.072800e-01 0 33 65 1.372100e+01 3.140000e+00 1.113200e+03 7.878000e+02 0
7.235700e-01 8.783100e-01 -2.078200e-01 0 35 65 1.116200e+01 3.140000e+00 1.144300e+03 7.845500e+02 0
-7.926000e-01 9.254800e-01 -2.109200e-01 0 36 65 1.173200e+01 3.140000e+00 -4.392300e+00 7.386900e+02 0
-8.348900e-01 9.001800e-01 -2.092600e-01 0 37 65 1.217900e+01 3.140000e+00 -5.541400e+01 7.480100e+02 0
-8.681700e-01 8.859800e-01 -2.083200e-01 0 38 65 1.186900e+01 3.140000e+00 -9.224000e+01 7.533200e+02 0
-9.227400e-01 8.574000e-01 -2.064400e-01 0 39 65 1.058200e+01 3.140000e+00 -1.607000e+02 7.647400e+02 0
0 0 -1.500000e-01 3.204100e-02 1 66 1.573400e+01 3.140000e+00 2167 -3.612800e+03 0
-7.202900e-02 1.127500e-01 -1.574200e-01 3.204100e-02 5 66 1.414400e+01 3.140000e+00 -3.067500e+03 7.616600e+03 0
-1.604300e-01 1.842200e-01 -1.621300e-01 3.204100e-02 8 66 1.336600e+01 3.140000e+00 -1.131800e+03 2.969400e+03 0
-2.008100e-01 1.931600e-01 -1.627200e-01 3.204100e-02 9 66 1.286800e+01 3.140000e+00 -1.186600e+03 2759 0
-2.480100e-01 1.876400e-01 -1.623500e-01 3.204100e-02 10 66 1.265000e+01 3.140000e+00 -1.493500e+03 2.834300e+03 0
-2.592000e-01 2.269100e-01 -1.649400e-01 3.204100e-02 11 66 1.190900e+01 3.140000e+00 -1.000900e+03 2.237500e+03 0
-2.851200e-01 2.363300e-01 -1.655600e-01 3.204100e-02 12 66 1.165900e+01 3.140000e+00 -9.954100e+02 2.127400e+03 0
-3.012100e-01 2.841800e-01 -1.687100e-01 3.204100e-02 13 66 1.097600e+01 3.140000e+00 -6.707200e+02 1.748200e+03 0
-1.184100e-01 4.397300e-01 -1.789500e-01 3.204100e-02 15 66 1.041000e+01 3.140000e+00 1.953800e+02 1205 0
3.609700e-01 2.521400e-01 -1.666000e-01 3.204100e-02 28 66 1.209900e+01 3.140000e+00 1.420300e+03 2.195200e+03 0
6.799100e-01 6.341700e-01 -1.917500e-01 3.204100e-02 29 66 1.361500e+01 3.140000e+00 1.295900e+03 9.571600e+02 0
6.725500e-01 7.361600e-01 -1.984600e-01 3.204100e-02 30 66 1.457200e+01 3.140000e+00 1.192400e+03 8.684000e+02 0
6.711800e-01 8.043900e-01 -2.029500e-01 3.204100e-02 31 66 1.474400e+01 3.140000e+00 1.143100e+03 8.234200e+02 0
6.766400e-01 8.297800e-01 -2.046200e-01 3.204100e-02 32 66 1.424300e+01 3.140000e+00 1.132400e+03 8.089400e+02 0
6.810000e-01 8.677100e-01 -2.071200e-01 3.204100e-02 33 66 1.283100e+01 3.140000e+00 1.114500e+03 789 0
6.482600e-01 9.304800e-01 -2.112500e-01 3.204100e-02 34 66 1.006500e+01 3.140000e+00 1.057400e+03 7.593200e+02 0
-7.926000e-01 9.261200e-01 -2.109700e-01 3.204100e-02 36 66 1.045000e+01 3.140000e+00 -3.882400e+00 7.384400e+02 0
-8.348900e-01 8.969200e-01 -2.090400e-01 3.204100e-02 37 66 1.094300e+01 3.140000e+00 -5.828300e+01 7.493400e+02 0
-8.681700e-01 8.854500e-01 -2.082900e-01 3.204100e-02 38 66 1.080200e+01 3.140000e+00 -9.274200e+01 7.535500e+02 0
-8.916400e-01 9.142800e-01 -2.101900e-01 3.204100e-02 39 66 9.902400e+00 3.140000e+00 -8.312100e+01 7.415300e+02 0
4.832000e-01 5.573500e+00 -5.169000e-01 -8.971500e-01 162 37 1.038000e+01 3.140000e+00 7.301500e+02 4.563400e+02 1
5.746000e-01 5.612000e+00 -5.194400e-01 -8.971500e-01 163 37 1.209100e+01 3.140000e+00 7.404500e+02 4.560200e+02 1
5.781400e-01 5.639100e+00 -5.212200e-01 -8.971500e-01 164 37 1.271600e+01 3.140000e+00 7.406300e+02 4.557600e+02 1
5.816900e-01 5.662000e+00 -5.227300e-01 -8.971500e-01 165 37 1.226300e+01 3.140000e+00 7.408400e+02 4.555400e+02 1
8.103300e-01 5.534100e+00 -5.143100e-01 -8.971500e-01 166 37 1.001900e+01 3.140000e+00 7.687800e+02 4.569500e+02 1
4.982000e-01 5.761600e+00 -5.292900e-01 -8.971500e-01 167 37 1.122200e+01 3.140000e+00 7.306300e+02 4.545400e+02 1
5.012000e-01 5.784900e+00 -5.308200e-01 -8.971500e-01 168 37 1.095300e+01 3.140000e+00 7.308200e+02 4.543300e+02 1
5.710500e-01 5.566000e+00 -5.164100e-01 -8.651100e-01 162 38 1.082700e+01 3.140000e+00 7.404300e+02 4.564700e+02 1
5.746000e-01 5.614100e+00 -5.195800e-01 -8.651100e-01 163 38 1.267100e+01 3.140000e+00 7.404300e+02 456 1
5.781400e-01 5.644000e+00 -5.215500e-01 -8.651100e-01 164 38 1.334300e+01 3.140000e+00 7.405900e+02 4.557100e+02 1
5.816900e-01 5.660900e+00 -5.226500e-01 -8.651100e-01 165 38 1.286400e+01 3.140000e+00 7.408500e+02 4.555500e+02 1
4.952000e-01 5.660700e+00 -5.226400e-01 -8.651100e-01 166 38 1.119600e+01 3.140000e+00 7.309500e+02 4.554900e+02 1
4.982000e-01 5.747700e+00 -5.283700e-01 -8.651100e-01 167 38 1.242500e+01 3.140000e+00 7.307200e+02 4.546700e+02 1
5.467700e-01 5.770800e+00 -5.298900e-01 -8.651100e-01 168 38 1.202900e+01 3.140000e+00 7.360200e+02 4.544900e+02 1
5.500400e-01 5.814200e+00 -5.327500e-01 -8.651100e-01 169 38 1.039600e+01 3.140000e+00 7.360700e+02 4.540900e+02 1
5.746000e-01 5.598400e+00 -5.185400e-01 -8.330700e-01 163 39 1.140500e+01 3.140000e+00 7.405600e+02 4.561500e+02 1
5.781400e-01 5.639600e+00 -5.212600e-01 -8.330700e-01 164 39 1.205700e+01 3.140000e+00 7.406200e+02 4.557500e+02 1
5.816900e-01 5.663900e+00 -5.228500e-01 -8.330700e-01 165 39 1.178300e+01 3.140000e+00 7.408300e+02 4.555200e+02 1
5.402200e-01 5.706000e+00 -5.256200e-01 -8.330700e-01 166 39 1.145300e+01 3.140000e+00 7.357700e+02 4.550900e+02 1
5.434900e-01 5.749400e+00 -5.284800e-01 -8.330700e-01 167 39 1.170900e+01 3.140000e+00 7.358100e+02 4.546900e+02 1
5.467700e-01 5.797300e+00 -5.316400e-01 -8.330700e-01 168 39 1.118700e+01 3.140000e+00 7.358300e+02 4.542400e+02 1
0 0 -1.500000e-01 -6.408200e-02 1 63 1.054500e+01 3.140000e+00 2167 -3.612800e+03 0
-3.437800e-02 4.702200e-03 -1.503100e-01 -6.408200e-02 2 63 1.044500e+01 3.140000e+00 2.614500e+03 -3.956800e+03 0
-6.821000e-02 1.369800e-02 -1.509000e-01 -6.408200e-02 3 63 9.653000e+00 3.140000e+00 3.320800e+03 -4.716800e+03 0
3.410500e-01 8.018500e-01 -2.027900e-01 -6.408200e-02 26 63 1.003500e+01 3.140000e+00 8.446300e+02 8.175500e+02 0
3.617800e-01 8.299100e-01 -2.046300e-01 -6.408200e-02 27 63 1.005300e+01 3.140000e+00 8.568300e+02 8.023100e+02 0
3.757000e-01 8.428000e-01 -2.054800e-01 -6.408200e-02 28 63 9.391200e+00 3.140000e+00 8.658600e+02 7.957700e+02 0
6.883700e-01 7.178300e-01 -1.972500e-01 -6.408200e-02 30 63 9.819000e+00 3.140000e+00 1.223800e+03 8.826200e+02 0
6.793700e-01 7.975500e-01 -2.025000e-01 -6.408200e-02 31 63 9.971200e+00 3.140000e+00 1.155100e+03 8.277100e+02 0
0 0 -1.500000e-01 -3.204100e-02 1 64 1.572600e+01 3.140000e+00 2167 -3.612800e+03 0
-7.093800e-02 1.117500e-01 -1.573600e-01 -3.204100e-02 5 64 1.414300e+01 3.140000e+00 -3.147300e+03 7.802900e+03 0
-1.585200e-01 1.860800e-01 -1.622500e-01 -3.204100e-02 8 64 1.334500e+01 3.140000e+00 -1.093600e+03 2.930300e+03 0
-1.986300e-01 1.950500e-01 -1.628400e-01 -3.204100e-02 9 64 1.282500e+01 3.140000e+00 -1149 2.725500e+03 0
-2.455500e-01 1.908500e-01 -1.625600e-01 -3.204100e-02 10 64 1.261000e+01 3.140000e+00 -1.426300e+03 2.773500e+03 0
-2.564700e-01 2.308600e-01 -1.652000e-01 -3.204100e-02 11 64 1.201100e+01 3.140000e+00 -9.509200e+02 2.194800e+03 0
-2.821100e-01 2.443700e-01 -1.660900e-01 -3.204100e-02 12 64 1.162400e+01 3.140000e+00 -9.102000e+02 2.051300e+03 0
-3.012100e-01 2.887600e-01 -1.690100e-01 -3.204100e-02 13 64 1.091100e+01 3.140000e+00 -6.429200e+02 1.720800e+03 0
3.388700e-01 3.884200e-01 -1.755700e-01 -3.204100e-02 28 64 1.212500e+01 3.140000e+00 1.045500e+03 1.384300e+03 0
6.799100e-01 6.410900e-01 -1.922000e-01 -3.204100e-02 29 64 1.366500e+01 3.140000e+00 1.288300e+03 9.501000e+02 0
6.725500e-01 7.385200e-01 -1.986200e-01 -3.204100e-02 30 64 1.458800e+01 3.140000e+00 1.190600e+03 8.666900e+02 0
6.793700e-01 7.973900e-01 -2.024900e-01 -3.204100e-02 31 64 1.474200e+01 3.140000e+00 1.155200e+03 8.278100e+02 0
6.766400e-01 8.287900e-01 -2.045600e-01 -3.204100e-02 32 64 1.420900e+01 3.140000e+00 1133 8.094900e+02 0
6.810000e-01 8.668100e-01 -2.070600e-01 -3.204100e-02 33 64 1.268600e+01 3.140000e+00 1115 7.894600e+02 0
7.328400e-01 8.542800e-01 -2.062400e-01 -3.204100e-02 35 64 1.027000e+01 3.140000e+00 1.166600e+03 7.969000e+02 0
-7.926000e-01 9.197000e-01 -2.105400e-01 -3.204100e-02 36 64 1.099900e+01 3.140000e+00 -9.019500e+00 7.409200e+02 0
-8.348900e-01 8.957500e-01 -2.089700e-01 -3.204100e-02 37 64 1.135900e+01 3.140000e+00 -5.931900e+01 7.498200e+02 0
-8.782700e-01 8.738700e-01 -2.075300e-01 -3.204100e-02 38 64 1.090300e+01 3.140000e+00 -1.111500e+02 7.582900e+02 0
