0 0 -1.500000e-01 0 1 65 1.672500e+01 1.920000e+00 2167 -3.612800e+03 0
-7.093800e-02 1.128900e-01 -1.545400e-01 0 5 65 1.515400e+01 1.920000e+00 -3.030400e+03 7.533600e+03 0
-1.604300e-01 1.843400e-01 -1.574200e-01 0 8 65 1.437700e+01 1.920000e+00 -1.127200e+03 2.937500e+03 0
-2.008100e-01 1.930700e-01 -1.577700e-01 0 9 65 1.387700e+01 1.920000e+00 -1.185200e+03 2.732800e+03 0
-2.480100e-01 1.875800e-01 -1.575500e-01 0 10 65 1.366200e+01 1.920000e+00 -1.491200e+03 2.807400e+03 0
-2.619200e-01 2.230000e-01 -1.589700e-01 0 11 65 1.310700e+01 1.920000e+00 -1.050500e+03 2.256800e+03 0
-2.881200e-01 2.323600e-01 -1.593500e-01 0 12 65 1.266400e+01 1.920000e+00 -1.043300e+03 2.142700e+03 0
-3.044900e-01 2.826500e-01 -1.613700e-01 0 13 65 1.194600e+01 1.920000e+00 -6.874500e+02 1.734800e+03 0
-3.050300e-01 3.035000e-01 -1.622100e-01 0 14 65 1.148200e+01 1.920000e+00 -5.687400e+02 1.617500e+03 0
-1.260500e-01 4.422100e-01 -1.677900e-01 0 15 65 1.120100e+01 1.920000e+00 1.863700e+02 1.179400e+03 0
-3.601500e-01 3.691200e-01 -1.648500e-01 0 16 65 1.121800e+01 1.920000e+00 -4.055000e+02 1.346900e+03 0
3.609700e-01 3.393400e-01 -1.636500e-01 0 28 65 1.309500e+01 1.920000e+00 1.169200e+03 1555 0
6.799100e-01 6.368900e-01 -1.756200e-01 0 29 65 1.463900e+01 1.920000e+00 1.291900e+03 9.351900e+02 0
6.725500e-01 7.360300e-01 -1.796100e-01 0 30 65 1.558200e+01 1.920000e+00 1.191600e+03 8.498900e+02 0
6.793700e-01 7.975600e-01 -1.820800e-01 0 31 65 1.574600e+01 1.920000e+00 1.154300e+03 8.093600e+02 0
6.766400e-01 8.312000e-01 -1.834400e-01 0 32 65 1.522800e+01 1.920000e+00 1.130700e+03 7.899300e+02 0
6.810000e-01 8.678600e-01 -1.849100e-01 0 33 65 1.374100e+01 1.920000e+00 1.113700e+03 7.708300e+02 0
-9.633900e-01 5.851300e-01 -1.735400e-01 0 34 65 1.069700e+01 1.920000e+00 -6.330600e+02 9.279400e+02 0
6.957400e-01 9.565100e-01 -1.884800e-01 0 35 65 1.108000e+01 1.920000e+00 1.081500e+03 7.314000e+02 0
-8.116900e-01 8.791800e-01 -1.853700e-01 0 36 65 1.187800e+01 1.920000e+00 -5.667900e+01 7.401700e+02 0
-8.250600e-01 8.939900e-01 -1.859600e-01 0 37 65 1.219000e+01 1.920000e+00 -5.319400e+01 7.337800e+02 0
-8.378900e-01 9.067000e-01 -1.864700e-01 0 38 65 1.183000e+01 1.920000e+00 -5.125900e+01 7.284500e+02 0
-8.812700e-01 9.022300e-01 -1.862900e-01 0 39 65 1.071400e+01 1.920000e+00 -8.601400e+01 7.295900e+02 0
0 0 -1.500000e-01 3.204100e-02 1 66 1.571900e+01 1.920000e+00 2167 -3.612800e+03 0
-7.093800e-02 1.134800e-01 -1.545700e-01 3.204100e-02 5 66 1.413700e+01 1.920000e+00 -2.977800e+03 7.432800e+03 0
-1.604300e-01 1.841000e-01 -1.574100e-01 3.204100e-02 8 66 1.334800e+01 1.920000e+00 -1.130800e+03 2.942600e+03 0
-2.008100e-01 1.935900e-01 -1.577900e-01 3.204100e-02 9 66 1.287000e+01 1.920000e+00 -1.177300e+03 2723 0
-2.480100e-01 1.886400e-01 -1.575900e-01 3.204100e-02 10 66 1.265100e+01 1.920000e+00 -1.472400e+03 2.786500e+03 0
-2.619200e-01 2.239000e-01 -1.590100e-01 3.204100e-02 11 66 1.208600e+01 1.920000e+00 -1.040700e+03 2.246300e+03 0
-2.881200e-01 2.321600e-01 -1.593400e-01 3.204100e-02 12 66 1.166900e+01 1.920000e+00 -1.045400e+03 2.144800e+03 0
-3.077600e-01 2.771600e-01 -1.611500e-01 3.204100e-02 13 66 1.101500e+01 1.920000e+00 -7.320300e+02 1.768800e+03 0
3.609700e-01 3.389600e-01 -1.636400e-01 3.204100e-02 28 66 1.205300e+01 1.920000e+00 1.169900e+03 1.556800e+03 0
6.722700e-01 6.385900e-01 -1.756900e-01 3.204100e-02 29 66 1.357600e+01 1.920000e+00 1.280800e+03 9.331900e+02 0
6.725500e-01 7.332600e-01 -1.795000e-01 3.204100e-02 30 66 1.454100e+01 1.920000e+00 1.193800e+03 8.519100e+02 0
6.711800e-01 8.044800e-01 -1.823600e-01 3.204100e-02 31 66 1.470100e+01 1.920000e+00 1.142200e+03 8.050500e+02 0
6.766400e-01 8.325400e-01 -1.834900e-01 3.204100e-02 32 66 1.419500e+01 1.920000e+00 1.129900e+03 7.891900e+02 0
6.810000e-01 8.705700e-01 -1.850200e-01 3.204100e-02 33 66 1.274800e+01 1.920000e+00 1.112200e+03 7.694800e+02 0
-8.163300e-01 8.114300e-01 -1.826400e-01 3.204100e-02 35 66 9.823700e+00 1.920000e+00 -1.268500e+02 7.714300e+02 0
-8.212400e-01 8.677700e-01 -1.849100e-01 3.204100e-02 36 66 1.088100e+01 1.920000e+00 -7.419400e+01 7.449300e+02 0
-8.250600e-01 8.950600e-01 -1.860100e-01 3.204100e-02 37 66 1.112200e+01 1.920000e+00 -5.224900e+01 7.333400e+02 0
-8.479800e-01 8.990100e-01 -1.861600e-01 3.204100e-02 38 66 1.068500e+01 1.920000e+00 -6.518800e+01 7.313800e+02 0
1.473300e-01 5.657000e-01 -1.727600e-01 3.844900e-01 19 77 9.406800e+00 1.920000e+00 6.623400e+02 9.939100e+02 0
1.503300e-01 6.223400e-01 -1.750400e-01 3.844900e-01 20 77 1.001300e+01 1.920000e+00 6.691100e+02 9.307000e+02 0
1.527900e-01 6.770500e-01 -1.772400e-01 3.844900e-01 21 77 9.583600e+00 1.920000e+00 6.739700e+02 8.809800e+02 0
1.503300e-01 5.875600e-01 -1.736400e-01 4.165300e-01 20 78 9.872900e+00 1.920000e+00 6.674300e+02 9.679300e+02 0
1.298700e-01 4.432500e-01 -1.678300e-01 5.126600e-01 18 81 9.710500e+00 1.920000e+00 6.214500e+02 1.196700e+03 0
1.375100e-01 5.032400e-01 -1.702400e-01 5.126600e-01 19 81 9.866100e+00 1.920000e+00 6.430500e+02 1.082800e+03 0
1.205900e-01 4.852000e-01 -1.695200e-01 5.447000e-01 18 82 1.071700e+01 1.920000e+00 6.144800e+02 1.112600e+03 0
1.326000e-01 5.183700e-01 -1.708500e-01 5.447000e-01 19 82 1.086000e+01 1.920000e+00 6.377200e+02 1.058500e+03 0
1.347800e-01 5.751900e-01 -1.731400e-01 5.447000e-01 20 82 1.004700e+01 1.920000e+00 6.469100e+02 9.817600e+02 0
1.252300e-01 4.947100e-01 -1.699000e-01 5.767400e-01 18 83 1.032300e+01 1.920000e+00 6.233400e+02 1.096300e+03 0
1.326000e-01 5.397300e-01 -1.717100e-01 5.767400e-01 19 83 1.041400e+01 1.920000e+00 6.403100e+02 1.027400e+03 0
1.451500e-01 6.083500e-01 -1.744700e-01 5.767400e-01 20 83 9.632000e+00 1.920000e+00 6.622500e+02 9.448900e+02 0
1.635700e+00 3.431600e+00 -2.880500e-01 -6.408200e-01 110 45 1.064600e+01 1.920000e+00 9.754300e+02 4.764800e+02 1
1.620700e+00 3.477000e+00 -2.898700e-01 -6.408200e-01 111 45 1.129700e+01 1.920000e+00 9.687300e+02 4.752400e+02 1
1.665700e+00 3.497300e+00 -2.906900e-01 -6.408200e-01 112 45 1.134000e+01 1.920000e+00 9.756800e+02 4.747600e+02 1
1.650100e+00 3.536600e+00 -2.922700e-01 -6.408200e-01 113 45 1.188800e+01 1.920000e+00 9.694900e+02 4.737200e+02 1
1.664900e+00 3.562800e+00 -2.933200e-01 -6.408200e-01 114 45 1.200700e+01 1.920000e+00 9.701500e+02 4.730700e+02 1
1.679600e+00 3.594900e+00 -2.946100e-01 -6.408200e-01 115 45 1.125200e+01 1.920000e+00 9.703300e+02 4.722800e+02 1
0 0 -1.500000e-01 -6.087800e-01 1 46 9.140900e+00 1.920000e+00 2167 -3.612800e+03 0
1.546400e+00 3.468000e+00 -2.895100e-01 -6.087800e-01 110 46 1.095100e+01 1.920000e+00 9.551500e+02 4.753800e+02 1
1.590600e+00 3.495600e+00 -2.906200e-01 -6.087800e-01 111 46 1.180200e+01 1.920000e+00 9.614600e+02 4.747100e+02 1
1.635400e+00 3.512300e+00 -2.912900e-01 -6.087800e-01 112 46 1.206800e+01 1.920000e+00 9.686600e+02 4.743300e+02 1
1.650100e+00 3.535500e+00 -2.922200e-01 -6.087800e-01 113 46 1.237400e+01 1.920000e+00 9.695800e+02 4.737500e+02 1
1.634000e+00 3.583000e+00 -2.941300e-01 -6.087800e-01 114 46 1.227100e+01 1.920000e+00 9.627800e+02 4.725300e+02 1
1.617400e+00 3.635900e+00 -2.962600e-01 -6.087800e-01 115 46 1.136200e+01 1.920000e+00 9.556700e+02 4.712100e+02 1
0 0 -1.500000e-01 -5.767400e-01 1 47 9.399300e+00 1.920000e+00 2167 -3.612800e+03 0
1.560600e+00 3.508100e+00 -2.911200e-01 -5.767400e-01 111 47 1.038000e+01 1.920000e+00 9.547500e+02 4.743400e+02 1
1.574800e+00 3.532900e+00 -2.921200e-01 -5.767400e-01 112 47 1.085600e+01 1.920000e+00 9.555400e+02 4.737200e+02 1
1.589000e+00 3.561700e+00 -2.932800e-01 -5.767400e-01 113 47 1.090300e+01 1.920000e+00 956 473 1
1.603200e+00 3.601700e+00 -2.948900e-01 -5.767400e-01 114 47 1.043300e+01 1.920000e+00 9.556100e+02 4.720200e+02 1
0 0 -1.500000e-01 -6.408200e-02 1 63 9.696100e+00 1.920000e+00 2167 -3.612800e+03 0
0 0 -1.500000e-01 -3.204100e-02 1 64 1.569600e+01 1.920000e+00 2167 -3.612800e+03 0
-7.093800e-02 1.122200e-01 -1.545100e-01 -3.204100e-02 5 64 1.413600e+01 1.920000e+00 -3.091600e+03 7.651100e+03 0
-1.604300e-01 1.844400e-01 -1.574200e-01 -3.204100e-02 8 64 1.338000e+01 1.920000e+00 -1.125600e+03 2.935200e+03 0
-2.008100e-01 1.922300e-01 -1.577300e-01 -3.204100e-02 9 64 1.286300e+01 1.920000e+00 -1.197700e+03 2.748400e+03 0
-2.480100e-01 1.867800e-01 -1.575100e-01 -3.204100e-02 10 64 1.264900e+01 1.920000e+00 -1.505600e+03 2.823300e+03 0
-2.592000e-01 2.265500e-01 -1.591100e-01 -3.204100e-02 11 64 1.213100e+01 1.920000e+00 -1.002400e+03 2.216800e+03 0
-2.851200e-01 2.366300e-01 -1.595200e-01 -3.204100e-02 12 64 1.161200e+01 1.920000e+00 -9.902500e+02 2.100300e+03 0
-3.012100e-01 2.868800e-01 -1.615400e-01 -3.204100e-02 13 64 1.088900e+01 1.920000e+00 -6.526500e+02 1.709900e+03 0
3.609700e-01 3.485300e-01 -1.640200e-01 -3.204100e-02 28 64 1.210600e+01 1.920000e+00 1.152600e+03 1.514200e+03 0
6.799100e-01 6.378200e-01 -1.756600e-01 -3.204100e-02 29 64 1.363700e+01 1.920000e+00 1.290900e+03 9.342500e+02 0
6.804600e-01 7.306700e-01 -1.793900e-01 -3.204100e-02 30 64 1.457400e+01 1.920000e+00 1204 8.540200e+02 0
6.793700e-01 7.974400e-01 -1.820800e-01 -3.204100e-02 31 64 1.474500e+01 1.920000e+00 1.154300e+03 8.094300e+02 0
6.766400e-01 8.293400e-01 -1.833600e-01 -3.204100e-02 32 64 1.422300e+01 1.920000e+00 1.131900e+03 7.909500e+02 0
6.810000e-01 8.648700e-01 -1.847900e-01 -3.204100e-02 33 64 1.269900e+01 1.920000e+00 1.115300e+03 7.723200e+02 0
-8.212400e-01 8.495000e-01 -1.841700e-01 -3.204100e-02 36 64 1.093100e+01 1.920000e+00 -9.166400e+01 7.530800e+02 0
-8.152400e-01 8.892800e-01 -1.857700e-01 -3.204100e-02 37 64 1.133800e+01 1.920000e+00 -5.025000e+01 7.358700e+02 0
-8.378900e-01 8.932900e-01 -1.859300e-01 -3.204100e-02 38 64 1.103700e+01 1.920000e+00 -6.304800e+01 7.338700e+02 0
-8.812700e-01 8.940900e-01 -1.859700e-01 -3.204100e-02 39 64 1.005500e+01 1.920000e+00 -9.348200e+01 7.328800e+02 0
