0 0 -1.500000e-01 0 1 65 1.670900e+01 2.380000e+00 2167 -3.612800e+03 0
-7.093800e-02 1.130600e-01 -1.556400e-01 0 5 65 1.519100e+01 2.380000e+00 -3.019100e+03 7.528600e+03 0
-1.585200e-01 1.859200e-01 -1.592700e-01 0 8 65 1.429400e+01 2.380000e+00 -1.094300e+03 2.915600e+03 0
-2.008100e-01 1.930900e-01 -1.596300e-01 0 9 65 1.387400e+01 2.380000e+00 -1186 2.742900e+03 0
-2.480100e-01 1.866100e-01 -1.593100e-01 0 10 65 1.367800e+01 2.380000e+00 -1.510100e+03 2.837500e+03 0
-2.619200e-01 2.215500e-01 -1.610500e-01 0 11 65 1.311700e+01 2.380000e+00 -1.067700e+03 2.283700e+03 0
-2.851200e-01 2.358100e-01 -1.617600e-01 0 12 65 1.271200e+01 2.380000e+00 -9.990900e+02 2.117500e+03 0
-3.044900e-01 2.817400e-01 -1.640500e-01 0 13 65 1.192500e+01 2.380000e+00 -6.938600e+02 1.748800e+03 0
-3.085800e-01 3.078100e-01 -1.653500e-01 0 14 65 1.140300e+01 2.380000e+00 -5.555800e+02 1.603100e+03 0
-1.298700e-01 3.087800e-01 -1.654000e-01 0 15 65 1.104600e+01 2.380000e+00 -1.068200e+02 1.629700e+03 0
3.609700e-01 3.177000e-01 -1.658500e-01 0 28 65 1.310700e+01 2.380000e+00 1.214100e+03 1673 0
6.799100e-01 6.377700e-01 -1.818100e-01 0 29 65 1.465700e+01 2.380000e+00 1.291300e+03 9.415100e+02 0
6.725500e-01 7.361500e-01 -1.867200e-01 0 30 65 1.558700e+01 2.380000e+00 1.191900e+03 8.568100e+02 0
6.793700e-01 7.975800e-01 -1.897800e-01 0 31 65 1.572700e+01 2.380000e+00 1.154600e+03 8.162600e+02 0
6.766400e-01 8.324300e-01 -1.915200e-01 0 32 65 1.514900e+01 2.380000e+00 1.130300e+03 7.961100e+02 0
6.810000e-01 8.723600e-01 -1.935100e-01 0 33 65 1.350000e+01 2.380000e+00 1.111500e+03 7.754000e+02 0
7.421200e-01 8.510200e-01 -1.924500e-01 0 35 65 1.143600e+01 2.380000e+00 1.176100e+03 7.874400e+02 0
-8.498900e-01 8.738400e-01 -1.935800e-01 0 36 65 1.175500e+01 2.380000e+00 -8.990300e+01 7.482200e+02 0
-8.545300e-01 8.822400e-01 -1.940000e-01 0 37 65 1.215700e+01 2.380000e+00 -8.541300e+01 7.445700e+02 0
-8.681700e-01 8.672800e-01 -1.932600e-01 0 38 65 1.180900e+01 2.380000e+00 -1.097000e+02 7.507600e+02 0
-8.916400e-01 8.121100e-01 -1.905000e-01 0 39 65 1.060800e+01 2.380000e+00 -1.860200e+02 7.761000e+02 0
6.275300e-02 8.001900e+00 -5.491000e-01 0 231 65 1.002700e+01 2.380000e+00 6.851100e+02 4.296100e+02 0
0 0 -1.500000e-01 3.204100e-02 1 66 1.568400e+01 2.380000e+00 2167 -3.612800e+03 0
-7.202900e-02 1.123600e-01 -1.556000e-01 3.204100e-02 5 66 1.417900e+01 2.380000e+00 -3096 7.643700e+03 0
-1.604300e-01 1.841300e-01 -1.591800e-01 3.204100e-02 8 66 1.317500e+01 2.380000e+00 -1.131600e+03 2.953200e+03 0
-2.008100e-01 1.932900e-01 -1.596400e-01 3.204100e-02 9 66 1.287600e+01 2.380000e+00 -1183 2.739200e+03 0
-2.480100e-01 1.871600e-01 -1.593300e-01 3.204100e-02 10 66 1.266900e+01 2.380000e+00 -1.500100e+03 2.826500e+03 0
-2.619200e-01 2.223000e-01 -1.610900e-01 3.204100e-02 11 66 1.211400e+01 2.380000e+00 -1.059300e+03 2.274700e+03 0
-2.851200e-01 2.367300e-01 -1.618100e-01 3.204100e-02 12 66 1.173100e+01 2.380000e+00 -9.900400e+02 2.108300e+03 0
-3.044900e-01 2.826200e-01 -1.641000e-01 3.204100e-02 13 66 1.092300e+01 2.380000e+00 -6.882600e+02 1.743300e+03 0
3.536000e-01 3.117900e-01 -1.655500e-01 3.204100e-02 28 66 1.204200e+01 2.380000e+00 1.206300e+03 1705 0
6.722700e-01 6.403800e-01 -1.819400e-01 3.204100e-02 29 66 1.364700e+01 2.380000e+00 1.279200e+03 9.386000e+02 0
6.725500e-01 7.332300e-01 -1.865700e-01 3.204100e-02 30 66 1.456800e+01 2.380000e+00 1.194100e+03 8.589400e+02 0
6.711800e-01 8.044300e-01 -1.901200e-01 3.204100e-02 31 66 1.469300e+01 2.380000e+00 1.142600e+03 8.119700e+02 0
6.766400e-01 8.345300e-01 -1.916200e-01 3.204100e-02 32 66 1.408200e+01 2.380000e+00 1.129100e+03 7.949700e+02 0
6.810000e-01 8.778300e-01 -1.937800e-01 3.204100e-02 33 66 1.235000e+01 2.380000e+00 1.108600e+03 7.727200e+02 0
7.383000e-01 8.745000e-01 -1.936200e-01 3.204100e-02 34 66 1.036300e+01 2.380000e+00 1.158300e+03 7.754100e+02 0
7.328400e-01 8.791300e-01 -1.938500e-01 3.204100e-02 35 66 1.046000e+01 2.380000e+00 1151 7.730300e+02 0
-8.785400e-01 8.408400e-01 -1.919400e-01 3.204100e-02 36 66 1.071400e+01 2.380000e+00 -1.443000e+02 7.624800e+02 0
-8.643500e-01 8.620300e-01 -1.929900e-01 3.204100e-02 37 66 1.113400e+01 2.380000e+00 -1.120100e+02 7.531200e+02 0
-8.681700e-01 8.494000e-01 -1.923600e-01 3.204100e-02 38 66 1.104700e+01 2.380000e+00 -1.275600e+02 7.587200e+02 0
-8.812700e-01 8.268400e-01 -1.912400e-01 3.204100e-02 39 66 1.031300e+01 2.380000e+00 -1.614200e+02 7.690600e+02 0
0 0 -1.500000e-01 6.408200e-02 1 67 1.007000e+01 2.380000e+00 2167 -3.612800e+03 0
6.883700e-01 7.232500e-01 -1.860700e-01 6.408200e-02 30 67 9.738600e+00 2.380000e+00 1.218600e+03 8.668100e+02 0
6.875500e-01 7.900400e-01 -1.894000e-01 6.408200e-02 31 67 1.008500e+01 2.380000e+00 1.167300e+03 8.210500e+02 0
2.109900e+00 1.403900e+01 -8.501800e-01 -8.010300e-01 408 40 1.006800e+01 2.380000e+00 7.825100e+02 4.137700e+02 1
1.897000e+00 1.412000e+01 -8.542400e-01 -8.010300e-01 410 40 1.010900e+01 2.380000e+00 7.722800e+02 4.136100e+02 1
-6.985800e+00 9.850600e+00 -6.413000e-01 -6.408200e-01 347 45 1.071000e+01 2.380000e+00 2.393400e+02 4.207600e+02 1
-7.195300e+00 9.750600e+00 -6.363100e-01 -6.408200e-01 348 45 1.120100e+01 2.380000e+00 2.216500e+02 4.209900e+02 1
-7.311000e+00 9.674000e+00 -6.324900e-01 -6.408200e-01 349 45 1.096500e+01 2.380000e+00 2.106900e+02 4.211900e+02 1
-7.617600e+00 9.027200e+00 3.005700e+00 -6.408200e-01 350 45 1.013400e+01 2.380000e+00 1.614200e+02 1.870400e+02 0
-6.891300e+00 9.921300e+00 -6.448300e-01 -6.087800e-01 347 46 1.058800e+01 2.380000e+00 2.483400e+02 4.205800e+02 1
-7.005900e+00 9.876500e+00 -6.425900e-01 -6.087800e-01 348 46 1.108600e+01 2.380000e+00 2.392700e+02 4.206800e+02 1
-7.121100e+00 9.714100e+00 1.621600e+00 -6.087800e-01 349 46 1.086700e+01 2.380000e+00 2.270100e+02 2.824900e+02 0
-7.427200e+00 8.925700e+00 3.704200e+00 -6.087800e-01 350 46 1.005300e+01 2.380000e+00 1.692900e+02 1.396400e+02 0
0 0 -1.500000e-01 -3.204100e-02 1 64 1.570500e+01 2.380000e+00 2167 -3.612800e+03 0
-7.093800e-02 1.128200e-01 -1.556300e-01 -3.204100e-02 5 64 1.416200e+01 2.380000e+00 -3041 7.570600e+03 0
-1.585200e-01 1.859500e-01 -1.592700e-01 -3.204100e-02 8 64 1.327700e+01 2.380000e+00 -1.093900e+03 2.914900e+03 0
-2.008100e-01 1.930900e-01 -1.596300e-01 -3.204100e-02 9 64 1.285500e+01 2.380000e+00 -1.185800e+03 2.742800e+03 0
-2.455500e-01 1.899400e-01 -1.594700e-01 -3.204100e-02 10 64 1.266100e+01 2.380000e+00 -1.439800e+03 2.773500e+03 0
-2.592000e-01 2.250600e-01 -1.612200e-01 -3.204100e-02 11 64 1.211700e+01 2.380000e+00 -1.019100e+03 2.243300e+03 0
-2.851200e-01 2.381600e-01 -1.618800e-01 -3.204100e-02 12 64 1.167300e+01 2.380000e+00 -9.762600e+02 2.094300e+03 0
-3.077600e-01 2.808600e-01 -1.640100e-01 -3.204100e-02 13 64 1.095200e+01 2.380000e+00 -7.083300e+02 1.753500e+03 0
-3.085800e-01 3.060800e-01 -1.652700e-01 -3.204100e-02 14 64 1.041700e+01 2.380000e+00 -5.644900e+02 1.611800e+03 0
-1.298700e-01 3.663400e-01 -1.682700e-01 -3.204100e-02 15 64 1.009100e+01 2.380000e+00 4.848300e+01 1.389600e+03 0
3.609700e-01 2.640200e-01 -1.631700e-01 -3.204100e-02 28 64 1.208600e+01 2.380000e+00 1.370900e+03 2.059300e+03 0
6.799100e-01 6.415100e-01 -1.820000e-01 -3.204100e-02 29 64 1.363200e+01 2.380000e+00 1.287200e+03 9.377400e+02 0
6.725500e-01 7.382800e-01 -1.868200e-01 -3.204100e-02 30 64 1.456500e+01 2.380000e+00 1.190200e+03 8.552700e+02 0
6.793700e-01 7.975300e-01 -1.897800e-01 -3.204100e-02 31 64 1.470900e+01 2.380000e+00 1.154600e+03 8.162800e+02 0
6.766400e-01 8.309900e-01 -1.914500e-01 -3.204100e-02 32 64 1.414600e+01 2.380000e+00 1.131200e+03 7.969100e+02 0
6.810000e-01 8.687300e-01 -1.933300e-01 -3.204100e-02 33 64 1.253100e+01 2.380000e+00 1.113500e+03 7.772000e+02 0
7.606700e-01 8.347000e-01 -1.916300e-01 -3.204100e-02 35 64 1.055500e+01 2.380000e+00 1.203300e+03 7.965900e+02 0
-8.594400e-01 8.632700e-01 -1.930600e-01 -3.204100e-02 36 64 1.073400e+01 2.380000e+00 -1.071400e+02 7.526600e+02 0
-8.545300e-01 8.856700e-01 -1.941700e-01 -3.204100e-02 37 64 1.115200e+01 2.380000e+00 -8.222900e+01 7.431300e+02 0
-8.681700e-01 8.735900e-01 -1.935700e-01 -3.204100e-02 38 64 1.076100e+01 2.380000e+00 -1.035800e+02 7.480300e+02 0
