0 0 -1.500000e-01 0 1 65 1.672300e+01 2.490000e+00 2167 -3.612800e+03 0
-7.093800e-02 1.129700e-01 -1.559000e-01 0 5 65 1.519800e+01 2.490000e+00 -3.027800e+03 7.549300e+03 0
-1.585200e-01 1.858600e-01 -1.597000e-01 0 8 65 1.433500e+01 2.490000e+00 -1.095400e+03 2.919400e+03 0
-1.986300e-01 1.956900e-01 -1.602100e-01 0 9 65 1.388500e+01 2.490000e+00 -1.138400e+03 2.699200e+03 0
-2.480100e-01 1.868900e-01 -1.597500e-01 0 10 65 1.367400e+01 2.490000e+00 -1.505400e+03 2.834500e+03 0
-2.619200e-01 2.223300e-01 -1.616000e-01 0 11 65 1.314500e+01 2.490000e+00 -1.059100e+03 2.276500e+03 0
-2.851200e-01 2.360400e-01 -1.623200e-01 0 12 65 1.268500e+01 2.490000e+00 -9.970200e+02 2.117400e+03 0
-3.012100e-01 2.849000e-01 -1.648700e-01 0 13 65 1.189600e+01 2.490000e+00 -6.654200e+02 1732 0
-3.050300e-01 3.020100e-01 -1.657600e-01 0 14 65 1.147400e+01 2.490000e+00 -5.772800e+02 1.635200e+03 0
-1.222300e-01 3.468700e-01 -1.681000e-01 0 15 65 1.121600e+01 2.490000e+00 2.000900e+01 1.462600e+03 0
-3.601500e-01 3.699500e-01 -1.693100e-01 0 16 65 1.113100e+01 2.490000e+00 -4.030700e+02 1.353700e+03 0
3.536000e-01 3.482800e-01 -1.681700e-01 0 28 65 1.310600e+01 2.490000e+00 1.135200e+03 1.524600e+03 0
6.799100e-01 6.378000e-01 -1.832800e-01 0 29 65 1.465800e+01 2.490000e+00 1.291400e+03 9.432100e+02 0
6.725500e-01 7.369600e-01 -1.884600e-01 0 30 65 1.559900e+01 2.490000e+00 1.191300e+03 8.578900e+02 0
6.711800e-01 8.044600e-01 -1.919800e-01 0 31 65 1.576500e+01 2.490000e+00 1.142600e+03 8.136000e+02 0
6.766400e-01 8.334600e-01 -1.934900e-01 0 32 65 1.524500e+01 2.490000e+00 1.129800e+03 7.971900e+02 0
6.810000e-01 8.748100e-01 -1.956500e-01 0 33 65 1.378700e+01 2.490000e+00 1.110300e+03 7.758300e+02 0
7.328400e-01 8.337200e-01 -1.935100e-01 0 35 65 1.124900e+01 2.490000e+00 1.179300e+03 7.982000e+02 0
-8.498900e-01 8.646300e-01 -1.951200e-01 0 36 65 1.180700e+01 2.490000e+00 -9.877100e+01 7.537400e+02 0
-8.741700e-01 8.575600e-01 -1.947500e-01 0 37 65 1.218100e+01 2.490000e+00 -1.238600e+02 7.564700e+02 0
-8.984600e-01 8.466600e-01 -1.941800e-01 0 38 65 1.171500e+01 2.490000e+00 -1.533700e+02 7.609800e+02 0
-9.642100e-01 8.258900e-01 -1.931000e-01 0 39 65 1.029100e+01 2.490000e+00 -2.267400e+02 7.695500e+02 0
0 0 -1.500000e-01 3.204100e-02 1 66 1.571600e+01 2.490000e+00 2167 -3.612800e+03 0
-7.093800e-02 1.135100e-01 -1.559200e-01 3.204100e-02 5 66 1.417300e+01 2.490000e+00 -2.979800e+03 7.456900e+03 0
-1.604300e-01 1.840100e-01 -1.596000e-01 3.204100e-02 8 66 1.335900e+01 2.490000e+00 -1.133700e+03 2.958500e+03 0
-2.008100e-01 1.936700e-01 -1.601100e-01 3.204100e-02 9 66 1.288600e+01 2.490000e+00 -1.177600e+03 2.734700e+03 0
-2.455500e-01 1.915700e-01 -1.600000e-01 3.204100e-02 10 66 1.269300e+01 2.490000e+00 -1.412600e+03 2.745300e+03 0
-2.619200e-01 2.221700e-01 -1.615900e-01 3.204100e-02 11 66 1.215300e+01 2.490000e+00 -1.060900e+03 2.278500e+03 0
-2.851200e-01 2.341600e-01 -1.622200e-01 3.204100e-02 12 66 1.164900e+01 2.490000e+00 -1.015800e+03 2.136500e+03 0
-2.946700e-01 2.907900e-01 -1.651700e-01 3.204100e-02 13 66 1.087600e+01 2.490000e+00 -6.130900e+02 1.698600e+03 0
-2.979400e-01 2.907400e-01 -1.651700e-01 3.204100e-02 14 66 1.046600e+01 2.490000e+00 -6.218900e+02 1.698200e+03 0
3.536000e-01 3.613400e-01 -1.688600e-01 3.204100e-02 28 66 1.203800e+01 2.490000e+00 1.114300e+03 1471 0
6.722700e-01 6.374000e-01 -1.832600e-01 3.204100e-02 29 66 1.358400e+01 2.490000e+00 1.282500e+03 9.433400e+02 0
6.725500e-01 7.341200e-01 -1.883100e-01 3.204100e-02 30 66 1.455200e+01 2.490000e+00 1.193500e+03 8.599600e+02 0
6.711800e-01 8.044800e-01 -1.919800e-01 3.204100e-02 31 66 1.472900e+01 2.490000e+00 1.142600e+03 8.135900e+02 0
6.766400e-01 8.336600e-01 -1.935000e-01 3.204100e-02 32 66 1.422100e+01 2.490000e+00 1.129700e+03 7.970800e+02 0
6.810000e-01 8.747700e-01 -1.956500e-01 3.204100e-02 33 66 1.276200e+01 2.490000e+00 1.110300e+03 7.758500e+02 0
7.328400e-01 8.213400e-01 -1.928600e-01 3.204100e-02 35 66 1.040200e+01 2.490000e+00 1.187700e+03 8.051300e+02 0
-8.498900e-01 8.671700e-01 -1.952500e-01 3.204100e-02 36 66 1.102500e+01 2.490000e+00 -9.632700e+01 7.526300e+02 0
-8.741700e-01 8.657800e-01 -1.951800e-01 3.204100e-02 37 66 1.137200e+01 2.490000e+00 -1.156800e+02 7.528400e+02 0
-9.085500e-01 8.440500e-01 -1.940500e-01 3.204100e-02 38 66 1.099600e+01 2.490000e+00 -1.637900e+02 7.620100e+02 0
0 0 -1.500000e-01 6.408200e-02 1 67 1.042800e+01 2.490000e+00 2167 -3.612800e+03 0
-1.909900e-03 3.474300e-02 -1.518100e-01 6.408200e-02 2 67 9.609800e+00 2.490000e+00 3.507900e+03 -7.174900e+03 0
7.200200e-01 7.093800e-01 -1.870200e-01 6.408200e-02 30 67 9.429500e+00 2.490000e+00 1.264400e+03 8.801700e+02 0
7.202900e-01 7.607700e-01 -1.897000e-01 6.408200e-02 31 67 9.515500e+00 2.490000e+00 1.220400e+03 8.424500e+02 0
-6.896300e+00 1.034400e+01 -6.898000e-01 -6.728600e-01 357 44 1.058300e+01 2.490000e+00 2.659700e+02 4.208300e+02 1
-6.915600e+00 1.036200e+01 -6.907400e-01 -6.728600e-01 358 44 1.137100e+01 2.490000e+00 2.655600e+02 4.207800e+02 1
-6.935000e+00 1.036400e+01 -6.908200e-01 -6.728600e-01 359 44 1.123100e+01 2.490000e+00 2.644800e+02 4.207700e+02 1
-7.052300e+00 1.028000e+01 -6.864400e-01 -6.728600e-01 360 44 1.018300e+01 2.490000e+00 2.540500e+02 4.209600e+02 1
-7.187700e+00 1.013500e+01 -6.789000e-01 -6.408200e-01 357 45 1.024300e+01 2.490000e+00 2.397200e+02 4.213100e+02 1
-7.013000e+00 1.029800e+01 -6.873600e-01 -6.408200e-01 358 45 1.073100e+01 2.490000e+00 2.571200e+02 4.209300e+02 1
-6.935000e+00 1.037000e+01 -6.911400e-01 -6.408200e-01 359 45 1.051300e+01 2.490000e+00 2.647300e+02 4.207600e+02 1
0 0 -1.500000e-01 -6.408200e-02 1 63 1.086300e+01 2.490000e+00 2167 -3.612800e+03 0
-1.091400e-03 3.484200e-02 -1.518200e-01 -6.408200e-02 2 63 1.054100e+01 2.490000e+00 3.499700e+03 -7.188800e+03 0
6.766400e-01 7.588300e-01 -1.896000e-01 -6.408200e-02 32 63 9.548200e+00 2.490000e+00 1.178900e+03 8.426700e+02 0
0 0 -1.500000e-01 -3.204100e-02 1 64 1.570500e+01 2.490000e+00 2167 -3.612800e+03 0
-7.093800e-02 1.124900e-01 -1.558700e-01 -3.204100e-02 5 64 1.418800e+01 2.490000e+00 -3.071500e+03 7.633200e+03 0
-1.585200e-01 1.859600e-01 -1.597000e-01 -3.204100e-02 8 64 1.327700e+01 2.490000e+00 -1094 2.917300e+03 0
-2.008100e-01 1.927800e-01 -1.600600e-01 -3.204100e-02 9 64 1.284900e+01 2.490000e+00 -1.190800e+03 2.751200e+03 0
-2.480100e-01 1.854100e-01 -1.596800e-01 -3.204100e-02 10 64 1.263000e+01 2.490000e+00 -1.532500e+03 2.864600e+03 0
-2.619200e-01 2.216900e-01 -1.615700e-01 -3.204100e-02 11 64 1.213700e+01 2.490000e+00 -1.066300e+03 2.284300e+03 0
-2.881200e-01 2.318700e-01 -1.621000e-01 -3.204100e-02 12 64 1.167400e+01 2.490000e+00 -1.049400e+03 2.159200e+03 0
-3.044900e-01 2.816300e-01 -1.647000e-01 -3.204100e-02 13 64 1.082100e+01 2.490000e+00 -6.947100e+02 1.751400e+03 0
-3.085800e-01 3.058800e-01 -1.659600e-01 -3.204100e-02 14 64 1.037700e+01 2.490000e+00 -5.656800e+02 1.614700e+03 0
-1.184100e-01 4.136200e-01 -1.715800e-01 -3.204100e-02 15 64 1.024400e+01 2.490000e+00 1.577200e+02 1.255400e+03 0
3.536000e-01 3.082700e-01 -1.660900e-01 -3.204100e-02 28 64 1.213600e+01 2.490000e+00 1.214600e+03 1728 0
6.799100e-01 6.439000e-01 -1.836000e-01 -3.204100e-02 29 64 1.368200e+01 2.490000e+00 1.284700e+03 9.370800e+02 0
6.725500e-01 7.390700e-01 -1.885700e-01 -3.204100e-02 30 64 1.461600e+01 2.490000e+00 1.189700e+03 8.563700e+02 0
6.793700e-01 7.975100e-01 -1.916200e-01 -3.204100e-02 31 64 1.478500e+01 2.490000e+00 1.154700e+03 8.179500e+02 0
6.766400e-01 8.324200e-01 -1.934400e-01 -3.204100e-02 32 64 1.428600e+01 2.490000e+00 1.130400e+03 7.977600e+02 0
6.897400e-01 8.672100e-01 -1.952500e-01 -3.204100e-02 33 64 1.290200e+01 2.490000e+00 1.121700e+03 7.797600e+02 0
7.328400e-01 8.473100e-01 -1.942200e-01 -3.204100e-02 35 64 1.014900e+01 2.490000e+00 1.170500e+03 7.908600e+02 0
-8.403400e-01 8.838200e-01 -1.961200e-01 -3.204100e-02 36 64 1.046700e+01 2.490000e+00 -7.367800e+01 7.456500e+02 0
-8.643500e-01 8.685600e-01 -1.953200e-01 -3.204100e-02 37 64 1.084600e+01 2.490000e+00 -1.056900e+02 7.517900e+02 0
-8.883600e-01 8.628500e-01 -1.950300e-01 -3.204100e-02 38 64 1.015200e+01 2.490000e+00 -1.291200e+02 7.538900e+02 0
