0 0 -1.500000e-01 0 1 65 1.670900e+01 3.770000e+00 2167 -3.612800e+03 0
-7.093800e-02 1.126700e-01 -1.589100e-01 0 5 65 1.519100e+01 3.770000e+00 -3.066300e+03 7.669700e+03 0
-1.585200e-01 1.859600e-01 -1.647000e-01 0 8 65 1.432600e+01 3.770000e+00 -1.096800e+03 2948 0
-2.008100e-01 1.928500e-01 -1.652500e-01 0 9 65 1.386100e+01 3.770000e+00 -1.192700e+03 2.779300e+03 0
-2.480100e-01 1.863800e-01 -1.647400e-01 0 10 65 1.367300e+01 3.770000e+00 -1.518100e+03 2.874400e+03 0
-2.592000e-01 2.256900e-01 -1.678500e-01 0 11 65 1.300800e+01 3.770000e+00 -1015 2.264400e+03 0
-2.851200e-01 2.355600e-01 -1.686300e-01 0 12 65 1.265400e+01 3.770000e+00 -1.004100e+03 2.147600e+03 0
-3.077600e-01 2.803600e-01 -1.721700e-01 0 13 65 1.186400e+01 3.770000e+00 -7.135500e+02 1.782100e+03 0
-3.156700e-01 3.053800e-01 -1.741500e-01 0 14 65 1.149000e+01 3.770000e+00 -5.872100e+02 1.638600e+03 0
-1.222300e-01 3.740200e-01 -1.795700e-01 0 15 65 1.133000e+01 3.770000e+00 7.958600e+01 1.388800e+03 0
3.536000e-01 3.104000e-01 -1.745400e-01 0 28 65 1.307200e+01 3.770000e+00 1.210800e+03 1.740200e+03 0
6.799100e-01 6.390700e-01 -2.005300e-01 0 29 65 1.466300e+01 3.770000e+00 1291 9.620700e+02 0
6.725500e-01 7.372600e-01 -2.083000e-01 0 30 65 1.561100e+01 3.770000e+00 1192 8.772400e+02 0
6.793700e-01 7.975400e-01 -2.130600e-01 0 31 65 1.578000e+01 3.770000e+00 1.155500e+03 8.372300e+02 0
6.766400e-01 8.318000e-01 -2.157700e-01 0 32 65 1.527200e+01 3.770000e+00 1.131600e+03 8.172600e+02 0
6.810000e-01 8.688800e-01 -2.187000e-01 0 33 65 1.383600e+01 3.770000e+00 1.114300e+03 7.978000e+02 0
7.328400e-01 8.889400e-01 -2.202900e-01 0 35 65 1.096300e+01 3.770000e+00 1.146300e+03 7.889500e+02 0
-8.021400e-01 9.175600e-01 -2.225500e-01 0 36 65 1.175100e+01 3.770000e+00 -1.776300e+01 7.503700e+02 0
-8.250600e-01 9.086100e-01 -2.218500e-01 0 37 65 1.221400e+01 3.770000e+00 -4.143600e+01 7.535400e+02 0
-8.580800e-01 8.781400e-01 -2.194400e-01 0 38 65 1.187000e+01 3.770000e+00 -9.259400e+01 7.655600e+02 0
-8.916400e-01 8.550500e-01 -2.176100e-01 0 39 65 1.061200e+01 3.770000e+00 -1.402400e+02 7.751000e+02 0
0 0 -1.500000e-01 3.204100e-02 1 66 1.568200e+01 3.770000e+00 2167 -3.612800e+03 0
-7.093800e-02 1.130000e-01 -1.589400e-01 3.204100e-02 5 66 1.417700e+01 3.770000e+00 -3.036400e+03 7612 0
-1.585200e-01 1.858900e-01 -1.647000e-01 3.204100e-02 8 66 1.334600e+01 3.770000e+00 -1.097800e+03 2.949400e+03 0
-2.008100e-01 1.932700e-01 -1.652800e-01 3.204100e-02 9 66 1.289200e+01 3.770000e+00 -1.186400e+03 2.771500e+03 0
-2.480100e-01 1.877800e-01 -1.648500e-01 3.204100e-02 10 66 1.268200e+01 3.770000e+00 -1.492800e+03 2.846200e+03 0
-2.592000e-01 2.271200e-01 -1.679600e-01 3.204100e-02 11 66 1.189300e+01 3.770000e+00 -9.998500e+02 2248 0
-2.851200e-01 2.369100e-01 -1.687300e-01 3.204100e-02 12 66 1.161000e+01 3.770000e+00 -9.907800e+02 2134 0
-3.143100e-01 2.745200e-01 -1.717100e-01 3.204100e-02 13 66 1.085200e+01 3.770000e+00 -7.707300e+02 1.818500e+03 0
-3.156700e-01 3.070400e-01 -1.742800e-01 3.204100e-02 14 66 1.062000e+01 3.770000e+00 -5.785100e+02 1.630200e+03 0
-1.222300e-01 3.930700e-01 -1.810800e-01 3.204100e-02 15 66 1.038100e+01 3.770000e+00 1.158200e+02 1.331100e+03 0
3.462300e-01 3.414000e-01 -1.770000e-01 3.204100e-02 28 66 1.206100e+01 3.770000e+00 1.129300e+03 1.577600e+03 0
6.722700e-01 6.416000e-01 -2.007300e-01 3.204100e-02 29 66 1.364500e+01 3.770000e+00 1.279100e+03 9.592200e+02 0
6.725500e-01 7.349900e-01 -2.081200e-01 3.204100e-02 30 66 1.458700e+01 3.770000e+00 1.193800e+03 8.789000e+02 0
6.711800e-01 8.044800e-01 -2.136100e-01 3.204100e-02 31 66 1.474400e+01 3.770000e+00 1.143500e+03 8.328500e+02 0
6.766400e-01 8.327800e-01 -2.158500e-01 3.204100e-02 32 66 1.421200e+01 3.770000e+00 1131 8.167200e+02 0
6.722700e-01 8.751600e-01 -2.192000e-01 3.204100e-02 33 66 1.270700e+01 3.770000e+00 1.103600e+03 7.945000e+02 0
-8.116900e-01 9.091500e-01 -2.218900e-01 3.204100e-02 36 66 1.089800e+01 3.770000e+00 -3.148800e+01 7.535300e+02 0
-8.447100e-01 8.943600e-01 -2.207200e-01 3.204100e-02 37 66 1.136300e+01 3.770000e+00 -6.794400e+01 7.589900e+02 0
-8.681700e-01 8.736000e-01 -2.190800e-01 3.204100e-02 38 66 1.098600e+01 3.770000e+00 -1.043400e+02 7.673400e+02 0
0 0 -1.500000e-01 6.408200e-02 1 67 9.964000e+00 3.770000e+00 2167 -3.612800e+03 0
3.437800e-02 4.699100e-03 -1.503700e-01 6.408200e-02 2 67 9.803700e+00 3.770000e+00 1.930800e+03 -3.816200e+03 0
6.567200e-01 7.691700e-01 -2.108200e-01 6.408200e-02 30 67 9.342100e+00 3.770000e+00 1153 8.546800e+02 0
6.793700e-01 7.914000e-01 -2.125800e-01 6.408200e-02 31 67 1.014800e+01 3.770000e+00 1.159600e+03 841 0
7.104700e-01 8.013800e-01 -2.133700e-01 6.408200e-02 32 67 9.934900e+00 3.770000e+00 1.181800e+03 8.356200e+02 0
-6.579500e+00 1.115000e+01 -1.031600e+00 -7.689800e-01 372 41 1.038200e+01 3.770000e+00 3.137200e+02 4.352500e+02 1
-6.579500e+00 1.116100e+01 -1.032500e+00 -7.369400e-01 372 42 1.012600e+01 3.770000e+00 3.141100e+02 4.352200e+02 1
0 0 -1.500000e-01 -6.408200e-02 1 63 1.032100e+01 3.770000e+00 2167 -3.612800e+03 0
6.597200e-01 8.315200e-01 -2.157500e-01 -6.408200e-02 32 63 1.008100e+01 3.770000e+00 1.116800e+03 8.170600e+02 0
6.810000e-01 8.629800e-01 -2.182400e-01 -6.408200e-02 33 63 1.055000e+01 3.770000e+00 1.117500e+03 8.007800e+02 0
7.022900e-01 8.951400e-01 -2.207800e-01 -6.408200e-02 34 63 1.015500e+01 3.770000e+00 1.117800e+03 7.854300e+02 0
0 0 -1.500000e-01 -3.204100e-02 1 64 1.569300e+01 3.770000e+00 2167 -3.612800e+03 0
-7.093800e-02 1.120200e-01 -1.588600e-01 -3.204100e-02 5 64 1.417800e+01 3.770000e+00 -3.126900e+03 7.786800e+03 0
-1.585200e-01 1.860300e-01 -1.647100e-01 -3.204100e-02 8 64 1.331800e+01 3.770000e+00 -1.095700e+03 2.946400e+03 0
-2.008100e-01 1.921300e-01 -1.651900e-01 -3.204100e-02 9 64 1.279300e+01 3.770000e+00 -1.203500e+03 2793 0
-2.480100e-01 1.839000e-01 -1.645400e-01 -3.204100e-02 10 64 1.262900e+01 3.770000e+00 -1.564500e+03 2.926200e+03 0
-2.619200e-01 2.194500e-01 -1.673500e-01 -3.204100e-02 11 64 1.202100e+01 3.770000e+00 -1.094400e+03 2.338300e+03 0
-2.851200e-01 2.353300e-01 -1.686100e-01 -3.204100e-02 12 64 1.163000e+01 3.770000e+00 -1.006400e+03 2150 0
-3.077600e-01 2.806400e-01 -1.721900e-01 -3.204100e-02 13 64 1.083500e+01 3.770000e+00 -7.116800e+02 1.780200e+03 0
-3.085800e-01 3.063400e-01 -1.742200e-01 -3.204100e-02 14 64 1.047100e+01 3.770000e+00 -5.647700e+02 1635 0
-1.260500e-01 3.530600e-01 -1.779200e-01 -3.204100e-02 15 64 1.036900e+01 3.770000e+00 2.580400e+01 1.460800e+03 0
3.536000e-01 2.329100e-01 -1.684200e-01 -3.204100e-02 28 64 1.201800e+01 3.770000e+00 1.483100e+03 2.441300e+03 0
6.799100e-01 6.397500e-01 -2.005900e-01 -3.204100e-02 29 64 1.363300e+01 3.770000e+00 1.290300e+03 9.613800e+02 0
6.725500e-01 7.388200e-01 -2.084200e-01 -3.204100e-02 30 64 1.460300e+01 3.770000e+00 1.190800e+03 8.761100e+02 0
6.793700e-01 7.974100e-01 -2.130500e-01 -3.204100e-02 31 64 1.479000e+01 3.770000e+00 1.155600e+03 8.373100e+02 0
6.766400e-01 8.303100e-01 -2.156600e-01 -3.204100e-02 32 64 1.434900e+01 3.770000e+00 1.132500e+03 8.180900e+02 0
6.897400e-01 8.608400e-01 -2.180700e-01 -3.204100e-02 33 64 1.314400e+01 3.770000e+00 1.126100e+03 8.020500e+02 0
7.022900e-01 9.132600e-01 -2.222100e-01 -3.204100e-02 34 64 1.073900e+01 3.770000e+00 1.108400e+03 7.771000e+02 0
-7.639500e-01 9.437000e-01 -2.246200e-01 -3.204100e-02 36 64 1.063500e+01 3.770000e+00 2.915800e+01 7.410100e+02 0
-8.054200e-01 9.117000e-01 -2.220900e-01 -3.204100e-02 37 64 1.103300e+01 3.770000e+00 -2.490600e+01 7.526200e+02 0
-8.378900e-01 8.533900e-01 -2.174800e-01 -3.204100e-02 38 64 1.072200e+01 3.770000e+00 -1.014500e+02 7.768100e+02 0
