0 0 -1.500000e-01 0 1 65 1.673800e+01 3.880000e+00 2167 -3.612800e+03 0
-7.093800e-02 1.128600e-01 -1.591900e-01 0 5 65 1.518200e+01 3.880000e+00 -3.049500e+03 7.641400e+03 0
-1.585200e-01 1.859000e-01 -1.651300e-01 0 8 65 1.434800e+01 3.880000e+00 -1.097900e+03 2.951900e+03 0
-1.986300e-01 1.953800e-01 -1.659000e-01 0 9 65 1.387800e+01 3.880000e+00 -1.145800e+03 2.736400e+03 0
-2.480100e-01 1.870000e-01 -1.652200e-01 0 10 65 1.368400e+01 3.880000e+00 -1.507100e+03 2.864500e+03 0
-2.619200e-01 2.225900e-01 -1.681200e-01 0 11 65 1.311700e+01 3.880000e+00 -1059 2.302100e+03 0
-2.851200e-01 2.355600e-01 -1.691700e-01 0 12 65 1.269000e+01 3.880000e+00 -1.004400e+03 2.149900e+03 0
-3.044900e-01 2.809700e-01 -1.728700e-01 0 13 65 1.196800e+01 3.880000e+00 -7.008200e+02 1.780900e+03 0
-3.085800e-01 3.110700e-01 -1.753200e-01 0 14 65 1.152700e+01 3.880000e+00 -5.408700e+02 1.613500e+03 0
-1.184100e-01 3.781700e-01 -1.807800e-01 0 15 65 1.139900e+01 3.880000e+00 9.546000e+01 1.377900e+03 0
3.536000e-01 3.170100e-01 -1.758000e-01 0 28 65 1.315200e+01 3.880000e+00 1.196100e+03 1.704200e+03 0
6.799100e-01 6.410200e-01 -2.021700e-01 0 29 65 1.467600e+01 3.880000e+00 1289 9.618300e+02 0
6.725500e-01 7.378500e-01 -2.100500e-01 0 30 65 1.557300e+01 3.880000e+00 1.191600e+03 8.785000e+02 0
6.793700e-01 7.975600e-01 -2.149100e-01 0 31 65 1.571500e+01 3.880000e+00 1.155600e+03 8.388800e+02 0
6.766400e-01 8.327500e-01 -2.177800e-01 0 32 65 1.515300e+01 3.880000e+00 1.131100e+03 8.183900e+02 0
6.722700e-01 8.769900e-01 -2.213800e-01 0 33 65 1.362600e+01 3.880000e+00 1.102700e+03 7.952400e+02 0
6.752700e-01 9.124200e-01 -2.242600e-01 0 34 65 1.148800e+01 3.880000e+00 1.087300e+03 7.786200e+02 0
7.421200e-01 8.173900e-01 -2.165300e-01 0 35 65 1.133300e+01 3.880000e+00 1.199800e+03 8.285200e+02 0
-8.116900e-01 9.098700e-01 -2.240500e-01 0 36 65 1.177600e+01 3.880000e+00 -3.093200e+01 7.547800e+02 0
-8.348900e-01 8.915300e-01 -2.225600e-01 0 37 65 1.226900e+01 3.880000e+00 -6.345700e+01 7.618500e+02 0
-8.580800e-01 8.697300e-01 -2.207800e-01 0 38 65 1.189200e+01 3.880000e+00 -1.006800e+02 7.707200e+02 0
-8.812700e-01 8.493900e-01 -2.191300e-01 0 39 65 1.038100e+01 3.880000e+00 -1.383300e+02 7.793900e+02 0
0 0 -1.500000e-01 3.204100e-02 1 66 1.573100e+01 3.880000e+00 2167 -3.612800e+03 0
-7.093800e-02 1.135200e-01 -1.592400e-01 3.204100e-02 5 66 1.418100e+01 3.880000e+00 -2.990900e+03 7.528300e+03 0
-1.585200e-01 1.856600e-01 -1.651100e-01 3.204100e-02 8 66 1.333400e+01 3.880000e+00 -1.101700e+03 2.957200e+03 0
-2.008100e-01 1.937200e-01 -1.657700e-01 3.204100e-02 9 66 1.287800e+01 3.880000e+00 -1.179900e+03 2.765500e+03 0
-2.480100e-01 1.887300e-01 -1.653600e-01 3.204100e-02 10 66 1.270200e+01 3.880000e+00 -1.476100e+03 2.829900e+03 0
-2.619200e-01 2.238500e-01 -1.682200e-01 3.204100e-02 11 66 1.218500e+01 3.880000e+00 -1045 2287 0
-2.881200e-01 2.311700e-01 -1.688100e-01 3.204100e-02 12 66 1.173200e+01 3.880000e+00 -1.059500e+03 2.194500e+03 0
-3.077600e-01 2.749600e-01 -1.723800e-01 3.204100e-02 13 66 1.104200e+01 3.880000e+00 -7.496600e+02 1.819100e+03 0
-3.014900e-01 3.168400e-01 -1.757900e-01 3.204100e-02 14 66 1.061900e+01 3.880000e+00 -496 1.587300e+03 0
-1.184100e-01 1.086200e-01 -1.588400e-01 3.204100e-02 15 66 1.055000e+01 3.880000e+00 -4.091200e+03 8.136400e+03 0
3.536000e-01 3.020900e-01 -1.745900e-01 3.204100e-02 28 66 1.215600e+01 3.880000e+00 1.230700e+03 1.793400e+03 0
6.799100e-01 6.412300e-01 -2.021900e-01 3.204100e-02 29 66 1.367500e+01 3.880000e+00 1.288800e+03 9.616200e+02 0
6.725500e-01 7.376000e-01 -2.100300e-01 3.204100e-02 30 66 1.457400e+01 3.880000e+00 1.191800e+03 8.786800e+02 0
6.711800e-01 8.044800e-01 -2.154700e-01 3.204100e-02 31 66 1.472500e+01 3.880000e+00 1.143600e+03 8.345200e+02 0
6.766400e-01 8.336500e-01 -2.178500e-01 3.204100e-02 32 66 1.415800e+01 3.880000e+00 1.130600e+03 8.178900e+02 0
6.722700e-01 8.789800e-01 -2.215400e-01 3.204100e-02 33 66 1.261700e+01 3.880000e+00 1.101700e+03 7.942600e+02 0
6.662700e-01 9.224200e-01 -2.250700e-01 3.204100e-02 34 66 1.056900e+01 3.880000e+00 1.075500e+03 7.740200e+02 0
7.514000e-01 7.698300e-01 -2.126500e-01 3.204100e-02 35 66 1.031700e+01 3.880000e+00 1.244700e+03 8.583200e+02 0
-8.021400e-01 9.130700e-01 -2.243100e-01 3.204100e-02 36 66 1.083700e+01 3.880000e+00 -2.150800e+01 7.536600e+02 0
-8.348900e-01 8.838000e-01 -2.219300e-01 3.204100e-02 37 66 1.126200e+01 3.880000e+00 -7.044900e+01 7.650800e+02 0
-8.580800e-01 8.688800e-01 -2.207200e-01 3.204100e-02 38 66 1.085500e+01 3.880000e+00 -1.015000e+02 7.710900e+02 0
1.294900e+00 1.175700e+01 -1.106900e+00 -9.932700e-01 340 34 1.094900e+01 3.880000e+00 7.555600e+02 4.373700e+02 1
1.205900e+00 1.179900e+01 -1.110300e+00 -9.932700e-01 341 34 1.146100e+01 3.880000e+00 7.504700e+02 4.372500e+02 1
1.116500e+00 1.184800e+01 -1.114300e+00 -9.932700e-01 342 34 1.135900e+01 3.880000e+00 7.453700e+02 4.371200e+02 1
1.026400e+00 1.189800e+01 -1.118300e+00 -9.932700e-01 343 34 1.095900e+01 3.880000e+00 7.402800e+02 4.369900e+02 1
7.486700e-01 1.194100e+01 -1.121900e+00 -9.932700e-01 344 34 1.040500e+01 3.880000e+00 7.251400e+02 4.368300e+02 1
1.202400e+00 1.177600e+01 -1.108400e+00 -9.612300e-01 340 35 1.110500e+01 3.880000e+00 7.503900e+02 4.373000e+02 1
1.113200e+00 1.182100e+01 -1.112100e+00 -9.612300e-01 341 35 1.160800e+01 3.880000e+00 7.453100e+02 4.371800e+02 1
1.116500e+00 1.184800e+01 -1.114300e+00 -9.612300e-01 342 35 1.147700e+01 3.880000e+00 7.453700e+02 4.371200e+02 1
1.026400e+00 1.188700e+01 -1.117500e+00 -9.612300e-01 343 35 1.095600e+01 3.880000e+00 7.403200e+02 4.370200e+02 1
7.486700e-01 1.191200e+01 -1.119500e+00 -9.612300e-01 344 35 1.024900e+01 3.880000e+00 7.252200e+02 4.368900e+02 1
-7.860200e+00 6.388200e+00 2.234100e+00 -6.728600e-01 298 44 1.010100e+01 3.880000e+00 -7.273900e+01 1.876900e+02 0
-7.805400e+00 6.688200e+00 1.629000e+00 -6.728600e-01 299 44 1.006600e+01 3.880000e+00 -3.691400e+01 2.475500e+02 0
-7.536100e+00 7.006500e+00 -7.202400e-01 -6.408200e-01 298 45 1.090700e+01 3.880000e+00 1.130200e+01 4.507400e+02 1
-7.724100e+00 6.892700e+00 -7.109700e-01 -6.408200e-01 299 45 1.086700e+01 3.880000e+00 -1.598000e+01 4.512700e+02 0
-7.366600e+00 7.449800e+00 -7.563200e-01 -6.408200e-01 301 45 1.032800e+01 3.880000e+00 6.464900e+01 4.485300e+02 1
0 0 -1.500000e-01 -3.204100e-02 1 64 1.571700e+01 3.880000e+00 2167 -3.612800e+03 0
-7.093800e-02 1.120100e-01 -1.591200e-01 -3.204100e-02 5 64 1.414100e+01 3.880000e+00 -3.129200e+03 7.795200e+03 0
-1.585200e-01 1.859900e-01 -1.651400e-01 -3.204100e-02 8 64 1.331100e+01 3.880000e+00 -1.096600e+03 2950 0
-1.986300e-01 1.948200e-01 -1.658600e-01 -3.204100e-02 9 64 1.284100e+01 3.880000e+00 -1.153900e+03 2.746500e+03 0
-2.480100e-01 1.863300e-01 -1.651600e-01 -3.204100e-02 10 64 1.267500e+01 3.880000e+00 -1.519300e+03 2.878100e+03 0
-2.592000e-01 2.268900e-01 -1.684700e-01 -3.204100e-02 11 64 1.202900e+01 3.880000e+00 -1.002500e+03 2.252800e+03 0
-2.851200e-01 2.379500e-01 -1.693700e-01 -3.204100e-02 12 64 1.166000e+01 3.880000e+00 -9.809300e+02 2.125900e+03 0
-3.044900e-01 2.831600e-01 -1.730500e-01 -3.204100e-02 13 64 1.094500e+01 3.880000e+00 -6.869100e+02 1.767200e+03 0
-3.121300e-01 3.082200e-01 -1.750900e-01 -3.204100e-02 14 64 1.055600e+01 3.880000e+00 -5.638600e+02 1.626900e+03 0
3.536000e-01 3.332900e-01 -1.771300e-01 -3.204100e-02 28 64 1.215600e+01 3.880000e+00 1.163100e+03 1.619200e+03 0
6.799100e-01 6.426700e-01 -2.023100e-01 -3.204100e-02 29 64 1.366300e+01 3.880000e+00 1.287200e+03 9.601700e+02 0
6.804600e-01 7.318200e-01 -2.095600e-01 -3.204100e-02 30 64 1.453100e+01 3.880000e+00 1.204500e+03 8.831500e+02 0
6.793700e-01 7.975200e-01 -2.149100e-01 -3.204100e-02 31 64 1.466400e+01 3.880000e+00 1.155600e+03 8.389100e+02 0
6.766400e-01 8.320600e-01 -2.177200e-01 -3.204100e-02 32 64 1.410300e+01 3.880000e+00 1.131500e+03 8.187700e+02 0
6.722700e-01 8.760800e-01 -2.213000e-01 -3.204100e-02 33 64 1.257900e+01 3.880000e+00 1.103200e+03 7.956800e+02 0
7.022900e-01 8.623100e-01 -2.201800e-01 -3.204100e-02 34 64 1.051800e+01 3.880000e+00 1.136100e+03 8.031900e+02 0
7.421200e-01 7.986700e-01 -2.150000e-01 -3.204100e-02 35 64 1.037600e+01 3.880000e+00 1.213300e+03 8.396800e+02 0
-8.116900e-01 9.123200e-01 -2.242500e-01 -3.204100e-02 36 64 1.076500e+01 3.880000e+00 -2.888300e+01 7.538100e+02 0
-8.348900e-01 8.856700e-01 -2.220800e-01 -3.204100e-02 37 64 1.124700e+01 3.880000e+00 -6.874600e+01 7.643000e+02 0
-8.479800e-01 8.530300e-01 -2.194300e-01 -3.204100e-02 38 64 1.090200e+01 3.880000e+00 -1.094900e+02 7.783300e+02 0
