0 0 -1.500000e-01 0 1 65 1.669700e+01 1.430000e+00 2167 -3.612800e+03 0
-7.093800e-02 1.130100e-01 -1.533900e-01 0 5 65 1.518700e+01 1.430000e+00 -3.015300e+03 7.487100e+03 0
-1.585200e-01 1.859400e-01 -1.555700e-01 0 8 65 1.436000e+01 1.430000e+00 -1.091900e+03 2.892400e+03 0
-2.008100e-01 1.930600e-01 -1.557800e-01 0 9 65 1.387800e+01 1.430000e+00 -1.184200e+03 2.721700e+03 0
-2.480100e-01 1.867800e-01 -1.556000e-01 0 10 65 1.368100e+01 1.430000e+00 -1.504300e+03 2812 0
-2.619200e-01 2.219500e-01 -1.566500e-01 0 11 65 1.309700e+01 1.430000e+00 -1.061300e+03 2.259400e+03 0
-2.851200e-01 2.358100e-01 -1.570600e-01 0 12 65 1.269500e+01 1.430000e+00 -9.973700e+02 2.098800e+03 0
-3.044900e-01 2.826500e-01 -1.584700e-01 0 13 65 1.188200e+01 1.430000e+00 -6.868100e+02 1.725900e+03 0
-3.192200e-01 3.053600e-01 -1.591500e-01 0 14 65 1.139800e+01 1.430000e+00 -5.931900e+02 1.596900e+03 0
-1.222300e-01 4.143000e-01 -1.624100e-01 0 15 65 1.150700e+01 1.430000e+00 1.522900e+02 1236 0
3.609700e-01 3.191400e-01 -1.595600e-01 0 28 65 1.312000e+01 1.430000e+00 1210 1647 0
6.799100e-01 6.431000e-01 -1.692600e-01 0 29 65 1.467600e+01 1.430000e+00 1.284700e+03 9.212900e+02 0
6.804600e-01 7.327400e-01 -1.719500e-01 0 30 65 1.560300e+01 1.430000e+00 1.201900e+03 8.450300e+02 0
6.793700e-01 7.974700e-01 -1.738900e-01 0 31 65 1.576500e+01 1.430000e+00 1154 8.020600e+02 0
6.766400e-01 8.312100e-01 -1.749000e-01 0 32 65 1.523800e+01 1.430000e+00 1.130400e+03 7.826200e+02 0
6.810000e-01 8.660100e-01 -1.759400e-01 0 33 65 1.376200e+01 1.430000e+00 1.114300e+03 7.645000e+02 0
-9.814000e-01 4.997600e-01 -1.649700e-01 0 34 65 1.084300e+01 1.430000e+00 -9.025300e+02 1.020800e+03 0
7.142900e-01 9.328800e-01 -1.779500e-01 0 35 65 1.118600e+01 1.430000e+00 1.106500e+03 7.342700e+02 0
-8.212400e-01 8.492800e-01 -1.754400e-01 0 36 65 1.177900e+01 1.430000e+00 -9.162300e+01 7.463800e+02 0
-8.348900e-01 8.403200e-01 -1.751700e-01 0 37 65 1.214200e+01 1.430000e+00 -1.109300e+02 7.502800e+02 0
-8.479800e-01 8.226100e-01 -1.746400e-01 0 38 65 1.171300e+01 1.430000e+00 -1.395200e+02 7.584900e+02 0
-8.709000e-01 8.637000e-01 -1.758700e-01 0 39 65 1.058600e+01 1.430000e+00 -1.147100e+02 7.391200e+02 0
0 0 -1.500000e-01 3.204100e-02 1 66 1.569200e+01 1.430000e+00 2167 -3.612800e+03 0
-7.202900e-02 1.126800e-01 -1.533800e-01 3.204100e-02 5 66 1.416300e+01 1.430000e+00 -3.058600e+03 7.537800e+03 0
-1.604300e-01 1.840800e-01 -1.555100e-01 3.204100e-02 8 66 1.339800e+01 1.430000e+00 -1.130100e+03 2.931400e+03 0
-2.008100e-01 1.933400e-01 -1.557900e-01 3.204100e-02 9 66 1.292000e+01 1.430000e+00 -1180 2.716400e+03 0
-2.480100e-01 1.874100e-01 -1.556100e-01 3.204100e-02 10 66 1.275000e+01 1.430000e+00 -1.493100e+03 2.799600e+03 0
-2.619200e-01 2.228600e-01 -1.566800e-01 3.204100e-02 11 66 1.215600e+01 1.430000e+00 -1.051100e+03 2.248500e+03 0
-2.851200e-01 2.372900e-01 -1.571100e-01 3.204100e-02 12 66 1.179400e+01 1.430000e+00 -9.828900e+02 2.084100e+03 0
-3.044900e-01 2.816600e-01 -1.584400e-01 3.204100e-02 13 66 1.082600e+01 1.430000e+00 -6.930800e+02 1732 0
3.536000e-01 3.614100e-01 -1.608300e-01 3.204100e-02 28 66 1.209300e+01 1.430000e+00 1.113400e+03 1.451600e+03 0
6.799100e-01 6.392700e-01 -1.691500e-01 3.204100e-02 29 66 1.365700e+01 1.430000e+00 1.288800e+03 9.251100e+02 0
6.725500e-01 7.376400e-01 -1.721000e-01 3.204100e-02 30 66 1.459500e+01 1.430000e+00 1190 8.412700e+02 0
6.793700e-01 7.975800e-01 -1.738900e-01 3.204100e-02 31 66 1.476500e+01 1.430000e+00 1.153900e+03 802 0
6.766400e-01 8.338700e-01 -1.749800e-01 3.204100e-02 32 66 1.424800e+01 1.430000e+00 1.128800e+03 7.811700e+02 0
6.810000e-01 8.718700e-01 -1.761200e-01 3.204100e-02 33 66 1.276700e+01 1.430000e+00 1.111200e+03 7.615900e+02 0
7.142900e-01 9.332200e-01 -1.779600e-01 3.204100e-02 35 66 1.028000e+01 1.430000e+00 1.106400e+03 7.341200e+02 0
-8.307900e-01 8.195500e-01 -1.745500e-01 3.204100e-02 36 66 1.100700e+01 1.430000e+00 -1.293200e+02 7.603000e+02 0
-8.447100e-01 8.196200e-01 -1.745500e-01 3.204100e-02 37 66 1.131000e+01 1.430000e+00 -1.401700e+02 7.600100e+02 0
-8.580800e-01 8.055200e-01 -1.741300e-01 3.204100e-02 38 66 1.093600e+01 1.430000e+00 -1.663100e+02 7.668100e+02 0
-8.709000e-01 8.492100e-01 -1.754400e-01 3.204100e-02 39 66 9.973400e+00 1.430000e+00 -1.292700e+02 7.455900e+02 0
0 0 -1.500000e-01 6.408200e-02 1 67 1.053400e+01 1.430000e+00 2167 -3.612800e+03 0
-2.728400e-04 3.482700e-02 -1.510400e-01 6.408200e-02 2 67 9.782400e+00 1.430000e+00 3.485900e+03 -7.174900e+03 0
2.151100e+00 7.339000e+00 -3.698500e-01 -4.806200e-01 220 50 1.044900e+01 1.430000e+00 8.684400e+02 4.214000e+02 0
2.160900e+00 7.371100e+00 -3.708100e-01 -4.806200e-01 221 50 1.068000e+01 1.430000e+00 8.685400e+02 4.212200e+02 0
2.291300e+00 7.369900e+00 -3.707700e-01 -4.806200e-01 222 50 9.886800e+00 1.430000e+00 8.801400e+02 4.212700e+02 0
2.040800e+00 7.405900e+00 -3.718500e-01 -4.485700e-01 221 51 1.013400e+01 1.430000e+00 8.571000e+02 4.209800e+02 1
0 0 -1.500000e-01 -3.204100e-02 1 64 1.568500e+01 1.430000e+00 2167 -3.612800e+03 0
-7.093800e-02 1.120800e-01 -1.533600e-01 -3.204100e-02 5 64 1.417000e+01 1.430000e+00 -3.100100e+03 7.649700e+03 0
-1.585200e-01 1.859900e-01 -1.555700e-01 -3.204100e-02 8 64 1.325100e+01 1.430000e+00 -1091 2.891200e+03 0
-1.986300e-01 1.954500e-01 -1.558500e-01 -3.204100e-02 9 64 1.278500e+01 1.430000e+00 -1.139500e+03 2.679500e+03 0
-2.480100e-01 1.857800e-01 -1.555700e-01 -3.204100e-02 10 64 1.256500e+01 1.430000e+00 -1.522700e+03 2.832400e+03 0
-2.592000e-01 2.248200e-01 -1.567300e-01 -3.204100e-02 11 64 1.202500e+01 1.430000e+00 -1.019900e+03 2.226700e+03 0
-2.851200e-01 2.349100e-01 -1.570400e-01 -3.204100e-02 12 64 1.159500e+01 1.430000e+00 -1.006300e+03 2.107900e+03 0
-3.044900e-01 2.839800e-01 -1.585100e-01 -3.204100e-02 13 64 1.081700e+01 1.430000e+00 -6.784500e+02 1.717800e+03 0
-1.222300e-01 4.635000e-01 -1.638800e-01 -3.204100e-02 15 64 1.060900e+01 1.430000e+00 2.199500e+02 1129 0
3.609700e-01 3.025100e-01 -1.590600e-01 -3.204100e-02 28 64 1.210400e+01 1.430000e+00 1.249600e+03 1.744300e+03 0
6.799100e-01 6.441300e-01 -1.693000e-01 -3.204100e-02 29 64 1.364900e+01 1.430000e+00 1.283600e+03 9.202700e+02 0
6.804600e-01 7.342000e-01 -1.719900e-01 -3.204100e-02 30 64 1.456700e+01 1.430000e+00 1.200800e+03 8.439700e+02 0
6.793700e-01 7.972600e-01 -1.738800e-01 -3.204100e-02 31 64 1.470600e+01 1.430000e+00 1.154100e+03 8.021800e+02 0
6.766400e-01 8.293400e-01 -1.748400e-01 -3.204100e-02 32 64 1.416500e+01 1.430000e+00 1.131500e+03 7.836500e+02 0
6.722700e-01 8.690100e-01 -1.760300e-01 -3.204100e-02 33 64 1.272800e+01 1.430000e+00 1.105400e+03 7.628500e+02 0
-8.348900e-01 8.280000e-01 -1.748000e-01 -3.204100e-02 35 64 1.003000e+01 1.430000e+00 -1.236100e+02 7.561100e+02 0
-8.212400e-01 8.659700e-01 -1.759400e-01 -3.204100e-02 36 64 1.064200e+01 1.430000e+00 -7.563100e+01 7.389200e+02 0
-8.250600e-01 8.550000e-01 -1.756100e-01 -3.204100e-02 37 64 1.096200e+01 1.430000e+00 -8.894500e+01 7.437300e+02 0
-8.277900e-01 8.466800e-01 -1.753600e-01 -3.204100e-02 38 64 1.048200e+01 1.430000e+00 -9.915300e+01 7.474600e+02 0
