0 0 -1.500000e-01 0 1 65 1.674900e+01 2.190000e+00 2167 -3.612800e+03 0
-7.093800e-02 1.130000e-01 -1.551900e-01 0 5 65 1.517700e+01 2.190000e+00 -3.023200e+03 7.529600e+03 0
-1.585200e-01 1.858600e-01 -1.585300e-01 0 8 65 1.433600e+01 2.190000e+00 -1.094800e+03 2.912300e+03 0
-1.986300e-01 1.956300e-01 -1.589800e-01 0 9 65 1.385700e+01 2.190000e+00 -1.138500e+03 2.693400e+03 0
-2.480100e-01 1.868900e-01 -1.585800e-01 0 10 65 1.365700e+01 2.190000e+00 -1.504500e+03 2.827500e+03 0
-2.619200e-01 2.223000e-01 -1.602000e-01 0 11 65 1.306200e+01 2.190000e+00 -1.058900e+03 2.270800e+03 0
-2.881200e-01 2.306400e-01 -1.605800e-01 0 12 65 1.266200e+01 2.190000e+00 -1.061800e+03 2.166300e+03 0
-3.077600e-01 2.775500e-01 -1.627400e-01 0 13 65 1.190800e+01 2.190000e+00 -7.297900e+02 1.771100e+03 0
-3.085800e-01 3.111100e-01 -1.642800e-01 0 14 65 1.145100e+01 2.190000e+00 -5.387200e+02 1.583700e+03 0
-1.260500e-01 3.562100e-01 -1.663500e-01 0 15 65 1.136600e+01 2.190000e+00 3.394900e+01 1.422100e+03 0
3.609700e-01 3.335000e-01 -1.653000e-01 0 28 65 1.314400e+01 2.190000e+00 1.180700e+03 1.587700e+03 0
6.799100e-01 6.388100e-01 -1.793100e-01 0 29 65 1.465600e+01 2.190000e+00 1290 9.374800e+02 0
6.804600e-01 7.287300e-01 -1.834400e-01 0 30 65 1.554300e+01 2.190000e+00 1.205700e+03 8.595700e+02 0
6.793700e-01 7.975800e-01 -1.866000e-01 0 31 65 1.567600e+01 2.190000e+00 1.154400e+03 8.134000e+02 0
6.766400e-01 8.325900e-01 -1.882100e-01 0 32 65 1.510600e+01 2.190000e+00 1.130100e+03 7.931900e+02 0
6.810000e-01 8.728400e-01 -1.900500e-01 0 33 65 1.349500e+01 2.190000e+00 1.111100e+03 7.723500e+02 0
-1.026400e+00 1.550500e-01 -1.571200e-01 0 34 65 1.090600e+01 2.190000e+00 -5.898500e+03 2.939700e+03 0
7.235700e-01 9.013200e-01 -1.913600e-01 0 35 65 1.131300e+01 2.190000e+00 1.130800e+03 7.595400e+02 0
-7.830500e-01 9.166300e-01 -1.920600e-01 0 36 65 1.161500e+01 2.190000e+00 -4.335200e+00 7.290900e+02 0
-8.152400e-01 8.984300e-01 -1.912300e-01 0 37 65 1.197900e+01 2.190000e+00 -4.239100e+01 7.358500e+02 0
-8.479800e-01 8.652500e-01 -1.897100e-01 0 38 65 1.143800e+01 2.190000e+00 -9.659700e+01 7.493400e+02 0
0 0 -1.500000e-01 3.204100e-02 1 66 1.573000e+01 2.190000e+00 2167 -3.612800e+03 0
-7.093800e-02 1.131900e-01 -1.551900e-01 3.204100e-02 5 66 1.417100e+01 2.190000e+00 -3006 7.496600e+03 0
-1.585200e-01 1.856300e-01 -1.585200e-01 3.204100e-02 8 66 1.330900e+01 2.190000e+00 -1.098200e+03 2.917100e+03 0
-1.986300e-01 1.960000e-01 -1.589900e-01 3.204100e-02 9 66 1.282300e+01 2.190000e+00 -1.133200e+03 2.686700e+03 0
-2.480100e-01 1.881700e-01 -1.586400e-01 3.204100e-02 10 66 1.262800e+01 2.190000e+00 -1.481400e+03 2.801900e+03 0
-2.619200e-01 2.237400e-01 -1.602700e-01 3.204100e-02 11 66 1.202800e+01 2.190000e+00 -1043 2.253700e+03 0
-2.881200e-01 2.321800e-01 -1.606500e-01 3.204100e-02 12 66 1.167500e+01 2.190000e+00 -1.045700e+03 2.150100e+03 0
-3.077600e-01 2.758200e-01 -1.626600e-01 3.204100e-02 13 66 1.098600e+01 2.190000e+00 -7.413900e+02 1.782400e+03 0
-3.085800e-01 3.162000e-01 -1.645100e-01 3.204100e-02 14 66 1.032000e+01 2.190000e+00 -5.138900e+02 1.559600e+03 0
-1.260500e-01 3.207800e-01 -1.647200e-01 3.204100e-02 15 66 1.033800e+01 2.190000e+00 -5.915500e+01 1.567800e+03 0
3.683300e-01 3.644800e-01 -1.667300e-01 3.204100e-02 28 66 1.215800e+01 2.190000e+00 1.143700e+03 1.455400e+03 0
6.799100e-01 6.326000e-01 -1.790300e-01 3.204100e-02 29 66 1.366300e+01 2.190000e+00 1.296900e+03 9.438300e+02 0
6.725500e-01 7.347500e-01 -1.837200e-01 3.204100e-02 30 66 1.456100e+01 2.190000e+00 1.192800e+03 8.549300e+02 0
6.711800e-01 8.044800e-01 -1.869200e-01 3.204100e-02 31 66 1.470300e+01 2.190000e+00 1.142400e+03 8.090900e+02 0
6.766400e-01 8.323200e-01 -1.881900e-01 3.204100e-02 32 66 1.415200e+01 2.190000e+00 1.130300e+03 7.933400e+02 0
6.810000e-01 8.704400e-01 -1.899400e-01 3.204100e-02 33 66 1.259800e+01 2.190000e+00 1.112400e+03 7.735400e+02 0
7.142900e-01 9.117600e-01 -1.918400e-01 3.204100e-02 35 66 1.030300e+01 2.190000e+00 1.117700e+03 7.546400e+02 0
-7.926000e-01 9.091300e-01 -1.917200e-01 3.204100e-02 36 66 1.058800e+01 2.190000e+00 -1.719400e+01 7.319000e+02 0
-8.152400e-01 9.064500e-01 -1.916000e-01 3.204100e-02 37 66 11 2.190000e+00 -3.552900e+01 7.326300e+02 0
-8.378900e-01 8.728100e-01 -1.900500e-01 3.204100e-02 38 66 1.035800e+01 2.190000e+00 -8.192700e+01 7.462200e+02 0
0 0 -1.500000e-01 6.408200e-02 1 67 9.850900e+00 2.190000e+00 2167 -3.612800e+03 0
6.646300e-01 7.429300e-01 -1.840900e-01 6.408200e-02 30 67 9.894500e+00 2.190000e+00 1.178500e+03 8.488400e+02 0
6.711800e-01 7.841200e-01 -1.859800e-01 6.408200e-02 31 67 1.033600e+01 2.190000e+00 1.155700e+03 8.215100e+02 0
6.851000e-01 8.012800e-01 -1.867700e-01 6.408200e-02 32 67 1.044800e+01 2.190000e+00 1.157300e+03 8.113000e+02 0
7.159300e-01 8.221600e-01 -1.877300e-01 6.408200e-02 33 67 9.859000e+00 2.190000e+00 1.171700e+03 7.998100e+02 0
0 0 -1.500000e-01 9.612300e-02 1 68 9.442400e+00 2.190000e+00 2167 -3.612800e+03 0
6.883700e-01 6.155400e-01 -1.782500e-01 9.612300e-02 30 68 9.755000e+00 2.190000e+00 1.327400e+03 9.623800e+02 0
6.793700e-01 7.915200e-01 -1.863200e-01 9.612300e-02 31 68 9.672100e+00 2.190000e+00 1.158400e+03 8.170900e+02 0
0 1.353800e+00 -2.121300e-01 5.447000e-01 40 82 1.031800e+01 2.190000e+00 6.086800e+02 6.210100e+02 0
0 1.387400e+00 -2.136700e-01 5.447000e-01 41 82 1.069300e+01 2.190000e+00 6.108600e+02 6.150900e+02 0
1.118600e-02 1.417500e+00 -2.150500e-01 5.447000e-01 42 82 1.016100e+01 2.190000e+00 6.179900e+02 6.101200e+02 0
-3.192200e-02 1.359700e+00 -2.124000e-01 5.767400e-01 40 83 9.849400e+00 2.190000e+00 5.933700e+02 6.197300e+02 0
-3.274100e-02 1.389800e+00 -2.137800e-01 5.767400e-01 41 83 1.016100e+01 2.190000e+00 5.952800e+02 6.144700e+02 0
6.744600e-01 7.145600e+00 -4.779100e-01 -8.971500e-01 207 37 1.006800e+01 2.190000e+00 7.391500e+02 4.319100e+02 1
7.413000e-01 7.261200e+00 -4.832100e-01 -8.971500e-01 210 37 1.045000e+01 2.190000e+00 7.443600e+02 4.312600e+02 1
8.021400e-01 7.285600e+00 -4.843300e-01 -8.971500e-01 211 37 1.031900e+01 2.190000e+00 7.495900e+02 4.311400e+02 1
6.711800e-01 7.127300e+00 -4.770700e-01 -8.651100e-01 206 38 1.029900e+01 2.190000e+00 7.389700e+02 4.320200e+02 1
6.182500e-01 7.163000e+00 -4.787100e-01 -8.651100e-01 207 38 1.142700e+01 2.190000e+00 7.339700e+02 4.317800e+02 1
6.777300e-01 7.196000e+00 -4.802200e-01 -8.651100e-01 208 38 1.154400e+01 2.190000e+00 7.391200e+02 4.316100e+02 1
7.377500e-01 7.225600e+00 -4.815800e-01 -8.651100e-01 209 38 1.129400e+01 2.190000e+00 7.443000e+02 4.314600e+02 1
7.413000e-01 7.260600e+00 -4.831800e-01 -8.651100e-01 210 38 1.198000e+01 2.190000e+00 7.443600e+02 4.312600e+02 1
6.875500e-01 7.300800e+00 -4.850300e-01 -8.651100e-01 211 38 1.182100e+01 2.190000e+00 7.393300e+02 4.310100e+02 1
6.908300e-01 7.336400e+00 -4.866600e-01 -8.651100e-01 212 38 1.060900e+01 2.190000e+00 7.393900e+02 4.308100e+02 1
6.744600e-01 7.157600e+00 -4.784600e-01 -8.330700e-01 207 39 1.078400e+01 2.190000e+00 7.390700e+02 4.318400e+02 1
6.777300e-01 7.194000e+00 -4.801300e-01 -8.330700e-01 208 39 1.118000e+01 2.190000e+00 7.391300e+02 4.316200e+02 1
6.810000e-01 7.231700e+00 -4.818600e-01 -8.330700e-01 209 39 1.115300e+01 2.190000e+00 7.391800e+02 4.314000e+02 1
6.842800e-01 7.264600e+00 -4.833700e-01 -8.330700e-01 210 39 1.150300e+01 2.190000e+00 7.392700e+02 4.312100e+02 1
6.875500e-01 7.287600e+00 -4.844200e-01 -8.330700e-01 211 39 1.129700e+01 2.190000e+00 7.394100e+02 4.310800e+02 1
0 0 -1.500000e-01 -6.408200e-02 1 63 1.060700e+01 2.190000e+00 2167 -3.612800e+03 0
-3.383200e-02 8.059500e-03 -1.503700e-01 -6.408200e-02 2 63 1.022400e+01 2.190000e+00 2.708300e+03 -4.180400e+03 0
-6.602700e-02 1.227300e-02 -1.505600e-01 -6.408200e-02 3 63 9.508800e+00 2.190000e+00 3.231800e+03 -4.586400e+03 0
7.121100e-01 6.955500e-01 -1.819200e-01 -6.408200e-02 30 63 9.811500e+00 2.190000e+00 1.268700e+03 8.865600e+02 0
6.957400e-01 7.651300e-01 -1.851100e-01 -6.408200e-02 31 63 9.965500e+00 2.190000e+00 1.192800e+03 8.343600e+02 0
0 0 -1.500000e-01 -3.204100e-02 1 64 1.573900e+01 2.190000e+00 2167 -3.612800e+03 0
-7.093800e-02 1.129100e-01 -1.551800e-01 -3.204100e-02 5 64 1.415300e+01 2.190000e+00 -3.030900e+03 7.544400e+03 0
-1.585200e-01 1.859700e-01 -1.585300e-01 -3.204100e-02 8 64 1.336300e+01 2.190000e+00 -1093 2.909800e+03 0
-1.986300e-01 1.952600e-01 -1.589600e-01 -3.204100e-02 9 64 1.281500e+01 2.190000e+00 -1.143800e+03 2700 0
-2.480100e-01 1.861100e-01 -1.585400e-01 -3.204100e-02 10 64 1.264300e+01 2.190000e+00 -1.518700e+03 2.843200e+03 0
-2.592000e-01 2.260600e-01 -1.603700e-01 -3.204100e-02 11 64 1.206000e+01 2.190000e+00 -1.008100e+03 2.227900e+03 0
-2.881200e-01 2.307900e-01 -1.605900e-01 -3.204100e-02 12 64 1.160900e+01 2.190000e+00 -1.060200e+03 2.164700e+03 0
-3.012100e-01 2.854900e-01 -1.631000e-01 -3.204100e-02 13 64 1.089300e+01 2.190000e+00 -6.614200e+02 1.723100e+03 0
-2.979400e-01 3.072800e-01 -1.641000e-01 -3.204100e-02 14 64 1.049700e+01 2.190000e+00 -5.321000e+02 1.604300e+03 0
-1.298700e-01 3.551500e-01 -1.663000e-01 -3.204100e-02 15 64 1.040900e+01 2.190000e+00 2.329900e+01 1.425500e+03 0
3.609700e-01 2.640900e-01 -1.621200e-01 -3.204100e-02 28 64 1.212800e+01 2.190000e+00 1.370400e+03 2.054600e+03 0
6.799100e-01 6.449300e-01 -1.796000e-01 -3.204100e-02 29 64 1.362300e+01 2.190000e+00 1.283300e+03 9.313600e+02 0
6.804600e-01 7.305900e-01 -1.835300e-01 -3.204100e-02 30 64 1.449600e+01 2.190000e+00 1.204200e+03 8.582000e+02 0
6.793700e-01 7.975800e-01 -1.866000e-01 -3.204100e-02 31 64 1.461900e+01 2.190000e+00 1.154400e+03 8.134000e+02 0
6.851000e-01 8.260600e-01 -1.879100e-01 -3.204100e-02 32 64 1.402600e+01 2.190000e+00 1.141500e+03 7.969800e+02 0
6.810000e-01 8.726600e-01 -1.900500e-01 -3.204100e-02 33 64 1.235500e+01 2.190000e+00 1.111200e+03 7.724400e+02 0
7.235700e-01 8.843800e-01 -1.905800e-01 -3.204100e-02 35 64 1.030500e+01 2.190000e+00 1.140200e+03 7.675100e+02 0
-7.735000e-01 9.208600e-01 -1.922600e-01 -3.204100e-02 36 64 1.051200e+01 2.190000e+00 5.746300e+00 7.275800e+02 0
-8.152400e-01 8.850200e-01 -1.906100e-01 -3.204100e-02 37 64 1.087000e+01 2.190000e+00 -5.416800e+01 7.413900e+02 0
-8.479800e-01 8.665100e-01 -1.897600e-01 -3.204100e-02 38 64 1.037200e+01 2.190000e+00 -9.537700e+01 7.487900e+02 0
