0 0 -1.500000e-01 0 1 65 1.674600e+01 1.810000e+00 2167 -3.612800e+03 0
-7.093800e-02 1.130300e-01 -1.542900e-01 0 5 65 1.516100e+01 1.810000e+00 -3.017100e+03 7.504200e+03 0
-1.585200e-01 1.860000e-01 -1.570500e-01 0 8 65 1.430400e+01 1.810000e+00 -1.091700e+03 2.900100e+03 0
-1.986300e-01 1.945400e-01 -1.573800e-01 0 9 65 1.365700e+01 1.810000e+00 -1.153400e+03 2.704500e+03 0
-2.480100e-01 1.870300e-01 -1.570900e-01 0 10 65 1.361900e+01 1.810000e+00 -1.500800e+03 2.815800e+03 0
-2.619200e-01 2.229900e-01 -1.584600e-01 0 11 65 1.300300e+01 1.810000e+00 -1.050400e+03 2.254700e+03 0
-2.881200e-01 2.334500e-01 -1.588500e-01 0 12 65 1.264100e+01 1.810000e+00 -1.031900e+03 2.129200e+03 0
-3.044900e-01 2.837300e-01 -1.607600e-01 0 13 65 1.194500e+01 1.810000e+00 -6.805600e+02 1.726200e+03 0
-3.050300e-01 3.040500e-01 -1.615300e-01 0 14 65 1.150500e+01 1.810000e+00 -5.656900e+02 1.612700e+03 0
-1.145900e-01 4.157900e-01 -1.657700e-01 0 15 65 1.102700e+01 1.810000e+00 1.681400e+02 1.239200e+03 0
-3.601500e-01 3.754500e-01 -1.642400e-01 0 16 65 1.119100e+01 1.810000e+00 -3.832100e+02 1.325700e+03 0
3.536000e-01 3.391100e-01 -1.628600e-01 0 28 65 1.308200e+01 1.810000e+00 1.150600e+03 1.552900e+03 0
6.799100e-01 6.406500e-01 -1.742900e-01 0 29 65 1.465400e+01 1.810000e+00 1.287600e+03 9.296700e+02 0
6.725500e-01 7.380600e-01 -1.779900e-01 0 30 65 1.558400e+01 1.810000e+00 1190 8.467400e+02 0
6.711800e-01 8.044700e-01 -1.805100e-01 0 31 65 1.574100e+01 1.810000e+00 1.142200e+03 8.034000e+02 0
6.766400e-01 8.333400e-01 -1.816000e-01 0 32 65 1.520900e+01 1.810000e+00 1.129400e+03 7.871100e+02 0
6.635400e-01 8.810400e-01 -1.834100e-01 0 33 65 1.374000e+01 1.810000e+00 1.092100e+03 7.624300e+02 0
6.122500e-01 9.666900e-01 -1.866600e-01 0 34 65 1.113200e+01 1.810000e+00 1.014800e+03 7.245400e+02 0
7.885000e-01 8.356700e-01 -1.816900e-01 0 35 65 1.086700e+01 1.810000e+00 1.226900e+03 7.880800e+02 0
-8.498900e-01 8.666800e-01 -1.828700e-01 0 36 65 1.174600e+01 1.810000e+00 -9.643000e+01 7.434200e+02 0
-8.643500e-01 8.708700e-01 -1.830200e-01 0 37 65 1.212000e+01 1.810000e+00 -1.030800e+02 7.413600e+02 0
-8.984600e-01 8.279800e-01 -1.814000e-01 0 38 65 1.165600e+01 1.810000e+00 -1.731300e+02 7.602900e+02 0
0 0 -1.500000e-01 3.204100e-02 1 66 1.571800e+01 1.810000e+00 2167 -3.612800e+03 0
-7.093800e-02 1.133100e-01 -1.543000e-01 3.204100e-02 5 66 1.415100e+01 1.810000e+00 -2.991600e+03 7.455300e+03 0
-1.585200e-01 1.859500e-01 -1.570500e-01 3.204100e-02 8 66 1.329800e+01 1.810000e+00 -1.092600e+03 2.901300e+03 0
-2.008100e-01 1.925600e-01 -1.573000e-01 3.204100e-02 9 66 1.265100e+01 1.810000e+00 -1.192500e+03 2.739600e+03 0
-2.480100e-01 1.879200e-01 -1.571300e-01 3.204100e-02 10 66 1.261600e+01 1.810000e+00 -1485 2.798200e+03 0
-2.619200e-01 2.232300e-01 -1.584700e-01 3.204100e-02 11 66 1.204700e+01 1.810000e+00 -1.047800e+03 2.251900e+03 0
-2.851200e-01 2.371400e-01 -1.589900e-01 3.204100e-02 12 66 1.160200e+01 1.810000e+00 -9.850500e+02 2093 0
-3.044900e-01 2.844600e-01 -1.607900e-01 3.204100e-02 13 66 1.087600e+01 1.810000e+00 -6.760300e+02 1.721800e+03 0
3.609700e-01 3.151400e-01 -1.619500e-01 3.204100e-02 28 66 1.209400e+01 1.810000e+00 1.219300e+03 1.676300e+03 0
6.799100e-01 6.371300e-01 -1.741600e-01 3.204100e-02 29 66 1.363800e+01 1.810000e+00 1.291500e+03 9.332200e+02 0
6.725500e-01 7.373000e-01 -1.779600e-01 3.204100e-02 30 66 1.457000e+01 1.810000e+00 1.190500e+03 8.472900e+02 0
6.711800e-01 8.044800e-01 -1.805100e-01 3.204100e-02 31 66 1.474100e+01 1.810000e+00 1.142200e+03 8.034000e+02 0
6.681800e-01 8.401500e-01 -1.818600e-01 3.204100e-02 32 66 1.425700e+01 1.810000e+00 1118 7.832700e+02 0
6.635400e-01 8.791700e-01 -1.833400e-01 3.204100e-02 33 66 1.295700e+01 1.810000e+00 1093 7.633300e+02 0
6.662700e-01 9.381400e-01 -1.855800e-01 3.204100e-02 34 66 1.062500e+01 1.810000e+00 1.067200e+03 7.368700e+02 0
-8.498900e-01 8.691900e-01 -1.829600e-01 3.204100e-02 36 66 1.046500e+01 1.810000e+00 -9.401900e+01 7.423200e+02 0
-8.741700e-01 8.327700e-01 -1.815800e-01 3.204100e-02 37 66 1.075600e+01 1.810000e+00 -1.491800e+02 7.584300e+02 0
-9.085500e-01 6.062800e-01 -1.729900e-01 3.204100e-02 38 66 1.024500e+01 1.810000e+00 -5.255000e+02 9.079100e+02 0
0 0 -1.500000e-01 6.408200e-02 1 67 1.019700e+01 1.810000e+00 2167 -3.612800e+03 0
6.171600e-01 8.028300e-01 -1.804400e-01 6.408200e-02 30 67 9.630800e+00 1.810000e+00 1.093600e+03 8.032100e+02 0
6.466300e-01 7.733800e-01 -1.793300e-01 6.408200e-02 31 67 9.940800e+00 1.810000e+00 1.139200e+03 8.220400e+02 0
6.851000e-01 7.778100e-01 -1.795000e-01 6.408200e-02 32 67 1.037200e+01 1.810000e+00 1173 8.201000e+02 0
7.072000e-01 8.032700e-01 -1.804600e-01 6.408200e-02 33 67 1.035200e+01 1.810000e+00 1.176100e+03 8.048900e+02 0
8.864500e-01 5.902400e+00 -3.738300e-01 -8.010300e-01 172 40 1.128600e+01 1.810000e+00 7.720600e+02 4.360700e+02 1
8.916400e-01 5.931400e+00 -3.749300e-01 -8.010300e-01 173 40 1.210300e+01 1.810000e+00 7.722400e+02 4.358200e+02 1
8.968200e-01 5.957600e+00 -3.759200e-01 -8.010300e-01 174 40 1.210600e+01 1.810000e+00 7.724500e+02 4.355900e+02 1
9.020000e-01 5.966800e+00 -3.762700e-01 -8.010300e-01 175 40 1.115400e+01 1.810000e+00 7.728900e+02 4.355100e+02 1
8.348900e-01 5.877000e+00 -3.728600e-01 -7.689800e-01 171 41 1.014600e+01 1.810000e+00 7.667100e+02 4.362700e+02 1
8.864500e-01 5.901900e+00 -3.738100e-01 -7.689800e-01 172 41 1.124700e+01 1.810000e+00 7.720700e+02 4.360700e+02 1
8.916400e-01 5.935600e+00 -3.750900e-01 -7.689800e-01 173 41 1.208500e+01 1.810000e+00 7.721800e+02 4.357800e+02 1
8.968200e-01 5.966800e+00 -3.762700e-01 -7.689800e-01 174 41 1.209300e+01 1.810000e+00 7.723300e+02 4.355100e+02 1
9.494800e-01 5.987600e+00 -3.770600e-01 -7.689800e-01 175 41 1.114100e+01 1.810000e+00 7.777600e+02 4.353600e+02 1
8.447100e-01 5.947100e+00 -3.755200e-01 -7.369400e-01 173 42 1.007900e+01 1.810000e+00 7.669100e+02 4.356500e+02 1
1.038400e+00 5.951500e+00 -3.756900e-01 -7.369400e-01 174 42 1.010400e+01 1.810000e+00 788 4.357200e+02 1
1.281800e+00 5.911500e+00 -3.741700e-01 -7.369400e-01 175 42 9.679700e+00 1.810000e+00 8.154600e+02 4.361900e+02 1
-1.241400e+00 2.062300e+00 -2.282000e-01 -6.087800e-01 71 46 1.038700e+01 1.810000e+00 2.515100e+02 5.297100e+02 0
-1.239800e+00 2.070000e+00 -2.285000e-01 -6.087800e-01 72 46 1.003400e+01 1.810000e+00 2.537000e+02 5.291600e+02 0
0 0 -1.500000e-01 -6.408200e-02 1 63 1.073100e+01 1.810000e+00 2167 -3.612800e+03 0
0 0 -1.500000e-01 -3.204100e-02 1 64 1.572900e+01 1.810000e+00 2167 -3.612800e+03 0
-7.093800e-02 1.124300e-01 -1.542600e-01 -3.204100e-02 5 64 1.414300e+01 1.810000e+00 -3.071400e+03 7.608300e+03 0
-1.585200e-01 1.860700e-01 -1.570600e-01 -3.204100e-02 8 64 1.328900e+01 1.810000e+00 -1.090700e+03 2.898600e+03 0
-1.986300e-01 1.936600e-01 -1.573400e-01 -3.204100e-02 9 64 1.263800e+01 1.810000e+00 -1.166200e+03 2.720600e+03 0
-2.480100e-01 1.864800e-01 -1.570700e-01 -3.204100e-02 10 64 1.261300e+01 1.810000e+00 -1.510800e+03 2.826800e+03 0
-2.619200e-01 2.230400e-01 -1.584600e-01 -3.204100e-02 11 64 1.192000e+01 1.810000e+00 -1.049900e+03 2.254100e+03 0
-2.851200e-01 2.370500e-01 -1.589900e-01 -3.204100e-02 12 64 1.163900e+01 1.810000e+00 -9.858800e+02 2.093900e+03 0
-3.012100e-01 2.867300e-01 -1.608700e-01 -3.204100e-02 13 64 1.095100e+01 1.810000e+00 -6.534000e+02 1.708800e+03 0
-3.050300e-01 2.928000e-01 -1.611000e-01 -3.204100e-02 14 64 1.058000e+01 1.810000e+00 -6.275600e+02 1673 0
-1.107700e-01 4.750600e-01 -1.680100e-01 -3.204100e-02 15 64 1.023200e+01 1.810000e+00 2.509000e+02 1.114400e+03 0
3.536000e-01 3.585200e-01 -1.636000e-01 -3.204100e-02 28 64 1.202400e+01 1.810000e+00 1.118100e+03 1.469800e+03 0
6.799100e-01 6.439100e-01 -1.744200e-01 -3.204100e-02 29 64 1.362500e+01 1.810000e+00 1.284100e+03 9.264300e+02 0
6.725500e-01 7.395300e-01 -1.780400e-01 -3.204100e-02 30 64 1.455400e+01 1.810000e+00 1.188800e+03 8.456900e+02 0
6.793700e-01 7.975400e-01 -1.802400e-01 -3.204100e-02 31 64 1.471200e+01 1.810000e+00 1.154200e+03 8.077200e+02 0
6.766400e-01 8.321600e-01 -1.815600e-01 -3.204100e-02 32 64 1.417100e+01 1.810000e+00 1.130100e+03 7.877600e+02 0
6.722700e-01 8.719600e-01 -1.830700e-01 -3.204100e-02 33 64 1.265500e+01 1.810000e+00 1.104100e+03 7.670100e+02 0
7.792300e-01 8.381500e-01 -1.817800e-01 -3.204100e-02 35 64 1.012800e+01 1.810000e+00 1.216900e+03 7.865400e+02 0
-8.498900e-01 8.644200e-01 -1.827800e-01 -3.204100e-02 36 64 1.092700e+01 1.810000e+00 -9.861100e+01 7.444100e+02 0
-8.643500e-01 8.694600e-01 -1.829700e-01 -3.204100e-02 37 64 1.129500e+01 1.810000e+00 -1.044400e+02 7.419700e+02 0
-8.984600e-01 8.360700e-01 -1.817000e-01 -3.204100e-02 38 64 1.091500e+01 1.810000e+00 -1.642800e+02 7.564500e+02 0
