0 0 -1.500000e-01 0 1 65 1.672600e+01 2.440000e+00 2167 -3.612800e+03 0
-7.093800e-02 1.130600e-01 -1.557800e-01 0 5 65 1.514900e+01 2.440000e+00 -3020 7.532400e+03 0
-1.585200e-01 1.860400e-01 -1.595100e-01 0 8 65 1.432000e+01 2.440000e+00 -1.092500e+03 2.914200e+03 0
-2.008100e-01 1.917500e-01 -1.598100e-01 0 9 65 1.364000e+01 2.440000e+00 -1.206200e+03 2.769500e+03 0
-2.480100e-01 1.868700e-01 -1.595600e-01 0 10 65 1.359400e+01 2.440000e+00 -1.505500e+03 2.833600e+03 0
-2.619200e-01 2.221200e-01 -1.613600e-01 0 11 65 1.309000e+01 2.440000e+00 -1.061400e+03 2.278100e+03 0
-2.881200e-01 2.303300e-01 -1.617800e-01 0 12 65 1.267800e+01 2.440000e+00 -1.065600e+03 2.174700e+03 0
-3.044900e-01 2.808200e-01 -1.643600e-01 0 13 65 1.194700e+01 2.440000e+00 -6.998500e+02 1.755600e+03 0
-3.050300e-01 3.121300e-01 -1.659600e-01 0 14 65 1.148500e+01 2.440000e+00 -5.254500e+02 1.583700e+03 0
-1.260500e-01 4.184000e-01 -1.713900e-01 0 15 65 1.137700e+01 2.440000e+00 1.515500e+02 1.242100e+03 0
3.609700e-01 3.299400e-01 -1.668700e-01 0 28 65 1.307500e+01 2.440000e+00 1188 1.609900e+03 0
6.799100e-01 6.359900e-01 -1.825200e-01 0 29 65 1.464000e+01 2.440000e+00 1.293300e+03 9.442700e+02 0
6.725500e-01 7.357200e-01 -1.876200e-01 0 30 65 1.558700e+01 2.440000e+00 1.192200e+03 8.580300e+02 0
6.793700e-01 7.975500e-01 -1.907800e-01 0 31 65 1.575600e+01 2.440000e+00 1.154600e+03 8.171700e+02 0
6.766400e-01 8.308100e-01 -1.924800e-01 0 32 65 1.525600e+01 2.440000e+00 1.131300e+03 7.979000e+02 0
6.810000e-01 8.650500e-01 -1.942300e-01 0 33 65 1.383500e+01 2.440000e+00 1.115500e+03 7.799400e+02 0
7.514000e-01 8.542800e-01 -1.936800e-01 0 35 65 1.113500e+01 2.440000e+00 1.182100e+03 7.868100e+02 0
-8.307900e-01 8.936800e-01 -1.957000e-01 0 36 65 1.165200e+01 2.440000e+00 -5.785000e+01 7.410100e+02 0
-8.447100e-01 9.061500e-01 -1.963400e-01 0 37 65 1.199500e+01 2.440000e+00 -5.683200e+01 7.357600e+02 0
-8.782700e-01 9.130500e-01 -1.966900e-01 0 38 65 1.155500e+01 2.440000e+00 -7.446600e+01 7.325400e+02 0
-9.020000e-01 9.590600e-01 -1.990400e-01 0 39 65 1.026400e+01 2.440000e+00 -5.165800e+01 7.151300e+02 0
0 0 -1.500000e-01 3.204100e-02 1 66 1.570600e+01 2.440000e+00 2167 -3.612800e+03 0
-7.093800e-02 1.135100e-01 -1.558000e-01 3.204100e-02 5 66 1.414600e+01 2.440000e+00 -2980 7.455600e+03 0
-1.585200e-01 1.860300e-01 -1.595100e-01 3.204100e-02 8 66 1.330800e+01 2.440000e+00 -1.092700e+03 2.914500e+03 0
-2.008100e-01 1.916400e-01 -1.598000e-01 3.204100e-02 9 66 1.259000e+01 2.440000e+00 -1.207900e+03 2.771600e+03 0
-2.504700e-01 1.833600e-01 -1.593800e-01 3.204100e-02 10 66 1.257900e+01 2.440000e+00 -1.582800e+03 2.904600e+03 0
-2.619200e-01 2.231000e-01 -1.614100e-01 3.204100e-02 11 66 1.208200e+01 2.440000e+00 -1.050500e+03 2.266400e+03 0
-2.881200e-01 2.343000e-01 -1.619800e-01 3.204100e-02 12 66 1.165200e+01 2.440000e+00 -1.024500e+03 2133 0
-3.077600e-01 2.800700e-01 -1.643200e-01 3.204100e-02 13 66 1.093700e+01 2.440000e+00 -7.135900e+02 1.759600e+03 0
-3.121300e-01 3.110000e-01 -1.659000e-01 3.204100e-02 14 66 1.051500e+01 2.440000e+00 -5.480800e+02 1588 0
-1.260500e-01 4.205100e-01 -1.715000e-01 3.204100e-02 15 66 1.030900e+01 2.440000e+00 1.548100e+02 1237 0
3.609700e-01 3.142000e-01 -1.660700e-01 3.204100e-02 28 66 1.201700e+01 2.440000e+00 1.222100e+03 1.693800e+03 0
6.722700e-01 6.334900e-01 -1.823900e-01 3.204100e-02 29 66 1.363500e+01 2.440000e+00 1.286800e+03 9.465500e+02 0
6.725500e-01 7.337500e-01 -1.875200e-01 3.204100e-02 30 66 1.462000e+01 2.440000e+00 1.193800e+03 8.594800e+02 0
6.711800e-01 8.044700e-01 -1.911400e-01 3.204100e-02 31 66 1.481300e+01 2.440000e+00 1.142600e+03 8.128500e+02 0
6.766400e-01 8.311300e-01 -1.925000e-01 3.204100e-02 32 66 1.436100e+01 2.440000e+00 1.131100e+03 7.977200e+02 0
6.810000e-01 8.624900e-01 -1.941000e-01 3.204100e-02 33 66 1.305200e+01 2.440000e+00 1.116900e+03 7.812400e+02 0
6.392600e-01 8.860600e-01 -1.953100e-01 3.204100e-02 34 66 9.961200e+00 2.440000e+00 1070 7.688900e+02 0
7.328400e-01 8.884000e-01 -1.954300e-01 3.204100e-02 35 66 1.033900e+01 2.440000e+00 1.145700e+03 7.694500e+02 0
-8.307900e-01 8.935800e-01 -1.956900e-01 3.204100e-02 36 66 1.066600e+01 2.440000e+00 -5.794100e+01 7.410600e+02 0
-8.447100e-01 9.132200e-01 -1.967000e-01 3.204100e-02 37 66 1.090200e+01 2.440000e+00 -5.071200e+01 7.329600e+02 0
-8.681700e-01 9.352100e-01 -1.978200e-01 3.204100e-02 38 66 1.040700e+01 2.440000e+00 -4.842000e+01 7.242300e+02 0
0 0 -1.500000e-01 6.408200e-02 1 67 1.059600e+01 2.440000e+00 2167 -3.612800e+03 0
8.185100e-04 3.490400e-02 -1.517800e-01 6.408200e-02 2 67 1.011900e+01 2.440000e+00 3.468600e+03 -7.188200e+03 0
6.409000e-01 7.774900e-01 -1.897600e-01 6.408200e-02 30 67 9.987000e+00 2.440000e+00 1.131400e+03 8.287600e+02 0
6.548100e-01 7.984100e-01 -1.908300e-01 6.408200e-02 31 67 1.075400e+01 2.440000e+00 1.131300e+03 8.161000e+02 0
6.597200e-01 8.191000e-01 -1.918800e-01 6.408200e-02 32 67 1.086600e+01 2.440000e+00 1.123200e+03 8.041100e+02 0
6.722700e-01 8.225500e-01 -1.920600e-01 6.408200e-02 33 67 1.020700e+01 2.440000e+00 1.132400e+03 8.024100e+02 0
9.633900e-01 3.603700e+00 -3.342700e-01 -7.689800e-01 108 41 1.141500e+01 2.440000e+00 8.378000e+02 4.781200e+02 1
9.429300e-01 3.646900e+00 -3.364800e-01 -7.689800e-01 109 41 1.245200e+01 2.440000e+00 8.323400e+02 4.770600e+02 1
9.219200e-01 3.687800e+00 -3.385700e-01 -7.689800e-01 110 41 1.284100e+01 2.440000e+00 827 4.760700e+02 1
9.003700e-01 3.729300e+00 -3.406900e-01 -7.689800e-01 111 41 1.303900e+01 2.440000e+00 8.216700e+02 4.751000e+02 1
8.782700e-01 3.770900e+00 -3.428200e-01 -7.689800e-01 112 41 1.301600e+01 2.440000e+00 8.163700e+02 4.741400e+02 1
8.861800e-01 3.799100e+00 -3.442700e-01 -7.689800e-01 113 41 1.250200e+01 2.440000e+00 8.168000e+02 4.735300e+02 1
9.249200e-01 3.800300e+00 -3.443300e-01 -7.689800e-01 114 41 1.136900e+01 2.440000e+00 8.234700e+02 4.735500e+02 1
8.709000e-01 3.835900e+00 -3.461400e-01 -7.689800e-01 115 41 1.007000e+01 2.440000e+00 8.129700e+02 4.727200e+02 1
9.543900e-01 3.523500e+00 -3.301700e-01 -7.369400e-01 107 42 1.063400e+01 2.440000e+00 8.394900e+02 4.801100e+02 1
9.050000e-01 3.617200e+00 -3.349600e-01 -7.369400e-01 108 42 1.277700e+01 2.440000e+00 8.265900e+02 4.777200e+02 1
9.429300e-01 3.647100e+00 -3.364900e-01 -7.369400e-01 109 42 1.378300e+01 2.440000e+00 8.323300e+02 4.770500e+02 1
9.219200e-01 3.688500e+00 -3.386100e-01 -7.369400e-01 110 42 1.392200e+01 2.440000e+00 8.269800e+02 4.760600e+02 1
9.003700e-01 3.731900e+00 -3.408300e-01 -7.369400e-01 111 42 1.399100e+01 2.440000e+00 8.215800e+02 4.750400e+02 1
8.782700e-01 3.773600e+00 -3.429600e-01 -7.369400e-01 112 42 1.410100e+01 2.440000e+00 8.162700e+02 4.740800e+02 1
8.861800e-01 3.804600e+00 -3.445500e-01 -7.369400e-01 113 42 1.363800e+01 2.440000e+00 8.166200e+02 4.734100e+02 1
9.249200e-01 3.817900e+00 -3.452300e-01 -7.369400e-01 114 42 1.253700e+01 2.440000e+00 8.228500e+02 4.731600e+02 1
9.953100e-01 3.816900e+00 -3.451700e-01 -7.369400e-01 115 42 1.109600e+01 2.440000e+00 8.350300e+02 4.732700e+02 1
1.035400e+00 3.863700e+00 -3.475700e-01 -7.369400e-01 116 42 1.018600e+01 2.440000e+00 8.401100e+02 4.723100e+02 1
-3.334100e-01 1.583000e+00 -2.309500e-01 -7.049000e-01 48 43 9.822600e+00 2.440000e+00 4.827500e+02 5.875300e+02 0
9.254700e-01 3.447900e+00 -3.263100e-01 -7.049000e-01 107 43 1.001400e+01 2.440000e+00 8.372400e+02 4.820400e+02 1
9.050000e-01 3.617500e+00 -3.349800e-01 -7.049000e-01 108 43 1.218200e+01 2.440000e+00 8.265800e+02 4.777100e+02 1
9.429300e-01 3.649200e+00 -3.366000e-01 -7.049000e-01 109 43 1.318000e+01 2.440000e+00 8.322500e+02 477 1
9.219200e-01 3.690800e+00 -3.387200e-01 -7.049000e-01 110 43 1.310600e+01 2.440000e+00 8.268900e+02 476 1
8.703500e-01 3.741000e+00 -3.412900e-01 -7.049000e-01 111 43 1.284400e+01 2.440000e+00 8.159800e+02 4.748000e+02 1
8.782700e-01 3.775500e+00 -3.430600e-01 -7.049000e-01 112 43 1.318500e+01 2.440000e+00 8.162100e+02 4.740400e+02 1
8.861800e-01 3.808000e+00 -3.447200e-01 -7.049000e-01 113 43 1.284200e+01 2.440000e+00 8.165100e+02 4.733400e+02 1
8.940900e-01 3.830900e+00 -3.458900e-01 -7.049000e-01 114 43 1.179600e+01 2.440000e+00 8.171100e+02 4.728500e+02 1
9.953100e-01 3.787100e+00 -3.436500e-01 -7.049000e-01 115 43 1.040700e+01 2.440000e+00 8.361800e+02 4.739200e+02 1
0 0 -1.500000e-01 -3.204100e-02 1 64 1.570400e+01 2.440000e+00 2167 -3.612800e+03 0
-7.093800e-02 1.127400e-01 -1.557700e-01 -3.204100e-02 5 64 1.411400e+01 2.440000e+00 -3.048100e+03 7.586400e+03 0
-1.585200e-01 1.860400e-01 -1.595100e-01 -3.204100e-02 8 64 1.327600e+01 2.440000e+00 -1.092700e+03 2.914400e+03 0
-1.986300e-01 1.947800e-01 -1.599600e-01 -3.204100e-02 9 64 1.264900e+01 2.440000e+00 -1.151200e+03 2.714400e+03 0
-2.480100e-01 1.867900e-01 -1.595500e-01 -3.204100e-02 10 64 1.255800e+01 2.440000e+00 -1.506900e+03 2.835200e+03 0
-2.619200e-01 2.213500e-01 -1.613200e-01 -3.204100e-02 11 64 1.208600e+01 2.440000e+00 -1070 2.287400e+03 0
-2.851200e-01 2.303400e-01 -1.617800e-01 -3.204100e-02 12 64 1.163200e+01 2.440000e+00 -1.055100e+03 2.175700e+03 0
-3.044900e-01 2.788900e-01 -1.642600e-01 -3.204100e-02 13 64 1.090700e+01 2.440000e+00 -7.123000e+02 1.767800e+03 0
-3.014900e-01 3.123000e-01 -1.659700e-01 -3.204100e-02 14 64 1.052800e+01 2.440000e+00 -5.161000e+02 1.583500e+03 0
-1.260500e-01 3.974600e-01 -1.703200e-01 -3.204100e-02 15 64 1.064100e+01 2.440000e+00 1.168900e+02 1.296300e+03 0
3.536000e-01 3.753800e-01 -1.691900e-01 -3.204100e-02 28 64 1.202800e+01 2.440000e+00 1.093900e+03 1.417800e+03 0
6.799100e-01 6.408900e-01 -1.827700e-01 -3.204100e-02 29 64 1.361300e+01 2.440000e+00 1.287900e+03 9.393000e+02 0
6.725500e-01 7.379000e-01 -1.877300e-01 -3.204100e-02 30 64 1.455600e+01 2.440000e+00 1.190500e+03 8.564600e+02 0
6.793700e-01 7.974400e-01 -1.907800e-01 -3.204100e-02 31 64 1.472300e+01 2.440000e+00 1.154700e+03 8.172400e+02 0
6.851000e-01 8.228400e-01 -1.920800e-01 -3.204100e-02 32 64 1.420400e+01 2.440000e+00 1.143700e+03 8.025200e+02 0
6.810000e-01 8.649900e-01 -1.942300e-01 -3.204100e-02 33 64 1.274100e+01 2.440000e+00 1.115600e+03 7.799700e+02 0
7.514000e-01 8.284500e-01 -1.923600e-01 -3.204100e-02 35 64 1.001200e+01 2.440000e+00 1.199400e+03 8.007600e+02 0
-8.307900e-01 8.951000e-01 -1.957700e-01 -3.204100e-02 36 64 1.066500e+01 2.440000e+00 -5.660100e+01 7.404400e+02 0
-8.447100e-01 9.003200e-01 -1.960400e-01 -3.204100e-02 37 64 1.112300e+01 2.440000e+00 -6.195600e+01 7.381000e+02 0
-8.681700e-01 8.973300e-01 -1.958800e-01 -3.204100e-02 38 64 1.073100e+01 2.440000e+00 -8.141000e+01 7.389500e+02 0
