0 0 -1.500000e-01 0 1 65 1.676400e+01 2.240000e+00 2167 -3.612800e+03 0
-7.093800e-02 1.129200e-01 -1.553000e-01 0 5 65 1.514900e+01 2.240000e+00 -3.030400e+03 7.545300e+03 0
-1.585200e-01 1.860600e-01 -1.587300e-01 0 8 65 1.430100e+01 2.240000e+00 -1.091900e+03 2.909100e+03 0
-2.008100e-01 1.916800e-01 -1.590000e-01 0 9 65 1.365300e+01 2.240000e+00 -1.206800e+03 2.766200e+03 0
-2.480100e-01 1.870000e-01 -1.587800e-01 0 10 65 1.360100e+01 2.240000e+00 -1.502600e+03 2.826400e+03 0
-2.619200e-01 2.228600e-01 -1.604600e-01 0 11 65 1.303800e+01 2.240000e+00 -1.052700e+03 2.265100e+03 0
-2.881200e-01 2.325200e-01 -1.609100e-01 0 12 65 1.265900e+01 2.240000e+00 -1.042300e+03 2.147500e+03 0
-3.077600e-01 2.788600e-01 -1.630900e-01 0 13 65 1.194800e+01 2.240000e+00 -7.212300e+02 1.763700e+03 0
-3.050300e-01 3.131100e-01 -1.647000e-01 0 14 65 1.143400e+01 2.240000e+00 -5.204200e+02 1.575600e+03 0
-1.222300e-01 3.798600e-01 -1.678300e-01 0 15 65 1.132700e+01 2.240000e+00 9.182000e+01 1.344600e+03 0
-3.601500e-01 3.697900e-01 -1.673600e-01 0 16 65 1.109600e+01 2.240000e+00 -4.033900e+02 1350 0
3.536000e-01 3.180500e-01 -1.649300e-01 0 28 65 1.310900e+01 2.240000e+00 1.192400e+03 1667 0
6.799100e-01 6.384300e-01 -1.799700e-01 0 29 65 1.466400e+01 2.240000e+00 1.290400e+03 9.386400e+02 0
6.725500e-01 7.374200e-01 -1.846100e-01 0 30 65 1.560500e+01 2.240000e+00 1.190800e+03 8.537500e+02 0
6.793700e-01 7.975400e-01 -1.874400e-01 0 31 65 1.575100e+01 2.240000e+00 1.154500e+03 8.141800e+02 0
6.851000e-01 8.258600e-01 -1.887600e-01 0 32 65 1.516600e+01 2.240000e+00 1.141700e+03 7.978400e+02 0
6.810000e-01 8.721800e-01 -1.909400e-01 0 33 65 1.350100e+01 2.240000e+00 1.111500e+03 7.734200e+02 0
-1.017400e+00 4.190500e-01 -1.696700e-01 0 34 65 1.079900e+01 2.240000e+00 -1.298900e+03 1.167200e+03 0
7.606700e-01 8.528400e-01 -1.900300e-01 0 35 65 1.128800e+01 2.240000e+00 1.190900e+03 7.847600e+02 0
-8.116900e-01 9.011300e-01 -1.923000e-01 0 36 65 1.177900e+01 2.240000e+00 -3.755100e+01 7.355000e+02 0
-8.348900e-01 8.891500e-01 -1.917400e-01 0 37 65 1.214100e+01 2.240000e+00 -6.475100e+01 7.400500e+02 0
-8.580800e-01 8.653900e-01 -1.906200e-01 0 38 65 1.164000e+01 2.240000e+00 -1.039800e+02 7.498100e+02 0
0 0 -1.500000e-01 3.204100e-02 1 66 1.575100e+01 2.240000e+00 2167 -3.612800e+03 0
-7.202900e-02 1.122900e-01 -1.552700e-01 3.204100e-02 5 66 1.414000e+01 2.240000e+00 -3.102100e+03 7.650200e+03 0
-1.585200e-01 1.860300e-01 -1.587300e-01 3.204100e-02 8 66 1.327400e+01 2.240000e+00 -1.092300e+03 2.909700e+03 0
-2.008100e-01 1.910500e-01 -1.589700e-01 3.204100e-02 9 66 1.258000e+01 2.240000e+00 -1.216500e+03 2.778400e+03 0
-2.480100e-01 1.868300e-01 -1.587700e-01 3.204100e-02 10 66 1.254800e+01 2.240000e+00 -1.505800e+03 2.829900e+03 0
-2.592000e-01 2.271500e-01 -1.606600e-01 3.204100e-02 11 66 1.194300e+01 2.240000e+00 -9.967600e+02 2.216500e+03 0
-2.851200e-01 2.381800e-01 -1.611800e-01 3.204100e-02 12 66 1.156100e+01 2.240000e+00 -9.757500e+02 2.091200e+03 0
-3.077600e-01 2.800700e-01 -1.631500e-01 3.204100e-02 13 66 1.091900e+01 2.240000e+00 -7.133200e+02 1756 0
-3.014900e-01 3.163200e-01 -1.648500e-01 3.204100e-02 14 66 1.056600e+01 2.240000e+00 -4.966500e+02 1.561100e+03 0
-1.260500e-01 3.246400e-01 -1.652400e-01 3.204100e-02 15 66 1.040100e+01 2.240000e+00 -4.780300e+01 1.550900e+03 0
3.609700e-01 3.292000e-01 -1.654500e-01 3.204100e-02 28 66 1.205600e+01 2.240000e+00 1.189300e+03 1.609800e+03 0
6.799100e-01 6.375900e-01 -1.799300e-01 3.204100e-02 29 66 1.365500e+01 2.240000e+00 1.291400e+03 9.395000e+02 0
6.725500e-01 7.372000e-01 -1.846000e-01 3.204100e-02 30 66 1.459900e+01 2.240000e+00 1.190900e+03 8.539200e+02 0
6.793700e-01 7.975800e-01 -1.874400e-01 3.204100e-02 31 66 1.474100e+01 2.240000e+00 1.154500e+03 8.141500e+02 0
6.766400e-01 8.347700e-01 -1.891800e-01 3.204100e-02 32 66 1.415200e+01 2.240000e+00 1.128800e+03 7.927500e+02 0
6.722700e-01 8.829400e-01 -1.914400e-01 3.204100e-02 33 66 1.247500e+01 2.240000e+00 1.098600e+03 7.680200e+02 0
7.606700e-01 8.615900e-01 -1.904400e-01 3.204100e-02 35 66 1.025600e+01 2.240000e+00 1.185200e+03 7.802400e+02 0
-8.116900e-01 9.080500e-01 -1.926200e-01 3.204100e-02 36 66 1.086400e+01 2.240000e+00 -3.167300e+01 7.327300e+02 0
-8.348900e-01 8.966000e-01 -1.920800e-01 3.204100e-02 37 66 1.113000e+01 2.240000e+00 -5.811000e+01 7.369900e+02 0
-8.782700e-01 8.470300e-01 -1.897600e-01 3.204100e-02 38 66 1.058100e+01 2.240000e+00 -1.375500e+02 7.576900e+02 0
0 0 -1.500000e-01 6.408200e-02 1 67 9.883700e+00 2.240000e+00 2167 -3.612800e+03 0
6.417200e-01 6.864600e-01 -1.822200e-01 6.408200e-02 29 67 9.918500e+00 2.240000e+00 1.199600e+03 8.928100e+02 0
6.567200e-01 7.620000e-01 -1.857700e-01 6.408200e-02 30 67 1.087000e+01 2.240000e+00 1.156900e+03 8.362500e+02 0
6.630000e-01 8.052200e-01 -1.878000e-01 6.408200e-02 31 67 1.116700e+01 2.240000e+00 1.134500e+03 8.092200e+02 0
6.681800e-01 8.187000e-01 -1.884300e-01 6.408200e-02 32 67 1.086600e+01 2.240000e+00 1.130900e+03 8.015200e+02 0
6.722700e-01 8.592300e-01 -1.903300e-01 6.408200e-02 33 67 1.006000e+01 2.240000e+00 1.111200e+03 7.797600e+02 0
-1.197500e+00 7.967900e+00 -5.240000e-01 -7.689800e-01 232 41 1.085300e+01 2.240000e+00 5.841400e+02 4.275200e+02 1
-1.139400e+00 8.010200e+00 -5.259800e-01 -7.689800e-01 233 41 1.176700e+01 2.240000e+00 5.893200e+02 4.273400e+02 1
-1.144300e+00 8.046100e+00 -5.276700e-01 -7.689800e-01 234 41 1.175400e+01 2.240000e+00 5.894000e+02 4.271800e+02 1
-1.149200e+00 8.047700e+00 -5.277400e-01 -7.689800e-01 235 41 1.078600e+01 2.240000e+00 5.890400e+02 4.271700e+02 1
-1.008400e+00 8.001200e+00 -5.255600e-01 -7.369400e-01 232 42 1.188600e+01 2.240000e+00 5.996000e+02 4.274300e+02 1
-1.076100e+00 8.023600e+00 -5.266200e-01 -7.369400e-01 233 42 1.290000e+01 2.240000e+00 5.945100e+02 4.273000e+02 1
-1.080700e+00 8.059500e+00 -5.283000e-01 -7.369400e-01 234 42 1.288800e+01 2.240000e+00 5.945900e+02 4.271400e+02 1
-1.149200e+00 8.085200e+00 -5.295100e-01 -7.369400e-01 235 42 1.190600e+01 2.240000e+00 5.895300e+02 427 1
-8.823600e-01 8.016500e+00 -5.262800e-01 -7.049000e-01 232 43 1.115000e+01 2.240000e+00 6.097800e+02 4.274000e+02 1
-1.012800e+00 8.024000e+00 -5.266400e-01 -7.049000e-01 233 43 1.215000e+01 2.240000e+00 5.995300e+02 4.273200e+02 1
-1.080700e+00 8.050200e+00 -5.278600e-01 -7.049000e-01 234 43 1.214700e+01 2.240000e+00 5.944700e+02 4.271800e+02 1
-1.276900e+00 8.070000e+00 -5.287900e-01 -7.049000e-01 235 43 1.118200e+01 2.240000e+00 5.792900e+02 4.270200e+02 1
-1.947800e+00 3.733600e+00 -3.252500e-01 -6.408200e-01 122 45 1.030300e+01 2.240000e+00 3.321900e+02 4.691400e+02 0
-1.930600e+00 3.796300e+00 -3.281900e-01 -6.408200e-01 123 45 1.029600e+01 2.240000e+00 341 4.678500e+02 0
-1.980800e+00 3.717900e+00 -3.245100e-01 -6.087800e-01 122 46 1.021600e+01 2.240000e+00 3.251100e+02 4.694300e+02 0
0 0 -1.500000e-01 -9.612300e-02 1 62 9.746000e+00 2.240000e+00 2167 -3.612800e+03 0
6.488100e-01 7.312200e-01 -1.843200e-01 -9.612300e-02 30 62 9.902200e+00 2.240000e+00 1.171300e+03 8.576400e+02 0
6.630000e-01 7.374700e-01 -1.846200e-01 -9.612300e-02 31 62 9.960200e+00 2.240000e+00 1181 8.534700e+02 0
6.597200e-01 7.102400e-01 -1.833400e-01 -9.612300e-02 32 62 9.548700e+00 2.240000e+00 1.199100e+03 8.739000e+02 0
0 0 -1.500000e-01 -6.408200e-02 1 63 1.025400e+01 2.240000e+00 2167 -3.612800e+03 0
-1.091400e-03 3.484300e-02 -1.516400e-01 -6.408200e-02 2 63 1.000700e+01 2.240000e+00 3.500400e+03 -7.187500e+03 0
6.493600e-01 7.220200e-01 -1.838900e-01 -6.408200e-02 29 63 9.574800e+00 2.240000e+00 1.178800e+03 8.645200e+02 0
6.567200e-01 7.709900e-01 -1.861900e-01 -6.408200e-02 30 63 1.061000e+01 2.240000e+00 1.150800e+03 8.303100e+02 0
6.711800e-01 7.913600e-01 -1.871500e-01 -6.408200e-02 31 63 1.062100e+01 2.240000e+00 1.150900e+03 8.177600e+02 0
6.851000e-01 7.815300e-01 -1.866800e-01 -6.408200e-02 32 63 1.002200e+01 2.240000e+00 1.170700e+03 8.242200e+02 0
0 0 -1.500000e-01 -3.204100e-02 1 64 1.574000e+01 2.240000e+00 2167 -3.612800e+03 0
-7.093800e-02 1.128400e-01 -1.553000e-01 -3.204100e-02 5 64 1.412300e+01 2.240000e+00 -3.037300e+03 7.558500e+03 0
-1.585200e-01 1.860900e-01 -1.587300e-01 -3.204100e-02 8 64 1.328400e+01 2.240000e+00 -1.091400e+03 2.908500e+03 0
-2.008100e-01 1.916500e-01 -1.590000e-01 -3.204100e-02 9 64 1.267700e+01 2.240000e+00 -1.207300e+03 2.766800e+03 0
-2.480100e-01 1.862300e-01 -1.587400e-01 -3.204100e-02 10 64 1.260300e+01 2.240000e+00 -1.516500e+03 2.841800e+03 0
-2.619200e-01 2.210100e-01 -1.603700e-01 -3.204100e-02 11 64 1.210300e+01 2.240000e+00 -1.073400e+03 2.287300e+03 0
-2.881200e-01 2.269600e-01 -1.606500e-01 -3.204100e-02 12 64 1.169700e+01 2.240000e+00 -1.101700e+03 2.207500e+03 0
-3.044900e-01 2.794900e-01 -1.631200e-01 -3.204100e-02 13 64 1.099700e+01 2.240000e+00 -7.081100e+02 1.760300e+03 0
-3.085800e-01 3.120100e-01 -1.646500e-01 -3.204100e-02 14 64 1.037200e+01 2.240000e+00 -5.343000e+02 1.580200e+03 0
-1.184100e-01 3.374700e-01 -1.658400e-01 -3.204100e-02 15 64 1.044600e+01 2.240000e+00 5.221900e+00 1.496300e+03 0
3.536000e-01 2.912100e-01 -1.636700e-01 -3.204100e-02 28 64 1.211200e+01 2.240000e+00 1.257600e+03 1.833800e+03 0
6.799100e-01 6.405800e-01 -1.800700e-01 -3.204100e-02 29 64 1.363600e+01 2.240000e+00 1.288100e+03 9.364800e+02 0
6.725500e-01 7.389100e-01 -1.846800e-01 -3.204100e-02 30 64 1.457200e+01 2.240000e+00 1.189600e+03 8.526800e+02 0
6.793700e-01 7.974100e-01 -1.874300e-01 -3.204100e-02 31 64 1.471300e+01 2.240000e+00 1.154600e+03 8.142600e+02 0
6.851000e-01 8.241900e-01 -1.886900e-01 -3.204100e-02 32 64 1.412000e+01 2.240000e+00 1.142700e+03 7.987700e+02 0
6.722700e-01 8.784900e-01 -1.912400e-01 -3.204100e-02 33 64 1.238400e+01 2.240000e+00 1.100900e+03 7.701700e+02 0
7.514000e-01 8.563800e-01 -1.902000e-01 -3.204100e-02 35 64 1.046900e+01 2.240000e+00 1.180600e+03 7.827400e+02 0
-8.116900e-01 8.919100e-01 -1.918600e-01 -3.204100e-02 36 64 1.086400e+01 2.240000e+00 -4.553400e+01 7.392700e+02 0
-8.348900e-01 8.803800e-01 -1.913200e-01 -3.204100e-02 37 64 1.120600e+01 2.240000e+00 -7.272800e+01 7.437300e+02 0
-8.580800e-01 8.588200e-01 -1.903100e-01 -3.204100e-02 38 64 1.074500e+01 2.240000e+00 -1.104300e+02 7.527100e+02 0
