0 0 -1.500000e-01 0 1 65 1.675800e+01 2.230000e+00 2167 -3.612800e+03 0
-7.093800e-02 1.130000e-01 -1.552800e-01 0 5 65 1.515800e+01 2.230000e+00 -3.023500e+03 7.531600e+03 0
-1.585200e-01 1.859700e-01 -1.586900e-01 0 8 65 1.429700e+01 2.230000e+00 -1.093100e+03 2.910700e+03 0
-1.986300e-01 1.944800e-01 -1.590900e-01 0 9 65 1.365600e+01 2.230000e+00 -1.155100e+03 2715 0
-2.480100e-01 1.867500e-01 -1.587300e-01 0 10 65 1.360500e+01 2.230000e+00 -1507 2.831100e+03 0
-2.619200e-01 2.230100e-01 -1.604200e-01 0 11 65 1.302000e+01 2.230000e+00 -1051 2.263100e+03 0
-2.851200e-01 2.394900e-01 -1.611900e-01 0 12 65 1.260600e+01 2.230000e+00 -9.632500e+02 2.078300e+03 0
-3.012100e-01 2.881300e-01 -1.634600e-01 0 13 65 1.186600e+01 2.230000e+00 -6.455000e+02 1.708100e+03 0
-3.085800e-01 2.965600e-01 -1.638600e-01 0 14 65 1.152900e+01 2.230000e+00 -6.157500e+02 1659 0
-1.145900e-01 3.633800e-01 -1.669800e-01 0 15 65 1.132900e+01 2.230000e+00 7.403100e+01 1399 0
-3.642400e-01 3.652900e-01 -1.670700e-01 0 16 65 1.119500e+01 2.230000e+00 -4.277300e+02 1.363700e+03 0
3.536000e-01 3.627600e-01 -1.669500e-01 0 28 65 1.306300e+01 2.230000e+00 1.111900e+03 1.460800e+03 0
6.722700e-01 6.430100e-01 -1.800500e-01 0 29 65 1.465500e+01 2.230000e+00 1.276300e+03 9.336200e+02 0
6.725500e-01 7.364700e-01 -1.844100e-01 0 30 65 1.560300e+01 2.230000e+00 1.191500e+03 8.542900e+02 0
6.711800e-01 8.044800e-01 -1.875900e-01 0 31 65 1.577500e+01 2.230000e+00 1.142400e+03 8.096900e+02 0
6.766400e-01 8.330000e-01 -1.889200e-01 0 32 65 1.524600e+01 2.230000e+00 1.129900e+03 7.935600e+02 0
6.722700e-01 8.745900e-01 -1.908700e-01 0 33 65 1.374200e+01 2.230000e+00 1.102900e+03 7.719200e+02 0
7.142900e-01 9.264900e-01 -1.932900e-01 0 35 65 1.099600e+01 2.230000e+00 1.110200e+03 7.487500e+02 0
-7.926000e-01 9.271000e-01 -1.933200e-01 0 36 65 1.173400e+01 2.230000e+00 -2.694200e+00 7.254600e+02 0
-8.348900e-01 9.121200e-01 -1.926200e-01 0 37 65 1.227600e+01 2.230000e+00 -4.463200e+01 7.306400e+02 0
-8.580800e-01 9.073200e-01 -1.924000e-01 0 38 65 1.190100e+01 2.230000e+00 -6.517500e+01 7.321900e+02 0
-8.916400e-01 8.989200e-01 -1.920100e-01 0 39 65 1.046800e+01 2.230000e+00 -9.658700e+01 7.350400e+02 0
0 0 -1.500000e-01 3.204100e-02 1 66 1.574100e+01 2.230000e+00 2167 -3.612800e+03 0
-7.093800e-02 1.133500e-01 -1.553000e-01 3.204100e-02 5 66 1.414300e+01 2.230000e+00 -2.991900e+03 7471 0
-1.585200e-01 1.858100e-01 -1.586800e-01 3.204100e-02 8 66 1.325300e+01 2.230000e+00 -1.095700e+03 2.914400e+03 0
-2.008100e-01 1.931000e-01 -1.590200e-01 3.204100e-02 9 66 1.264100e+01 2.230000e+00 -1.185300e+03 2.739200e+03 0
-2.480100e-01 1.883800e-01 -1.588000e-01 3.204100e-02 10 66 1.257600e+01 2.230000e+00 -1.477800e+03 2.798700e+03 0
-2.619200e-01 2.248400e-01 -1.605100e-01 3.204100e-02 11 66 1.200200e+01 2.230000e+00 -1.031100e+03 2.241700e+03 0
-2.881200e-01 2.377200e-01 -1.611100e-01 3.204100e-02 12 66 1.157300e+01 2.230000e+00 -9.902400e+02 2.094600e+03 0
-3.077600e-01 2.822100e-01 -1.631900e-01 3.204100e-02 13 66 1.084300e+01 2.230000e+00 -6.994800e+02 1.742400e+03 0
-3.121300e-01 2.964600e-01 -1.638500e-01 3.204100e-02 14 66 1.053600e+01 2.230000e+00 -6.253200e+02 1.658800e+03 0
-1.184100e-01 3.534500e-01 -1.665200e-01 3.204100e-02 15 66 1.051500e+01 2.230000e+00 4.404400e+01 1.433800e+03 0
3.536000e-01 3.747300e-01 -1.675100e-01 3.204100e-02 28 66 1.203700e+01 2.230000e+00 1.094600e+03 1.416400e+03 0
6.722700e-01 6.387500e-01 -1.798500e-01 3.204100e-02 29 66 1.364600e+01 2.230000e+00 1.280900e+03 9.378900e+02 0
6.725500e-01 7.348200e-01 -1.843400e-01 3.204100e-02 30 66 1.458600e+01 2.230000e+00 1.192800e+03 8.554900e+02 0
6.711800e-01 8.044800e-01 -1.875900e-01 3.204100e-02 31 66 1.475000e+01 2.230000e+00 1.142400e+03 8.096900e+02 0
6.766400e-01 8.326000e-01 -1.889100e-01 3.204100e-02 32 66 1.423100e+01 2.230000e+00 1.130100e+03 7.937800e+02 0
6.722700e-01 8.733300e-01 -1.908100e-01 3.204100e-02 33 66 1.275000e+01 2.230000e+00 1.103600e+03 7.725400e+02 0
6.864600e-01 9.448500e-01 -1.941500e-01 3.204100e-02 35 66 1.032900e+01 2.230000e+00 1.079900e+03 7.405400e+02 0
-7.830500e-01 9.349600e-01 -1.936900e-01 3.204100e-02 36 66 1.104300e+01 2.230000e+00 1.007000e+01 7.226300e+02 0
-8.152400e-01 9.296600e-01 -1.934400e-01 3.204100e-02 37 66 1.149900e+01 2.230000e+00 -1.637300e+01 7.241600e+02 0
-8.479800e-01 9.107300e-01 -1.925600e-01 3.204100e-02 38 66 1.103300e+01 2.230000e+00 -5.506400e+01 7.309900e+02 0
5.538900e+00 8.719100e+00 2.296000e+00 -7.049000e-01 304 43 1.055600e+01 2.230000e+00 1.088300e+03 2.223900e+02 0
5.474200e+00 8.874000e+00 1.999800e+00 -7.049000e-01 305 43 1.085600e+01 2.230000e+00 1.077400e+03 2.454100e+02 0
5.492200e+00 9.009200e+00 -5.709900e-01 -7.049000e-01 306 43 1.080300e+01 2.230000e+00 1.080200e+03 4.250300e+02 1
5.666600e+00 8.623000e+00 2.008500e+00 -6.728600e-01 302 44 1.015400e+01 2.230000e+00 1.103500e+03 2.412600e+02 0
5.767800e+00 8.653600e+00 1.756000e+00 -6.728600e-01 303 44 1.146000e+01 2.230000e+00 1.110500e+03 2.596600e+02 0
5.786900e+00 8.688400e+00 1.731200e+00 -6.728600e-01 304 44 1.185200e+01 2.230000e+00 1.110400e+03 2.618400e+02 0
5.723100e+00 8.770200e+00 1.745000e+00 -6.728600e-01 305 44 1.176600e+01 2.230000e+00 1.101500e+03 2.618400e+02 0
5.741900e+00 8.849900e+00 -5.635400e-01 -6.728600e-01 306 44 1.149600e+01 2.230000e+00 1.106300e+03 4.257500e+02 1
5.844200e+00 8.877900e+00 -5.648500e-01 -6.728600e-01 307 44 1.062800e+01 2.230000e+00 1.112600e+03 4.256700e+02 1
5.850200e+00 8.619200e+00 1.649200e+00 -6.408200e-01 303 45 1.080000e+01 2.230000e+00 1.118900e+03 2.668800e+02 0
5.869600e+00 8.640500e+00 1.692300e+00 -6.408200e-01 304 45 1.114000e+01 2.230000e+00 1.119200e+03 2.640300e+02 0
5.971900e+00 8.595900e+00 1.777900e+00 -6.408200e-01 305 45 1.079900e+01 2.230000e+00 1.129100e+03 2.573200e+02 0
6.074700e+00 8.666900e+00 -5.549900e-01 -6.408200e-01 306 45 1.022700e+01 2.230000e+00 1141 4.266300e+02 1
-7.291900e+00 8.380100e+00 1.749300e+00 -4.485700e-01 323 51 1.037000e+01 2.230000e+00 1.428400e+02 2.613200e+02 0
3.609700e+00 8.905000e+00 -5.661200e-01 -2.563300e-01 295 57 9.978700e+00 2.230000e+00 9.446900e+02 4.248800e+02 0
3.782900e+00 8.561500e+00 -5.500700e-01 -2.563300e-01 296 57 9.957600e+00 2.230000e+00 9.683400e+02 4.263600e+02 0
0 0 -1.500000e-01 -3.204100e-02 1 64 1.575900e+01 2.230000e+00 2167 -3.612800e+03 0
-7.093800e-02 1.126800e-01 -1.552700e-01 -3.204100e-02 5 64 1.413600e+01 2.230000e+00 -3.052500e+03 7.587300e+03 0
-1.585200e-01 1.860600e-01 -1.586900e-01 -3.204100e-02 8 64 1.329400e+01 2.230000e+00 -1.091800e+03 2.908900e+03 0
-1.986300e-01 1.931500e-01 -1.590300e-01 -3.204100e-02 9 64 1.264300e+01 2.230000e+00 -1.174700e+03 2.739600e+03 0
-2.480100e-01 1.845300e-01 -1.586200e-01 -3.204100e-02 10 64 1.260500e+01 2.230000e+00 -1.548200e+03 2.876800e+03 0
-2.619200e-01 2.209600e-01 -1.603300e-01 -3.204100e-02 11 64 1.208000e+01 2.230000e+00 -1074 2.287700e+03 0
-2.851200e-01 2.390600e-01 -1.611700e-01 -3.204100e-02 12 64 1.158000e+01 2.230000e+00 -9.673100e+02 2.082500e+03 0
-2.979400e-01 2.918300e-01 -1.636400e-01 -3.204100e-02 13 64 1.082900e+01 2.230000e+00 -6.152900e+02 1.687300e+03 0
-3.050300e-01 3.029200e-01 -1.641600e-01 -3.204100e-02 14 64 1.057100e+01 2.230000e+00 -5.721500e+02 1.625900e+03 0
-1.184100e-01 2.610800e-01 -1.622000e-01 -3.204100e-02 15 64 1.032800e+01 2.230000e+00 -2.700400e+02 1.938200e+03 0
3.536000e-01 3.734500e-01 -1.674500e-01 -3.204100e-02 28 64 1.200500e+01 2.230000e+00 1.096400e+03 1421 0
6.722700e-01 6.468300e-01 -1.802300e-01 -3.204100e-02 29 64 1.363500e+01 2.230000e+00 1.272200e+03 9.298500e+02 0
6.725500e-01 7.377300e-01 -1.844700e-01 -3.204100e-02 30 64 1.460000e+01 2.230000e+00 1.190500e+03 8.533800e+02 0
6.711800e-01 8.044800e-01 -1.875900e-01 -3.204100e-02 31 64 1.478600e+01 2.230000e+00 1.142400e+03 8.096900e+02 0
6.766400e-01 8.341100e-01 -1.889800e-01 -3.204100e-02 32 64 1.424700e+01 2.230000e+00 1.129200e+03 7.929600e+02 0
6.810000e-01 8.727200e-01 -1.907800e-01 -3.204100e-02 33 64 1.267400e+01 2.230000e+00 1.111200e+03 7.730100e+02 0
7.328400e-01 9.069000e-01 -1.923800e-01 -3.204100e-02 35 64 1.016900e+01 2.230000e+00 1.135200e+03 7.577400e+02 0
-7.926000e-01 9.286500e-01 -1.933900e-01 -3.204100e-02 36 64 1.057000e+01 2.230000e+00 -1.464500e+00 7.248700e+02 0
-8.250600e-01 9.246300e-01 -1.932100e-01 -3.204100e-02 37 64 1.107900e+01 2.230000e+00 -2.728400e+01 7.259400e+02 0
-8.479800e-01 9.236200e-01 -1.931600e-01 -3.204100e-02 38 64 1.077300e+01 2.230000e+00 -4.407400e+01 7.259900e+02 0
