0 0 -1.500000e-01 0 1 65 1.672400e+01 2.800000e+00 2167 -3.612800e+03 0
-7.093800e-02 1.129600e-01 -1.566300e-01 0 5 65 1.515100e+01 2.800000e+00 -3.031300e+03 7.567100e+03 0
-1.585200e-01 1.860700e-01 -1.609200e-01 0 8 65 1.432600e+01 2.800000e+00 -1093 2.922400e+03 0
-2.008100e-01 1.919400e-01 -1.612700e-01 0 9 65 1.364500e+01 2.800000e+00 -1.204100e+03 2.774100e+03 0
-2.480100e-01 1.871200e-01 -1.609800e-01 0 10 65 1.360600e+01 2.800000e+00 -1.501900e+03 2.836900e+03 0
-2.619200e-01 2.223000e-01 -1.630500e-01 0 11 65 1.307300e+01 2.800000e+00 -1060 2.283200e+03 0
-2.881200e-01 2.307000e-01 -1.635400e-01 0 12 65 1.267700e+01 2.800000e+00 -1.062300e+03 2.177800e+03 0
-3.044900e-01 2.817500e-01 -1.665400e-01 0 13 65 1.194200e+01 2.800000e+00 -6.943700e+02 1.756300e+03 0
-3.014900e-01 3.070100e-01 -1.680200e-01 0 14 65 1.140500e+01 2.800000e+00 -5.428700e+02 1.615800e+03 0
-1.222300e-01 3.667400e-01 -1.715200e-01 0 15 65 1.129300e+01 2.800000e+00 6.495400e+01 1.396300e+03 0
-3.642400e-01 3.616700e-01 -1.712300e-01 0 16 65 1.121100e+01 2.800000e+00 -4.418400e+02 1.384800e+03 0
3.609700e-01 2.726100e-01 -1.660000e-01 0 28 65 1.306300e+01 2.800000e+00 1.340200e+03 1.991300e+03 0
6.799100e-01 6.405500e-01 -1.875900e-01 0 29 65 1.461000e+01 2.800000e+00 1.288600e+03 9.453000e+02 0
6.725500e-01 7.372100e-01 -1.932700e-01 0 30 65 1.555900e+01 2.800000e+00 1.191300e+03 8.624400e+02 0
6.793700e-01 7.975800e-01 -1.968100e-01 0 31 65 1.572200e+01 2.800000e+00 1.154800e+03 8.225700e+02 0
6.766400e-01 8.339200e-01 -1.989400e-01 0 32 65 1.520400e+01 2.800000e+00 1.129700e+03 8.015700e+02 0
6.810000e-01 8.743400e-01 -2.013100e-01 0 33 65 1.371700e+01 2.800000e+00 1.110700e+03 7.806600e+02 0
-9.994100e-01 4.109500e-01 -1.741200e-01 0 34 65 1.098700e+01 2.800000e+00 -1.315900e+03 1.193900e+03 0
7.421200e-01 8.771400e-01 -2.014800e-01 0 35 65 1.151000e+01 2.800000e+00 1.160200e+03 7.804200e+02 0
-7.830500e-01 9.229800e-01 -2.041700e-01 0 36 65 1.174300e+01 2.800000e+00 4.569300e-01 7.350700e+02 0
-8.152400e-01 9.255400e-01 -2.043200e-01 0 37 65 12 2.800000e+00 -1.997400e+01 7.336200e+02 0
-8.479800e-01 9.312000e-01 -2.046500e-01 0 38 65 1.161000e+01 2.800000e+00 -3.803700e+01 7.309900e+02 0
-8.709000e-01 9.631000e-01 -2.065200e-01 0 39 65 1.038000e+01 2.800000e+00 -2.786700e+01 7.190900e+02 0
0 0 -1.500000e-01 3.204100e-02 1 66 1.571200e+01 2.800000e+00 2167 -3.612800e+03 0
-7.093800e-02 1.129300e-01 -1.566300e-01 3.204100e-02 5 66 1.415000e+01 2.800000e+00 -3034 7.572400e+03 0
-1.585200e-01 1.860300e-01 -1.609200e-01 3.204100e-02 8 66 1.329100e+01 2.800000e+00 -1.093500e+03 2.923200e+03 0
-2.008100e-01 1.920300e-01 -1.612700e-01 3.204100e-02 9 66 1.264400e+01 2.800000e+00 -1.202900e+03 2.772500e+03 0
-2.480100e-01 1.878800e-01 -1.610300e-01 3.204100e-02 10 66 1.260800e+01 2.800000e+00 -1.488200e+03 2.821700e+03 0
-2.619200e-01 2.232900e-01 -1.631000e-01 3.204100e-02 11 66 1.207500e+01 2.800000e+00 -1049 2.271500e+03 0
-2.851200e-01 2.364600e-01 -1.638800e-01 3.204100e-02 12 66 1.167900e+01 2.800000e+00 -9.934600e+02 2.119300e+03 0
-3.012100e-01 2.856100e-01 -1.667600e-01 3.204100e-02 13 66 1.100900e+01 2.800000e+00 -6.614700e+02 1.733300e+03 0
-2.943900e-01 3.091300e-01 -1.681400e-01 3.204100e-02 14 66 1.054500e+01 2.800000e+00 -5.149400e+02 1.606400e+03 0
-4.163500e-01 2.466700e-01 -1.644800e-01 3.204100e-02 15 66 1.048800e+01 2.800000e+00 -1.308600e+03 1.983400e+03 0
3.609700e-01 3.000300e-01 -1.676100e-01 3.204100e-02 28 66 1.202600e+01 2.800000e+00 1.257400e+03 1787 0
6.722700e-01 6.421100e-01 -1.876900e-01 3.204100e-02 29 66 1.358100e+01 2.800000e+00 1.277700e+03 9.434500e+02 0
6.725500e-01 7.350800e-01 -1.931400e-01 3.204100e-02 30 66 1.454700e+01 2.800000e+00 1193 864 0
6.793700e-01 7.975400e-01 -1.968100e-01 3.204100e-02 31 66 1.470700e+01 2.800000e+00 1.154900e+03 8.226000e+02 0
6.766400e-01 8.351300e-01 -1.990100e-01 3.204100e-02 32 66 1.417800e+01 2.800000e+00 1129 8.009100e+02 0
6.810000e-01 8.736800e-01 -2.012800e-01 3.204100e-02 33 66 1.268800e+01 2.800000e+00 1.111100e+03 7.809800e+02 0
-9.904000e-01 3.828900e-01 -1.724700e-01 3.204100e-02 34 66 1.011200e+01 2.800000e+00 -1.465800e+03 1260 0
7.328400e-01 8.929900e-01 -2.024100e-01 3.204100e-02 35 66 1.049600e+01 2.800000e+00 1.143300e+03 7.726100e+02 0
-7.735000e-01 9.305800e-01 -2.046200e-01 3.204100e-02 36 66 1.079200e+01 2.800000e+00 1.305700e+01 7.323100e+02 0
-8.152400e-01 9.070700e-01 -2.032400e-01 3.204100e-02 37 66 1.105300e+01 2.800000e+00 -3.529200e+01 7.408300e+02 0
-8.580800e-01 8.810600e-01 -2.017100e-01 3.204100e-02 38 66 1.052000e+01 2.800000e+00 -8.932500e+01 7.508300e+02 0
2.177200e-01 1.283200e+00 -2.253100e-01 3.204100e-02 39 66 9.583900e+00 2.800000e+00 7.184300e+02 6.447700e+02 0
1.196700e+00 3.339200e+00 -3.459700e-01 -7.689800e-01 103 41 1.073700e+01 2.800000e+00 8.960700e+02 4.902400e+02 1
1.208400e+00 3.348100e+00 -3.465000e-01 -7.689800e-01 104 41 1.083300e+01 2.800000e+00 8.978400e+02 490 1
1.269500e+00 3.207400e+00 -3.382400e-01 -7.369400e-01 100 42 1.051900e+01 2.800000e+00 9.198300e+02 4.943000e+02 1
1.255100e+00 3.247400e+00 -3.405900e-01 -7.369400e-01 101 42 1.193100e+01 2.800000e+00 9.139800e+02 4.930400e+02 1
1.240000e+00 3.289800e+00 -3.430800e-01 -7.369400e-01 102 42 1.276500e+01 2.800000e+00 908 4.917400e+02 1
1.196700e+00 3.343100e+00 -3.462000e-01 -7.369400e-01 103 42 1.324300e+01 2.800000e+00 8.958300e+02 4.901300e+02 1
1.208400e+00 3.370200e+00 -3.477900e-01 -7.369400e-01 104 42 1.318100e+01 2.800000e+00 8.964600e+02 4.893700e+02 1
1.220100e+00 3.376100e+00 -3.481400e-01 -7.369400e-01 105 42 1.218500e+01 2.800000e+00 8.984100e+02 4.892300e+02 1
1.156800e+00 3.477300e+00 -3.540800e-01 -7.369400e-01 107 42 1.012900e+01 2.800000e+00 8.801600e+02 4.863800e+02 1
1.215500e+00 3.226400e+00 -3.393600e-01 -7.049000e-01 100 43 1.104400e+01 2.800000e+00 9.072900e+02 4.936200e+02 1
1.255100e+00 3.245600e+00 -3.404800e-01 -7.049000e-01 101 43 1.236300e+01 2.800000e+00 9.141100e+02 4.931000e+02 1
1.240000e+00 3.289500e+00 -3.430600e-01 -7.049000e-01 102 43 1.307300e+01 2.800000e+00 9.080200e+02 4.917500e+02 1
1.196700e+00 3.344700e+00 -3.463000e-01 -7.049000e-01 103 43 1.340500e+01 2.800000e+00 8.957300e+02 4.900800e+02 1
1.208400e+00 3.374200e+00 -3.480300e-01 -7.049000e-01 104 43 1.324900e+01 2.800000e+00 8.962100e+02 4.892600e+02 1
1.220100e+00 3.390900e+00 -3.490100e-01 -7.049000e-01 105 43 1.223800e+01 2.800000e+00 8.974800e+02 4.888100e+02 1
9.167400e-01 3.547400e+00 -3.582000e-01 -7.049000e-01 106 43 9.937800e+00 2.800000e+00 8.315800e+02 4.842500e+02 1
1.185800e+00 3.503000e+00 -3.555900e-01 -7.049000e-01 107 43 1.016200e+01 2.800000e+00 8.842300e+02 4.857500e+02 1
1.242500e+00 3.127500e+00 -3.335500e-01 -6.728600e-01 100 44 9.924900e+00 2.800000e+00 9.200600e+02 4.968200e+02 1
1.282300e+00 3.206200e+00 -3.381700e-01 -6.728600e-01 101 44 1.082900e+01 2.800000e+00 9.225900e+02 4.943600e+02 1
1.240000e+00 3.277400e+00 -3.423500e-01 -6.728600e-01 102 44 1.129300e+01 2.800000e+00 9.088400e+02 4.921100e+02 1
1.196700e+00 3.342100e+00 -3.461400e-01 -6.728600e-01 103 44 1.142000e+01 2.800000e+00 8.958900e+02 4.901600e+02 1
1.180300e+00 3.382500e+00 -3.485200e-01 -6.728600e-01 104 44 1.113600e+01 2.800000e+00 8.901800e+02 4.889900e+02 1
1.220100e+00 3.376500e+00 -3.481700e-01 -6.728600e-01 105 44 1.023300e+01 2.800000e+00 8.983800e+02 4.892100e+02 1
-1.335800e+00 1.137900e+00 -2.167800e-01 -5.767400e-01 52 47 1.017200e+01 2.800000e+00 -1.706100e+02 6.631800e+02 0
-1.362000e+00 1.166900e+00 -2.184900e-01 -5.767400e-01 53 47 1.006800e+01 2.800000e+00 -1.625100e+02 6.561600e+02 0
0 0 -1.500000e-01 -6.408200e-02 1 63 1.014800e+01 2.800000e+00 2167 -3.612800e+03 0
-1.637000e-02 9.080300e-03 -1.505300e-01 -6.408200e-02 2 63 9.708400e+00 2.800000e+00 2.549300e+03 -4.212500e+03 0
6.630000e-01 8.059600e-01 -1.973000e-01 -6.408200e-02 31 63 9.806600e+00 2.800000e+00 1.134400e+03 8.171900e+02 0
7.189300e-01 7.584000e-01 -1.945100e-01 -6.408200e-02 32 63 9.940900e+00 2.800000e+00 1.221200e+03 8.487400e+02 0
0 0 -1.500000e-01 -3.204100e-02 1 64 1.571300e+01 2.800000e+00 2167 -3.612800e+03 0
-7.093800e-02 1.128200e-01 -1.566200e-01 -3.204100e-02 5 64 1.412500e+01 2.800000e+00 -3.043800e+03 7.591200e+03 0
-1.585200e-01 1.861000e-01 -1.609200e-01 -3.204100e-02 8 64 1.333500e+01 2.800000e+00 -1.092600e+03 2.921800e+03 0
-2.008100e-01 1.907700e-01 -1.612000e-01 -3.204100e-02 9 64 1.263000e+01 2.800000e+00 -1.222300e+03 2.796800e+03 0
-2.480100e-01 1.849200e-01 -1.608500e-01 -3.204100e-02 10 64 1.257100e+01 2.800000e+00 -1.542500e+03 2882 0
-2.646500e-01 2.139300e-01 -1.625600e-01 -3.204100e-02 11 64 1.208500e+01 2.800000e+00 -1.169300e+03 2.388200e+03 0
-2.881200e-01 2.225500e-01 -1.630600e-01 -3.204100e-02 12 64 1.160900e+01 2.800000e+00 -1.152800e+03 2.269600e+03 0
-3.012100e-01 2.818700e-01 -1.665400e-01 -3.204100e-02 13 64 1.089700e+01 2.800000e+00 -6.847700e+02 1.756300e+03 0
-1.222300e-01 3.784400e-01 -1.722100e-01 -3.204100e-02 15 64 1.034500e+01 2.800000e+00 8.880500e+01 1.358500e+03 0
3.609700e-01 2.522400e-01 -1.648000e-01 -3.204100e-02 28 64 1.207700e+01 2.800000e+00 1.419500e+03 2.186700e+03 0
6.799100e-01 6.477900e-01 -1.880200e-01 -3.204100e-02 29 64 1.359900e+01 2.800000e+00 1.280800e+03 9.381100e+02 0
6.804600e-01 7.336500e-01 -1.930600e-01 -3.204100e-02 30 64 1.454000e+01 2.800000e+00 1.202200e+03 8.652600e+02 0
6.793700e-01 7.974400e-01 -1.968000e-01 -3.204100e-02 31 64 1.472100e+01 2.800000e+00 1.154900e+03 8.226600e+02 0
6.851000e-01 8.265800e-01 -1.985100e-01 -3.204100e-02 32 64 1.423100e+01 2.800000e+00 1.141600e+03 8.058100e+02 0
6.810000e-01 8.756200e-01 -2.013900e-01 -3.204100e-02 33 64 1.278900e+01 2.800000e+00 1110 7.800200e+02 0
-9.904000e-01 2.777100e-01 -1.663000e-01 -3.204100e-02 34 64 1.004300e+01 2.800000e+00 -2.424500e+03 1.642800e+03 0
7.514000e-01 8.690000e-01 -2.010000e-01 -3.204100e-02 35 64 1.069300e+01 2.800000e+00 1173 7.846400e+02 0
-8.021400e-01 8.965400e-01 -2.026200e-01 -3.204100e-02 36 64 1.079000e+01 2.800000e+00 -3.490400e+01 7.452900e+02 0
-8.348900e-01 9.140000e-01 -2.036400e-01 -3.204100e-02 37 64 1.080600e+01 2.800000e+00 -4.331100e+01 7.377900e+02 0
-8.479800e-01 9.598200e-01 -2.063300e-01 -3.204100e-02 38 64 1.028000e+01 2.800000e+00 -1.511800e+01 7.205500e+02 0
