0 0 -1.500000e-01 0 1 65 1.678200e+01 2.060000e+00 2167 -3.612800e+03 0
-7.093800e-02 1.131400e-01 -1.548800e-01 0 5 65 1.514800e+01 2.060000e+00 -3.009400e+03 7.498400e+03 0
-1.585200e-01 1.860000e-01 -1.580300e-01 0 8 65 1.429300e+01 2.060000e+00 -1.092300e+03 2.906100e+03 0
-2.008100e-01 1.917400e-01 -1.582800e-01 0 9 65 1.363400e+01 2.060000e+00 -1.205600e+03 2761 0
-2.480100e-01 1.864000e-01 -1.580500e-01 0 10 65 1.361200e+01 2.060000e+00 -1.513100e+03 2.834400e+03 0
-2.619200e-01 2.217700e-01 -1.595700e-01 0 11 65 1.307300e+01 2.060000e+00 -1.064500e+03 2.274400e+03 0
-2.881200e-01 2.322100e-01 -1.600200e-01 0 12 65 1.262500e+01 2.060000e+00 -1.045100e+03 2.147100e+03 0
-3.044900e-01 2.830800e-01 -1.622200e-01 0 13 65 1.190300e+01 2.060000e+00 -6.849400e+02 1.734700e+03 0
-2.979400e-01 3.031200e-01 -1.630800e-01 0 14 65 1.144600e+01 2.060000e+00 -5.533100e+02 1.623100e+03 0
-1.184100e-01 3.999500e-01 -1.672600e-01 0 15 65 1.111400e+01 2.060000e+00 1.356600e+02 1284 0
-3.519600e-01 3.806200e-01 -1.664300e-01 0 16 65 1.112300e+01 2.060000e+00 -3.505400e+02 1.315300e+03 0
3.609700e-01 3.529400e-01 -1.652300e-01 0 28 65 1.309600e+01 2.060000e+00 1.145100e+03 1.498100e+03 0
6.799100e-01 6.390500e-01 -1.775800e-01 0 29 65 1.465900e+01 2.060000e+00 1.289600e+03 9.351900e+02 0
6.725500e-01 7.372800e-01 -1.818200e-01 0 30 65 1.558700e+01 2.060000e+00 1.190700e+03 8.511100e+02 0
6.711800e-01 8.044600e-01 -1.847200e-01 0 31 65 1.573600e+01 2.060000e+00 1.142300e+03 8.071500e+02 0
6.766400e-01 8.318600e-01 -1.859100e-01 0 32 65 1.515600e+01 2.060000e+00 1.130400e+03 7.916500e+02 0
6.722700e-01 8.708100e-01 -1.875900e-01 0 33 65 1.352400e+01 2.060000e+00 1.104800e+03 7.712700e+02 0
7.421200e-01 9.204300e-01 -1.897300e-01 0 35 65 1.127500e+01 2.060000e+00 1.135200e+03 7.493400e+02 0
-7.926000e-01 9.259200e-01 -1.899700e-01 0 36 65 1.164600e+01 2.060000e+00 -3.547000e+00 7.235600e+02 0
-8.250600e-01 9.193800e-01 -1.896800e-01 0 37 65 1.218300e+01 2.060000e+00 -3.153800e+01 7.256100e+02 0
-8.580800e-01 9.224400e-01 -1.898200e-01 0 38 65 1.196000e+01 2.060000e+00 -5.200600e+01 7.239500e+02 0
-9.020000e-01 9.422900e-01 -1.906700e-01 0 39 65 1.072100e+01 2.060000e+00 -6.538100e+01 7.159200e+02 0
0 0 -1.500000e-01 3.204100e-02 1 66 1.573400e+01 2.060000e+00 2167 -3.612800e+03 0
-7.202900e-02 1.123200e-01 -1.548500e-01 3.204100e-02 5 66 1.413900e+01 2.060000e+00 -3.097700e+03 7.635300e+03 0
-1.585200e-01 1.859400e-01 -1.580300e-01 3.204100e-02 8 66 1.327400e+01 2.060000e+00 -1.093300e+03 2.907400e+03 0
-2.008100e-01 1.926900e-01 -1.583200e-01 3.204100e-02 9 66 1.262400e+01 2.060000e+00 -1.191100e+03 2743 0
-2.480100e-01 1.877600e-01 -1.581000e-01 3.204100e-02 10 66 1.260400e+01 2.060000e+00 -1.488500e+03 2.807100e+03 0
-2.619200e-01 2.224300e-01 -1.596000e-01 3.204100e-02 11 66 1.209400e+01 2.060000e+00 -1.057200e+03 2.266600e+03 0
-2.851200e-01 2.371200e-01 -1.602300e-01 3.204100e-02 12 66 1.161700e+01 2.060000e+00 -9.856900e+02 2.098200e+03 0
-3.012100e-01 2.858000e-01 -1.623400e-01 3.204100e-02 13 66 1.095100e+01 2.060000e+00 -6.593400e+02 1.718800e+03 0
-3.857900e-01 2.709700e-01 -1.617000e-01 3.204100e-02 15 66 1.033600e+01 2.060000e+00 -9.926700e+02 1.794300e+03 0
3.609700e-01 3.811800e-01 -1.664500e-01 3.204100e-02 28 66 1.208600e+01 2.060000e+00 1.101900e+03 1.391900e+03 0
6.799100e-01 6.361900e-01 -1.774600e-01 3.204100e-02 29 66 1.365700e+01 2.060000e+00 1.292800e+03 9.381000e+02 0
6.725500e-01 7.358300e-01 -1.817600e-01 3.204100e-02 30 66 1.457400e+01 2.060000e+00 1.191900e+03 8.521700e+02 0
6.711800e-01 8.044700e-01 -1.847200e-01 3.204100e-02 31 66 1.472400e+01 2.060000e+00 1.142300e+03 8.071500e+02 0
6.766400e-01 8.346200e-01 -1.860200e-01 3.204100e-02 32 66 1.412400e+01 2.060000e+00 1.128800e+03 7.901500e+02 0
6.722700e-01 8.768900e-01 -1.878500e-01 3.204100e-02 33 66 1.242000e+01 2.060000e+00 1.101600e+03 7.682900e+02 0
7.235700e-01 9.233100e-01 -1.898500e-01 3.204100e-02 35 66 1.049000e+01 2.060000e+00 1119 7.477800e+02 0
6.780000e-01 1.001100e+00 -1.932100e-01 3.204100e-02 36 66 1.074300e+01 2.060000e+00 1.049700e+03 7.161800e+02 0
-8.447100e-01 9.063600e-01 -1.891200e-01 3.204100e-02 37 66 1.116500e+01 2.060000e+00 -5.645700e+01 7.304200e+02 0
-8.782700e-01 9.066600e-01 -1.891300e-01 3.204100e-02 38 66 1.085700e+01 2.060000e+00 -7.996000e+01 7.298000e+02 0
0 0 -1.500000e-01 6.408200e-02 1 67 1.004000e+01 2.060000e+00 2167 -3.612800e+03 0
6.567200e-01 7.581100e-01 -1.827200e-01 6.408200e-02 30 67 1.027200e+01 2.060000e+00 1.159500e+03 8.361500e+02 0
6.630000e-01 8.109600e-01 -1.850000e-01 6.408200e-02 31 67 1.069800e+01 2.060000e+00 1.130800e+03 8.031700e+02 0
6.766400e-01 8.131200e-01 -1.851000e-01 6.408200e-02 32 67 1.032700e+01 2.060000e+00 1.141900e+03 8.022000e+02 0
0 0 -1.500000e-01 9.612300e-02 1 68 1.000500e+01 2.060000e+00 2167 -3.612800e+03 0
7.042000e-01 7.261000e-01 -1.813400e-01 9.612300e-02 30 68 9.655300e+00 2.060000e+00 1.232400e+03 8.602000e+02 0
7.039200e-01 7.485700e-01 -1.823100e-01 9.612300e-02 31 68 9.922300e+00 2.060000e+00 1.213600e+03 8.439000e+02 0
7.104700e-01 6.530600e-01 -1.781900e-01 9.612300e-02 32 68 9.509600e+00 2.060000e+00 1.310600e+03 9.224700e+02 0
5.156600e-01 4.691100e-01 -1.702500e-01 -8.330700e-01 22 39 9.574400e+00 2.060000e+00 1.272700e+03 1.172700e+03 0
6.439000e-02 2.040300e+00 -2.380700e-01 -7.049000e-01 60 43 9.899200e+00 2.060000e+00 6.591500e+02 5.387500e+02 0
4.038000e-02 2.580100e+00 -2.613700e-01 -7.049000e-01 75 43 1.023100e+01 2.060000e+00 6.605300e+02 5.062300e+02 0
2.864800e-01 2.603500e+00 -2.623800e-01 -7.049000e-01 76 43 1.034500e+01 2.060000e+00 7.227900e+02 5.056500e+02 0
4.147100e-01 2.621500e+00 -2.631500e-01 -7.049000e-01 77 43 1.035000e+01 2.060000e+00 7.547900e+02 5.050800e+02 0
1.767200e+00 1.313800e+01 -7.171000e-01 -7.049000e-01 382 43 1.075000e+01 2.060000e+00 7.717400e+02 4.110500e+02 1
1.980300e+00 1.314200e+01 -7.172600e-01 -7.049000e-01 383 43 1.090900e+01 2.060000e+00 7.821700e+02 4.110800e+02 1
2.298900e+00 1.317700e+01 -7.187400e-01 -7.049000e-01 384 43 1.010600e+01 2.060000e+00 7.975600e+02 4.110700e+02 1
2.095400e+00 1.324600e+01 -7.217300e-01 -7.049000e-01 385 43 1.050300e+01 2.060000e+00 7.870900e+02 4.109200e+02 1
3.683300e-01 2.582300e+00 -2.614600e-01 -6.728600e-01 76 44 1.072900e+01 2.060000e+00 7.439100e+02 5.068300e+02 0
4.354500e-01 2.602500e+00 -2.623300e-01 -6.728600e-01 77 44 1.084000e+01 2.060000e+00 7.605100e+02 5.060200e+02 0
4.832000e-01 2.616400e+00 -2.629300e-01 -6.728600e-01 78 44 1.054700e+01 2.060000e+00 7.722000e+02 5.054700e+02 0
1.871100e+00 1.307800e+01 1.587100e+00 -6.728600e-01 382 44 1.038000e+01 2.060000e+00 775 3.031000e+02 0
2.084500e+00 1.308200e+01 1.579600e+00 -6.728600e-01 383 44 1.045800e+01 2.060000e+00 7.854300e+02 3.034400e+02 0
1.885900e+00 1.325300e+01 -7.220300e-01 -6.728600e-01 385 44 1.030800e+01 2.060000e+00 7.768300e+02 4.108700e+02 1
1.575600e+00 1.325600e+01 1.607200e+00 -6.728600e-01 386 44 1.013500e+01 2.060000e+00 7.596200e+02 303 0
0 0 -1.500000e-01 -3.204100e-02 1 64 1.578900e+01 2.060000e+00 2167 -3.612800e+03 0
-7.093800e-02 1.132400e-01 -1.548900e-01 -3.204100e-02 5 64 1.412800e+01 2.060000e+00 -3000 7.480300e+03 0
-1.585200e-01 1.860500e-01 -1.580300e-01 -3.204100e-02 8 64 1.325800e+01 2.060000e+00 -1.091600e+03 2.905100e+03 0
-2.008100e-01 1.910900e-01 -1.582500e-01 -3.204100e-02 9 64 1.265600e+01 2.060000e+00 -1.215400e+03 2.773300e+03 0
-2.480100e-01 1.854600e-01 -1.580100e-01 -3.204100e-02 10 64 1.260500e+01 2.060000e+00 -1.530300e+03 2.853500e+03 0
-2.646500e-01 2.162900e-01 -1.593400e-01 -3.204100e-02 11 64 1.208700e+01 2.060000e+00 -1.138600e+03 2.341600e+03 0
-2.881200e-01 2.300500e-01 -1.599300e-01 -3.204100e-02 12 64 1.158400e+01 2.060000e+00 -1.067800e+03 2170 0
-3.012100e-01 2.863500e-01 -1.623600e-01 -3.204100e-02 13 64 1.089100e+01 2.060000e+00 -6.560100e+02 1.715600e+03 0
-3.014900e-01 2.985100e-01 -1.628800e-01 -3.204100e-02 14 64 1.057300e+01 2.060000e+00 -5.867600e+02 1.646700e+03 0
-1.222300e-01 3.516900e-01 -1.651800e-01 -3.204100e-02 15 64 1.038000e+01 2.060000e+00 3.173200e+01 1.436900e+03 0
3.609700e-01 3.586500e-01 -1.654800e-01 -3.204100e-02 28 64 1.207900e+01 2.060000e+00 1.135700e+03 1.474800e+03 0
6.799100e-01 6.387800e-01 -1.775700e-01 -3.204100e-02 29 64 1.362300e+01 2.060000e+00 1.289900e+03 9.354700e+02 0
6.725500e-01 7.382200e-01 -1.818600e-01 -3.204100e-02 30 64 1.456500e+01 2.060000e+00 1190 8.504400e+02 0
6.711800e-01 8.043600e-01 -1.847200e-01 -3.204100e-02 31 64 1.472200e+01 2.060000e+00 1.142400e+03 8.072100e+02 0
6.766400e-01 8.294300e-01 -1.858000e-01 -3.204100e-02 32 64 1.416300e+01 2.060000e+00 1.131900e+03 7.929900e+02 0
6.722700e-01 8.641900e-01 -1.873000e-01 -3.204100e-02 33 64 1.258400e+01 2.060000e+00 1.108400e+03 7.745700e+02 0
7.421200e-01 9.264300e-01 -1.899900e-01 -3.204100e-02 35 64 1.006500e+01 2.060000e+00 1132 7.467200e+02 0
-8.021400e-01 9.089200e-01 -1.892300e-01 -3.204100e-02 36 64 1.061400e+01 2.060000e+00 -2.408700e+01 7.300400e+02 0
-8.250600e-01 9.049400e-01 -1.890600e-01 -3.204100e-02 37 64 1.118600e+01 2.060000e+00 -4.373400e+01 7.312800e+02 0
-8.580800e-01 9.190100e-01 -1.896700e-01 -3.204100e-02 38 64 1.092100e+01 2.060000e+00 -5.494000e+01 7.252700e+02 0
