0 0 -1.500000e-01 0 1 65 1.679100e+01 1.860000e+00 2167 -3.612800e+03 0
-7.093800e-02 1.129500e-01 -1.544000e-01 0 5 65 1.515500e+01 1.860000e+00 -3.024200e+03 7.519600e+03 0
-1.585200e-01 1.859200e-01 -1.572500e-01 0 8 65 1.427500e+01 1.860000e+00 -1.093200e+03 2.903100e+03 0
-1.986300e-01 1.950700e-01 -1.576000e-01 0 9 65 1.365300e+01 1.860000e+00 -1.145800e+03 2696 0
-2.480100e-01 1.871600e-01 -1.572900e-01 0 10 65 1.359400e+01 1.860000e+00 -1.498800e+03 2.814500e+03 0
-2.592000e-01 2.265800e-01 -1.588300e-01 0 11 65 1.299200e+01 1.860000e+00 -1002 2.215300e+03 0
-2.851200e-01 2.371800e-01 -1.592400e-01 0 12 65 1.264200e+01 1.860000e+00 -9.847400e+02 2.093600e+03 0
-3.044900e-01 2.836000e-01 -1.610500e-01 0 13 65 1.186900e+01 1.860000e+00 -6.814500e+02 1.727900e+03 0
-3.121300e-01 3.073900e-01 -1.619800e-01 0 14 65 1.145300e+01 1.860000e+00 -5.657600e+02 1.595500e+03 0
-1.222300e-01 3.041400e-01 -1.618500e-01 0 15 65 1.123900e+01 1.860000e+00 -1.024800e+02 1.646200e+03 0
3.609700e-01 3.167000e-01 -1.623400e-01 0 28 65 1.308700e+01 1.860000e+00 1.215800e+03 1.668600e+03 0
6.799100e-01 6.407400e-01 -1.749700e-01 0 29 65 1.467300e+01 1.860000e+00 1.287600e+03 9.303600e+02 0
6.725500e-01 7.373400e-01 -1.787300e-01 0 30 65 1.560500e+01 1.860000e+00 1.190500e+03 8.480200e+02 0
6.711800e-01 8.044600e-01 -1.813500e-01 0 31 65 1.577500e+01 1.860000e+00 1.142200e+03 8.041500e+02 0
6.766400e-01 8.324700e-01 -1.824400e-01 0 32 65 1.525900e+01 1.860000e+00 1130 7.883300e+02 0
6.810000e-01 8.678900e-01 -1.838200e-01 0 33 65 1.378100e+01 1.860000e+00 1.113600e+03 7.699200e+02 0
7.235700e-01 9.257500e-01 -1.860800e-01 0 35 65 1.132600e+01 1.860000e+00 1.117600e+03 7.437800e+02 0
-8.021400e-01 9.083700e-01 -1.854000e-01 0 36 65 1.155000e+01 1.860000e+00 -2.444700e+01 7.274900e+02 0
-8.447100e-01 8.793500e-01 -1.842700e-01 0 37 65 1.214200e+01 1.860000e+00 -8.066000e+01 7.387400e+02 0
-8.782700e-01 8.237100e-01 -1.821000e-01 0 38 65 1.176100e+01 1.860000e+00 -1.622000e+02 7.634000e+02 0
-9.745800e-01 4.956700e-01 -1.693200e-01 0 39 65 1.040800e+01 1.860000e+00 -9.087500e+02 1.033200e+03 0
0 0 -1.500000e-01 3.204100e-02 1 66 1.577600e+01 1.860000e+00 2167 -3.612800e+03 0
-7.202900e-02 1.121300e-01 -1.543700e-01 3.204100e-02 5 66 1.413500e+01 1.860000e+00 -3.113600e+03 7.658400e+03 0
-1.585200e-01 1.858800e-01 -1.572400e-01 3.204100e-02 8 66 1.323000e+01 1.860000e+00 -1.093700e+03 2.903800e+03 0
-2.008100e-01 1.924500e-01 -1.575000e-01 3.204100e-02 9 66 1.265200e+01 1.860000e+00 -1.194300e+03 2.742900e+03 0
-2.480100e-01 1.875600e-01 -1.573100e-01 3.204100e-02 10 66 1.259800e+01 1.860000e+00 -1.491500e+03 2.806500e+03 0
-2.619200e-01 2.227100e-01 -1.586800e-01 3.204100e-02 11 66 1.208800e+01 1.860000e+00 -1.053600e+03 2.259100e+03 0
-2.851200e-01 2.355200e-01 -1.591800e-01 3.204100e-02 12 66 1.162000e+01 1.860000e+00 -1.001100e+03 2.110200e+03 0
-3.044900e-01 2.817700e-01 -1.609800e-01 3.204100e-02 13 66 1.083200e+01 1.860000e+00 -6.929500e+02 1.739100e+03 0
3.609700e-01 2.494700e-01 -1.597200e-01 3.204100e-02 28 66 1.209900e+01 1.860000e+00 1.430500e+03 2.196200e+03 0
6.722700e-01 6.457000e-01 -1.751600e-01 3.204100e-02 29 66 1.366400e+01 1.860000e+00 1.273100e+03 9.251700e+02 0
6.725500e-01 7.351300e-01 -1.786500e-01 3.204100e-02 30 66 1.459400e+01 1.860000e+00 1.192300e+03 8.496300e+02 0
6.711800e-01 8.044400e-01 -1.813500e-01 3.204100e-02 31 66 1.475700e+01 1.860000e+00 1.142200e+03 8.041700e+02 0
6.766400e-01 8.347500e-01 -1.825300e-01 3.204100e-02 32 66 1.424600e+01 1.860000e+00 1.128600e+03 7.870900e+02 0
6.722700e-01 8.761600e-01 -1.841400e-01 3.204100e-02 33 66 1.281500e+01 1.860000e+00 1.101900e+03 7.656900e+02 0
7.142900e-01 9.397100e-01 -1.866200e-01 3.204100e-02 35 66 1.020800e+01 1.860000e+00 1.103500e+03 7.376900e+02 0
-8.021400e-01 9.119600e-01 -1.855400e-01 3.204100e-02 36 66 1.067600e+01 1.860000e+00 -2.147300e+01 7.260700e+02 0
-8.447100e-01 8.864200e-01 -1.845400e-01 3.204100e-02 37 66 1.119200e+01 1.860000e+00 -7.414500e+01 7.357700e+02 0
-8.782700e-01 8.278900e-01 -1.822600e-01 3.204100e-02 38 66 1.075500e+01 1.860000e+00 -1.576400e+02 7.613800e+02 0
-1.240000e+00 3.215000e+00 -2.752900e-01 -7.049000e-01 102 43 1.061300e+01 1.860000e+00 4.119400e+02 4.779200e+02 1
-1.096000e+00 3.417400e+00 -2.831700e-01 -7.049000e-01 104 43 1.032900e+01 1.860000e+00 4.554900e+02 4.725800e+02 1
-1.106600e+00 3.446400e+00 -2.843100e-01 -7.049000e-01 105 43 1.230500e+01 1.860000e+00 4.555600e+02 4.718200e+02 1
-1.145900e+00 3.470300e+00 -2.852400e-01 -7.049000e-01 106 43 1.296700e+01 1.860000e+00 4.500400e+02 4.711700e+02 1
-1.156800e+00 3.499800e+00 -2.863900e-01 -7.049000e-01 107 43 1.281000e+01 1.860000e+00 4.501400e+02 4.704300e+02 1
-1.167700e+00 3.518900e+00 -2.871300e-01 -7.049000e-01 108 43 1.182700e+01 1.860000e+00 4.495100e+02 4.699600e+02 1
-6.780000e-01 2.358700e+00 -2.419200e-01 -6.728600e-01 72 44 1.068700e+01 1.860000e+00 4.598400e+02 5.132600e+02 0
-6.679100e-01 2.376600e+00 -2.426100e-01 -6.728600e-01 73 44 1.027600e+01 1.860000e+00 4.643600e+02 5.123000e+02 0
-1.145900e+00 3.281100e+00 -2.778600e-01 -6.728600e-01 101 44 1.104400e+01 1.860000e+00 4.358400e+02 4.761600e+02 1
-1.157400e+00 3.317000e+00 -2.792600e-01 -6.728600e-01 102 44 1.167700e+01 1.860000e+00 4.364700e+02 4.751600e+02 1
-1.196700e+00 3.343700e+00 -2.803000e-01 -6.728600e-01 103 44 1.157500e+01 1.860000e+00 4.311000e+02 4.743900e+02 1
-1.124100e+00 3.410900e+00 -2.829200e-01 -6.728600e-01 104 44 1.182000e+01 1.860000e+00 4.498100e+02 4.727100e+02 1
-1.106600e+00 3.454100e+00 -2.846100e-01 -6.728600e-01 105 44 1.317700e+01 1.860000e+00 4.561000e+02 4.716300e+02 1
-1.145900e+00 3.477700e+00 -2.855200e-01 -6.728600e-01 106 44 1.376300e+01 1.860000e+00 4.505600e+02 4.709900e+02 1
-1.185800e+00 3.499000e+00 -2.863500e-01 -6.728600e-01 107 44 1.361800e+01 1.860000e+00 4.448500e+02 4.704200e+02 1
-1.226100e+00 3.515600e+00 -2.870000e-01 -6.728600e-01 108 44 1.271800e+01 1.860000e+00 4.387600e+02 4.699600e+02 1
-1.237600e+00 3.524100e+00 -2.873300e-01 -6.728600e-01 109 44 1.097300e+01 1.860000e+00 4.373300e+02 4.697400e+02 1
-7.257500e-01 2.271500e+00 -2.385200e-01 -6.408200e-01 71 45 1.059900e+01 1.860000e+00 4.371700e+02 5.181500e+02 0
-7.167500e-01 2.325400e+00 -2.406200e-01 -6.408200e-01 72 45 1.080400e+01 1.860000e+00 4.457200e+02 5.150400e+02 0
-7.857700e-01 2.360100e+00 -2.419700e-01 -6.408200e-01 73 45 1.009800e+01 1.860000e+00 4.307300e+02 5.129200e+02 0
-1.157400e+00 3.314300e+00 -2.791600e-01 -6.408200e-01 102 45 1.079600e+01 1.860000e+00 4.362500e+02 4.752300e+02 1
-1.168800e+00 3.353300e+00 -2.806800e-01 -6.408200e-01 103 45 1.090600e+01 1.860000e+00 4.371100e+02 4.741600e+02 1
-1.152200e+00 3.392700e+00 -2.822100e-01 -6.408200e-01 104 45 1.120900e+01 1.860000e+00 4.432300e+02 4.731500e+02 1
-1.163400e+00 3.433100e+00 -2.837900e-01 -6.408200e-01 105 45 1.210300e+01 1.860000e+00 4.441500e+02 4.720900e+02 1
-1.203200e+00 3.460200e+00 -2.848400e-01 -6.408200e-01 106 45 1.257100e+01 1.860000e+00 4.388300e+02 4.713600e+02 1
-1.214700e+00 3.494000e+00 -2.861600e-01 -6.408200e-01 107 45 1.245400e+01 1.860000e+00 4.392500e+02 4.705100e+02 1
-1.255300e+00 3.515200e+00 -2.869900e-01 -6.408200e-01 108 45 1.170700e+01 1.860000e+00 4.334800e+02 4.699400e+02 1
-1.326000e+00 3.523700e+00 -2.873200e-01 -6.408200e-01 109 45 1.042300e+01 1.860000e+00 4.214400e+02 4.696500e+02 1
-4.092600e-03 5.236800e-01 -1.704100e-01 -5.126600e-01 16 49 9.447500e+00 1.860000e+00 4.458900e+02 1.042400e+03 0
0 5.576600e-01 -1.717300e-01 -5.126600e-01 17 49 1.112800e+01 1.860000e+00 4.686100e+02 9.964900e+02 0
0 5.929000e-01 -1.731000e-01 -5.126600e-01 18 49 1.179000e+01 1.860000e+00 4.838900e+02 9.550100e+02 0
4.911100e-03 6.281000e-01 -1.744800e-01 -5.126600e-01 19 49 1.146400e+01 1.860000e+00 5.028000e+02 9.190100e+02 0
1.036800e-02 6.623500e-01 -1.758100e-01 -5.126600e-01 20 49 1.001700e+01 1.860000e+00 5.197500e+02 8.881200e+02 0
0 5.197400e-01 -1.702500e-01 -4.806200e-01 16 50 9.880100e+00 1.860000e+00 4.494600e+02 1.048500e+03 0
0 5.567500e-01 -1.717000e-01 -4.806200e-01 17 50 1.172300e+01 1.860000e+00 4.681800e+02 9.976500e+02 0
4.638300e-03 5.920000e-01 -1.730700e-01 -4.806200e-01 18 50 1.241200e+01 1.860000e+00 4.891600e+02 9.561800e+02 0
4.911100e-03 6.269000e-01 -1.744300e-01 -4.806200e-01 19 50 1.209900e+01 1.860000e+00 5.023800e+02 9.201700e+02 0
1.555200e-02 6.600500e-01 -1.757200e-01 -4.806200e-01 20 50 1.070100e+01 1.860000e+00 5.246400e+02 8.902500e+02 0
4.365400e-03 5.541400e-01 -1.715900e-01 -4.485700e-01 17 51 1.027300e+01 1.860000e+00 4.726700e+02 1.001200e+03 0
4.638300e-03 5.897700e-01 -1.729800e-01 -4.485700e-01 18 51 1.093100e+01 1.860000e+00 4.882700e+02 9.586500e+02 0
1.473300e-02 6.226700e-01 -1.742600e-01 -4.485700e-01 19 51 1.065200e+01 1.860000e+00 5.121700e+02 9.246400e+02 0
3.110400e-02 6.483000e-01 -1.752600e-01 -4.485700e-01 20 51 9.417100e+00 1.860000e+00 5.382600e+02 9.010900e+02 0
0 0 -1.500000e-01 -3.204100e-02 1 64 1.578100e+01 1.860000e+00 2167 -3.612800e+03 0
-7.093800e-02 1.127500e-01 -1.543900e-01 -3.204100e-02 5 64 1.413300e+01 1.860000e+00 -3.042700e+03 7.555200e+03 0
-1.585200e-01 1.859200e-01 -1.572500e-01 -3.204100e-02 8 64 1.325000e+01 1.860000e+00 -1.093200e+03 2.903200e+03 0
-1.986300e-01 1.953500e-01 -1.576100e-01 -3.204100e-02 9 64 1.260800e+01 1.860000e+00 -1.141800e+03 2.690900e+03 0
-2.455500e-01 1.901200e-01 -1.574100e-01 -3.204100e-02 10 64 1.254500e+01 1.860000e+00 -1.435500e+03 2.758300e+03 0
-2.592000e-01 2.250000e-01 -1.587700e-01 -3.204100e-02 11 64 1.199100e+01 1.860000e+00 -1.018700e+03 2.233300e+03 0
-2.851200e-01 2.365600e-01 -1.592200e-01 -3.204100e-02 12 64 1.167800e+01 1.860000e+00 -9.907600e+02 2.099700e+03 0
-3.044900e-01 2.838400e-01 -1.610600e-01 -3.204100e-02 13 64 1.092300e+01 1.860000e+00 -6.799400e+02 1.726400e+03 0
-3.121300e-01 2.962700e-01 -1.615500e-01 -3.204100e-02 14 64 1.042200e+01 1.860000e+00 -6.259300e+02 1.653300e+03 0
-1.260500e-01 3.086400e-01 -1.620300e-01 -3.204100e-02 15 64 1.023500e+01 1.860000e+00 -9.719600e+01 1.621700e+03 0
3.683300e-01 3.298700e-01 -1.628500e-01 -3.204100e-02 28 64 1.205800e+01 1.860000e+00 1.207300e+03 1.600600e+03 0
6.799100e-01 6.426900e-01 -1.750500e-01 -3.204100e-02 29 64 1.366700e+01 1.860000e+00 1.285500e+03 9.284200e+02 0
6.725500e-01 7.393300e-01 -1.788100e-01 -3.204100e-02 30 64 1.459800e+01 1.860000e+00 1189 8.466000e+02 0
6.711800e-01 8.042300e-01 -1.813400e-01 -3.204100e-02 31 64 1.478500e+01 1.860000e+00 1.142300e+03 8.042900e+02 0
6.766400e-01 8.295400e-01 -1.823300e-01 -3.204100e-02 32 64 1.428600e+01 1.860000e+00 1.131700e+03 7.899500e+02 0
6.810000e-01 8.661200e-01 -1.837500e-01 -3.204100e-02 33 64 1.281800e+01 1.860000e+00 1.114600e+03 7.708100e+02 0
7.235700e-01 9.078400e-01 -1.853800e-01 -3.204100e-02 35 64 1.056900e+01 1.860000e+00 1127 7.517000e+02 0
-7.830500e-01 9.205900e-01 -1.858700e-01 -3.204100e-02 36 64 1.069000e+01 1.860000e+00 -1.017600e+00 7.229800e+02 0
-8.348900e-01 8.828300e-01 -1.844000e-01 -3.204100e-02 37 64 1.117900e+01 1.860000e+00 -7.028300e+01 7.374200e+02 0
-8.782700e-01 8.093400e-01 -1.815400e-01 -3.204100e-02 38 64 1.075900e+01 1.860000e+00 -1.782900e+02 7.705000e+02 0
