0 0 -1.500000e-01 0 1 65 1.674500e+01 2.270000e+00 2167 -3.612800e+03 0
-7.093800e-02 1.129100e-01 -1.553700e-01 0 5 65 1.514300e+01 2.270000e+00 -3.031900e+03 7.549200e+03 0
-1.585200e-01 1.860400e-01 -1.588500e-01 0 8 65 1.431100e+01 2.270000e+00 -1.092200e+03 2.910300e+03 0
-2.008100e-01 1.923700e-01 -1.591500e-01 0 9 65 1.366700e+01 2.270000e+00 -1.196500e+03 2.753900e+03 0
-2.480100e-01 1.875700e-01 -1.589200e-01 0 10 65 1.360200e+01 2.270000e+00 -1.492400e+03 2.815600e+03 0
-2.619200e-01 2.226000e-01 -1.605900e-01 0 11 65 1.311000e+01 2.270000e+00 -1.055700e+03 2.268800e+03 0
-2.881200e-01 2.305900e-01 -1.609700e-01 0 12 65 1.266300e+01 2.270000e+00 -1.062500e+03 2.168400e+03 0
-3.044900e-01 2.818500e-01 -1.634100e-01 0 13 65 1.194100e+01 2.270000e+00 -6.930100e+02 1.746100e+03 0
-3.050300e-01 3.036200e-01 -1.644400e-01 0 14 65 1.149600e+01 2.270000e+00 -5.685300e+02 1623 0
-1.260500e-01 3.547400e-01 -1.668700e-01 0 15 65 1.132800e+01 2.270000e+00 3.049800e+01 1.428800e+03 0
3.536000e-01 3.444900e-01 -1.663900e-01 0 28 65 1.310400e+01 2.270000e+00 1.141500e+03 1.537100e+03 0
6.799100e-01 6.363900e-01 -1.802700e-01 0 29 65 1.462300e+01 2.270000e+00 1.292700e+03 9.412000e+02 0
6.725500e-01 7.355300e-01 -1.849900e-01 0 30 65 1.556600e+01 2.270000e+00 1.192300e+03 8.555800e+02 0
6.793700e-01 7.975800e-01 -1.879400e-01 0 31 65 1.571700e+01 2.270000e+00 1.154500e+03 8.146000e+02 0
6.766400e-01 8.326600e-01 -1.896100e-01 0 32 65 1.516900e+01 2.270000e+00 1.130100e+03 7.943500e+02 0
6.810000e-01 8.697700e-01 -1.913700e-01 0 33 65 1.364700e+01 2.270000e+00 1.112800e+03 7.750600e+02 0
7.514000e-01 8.731900e-01 -1.915400e-01 0 35 65 1.085100e+01 2.270000e+00 1.170100e+03 7.746600e+02 0
-8.212400e-01 9.008400e-01 -1.928500e-01 0 36 65 1.159000e+01 2.270000e+00 -4.464500e+01 7.358900e+02 0
-8.348900e-01 9.077300e-01 -1.931800e-01 0 37 65 1.204500e+01 2.270000e+00 -4.841600e+01 7.329300e+02 0
-8.580800e-01 9.156800e-01 -1.935600e-01 0 38 65 1.165100e+01 2.270000e+00 -5.790400e+01 7.294600e+02 0
-8.812700e-01 9.541300e-01 -1.953900e-01 0 39 65 1.038600e+01 2.270000e+00 -4.169600e+01 7.148200e+02 0
0 0 -1.500000e-01 3.204100e-02 1 66 1.575300e+01 2.270000e+00 2167 -3.612800e+03 0
-7.093800e-02 1.134800e-01 -1.554000e-01 3.204100e-02 5 66 1.413300e+01 2.270000e+00 -2.980900e+03 7.451200e+03 0
-1.585200e-01 1.859100e-01 -1.588400e-01 3.204100e-02 8 66 1.328000e+01 2.270000e+00 -1.094200e+03 2913 0
-2.008100e-01 1.930500e-01 -1.591800e-01 3.204100e-02 9 66 1.269000e+01 2.270000e+00 -1.186200e+03 2741 0
-2.480100e-01 1.888200e-01 -1.589800e-01 3.204100e-02 10 66 1.259900e+01 2.270000e+00 -1.470200e+03 2791 0
-2.619200e-01 2.242200e-01 -1.606700e-01 3.204100e-02 11 66 1.209300e+01 2.270000e+00 -1.037900e+03 2.249700e+03 0
-2.881200e-01 2.330300e-01 -1.610800e-01 3.204100e-02 12 66 1.163200e+01 2.270000e+00 -1.037100e+03 2.142700e+03 0
-3.077600e-01 2.799000e-01 -1.633100e-01 3.204100e-02 13 66 1.090000e+01 2.270000e+00 -7.144300e+02 1.757600e+03 0
-3.050300e-01 3.014700e-01 -1.643400e-01 3.204100e-02 14 66 1.056100e+01 2.270000e+00 -5.799000e+02 1.634100e+03 0
-1.260500e-01 4.713700e-01 -1.724200e-01 3.204100e-02 15 66 1.040000e+01 2.270000e+00 2.231100e+02 1.127400e+03 0
3.609700e-01 3.351900e-01 -1.659400e-01 3.204100e-02 28 66 1.210400e+01 2.270000e+00 1.177400e+03 1.581100e+03 0
6.799100e-01 6.306700e-01 -1.800000e-01 3.204100e-02 29 66 1.356900e+01 2.270000e+00 1.299100e+03 9.470800e+02 0
6.725500e-01 7.324500e-01 -1.848400e-01 3.204100e-02 30 66 1.449800e+01 2.270000e+00 1.194700e+03 8.578400e+02 0
6.793700e-01 7.974900e-01 -1.879300e-01 3.204100e-02 31 66 1.465200e+01 2.270000e+00 1.154500e+03 8.146500e+02 0
6.766400e-01 8.347700e-01 -1.897100e-01 3.204100e-02 32 66 1.412000e+01 2.270000e+00 1.128900e+03 7.932000e+02 0
6.722700e-01 8.775300e-01 -1.917400e-01 3.204100e-02 33 66 1.267900e+01 2.270000e+00 1.101400e+03 7.710800e+02 0
7.699500e-01 8.701700e-01 -1.913900e-01 3.204100e-02 35 66 1.003700e+01 2.270000e+00 1.187600e+03 7.765100e+02 0
-8.498900e-01 8.772000e-01 -1.917300e-01 3.204100e-02 36 66 1.072500e+01 2.270000e+00 -8.667300e+01 7.452500e+02 0
-8.545300e-01 9.075800e-01 -1.931700e-01 3.204100e-02 37 66 1.115100e+01 2.270000e+00 -6.245600e+01 7.326900e+02 0
-8.580800e-01 9.476100e-01 -1.950800e-01 3.204100e-02 38 66 1.067500e+01 2.270000e+00 -3.130800e+01 7.174800e+02 0
0 0 -1.500000e-01 6.408200e-02 1 67 1.044000e+01 2.270000e+00 2167 -3.612800e+03 0
6.493600e-01 6.954200e-01 -1.830800e-01 6.408200e-02 29 67 9.724400e+00 2.270000e+00 1.200400e+03 886 0
6.567200e-01 7.673200e-01 -1.865000e-01 6.408200e-02 30 67 1.076800e+01 2.270000e+00 1.153300e+03 8.331700e+02 0
6.711800e-01 7.890500e-01 -1.875300e-01 6.408200e-02 31 67 1.098000e+01 2.270000e+00 1.152500e+03 8.196300e+02 0
6.935500e-01 7.697100e-01 -1.866100e-01 6.408200e-02 32 67 1.046400e+01 2.270000e+00 1.187300e+03 8.324900e+02 0
6.567200e-01 7.627400e-01 -1.862800e-01 9.612300e-02 30 68 9.994100e+00 2.270000e+00 1.156400e+03 8.362100e+02 0
6.711800e-01 7.978100e-01 -1.879500e-01 9.612300e-02 31 68 1.016900e+01 2.270000e+00 1.146700e+03 8.142800e+02 0
7.020100e-01 7.934200e-01 -1.877400e-01 9.612300e-02 32 68 9.938500e+00 2.270000e+00 1.178400e+03 8.176400e+02 0
8.624400e-01 3.707600e+00 -3.263600e-01 -7.689800e-01 110 41 1.205500e+01 2.270000e+00 8.156500e+02 4.732900e+02 1
8.703500e-01 3.740500e+00 -3.279300e-01 -7.689800e-01 111 41 1.325800e+01 2.270000e+00 8.159400e+02 4.725500e+02 1
8.782700e-01 3.773300e+00 -3.294900e-01 -7.689800e-01 112 41 1.359300e+01 2.270000e+00 8.162300e+02 4.718300e+02 1
8.250600e-01 3.819900e+00 -3.317000e-01 -7.689800e-01 113 41 1.341500e+01 2.270000e+00 8.055500e+02 4.707600e+02 1
8.016000e-01 3.859500e+00 -3.335900e-01 -7.689800e-01 114 41 1.302700e+01 2.270000e+00 8.003800e+02 4.698900e+02 1
7.775900e-01 3.896600e+00 -3.353500e-01 -7.689800e-01 115 41 1.242000e+01 2.270000e+00 7.952900e+02 4.690900e+02 1
7.844100e-01 3.921300e+00 -3.365300e-01 -7.689800e-01 116 41 1.133600e+01 2.270000e+00 7.957800e+02 4.685900e+02 1
7.595800e-01 3.963400e+00 -3.385300e-01 -7.689800e-01 117 41 1.002800e+01 2.270000e+00 7.905600e+02 4.677200e+02 1
7.956000e-01 3.655800e+00 -3.239000e-01 -7.369400e-01 109 42 1.044100e+01 2.270000e+00 8.054000e+02 4.744100e+02 1
8.327000e-01 3.714400e+00 -3.266900e-01 -7.369400e-01 110 42 1.290900e+01 2.270000e+00 8.101600e+02 4.731000e+02 1
8.703500e-01 3.740700e+00 -3.279400e-01 -7.369400e-01 111 42 1.409100e+01 2.270000e+00 8.159400e+02 4.725500e+02 1
8.479800e-01 3.781000e+00 -3.298500e-01 -7.369400e-01 112 42 1.437300e+01 2.270000e+00 8.107100e+02 4.716300e+02 1
8.250600e-01 3.821600e+00 -3.317800e-01 -7.369400e-01 113 42 1.422000e+01 2.270000e+00 8.054900e+02 4.707200e+02 1
7.707700e-01 3.868600e+00 -3.340200e-01 -7.369400e-01 114 42 1.397100e+01 2.270000e+00 7.948900e+02 4.696600e+02 1
7.775900e-01 3.901100e+00 -3.355700e-01 -7.369400e-01 115 42 1.340100e+01 2.270000e+00 7.951700e+02 469 1
7.844100e-01 3.932100e+00 -3.370400e-01 -7.369400e-01 116 42 1.222400e+01 2.270000e+00 7.954900e+02 4.683700e+02 1
7.912300e-01 3.969400e+00 -3.388200e-01 -7.369400e-01 117 42 1.075100e+01 2.270000e+00 7.956300e+02 4.676300e+02 1
8.938200e-01 3.986700e+00 -3.396400e-01 -7.369400e-01 118 42 9.990700e+00 2.270000e+00 8.120600e+02 4.673900e+02 1
8.029600e-01 3.717800e+00 -3.268500e-01 -7.049000e-01 110 43 1.187900e+01 2.270000e+00 8.047900e+02 4.729900e+02 1
8.403400e-01 3.748500e+00 -3.283100e-01 -7.049000e-01 111 43 1.295800e+01 2.270000e+00 8.104100e+02 4.723400e+02 1
8.479800e-01 3.782000e+00 -3.299000e-01 -7.049000e-01 112 43 1.313600e+01 2.270000e+00 8.106800e+02 4.716000e+02 1
7.945100e-01 3.829600e+00 -3.321700e-01 -7.049000e-01 113 43 1.296100e+01 2.270000e+00 8.000100e+02 4.705100e+02 1
7.707700e-01 3.870200e+00 -3.341000e-01 -7.049000e-01 114 43 1.287000e+01 2.270000e+00 7.948500e+02 4.696300e+02 1
7.775900e-01 3.903900e+00 -3.357000e-01 -7.049000e-01 115 43 1.236500e+01 2.270000e+00 7.951000e+02 4.689400e+02 1
7.844100e-01 3.935100e+00 -3.371800e-01 -7.049000e-01 116 43 1.115700e+01 2.270000e+00 7.954100e+02 4.683100e+02 1
0 0 -1.500000e-01 -6.728600e-01 1 44 9.485700e+00 2.270000e+00 2167 -3.612800e+03 0
-5.385800e-01 1.267400e+00 -2.102900e-01 -6.728600e-01 43 44 1.001900e+01 2.270000e+00 3.213200e+02 6.345200e+02 0
-5.514100e-01 1.280200e+00 -2.109000e-01 -6.728600e-01 44 44 1.035000e+01 2.270000e+00 3.187000e+02 6.318600e+02 0
0 0 -1.500000e-01 -6.408200e-02 1 63 1.012000e+01 2.270000e+00 2167 -3.612800e+03 0
-1.364200e-03 3.489000e-02 -1.516600e-01 -6.408200e-02 2 63 9.830000e+00 2.270000e+00 3.508800e+03 -7.198600e+03 0
7.042000e-01 6.959800e-01 -1.831100e-01 -6.408200e-02 30 63 9.545100e+00 2.270000e+00 1.259700e+03 8.871900e+02 0
6.957400e-01 7.833400e-01 -1.872600e-01 -6.408200e-02 31 63 9.739300e+00 2.270000e+00 1.179600e+03 8.237700e+02 0
0 0 -1.500000e-01 -3.204100e-02 1 64 1.572700e+01 2.270000e+00 2167 -3.612800e+03 0
-7.093800e-02 1.122800e-01 -1.553400e-01 -3.204100e-02 5 64 1.411000e+01 2.270000e+00 -3.089600e+03 7660 0
-1.585200e-01 1.860800e-01 -1.588500e-01 -3.204100e-02 8 64 1.328800e+01 2.270000e+00 -1.091600e+03 2.909400e+03 0
-2.008100e-01 1.918600e-01 -1.591300e-01 -3.204100e-02 9 64 1.263800e+01 2.270000e+00 -1.204200e+03 2.763500e+03 0
-2.480100e-01 1.861300e-01 -1.588500e-01 -3.204100e-02 10 64 1.258900e+01 2.270000e+00 -1.518500e+03 2.844600e+03 0
-2.619200e-01 2.205200e-01 -1.604900e-01 -3.204100e-02 11 64 1.215400e+01 2.270000e+00 -1.079100e+03 2294 0
-2.881200e-01 2.286900e-01 -1.608800e-01 -3.204100e-02 12 64 1.164500e+01 2.270000e+00 -1.082800e+03 2189 0
-3.077600e-01 2.789000e-01 -1.632700e-01 -3.204100e-02 13 64 1.096900e+01 2.270000e+00 -7.209900e+02 1.763900e+03 0
-3.050300e-01 3.144500e-01 -1.649600e-01 -3.204100e-02 14 64 1.041200e+01 2.270000e+00 -5.139600e+02 1.569700e+03 0
-1.184100e-01 3.841000e-01 -1.682700e-01 -3.204100e-02 15 64 1.029600e+01 2.270000e+00 1.074100e+02 1.332700e+03 0
3.536000e-01 3.431700e-01 -1.663200e-01 -3.204100e-02 28 64 1.209300e+01 2.270000e+00 1.143800e+03 1.542900e+03 0
6.799100e-01 6.376700e-01 -1.803300e-01 -3.204100e-02 29 64 1.362600e+01 2.270000e+00 1.291300e+03 9.398900e+02 0
6.804600e-01 7.310200e-01 -1.847700e-01 -3.204100e-02 30 64 1.457500e+01 2.270000e+00 1.203900e+03 8.591000e+02 0
6.793700e-01 7.974900e-01 -1.879300e-01 -3.204100e-02 31 64 1.473200e+01 2.270000e+00 1.154500e+03 8.146600e+02 0
6.851000e-01 8.239500e-01 -1.891900e-01 -3.204100e-02 32 64 1.418000e+01 2.270000e+00 1.142900e+03 7.993500e+02 0
6.810000e-01 8.673700e-01 -1.912600e-01 -3.204100e-02 33 64 1.263300e+01 2.270000e+00 1.114100e+03 7.762600e+02 0
7.606700e-01 8.677000e-01 -1.912700e-01 -3.204100e-02 35 64 1.008400e+01 2.270000e+00 1.181300e+03 7.775800e+02 0
-8.212400e-01 8.876900e-01 -1.922300e-01 -3.204100e-02 36 64 1.055800e+01 2.270000e+00 -5.619300e+01 7.412900e+02 0
-8.447100e-01 8.740000e-01 -1.915700e-01 -3.204100e-02 37 64 1.102200e+01 2.270000e+00 -8.588200e+01 7.467100e+02 0
-8.580800e-01 8.925900e-01 -1.924600e-01 -3.204100e-02 38 64 1.070100e+01 2.270000e+00 -7.838800e+01 7.386900e+02 0
