0 0 -1.500000e-01 0 1 65 1.676800e+01 4.290000e+00 2167 -3.612800e+03 0
-7.093800e-02 1.130000e-01 -1.594800e-01 0 5 65 1.515500e+01 4.290000e+00 -3038 7.623500e+03 0
-1.585200e-01 1.860100e-01 -1.656100e-01 0 8 65 1.431600e+01 4.290000e+00 -1.096600e+03 2.952500e+03 0
-2.008100e-01 1.916800e-01 -1.660800e-01 0 9 65 1.363100e+01 4.290000e+00 -1.210900e+03 2.806900e+03 0
-2.480100e-01 1.866000e-01 -1.656600e-01 0 10 65 1.360600e+01 4.290000e+00 -1.514800e+03 2.875400e+03 0
-2.619200e-01 2.221700e-01 -1.686400e-01 0 11 65 1.310900e+01 4.290000e+00 -1.063900e+03 2.309600e+03 0
-2.851200e-01 2.373700e-01 -1.699200e-01 0 12 65 1.267800e+01 4.290000e+00 -9.867600e+02 2134 0
-3.044900e-01 2.842100e-01 -1.738500e-01 0 13 65 1.189300e+01 4.290000e+00 -6.804600e+02 1.762900e+03 0
-3.085800e-01 3.035100e-01 -1.754700e-01 0 14 65 1.145600e+01 4.290000e+00 -5.799200e+02 1.653500e+03 0
-1.260500e-01 2.900100e-01 -1.743400e-01 0 15 65 1.135100e+01 4.290000e+00 -1.657200e+02 1.765900e+03 0
-3.560500e-01 3.627600e-01 -1.804400e-01 0 16 65 1.122600e+01 4.290000e+00 -4.226000e+02 1.402100e+03 0
3.609700e-01 3.169200e-01 -1.765900e-01 0 28 65 1.306300e+01 4.290000e+00 1.217300e+03 1.708500e+03 0
6.799100e-01 6.360300e-01 -2.033700e-01 0 29 65 1.463500e+01 4.290000e+00 1.294600e+03 9.688200e+02 0
6.725500e-01 7.344000e-01 -2.116300e-01 0 30 65 1.555500e+01 4.290000e+00 1.194400e+03 8.828600e+02 0
6.793700e-01 7.975600e-01 -2.169200e-01 0 31 65 1.569400e+01 4.290000e+00 1.155700e+03 8.407000e+02 0
6.766400e-01 8.336600e-01 -2.199500e-01 0 32 65 1.513100e+01 4.290000e+00 1.130700e+03 8.196900e+02 0
6.810000e-01 8.733900e-01 -2.232900e-01 0 33 65 1.354800e+01 4.290000e+00 1112 7.989700e+02 0
7.606700e-01 8.050000e-01 -2.175500e-01 0 35 65 1.129900e+01 4.290000e+00 1226 8.381000e+02 0
-8.498900e-01 8.682900e-01 -2.228600e-01 0 36 65 1.177400e+01 4.290000e+00 -9.606400e+01 7.731700e+02 0
-8.643500e-01 8.745300e-01 -2.233800e-01 0 37 65 1.223600e+01 4.290000e+00 -1.007600e+02 7.702100e+02 0
-8.782700e-01 8.614800e-01 -2.222900e-01 0 38 65 1.182400e+01 4.290000e+00 -1.238500e+02 7.756700e+02 0
-8.916400e-01 8.021100e-01 -2.173100e-01 0 39 65 1.046900e+01 4.290000e+00 -1.986700e+02 8.038200e+02 0
0 0 -1.500000e-01 3.204100e-02 1 66 1.575400e+01 4.290000e+00 2167 -3.612800e+03 0
-7.202900e-02 1.125500e-01 -1.594400e-01 3.204100e-02 5 66 1.413600e+01 4.290000e+00 -3093 7697 0
-1.585200e-01 1.859200e-01 -1.656000e-01 3.204100e-02 8 66 1.332600e+01 4.290000e+00 -1098 2.954500e+03 0
-2.008100e-01 1.917300e-01 -1.660900e-01 3.204100e-02 9 66 1.264600e+01 4.290000e+00 -1.210200e+03 2806 0
-2.504700e-01 1.826900e-01 -1.653300e-01 3.204100e-02 10 66 1.262200e+01 4.290000e+00 -1.600400e+03 2.955900e+03 0
-2.619200e-01 2.224900e-01 -1.686700e-01 3.204100e-02 11 66 1.214700e+01 4.290000e+00 -1.060200e+03 2.305700e+03 0
-2.881200e-01 2.351200e-01 -1.697300e-01 3.204100e-02 12 66 1.165900e+01 4.290000e+00 -1.019100e+03 2.155600e+03 0
-3.044900e-01 2.860600e-01 -1.740000e-01 3.204100e-02 13 66 1.087700e+01 4.290000e+00 -669 1.751700e+03 0
-3.014900e-01 3.015700e-01 -1.753100e-01 3.204100e-02 14 66 1.045800e+01 4.290000e+00 -5.726000e+02 1.664900e+03 0
3.536000e-01 3.633600e-01 -1.804900e-01 3.204100e-02 28 66 1.207600e+01 4.290000e+00 1.112300e+03 1.490500e+03 0
6.722700e-01 6.427600e-01 -2.039400e-01 3.204100e-02 29 66 1.363200e+01 4.290000e+00 1278 9.616800e+02 0
6.725500e-01 7.346800e-01 -2.116500e-01 3.204100e-02 30 66 1.458000e+01 4.290000e+00 1.194200e+03 8.826600e+02 0
6.711800e-01 8.044600e-01 -2.175000e-01 3.204100e-02 31 66 1.474200e+01 4.290000e+00 1.143600e+03 8.363400e+02 0
6.766400e-01 8.337100e-01 -2.199600e-01 3.204100e-02 32 66 1.421600e+01 4.290000e+00 1.130600e+03 8.196600e+02 0
6.810000e-01 8.695800e-01 -2.229700e-01 3.204100e-02 33 66 1.273800e+01 4.290000e+00 1114 8.008700e+02 0
7.792300e-01 8.117100e-01 -2.181100e-01 3.204100e-02 35 66 1.027600e+01 4.290000e+00 1238 8.345100e+02 0
-8.498900e-01 8.637800e-01 -2.224800e-01 3.204100e-02 36 66 1.106900e+01 4.290000e+00 -1.004200e+02 7.751500e+02 0
-8.643500e-01 8.586500e-01 -2.220500e-01 3.204100e-02 37 66 1.149400e+01 4.290000e+00 -1.162800e+02 7.771800e+02 0
-8.883600e-01 8.176900e-01 -2.186100e-01 3.204100e-02 38 66 1.114400e+01 4.290000e+00 -1.781100e+02 7.960200e+02 0
-9.331100e-01 6.477800e-01 -2.043600e-01 3.204100e-02 39 66 9.879100e+00 4.290000e+00 -4.679900e+02 9.024500e+02 0
0 0 -1.500000e-01 6.408200e-02 1 67 1.050600e+01 4.290000e+00 2167 -3.612800e+03 0
3.328600e-02 1.017500e-02 -1.508500e-01 6.408200e-02 2 67 9.893500e+00 4.290000e+00 2.046300e+03 -4.175100e+03 0
6.630000e-01 8.103800e-01 -2.180000e-01 6.408200e-02 31 67 9.857800e+00 4.290000e+00 1.132400e+03 8.326400e+02 0
6.935500e-01 8.208800e-01 -2.188800e-01 6.408200e-02 32 67 9.588500e+00 4.290000e+00 1.153600e+03 8.272400e+02 0
-5.947900e-02 7.582100e+00 -7.862300e-01 -1.025300e+00 219 33 1.098200e+01 4.290000e+00 6.745700e+02 4.527600e+02 1
-1.195000e-01 7.578000e+00 -7.858800e-01 -1.025300e+00 220 33 1.153000e+01 4.290000e+00 6.694700e+02 4.527500e+02 1
-1.800700e-01 7.595800e+00 -7.873800e-01 -1.025300e+00 221 33 1.110000e+01 4.290000e+00 6.644200e+02 4.526300e+02 1
-1.808900e-01 7.715500e+00 -7.974300e-01 -1.025300e+00 222 33 1.027000e+01 4.290000e+00 6.648100e+02 4.520100e+02 1
0 7.567300e+00 -7.849900e-01 -9.932700e-01 218 34 1.041500e+01 4.290000e+00 6.795800e+02 4.528600e+02 1
-5.947900e-02 7.591500e+00 -7.870200e-01 -9.932700e-01 219 34 1.223200e+01 4.290000e+00 6.745900e+02 4.527100e+02 1
-1.195000e-01 7.609900e+00 -7.885700e-01 -9.932700e-01 220 34 1.275000e+01 4.290000e+00 6.695800e+02 4.525800e+02 1
-1.200500e-01 7.604400e+00 -7.881000e-01 -9.932700e-01 221 34 1.200200e+01 4.290000e+00 6.695100e+02 4.526100e+02 1
-1.205900e-01 7.704000e+00 -7.964600e-01 -9.932700e-01 222 34 1.053700e+01 4.290000e+00 6.697900e+02 4.521000e+02 1
-1.817100e-01 7.748200e+00 -8.001700e-01 -9.932700e-01 223 34 1.095200e+01 4.290000e+00 6.648700e+02 4.518400e+02 1
-2.433700e-01 7.623900e+00 -7.897400e-01 -9.932700e-01 224 34 1.019500e+01 4.290000e+00 6.592000e+02 4.524500e+02 1
-5.947900e-02 7.607400e+00 -7.883500e-01 -9.612300e-01 219 35 1.152300e+01 4.290000e+00 6.746300e+02 4.526300e+02 1
-5.975200e-02 7.623100e+00 -7.896700e-01 -9.612300e-01 220 35 1.203200e+01 4.290000e+00 6.746500e+02 4.525400e+02 1
-6.002400e-02 7.632100e+00 -7.904300e-01 -9.612300e-01 221 35 1.120100e+01 4.290000e+00 6.746500e+02 4.525000e+02 1
-2.422800e-01 7.717400e+00 -7.975800e-01 -9.612300e-01 223 35 1.040500e+01 4.290000e+00 6.597200e+02 4.519700e+02 1
0 0 -1.500000e-01 -4.485700e-01 1 51 9.488900e+00 4.290000e+00 2167 -3.612800e+03 0
6.050500e+00 1.053800e+00 -2.384300e-01 -4.485700e-01 177 51 1.021500e+01 4.290000e+00 5512 8.140900e+02 0
5.891700e+00 1.856400e+00 -3.057800e-01 -4.485700e-01 178 51 1.074100e+01 4.290000e+00 2992 6.094200e+02 0
5.779300e+00 2.248100e+00 -3.386500e-01 -4.485700e-01 179 51 1.042000e+01 4.290000e+00 2497 5.700900e+02 0
5.843400e+00 2.015500e+00 -3.191300e-01 -4.165300e-01 178 52 1.027700e+01 4.290000e+00 2.762800e+03 5.912800e+02 0
0 0 -1.500000e-01 -9.612300e-02 1 62 9.730400e+00 4.290000e+00 2167 -3.612800e+03 0
7.020100e-01 7.744900e-01 -2.149900e-01 -9.612300e-02 32 62 9.778700e+00 4.290000e+00 1.193200e+03 8.558200e+02 0
7.159300e-01 8.104900e-01 -2.180100e-01 -9.612300e-02 33 62 9.794300e+00 4.290000e+00 1.180800e+03 8.337800e+02 0
0 0 -1.500000e-01 -6.408200e-02 1 63 9.966300e+00 4.290000e+00 2167 -3.612800e+03 0
4.911100e-03 3.399600e-02 -1.528500e-01 -6.408200e-02 2 63 9.356300e+00 4.290000e+00 3.328200e+03 -6.999200e+03 0
6.329800e-01 7.901500e-01 -2.163000e-01 -6.408200e-02 30 63 1.030500e+01 4.290000e+00 1.117100e+03 8.441500e+02 0
6.548100e-01 7.942900e-01 -2.166500e-01 -6.408200e-02 31 63 1.075000e+01 4.290000e+00 1.134900e+03 8.421200e+02 0
7.020100e-01 7.491800e-01 -2.128700e-01 -6.408200e-02 32 63 1.046500e+01 4.290000e+00 1.212600e+03 8.730200e+02 0
7.246600e-01 8.054400e-01 -2.175900e-01 -6.408200e-02 33 63 1.013100e+01 4.290000e+00 1.192300e+03 8.369900e+02 0
7.293000e-01 8.343100e-01 -2.200100e-01 -6.408200e-02 34 63 9.649700e+00 4.290000e+00 1.176900e+03 8.204600e+02 0
0 0 -1.500000e-01 -3.204100e-02 1 64 1.576200e+01 4.290000e+00 2167 -3.612800e+03 0
-7.093800e-02 1.124000e-01 -1.594300e-01 -3.204100e-02 5 64 1.413100e+01 4.290000e+00 -3.093100e+03 7730 0
-1.585200e-01 1.860800e-01 -1.656100e-01 -3.204100e-02 8 64 1.328100e+01 4.290000e+00 -1.095400e+03 2.950900e+03 0
-2.008100e-01 1.910400e-01 -1.660300e-01 -3.204100e-02 9 64 1.257900e+01 4.290000e+00 -1.220800e+03 2.819200e+03 0
-2.480100e-01 1.863700e-01 -1.656400e-01 -3.204100e-02 10 64 1.256500e+01 4.290000e+00 -1.518900e+03 2880 0
-2.619200e-01 2.216200e-01 -1.686000e-01 -3.204100e-02 11 64 1.204700e+01 4.290000e+00 -1070 2.316200e+03 0
-2.881200e-01 2.323800e-01 -1.695000e-01 -3.204100e-02 12 64 1.162500e+01 4.290000e+00 -1.047100e+03 2.184100e+03 0
-3.110400e-01 2.776800e-01 -1.733000e-01 -3.204100e-02 13 64 1.084700e+01 4.290000e+00 -7.404600e+02 1.802700e+03 0
-3.050300e-01 3.024700e-01 -1.753800e-01 -3.204100e-02 14 64 1.048700e+01 4.290000e+00 -5.766500e+02 1.659600e+03 0
3.609700e-01 3.089100e-01 -1.759200e-01 -3.204100e-02 28 64 12 4.290000e+00 1.236100e+03 1.755100e+03 0
6.799100e-01 6.354800e-01 -2.033200e-01 -3.204100e-02 29 64 1.359000e+01 4.290000e+00 1.295200e+03 9.693900e+02 0
6.804600e-01 7.249500e-01 -2.108300e-01 -3.204100e-02 30 64 1.446800e+01 4.290000e+00 1.210200e+03 8.901600e+02 0
6.793700e-01 7.973700e-01 -2.169100e-01 -3.204100e-02 31 64 1.455700e+01 4.290000e+00 1.155800e+03 8.408100e+02 0
6.766400e-01 8.365700e-01 -2.202000e-01 -3.204100e-02 32 64 1.391300e+01 4.290000e+00 1.128900e+03 8.180900e+02 0
6.635400e-01 8.940900e-01 -2.250200e-01 -3.204100e-02 33 64 1.217600e+01 4.290000e+00 1.086900e+03 7.886300e+02 0
7.653100e-01 7.523900e-01 -2.131300e-01 -3.204100e-02 34 64 1.063200e+01 4.290000e+00 1.273500e+03 8.724700e+02 0
7.421200e-01 7.739400e-01 -2.149400e-01 -3.204100e-02 35 64 1.035700e+01 4.290000e+00 1.232500e+03 8.572000e+02 0
-8.594400e-01 8.625000e-01 -2.223700e-01 -3.204100e-02 36 64 1.049700e+01 4.290000e+00 -1.088000e+02 7.755500e+02 0
-8.643500e-01 8.844700e-01 -2.242200e-01 -3.204100e-02 37 64 1.100600e+01 4.290000e+00 -9.134600e+01 7.659800e+02 0
-8.782700e-01 8.904400e-01 -2.247200e-01 -3.204100e-02 38 64 1.067800e+01 4.290000e+00 -9.584100e+01 7.632600e+02 0
