0 0 -1.500000e-01 0 1 65 1.677100e+01 2.340000e+00 2167 -3.612800e+03 0
-7.093800e-02 1.130300e-01 -1.555400e-01 0 5 65 1.515600e+01 2.340000e+00 -3.021300e+03 7.531200e+03 0
-1.585200e-01 1.859500e-01 -1.591200e-01 0 8 65 1.428600e+01 2.340000e+00 -1.093800e+03 2.913900e+03 0
-1.986300e-01 1.947700e-01 -1.595500e-01 0 9 65 1.364200e+01 2.340000e+00 -1.151200e+03 2.712300e+03 0
-2.480100e-01 1.870100e-01 -1.591700e-01 0 10 65 1.360700e+01 2.340000e+00 -1.502600e+03 2.828400e+03 0
-2.619200e-01 2.227400e-01 -1.609200e-01 0 11 65 1.303700e+01 2.340000e+00 -1.054200e+03 2.268500e+03 0
-2.851200e-01 2.378000e-01 -1.616600e-01 0 12 65 1.264600e+01 2.340000e+00 -9.796300e+02 2097 0
-3.012100e-01 2.862500e-01 -1.640400e-01 0 13 65 1.188700e+01 2.340000e+00 -6.569800e+02 1.721200e+03 0
-3.014900e-01 3.033800e-01 -1.648800e-01 0 14 65 1.151500e+01 2.340000e+00 -5.610800e+02 1.626100e+03 0
-1.222300e-01 3.007900e-01 -1.647500e-01 0 15 65 1.119000e+01 2.340000e+00 -1.143500e+02 1.673200e+03 0
3.536000e-01 3.755000e-01 -1.684100e-01 0 28 65 1.311100e+01 2.340000e+00 1.093600e+03 1.415600e+03 0
6.722700e-01 6.465800e-01 -1.817100e-01 0 29 65 1.468800e+01 2.340000e+00 1.272600e+03 9.318200e+02 0
6.725500e-01 7.380100e-01 -1.861900e-01 0 30 65 1.562100e+01 2.340000e+00 1.190400e+03 8.548500e+02 0
6.711800e-01 8.044400e-01 -1.894500e-01 0 31 65 1.579600e+01 2.340000e+00 1.142500e+03 8.113600e+02 0
6.766400e-01 8.315700e-01 -1.907800e-01 0 32 65 1.527500e+01 2.340000e+00 1.130800e+03 7.959900e+02 0
6.810000e-01 8.638800e-01 -1.923600e-01 0 33 65 1.379500e+01 2.340000e+00 1.116100e+03 7.790500e+02 0
7.514000e-01 8.768800e-01 -1.930000e-01 0 35 65 1.105100e+01 2.340000e+00 1.167900e+03 7.738800e+02 0
-8.212400e-01 9.046900e-01 -1.943600e-01 0 36 65 1.151200e+01 2.340000e+00 -4.136600e+01 7.353100e+02 0
-8.447100e-01 9.012900e-01 -1.942000e-01 0 37 65 1.200300e+01 2.340000e+00 -6.104600e+01 7.363200e+02 0
-8.782700e-01 8.652500e-01 -1.924300e-01 0 38 65 1.147300e+01 2.340000e+00 -1.191600e+02 7.509200e+02 0
0 0 -1.500000e-01 3.204100e-02 1 66 1.574300e+01 2.340000e+00 2167 -3.612800e+03 0
-7.093800e-02 1.130300e-01 -1.555400e-01 3.204100e-02 5 66 1.413500e+01 2.340000e+00 -3.021200e+03 7.531100e+03 0
-1.585200e-01 1.857700e-01 -1.591100e-01 3.204100e-02 8 66 1.325600e+01 2.340000e+00 -1.096500e+03 2.917800e+03 0
-2.008100e-01 1.926400e-01 -1.594500e-01 3.204100e-02 9 66 1.259800e+01 2.340000e+00 -1.192500e+03 2.750300e+03 0
-2.480100e-01 1.880000e-01 -1.592200e-01 3.204100e-02 10 66 1.253700e+01 2.340000e+00 -1.484900e+03 2.808700e+03 0
-2.592000e-01 2.287800e-01 -1.612200e-01 3.204100e-02 11 66 1.197400e+01 2.340000e+00 -9.800400e+02 2.200300e+03 0
-2.821100e-01 2.471700e-01 -1.621200e-01 3.204100e-02 12 66 1.156300e+01 2.340000e+00 -8.842500e+02 2.010500e+03 0
-3.012100e-01 2.886800e-01 -1.641600e-01 3.204100e-02 13 66 1.084300e+01 2.340000e+00 -6.423900e+02 1.706800e+03 0
-4.185300e-01 1.451600e-01 -1.571200e-01 3.204100e-02 14 66 1.050100e+01 2.340000e+00 -3.706100e+03 3.858900e+03 0
3.536000e-01 3.941000e-01 -1.693300e-01 3.204100e-02 28 66 1.213300e+01 2.340000e+00 1.069500e+03 1.353900e+03 0
6.799100e-01 6.413600e-01 -1.814500e-01 3.204100e-02 29 66 1.369700e+01 2.340000e+00 1.287300e+03 9.372700e+02 0
6.725500e-01 7.372800e-01 -1.861500e-01 3.204100e-02 30 66 1.460200e+01 2.340000e+00 1.190900e+03 8.553800e+02 0
6.711800e-01 8.044700e-01 -1.894500e-01 3.204100e-02 31 66 1.476600e+01 2.340000e+00 1.142500e+03 8.113400e+02 0
6.766400e-01 8.326000e-01 -1.908300e-01 3.204100e-02 32 66 1.423300e+01 2.340000e+00 1.130200e+03 7.954200e+02 0
6.810000e-01 8.665400e-01 -1.924900e-01 3.204100e-02 33 66 1.272300e+01 2.340000e+00 1.114600e+03 7.777100e+02 0
7.050100e-01 9.138900e-01 -1.948100e-01 3.204100e-02 35 66 1.022900e+01 2.340000e+00 1.109300e+03 7.557500e+02 0
-8.403400e-01 8.825700e-01 -1.932800e-01 3.204100e-02 36 66 1.055400e+01 2.340000e+00 -7.475200e+01 7.441000e+02 0
-8.643500e-01 8.579600e-01 -1.920700e-01 3.204100e-02 37 66 1.089300e+01 2.340000e+00 -1.160300e+02 7.543800e+02 0
-8.984600e-01 7.504600e-01 -1.868000e-01 3.204100e-02 38 66 1.030800e+01 2.340000e+00 -2.686000e+02 8.088900e+02 0
5.760700e+00 8.994200e+00 -5.910400e-01 -7.049000e-01 307 43 9.959500e+00 2.340000e+00 1.100900e+03 4.266300e+02 1
6.114600e+00 8.763500e+00 -5.797300e-01 -7.049000e-01 308 43 1.013600e+01 2.340000e+00 1.139100e+03 4.276900e+02 1
6.302600e+00 8.689400e+00 -5.760900e-01 -7.049000e-01 309 43 1.006100e+01 2.340000e+00 1.157500e+03 4.280700e+02 1
6.238700e+00 8.797900e+00 -5.814100e-01 -7.049000e-01 310 43 9.999000e+00 2.340000e+00 1.146800e+03 4.275800e+02 1
-3.405000e-01 2.516400e+00 -2.734000e-01 -6.728600e-01 79 44 1.003100e+01 2.340000e+00 5.612200e+02 5.121800e+02 0
-3.879800e-01 2.651900e+00 -2.800400e-01 -6.728600e-01 80 44 1.032300e+01 2.340000e+00 5.565800e+02 5.057800e+02 0
-4.365400e-01 2.659700e+00 -2.804200e-01 -6.728600e-01 81 44 9.909500e+00 2.340000e+00 5.452100e+02 5.053400e+02 0
6.074700e+00 8.713900e+00 -5.773000e-01 -6.728600e-01 306 44 1.033300e+01 2.340000e+00 1.138600e+03 4.278900e+02 1
6.094700e+00 8.713000e+00 -5.772500e-01 -6.728600e-01 307 44 1.144800e+01 2.340000e+00 1.140200e+03 4.279000e+02 1
6.114600e+00 8.738000e+00 -5.784800e-01 -6.728600e-01 308 44 1.161800e+01 2.340000e+00 1.140400e+03 4.278000e+02 1
6.134500e+00 8.771800e+00 -5.801300e-01 -6.728600e-01 309 44 1.140700e+01 2.340000e+00 1.140200e+03 4.276600e+02 1
6.238700e+00 8.768000e+00 -5.799500e-01 -6.728600e-01 310 44 1.117800e+01 2.340000e+00 1.148300e+03 4.277100e+02 1
6.343500e+00 8.764300e+00 -5.797700e-01 -6.728600e-01 311 44 1.047900e+01 2.340000e+00 1.156600e+03 4.277600e+02 1
6.241200e+00 8.477100e+00 1.625600e+00 -6.408200e-01 306 45 1.019300e+01 2.340000e+00 1157 2.668500e+02 0
6.178100e+00 8.660800e+00 -5.746900e-01 -6.408200e-01 307 45 1.112900e+01 2.340000e+00 1.149500e+03 4.281500e+02 1
6.114600e+00 8.785300e+00 -5.808000e-01 -6.408200e-01 308 45 1.115300e+01 2.340000e+00 1.137900e+03 4.276000e+02 1
5.966400e+00 8.941800e+00 -5.884700e-01 -6.408200e-01 309 45 1.066800e+01 2.340000e+00 1.118800e+03 4.269000e+02 1
5.901500e+00 9.031400e+00 -5.928700e-01 -6.408200e-01 310 45 1.023700e+01 2.340000e+00 1.109600e+03 4.265200e+02 1
-6.983600e+00 8.837900e+00 -5.833800e-01 -4.806200e-01 325 50 1.078700e+01 2.340000e+00 1.883500e+02 4.234700e+02 1
-7.093800e+00 8.833100e+00 -5.831400e-01 -4.806200e-01 326 50 1.123600e+01 2.340000e+00 1.805000e+02 4.234500e+02 1
-7.115600e+00 8.870500e+00 -5.849700e-01 -4.806200e-01 327 50 1.091500e+01 2.340000e+00 1.811300e+02 4.233100e+02 1
-6.895200e+00 8.580100e+00 2.621200e+00 -4.485700e-01 325 51 1.023300e+01 2.340000e+00 1.842800e+02 2.039000e+02 0
-6.916400e+00 8.719500e+00 2.226600e+00 -4.485700e-01 326 51 1.062800e+01 2.340000e+00 1.901700e+02 2.328400e+02 0
-7.026700e+00 8.686600e+00 2.188000e+00 -4.485700e-01 327 51 1.023500e+01 2.340000e+00 1.806600e+02 2.350200e+02 0
0 0 -1.500000e-01 -6.408200e-02 1 63 9.758700e+00 2.340000e+00 2167 -3.612800e+03 0
6.466300e-01 8.210800e-01 -1.902600e-01 -6.408200e-02 31 63 1.016800e+01 2.340000e+00 1.110200e+03 8.012200e+02 0
6.935500e-01 8.074000e-01 -1.895900e-01 -6.408200e-02 32 63 1.033700e+01 2.340000e+00 1.161200e+03 8.101100e+02 0
7.333900e-01 8.240000e-01 -1.904100e-01 -6.408200e-02 33 63 9.979700e+00 2.340000e+00 1.186200e+03 8.013800e+02 0
0 0 -1.500000e-01 -3.204100e-02 1 64 1.577300e+01 2.340000e+00 2167 -3.612800e+03 0
-7.093800e-02 1.130100e-01 -1.555400e-01 -3.204100e-02 5 64 1.414500e+01 2.340000e+00 -3.022900e+03 7.534300e+03 0
-1.585200e-01 1.860400e-01 -1.591200e-01 -3.204100e-02 8 64 1.327000e+01 2.340000e+00 -1.092300e+03 2.911900e+03 0
-1.986300e-01 1.947000e-01 -1.595500e-01 -3.204100e-02 9 64 1.264400e+01 2.340000e+00 -1.152200e+03 2.713600e+03 0
-2.480100e-01 1.872600e-01 -1.591800e-01 -3.204100e-02 10 64 1.262700e+01 2.340000e+00 -1.498200e+03 2.823500e+03 0
-2.619200e-01 2.231200e-01 -1.609400e-01 -3.204100e-02 11 64 1.209300e+01 2.340000e+00 -1050 2264 0
-2.851200e-01 2.376700e-01 -1.616500e-01 -3.204100e-02 12 64 1.170600e+01 2.340000e+00 -9.808500e+02 2.098200e+03 0
-3.012100e-01 2.852300e-01 -1.639900e-01 -3.204100e-02 13 64 1.094900e+01 2.340000e+00 -6.632200e+02 1.727300e+03 0
-3.014900e-01 3.144300e-01 -1.654200e-01 -3.204100e-02 14 64 1.049500e+01 2.340000e+00 -5.057500e+02 1.571700e+03 0
3.536000e-01 3.708600e-01 -1.681900e-01 -3.204100e-02 28 64 1.206100e+01 2.340000e+00 1.100100e+03 1.432300e+03 0
6.722700e-01 6.468600e-01 -1.817200e-01 -3.204100e-02 29 64 1.366300e+01 2.340000e+00 1.272300e+03 9.315400e+02 0
6.725500e-01 7.391300e-01 -1.862400e-01 -3.204100e-02 30 64 1.463000e+01 2.340000e+00 1.189500e+03 8.540400e+02 0
6.711800e-01 8.043100e-01 -1.894400e-01 -3.204100e-02 31 64 1.482200e+01 2.340000e+00 1.142600e+03 8.114400e+02 0
6.766400e-01 8.289200e-01 -1.906500e-01 -3.204100e-02 32 64 1.432200e+01 2.340000e+00 1.132400e+03 7.974500e+02 0
6.810000e-01 8.561900e-01 -1.919800e-01 -3.204100e-02 33 64 1.287100e+01 2.340000e+00 1.120400e+03 7.829700e+02 0
7.699500e-01 8.368800e-01 -1.910400e-01 -3.204100e-02 35 64 1.038100e+01 2.340000e+00 1210 7.949800e+02 0
-7.830500e-01 9.379500e-01 -1.959900e-01 -3.204100e-02 36 64 1.060200e+01 2.340000e+00 1.231700e+01 7.230300e+02 0
-8.250600e-01 9.358600e-01 -1.958900e-01 -3.204100e-02 37 64 1.107900e+01 2.340000e+00 -1.823200e+01 7.232200e+02 0
-8.580800e-01 9.196500e-01 -1.951000e-01 -3.204100e-02 38 64 1.055700e+01 2.340000e+00 -5.453000e+01 7.288900e+02 0
