0 0 -1.500000e-01 0 1 65 1.674500e+01 4.110000e+00 2167 -3.612800e+03 0
-7.093800e-02 1.130900e-01 -1.594900e-01 0 5 65 1.515100e+01 4.110000e+00 -3.030200e+03 7.608500e+03 0
-1.585200e-01 1.860100e-01 -1.656100e-01 0 8 65 1.428900e+01 4.110000e+00 -1.096500e+03 2.952400e+03 0
-2.008100e-01 1.918100e-01 -1.661000e-01 0 9 65 1.363800e+01 4.110000e+00 -1209 2.804400e+03 0
-2.480100e-01 1.867700e-01 -1.656700e-01 0 10 65 1.359300e+01 4.110000e+00 -1.511600e+03 2.871900e+03 0
-2.619200e-01 2.214100e-01 -1.685800e-01 0 11 65 1.305500e+01 4.110000e+00 -1.072400e+03 2.318800e+03 0
-2.881200e-01 2.286600e-01 -1.691900e-01 0 12 65 1.263900e+01 4.110000e+00 -1.086500e+03 2.224200e+03 0
-3.044900e-01 2.811900e-01 -1.736000e-01 0 13 65 1.189300e+01 4.110000e+00 -6.995900e+02 1.781700e+03 0
-3.050300e-01 3.085900e-01 -1.758900e-01 0 14 65 1.150600e+01 4.110000e+00 -5.448900e+02 1.628400e+03 0
-1.184100e-01 3.348600e-01 -1.781000e-01 0 15 65 1.125100e+01 4.110000e+00 -2.531800e+00 1.538100e+03 0
3.536000e-01 2.986100e-01 -1.750600e-01 0 28 65 1.305500e+01 4.110000e+00 1.239600e+03 1.818400e+03 0
6.799100e-01 6.395000e-01 -2.036600e-01 0 29 65 1.463400e+01 4.110000e+00 1.290800e+03 9.652700e+02 0
6.725500e-01 7.369000e-01 -2.118300e-01 0 30 65 1.558000e+01 4.110000e+00 1.192500e+03 8.810300e+02 0
6.793700e-01 7.975700e-01 -2.169300e-01 0 31 65 1.574800e+01 4.110000e+00 1.155700e+03 8.406900e+02 0
6.766400e-01 8.321500e-01 -2.198300e-01 0 32 65 1.522800e+01 4.110000e+00 1.131600e+03 8.205200e+02 0
6.810000e-01 8.684200e-01 -2.228700e-01 0 33 65 1.373200e+01 4.110000e+00 1.114700e+03 8.014600e+02 0
7.514000e-01 8.547700e-01 -2.217300e-01 0 35 65 1.112500e+01 4.110000e+00 1.182900e+03 8.099000e+02 0
-8.403400e-01 8.621900e-01 -2.223500e-01 0 36 65 1.181400e+01 4.110000e+00 -9.483100e+01 7.760200e+02 0
-8.643500e-01 8.599300e-01 -2.221600e-01 0 37 65 1.224300e+01 4.110000e+00 -115 7.766100e+02 0
-8.984600e-01 8.137100e-01 -2.182800e-01 0 38 65 1.182600e+01 4.110000e+00 -1.905800e+02 7.978000e+02 0
-9.642100e-01 6.724100e-01 -2.064200e-01 0 39 65 1.044400e+01 4.110000e+00 -4.520700e+02 8.824100e+02 0
0 0 -1.500000e-01 3.204100e-02 1 66 1.573000e+01 4.110000e+00 2167 -3.612800e+03 0
-7.202900e-02 1.129800e-01 -1.594800e-01 3.204100e-02 5 66 1.413500e+01 4.110000e+00 -3.053500e+03 7621 0
-1.585200e-01 1.860200e-01 -1.656100e-01 3.204100e-02 8 66 1.331400e+01 4.110000e+00 -1.096300e+03 2.952100e+03 0
-2.008100e-01 1.917900e-01 -1.660900e-01 3.204100e-02 9 66 1.264600e+01 4.110000e+00 -1.209300e+03 2.804900e+03 0
-2.480100e-01 1.875800e-01 -1.657400e-01 3.204100e-02 10 66 1.261100e+01 4.110000e+00 -1497 2.855600e+03 0
-2.592000e-01 2.262900e-01 -1.689900e-01 3.204100e-02 11 66 1.208300e+01 4.110000e+00 -1.009100e+03 2.262200e+03 0
-2.851200e-01 2.325000e-01 -1.695100e-01 3.204100e-02 12 66 1.167200e+01 4.110000e+00 -1.035500e+03 2184 0
-3.012100e-01 2.821000e-01 -1.736700e-01 3.204100e-02 13 66 1.092200e+01 4.110000e+00 -6.849400e+02 1.776800e+03 0
-3.050300e-01 3.122600e-01 -1.762000e-01 3.204100e-02 14 66 1.056400e+01 4.110000e+00 -5.265900e+02 1.610500e+03 0
3.536000e-01 3.012700e-01 -1.752800e-01 3.204100e-02 28 66 1.202900e+01 4.110000e+00 1.232900e+03 1.801100e+03 0
6.799100e-01 6.388600e-01 -2.036100e-01 3.204100e-02 29 66 1.362600e+01 4.110000e+00 1.291500e+03 9.659200e+02 0
6.725500e-01 7.354600e-01 -2.117100e-01 3.204100e-02 30 66 1.454500e+01 4.110000e+00 1.193600e+03 8.820800e+02 0
6.793700e-01 7.975800e-01 -2.169300e-01 3.204100e-02 31 66 1.469800e+01 4.110000e+00 1.155700e+03 8.406900e+02 0
6.766400e-01 8.330700e-01 -2.199000e-01 3.204100e-02 32 66 1.416100e+01 4.110000e+00 1131 8.200100e+02 0
6.810000e-01 8.688500e-01 -2.229100e-01 3.204100e-02 33 66 1.263700e+01 4.110000e+00 1.114400e+03 8.012400e+02 0
7.235700e-01 8.434200e-01 -2.207700e-01 3.204100e-02 35 66 1.024100e+01 4.110000e+00 1166 8.153600e+02 0
-8.116900e-01 8.865200e-01 -2.243900e-01 3.204100e-02 36 66 1.102900e+01 4.110000e+00 -5.115900e+01 766 0
-8.545300e-01 8.621000e-01 -2.223400e-01 3.204100e-02 37 66 1.137800e+01 4.110000e+00 -1.055200e+02 7.758100e+02 0
-8.984600e-01 7.778700e-01 -2.152700e-01 3.204100e-02 38 66 1.087600e+01 4.110000e+00 -2.337900e+02 8.165800e+02 0
-1.173200e-01 7.507500e+00 -7.799700e-01 -1.025300e+00 216 33 1.084900e+01 4.110000e+00 6.694300e+02 4.531300e+02 1
-2.357300e-01 7.528800e+00 -7.817600e-01 -1.025300e+00 217 33 1.178700e+01 4.110000e+00 6.594100e+02 4.529600e+02 1
-2.368200e-01 7.532300e+00 -7.820500e-01 -1.025300e+00 218 33 1.178200e+01 4.110000e+00 6.593300e+02 4.529400e+02 1
-1.784400e-01 7.561500e+00 -7.845000e-01 -1.025300e+00 219 33 1.133800e+01 4.110000e+00 6.644200e+02 4.528100e+02 1
-1.195000e-01 7.638800e+00 -7.909900e-01 -1.025300e+00 220 33 1.091000e+01 4.110000e+00 6.696700e+02 4.524300e+02 1
-1.096800e-01 2.307300e+00 -3.436100e-01 -9.932700e-01 68 34 9.978900e+00 4.110000e+00 6.141600e+02 5.462500e+02 0
-2.346400e-01 7.486500e+00 -7.782000e-01 -9.932700e-01 216 34 1.201900e+01 4.110000e+00 6.593000e+02 4.531900e+02 1
-2.357300e-01 7.520400e+00 -7.810500e-01 -9.932700e-01 217 34 1.285400e+01 4.110000e+00 6.593700e+02 453 1
-2.368200e-01 7.530600e+00 -7.819100e-01 -9.932700e-01 218 34 1.250500e+01 4.110000e+00 6.593200e+02 4.529500e+02 1
-2.379100e-01 7.590200e+00 -7.869100e-01 -9.932700e-01 219 34 1.168400e+01 4.110000e+00 6.595100e+02 4.526300e+02 1
-1.792500e-01 7.643900e+00 -7.914200e-01 -9.932700e-01 220 34 1.200900e+01 4.110000e+00 6.646700e+02 4.523800e+02 1
-1.800700e-01 7.655800e+00 -7.924200e-01 -9.932700e-01 221 34 1.122800e+01 4.110000e+00 6.646500e+02 4.523200e+02 1
-4.220800e-01 7.665200e+00 -7.932000e-01 -9.932700e-01 222 34 1.009700e+01 4.110000e+00 6.444600e+02 4.521600e+02 1
-1.096800e-01 2.316800e+00 -3.444000e-01 -9.612300e-01 68 35 1.021100e+01 4.110000e+00 6.144900e+02 5.456900e+02 0
-2.346400e-01 7.485100e+00 -7.780900e-01 -9.612300e-01 216 35 1.127700e+01 4.110000e+00 6.593000e+02 4.531900e+02 1
-2.357300e-01 7.524500e+00 -7.814000e-01 -9.612300e-01 217 35 1.197000e+01 4.110000e+00 6.593900e+02 4.529800e+02 1
-2.368200e-01 7.537000e+00 -7.824500e-01 -9.612300e-01 218 35 1.129300e+01 4.110000e+00 6.593500e+02 4.529100e+02 1
-1.195000e-01 7.646000e+00 -7.915900e-01 -9.612300e-01 220 35 1.119900e+01 4.110000e+00 6.696900e+02 4.524000e+02 1
-1.200500e-01 7.672200e+00 -7.937900e-01 -9.612300e-01 221 35 1.070200e+01 4.110000e+00 6.697300e+02 4.522600e+02 1
5.968300e+00 1.129600e+00 -2.447900e-01 -4.165300e-01 176 52 1.060500e+01 4.110000e+00 5.008500e+03 7.770600e+02 0
5.858400e+00 1.854300e+00 -3.056000e-01 -4.165300e-01 177 52 1.067700e+01 4.110000e+00 2.980100e+03 6.095100e+02 0
0 0 -1.500000e-01 -3.204100e-02 1 64 1.573100e+01 4.110000e+00 2167 -3.612800e+03 0
-7.093800e-02 1.125800e-01 -1.594500e-01 -3.204100e-02 5 64 1.413200e+01 4.110000e+00 -3.076400e+03 7.697700e+03 0
-1.585200e-01 1.860200e-01 -1.656100e-01 -3.204100e-02 8 64 1.323400e+01 4.110000e+00 -1.096300e+03 2.952100e+03 0
-2.008100e-01 1.920900e-01 -1.661200e-01 -3.204100e-02 9 64 1.259000e+01 4.110000e+00 -1.204700e+03 2.799100e+03 0
-2.480100e-01 1.864100e-01 -1.656400e-01 -3.204100e-02 10 64 1.254400e+01 4.110000e+00 -1.518200e+03 2.879300e+03 0
-2.619200e-01 2.208500e-01 -1.685300e-01 -3.204100e-02 11 64 1.207300e+01 4.110000e+00 -1.078700e+03 2.325700e+03 0
-2.881200e-01 2.291400e-01 -1.692300e-01 -3.204100e-02 12 64 1.155600e+01 4.110000e+00 -1.081300e+03 2.218900e+03 0
-3.077600e-01 2.802600e-01 -1.735200e-01 -3.204100e-02 13 64 1.074700e+01 4.110000e+00 -7.144900e+02 1.786900e+03 0
-3.085800e-01 2.941700e-01 -1.746800e-01 -3.204100e-02 14 64 1.047800e+01 4.110000e+00 -6.315300e+02 1.703700e+03 0
3.609700e-01 2.452300e-01 -1.705800e-01 -3.204100e-02 28 64 1.200800e+01 4.110000e+00 1453 2.292400e+03 0
6.799100e-01 6.410400e-01 -2.037900e-01 -3.204100e-02 29 64 1.362700e+01 4.110000e+00 1.289100e+03 9.637000e+02 0
6.725500e-01 7.390500e-01 -2.120200e-01 -3.204100e-02 30 64 1.460100e+01 4.110000e+00 1.190800e+03 8.794700e+02 0
6.793700e-01 7.974500e-01 -2.169200e-01 -3.204100e-02 31 64 1.479600e+01 4.110000e+00 1.155800e+03 8.407600e+02 0
6.851000e-01 8.236600e-01 -2.191200e-01 -3.204100e-02 32 64 1.431000e+01 4.110000e+00 1.144200e+03 8.254700e+02 0
6.810000e-01 8.646800e-01 -2.225600e-01 -3.204100e-02 33 64 1.287300e+01 4.110000e+00 1.116700e+03 8.033500e+02 0
-9.453800e-01 1.520500e-01 -1.627600e-01 -3.204100e-02 34 64 1.008500e+01 4.110000e+00 -5.786600e+03 3.111900e+03 0
7.699500e-01 8.536200e-01 -2.216300e-01 -3.204100e-02 35 64 1.014000e+01 4.110000e+00 1.199700e+03 8.108800e+02 0
-8.403400e-01 8.671100e-01 -2.227600e-01 -3.204100e-02 36 64 1.062700e+01 4.110000e+00 -9.010800e+01 7.738500e+02 0
-8.643500e-01 8.699100e-01 -2.230000e-01 -3.204100e-02 37 64 1.103200e+01 4.110000e+00 -1.052100e+02 7.722100e+02 0
-8.984600e-01 8.423200e-01 -2.206800e-01 -3.204100e-02 38 64 1.054400e+01 4.110000e+00 -1.588800e+02 7.840100e+02 0
