0 0 -1.500000e-01 0 1 65 1.676500e+01 2.990000e+00 2167 -3.612800e+03 0
-7.093800e-02 1.128300e-01 -1.570700e-01 0 5 65 1.515400e+01 2.990000e+00 -3.044700e+03 7.599800e+03 0
-1.585200e-01 1.860000e-01 -1.616600e-01 0 8 65 1.429800e+01 2.990000e+00 -1.094500e+03 2.928400e+03 0
-2.008100e-01 1.915900e-01 -1.620100e-01 0 9 65 1.364100e+01 2.990000e+00 -1.209900e+03 2.785200e+03 0
-2.480100e-01 1.860100e-01 -1.616600e-01 0 10 65 1.363100e+01 2.990000e+00 -1.522700e+03 2.863800e+03 0
-2.619200e-01 2.213700e-01 -1.638800e-01 0 11 65 1.310100e+01 2.990000e+00 -1.070900e+03 2.298500e+03 0
-2.851200e-01 2.364900e-01 -1.648200e-01 0 12 65 1.271300e+01 2.990000e+00 -9.935000e+02 2.122800e+03 0
-3.012100e-01 2.861300e-01 -1.679300e-01 0 13 65 1.196700e+01 2.990000e+00 -6.585700e+02 1.733700e+03 0
-3.014900e-01 2.987200e-01 -1.687200e-01 0 14 65 1.150100e+01 2.990000e+00 -5.867500e+02 1.662100e+03 0
-1.184100e-01 3.847000e-01 -1.741100e-01 0 15 65 1.120700e+01 2.990000e+00 1.082500e+02 1.342900e+03 0
3.609700e-01 3.273500e-01 -1.705200e-01 0 28 65 1.306500e+01 2.990000e+00 1.193800e+03 1.633300e+03 0
6.799100e-01 6.388900e-01 -1.900500e-01 0 29 65 1.464300e+01 2.990000e+00 1.290600e+03 9.499700e+02 0
6.725500e-01 7.368700e-01 -1.961900e-01 0 30 65 1.556400e+01 2.990000e+00 1.191700e+03 8.655900e+02 0
6.711800e-01 8.044800e-01 -2.004200e-01 0 31 65 1.571000e+01 2.990000e+00 1143 8.211100e+02 0
6.766400e-01 8.330300e-01 -2.022100e-01 0 32 65 1.515500e+01 2.990000e+00 1.130400e+03 8.049000e+02 0
6.722700e-01 8.765500e-01 -2.049400e-01 0 33 65 1.360800e+01 2.990000e+00 1.102400e+03 7.822300e+02 0
7.699500e-01 8.126000e-01 -2.009300e-01 0 35 65 1.102900e+01 2.990000e+00 1228 8.185100e+02 0
-8.403400e-01 8.876100e-01 -2.056400e-01 0 36 65 1.178900e+01 2.990000e+00 -7.048000e+01 7.510100e+02 0
-8.545300e-01 9.029100e-01 -2.065900e-01 0 37 65 1.225500e+01 2.990000e+00 -6.694100e+01 7.445200e+02 0
-8.782700e-01 9.013800e-01 -2.065000e-01 0 38 65 1.193300e+01 2.990000e+00 -8.521400e+01 7.447700e+02 0
-9.227400e-01 8.708300e-01 -2.045800e-01 0 39 65 1.066100e+01 2.990000e+00 -1.467500e+02 7.567800e+02 0
0 0 -1.500000e-01 3.204100e-02 1 66 1.573800e+01 2.990000e+00 2167 -3.612800e+03 0
-7.202900e-02 1.120400e-01 -1.570200e-01 3.204100e-02 5 66 1.414300e+01 2.990000e+00 -3.132100e+03 7735 0
-1.585200e-01 1.859000e-01 -1.616500e-01 3.204100e-02 8 66 1.329700e+01 2.990000e+00 -1.095900e+03 2.930500e+03 0
-2.008100e-01 1.921700e-01 -1.620500e-01 3.204100e-02 9 66 1.262500e+01 2.990000e+00 -1.201100e+03 2.774200e+03 0
-2.480100e-01 1.865300e-01 -1.616900e-01 3.204100e-02 10 66 1.260900e+01 2.990000e+00 -1.513200e+03 2.853200e+03 0
-2.619200e-01 2.224300e-01 -1.639400e-01 3.204100e-02 11 66 1.206500e+01 2.990000e+00 -1.058900e+03 2.285600e+03 0
-2.851200e-01 2.382200e-01 -1.649300e-01 3.204100e-02 12 66 1.171300e+01 2.990000e+00 -9.767600e+02 2.105700e+03 0
-3.012100e-01 2.860600e-01 -1.679300e-01 3.204100e-02 13 66 1.105800e+01 2.990000e+00 -659 1.734100e+03 0
-1.454200e-01 3.786100e-01 -1.737300e-01 3.204100e-02 14 66 1.035000e+01 2.990000e+00 4.291800e+01 1.358600e+03 0
3.609700e-01 3.570500e-01 -1.723800e-01 3.204100e-02 28 66 1.203000e+01 2.990000e+00 1139 1.498200e+03 0
6.799100e-01 6.363300e-01 -1.898800e-01 3.204100e-02 29 66 1.364400e+01 2.990000e+00 1.293400e+03 9.525800e+02 0
6.725500e-01 7.346900e-01 -1.960500e-01 3.204100e-02 30 66 1.456400e+01 2.990000e+00 1.193400e+03 8.671900e+02 0
6.711800e-01 8.044200e-01 -2.004200e-01 3.204100e-02 31 66 1.471800e+01 2.990000e+00 1143 8.211400e+02 0
6.766400e-01 8.353700e-01 -2.023600e-01 3.204100e-02 32 66 1.415900e+01 2.990000e+00 1129 8.036200e+02 0
6.722700e-01 8.790700e-01 -2.051000e-01 3.204100e-02 33 66 1.260500e+01 2.990000e+00 1.101100e+03 7.809900e+02 0
-8.070600e-01 7.359200e-01 -1.961300e-01 3.204100e-02 35 66 1.003300e+01 2.990000e+00 -2.093000e+02 8.289300e+02 0
-8.403400e-01 8.875600e-01 -2.056300e-01 3.204100e-02 36 66 1.080700e+01 2.990000e+00 -7.053200e+01 7.510300e+02 0
-8.545300e-01 8.970000e-01 -2.062200e-01 3.204100e-02 37 66 1.133100e+01 2.990000e+00 -7.222400e+01 7.469100e+02 0
-8.782700e-01 8.936800e-01 -2.060200e-01 3.204100e-02 38 66 1.102700e+01 2.990000e+00 -9.228500e+01 7.479000e+02 0
0 0 -1.500000e-01 6.408200e-02 1 67 1.044600e+01 2.990000e+00 2167 -3.612800e+03 0
-3.437800e-02 5.997200e-03 -1.503800e-01 6.408200e-02 2 67 9.935800e+00 2.990000e+00 2.651700e+03 -4.041100e+03 0
7.857700e-01 6.645400e+00 -5.665300e-01 -8.971500e-01 193 37 1.050200e+01 2.990000e+00 7.536500e+02 4.456400e+02 1
9.478400e-01 6.672300e+00 -5.682100e-01 -8.971500e-01 194 37 1.089000e+01 2.990000e+00 7.691500e+02 4.455400e+02 1
1.111500e+00 6.683300e+00 -5.689000e-01 -8.971500e-01 195 37 1.054900e+01 2.990000e+00 7.849300e+02 4.455400e+02 1
1.042200e+00 6.567200e+00 -5.616300e-01 -8.651100e-01 192 38 1.068100e+01 2.990000e+00 7.797100e+02 4.463200e+02 1
1.047700e+00 6.613400e+00 -5.645200e-01 -8.651100e-01 193 38 1.243000e+01 2.990000e+00 7.796300e+02 446 1
1.053200e+00 6.645500e+00 -5.665400e-01 -8.651100e-01 194 38 1.299300e+01 2.990000e+00 7.797500e+02 4.457700e+02 1
1.058600e+00 6.669600e+00 -5.680400e-01 -8.651100e-01 195 38 1.259800e+01 2.990000e+00 7.799600e+02 4.456100e+02 1
1.117300e+00 6.656000e+00 -5.671900e-01 -8.651100e-01 196 38 1.114600e+01 2.990000e+00 7.858700e+02 4.457300e+02 1
1.146500e+00 6.534900e+00 -5.596000e-01 -8.330700e-01 192 39 1.059100e+01 2.990000e+00 7.905100e+02 4.466100e+02 1
1.047700e+00 6.610700e+00 -5.643600e-01 -8.330700e-01 193 39 1.230400e+01 2.990000e+00 7.796700e+02 4.460200e+02 1
1.000500e+00 6.653900e+00 -5.670600e-01 -8.330700e-01 194 39 1.288600e+01 2.990000e+00 7.745000e+02 4.456900e+02 1
1.058600e+00 6.674600e+00 -5.683600e-01 -8.330700e-01 195 39 1.247500e+01 2.990000e+00 7.799000e+02 4.455700e+02 1
1.117300e+00 6.690000e+00 -5.693200e-01 -8.330700e-01 196 39 1.086100e+01 2.990000e+00 7.853900e+02 4.455000e+02 1
9.478400e-01 6.650400e+00 -5.668400e-01 -8.010300e-01 194 40 1.038900e+01 2.990000e+00 7.694000e+02 4.456900e+02 1
-1.102800e+00 2.774100e+00 -3.238800e-01 -7.369400e-01 87 42 1.017700e+01 2.990000e+00 3.978500e+02 5.078300e+02 0
-1.115600e+00 2.813000e+00 -3.263100e-01 -7.369400e-01 88 42 1.021000e+01 2.990000e+00 3.991000e+02 5.062900e+02 0
0 0 -1.500000e-01 -6.408200e-02 1 63 1.064900e+01 2.990000e+00 2167 -3.612800e+03 0
6.548100e-01 7.970900e-01 -1.999600e-01 -6.408200e-02 31 63 1.006000e+01 2.990000e+00 1.132500e+03 8.251700e+02 0
6.681800e-01 8.005200e-01 -2.001800e-01 -6.408200e-02 32 63 1.065700e+01 2.990000e+00 1.142700e+03 8.234100e+02 0
6.897400e-01 8.149900e-01 -2.010800e-01 -6.408200e-02 33 63 1.066100e+01 2.990000e+00 1.153200e+03 8.153500e+02 0
7.112900e-01 8.408500e-01 -2.027000e-01 -6.408200e-02 34 63 9.901200e+00 2.990000e+00 1.156100e+03 8.013500e+02 0
0 0 -1.500000e-01 -3.204100e-02 1 64 1.576600e+01 2.990000e+00 2167 -3.612800e+03 0
-7.093800e-02 1.123800e-01 -1.570400e-01 -3.204100e-02 5 64 1.412400e+01 2.990000e+00 -3.086300e+03 7.679900e+03 0
-1.585200e-01 1.860500e-01 -1.616600e-01 -3.204100e-02 8 64 1.325300e+01 2.990000e+00 -1.093700e+03 2.927300e+03 0
-2.008100e-01 1.911000e-01 -1.619800e-01 -3.204100e-02 9 64 1.263800e+01 2.990000e+00 -1.217500e+03 2.794700e+03 0
-2.480100e-01 1.852100e-01 -1.616100e-01 -3.204100e-02 10 64 1.266500e+01 2.990000e+00 -1.537600e+03 2.880300e+03 0
-2.619200e-01 2.206700e-01 -1.638300e-01 -3.204100e-02 11 64 1.221700e+01 2.990000e+00 -1.078800e+03 2.306900e+03 0
-2.851200e-01 2.379600e-01 -1.649200e-01 -3.204100e-02 12 64 1.172000e+01 2.990000e+00 -9.792200e+02 2.108200e+03 0
-2.979400e-01 2.907600e-01 -1.682200e-01 -3.204100e-02 13 64 1.087500e+01 2.990000e+00 -6.224500e+02 1.707100e+03 0
-4.220800e-01 1.474400e-01 -1.592400e-01 -3.204100e-02 14 64 1.054800e+01 2.990000e+00 -3.615400e+03 3.781300e+03 0
3.609700e-01 3.157100e-01 -1.697900e-01 -3.204100e-02 28 64 1.210500e+01 2.990000e+00 1.219100e+03 1.695800e+03 0
6.799100e-01 6.426200e-01 -1.902800e-01 -3.204100e-02 29 64 1.362700e+01 2.990000e+00 1.286500e+03 9.462100e+02 0
6.725500e-01 7.387600e-01 -1.963100e-01 -3.204100e-02 30 64 1.453700e+01 2.990000e+00 1.190300e+03 8.642200e+02 0
6.711800e-01 8.043500e-01 -2.004200e-01 -3.204100e-02 31 64 1.468900e+01 2.990000e+00 1143 8.211800e+02 0
6.766400e-01 8.289700e-01 -2.019600e-01 -3.204100e-02 32 64 1.418000e+01 2.990000e+00 1.132800e+03 8.071400e+02 0
6.722700e-01 8.649000e-01 -2.042100e-01 -3.204100e-02 33 64 1.276000e+01 2.990000e+00 1.108600e+03 7.880200e+02 0
6.392600e-01 5.909100e-01 -1.870400e-01 -3.204100e-02 34 64 9.948200e+00 2.990000e+00 1.294500e+03 1.001600e+03 0
7.699500e-01 8.320900e-01 -2.021600e-01 -3.204100e-02 35 64 9.948500e+00 2.990000e+00 1.213800e+03 8.073700e+02 0
-8.307900e-01 8.943600e-01 -2.060600e-01 -3.204100e-02 36 64 1.071600e+01 2.990000e+00 -5.752500e+01 7.483700e+02 0
-8.447100e-01 9.259700e-01 -2.080400e-01 -3.204100e-02 37 64 1.125800e+01 2.990000e+00 -4.020100e+01 7.356500e+02 0
-8.580800e-01 9.504000e-01 -2.095700e-01 -3.204100e-02 38 64 1.107300e+01 2.990000e+00 -2.942000e+01 7.264000e+02 0
-9.020000e-01 9.437500e-01 -2.091500e-01 -3.204100e-02 39 64 1.003800e+01 2.990000e+00 -6.462500e+01 7.281900e+02 0
