0 0 -1.500000e-01 0 1 65 1.677800e+01 2.120000e+00 2167 -3.612800e+03 0
-7.093800e-02 1.128100e-01 -1.550100e-01 0 5 65 1.514600e+01 2.120000e+00 -3.039600e+03 7.558600e+03 0
-1.585200e-01 1.859600e-01 -1.582600e-01 0 8 65 1.428600e+01 2.120000e+00 -1.093100e+03 2.908300e+03 0
-2.008100e-01 1.918600e-01 -1.585200e-01 0 9 65 1.363100e+01 2.120000e+00 -1.203800e+03 2760 0
-2.480100e-01 1.864900e-01 -1.582800e-01 0 10 65 1.360900e+01 2.120000e+00 -1.511500e+03 2.833800e+03 0
-2.646500e-01 2.180400e-01 -1.596900e-01 0 11 65 1.307300e+01 2.120000e+00 -1.117800e+03 2.320500e+03 0
-2.881200e-01 2.334300e-01 -1.603700e-01 0 12 65 1.263300e+01 2.120000e+00 -1.032800e+03 2.135600e+03 0
-3.044900e-01 2.843500e-01 -1.626300e-01 0 13 65 1.188100e+01 2.120000e+00 -6.770900e+02 1728 0
-3.050300e-01 3.101200e-01 -1.637800e-01 0 14 65 1.154100e+01 2.120000e+00 -5.350500e+02 1.587900e+03 0
-1.184100e-01 3.516600e-01 -1.656200e-01 0 15 65 1.128000e+01 2.120000e+00 3.995100e+01 1.438600e+03 0
3.536000e-01 3.173700e-01 -1.641000e-01 0 28 65 1.311100e+01 2.120000e+00 1.193800e+03 1.668400e+03 0
6.799100e-01 6.403000e-01 -1.784400e-01 0 29 65 1.469000e+01 2.120000e+00 1.288300e+03 9.348800e+02 0
6.725500e-01 7.382100e-01 -1.827900e-01 0 30 65 1.561900e+01 2.120000e+00 1.190100e+03 8.513600e+02 0
6.711800e-01 8.044200e-01 -1.857300e-01 0 31 65 1.578200e+01 2.120000e+00 1.142400e+03 8.080800e+02 0
6.766400e-01 8.314300e-01 -1.869300e-01 0 32 65 1.523100e+01 2.120000e+00 1.130700e+03 7.927800e+02 0
6.722700e-01 8.740400e-01 -1.888300e-01 0 33 65 1.364800e+01 2.120000e+00 1.103100e+03 7.705700e+02 0
7.328400e-01 9.101200e-01 -1.904300e-01 0 35 65 1.133600e+01 2.120000e+00 1.133400e+03 7.546600e+02 0
-8.021400e-01 9.196800e-01 -1.908500e-01 0 36 65 1.171900e+01 2.120000e+00 -1.526200e+01 7.266500e+02 0
-8.447100e-01 9.001900e-01 -1.899900e-01 0 37 65 1.220200e+01 2.120000e+00 -6.190600e+01 7.337200e+02 0
-8.782700e-01 8.764800e-01 -1.889300e-01 0 38 65 1.178500e+01 2.120000e+00 -1.080600e+02 7.430300e+02 0
-9.227400e-01 8.073800e-01 -1.858700e-01 0 39 65 1.046700e+01 2.120000e+00 -2.159600e+02 7.742700e+02 0
0 0 -1.500000e-01 3.204100e-02 1 66 1.577000e+01 2.120000e+00 2167 -3.612800e+03 0
-7.093800e-02 1.129500e-01 -1.550200e-01 3.204100e-02 5 66 1.413600e+01 2.120000e+00 -3.026900e+03 7.534200e+03 0
-1.585200e-01 1.859200e-01 -1.582600e-01 3.204100e-02 8 66 1.328100e+01 2.120000e+00 -1.093600e+03 2.909200e+03 0
-2.008100e-01 1.914900e-01 -1.585100e-01 3.204100e-02 9 66 1.261100e+01 2.120000e+00 -1.209500e+03 2.767100e+03 0
-2.504700e-01 1.821700e-01 -1.580900e-01 3.204100e-02 10 66 1.261500e+01 2.120000e+00 -1.605100e+03 2.922700e+03 0
-2.646500e-01 2.175200e-01 -1.596600e-01 3.204100e-02 11 66 1.215000e+01 2.120000e+00 -1124 2.327100e+03 0
-2.911200e-01 2.284000e-01 -1.601500e-01 3.204100e-02 12 66 1.166600e+01 2.120000e+00 -1.096200e+03 2188 0
-3.110400e-01 2.772100e-01 -1.623100e-01 3.204100e-02 13 66 1.091600e+01 2.120000e+00 -741 1.771400e+03 0
-3.014900e-01 3.156300e-01 -1.640200e-01 3.204100e-02 14 66 1.062600e+01 2.120000e+00 -4.997700e+02 1.562200e+03 0
-1.107700e-01 3.973800e-01 -1.676500e-01 3.204100e-02 15 66 1.027300e+01 2.120000e+00 1.456600e+02 1.292700e+03 0
3.609700e-01 2.782600e-01 -1.623600e-01 3.204100e-02 28 66 1.202700e+01 2.120000e+00 1.320500e+03 1.930400e+03 0
6.799100e-01 6.366500e-01 -1.782800e-01 3.204100e-02 29 66 1.366000e+01 2.120000e+00 1.292300e+03 9.385700e+02 0
6.725500e-01 7.356600e-01 -1.826800e-01 3.204100e-02 30 66 1.457500e+01 2.120000e+00 1192 8.532000e+02 0
6.711800e-01 8.044800e-01 -1.857400e-01 3.204100e-02 31 66 1.474400e+01 2.120000e+00 1.142400e+03 8.080400e+02 0
6.766400e-01 8.333500e-01 -1.870200e-01 3.204100e-02 32 66 1.422100e+01 2.120000e+00 1.129600e+03 7.917300e+02 0
6.722700e-01 8.757900e-01 -1.889000e-01 3.204100e-02 33 66 1.272200e+01 2.120000e+00 1.102200e+03 7.697100e+02 0
7.421200e-01 8.945500e-01 -1.897400e-01 3.204100e-02 35 66 1.003800e+01 2.120000e+00 1.149600e+03 7.619700e+02 0
-8.116900e-01 9.110900e-01 -1.904700e-01 3.204100e-02 36 66 1.084500e+01 2.120000e+00 -2.906600e+01 7.298700e+02 0
-8.348900e-01 9.149600e-01 -1.906400e-01 3.204100e-02 37 66 1.131600e+01 2.120000e+00 -4.216200e+01 7.280100e+02 0
-8.681700e-01 9.066100e-01 -1.902700e-01 3.204100e-02 38 66 1.086400e+01 2.120000e+00 -7.288800e+01 7.308000e+02 0
0 0 -1.500000e-01 6.408200e-02 1 67 1.059800e+01 2.120000e+00 2167 -3.612800e+03 0
-8.185100e-04 3.491300e-02 -1.515500e-01 6.408200e-02 2 67 1.001300e+01 2.120000e+00 3.500600e+03 -7.198800e+03 0
2.695600e-01 2.601500e+00 -2.655600e-01 -7.049000e-01 77 43 1.037700e+01 2.120000e+00 7.185500e+02 5.065100e+02 0
3.361400e-01 2.644000e+00 -2.674500e-01 -7.049000e-01 78 43 1.075200e+01 2.120000e+00 7.346900e+02 5.047000e+02 0
4.256300e-01 2.671200e+00 -2.686600e-01 -7.049000e-01 79 43 1.083000e+01 2.120000e+00 7.563300e+02 5.036600e+02 0
4.526400e-01 2.708300e+00 -2.703100e-01 -7.049000e-01 80 43 1.051600e+01 2.120000e+00 7.620200e+02 5.020900e+02 0
2.397200e+00 1.305700e+01 -7.300300e-01 -7.049000e-01 383 43 10 2.120000e+00 8.034000e+02 4.120800e+02 1
2.403400e+00 1.315100e+01 -7.341900e-01 -7.049000e-01 384 43 1.081400e+01 2.120000e+00 8.029200e+02 4.119100e+02 1
2.304900e+00 1.320700e+01 -7.366800e-01 -7.049000e-01 385 43 1.060900e+01 2.120000e+00 7.976300e+02 4.118000e+02 1
2.001000e+00 1.325500e+01 -7.387900e-01 -7.049000e-01 387 43 1.008900e+01 2.120000e+00 7.824400e+02 4.116700e+02 1
-3.928900e-01 2.028900e+00 -2.401300e-01 -6.728600e-01 61 44 9.871500e+00 2.120000e+00 5.115600e+02 5.389300e+02 0
-3.162200e-01 2.100900e+00 -2.433200e-01 -6.728600e-01 62 44 1.024100e+01 2.120000e+00 5.416800e+02 5.338800e+02 0
-2.706600e-01 2.144700e+00 -2.452700e-01 -6.728600e-01 63 44 1.031600e+01 2.120000e+00 5.587000e+02 5.309600e+02 0
-2.406400e-01 2.166700e+00 -2.462500e-01 -6.728600e-01 64 44 1.014900e+01 2.120000e+00 5.691300e+02 5.295600e+02 0
-1.571500e-01 2.226600e+00 -2.489100e-01 -6.728600e-01 65 44 9.973600e+00 2.120000e+00 5.970200e+02 5.258900e+02 0
-7.093800e-02 2.268000e+00 -2.507500e-01 -6.728600e-01 66 44 1.000300e+01 2.120000e+00 6.236600e+02 5.235500e+02 0
2.073600e-01 2.626200e+00 -2.666600e-01 -6.728600e-01 77 44 1.037300e+01 2.120000e+00 7.027600e+02 5.052400e+02 0
2.941200e-01 2.658300e+00 -2.680800e-01 -6.728600e-01 78 44 1.075600e+01 2.120000e+00 7.240700e+02 5.039700e+02 0
4.043500e-01 2.680800e+00 -2.690800e-01 -6.728600e-01 79 44 1.085200e+01 2.120000e+00 7.508700e+02 5.031900e+02 0
4.310800e-01 2.710600e+00 -2.704100e-01 -6.728600e-01 80 44 1.059200e+01 2.120000e+00 7.567200e+02 5.019500e+02 0
2.194400e+00 1.316300e+01 -7.347100e-01 -6.728600e-01 384 44 1.017800e+01 2.120000e+00 7.925600e+02 4.118600e+02 1
0 0 -1.500000e-01 -6.408200e-02 1 63 1.016700e+01 2.120000e+00 2167 -3.612800e+03 0
-2.892100e-02 1.618100e-02 -1.507200e-01 -6.408200e-02 2 63 9.529500e+00 2.120000e+00 2.935700e+03 -4.820700e+03 0
6.804600e-01 7.174500e-01 -1.818700e-01 -6.408200e-02 30 63 9.583300e+00 2.120000e+00 1215 8.670400e+02 0
6.711800e-01 8.009400e-01 -1.855800e-01 -6.408200e-02 31 63 9.929400e+00 2.120000e+00 1.144600e+03 8.101400e+02 0
6.766400e-01 8.427200e-01 -1.874300e-01 -6.408200e-02 32 63 9.440600e+00 2.120000e+00 1.124100e+03 7.866700e+02 0
0 0 -1.500000e-01 -3.204100e-02 1 64 1.576100e+01 2.120000e+00 2167 -3.612800e+03 0
-7.093800e-02 1.125300e-01 -1.550000e-01 -3.204100e-02 5 64 1.411400e+01 2.120000e+00 -3.064800e+03 7607 0
-1.585200e-01 1.859300e-01 -1.582600e-01 -3.204100e-02 8 64 1.328800e+01 2.120000e+00 -1.093600e+03 2.909100e+03 0
-1.986300e-01 1.949200e-01 -1.586600e-01 -3.204100e-02 9 64 1.260700e+01 2.120000e+00 -1.148600e+03 2.704600e+03 0
-2.480100e-01 1.866000e-01 -1.582900e-01 -3.204100e-02 10 64 1.259700e+01 2.120000e+00 -1.509500e+03 2.831600e+03 0
-2.619200e-01 2.217100e-01 -1.598500e-01 -3.204100e-02 11 64 1.209900e+01 2.120000e+00 -1.065400e+03 2.276500e+03 0
-2.881200e-01 2.322300e-01 -1.603200e-01 -3.204100e-02 12 64 1.164200e+01 2.120000e+00 -1.045100e+03 2.148100e+03 0
-3.044900e-01 2.833700e-01 -1.625900e-01 -3.204100e-02 13 64 1.089900e+01 2.120000e+00 -6.832100e+02 1734 0
-3.014900e-01 3.181400e-01 -1.641300e-01 -3.204100e-02 14 64 1.048800e+01 2.120000e+00 -4.879700e+02 1.550600e+03 0
3.609700e-01 2.871600e-01 -1.627600e-01 -3.204100e-02 28 64 1.212200e+01 2.120000e+00 1.292800e+03 1.862200e+03 0
6.799100e-01 6.412400e-01 -1.784800e-01 -3.204100e-02 29 64 1.368400e+01 2.120000e+00 1.287300e+03 9.339400e+02 0
6.725500e-01 7.399900e-01 -1.828700e-01 -3.204100e-02 30 64 1.463900e+01 2.120000e+00 1.188700e+03 8.500800e+02 0
6.711800e-01 8.042600e-01 -1.857300e-01 -3.204100e-02 31 64 1.480400e+01 2.120000e+00 1.142500e+03 8.081700e+02 0
6.766400e-01 8.293100e-01 -1.868400e-01 -3.204100e-02 32 64 1.423600e+01 2.120000e+00 1132 7.939500e+02 0
6.810000e-01 8.651500e-01 -1.884300e-01 -3.204100e-02 33 64 1.261300e+01 2.120000e+00 1.115300e+03 7.751400e+02 0
6.932800e-01 9.205700e-01 -1.908900e-01 -3.204100e-02 34 64 1.046300e+01 2.120000e+00 1.096600e+03 7.493600e+02 0
7.421200e-01 9.100000e-01 -1.904200e-01 -3.204100e-02 35 64 1.051800e+01 2.120000e+00 1.140900e+03 7.548700e+02 0
-7.830500e-01 9.379600e-01 -1.916700e-01 -3.204100e-02 36 64 1.064800e+01 2.120000e+00 1.242400e+01 7.199900e+02 0
-8.447100e-01 9.047700e-01 -1.901900e-01 -3.204100e-02 37 64 1.114700e+01 2.120000e+00 -5.787900e+01 7.318800e+02 0
-8.883600e-01 8.797400e-01 -1.890800e-01 -3.204100e-02 38 64 1.077300e+01 2.120000e+00 -1.122800e+02 7.414800e+02 0
