0 0 -1.500000e-01 0 1 65 1.675300e+01 2.240000e+00 2167 -3.612800e+03 0
-7.093800e-02 1.131100e-01 -1.553100e-01 0 5 65 1.513700e+01 2.240000e+00 -3.013700e+03 7.513100e+03 0
-1.585200e-01 1.860400e-01 -1.587300e-01 0 8 65 1.431400e+01 2.240000e+00 -1.092200e+03 2.909600e+03 0
-2.008100e-01 1.920900e-01 -1.590200e-01 0 9 65 1.366100e+01 2.240000e+00 -1.200700e+03 2.758500e+03 0
-2.480100e-01 1.871100e-01 -1.587800e-01 0 10 65 1.361400e+01 2.240000e+00 -1.500700e+03 2.824200e+03 0
-2.619200e-01 2.229100e-01 -1.604600e-01 0 11 65 1.308800e+01 2.240000e+00 -1.052100e+03 2.264500e+03 0
-2.881200e-01 2.327900e-01 -1.609300e-01 0 12 65 1.267100e+01 2.240000e+00 -1.039500e+03 2.144600e+03 0
-3.044900e-01 2.820300e-01 -1.632400e-01 0 13 65 1.193800e+01 2.240000e+00 -6.918200e+02 1.744400e+03 0
-3.121300e-01 3.104800e-01 -1.645700e-01 0 14 65 1.146200e+01 2.240000e+00 -5.504700e+02 1587 0
-1.260500e-01 3.549600e-01 -1.666600e-01 0 15 65 1.131500e+01 2.240000e+00 3.102100e+01 1.427500e+03 0
-3.642400e-01 3.644400e-01 -1.671100e-01 0 16 65 1.114500e+01 2.240000e+00 -4.309000e+02 1.366600e+03 0
3.609700e-01 3.246500e-01 -1.652400e-01 0 28 65 1.307700e+01 2.240000e+00 1.198800e+03 1.633100e+03 0
6.799100e-01 6.370000e-01 -1.799000e-01 0 29 65 1.461800e+01 2.240000e+00 1292 9.401000e+02 0
6.725500e-01 7.355100e-01 -1.845200e-01 0 30 65 1.554600e+01 2.240000e+00 1.192300e+03 8.551400e+02 0
6.793700e-01 7.975800e-01 -1.874400e-01 0 31 65 1.568600e+01 2.240000e+00 1.154500e+03 8.141500e+02 0
6.766400e-01 8.318800e-01 -1.890500e-01 0 32 65 1.514000e+01 2.240000e+00 1.130600e+03 7.943300e+02 0
6.722700e-01 8.744300e-01 -1.910400e-01 0 33 65 1.362700e+01 2.240000e+00 1103 7.721500e+02 0
7.328400e-01 8.876300e-01 -1.916600e-01 0 35 65 1.113500e+01 2.240000e+00 1146 7.668600e+02 0
-7.926000e-01 9.235400e-01 -1.933500e-01 0 36 65 1.175200e+01 2.240000e+00 -5.527500e+00 7.269600e+02 0
-8.348900e-01 8.995000e-01 -1.922200e-01 0 37 65 1.216900e+01 2.240000e+00 -5.555800e+01 7.358100e+02 0
-8.681700e-01 8.780300e-01 -1.912100e-01 0 38 65 1.175900e+01 2.240000e+00 -9.925600e+01 7.441900e+02 0
-9.227400e-01 8.580500e-01 -1.902800e-01 0 39 65 1.037500e+01 2.240000e+00 -1.594800e+02 7.519800e+02 0
0 0 -1.500000e-01 3.204100e-02 1 66 1.574300e+01 2.240000e+00 2167 -3.612800e+03 0
-4.092600e-02 1.288900e-02 -1.506000e-01 3.204100e-02 4 66 1.514500e+01 2.240000e+00 2.954900e+03 -4.568300e+03 0
-7.202900e-02 1.119200e-01 -1.552500e-01 3.204100e-02 5 66 1.411900e+01 2.240000e+00 -3.136100e+03 7.715200e+03 0
-1.585200e-01 1.859500e-01 -1.587300e-01 3.204100e-02 8 66 1.322900e+01 2.240000e+00 -1.093500e+03 2.911500e+03 0
-2.008100e-01 1.928100e-01 -1.590500e-01 3.204100e-02 9 66 1.253600e+01 2.240000e+00 -1.189800e+03 2.744900e+03 0
-2.480100e-01 1.886600e-01 -1.588600e-01 3.204100e-02 10 66 1.252500e+01 2.240000e+00 -1473 2.793500e+03 0
-2.619200e-01 2.247200e-01 -1.605500e-01 3.204100e-02 11 66 1.197700e+01 2.240000e+00 -1.032300e+03 2.243200e+03 0
-2.851200e-01 2.409900e-01 -1.613100e-01 3.204100e-02 12 66 1.158000e+01 2.240000e+00 -9.492200e+02 2.064200e+03 0
-3.077600e-01 2.816000e-01 -1.632200e-01 3.204100e-02 13 66 1.085200e+01 2.240000e+00 -7.034400e+02 1.746400e+03 0
-3.298600e-01 3.041400e-01 -1.642800e-01 3.204100e-02 14 66 1.039500e+01 2.240000e+00 -6.267900e+02 1.615400e+03 0
-1.184100e-01 3.595100e-01 -1.668700e-01 3.204100e-02 15 66 1.030800e+01 2.240000e+00 5.763400e+01 1.412100e+03 0
3.536000e-01 3.092100e-01 -1.645100e-01 3.204100e-02 28 66 1.208600e+01 2.240000e+00 1.212200e+03 1.717500e+03 0
6.722700e-01 6.424200e-01 -1.801500e-01 3.204100e-02 29 66 1.367700e+01 2.240000e+00 1.276900e+03 9.343700e+02 0
6.725500e-01 7.337800e-01 -1.844400e-01 3.204100e-02 30 66 1.460000e+01 2.240000e+00 1.193600e+03 8.564000e+02 0
6.711800e-01 8.044700e-01 -1.877600e-01 3.204100e-02 31 66 1.474900e+01 2.240000e+00 1.142400e+03 8.098500e+02 0
6.766400e-01 8.322700e-01 -1.890700e-01 3.204100e-02 32 66 1.421700e+01 2.240000e+00 1.130300e+03 7.941100e+02 0
6.810000e-01 8.669600e-01 -1.906900e-01 3.204100e-02 33 66 1.272800e+01 2.240000e+00 1.114300e+03 7.760200e+02 0
7.235700e-01 9.132600e-01 -1.928700e-01 3.204100e-02 35 66 1.025200e+01 2.240000e+00 1.124400e+03 7.548600e+02 0
-7.639500e-01 9.513400e-01 -1.946500e-01 3.204100e-02 36 66 1.066200e+01 2.240000e+00 3.542600e+01 7.170100e+02 0
-8.152400e-01 9.285600e-01 -1.935900e-01 3.204100e-02 37 66 1.113800e+01 2.240000e+00 -1.726300e+01 7.247200e+02 0
-8.378900e-01 9.292300e-01 -1.936200e-01 3.204100e-02 38 66 1.080000e+01 2.240000e+00 -3.240700e+01 7.241400e+02 0
-1.817100e-01 7.378100e-02 -1.534600e-01 6.408200e-02 7 67 9.861800e+00 2.240000e+00 -37177 50294 0
6.725500e-01 7.420900e-01 -1.848300e-01 6.408200e-02 30 67 1.005200e+01 2.240000e+00 1.187200e+03 8.504000e+02 0
6.793700e-01 7.962400e-01 -1.873700e-01 6.408200e-02 31 67 1.039700e+01 2.240000e+00 1.155300e+03 8.149600e+02 0
6.851000e-01 7.804500e-01 -1.866300e-01 6.408200e-02 32 67 1.022100e+01 2.240000e+00 1.171500e+03 8.249000e+02 0
6.984700e-01 7.096900e-01 -1.833100e-01 6.408200e-02 33 67 9.440100e+00 2.240000e+00 1.240900e+03 8.754500e+02 0
-6.632700e-01 6.495300e+00 -4.548800e-01 -9.291900e-01 188 36 1.022600e+01 2.240000e+00 6.114700e+02 4.362200e+02 1
-4.616400e-01 6.507700e+00 -4.554600e-01 -9.291900e-01 189 36 1.054900e+01 2.240000e+00 6.314100e+02 4.362200e+02 1
-5.156600e-01 6.544400e+00 -4.571800e-01 -9.291900e-01 190 36 1.042200e+01 2.240000e+00 6.264900e+02 4.359400e+02 1
-5.582300e-01 6.470900e+00 -4.537300e-01 -8.971500e-01 187 37 1.198300e+01 2.240000e+00 6.215200e+02 4.364400e+02 1
-5.612300e-01 6.506500e+00 -4.554000e-01 -8.971500e-01 188 37 1.310900e+01 2.240000e+00 6.216200e+02 4.361900e+02 1
-5.642300e-01 6.540100e+00 -4.569800e-01 -8.971500e-01 189 37 1.334500e+01 2.240000e+00 6.217000e+02 4.359500e+02 1
-6.188000e-01 6.568000e+00 -4.582900e-01 -8.971500e-01 190 37 1.283900e+01 2.240000e+00 6.167000e+02 4.357300e+02 1
-6.739100e-01 6.597200e+00 -4.596600e-01 -8.971500e-01 191 37 1.190500e+01 2.240000e+00 6.117200e+02 4.355000e+02 1
-6.253500e-01 6.633900e+00 -4.613800e-01 -8.971500e-01 192 37 1.121500e+01 2.240000e+00 6.168500e+02 4.352700e+02 1
-6.810000e-01 6.644500e+00 -4.618800e-01 -8.971500e-01 193 37 1.066500e+01 2.240000e+00 6.116300e+02 4.351700e+02 1
-6.057000e-01 6.432300e+00 -4.519200e-01 -8.651100e-01 186 38 1.018900e+01 2.240000e+00 6.163700e+02 4.367000e+02 1
-5.582300e-01 6.471400e+00 -4.537500e-01 -8.651100e-01 187 38 1.240500e+01 2.240000e+00 6.215200e+02 4.364400e+02 1
-5.612300e-01 6.506500e+00 -4.554000e-01 -8.651100e-01 188 38 1.349800e+01 2.240000e+00 6.216200e+02 4.361900e+02 1
-6.155200e-01 6.536500e+00 -4.568100e-01 -8.651100e-01 189 38 1.369400e+01 2.240000e+00 6.166500e+02 4.359500e+02 1
-6.188000e-01 6.570500e+00 -4.584100e-01 -8.651100e-01 190 38 1.309300e+01 2.240000e+00 6.167400e+02 4.357100e+02 1
-6.739100e-01 6.599000e+00 -4.597500e-01 -8.651100e-01 191 38 1.193200e+01 2.240000e+00 6.117400e+02 4.354900e+02 1
-6.253500e-01 6.637000e+00 -4.615300e-01 -8.651100e-01 192 38 1.138300e+01 2.240000e+00 6.168800e+02 4.352500e+02 1
-7.333900e-01 6.651900e+00 -4.622300e-01 -8.651100e-01 193 38 1.097100e+01 2.240000e+00 6.067000e+02 4.351000e+02 1
-7.372100e-01 6.693800e+00 -4.642000e-01 -8.651100e-01 194 38 1.034500e+01 2.240000e+00 6.068800e+02 4.348200e+02 1
0 0 -1.500000e-01 -8.330700e-01 1 39 9.441600e+00 2.240000e+00 2167 -3.612800e+03 0
-5.582300e-01 6.471400e+00 -4.537600e-01 -8.330700e-01 187 39 1.107600e+01 2.240000e+00 6.215200e+02 4.364400e+02 1
-5.612300e-01 6.506500e+00 -4.554000e-01 -8.330700e-01 188 39 1.187300e+01 2.240000e+00 6.216200e+02 4.361900e+02 1
-5.642300e-01 6.541300e+00 -4.570400e-01 -8.330700e-01 189 39 1.194800e+01 2.240000e+00 6.217100e+02 4.359400e+02 1
-6.188000e-01 6.571400e+00 -4.584500e-01 -8.330700e-01 190 39 1.123900e+01 2.240000e+00 6.167500e+02 4.357000e+02 1
-2.873000e-01 1.279200e+00 -2.100400e-01 -8.010300e-01 40 40 1.042400e+01 2.240000e+00 4.538300e+02 6.337300e+02 0
-2.946700e-01 1.317700e+00 -2.118500e-01 -8.010300e-01 41 40 1.044100e+01 2.240000e+00 4.575200e+02 6.261900e+02 0
-8.619000e-01 2.680700e+00 -2.758300e-01 -8.010300e-01 82 40 1.017500e+01 2.240000e+00 4.446100e+02 5.022700e+02 0
-3.110400e-01 1.218900e+00 -2.072100e-01 -7.689800e-01 39 41 1.017700e+01 2.240000e+00 4.284100e+02 6.462300e+02 0
-3.085800e-01 1.263200e+00 -2.092900e-01 -7.689800e-01 40 41 1.098200e+01 2.240000e+00 4.394900e+02 6.368100e+02 0
-3.055800e-01 1.288800e+00 -2.104900e-01 -7.689800e-01 41 41 1.097100e+01 2.240000e+00 4.463400e+02 6.316900e+02 0
-3.020300e-01 1.299900e+00 -2.110200e-01 -7.689800e-01 42 41 1.003000e+01 2.240000e+00 4.503600e+02 6.295400e+02 0
-5.682700e+00 7.142700e-01 -1.835300e-01 -2.563300e-01 165 57 1.031000e+01 2.240000e+00 -3.785900e+03 7.368800e+02 0
3.274100e-03 3.471400e-02 -1.516300e-01 -6.408200e-02 2 63 1.006100e+01 2.240000e+00 3.410200e+03 -7.134700e+03 0
-1.800700e-01 8.374600e-02 -1.539300e-01 -6.408200e-02 7 63 9.668600e+00 2.240000e+00 -13412 19065 0
-1.642500e-01 1.810600e-01 -1.585000e-01 -6.408200e-02 8 63 9.412500e+00 2.240000e+00 -1.200300e+03 3.016500e+03 0
-2.480100e-01 1.913000e-01 -1.589800e-01 -6.408200e-02 10 63 9.355500e+00 2.240000e+00 -1.427500e+03 2.743100e+03 0
6.646300e-01 5.802300e-01 -1.772400e-01 -6.408200e-02 29 63 9.645100e+00 2.240000e+00 1.341500e+03 1.003900e+03 0
6.725500e-01 6.794700e-01 -1.818900e-01 -6.408200e-02 30 63 1.030400e+01 2.240000e+00 1.240200e+03 8.998100e+02 0
6.711800e-01 7.970700e-01 -1.874100e-01 -6.408200e-02 31 63 1.048700e+01 2.240000e+00 1.147200e+03 8.142700e+02 0
6.851000e-01 8.275500e-01 -1.888400e-01 -6.408200e-02 32 63 1.014400e+01 2.240000e+00 1.140700e+03 7.968900e+02 0
0 0 -1.500000e-01 -3.204100e-02 1 64 1.573800e+01 2.240000e+00 2167 -3.612800e+03 0
-7.093800e-02 1.132600e-01 -1.553200e-01 -3.204100e-02 5 64 1.410700e+01 2.240000e+00 -3000 7.486800e+03 0
-1.585200e-01 1.860700e-01 -1.587300e-01 -3.204100e-02 8 64 1.336700e+01 2.240000e+00 -1.091700e+03 2.908900e+03 0
-2.008100e-01 1.921000e-01 -1.590200e-01 -3.204100e-02 9 64 1.273800e+01 2.240000e+00 -1.200500e+03 2.758300e+03 0
-2.480100e-01 1.866700e-01 -1.587600e-01 -3.204100e-02 10 64 1.268500e+01 2.240000e+00 -1.508600e+03 2833 0
-2.619200e-01 2.218100e-01 -1.604100e-01 -3.204100e-02 11 64 1.220400e+01 2.240000e+00 -1.064400e+03 2.277600e+03 0
-2.851200e-01 2.343600e-01 -1.610000e-01 -3.204100e-02 12 64 1.175100e+01 2.240000e+00 -1.013300e+03 2.129500e+03 0
-3.012100e-01 2.828100e-01 -1.632700e-01 -3.204100e-02 13 64 1.098700e+01 2.240000e+00 -6.780800e+02 1.740300e+03 0
-1.222300e-01 3.990900e-01 -1.687300e-01 -3.204100e-02 15 64 1.045900e+01 2.240000e+00 1.269800e+02 1.288900e+03 0
3.683300e-01 3.222200e-01 -1.651200e-01 -3.204100e-02 28 64 1.202400e+01 2.240000e+00 1.224300e+03 1.647200e+03 0
6.799100e-01 6.413200e-01 -1.801000e-01 -3.204100e-02 29 64 1.352800e+01 2.240000e+00 1.287300e+03 9.357400e+02 0
6.804600e-01 7.319200e-01 -1.843600e-01 -3.204100e-02 30 64 1.444700e+01 2.240000e+00 1.203200e+03 8.579700e+02 0
6.793700e-01 7.974400e-01 -1.874300e-01 -3.204100e-02 31 64 1.457600e+01 2.240000e+00 1.154600e+03 8.142400e+02 0
6.766400e-01 8.301900e-01 -1.889700e-01 -3.204100e-02 32 64 1.402100e+01 2.240000e+00 1.131600e+03 7.952600e+02 0
6.722700e-01 8.732100e-01 -1.909900e-01 -3.204100e-02 33 64 1.251900e+01 2.240000e+00 1.103700e+03 7.727500e+02 0
7.514000e-01 8.618500e-01 -1.904500e-01 -3.204100e-02 35 64 9.964000e+00 2.240000e+00 1.177100e+03 7.799200e+02 0
-8.116900e-01 8.977000e-01 -1.921400e-01 -3.204100e-02 36 64 1.077700e+01 2.240000e+00 -4.050200e+01 7.369000e+02 0
-8.348900e-01 8.776200e-01 -1.911900e-01 -3.204100e-02 37 64 1.120400e+01 2.240000e+00 -7.526800e+01 7.449000e+02 0
-8.681700e-01 8.395500e-01 -1.894100e-01 -3.204100e-02 38 64 1.073300e+01 2.240000e+00 -1.376600e+02 7.613200e+02 0
