0 0 -1.500000e-01 0 1 65 1.675300e+01 1.960000e+00 2167 -3.612800e+03 0
-7.093800e-02 1.132400e-01 -1.546500e-01 0 5 65 1.515500e+01 1.960000e+00 -2.999200e+03 7.475200e+03 0
-1.585200e-01 1.859700e-01 -1.576400e-01 0 8 65 1.430800e+01 1.960000e+00 -1.092600e+03 2.904400e+03 0
-1.986300e-01 1.945100e-01 -1.579900e-01 0 9 65 1.364300e+01 1.960000e+00 -1.154100e+03 2.708400e+03 0
-2.480100e-01 1.864600e-01 -1.576600e-01 0 10 65 1.362100e+01 1.960000e+00 -1.511700e+03 2.830800e+03 0
-2.619200e-01 2.219700e-01 -1.591200e-01 0 11 65 1.299400e+01 1.960000e+00 -1062 2.269900e+03 0
-2.881200e-01 2.321700e-01 -1.595300e-01 0 12 65 1.268500e+01 1.960000e+00 -1.045400e+03 2.145500e+03 0
-3.044900e-01 2.824700e-01 -1.616000e-01 0 13 65 1.196900e+01 1.960000e+00 -6.886400e+02 1.736600e+03 0
-3.085800e-01 2.944000e-01 -1.620900e-01 0 14 65 1.144600e+01 1.960000e+00 -6.276700e+02 1666 0
-1.145900e-01 3.919000e-01 -1.660900e-01 0 15 65 1.122500e+01 1.960000e+00 1.290500e+02 1.305100e+03 0
-3.601500e-01 3.702300e-01 -1.652000e-01 0 16 65 1.109900e+01 1.960000e+00 -4.015900e+02 1.344100e+03 0
3.609700e-01 3.206600e-01 -1.631700e-01 0 28 65 1.309000e+01 1.960000e+00 1.207100e+03 1.648900e+03 0
6.799100e-01 6.413100e-01 -1.763400e-01 0 29 65 1.466700e+01 1.960000e+00 1.287100e+03 9.313600e+02 0
6.725500e-01 7.378700e-01 -1.803000e-01 0 30 65 1.559700e+01 1.960000e+00 1.190200e+03 8.491700e+02 0
6.711800e-01 8.044500e-01 -1.830400e-01 0 31 65 1.574900e+01 1.960000e+00 1.142300e+03 8.056600e+02 0
6.766400e-01 8.322600e-01 -1.841800e-01 0 32 65 1.520000e+01 1.960000e+00 1.130100e+03 7.899400e+02 0
6.722700e-01 8.762200e-01 -1.859800e-01 0 33 65 1.364800e+01 1.960000e+00 1.101900e+03 7.671400e+02 0
7.514000e-01 8.422500e-01 -1.845900e-01 0 35 65 1.101900e+01 1.960000e+00 1.189700e+03 7.860100e+02 0
-8.403400e-01 8.646900e-01 -1.855100e-01 0 36 65 1.175900e+01 1.960000e+00 -9.132800e+01 7.465200e+02 0
-8.447100e-01 8.844800e-01 -1.863200e-01 0 37 65 1.217200e+01 1.960000e+00 -7.597800e+01 7.379700e+02 0
-8.782700e-01 8.524300e-01 -1.850100e-01 0 38 65 1.174800e+01 1.960000e+00 -1.318300e+02 7.513500e+02 0
-9.331100e-01 7.516000e-01 -1.808700e-01 0 39 65 1.038500e+01 1.960000e+00 -2.962800e+02 8.021500e+02 0
0 0 -1.500000e-01 3.204100e-02 1 66 1.574100e+01 1.960000e+00 2167 -3.612800e+03 0
-7.093800e-02 1.136300e-01 -1.546700e-01 3.204100e-02 5 66 1.415500e+01 1.960000e+00 -2.965600e+03 7.410700e+03 0
-1.585200e-01 1.858000e-01 -1.576300e-01 3.204100e-02 8 66 1.329600e+01 1.960000e+00 -1.095200e+03 2.908100e+03 0
-1.986300e-01 1.954400e-01 -1.580300e-01 3.204100e-02 9 66 1.260400e+01 1.960000e+00 -1.140700e+03 2.691600e+03 0
-2.480100e-01 1.875700e-01 -1.577000e-01 3.204100e-02 10 66 1.253700e+01 1.960000e+00 -1.491500e+03 2.808500e+03 0
-2.619200e-01 2.228500e-01 -1.591500e-01 3.204100e-02 11 66 1.205200e+01 1.960000e+00 -1.052300e+03 2.259500e+03 0
-2.881200e-01 2.307400e-01 -1.594800e-01 3.204100e-02 12 66 1.163900e+01 1.960000e+00 -1.060400e+03 2.160700e+03 0
-3.044900e-01 2.796800e-01 -1.614900e-01 3.204100e-02 13 66 1.091900e+01 1.960000e+00 -7.065000e+02 1754 0
-3.050300e-01 3.038200e-01 -1.624800e-01 3.204100e-02 14 66 1.039700e+01 1.960000e+00 -5.671100e+02 1.616500e+03 0
-1.222300e-01 3.752700e-01 -1.654100e-01 3.204100e-02 15 66 1.039200e+01 1.960000e+00 8.290500e+01 1.354300e+03 0
3.609700e-01 3.514800e-01 -1.644300e-01 3.204100e-02 28 66 1.207000e+01 1.960000e+00 1.147500e+03 1.502300e+03 0
6.799100e-01 6.370200e-01 -1.761600e-01 3.204100e-02 29 66 1.366300e+01 1.960000e+00 1.291800e+03 9.356800e+02 0
6.725500e-01 7.362100e-01 -1.802300e-01 3.204100e-02 30 66 1.461400e+01 1.960000e+00 1.191500e+03 8.503600e+02 0
6.711800e-01 8.044800e-01 -1.830400e-01 3.204100e-02 31 66 1.476900e+01 1.960000e+00 1.142300e+03 8.056400e+02 0
6.766400e-01 8.336700e-01 -1.842400e-01 3.204100e-02 32 66 1.419900e+01 1.960000e+00 1.129300e+03 7.891700e+02 0
6.635400e-01 8.836900e-01 -1.862900e-01 3.204100e-02 33 66 1.252000e+01 1.960000e+00 1.090800e+03 7.633700e+02 0
7.421200e-01 8.943500e-01 -1.867300e-01 3.204100e-02 35 66 1.039000e+01 1.960000e+00 1.149600e+03 7.597000e+02 0
-8.212400e-01 8.906200e-01 -1.865700e-01 3.204100e-02 36 66 1.082500e+01 1.960000e+00 -5.343500e+01 7.357800e+02 0
-8.348900e-01 9.006300e-01 -1.869900e-01 3.204100e-02 37 66 1.115500e+01 1.960000e+00 -5.442400e+01 7.314800e+02 0
-8.681700e-01 8.448300e-01 -1.846900e-01 3.204100e-02 38 66 1.069800e+01 1.960000e+00 -1.320100e+02 7.549800e+02 0
0 0 -1.500000e-01 6.408200e-02 1 67 1.031400e+01 1.960000e+00 2167 -3.612800e+03 0
1.092400e+00 6.259600e+00 -4.070600e-01 -8.330700e-01 183 39 1.096000e+01 1.960000e+00 7.889200e+02 4.351600e+02 1
9.985900e-01 6.312300e+00 -4.092200e-01 -8.330700e-01 184 39 1.218600e+01 1.960000e+00 7.784600e+02 4.347000e+02 1
1.054200e+00 6.338800e+00 -4.103100e-01 -8.330700e-01 185 39 1.238000e+01 1.960000e+00 7.838000e+02 4.345300e+02 1
1.110500e+00 6.363400e+00 -4.113200e-01 -8.330700e-01 186 39 1.161700e+01 1.960000e+00 7.891800e+02 4.343700e+02 1
9.931300e-01 6.278000e+00 -4.078100e-01 -8.010300e-01 183 40 1.113000e+01 1.960000e+00 7.783600e+02 4.349700e+02 1
9.985900e-01 6.310600e+00 -4.091500e-01 -8.010300e-01 184 40 1.233900e+01 1.960000e+00 7.784800e+02 4.347200e+02 1
1.004000e+00 6.346500e+00 -4.106300e-01 -8.010300e-01 185 40 1.249700e+01 1.960000e+00 7.785500e+02 4.344400e+02 1
1.060000e+00 6.372900e+00 -4.117100e-01 -8.010300e-01 186 40 1.169500e+01 1.960000e+00 7.838900e+02 4.342700e+02 1
9.486600e-01 6.312300e+00 -4.092200e-01 -7.689800e-01 184 41 1.037700e+01 1.960000e+00 7.733200e+02 4.346800e+02 1
1.054200e+00 6.325900e+00 -4.097800e-01 -7.689800e-01 185 41 1.042400e+01 1.960000e+00 7.839900e+02 4.346300e+02 1
-1.106600e+00 2.479000e+00 -2.518000e-01 -6.728600e-01 79 44 1.030700e+01 1.960000e+00 3.612100e+02 5.073000e+02 0
-1.142400e+00 2.488800e+00 -2.522100e-01 -6.728600e-01 80 44 1.061000e+01 1.960000e+00 3.534400e+02 5.067400e+02 0
-1.135000e+00 2.490600e+00 -2.522800e-01 -6.728600e-01 81 44 9.941500e+00 1.960000e+00 3.555500e+02 5.066800e+02 0
0 0 -1.500000e-01 -9.612300e-02 1 62 9.970800e+00 1.960000e+00 2167 -3.612800e+03 0
6.220700e-01 8.356100e-01 -1.843200e-01 -9.612300e-02 31 62 9.537700e+00 1.960000e+00 1.080300e+03 7.870300e+02 0
6.343500e-01 8.749300e-01 -1.859300e-01 -9.612300e-02 32 62 1.015200e+01 1.960000e+00 1071 7.670800e+02 0
6.460800e-01 8.975300e-01 -1.868600e-01 -9.612300e-02 33 62 9.971800e+00 1.960000e+00 1.069900e+03 7.565700e+02 0
6.302600e-01 9.103900e-01 -1.873900e-01 -9.612300e-02 34 62 9.273300e+00 1.960000e+00 1.051300e+03 7.504700e+02 0
0 0 -1.500000e-01 -6.408200e-02 1 63 1.063700e+01 1.960000e+00 2167 -3.612800e+03 0
6.548100e-01 8.142400e-01 -1.834400e-01 -6.408200e-02 31 63 9.953500e+00 1.960000e+00 1.121300e+03 7.996000e+02 0
6.428100e-01 8.607600e-01 -1.853500e-01 -6.408200e-02 32 63 1.016800e+01 1.960000e+00 1.085200e+03 7.742800e+02 0
6.373500e-01 8.872700e-01 -1.864400e-01 -6.408200e-02 33 63 9.666200e+00 1.960000e+00 1.067600e+03 7.612100e+02 0
0 0 -1.500000e-01 -3.204100e-02 1 64 1.573400e+01 1.960000e+00 2167 -3.612800e+03 0
-7.093800e-02 1.129600e-01 -1.546400e-01 -3.204100e-02 5 64 1.411900e+01 1.960000e+00 -3.024400e+03 7.523600e+03 0
-1.585200e-01 1.860600e-01 -1.576400e-01 -3.204100e-02 8 64 1.328100e+01 1.960000e+00 -1.091200e+03 2.902500e+03 0
-1.986300e-01 1.938400e-01 -1.579600e-01 -3.204100e-02 9 64 1.266600e+01 1.960000e+00 -1.163900e+03 2.720700e+03 0
-2.480100e-01 1.858900e-01 -1.576300e-01 -3.204100e-02 10 64 1.264500e+01 1.960000e+00 -1.522100e+03 2.842300e+03 0
-2.619200e-01 2.219500e-01 -1.591100e-01 -3.204100e-02 11 64 1.214400e+01 1.960000e+00 -1.062300e+03 2.270200e+03 0
-2.881200e-01 2.347400e-01 -1.596400e-01 -3.204100e-02 12 64 1.169400e+01 1.960000e+00 -1.019200e+03 2119 0
-3.110400e-01 2.779600e-01 -1.614100e-01 -3.204100e-02 13 64 1.102300e+01 1.960000e+00 -7.357500e+02 1.763600e+03 0
-3.121300e-01 2.799800e-01 -1.615000e-01 -3.204100e-02 14 64 1.042600e+01 1.960000e+00 -7.253500e+02 1.750500e+03 0
-1.145900e-01 2.246600e-01 -1.592300e-01 -3.204100e-02 15 64 1.032500e+01 1.960000e+00 -4.818700e+02 2.298500e+03 0
3.609700e-01 3.283300e-01 -1.634800e-01 -3.204100e-02 28 64 1.211000e+01 1.960000e+00 1.190900e+03 1.608900e+03 0
6.799100e-01 6.458600e-01 -1.765200e-01 -3.204100e-02 29 64 1.365300e+01 1.960000e+00 1.282100e+03 9.268500e+02 0
6.725500e-01 7.406300e-01 -1.804100e-01 -3.204100e-02 30 64 1.455800e+01 1.960000e+00 1.188100e+03 8.471900e+02 0
6.793700e-01 7.972700e-01 -1.827400e-01 -3.204100e-02 31 64 1.472000e+01 1.960000e+00 1.154500e+03 8.101300e+02 0
6.766400e-01 8.284900e-01 -1.840200e-01 -3.204100e-02 32 64 1.419600e+01 1.960000e+00 1.132400e+03 7.920200e+02 0
6.722700e-01 8.699900e-01 -1.857300e-01 -3.204100e-02 33 64 1.273100e+01 1.960000e+00 1.105200e+03 7.702000e+02 0
-1.017400e+00 7.255700e-02 -1.529800e-01 -3.204100e-02 34 64 1.030400e+01 1.960000e+00 -22412 9.388900e+03 0
7.421200e-01 7.833300e-01 -1.821700e-01 -3.204100e-02 35 64 1.011600e+01 1.960000e+00 1.223500e+03 8.201700e+02 0
-8.403400e-01 8.241700e-01 -1.838500e-01 -3.204100e-02 36 64 1.069700e+01 1.960000e+00 -1.322000e+02 7.652500e+02 0
-8.447100e-01 8.682000e-01 -1.856500e-01 -3.204100e-02 37 64 1.118900e+01 1.960000e+00 -9.121300e+01 7.449200e+02 0
-8.782700e-01 8.704100e-01 -1.857400e-01 -3.204100e-02 38 64 1.087300e+01 1.960000e+00 -1.138600e+02 7.434100e+02 0
-9.331100e-01 8.454200e-01 -1.847200e-01 -3.204100e-02 39 64 9.783700e+00 1.960000e+00 -1.805700e+02 7.536100e+02 0
