0 0 -1.500000e-01 0 1 65 1.677200e+01 2.070000e+00 2167 -3.612800e+03 0
-7.093800e-02 1.130400e-01 -1.549000e-01 0 5 65 1.515300e+01 2.070000e+00 -3.018100e+03 7.515600e+03 0
-1.585200e-01 1.859800e-01 -1.580700e-01 0 8 65 1.429700e+01 2.070000e+00 -1.092700e+03 2.906900e+03 0
-2.008100e-01 1.919400e-01 -1.583200e-01 0 9 65 1.365100e+01 2.070000e+00 -1.202500e+03 2.757400e+03 0
-2.480100e-01 1.867300e-01 -1.581000e-01 0 10 65 1.362400e+01 2.070000e+00 -1507 2.827800e+03 0
-2.619200e-01 2.224000e-01 -1.596500e-01 0 11 65 1.310500e+01 2.070000e+00 -1.057500e+03 2.267100e+03 0
-2.881200e-01 2.328700e-01 -1.601000e-01 0 12 65 1.264000e+01 2.070000e+00 -1.038400e+03 2.140400e+03 0
-3.012100e-01 2.866300e-01 -1.624300e-01 0 13 65 1.187500e+01 2.070000e+00 -6.543700e+02 1.714100e+03 0
-3.014900e-01 2.919700e-01 -1.626600e-01 0 14 65 1.142000e+01 2.070000e+00 -6.234800e+02 1683 0
-1.260500e-01 3.597600e-01 -1.656000e-01 0 15 65 1.122300e+01 2.070000e+00 4.208300e+01 1.407400e+03 0
3.609700e-01 3.016000e-01 -1.630800e-01 0 28 65 1.309900e+01 2.070000e+00 1.252600e+03 1.762500e+03 0
6.799100e-01 6.405800e-01 -1.777800e-01 0 29 65 1.464900e+01 2.070000e+00 1.287900e+03 9.338200e+02 0
6.725500e-01 7.370300e-01 -1.819700e-01 0 30 65 1.556200e+01 2.070000e+00 1.190900e+03 8.514500e+02 0
6.711800e-01 8.044800e-01 -1.848900e-01 0 31 65 1.571900e+01 2.070000e+00 1.142300e+03 8.072900e+02 0
6.766400e-01 8.343400e-01 -1.861900e-01 0 32 65 1.518800e+01 2.070000e+00 1129 7.904500e+02 0
6.722700e-01 8.792300e-01 -1.881300e-01 0 33 65 1.369200e+01 2.070000e+00 1.100400e+03 7.673000e+02 0
7.328400e-01 9.184600e-01 -1.898400e-01 0 35 65 1.107200e+01 2.070000e+00 1.128900e+03 7.502000e+02 0
-8.021400e-01 9.094500e-01 -1.894500e-01 0 36 65 1.152000e+01 2.070000e+00 -2.365300e+01 7.299700e+02 0
-8.348900e-01 8.811000e-01 -1.882200e-01 0 37 65 1.214900e+01 2.070000e+00 -7.197500e+01 7.410600e+02 0
-8.681700e-01 8.379100e-01 -1.863400e-01 0 38 65 1.172900e+01 2.070000e+00 -1.392800e+02 7.597200e+02 0
-9.227400e-01 7.117100e-01 -1.808700e-01 0 39 65 1.006400e+01 2.070000e+00 -3.460900e+02 8.287100e+02 0
0 0 -1.500000e-01 3.204100e-02 1 66 1.575300e+01 2.070000e+00 2167 -3.612800e+03 0
-7.202900e-02 1.128100e-01 -1.548900e-01 3.204100e-02 5 66 1.413800e+01 2.070000e+00 -3.052500e+03 7.549200e+03 0
-1.585200e-01 1.859400e-01 -1.580600e-01 3.204100e-02 8 66 1.330200e+01 2.070000e+00 -1.093300e+03 2.907600e+03 0
-1.986300e-01 1.947400e-01 -1.584500e-01 3.204100e-02 9 66 1.264300e+01 2.070000e+00 -1151 2.706700e+03 0
-2.480100e-01 1.873000e-01 -1.581200e-01 3.204100e-02 10 66 1.261000e+01 2.070000e+00 -1.496700e+03 2.816400e+03 0
-2.619200e-01 2.228300e-01 -1.596600e-01 3.204100e-02 11 66 1.199500e+01 2.070000e+00 -1.052700e+03 2262 0
-2.851200e-01 2.376400e-01 -1.603100e-01 3.204100e-02 12 66 1.163000e+01 2.070000e+00 -9.806700e+02 2.093200e+03 0
-2.979400e-01 2.914000e-01 -1.626400e-01 3.204100e-02 13 66 1.093300e+01 2.070000e+00 -6.175800e+02 1.686900e+03 0
-3.014900e-01 2.897000e-01 -1.625600e-01 3.204100e-02 14 66 1.040500e+01 2.070000e+00 -6.367500e+02 1696 0
-1.336900e-01 3.850300e-01 -1.667000e-01 3.204100e-02 15 66 1.038500e+01 2.070000e+00 7.941000e+01 1325 0
3.609700e-01 3.042400e-01 -1.632000e-01 3.204100e-02 28 66 1.213000e+01 2.070000e+00 1.245800e+03 1.745900e+03 0
6.799100e-01 6.389100e-01 -1.777100e-01 3.204100e-02 29 66 1.365700e+01 2.070000e+00 1.289800e+03 9.355000e+02 0
6.725500e-01 7.358900e-01 -1.819200e-01 3.204100e-02 30 66 1.455400e+01 2.070000e+00 1.191800e+03 8.522700e+02 0
6.711800e-01 8.044100e-01 -1.848900e-01 3.204100e-02 31 66 1.470900e+01 2.070000e+00 1.142400e+03 8.073300e+02 0
6.766400e-01 8.367800e-01 -1.862900e-01 3.204100e-02 32 66 1.417000e+01 2.070000e+00 1.127600e+03 7.891200e+02 0
6.635400e-01 8.885200e-01 -1.885400e-01 3.204100e-02 33 66 1.267800e+01 2.070000e+00 1.088500e+03 7.627000e+02 0
-1.008400e+00 1.189800e-01 -1.551600e-01 3.204100e-02 34 66 9.868900e+00 2.070000e+00 -8.820300e+03 4124 0
7.606700e-01 8.966100e-01 -1.888900e-01 3.204100e-02 35 66 1.004400e+01 2.070000e+00 1.163500e+03 7.605900e+02 0
-8.307900e-01 8.848100e-01 -1.883800e-01 3.204100e-02 36 66 1.014300e+01 2.070000e+00 -6.561700e+01 7.395700e+02 0
-8.447100e-01 8.557500e-01 -1.871200e-01 3.204100e-02 37 66 1.101600e+01 2.070000e+00 -1.033400e+02 7.519500e+02 0
-8.479800e-01 8.569100e-01 -1.871700e-01 3.204100e-02 38 66 1.068200e+01 2.070000e+00 -1.046500e+02 7.513700e+02 0
0 0 -1.500000e-01 6.408200e-02 1 67 1.038100e+01 2.070000e+00 2167 -3.612800e+03 0
-9.833100e-01 3.568700e+00 -3.047900e-01 -7.369400e-01 107 42 1.055400e+01 2.070000e+00 4.857500e+02 4.717200e+02 1
-1.051000e+00 3.584200e+00 -3.054600e-01 -7.369400e-01 108 42 1.109800e+01 2.070000e+00 4.746600e+02 4.712700e+02 1
-1.119700e+00 3.596200e+00 -3.059800e-01 -7.369400e-01 109 42 1.088500e+01 2.070000e+00 4.632700e+02 4.709100e+02 1
-1.029700e+00 3.351800e+00 -2.953800e-01 -7.049000e-01 103 43 1.042800e+01 2.070000e+00 4.633300e+02 4.771200e+02 1
-1.067900e+00 3.395600e+00 -2.972800e-01 -7.049000e-01 104 43 1.105400e+01 2.070000e+00 4.591900e+02 4.759100e+02 1
-1.106600e+00 3.413100e+00 -2.980400e-01 -7.049000e-01 105 43 1.078100e+01 2.070000e+00 4.532100e+02 4.754100e+02 1
-9.167400e-01 3.550100e+00 -3.039800e-01 -7.049000e-01 106 43 1.089600e+01 2.070000e+00 4.965800e+02 4.722400e+02 1
-1.012200e+00 3.559700e+00 -3.043900e-01 -7.049000e-01 107 43 1.298600e+01 2.070000e+00 4.800500e+02 4.719000e+02 1
-1.080200e+00 3.575400e+00 -3.050700e-01 -7.049000e-01 108 43 1.359000e+01 2.070000e+00 4.689300e+02 4.714400e+02 1
-1.119700e+00 3.598600e+00 -3.060800e-01 -7.049000e-01 109 43 1.330200e+01 2.070000e+00 4.634200e+02 4.708600e+02 1
-1.189600e+00 3.613300e+00 -3.067200e-01 -7.049000e-01 110 43 1.217800e+01 2.070000e+00 4.521200e+02 4.704400e+02 1
-4.649200e-01 2.423500e+00 -2.551100e-01 -6.728600e-01 72 44 1.066900e+01 2.070000e+00 5.227900e+02 5.130400e+02 0
-5.500400e-01 2.410600e+00 -2.545500e-01 -6.728600e-01 73 44 1.087100e+01 2.070000e+00 4.990900e+02 5.135300e+02 0
-6.174300e-01 2.425000e+00 -2.551800e-01 -6.728600e-01 74 44 1.045500e+01 2.070000e+00 4.824000e+02 5.126100e+02 0
-1.029700e+00 3.389700e+00 -2.970200e-01 -6.728600e-01 103 44 1.109400e+01 2.070000e+00 4.659300e+02 4.761200e+02 1
-1.067900e+00 3.424100e+00 -2.985100e-01 -6.728600e-01 104 44 1.162600e+01 2.070000e+00 4.611700e+02 4.751800e+02 1
-1.078300e+00 3.459800e+00 -3.000600e-01 -6.728600e-01 105 44 1.141800e+01 2.070000e+00 4.616900e+02 4.742600e+02 1
-1.002700e+00 3.519600e+00 -3.026600e-01 -6.728600e-01 106 44 1.153800e+01 2.070000e+00 4.793200e+02 4.728700e+02 1
-1.041200e+00 3.550500e+00 -3.039900e-01 -6.728600e-01 107 44 1.319300e+01 2.070000e+00 4.743200e+02 4.720800e+02 1
-1.080200e+00 3.575600e+00 -3.050800e-01 -6.728600e-01 108 44 1.375300e+01 2.070000e+00 4.689500e+02 4.714400e+02 1
-1.119700e+00 3.599400e+00 -3.061200e-01 -6.728600e-01 109 44 1.342800e+01 2.070000e+00 4.634800e+02 4.708400e+02 1
-1.219300e+00 3.603800e+00 -3.063100e-01 -6.728600e-01 110 44 1.223000e+01 2.070000e+00 4.462500e+02 4.706200e+02 1
-1.290500e+00 3.616100e+00 -3.068400e-01 -6.728600e-01 111 44 1.027500e+01 2.070000e+00 4.346400e+02 4.702600e+02 1
8.840000e-02 6.189500e-01 -1.768500e-01 -6.408200e-01 19 45 9.884600e+00 2.070000e+00 5.964700e+02 9.341500e+02 0
9.331100e-02 6.540000e-01 -1.783700e-01 -6.408200e-01 20 45 1.009200e+01 2.070000e+00 6.077700e+02 9.011500e+02 0
-1.067900e+00 3.426100e+00 -2.986000e-01 -6.408200e-01 104 45 1.022500e+01 2.070000e+00 4.613100e+02 4.751200e+02 1
-1.078300e+00 3.467600e+00 -3.004000e-01 -6.408200e-01 105 45 1.026500e+01 2.070000e+00 4.622200e+02 4.740600e+02 1
-1.088600e+00 3.501600e+00 -3.018700e-01 -6.408200e-01 106 45 1.050900e+01 2.070000e+00 4.626100e+02 4.732100e+02 1
-1.099000e+00 3.534300e+00 -3.032900e-01 -6.408200e-01 107 45 1.146800e+01 2.070000e+00 4.629100e+02 4.724000e+02 1
-1.109400e+00 3.567400e+00 -3.047300e-01 -6.408200e-01 108 45 1.187300e+01 2.070000e+00 4.632300e+02 4.716000e+02 1
-1.149200e+00 3.590100e+00 -3.057100e-01 -6.408200e-01 109 45 1.148700e+01 2.070000e+00 4.576700e+02 4.710200e+02 1
9.276500e-02 5.863400e-01 -1.754300e-01 -6.087800e-01 18 46 1.001200e+01 2.070000e+00 5.956600e+02 9.692800e+02 0
9.331100e-02 6.216500e-01 -1.769600e-01 -6.087800e-01 19 46 1.126700e+01 2.070000e+00 6.026600e+02 9.316200e+02 0
9.331100e-02 6.567500e-01 -1.784800e-01 -6.087800e-01 20 46 1.143700e+01 2.070000e+00 6.081700e+02 8.987300e+02 0
9.822200e-02 6.907100e-01 -1.799600e-01 -6.087800e-01 21 46 1.045500e+01 2.070000e+00 6.179800e+02 8.706100e+02 0
8.812700e-02 5.869200e-01 -1.754600e-01 -5.767400e-01 18 47 1.075500e+01 2.070000e+00 5.900300e+02 9.684200e+02 0
8.348900e-02 6.227100e-01 -1.770100e-01 -5.767400e-01 19 47 1.190600e+01 2.070000e+00 5.914600e+02 9.302100e+02 0
8.812700e-02 6.575100e-01 -1.785200e-01 -5.767400e-01 20 47 1.198100e+01 2.070000e+00 6.026400e+02 8.978900e+02 0
9.822200e-02 6.914700e-01 -1.799900e-01 -5.767400e-01 21 47 1.095600e+01 2.070000e+00 6.180700e+02 8.700200e+02 0
8.348900e-02 5.874500e-01 -1.754800e-01 -5.447000e-01 18 48 1.047900e+01 2.070000e+00 5.843900e+02 9.676300e+02 0
8.348900e-02 6.223700e-01 -1.769900e-01 -5.447000e-01 19 48 1.145900e+01 2.070000e+00 5.913900e+02 9.305500e+02 0
8.812700e-02 6.573900e-01 -1.785100e-01 -5.447000e-01 20 48 1.136400e+01 2.070000e+00 6.026200e+02 8.979900e+02 0
9.822200e-02 6.903900e-01 -1.799400e-01 -5.447000e-01 21 48 1.004900e+01 2.070000e+00 6.179400e+02 8.708600e+02 0
7.421200e-02 5.803400e-01 -1.751700e-01 -5.126600e-01 18 49 9.489900e+00 2.070000e+00 5.712200e+02 9.754300e+02 0
7.366600e-02 6.207500e-01 -1.769200e-01 -5.126600e-01 19 49 1.046100e+01 2.070000e+00 5.796800e+02 9.318100e+02 0
7.257500e-02 6.577500e-01 -1.785300e-01 -5.126600e-01 20 49 1.029500e+01 2.070000e+00 5.857600e+02 8.971900e+02 0
0 0 -1.500000e-01 -6.408200e-02 1 63 1.026200e+01 2.070000e+00 2167 -3.612800e+03 0
-1.282300e-02 5.035800e-03 -1.502200e-01 -6.408200e-02 2 63 1.000500e+01 2.070000e+00 2.403700e+03 -3.931900e+03 0
6.250700e-01 7.816900e-01 -1.839000e-01 -6.408200e-02 30 63 9.704000e+00 2.070000e+00 1.113500e+03 8.201600e+02 0
6.711800e-01 7.896700e-01 -1.842500e-01 -6.408200e-02 31 63 1.003500e+01 2.070000e+00 1.151900e+03 8.162500e+02 0
7.104700e-01 7.707100e-01 -1.834300e-01 -6.408200e-02 32 63 9.678600e+00 2.070000e+00 1.202800e+03 8.292200e+02 0
0 0 -1.500000e-01 -3.204100e-02 1 64 1.575300e+01 2.070000e+00 2167 -3.612800e+03 0
-7.093800e-02 1.125500e-01 -1.548800e-01 -3.204100e-02 5 64 1.412400e+01 2.070000e+00 -3.062500e+03 7.600800e+03 0
-1.585200e-01 1.860200e-01 -1.580700e-01 -3.204100e-02 8 64 1.327500e+01 2.070000e+00 -1092 2.905800e+03 0
-2.008100e-01 1.918500e-01 -1.583200e-01 -3.204100e-02 9 64 1.262800e+01 2.070000e+00 -1.203800e+03 2759 0
-2.480100e-01 1.864800e-01 -1.580900e-01 -3.204100e-02 10 64 1.260700e+01 2.070000e+00 -1.511500e+03 2.832900e+03 0
-2.619200e-01 2.220000e-01 -1.596300e-01 -3.204100e-02 11 64 1.216000e+01 2.070000e+00 -1062 2.271900e+03 0
-2.851200e-01 2.359400e-01 -1.602300e-01 -3.204100e-02 12 64 1.163900e+01 2.070000e+00 -9.973000e+02 2.110200e+03 0
-2.979400e-01 2.894000e-01 -1.625500e-01 -3.204100e-02 13 64 1.084600e+01 2.070000e+00 -6.292200e+02 1.698500e+03 0
-2.943900e-01 2.759200e-01 -1.619700e-01 -3.204100e-02 14 64 1.034900e+01 2.070000e+00 -7.035100e+02 1.782600e+03 0
3.609700e-01 2.268800e-01 -1.598400e-01 -3.204100e-02 28 64 1.206600e+01 2.070000e+00 1549 2.491600e+03 0
6.799100e-01 6.423500e-01 -1.778600e-01 -3.204100e-02 29 64 1.360400e+01 2.070000e+00 1286 9.320500e+02 0
6.725500e-01 7.368500e-01 -1.819600e-01 -3.204100e-02 30 64 1.453700e+01 2.070000e+00 1.191100e+03 8.515800e+02 0
6.793700e-01 7.975600e-01 -1.845900e-01 -3.204100e-02 31 64 1.471000e+01 2.070000e+00 1.154400e+03 8.116100e+02 0
6.766400e-01 8.320500e-01 -1.860900e-01 -3.204100e-02 32 64 1.420500e+01 2.070000e+00 1.130300e+03 7.917000e+02 0
6.810000e-01 8.693400e-01 -1.877100e-01 -3.204100e-02 33 64 1.273800e+01 2.070000e+00 1.112900e+03 7.723100e+02 0
7.235700e-01 9.056800e-01 -1.892800e-01 -3.204100e-02 35 64 1.020300e+01 2.070000e+00 1.128300e+03 7.557700e+02 0
-7.926000e-01 9.102200e-01 -1.894800e-01 -3.204100e-02 36 64 1.064600e+01 2.070000e+00 -1.624500e+01 7.298000e+02 0
-8.250600e-01 8.654800e-01 -1.875400e-01 -3.204100e-02 37 64 1.126200e+01 2.070000e+00 -7.926800e+01 7.479500e+02 0
-8.580800e-01 7.842000e-01 -1.840100e-01 -3.204100e-02 38 64 1.077400e+01 2.070000e+00 -1.915200e+02 7.869100e+02 0
