0 0 -1.500000e-01 0 1 65 1.675500e+01 2.240000e+00 2167 -3.612800e+03 0
-7.093800e-02 1.129800e-01 -1.553000e-01 0 5 65 1.515300e+01 2.240000e+00 -3025 7.534800e+03 0
-1.585200e-01 1.860300e-01 -1.587300e-01 0 8 65 1.433500e+01 2.240000e+00 -1.092300e+03 2.909800e+03 0
-2.008100e-01 1.919500e-01 -1.590100e-01 0 9 65 1.365200e+01 2.240000e+00 -1.202800e+03 2.761200e+03 0
-2.480100e-01 1.869800e-01 -1.587800e-01 0 10 65 1.360700e+01 2.240000e+00 -1503 2.826800e+03 0
-2.619200e-01 2.227100e-01 -1.604500e-01 0 11 65 1.307100e+01 2.240000e+00 -1.054400e+03 2.266900e+03 0
-2.881200e-01 2.327400e-01 -1.609200e-01 0 12 65 1.264000e+01 2.240000e+00 -1040 2.145200e+03 0
-3.044900e-01 2.835200e-01 -1.633100e-01 0 13 65 1.191400e+01 2.240000e+00 -6.824600e+02 1.735300e+03 0
-3.121300e-01 2.994600e-01 -1.640600e-01 0 14 65 1.149000e+01 2.240000e+00 -6.085400e+02 1.642900e+03 0
-1.184100e-01 4.275100e-01 -1.700700e-01 0 15 65 1.127300e+01 2.240000e+00 1.786200e+02 1.217800e+03 0
3.609700e-01 3.099300e-01 -1.645500e-01 0 28 65 1.310200e+01 2.240000e+00 1232 1.714700e+03 0
6.799100e-01 6.394900e-01 -1.800200e-01 0 29 65 1.464900e+01 2.240000e+00 1.289300e+03 9.375800e+02 0
6.725500e-01 7.357400e-01 -1.845300e-01 0 30 65 1.556800e+01 2.240000e+00 1.192100e+03 8.549700e+02 0
6.793700e-01 7.975800e-01 -1.874400e-01 0 31 65 1.571800e+01 2.240000e+00 1.154500e+03 8.141500e+02 0
6.766400e-01 8.324800e-01 -1.890800e-01 0 32 65 1.518000e+01 2.240000e+00 1.130200e+03 7.939900e+02 0
6.722700e-01 8.757600e-01 -1.911100e-01 0 33 65 1.365700e+01 2.240000e+00 1.102300e+03 7.715000e+02 0
-9.814000e-01 3.549500e-01 -1.666600e-01 0 34 65 1.080600e+01 2.240000e+00 -1.640600e+03 1.328900e+03 0
7.421200e-01 8.999100e-01 -1.922400e-01 0 35 65 1.132600e+01 2.240000e+00 1.146600e+03 7.612500e+02 0
-7.926000e-01 9.247200e-01 -1.934000e-01 0 36 65 1.166000e+01 2.240000e+00 -4.585300e+00 7.265100e+02 0
-8.250600e-01 9.151300e-01 -1.929500e-01 0 37 65 1.214500e+01 2.240000e+00 -3.517000e+01 7.297400e+02 0
-8.681700e-01 8.864800e-01 -1.916100e-01 0 38 65 1.178300e+01 2.240000e+00 -9.129600e+01 7.406400e+02 0
-9.123700e-01 8.699600e-01 -1.908300e-01 0 39 65 1.036400e+01 2.240000e+00 -1.395700e+02 7.469300e+02 0
0 0 -1.500000e-01 3.204100e-02 1 66 1.574000e+01 2.240000e+00 2167 -3.612800e+03 0
-7.093800e-02 1.137200e-01 -1.553400e-01 3.204100e-02 5 66 1.414000e+01 2.240000e+00 -2.959500e+03 7409 0
-1.585200e-01 1.859400e-01 -1.587300e-01 3.204100e-02 8 66 1.336000e+01 2.240000e+00 -1.093700e+03 2.911800e+03 0
-2.008100e-01 1.925200e-01 -1.590400e-01 3.204100e-02 9 66 1.266700e+01 2.240000e+00 -1.194100e+03 2.750200e+03 0
-2.480100e-01 1.878100e-01 -1.588200e-01 3.204100e-02 10 66 1.265900e+01 2.240000e+00 -1.488100e+03 2.810300e+03 0
-2.619200e-01 2.235000e-01 -1.604900e-01 3.204100e-02 11 66 1.218300e+01 2.240000e+00 -1.045700e+03 2.257500e+03 0
-2.881200e-01 2.353200e-01 -1.610500e-01 3.204100e-02 12 66 1.170200e+01 2.240000e+00 -1.013800e+03 2.118600e+03 0
-3.077600e-01 2.815800e-01 -1.632200e-01 3.204100e-02 13 66 1.097200e+01 2.240000e+00 -7.035300e+02 1.746500e+03 0
-3.156700e-01 3.023500e-01 -1.641900e-01 3.204100e-02 14 66 1.049000e+01 2.240000e+00 -6.016100e+02 1.627100e+03 0
3.609700e-01 3.281000e-01 -1.654000e-01 3.204100e-02 28 66 1.203100e+01 2.240000e+00 1.191600e+03 1.615300e+03 0
6.799100e-01 6.323800e-01 -1.796800e-01 3.204100e-02 29 66 1.361000e+01 2.240000e+00 1.297200e+03 9.448400e+02 0
6.725500e-01 7.299700e-01 -1.842600e-01 3.204100e-02 30 66 1.451900e+01 2.240000e+00 1.196600e+03 8.592000e+02 0
6.711800e-01 8.041400e-01 -1.877500e-01 3.204100e-02 31 66 1.465600e+01 2.240000e+00 1.142700e+03 8.100400e+02 0
6.766400e-01 8.364100e-01 -1.892600e-01 3.204100e-02 32 66 1.411600e+01 2.240000e+00 1.127900e+03 7.918600e+02 0
6.722700e-01 8.832900e-01 -1.914600e-01 3.204100e-02 33 66 1.258000e+01 2.240000e+00 1.098400e+03 7.678500e+02 0
-9.814000e-01 3.411000e-01 -1.660100e-01 3.204100e-02 34 66 1.016000e+01 2.240000e+00 -1.748400e+03 1.372300e+03 0
7.606700e-01 8.881400e-01 -1.916900e-01 3.204100e-02 35 66 1.048500e+01 2.240000e+00 1.168700e+03 7.671100e+02 0
-7.830500e-01 9.383200e-01 -1.940400e-01 3.204100e-02 36 66 1.060400e+01 2.240000e+00 1.264700e+01 7.215100e+02 0
-8.250600e-01 9.250700e-01 -1.934200e-01 3.204100e-02 37 66 1.105400e+01 2.240000e+00 -2.692800e+01 7.259100e+02 0
-8.580800e-01 8.924500e-01 -1.918900e-01 3.204100e-02 38 66 1.079200e+01 2.240000e+00 -7.850200e+01 7.383300e+02 0
0 0 -1.500000e-01 6.408200e-02 1 67 1.037100e+01 2.240000e+00 2167 -3.612800e+03 0
-8.185100e-04 3.490500e-02 -1.516400e-01 6.408200e-02 2 67 1.015800e+01 2.240000e+00 3.499800e+03 -7198 0
6.646300e-01 6.560200e-01 -1.807900e-01 6.408200e-02 29 67 1.007200e+01 2.240000e+00 1.253800e+03 9.208800e+02 0
6.567200e-01 7.677700e-01 -1.860400e-01 6.408200e-02 30 67 1.099100e+01 2.240000e+00 1153 8.324200e+02 0
6.630000e-01 7.911200e-01 -1.871300e-01 6.408200e-02 31 67 1.159900e+01 2.240000e+00 1.143400e+03 8.177200e+02 0
6.681800e-01 7.651600e-01 -1.859200e-01 6.408200e-02 32 67 1.108200e+01 2.240000e+00 1.165900e+03 8.344200e+02 0
0 0 -1.500000e-01 9.612300e-02 1 68 1.018700e+01 2.240000e+00 2167 -3.612800e+03 0
6.725500e-01 7.533100e-01 -1.853600e-01 9.612300e-02 30 68 1.051300e+01 2.240000e+00 1.178700e+03 8.425400e+02 0
6.711800e-01 8.001500e-01 -1.875600e-01 9.612300e-02 31 68 1.079000e+01 2.240000e+00 1.145200e+03 8.124200e+02 0
6.766400e-01 8.218600e-01 -1.885800e-01 9.612300e-02 32 68 1.005800e+01 2.240000e+00 1.136600e+03 7.999100e+02 0
-4.774700e-01 5.987600e+00 -4.310500e-01 -8.971500e-01 176 37 1.013200e+01 2.240000e+00 6.242500e+02 4.402300e+02 1
-4.272600e-01 6.059500e+00 -4.344300e-01 -8.651100e-01 175 38 1.151000e+01 2.240000e+00 6.303800e+02 4.396600e+02 1
-4.774700e-01 6.092500e+00 -4.359700e-01 -8.651100e-01 176 38 1.259200e+01 2.240000e+00 6.254600e+02 4.393700e+02 1
-4.802000e-01 6.127700e+00 -4.376200e-01 -8.651100e-01 177 38 1.281800e+01 2.240000e+00 6.255700e+02 4.390800e+02 1
-5.312200e-01 6.158500e+00 -4.390700e-01 -8.651100e-01 178 38 1.248300e+01 2.240000e+00 6.206200e+02 4.388100e+02 1
-5.342200e-01 6.190200e+00 -4.405600e-01 -8.651100e-01 179 38 1.214700e+01 2.240000e+00 6.206900e+02 4.385600e+02 1
-6.348900e-01 6.209400e+00 -4.414600e-01 -8.651100e-01 180 38 1.152700e+01 2.240000e+00 6.105600e+02 4.383600e+02 1
-7.857700e-01 6.236900e+00 -4.427500e-01 -8.651100e-01 181 38 1.039200e+01 2.240000e+00 5.955000e+02 4.380700e+02 1
-3.797900e-01 6.062000e+00 -4.345400e-01 -8.330700e-01 175 39 1.172200e+01 2.240000e+00 6.354200e+02 4.396700e+02 1
-4.297200e-01 6.093600e+00 -4.360300e-01 -8.330700e-01 176 39 1.285100e+01 2.240000e+00 6.304800e+02 4.393800e+02 1
-4.802000e-01 6.125900e+00 -4.375400e-01 -8.330700e-01 177 39 1.316500e+01 2.240000e+00 6.255500e+02 4.391000e+02 1
-4.829200e-01 6.161600e+00 -4.392200e-01 -8.330700e-01 178 39 1.295200e+01 2.240000e+00 6.256600e+02 4.388100e+02 1
-5.342200e-01 6.190800e+00 -4.405900e-01 -8.330700e-01 179 39 1.259300e+01 2.240000e+00 6.206900e+02 4.385500e+02 1
-6.348900e-01 6.212300e+00 -4.416000e-01 -8.330700e-01 180 39 1.192300e+01 2.240000e+00 6.106000e+02 4.383400e+02 1
-6.875500e-01 6.245500e+00 -4.431500e-01 -8.330700e-01 181 39 1.089200e+01 2.240000e+00 6.056700e+02 4.380500e+02 1
-3.819700e-01 6.099300e+00 -4.362900e-01 -8.010300e-01 176 40 1.103500e+01 2.240000e+00 6.355500e+02 4.393600e+02 1
-4.321800e-01 6.127000e+00 -4.375900e-01 -8.010300e-01 177 40 1.140300e+01 2.240000e+00 6.305700e+02 4.391100e+02 1
-4.829200e-01 6.161200e+00 -4.391900e-01 -8.010300e-01 178 40 1.130100e+01 2.240000e+00 6.256600e+02 4.388100e+02 1
-6.313500e-01 6.182400e+00 -4.401900e-01 -8.010300e-01 179 40 11 2.240000e+00 6.105600e+02 4.385700e+02 1
-7.325700e-01 6.204700e+00 -4.412400e-01 -8.010300e-01 180 40 1.027400e+01 2.240000e+00 6.004600e+02 4.383500e+02 1
0 0 -1.500000e-01 -1.281600e-01 1 61 1.008100e+01 2.240000e+00 2167 -3.612800e+03 0
6.466300e-01 7.995400e-01 -1.875300e-01 -1.281600e-01 31 61 9.447200e+00 2.240000e+00 1.122900e+03 8.122400e+02 0
-5.183400e+00 2.172300e+00 -2.519700e-01 -1.281600e-01 162 61 1.093800e+01 2.240000e+00 -8.042600e+02 5.174100e+02 0
-5.259800e+00 2.083100e+00 -2.477800e-01 -1.281600e-01 163 61 1.093900e+01 2.240000e+00 -8.858900e+02 5.223900e+02 0
0 0 -1.500000e-01 -9.612300e-02 1 62 9.954400e+00 2.240000e+00 2167 -3.612800e+03 0
-8.185100e-04 3.489500e-02 -1.516400e-01 -9.612300e-02 2 62 9.558700e+00 2.240000e+00 3499 -7196 0
6.799100e-01 6.465600e-01 -1.803500e-01 -9.612300e-02 29 62 9.864300e+00 2.240000e+00 1.281600e+03 9.305400e+02 0
6.725500e-01 7.515900e-01 -1.852800e-01 -9.612300e-02 30 62 1.048500e+01 2.240000e+00 1180 8.437400e+02 0
6.711800e-01 7.994700e-01 -1.875300e-01 -9.612300e-02 31 62 1.081100e+01 2.240000e+00 1.145600e+03 8.128300e+02 0
6.851000e-01 8.143900e-01 -1.882300e-01 -9.612300e-02 32 62 1.052500e+01 2.240000e+00 1.148900e+03 8.043500e+02 0
0 0 -1.500000e-01 -6.408200e-02 1 63 1.024200e+01 2.240000e+00 2167 -3.612800e+03 0
-4.038000e-02 5.672600e-02 -1.526600e-01 -6.408200e-02 3 63 9.591100e+00 2.240000e+00 9.179700e+03 -18268 0
3.241300e-01 6.801100e-01 -1.819200e-01 -6.408200e-02 28 63 9.546400e+00 2.240000e+00 8.568800e+02 8.884300e+02 0
6.875500e-01 6.289000e-01 -1.795200e-01 -6.408200e-02 29 63 1.020800e+01 2.240000e+00 1.310600e+03 9.487500e+02 0
6.804600e-01 7.315400e-01 -1.843400e-01 -6.408200e-02 30 63 1.099800e+01 2.240000e+00 1.203500e+03 8.582600e+02 0
6.793700e-01 7.975300e-01 -1.874300e-01 -6.408200e-02 31 63 1.127400e+01 2.240000e+00 1.154500e+03 8.141800e+02 0
6.851000e-01 8.285400e-01 -1.888900e-01 -6.408200e-02 32 63 1.089000e+01 2.240000e+00 1.140100e+03 7.963500e+02 0
7.072000e-01 8.573900e-01 -1.902400e-01 -6.408200e-02 33 63 9.813500e+00 2.240000e+00 1142 7.813700e+02 0
0 0 -1.500000e-01 -3.204100e-02 1 64 1.573600e+01 2.240000e+00 2167 -3.612800e+03 0
-7.093800e-02 1.123800e-01 -1.552700e-01 -3.204100e-02 5 64 1.414000e+01 2.240000e+00 -3.079700e+03 7.639900e+03 0
-1.585200e-01 1.860600e-01 -1.587300e-01 -3.204100e-02 8 64 1.332100e+01 2.240000e+00 -1.091800e+03 2.909100e+03 0
-2.008100e-01 1.919000e-01 -1.590100e-01 -3.204100e-02 9 64 1.261600e+01 2.240000e+00 -1.203500e+03 2.762100e+03 0
-2.480100e-01 1.861200e-01 -1.587400e-01 -3.204100e-02 10 64 1.254500e+01 2.240000e+00 -1.518600e+03 2.844200e+03 0
-2.619200e-01 2.206400e-01 -1.603600e-01 -3.204100e-02 11 64 1.201400e+01 2.240000e+00 -1.077700e+03 2.291900e+03 0
-2.881200e-01 2.288700e-01 -1.607400e-01 -3.204100e-02 12 64 1.158300e+01 2.240000e+00 -1.080800e+03 2.186400e+03 0
-3.077600e-01 2.793100e-01 -1.631100e-01 -3.204100e-02 13 64 1.087200e+01 2.240000e+00 -7.182600e+02 1.760800e+03 0
-3.085800e-01 2.932100e-01 -1.637600e-01 -3.204100e-02 14 64 1.053900e+01 2.240000e+00 -6.348600e+02 1.677700e+03 0
3.536000e-01 3.326200e-01 -1.656100e-01 -3.204100e-02 28 64 1.210400e+01 2.240000e+00 1163 1.591700e+03 0
6.799100e-01 6.458600e-01 -1.803200e-01 -3.204100e-02 29 64 1.366400e+01 2.240000e+00 1.282400e+03 9.312300e+02 0
6.804600e-01 7.319900e-01 -1.843600e-01 -3.204100e-02 30 64 1.456000e+01 2.240000e+00 1.203100e+03 8.579300e+02 0
6.793700e-01 7.974200e-01 -1.874300e-01 -3.204100e-02 31 64 1.471500e+01 2.240000e+00 1.154600e+03 8.142500e+02 0
6.766400e-01 8.291300e-01 -1.889200e-01 -3.204100e-02 32 64 1.418800e+01 2.240000e+00 1.132200e+03 7.958400e+02 0
6.722700e-01 8.703600e-01 -1.908500e-01 -3.204100e-02 33 64 1.268300e+01 2.240000e+00 1.105200e+03 7.741600e+02 0
-9.994100e-01 2.804700e-01 -1.631600e-01 -3.204100e-02 34 64 9.962100e+00 2.240000e+00 -2407 1.617800e+03 0
7.235700e-01 8.993100e-01 -1.922100e-01 -3.204100e-02 35 64 1.033700e+01 2.240000e+00 1.131900e+03 7.612100e+02 0
-7.830500e-01 9.260400e-01 -1.934700e-01 -3.204100e-02 36 64 1.082500e+01 2.240000e+00 3.123000e+00 7.261400e+02 0
-8.152400e-01 9.244800e-01 -1.933900e-01 -3.204100e-02 37 64 1.115900e+01 2.240000e+00 -2.056900e+01 7.262700e+02 0
-8.479800e-01 9.125700e-01 -1.928300e-01 -3.204100e-02 38 64 1.064600e+01 2.240000e+00 -5.348000e+01 7.304100e+02 0
