0 0 -1.500000e-01 0 1 65 1.677500e+01 2.150000e+00 2167 -3.612800e+03 0
-7.093800e-02 1.129000e-01 -1.550900e-01 0 5 65 1.515100e+01 2.150000e+00 -3.031100e+03 7.543300e+03 0
-1.585200e-01 1.860000e-01 -1.583800e-01 0 8 65 1.429000e+01 2.150000e+00 -1.092600e+03 2.908300e+03 0
-1.986300e-01 1.945400e-01 -1.587600e-01 0 9 65 1.365400e+01 2.150000e+00 -1.154100e+03 2.712100e+03 0
-2.480100e-01 1.866200e-01 -1.584100e-01 0 10 65 1.358600e+01 2.150000e+00 -1.509200e+03 2.831900e+03 0
-2.592000e-01 2.263700e-01 -1.602000e-01 0 11 65 1.301800e+01 2.150000e+00 -1.004800e+03 2.223500e+03 0
-2.851200e-01 2.365900e-01 -1.606600e-01 0 12 65 1.259300e+01 2.150000e+00 -9.910300e+02 2.105200e+03 0
-3.012100e-01 2.856000e-01 -1.628700e-01 0 13 65 1.185600e+01 2.150000e+00 -6.607000e+02 1.721700e+03 0
-4.256300e-01 1.130800e-01 -1.550900e-01 0 14 65 1.151600e+01 2.150000e+00 -6.412600e+03 5.919700e+03 0
-1.222300e-01 2.557800e-01 -1.615200e-01 0 15 65 1.122500e+01 2.150000e+00 -3.097900e+02 1.979600e+03 0
3.536000e-01 3.230500e-01 -1.645500e-01 0 28 65 1.305700e+01 2.150000e+00 1.181800e+03 1.638400e+03 0
6.799100e-01 6.390000e-01 -1.787900e-01 0 29 65 1.459400e+01 2.150000e+00 1.289700e+03 9.366600e+02 0
6.725500e-01 7.368300e-01 -1.831900e-01 0 30 65 1.548000e+01 2.150000e+00 1.191200e+03 8.528100e+02 0
6.711800e-01 8.044800e-01 -1.862400e-01 0 31 65 1.558100e+01 2.150000e+00 1.142400e+03 8.084900e+02 0
6.766400e-01 8.341300e-01 -1.875800e-01 0 32 65 1.496400e+01 2.150000e+00 1.129200e+03 7.917500e+02 0
6.635400e-01 8.884800e-01 -1.900300e-01 0 33 65 1.330800e+01 2.150000e+00 1.088600e+03 7.639000e+02 0
7.328400e-01 8.613300e-01 -1.888000e-01 0 35 65 1.118900e+01 2.150000e+00 1.161500e+03 7.785000e+02 0
-8.307900e-01 8.962600e-01 -1.903800e-01 0 36 65 1.167700e+01 2.150000e+00 -5.543000e+01 7.359500e+02 0
-8.643500e-01 8.864700e-01 -1.899400e-01 0 37 65 1.215400e+01 2.150000e+00 -8.848600e+01 7.394600e+02 0
-8.883600e-01 8.722200e-01 -1.892900e-01 0 38 65 1.179400e+01 2.150000e+00 -1.196200e+02 7.451000e+02 0
-9.020000e-01 8.927900e-01 -1.902200e-01 0 39 65 1.053400e+01 2.150000e+00 -1.096900e+02 7.362700e+02 0
0 0 -1.500000e-01 3.204100e-02 1 66 1.576900e+01 2.150000e+00 2167 -3.612800e+03 0
-7.202900e-02 1.120900e-01 -1.550500e-01 3.204100e-02 5 66 1.413900e+01 2.150000e+00 -3.119400e+03 7.680100e+03 0
-1.585200e-01 1.860000e-01 -1.583800e-01 3.204100e-02 8 66 1.329400e+01 2.150000e+00 -1.092600e+03 2.908300e+03 0
-1.986300e-01 1.947600e-01 -1.587700e-01 3.204100e-02 9 66 1.262400e+01 2.150000e+00 -1.150900e+03 2.708200e+03 0
-2.455500e-01 1.913500e-01 -1.586200e-01 3.204100e-02 10 66 1.256700e+01 2.150000e+00 -1.415300e+03 2.741500e+03 0
-2.592000e-01 2.270600e-01 -1.602300e-01 3.204100e-02 11 66 1.202400e+01 2.150000e+00 -9.975100e+02 2.215700e+03 0
-2.821100e-01 2.413500e-01 -1.608700e-01 3.204100e-02 12 66 1.155000e+01 2.150000e+00 -9.358400e+02 2060 0
-2.979400e-01 2.892600e-01 -1.630300e-01 3.204100e-02 13 66 1.073700e+01 2.150000e+00 -6.301400e+02 1.700700e+03 0
-4.114400e-01 1.773400e-01 -1.579900e-01 3.204100e-02 14 66 1.055100e+01 2.150000e+00 -2.467300e+03 2.909400e+03 0
-1.260500e-01 2.231700e-01 -1.600500e-01 3.204100e-02 15 66 1.037200e+01 2.150000e+00 -5.380800e+02 2.316300e+03 0
3.536000e-01 3.088800e-01 -1.639200e-01 3.204100e-02 28 66 1.202300e+01 2.150000e+00 1.212800e+03 1.717700e+03 0
6.799100e-01 6.340300e-01 -1.785600e-01 3.204100e-02 29 66 1.355100e+01 2.150000e+00 1.295300e+03 9.417200e+02 0
6.725500e-01 7.352500e-01 -1.831200e-01 3.204100e-02 30 66 1.444100e+01 2.150000e+00 1.192400e+03 8.539600e+02 0
6.711800e-01 8.044700e-01 -1.862400e-01 3.204100e-02 31 66 1.453200e+01 2.150000e+00 1.142400e+03 8.085000e+02 0
6.766400e-01 8.353500e-01 -1.876300e-01 3.204100e-02 32 66 1.388300e+01 2.150000e+00 1.128400e+03 7.910900e+02 0
6.635400e-01 8.923000e-01 -1.902000e-01 3.204100e-02 33 66 1.213600e+01 2.150000e+00 1.086700e+03 7.621000e+02 0
6.957400e-01 8.640500e-01 -1.889300e-01 3.204100e-02 35 66 1.016800e+01 2.150000e+00 1.128400e+03 7.764200e+02 0
-8.498900e-01 8.756400e-01 -1.894500e-01 3.204100e-02 36 66 1.072100e+01 2.150000e+00 -8.808300e+01 7.442600e+02 0
-8.741700e-01 8.733500e-01 -1.893400e-01 3.204100e-02 37 66 1.114500e+01 2.150000e+00 -1.081000e+02 7.448500e+02 0
-8.883600e-01 8.736200e-01 -1.893600e-01 3.204100e-02 38 66 1.075900e+01 2.150000e+00 -1.182400e+02 7.445000e+02 0
0 0 -1.500000e-01 6.408200e-02 1 67 9.736500e+00 2.150000e+00 2167 -3.612800e+03 0
5.456800e-04 3.475000e-02 -1.515700e-01 6.408200e-02 2 67 9.406800e+00 2.150000e+00 3.463400e+03 -7.158500e+03 0
6.488100e-01 7.605700e-01 -1.842600e-01 6.408200e-02 30 67 9.939400e+00 2.150000e+00 1.150100e+03 8.356600e+02 0
6.466300e-01 8.236800e-01 -1.871100e-01 6.408200e-02 31 67 1.027600e+01 2.150000e+00 1.108600e+03 7.969200e+02 0
6.512600e-01 8.349300e-01 -1.876100e-01 6.408200e-02 32 67 1.021700e+01 2.150000e+00 1.106400e+03 7.908100e+02 0
5.221000e+00 9.016800e+00 -5.562100e-01 -7.369400e-01 300 42 9.753400e+00 2.150000e+00 1.059800e+03 4.238600e+02 1
4.992900e+00 9.166100e+00 -5.629400e-01 -7.369400e-01 301 42 9.968300e+00 2.150000e+00 1.037100e+03 4.232200e+02 1
5.330200e+00 8.588400e+00 2.165200e+00 -7.049000e-01 297 43 1.043100e+01 2.150000e+00 1.078800e+03 2.296800e+02 0
5.348200e+00 8.793100e+00 -5.461300e-01 -7.049000e-01 298 43 1.100900e+01 2.150000e+00 1079 4.248100e+02 1
5.447500e+00 8.859600e+00 -5.491300e-01 -7.049000e-01 299 43 1.084400e+01 2.150000e+00 1.083500e+03 4.245600e+02 1
5.302600e+00 8.949100e+00 -5.531600e-01 -7.049000e-01 300 43 1.140900e+01 2.150000e+00 1.068700e+03 4.241600e+02 1
5.238500e+00 8.990200e+00 -5.550100e-01 -7.049000e-01 301 43 1.136100e+01 2.150000e+00 1.062200e+03 4.239700e+02 1
5.007100e+00 8.921900e+00 -5.519400e-01 -6.728600e-01 297 44 1.045500e+01 2.150000e+00 1.047800e+03 4.241800e+02 1
5.024000e+00 9.000300e+00 -5.554700e-01 -6.728600e-01 298 44 1.083200e+01 2.150000e+00 1.045900e+03 4.238700e+02 1
5.122300e+00 9.044800e+00 -5.574700e-01 -6.728600e-01 299 44 1.030500e+01 2.150000e+00 1.051400e+03 4.237200e+02 1
5.302600e+00 8.984800e+00 -5.547700e-01 -6.728600e-01 300 44 1.074500e+01 2.150000e+00 1.067200e+03 4.240100e+02 1
5.238500e+00 9.020600e+00 -5.563800e-01 -6.728600e-01 301 44 1.067200e+01 2.150000e+00 1.060900e+03 4.238500e+02 1
8.709000e-01 1.179100e+00 -2.031200e-01 -5.767400e-01 43 47 9.805100e+00 2.150000e+00 1107 6.654100e+02 0
-8.329200e+00 7.138300e+00 1.733100e+00 -4.165300e-01 319 52 1.019900e+01 2.150000e+00 -3.536500e+01 2.462300e+02 0
-7.969900e+00 7.848600e+00 -5.035800e-01 -4.165300e-01 322 52 1.083800e+01 2.150000e+00 5.034300e+01 4.246700e+02 1
-8.170400e+00 7.690000e+00 -4.964400e-01 -4.165300e-01 323 52 1.030300e+01 2.150000e+00 2.180200e+01 4.253200e+02 1
0 0 -1.500000e-01 -9.612300e-02 1 62 9.777700e+00 2.150000e+00 2167 -3.612800e+03 0
6.804600e-01 7.459400e-01 -1.836100e-01 -9.612300e-02 30 62 9.619800e+00 2.150000e+00 1.192100e+03 8.465100e+02 0
6.630000e-01 8.110200e-01 -1.865400e-01 -9.612300e-02 31 62 9.916300e+00 2.150000e+00 1.130800e+03 8.044800e+02 0
0 0 -1.500000e-01 -6.408200e-02 1 63 1.011700e+01 2.150000e+00 2167 -3.612800e+03 0
6.725500e-01 7.554700e-01 -1.840300e-01 -6.408200e-02 30 63 9.595100e+00 2.150000e+00 1.177100e+03 8.397000e+02 0
6.630000e-01 7.708000e-01 -1.847200e-01 -6.408200e-02 31 63 1.003000e+01 2.150000e+00 1.156900e+03 8.292300e+02 0
6.597200e-01 7.580300e-01 -1.841500e-01 -6.408200e-02 32 63 9.885900e+00 2.150000e+00 1.162600e+03 8.376400e+02 0
0 0 -1.500000e-01 -3.204100e-02 1 64 1.574700e+01 2.150000e+00 2167 -3.612800e+03 0
-7.093800e-02 1.125800e-01 -1.550700e-01 -3.204100e-02 5 64 1.411900e+01 2.150000e+00 -3.060100e+03 7599 0
-1.585200e-01 1.860300e-01 -1.583800e-01 -3.204100e-02 8 64 1.325400e+01 2.150000e+00 -1.092100e+03 2.907600e+03 0
-1.986300e-01 1.940100e-01 -1.587400e-01 -3.204100e-02 9 64 1.263000e+01 2.150000e+00 -1.161900e+03 2722 0
-2.480100e-01 1.850200e-01 -1.583400e-01 -3.204100e-02 10 64 1.255300e+01 2.150000e+00 -1.538700e+03 2.864600e+03 0
-2.592000e-01 2.247000e-01 -1.601200e-01 -3.204100e-02 11 64 1.203000e+01 2.150000e+00 -1.022600e+03 2.242800e+03 0
-2.851200e-01 2.363900e-01 -1.606500e-01 -3.204100e-02 12 64 1.157200e+01 2.150000e+00 -9.929800e+02 2.107200e+03 0
-3.012100e-01 2.872600e-01 -1.629400e-01 -3.204100e-02 13 64 1.085600e+01 2.150000e+00 -6.506300e+02 1.711800e+03 0
-3.085800e-01 3.110900e-01 -1.640100e-01 -3.204100e-02 14 64 1.057700e+01 2.150000e+00 -5.387800e+02 1.583100e+03 0
3.536000e-01 2.987600e-01 -1.634600e-01 -3.204100e-02 28 64 1.208600e+01 2.150000e+00 1.237500e+03 1.780800e+03 0
6.799100e-01 6.424400e-01 -1.789400e-01 -3.204100e-02 29 64 1.358200e+01 2.150000e+00 1286 9.332100e+02 0
6.804600e-01 7.321600e-01 -1.829800e-01 -3.204100e-02 30 64 1.447300e+01 2.150000e+00 1.202900e+03 8.564300e+02 0
6.711800e-01 8.043700e-01 -1.862400e-01 -3.204100e-02 31 64 1.458500e+01 2.150000e+00 1.142500e+03 8.085600e+02 0
6.766400e-01 8.315600e-01 -1.874600e-01 -3.204100e-02 32 64 1.400300e+01 2.150000e+00 1.130700e+03 7.931600e+02 0
6.635400e-01 8.825700e-01 -1.897600e-01 -3.204100e-02 33 64 1.244100e+01 2.150000e+00 1.091500e+03 7.667100e+02 0
7.421200e-01 8.643300e-01 -1.889400e-01 -3.204100e-02 35 64 1.056900e+01 2.150000e+00 1.167600e+03 7.771500e+02 0
-8.116900e-01 9.137500e-01 -1.911700e-01 -3.204100e-02 36 64 1.078100e+01 2.150000e+00 -2.686300e+01 7.292400e+02 0
-8.447100e-01 9.072100e-01 -1.908700e-01 -3.204100e-02 37 64 1.132200e+01 2.150000e+00 -5.576700e+01 7.313300e+02 0
-8.681700e-01 9.010700e-01 -1.905900e-01 -3.204100e-02 38 64 1.104100e+01 2.150000e+00 -7.786400e+01 7.334300e+02 0
-9.020000e-01 8.921700e-01 -1.901900e-01 -3.204100e-02 39 64 9.822600e+00 2.150000e+00 -1.102700e+02 7.365200e+02 0
