0 0 -1.500000e-01 0 1 65 1.675500e+01 2.450000e+00 2167 -3.612800e+03 0
-7.093800e-02 1.129100e-01 -1.558000e-01 0 5 65 1.515800e+01 2.450000e+00 -3.033300e+03 7.558400e+03 0
-1.585200e-01 1.860400e-01 -1.595500e-01 0 8 65 1.432500e+01 2.450000e+00 -1.092700e+03 2.914700e+03 0
-2.008100e-01 1.919700e-01 -1.598600e-01 0 9 65 1.364500e+01 2.450000e+00 -1203 2.765600e+03 0
-2.480100e-01 1.869900e-01 -1.596000e-01 0 10 65 1.363700e+01 2.450000e+00 -1.503400e+03 2.831400e+03 0
-2.619200e-01 2.222000e-01 -1.614100e-01 0 11 65 1.311600e+01 2.450000e+00 -1.060500e+03 2.277300e+03 0
-2.881200e-01 2.308400e-01 -1.618500e-01 0 12 65 1.267200e+01 2.450000e+00 -1.060100e+03 2.169300e+03 0
-3.012100e-01 2.844000e-01 -1.646000e-01 0 13 65 1.194900e+01 2.450000e+00 -6.684900e+02 1.734400e+03 0
-3.050300e-01 3.075000e-01 -1.657900e-01 0 14 65 1.146600e+01 2.450000e+00 -5.486100e+02 1.606500e+03 0
-1.184100e-01 3.538300e-01 -1.681700e-01 0 15 65 1.139500e+01 2.450000e+00 4.479700e+01 1.436200e+03 0
-3.601500e-01 3.731400e-01 -1.691600e-01 0 16 65 1.109500e+01 2.450000e+00 -3.918000e+02 1.343200e+03 0
3.609700e-01 2.788400e-01 -1.643200e-01 0 28 65 1.310800e+01 2.450000e+00 1319 1.932600e+03 0
6.799100e-01 6.412000e-01 -1.829200e-01 0 29 65 1.462700e+01 2.450000e+00 1.287600e+03 9.391600e+02 0
6.804600e-01 7.298400e-01 -1.874700e-01 0 30 65 1.555100e+01 2.450000e+00 1205 8.627200e+02 0
6.793700e-01 7.975800e-01 -1.909500e-01 0 31 65 1.570300e+01 2.450000e+00 1.154600e+03 8.173100e+02 0
6.766400e-01 8.326300e-01 -1.927500e-01 0 32 65 1.517000e+01 2.450000e+00 1.130200e+03 7.970500e+02 0
6.810000e-01 8.700800e-01 -1.946700e-01 0 33 65 1.368200e+01 2.450000e+00 1.112800e+03 7.775700e+02 0
7.606700e-01 7.999700e-01 -1.910700e-01 0 35 65 1.115300e+01 2.450000e+00 1.228600e+03 8.176900e+02 0
-8.307900e-01 8.607000e-01 -1.941900e-01 0 36 65 1.177600e+01 2.450000e+00 -8.828900e+01 7.552400e+02 0
-8.545300e-01 8.677800e-01 -1.945600e-01 0 37 65 1.216300e+01 2.450000e+00 -9.915100e+01 7.517300e+02 0
-8.681700e-01 8.818800e-01 -1.952800e-01 0 38 65 1.173600e+01 2.450000e+00 -9.572500e+01 7.454700e+02 0
-9.331100e-01 8.503900e-01 -1.936600e-01 0 39 65 1.019000e+01 2.450000e+00 -1.754900e+02 7.581400e+02 0
0 0 -1.500000e-01 3.204100e-02 1 66 1.575300e+01 2.450000e+00 2167 -3.612800e+03 0
-7.093800e-02 1.132000e-01 -1.558100e-01 3.204100e-02 5 66 1.416000e+01 2.450000e+00 -3.007200e+03 7.508100e+03 0
-1.585200e-01 1.859300e-01 -1.595500e-01 3.204100e-02 8 66 1.330000e+01 2.450000e+00 -1.094300e+03 2917 0
-2.008100e-01 1.922400e-01 -1.598700e-01 3.204100e-02 9 66 1.265100e+01 2.450000e+00 -1.198800e+03 2.760500e+03 0
-2.480100e-01 1.872700e-01 -1.596200e-01 3.204100e-02 10 66 1.265900e+01 2.450000e+00 -1.498200e+03 2.825700e+03 0
-2.619200e-01 2.229800e-01 -1.614500e-01 3.204100e-02 11 66 1.208800e+01 2.450000e+00 -1.051800e+03 2268 0
-2.881200e-01 2.319400e-01 -1.619100e-01 3.204100e-02 12 66 1.164700e+01 2.450000e+00 -1.048700e+03 2.157700e+03 0
-3.012100e-01 2.834200e-01 -1.645500e-01 3.204100e-02 13 66 1.095000e+01 2.450000e+00 -6.745400e+02 1.740300e+03 0
-3.014900e-01 3.052900e-01 -1.656700e-01 3.204100e-02 14 66 1.058800e+01 2.450000e+00 -5.512700e+02 1.618300e+03 0
3.536000e-01 3.136300e-01 -1.661000e-01 3.204100e-02 28 66 1.219800e+01 2.450000e+00 1.202300e+03 1.695800e+03 0
6.799100e-01 6.398500e-01 -1.828500e-01 3.204100e-02 29 66 1.367000e+01 2.450000e+00 1.289100e+03 9.405100e+02 0
6.804600e-01 7.275900e-01 -1.873600e-01 3.204100e-02 30 66 1.454700e+01 2.450000e+00 1.206800e+03 8.644000e+02 0
6.793700e-01 7.974600e-01 -1.909500e-01 3.204100e-02 31 66 1.467200e+01 2.450000e+00 1.154700e+03 8.173800e+02 0
6.766400e-01 8.348200e-01 -1.928600e-01 3.204100e-02 32 66 1.411400e+01 2.450000e+00 1129 7.958500e+02 0
6.722700e-01 8.790500e-01 -1.951300e-01 3.204100e-02 33 66 1.258200e+01 2.450000e+00 1.100700e+03 773 0
7.514000e-01 7.129400e-01 -1.866100e-01 3.204100e-02 35 66 1.021700e+01 2.450000e+00 1.294500e+03 8.776500e+02 0
-8.212400e-01 8.891700e-01 -1.956500e-01 3.204100e-02 36 66 1.058900e+01 2.450000e+00 -5.496200e+01 7.431700e+02 0
-8.447100e-01 8.812100e-01 -1.952400e-01 3.204100e-02 37 66 1.100200e+01 2.450000e+00 -7.924600e+01 7.461300e+02 0
-8.782700e-01 8.484000e-01 -1.935600e-01 3.204100e-02 38 66 1.059600e+01 2.450000e+00 -1.362500e+02 7.599800e+02 0
0 0 -1.500000e-01 6.408200e-02 1 67 1.045400e+01 2.450000e+00 2167 -3.612800e+03 0
2.728400e-04 3.484000e-02 -1.517900e-01 6.408200e-02 2 67 1.005800e+01 2.450000e+00 3.474200e+03 -7.179400e+03 0
6.569900e-01 5.827400e-01 -1.799200e-01 6.408200e-02 29 67 9.989100e+00 2.450000e+00 1328 1.003800e+03 0
6.567200e-01 7.086700e-01 -1.863900e-01 6.408200e-02 30 67 1.079900e+01 2.450000e+00 1.197400e+03 8.782800e+02 0
6.630000e-01 8.112200e-01 -1.916500e-01 6.408200e-02 31 67 1.103100e+01 2.450000e+00 1.130900e+03 8.088500e+02 0
6.681800e-01 8.400600e-01 -1.931300e-01 6.408200e-02 32 67 1.065300e+01 2.450000e+00 1.118500e+03 7.928400e+02 0
6.409000e-01 7.492100e-01 -1.884700e-01 9.612300e-02 30 68 9.996600e+00 2.450000e+00 1.150400e+03 8.477600e+02 0
6.466300e-01 8.237200e-01 -1.922900e-01 9.612300e-02 31 68 1.016500e+01 2.450000e+00 1.108800e+03 8.013700e+02 0
6.512600e-01 8.581600e-01 -1.940600e-01 9.612300e-02 32 68 9.693300e+00 2.450000e+00 1094 7.830200e+02 0
-1.129600e-01 4.814600e+00 -3.972000e-01 -9.612300e-01 139 35 1.033100e+01 2.450000e+00 6.557400e+02 4.555300e+02 1
-3.792500e-02 4.844500e+00 -3.987400e-01 -9.612300e-01 140 35 1.137300e+01 2.450000e+00 6.659500e+02 4.552000e+02 1
-7.639500e-02 4.873000e+00 -4.002000e-01 -9.612300e-01 141 35 1.166300e+01 2.450000e+00 6.610300e+02 4.548000e+02 1
-1.538800e-01 4.893500e+00 -4.012500e-01 -9.612300e-01 142 35 1.138100e+01 2.450000e+00 6.509800e+02 4.544800e+02 1
-1.549700e-01 4.926600e+00 -4.029500e-01 -9.612300e-01 143 35 1.066000e+01 2.450000e+00 6.511300e+02 4.540600e+02 1
-7.530300e-02 4.800300e+00 -3.964700e-01 -9.291900e-01 139 36 1.250900e+01 2.450000e+00 6.606700e+02 4.557500e+02 1
-7.584900e-02 4.840500e+00 -3.985300e-01 -9.291900e-01 140 36 1.380700e+01 2.450000e+00 6.608800e+02 4.552200e+02 1
-1.145900e-01 4.877200e+00 -4.004200e-01 -9.291900e-01 141 36 1.409900e+01 2.450000e+00 6.560200e+02 4.547200e+02 1
-1.538800e-01 4.913600e+00 -4.022800e-01 -9.291900e-01 142 36 1.361600e+01 2.450000e+00 6.511600e+02 4.542300e+02 1
-1.937200e-01 4.951600e+00 -4.042300e-01 -9.291900e-01 143 36 1.292000e+01 2.450000e+00 6.463200e+02 4.537200e+02 1
-1.950800e-01 4.986000e+00 -4.060000e-01 -9.291900e-01 144 36 1.217500e+01 2.450000e+00 6.464700e+02 4.533000e+02 1
-1.178700e-01 4.999800e+00 -4.067100e-01 -9.291900e-01 145 36 1.038500e+01 2.450000e+00 6.565400e+02 4.531800e+02 1
-3.757000e-01 1.535800e+00 -2.288500e-01 -8.971500e-01 52 37 1.012000e+01 2.450000e+00 4.579600e+02 5.936600e+02 0
-7.530300e-02 4.800000e+00 -3.964500e-01 -8.971500e-01 139 37 1.267100e+01 2.450000e+00 6.606700e+02 4.557500e+02 1
-7.584900e-02 4.842100e+00 -3.986200e-01 -8.971500e-01 140 37 1.395000e+01 2.450000e+00 6.608900e+02 4.552000e+02 1
-1.145900e-01 4.878800e+00 -4.005000e-01 -8.971500e-01 141 37 1.418700e+01 2.450000e+00 6.560300e+02 4.547000e+02 1
-1.923500e-01 4.915600e+00 -4.023900e-01 -8.971500e-01 142 37 1.355600e+01 2.450000e+00 6.461400e+02 4.541700e+02 1
-2.324600e-01 4.953500e+00 -4.043300e-01 -8.971500e-01 143 37 1.288000e+01 2.450000e+00 6.413100e+02 4.536700e+02 1
-1.950800e-01 4.990100e+00 -4.062100e-01 -8.971500e-01 144 37 1.235700e+01 2.450000e+00 6.465100e+02 4.532500e+02 1
-1.964400e-01 5.022800e+00 -4.078900e-01 -8.971500e-01 145 37 1.097700e+01 2.450000e+00 6.466500e+02 4.528500e+02 1
-1.978100e-01 5.060000e+00 -4.098000e-01 -8.971500e-01 146 37 1.028400e+01 2.450000e+00 6.468300e+02 4.524000e+02 1
-3.546900e-01 1.567800e+00 -2.304900e-01 -8.651100e-01 51 38 1.022700e+01 2.450000e+00 4.717200e+02 5.895200e+02 0
-3.617800e-01 1.592300e+00 -2.317500e-01 -8.651100e-01 52 38 1.053700e+01 2.450000e+00 4.723700e+02 5.863400e+02 0
-3.121300e-01 1.664200e+00 -2.354500e-01 -8.651100e-01 53 38 1.015100e+01 2.450000e+00 5.018200e+02 5.779000e+02 0
-7.530300e-02 4.786200e+00 -3.957400e-01 -8.651100e-01 139 38 1.102000e+01 2.450000e+00 6.605800e+02 4.559400e+02 1
-7.584900e-02 4.840500e+00 -3.985300e-01 -8.651100e-01 140 38 1.204500e+01 2.450000e+00 6.608800e+02 4.552200e+02 1
-1.145900e-01 4.870600e+00 -4.000800e-01 -8.651100e-01 141 38 1.211300e+01 2.450000e+00 6.559700e+02 4.548000e+02 1
-2.308200e-01 4.885900e+00 -4.008600e-01 -8.651100e-01 142 38 1.109300e+01 2.450000e+00 6.407900e+02 4.545200e+02 1
-2.324600e-01 4.910300e+00 -4.021100e-01 -8.651100e-01 143 38 1.038800e+01 2.450000e+00 6.408400e+02 4.542100e+02 1
-1.560600e-01 4.980900e+00 -4.057400e-01 -8.651100e-01 144 38 1.039600e+01 2.450000e+00 6.514600e+02 4.533900e+02 1
-1.187400e+00 2.029800e+00 -2.542200e-01 -8.010300e-01 69 40 9.908800e+00 2.450000e+00 261 5.406600e+02 0
-1.242500e+00 2.011300e+00 -2.532700e-01 -8.010300e-01 70 40 1.009100e+01 2.450000e+00 2.396500e+02 5.418600e+02 0
6.220700e-01 7.268600e-01 -1.873200e-01 -1.281600e-01 31 61 9.609500e+00 2.450000e+00 1.147100e+03 8.633400e+02 0
6.428100e-01 8.141400e-01 -1.918000e-01 -1.281600e-01 32 61 1.015000e+01 2.450000e+00 1.110900e+03 8.067300e+02 0
6.548100e-01 8.595600e-01 -1.941300e-01 -1.281600e-01 33 61 1.010800e+01 2.450000e+00 1.096300e+03 7.823800e+02 0
0 0 -1.500000e-01 -9.612300e-02 1 62 9.950800e+00 2.450000e+00 2167 -3.612800e+03 0
6.646300e-01 2.861400e-01 -1.646900e-01 -9.612300e-02 30 62 9.854900e+00 2.450000e+00 2.344900e+03 1.958300e+03 0
6.384400e-01 8.179200e-01 -1.920000e-01 -9.612300e-02 31 62 1.011800e+01 2.450000e+00 1.104800e+03 8.044700e+02 0
6.428100e-01 8.322200e-01 -1.927300e-01 -9.612300e-02 32 62 1.057900e+01 2.450000e+00 1.100600e+03 7.965800e+02 0
6.722700e-01 8.672300e-01 -1.945300e-01 -9.612300e-02 33 62 1.030800e+01 2.450000e+00 1107 7.788300e+02 0
0 0 -1.500000e-01 -6.408200e-02 1 63 1.013600e+01 2.450000e+00 2167 -3.612800e+03 0
-2.073600e-02 1.419300e-02 -1.507300e-01 -6.408200e-02 2 63 9.979900e+00 2.450000e+00 2.761500e+03 -4622 0
6.799100e-01 1.966600e-01 -1.601000e-01 -6.408200e-02 29 63 9.559100e+00 2.450000e+00 3.928600e+03 3.367900e+03 0
6.725500e-01 5.093500e-01 -1.761500e-01 -6.408200e-02 30 63 1.018600e+01 2.450000e+00 1.465500e+03 1.113200e+03 0
6.302600e-01 8.109000e-01 -1.916300e-01 -6.408200e-02 31 63 1.038000e+01 2.450000e+00 1.101400e+03 8.083300e+02 0
6.428100e-01 8.635300e-01 -1.943400e-01 -6.408200e-02 32 63 1.060200e+01 2.450000e+00 1084 7.801400e+02 0
6.984700e-01 8.505300e-01 -1.936700e-01 -6.408200e-02 33 63 1.017000e+01 2.450000e+00 1.138700e+03 7.878800e+02 0
0 0 -1.500000e-01 -3.204100e-02 1 64 1.572700e+01 2.450000e+00 2167 -3.612800e+03 0
-7.093800e-02 1.124000e-01 -1.557700e-01 -3.204100e-02 5 64 1.413900e+01 2.450000e+00 -3.079300e+03 7.646700e+03 0
-1.585200e-01 1.859600e-01 -1.595500e-01 -3.204100e-02 8 64 1.328700e+01 2.450000e+00 -1.093800e+03 2.916200e+03 0
-2.008100e-01 1.929100e-01 -1.599000e-01 -3.204100e-02 9 64 1.260600e+01 2.450000e+00 -1.188800e+03 2.747900e+03 0
-2.480100e-01 1.872500e-01 -1.596100e-01 -3.204100e-02 10 64 1.260400e+01 2.450000e+00 -1.498600e+03 2.826200e+03 0
-2.592000e-01 2.246600e-01 -1.615400e-01 -3.204100e-02 11 64 1.210500e+01 2.450000e+00 -1.023500e+03 2.249300e+03 0
-2.821100e-01 2.344000e-01 -1.620400e-01 -3.204100e-02 12 64 1.167900e+01 2.450000e+00 -1003 2.134300e+03 0
-2.979400e-01 2.843400e-01 -1.646000e-01 -3.204100e-02 13 64 1.098200e+01 2.450000e+00 -6.601000e+02 1.735400e+03 0
-1.184100e-01 3.805300e-01 -1.695400e-01 -3.204100e-02 15 64 1.041500e+01 2.450000e+00 1.005900e+02 1.346500e+03 0
3.609700e-01 1.846500e-01 -1.594800e-01 -3.204100e-02 28 64 1.202800e+01 2.450000e+00 1.916100e+03 3.403100e+03 0
6.799100e-01 6.471900e-01 -1.832300e-01 -3.204100e-02 29 64 1.354100e+01 2.450000e+00 1.281100e+03 9.332100e+02 0
6.804600e-01 7.319600e-01 -1.875800e-01 -3.204100e-02 30 64 1.450800e+01 2.450000e+00 1.203300e+03 8.611600e+02 0
6.793700e-01 7.975600e-01 -1.909500e-01 -3.204100e-02 31 64 1.470600e+01 2.450000e+00 1.154600e+03 8.173200e+02 0
6.766400e-01 8.312300e-01 -1.926800e-01 -3.204100e-02 32 64 1.424700e+01 2.450000e+00 1.131100e+03 7.978200e+02 0
6.810000e-01 8.638600e-01 -1.943500e-01 -3.204100e-02 33 64 1.289600e+01 2.450000e+00 1.116200e+03 7.806900e+02 0
7.606700e-01 7.885400e-01 -1.904900e-01 -3.204100e-02 35 64 1.018000e+01 2.450000e+00 1.237500e+03 8.247300e+02 0
-8.498900e-01 8.175400e-01 -1.919800e-01 -3.204100e-02 36 64 1.086500e+01 2.450000e+00 -1.471000e+02 7.751500e+02 0
-8.545300e-01 8.634400e-01 -1.943300e-01 -3.204100e-02 37 64 1.124700e+01 2.450000e+00 -1.033600e+02 7.536400e+02 0
-8.681700e-01 8.995600e-01 -1.961900e-01 -3.204100e-02 38 64 1.094100e+01 2.450000e+00 -7.938700e+01 7.381800e+02 0
