0 0 -1.500000e-01 0 1 65 1.674800e+01 3.060000e+00 2167 -3.612800e+03 0
-7.093800e-02 1.130300e-01 -1.572500e-01 0 5 65 1.514600e+01 3.060000e+00 -3.027200e+03 7.568500e+03 0
-1.585200e-01 1.860200e-01 -1.619300e-01 0 8 65 1.432100e+01 3.060000e+00 -1.094200e+03 2.929600e+03 0
-2.008100e-01 1.917200e-01 -1.623000e-01 0 9 65 1.363600e+01 3.060000e+00 -1.208200e+03 2.784500e+03 0
-2.480100e-01 1.869200e-01 -1.619900e-01 0 10 65 1.359800e+01 3.060000e+00 -1.506200e+03 2.846900e+03 0
-2.619200e-01 2.224900e-01 -1.642700e-01 0 11 65 1.302400e+01 3.060000e+00 -1.058400e+03 2.286300e+03 0
-2.851200e-01 2.353900e-01 -1.651000e-01 0 12 65 1.261800e+01 3.060000e+00 -1.004500e+03 2.135300e+03 0
-3.044900e-01 2.829200e-01 -1.681500e-01 0 13 65 1.184800e+01 3.060000e+00 -6.873100e+02 1.753800e+03 0
-3.121300e-01 3.115900e-01 -1.699900e-01 0 14 65 1.142700e+01 3.060000e+00 -5.458400e+02 1596 0
-1.184100e-01 3.527800e-01 -1.726300e-01 0 15 65 1.138400e+01 3.060000e+00 4.208300e+01 1.450600e+03 0
-3.642400e-01 3.720800e-01 -1.738700e-01 0 16 65 1.116000e+01 3.060000e+00 -4.039900e+02 1356 0
3.536000e-01 3.270200e-01 -1.709800e-01 0 28 65 1.307200e+01 3.060000e+00 1.174600e+03 1635 0
6.799100e-01 6.385900e-01 -1.909700e-01 0 29 65 1.465300e+01 3.060000e+00 1291 9.513700e+02 0
6.725500e-01 7.361600e-01 -1.972200e-01 0 30 65 1.558800e+01 3.060000e+00 1.192400e+03 8.671800e+02 0
6.793700e-01 7.975800e-01 -2.011600e-01 0 31 65 1.574300e+01 3.060000e+00 1155 8.264900e+02 0
6.766400e-01 8.316900e-01 -2.033500e-01 0 32 65 1.521000e+01 3.060000e+00 1.131200e+03 8.066800e+02 0
6.810000e-01 8.673800e-01 -2.056400e-01 0 33 65 1.370900e+01 3.060000e+00 1.114600e+03 7.879800e+02 0
7.514000e-01 7.783500e-01 -1.999300e-01 0 35 65 1.107100e+01 3.060000e+00 1.237200e+03 8.402400e+02 0
-8.498900e-01 8.730900e-01 -2.060100e-01 0 36 65 1.176700e+01 3.060000e+00 -9.098100e+01 7.579800e+02 0
-8.643500e-01 8.744200e-01 -2.060900e-01 0 37 65 1.210000e+01 3.060000e+00 -1.003500e+02 7.571700e+02 0
-8.883600e-01 8.421800e-01 -2.040300e-01 0 38 65 1.153400e+01 3.060000e+00 -1.507800e+02 7.711500e+02 0
6.275300e-02 8.029700e+00 -6.651000e-01 0 231 65 1.012500e+01 3.060000e+00 6.852700e+02 4.383200e+02 1
0 0 -1.500000e-01 3.204100e-02 1 66 1.573500e+01 3.060000e+00 2167 -3.612800e+03 0
-7.202900e-02 1.121900e-01 -1.572000e-01 3.204100e-02 5 66 1.414500e+01 3.060000e+00 -3.118200e+03 7711 0
-1.585200e-01 1.858000e-01 -1.619200e-01 3.204100e-02 8 66 1.330800e+01 3.060000e+00 -1.097600e+03 2.934300e+03 0
-2.008100e-01 1.928800e-01 -1.623700e-01 3.204100e-02 9 66 1.260100e+01 3.060000e+00 -1.190600e+03 2.762400e+03 0
-2.480100e-01 1.878900e-01 -1.620500e-01 3.204100e-02 10 66 1.257000e+01 3.060000e+00 -1.488800e+03 2.827500e+03 0
-2.592000e-01 2.279600e-01 -1.646200e-01 3.204100e-02 11 66 1.202600e+01 3.060000e+00 -9.898300e+02 2.224100e+03 0
-2.851200e-01 2.375800e-01 -1.652400e-01 3.204100e-02 12 66 1.157300e+01 3.060000e+00 -9.829900e+02 2.113300e+03 0
-3.044900e-01 2.839300e-01 -1.682100e-01 3.204100e-02 13 66 1.076700e+01 3.060000e+00 -6.809800e+02 1.747600e+03 0
-3.085800e-01 3.038100e-01 -1.694900e-01 3.204100e-02 14 66 1.042100e+01 3.060000e+00 -5.772000e+02 1.635300e+03 0
-1.107700e-01 3.959400e-01 -1.754000e-01 3.204100e-02 15 66 1.058700e+01 3.060000e+00 1.428900e+02 1.312300e+03 0
3.609700e-01 2.670500e-01 -1.671300e-01 3.204100e-02 28 66 1.203900e+01 3.060000e+00 1.360400e+03 2.045800e+03 0
6.722700e-01 6.442000e-01 -1.913300e-01 3.204100e-02 29 66 1.364500e+01 3.060000e+00 1.275700e+03 9.454500e+02 0
6.725500e-01 7.345700e-01 -1.971200e-01 3.204100e-02 30 66 1.459600e+01 3.060000e+00 1.193600e+03 8.683400e+02 0
6.711800e-01 8.044700e-01 -2.016100e-01 3.204100e-02 31 66 1.474800e+01 3.060000e+00 1143 8.221600e+02 0
6.766400e-01 8.330900e-01 -2.034400e-01 3.204100e-02 32 66 1.421400e+01 3.060000e+00 1.130400e+03 8.059100e+02 0
6.810000e-01 8.700000e-01 -2.058100e-01 3.204100e-02 33 66 1.269300e+01 3.060000e+00 1.113200e+03 7.866700e+02 0
7.606700e-01 7.712000e-01 -1.994700e-01 3.204100e-02 35 66 9.917200e+00 3.060000e+00 1252 8.451400e+02 0
-8.498900e-01 8.754100e-01 -2.061600e-01 3.204100e-02 36 66 1.052500e+01 3.060000e+00 -8.878100e+01 7.569800e+02 0
-8.643500e-01 8.717400e-01 -2.059200e-01 3.204100e-02 37 66 1.074500e+01 3.060000e+00 -1.029300e+02 7.583300e+02 0
-8.782700e-01 8.178100e-01 -2.024600e-01 3.204100e-02 38 66 9.849000e+00 3.060000e+00 -1.694700e+02 783 0
0 0 -1.500000e-01 6.408200e-02 1 67 9.951200e+00 3.060000e+00 2167 -3.612800e+03 0
-1.091400e-03 3.433200e-02 -1.522000e-01 6.408200e-02 2 67 9.629000e+00 3.060000e+00 3.462300e+03 -7.094200e+03 0
6.725500e-01 7.420700e-01 -1.976000e-01 6.408200e-02 30 67 9.802100e+00 3.060000e+00 1.187800e+03 8.629100e+02 0
6.711800e-01 8.029000e-01 -2.015100e-01 6.408200e-02 31 67 9.763900e+00 3.060000e+00 1144 8.231000e+02 0
6.725500e-01 7.484500e-01 -1.980100e-01 9.612300e-02 30 68 9.584000e+00 3.060000e+00 1183 8.583900e+02 0
6.711800e-01 7.971900e-01 -2.011400e-01 9.612300e-02 31 68 9.870100e+00 3.060000e+00 1.147700e+03 8.265400e+02 0
-5.347600e-01 6.801200e+00 -5.862900e-01 -9.612300e-01 197 35 1.169700e+01 3.060000e+00 6.273700e+02 4.448500e+02 1
-5.374900e-01 6.849500e+00 -5.893900e-01 -9.612300e-01 198 35 1.283600e+01 3.060000e+00 6.275800e+02 4.445400e+02 1
-5.402200e-01 6.885400e+00 -5.916900e-01 -9.612300e-01 199 35 1.302700e+01 3.060000e+00 6.276800e+02 4.443100e+02 1
-5.429500e-01 6.914300e+00 -5.935500e-01 -9.612300e-01 200 35 1.245300e+01 3.060000e+00 6.277100e+02 4.441200e+02 1
-5.456800e-01 6.934000e+00 -5.948100e-01 -9.612300e-01 201 35 1.146100e+01 3.060000e+00 6.276500e+02 444 1
-5.484000e-01 6.963000e+00 -5.966700e-01 -9.612300e-01 202 35 1.052000e+01 3.060000e+00 6.276700e+02 4.438200e+02 1
-4.256300e-01 6.716800e+00 -5.808800e-01 -9.291900e-01 196 36 1.012000e+01 3.060000e+00 6.369100e+02 4.454600e+02 1
-4.812900e-01 6.823600e+00 -5.877300e-01 -9.291900e-01 197 36 1.241900e+01 3.060000e+00 6.326000e+02 4.447300e+02 1
-5.374900e-01 6.856200e+00 -5.898200e-01 -9.291900e-01 198 36 1.349500e+01 3.060000e+00 6.276500e+02 4.445000e+02 1
-5.942400e-01 6.886100e+00 -5.917400e-01 -9.291900e-01 199 36 1.361400e+01 3.060000e+00 6.226700e+02 4.442800e+02 1
-5.972400e-01 6.918100e+00 -5.937900e-01 -9.291900e-01 200 36 1.299900e+01 3.060000e+00 6.227300e+02 4.440700e+02 1
-6.002400e-01 6.945900e+00 -5.955700e-01 -9.291900e-01 201 36 1.218700e+01 3.060000e+00 6.227400e+02 4.439000e+02 1
-6.032500e-01 6.972800e+00 -5.973000e-01 -9.291900e-01 202 36 1.144300e+01 3.060000e+00 6.227400e+02 4.437300e+02 1
-6.613600e-01 6.994900e+00 -5.987200e-01 -9.291900e-01 203 36 1.043700e+01 3.060000e+00 6.176700e+02 4.435700e+02 1
-6.630000e-01 3.071100e+00 -3.470100e-01 -8.971500e-01 91 37 1.005000e+01 3.060000e+00 5.181800e+02 4.989300e+02 0
-8.441600e-01 3.060000e+00 -3.463000e-01 -8.971500e-01 92 37 1.017000e+01 3.060000e+00 4.796600e+02 4.989900e+02 0
-5.347600e-01 6.822200e+00 -5.876400e-01 -8.971500e-01 197 37 1.129600e+01 3.060000e+00 6.275700e+02 4.447200e+02 1
-5.374900e-01 6.857400e+00 -5.899000e-01 -8.971500e-01 198 37 1.219400e+01 3.060000e+00 6.276600e+02 4.444900e+02 1
-5.942400e-01 6.885800e+00 -5.917200e-01 -8.971500e-01 199 37 1.219200e+01 3.060000e+00 6.226700e+02 4.442800e+02 1
-6.515400e-01 6.910100e+00 -5.932800e-01 -8.971500e-01 200 37 1.153600e+01 3.060000e+00 6.176300e+02 4.441000e+02 1
-6.002400e-01 6.953900e+00 -5.960900e-01 -8.971500e-01 201 37 1.098700e+01 3.060000e+00 6.228200e+02 4.438500e+02 1
-5.484000e-01 6.998000e+00 -5.989200e-01 -8.971500e-01 202 37 1.045300e+01 3.060000e+00 6.280100e+02 4.436000e+02 1
-7.612200e-01 3.049000e+00 -3.455900e-01 -8.651100e-01 91 38 1.022900e+01 3.060000e+00 4.962600e+02 4.994900e+02 0
-8.938200e-01 3.049500e+00 -3.456300e-01 -8.651100e-01 92 38 1.027700e+01 3.060000e+00 4.685200e+02 4.992400e+02 0
0 0 -1.500000e-01 -3.524500e-01 1 54 9.312600e+00 3.060000e+00 2167 -3.612800e+03 0
-5.649900e+00 1.284200e+00 -2.323800e-01 -3.524500e-01 168 54 1.059400e+01 3.060000e+00 -1.951800e+03 6.058900e+02 0
-5.821300e+00 4.594000e-01 -1.794700e-01 -3.524500e-01 169 54 1.096700e+01 3.060000e+00 -5.872900e+03 8.945300e+02 0
5.671500e+00 1.608300e+00 -2.531700e-01 -3.524500e-01 170 54 1.041700e+01 3.060000e+00 3.296500e+03 6.295100e+02 0
0 0 -1.500000e-01 -3.204100e-01 1 55 9.651300e+00 3.060000e+00 2167 -3.612800e+03 0
-5.422100e+00 1.996100e+00 -2.780500e-01 -3.204100e-01 168 55 1.022400e+01 3.060000e+00 -9.972400e+02 5.374900e+02 0
-5.637900e+00 1.427900e+00 -2.416000e-01 -3.204100e-01 169 55 1.067100e+01 3.060000e+00 -1.701100e+03 5.868700e+02 0
5.809800e+00 1.015800e+00 -2.151600e-01 -3.204100e-01 170 55 1.015500e+01 3.060000e+00 5.494400e+03 8.125200e+02 0
0 0 -1.500000e-01 -9.612300e-02 1 62 9.657100e+00 3.060000e+00 2167 -3.612800e+03 0
6.725500e-01 7.471600e-01 -1.979300e-01 -9.612300e-02 30 62 9.945200e+00 3.060000e+00 1.183900e+03 8.593000e+02 0
6.793700e-01 7.955300e-01 -2.010300e-01 -9.612300e-02 31 62 1.010200e+01 3.060000e+00 1.156400e+03 8.277400e+02 0
6.766400e-01 8.098200e-01 -2.019500e-01 -9.612300e-02 32 62 9.614200e+00 3.060000e+00 1.144600e+03 8.191200e+02 0
0 0 -1.500000e-01 -6.408200e-02 1 63 1.036300e+01 3.060000e+00 2167 -3.612800e+03 0
6.646300e-01 7.610100e-01 -1.988200e-01 -6.408200e-02 30 63 1.012000e+01 3.060000e+00 1.165900e+03 8.495500e+02 0
6.548100e-01 7.998900e-01 -2.013100e-01 -6.408200e-02 31 63 1.030300e+01 3.060000e+00 1.130800e+03 8.245400e+02 0
6.597200e-01 7.997100e-01 -2.013000e-01 -6.408200e-02 32 63 9.831400e+00 3.060000e+00 1.135400e+03 8.247500e+02 0
0 0 -1.500000e-01 -3.204100e-02 1 64 1.574000e+01 3.060000e+00 2167 -3.612800e+03 0
-7.093800e-02 1.127700e-01 -1.572300e-01 -3.204100e-02 5 64 1.411200e+01 3.060000e+00 -3051 7.614500e+03 0
-1.585200e-01 1.860600e-01 -1.619400e-01 -3.204100e-02 8 64 1.330900e+01 3.060000e+00 -1.093700e+03 2.928800e+03 0
-1.986300e-01 1.937200e-01 -1.624300e-01 -3.204100e-02 9 64 1.261200e+01 3.060000e+00 -1.168100e+03 2748 0
-2.480100e-01 1.865300e-01 -1.619700e-01 -3.204100e-02 10 64 1.259000e+01 3.060000e+00 -1.513500e+03 2855 0
-2.619200e-01 2.224800e-01 -1.642700e-01 -3.204100e-02 11 64 1.204500e+01 3.060000e+00 -1.058500e+03 2.286400e+03 0
-2.881200e-01 2.304200e-01 -1.647800e-01 -3.204100e-02 12 64 1.163500e+01 3.060000e+00 -1.065900e+03 2.186100e+03 0
-3.077600e-01 2.779900e-01 -1.678300e-01 -3.204100e-02 13 64 1.084600e+01 3.060000e+00 -7.281100e+02 1.784200e+03 0
-4.114400e-01 1.611300e-01 -1.603400e-01 -3.204100e-02 14 64 1.048300e+01 3.060000e+00 -2.979300e+03 3.336500e+03 0
-1.145900e-01 2.378600e-01 -1.652600e-01 -3.204100e-02 15 64 1.049600e+01 3.060000e+00 -3.906100e+02 2.170700e+03 0
3.536000e-01 3.691000e-01 -1.736800e-01 -3.204100e-02 28 64 1.206800e+01 3.060000e+00 1.103200e+03 1.451700e+03 0
6.799100e-01 6.434200e-01 -1.912700e-01 -3.204100e-02 29 64 1.362900e+01 3.060000e+00 1.285700e+03 9.465100e+02 0
6.725500e-01 7.381200e-01 -1.973500e-01 -3.204100e-02 30 64 1.454400e+01 3.060000e+00 1.190800e+03 8.657500e+02 0
6.793700e-01 7.975600e-01 -2.011600e-01 -3.204100e-02 31 64 1.469900e+01 3.060000e+00 1155 8.265000e+02 0
6.851000e-01 8.242700e-01 -2.028800e-01 -3.204100e-02 32 64 1.416100e+01 3.060000e+00 1.143200e+03 811 0
6.897400e-01 8.569400e-01 -2.049700e-01 -3.204100e-02 33 64 1.268300e+01 3.060000e+00 1.127900e+03 7.934700e+02 0
7.606700e-01 7.449400e-01 -1.977900e-01 -3.204100e-02 35 64 9.941200e+00 3.060000e+00 1.274700e+03 8.632200e+02 0
-8.307900e-01 8.817300e-01 -2.065600e-01 -3.204100e-02 36 64 1.087500e+01 3.060000e+00 -6.892600e+01 7.546100e+02 0
-8.545300e-01 8.731800e-01 -2.060100e-01 -3.204100e-02 37 64 1.127100e+01 3.060000e+00 -9.431100e+01 7.578700e+02 0
-8.883600e-01 8.309200e-01 -2.033000e-01 -3.204100e-02 38 64 1.080400e+01 3.060000e+00 -1.628700e+02 7.764500e+02 0
