0 0 -1.500000e-01 0 1 65 1.673300e+01 2 2167 -3.612800e+03 0
-7.093800e-02 1.128500e-01 -1.547300e-01 0 5 65 1.514600e+01 2 -3.034400e+03 7.544300e+03 0
-1.585200e-01 1.860700e-01 -1.578000e-01 0 8 65 1.434100e+01 2 -1.091100e+03 2.903100e+03 0
-2.008100e-01 1.917000e-01 -1.580300e-01 0 9 65 1.365600e+01 2 -1.206100e+03 2.760400e+03 0
-2.480100e-01 1.872100e-01 -1.578500e-01 0 10 65 1.360200e+01 2 -1.498100e+03 2.816600e+03 0
-2.619200e-01 2.231800e-01 -1.593500e-01 0 11 65 1.304800e+01 2 -1.048700e+03 2.256400e+03 0
-2.881200e-01 2.326000e-01 -1.597500e-01 0 12 65 1.264700e+01 2 -1041 2.141900e+03 0
-3.044900e-01 2.818000e-01 -1.618100e-01 0 13 65 1.197900e+01 2 -6.929800e+02 1.741500e+03 0
-2.979400e-01 3.126000e-01 -1.631000e-01 0 14 65 1.152400e+01 2 -5.056700e+02 1575 0
-1.184100e-01 4.093600e-01 -1.671500e-01 0 15 65 1.128600e+01 2 1.511500e+02 1.258200e+03 0
3.609700e-01 3.016900e-01 -1.626400e-01 0 28 65 1.312600e+01 2 1.252300e+03 1.760600e+03 0
6.799100e-01 6.365400e-01 -1.766700e-01 0 29 65 1.465100e+01 2 1.292300e+03 9.368000e+02 0
6.725500e-01 7.351900e-01 -1.808100e-01 0 30 65 1.557800e+01 2 1.192300e+03 8.517100e+02 0
6.793700e-01 7.975800e-01 -1.834200e-01 0 31 65 1.572700e+01 2 1.154300e+03 8.105500e+02 0
6.851000e-01 8.257500e-01 -1.846000e-01 0 32 65 1.516900e+01 2 1.141600e+03 7.943100e+02 0
6.810000e-01 8.692600e-01 -1.864300e-01 0 33 65 1.358500e+01 2 1.112900e+03 7.713100e+02 0
-1.044400e+00 4.057000e-01 -1.670000e-01 0 34 65 1.053700e+01 2 -1.412900e+03 1.189800e+03 0
7.328400e-01 9.023000e-01 -1.878100e-01 0 35 65 1.151900e+01 2 1.137600e+03 7.564500e+02 0
-7.735000e-01 9.343500e-01 -1.891500e-01 0 36 65 1.197600e+01 2 1.629900e+01 7.198100e+02 0
-8.152400e-01 9.219300e-01 -1.886300e-01 0 37 65 1.239800e+01 2 -2.253500e+01 7.239300e+02 0
-8.378900e-01 9.235700e-01 -1.887000e-01 0 38 65 1.209700e+01 2 -3.697900e+01 7.229800e+02 0
-8.605300e-01 9.538900e-01 -1.899700e-01 0 39 65 1.086600e+01 2 -2.781900e+01 7.114700e+02 0
0 0 -1.500000e-01 3.204100e-02 1 66 1.573000e+01 2 2167 -3.612800e+03 0
-7.093800e-02 1.134400e-01 -1.547500e-01 3.204100e-02 5 66 1.413200e+01 2 -2.981800e+03 7.443200e+03 0
-1.585200e-01 1.859900e-01 -1.577900e-01 3.204100e-02 8 66 1.329500e+01 2 -1.092300e+03 2.904800e+03 0
-2.008100e-01 1.927000e-01 -1.580700e-01 3.204100e-02 9 66 1.264300e+01 2 -1.190900e+03 2.741500e+03 0
-2.504700e-01 1.843700e-01 -1.577300e-01 3.204100e-02 10 66 1.259800e+01 2 -1.562100e+03 2.872900e+03 0
-2.646500e-01 2.198800e-01 -1.592100e-01 3.204100e-02 11 66 1.202800e+01 2 -1.096100e+03 2.295100e+03 0
-2.881200e-01 2.323000e-01 -1.597300e-01 3.204100e-02 12 66 1.163400e+01 2 -1.044100e+03 2145 0
-3.012100e-01 2.849600e-01 -1.619400e-01 3.204100e-02 13 66 1.102300e+01 2 -6.644000e+02 1.722800e+03 0
-2.943900e-01 3.158100e-01 -1.632300e-01 3.204100e-02 14 66 1.064400e+01 2 -482 1.560400e+03 0
-1.107700e-01 4.297000e-01 -1.680100e-01 3.204100e-02 15 66 1.041400e+01 2 1.949700e+02 1.209500e+03 0
3.683300e-01 3.231000e-01 -1.635400e-01 3.204100e-02 28 66 1.212500e+01 2 1.222200e+03 1638 0
6.799100e-01 6.273700e-01 -1.762900e-01 3.204100e-02 29 66 1.364500e+01 2 1.302700e+03 9.463000e+02 0
6.725500e-01 7.308500e-01 -1.806300e-01 3.204100e-02 30 66 1.457200e+01 2 1.195700e+03 8.548900e+02 0
6.793700e-01 7.974800e-01 -1.834200e-01 3.204100e-02 31 66 1.472300e+01 2 1.154400e+03 8.106100e+02 0
6.766400e-01 8.343600e-01 -1.849600e-01 3.204100e-02 32 66 1.416900e+01 2 1.128900e+03 7.893900e+02 0
6.810000e-01 8.732600e-01 -1.865900e-01 3.204100e-02 33 66 1.259900e+01 2 1.110800e+03 7.693400e+02 0
7.421200e-01 8.812600e-01 -1.869300e-01 3.204100e-02 35 66 1.033800e+01 2 1.157200e+03 7.665400e+02 0
-7.926000e-01 9.117900e-01 -1.882100e-01 3.204100e-02 36 66 1.089300e+01 2 -1.492300e+01 7.282200e+02 0
-8.152400e-01 9.244500e-01 -1.887400e-01 3.204100e-02 37 66 1.121000e+01 2 -2.048000e+01 7.229700e+02 0
-8.378900e-01 9.413700e-01 -1.894500e-01 3.204100e-02 38 66 1.087000e+01 2 -2.244900e+01 7.163100e+02 0
0 0 -1.500000e-01 6.408200e-02 1 67 1.027100e+01 2 2167 -3.612800e+03 0
-1.609700e-02 1.960800e-03 -1.500800e-01 6.408200e-02 2 67 9.820700e+00 2 2.361800e+03 -3.752500e+03 0
6.725500e-01 7.264600e-01 -1.804400e-01 6.408200e-02 30 67 9.938200e+00 2 1.199200e+03 8.581500e+02 0
6.875500e-01 7.890100e-01 -1.830600e-01 6.408200e-02 31 67 1.001900e+01 2 1.167700e+03 8.159700e+02 0
1.651200e+00 2.632600e+00 -2.603200e-01 -6.728600e-01 90 44 1.064800e+01 2 1.069400e+03 5.063600e+02 1
1.620700e+00 2.690500e+00 -2.627500e-01 -6.728600e-01 91 44 1.232600e+01 2 1.053200e+03 5.036100e+02 1
1.589000e+00 2.743400e+00 -2.649600e-01 -6.728600e-01 92 44 1.263900e+01 2 1.038100e+03 5.012000e+02 1
1.732000e+00 2.464200e+00 -2.532600e-01 -6.728600e-01 93 44 1.036100e+01 2 1.118900e+03 5.151400e+02 0
1.573200e+00 2.838900e+00 -2.689700e-01 -6.728600e-01 94 44 1.238900e+01 2 1.022200e+03 4.971600e+02 1
1.564500e+00 2.874800e+00 -2.704700e-01 -6.728600e-01 95 44 1.246200e+01 2 1.015800e+03 4.957100e+02 1
1.555200e+00 2.887600e+00 -2.710000e-01 -6.728600e-01 96 44 1.142100e+01 2 1.012200e+03 4.951900e+02 1
1.493000e+00 2.962200e+00 -2.741300e-01 -6.728600e-01 97 44 1.048900e+01 2 9.896400e+02 4.922500e+02 1
1.675500e+00 2.612400e+00 -2.594700e-01 -6.408200e-01 90 45 1.163200e+01 2 1.078800e+03 5.073800e+02 0
1.620700e+00 2.693000e+00 -2.628500e-01 -6.408200e-01 91 45 1.320700e+01 2 1.052800e+03 5.035000e+02 1
1.589000e+00 2.750700e+00 -2.652700e-01 -6.408200e-01 92 45 1.354400e+01 2 1.037100e+03 5.008800e+02 1
1.506100e+00 2.838100e+00 -2.689300e-01 -6.408200e-01 93 45 1.203300e+01 2 1.006300e+03 4.970700e+02 1
1.598600e+00 2.825700e+00 -2.684100e-01 -6.408200e-01 94 45 1.269200e+01 2 1.029900e+03 4.977500e+02 1
1.590100e+00 2.870100e+00 -2.702700e-01 -6.408200e-01 95 45 1.280100e+01 2 1.022400e+03 4.959400e+02 1
1.503300e+00 2.922300e+00 -2.724600e-01 -6.408200e-01 96 45 1.157600e+01 2 9.962500e+02 4.937600e+02 1
1.414400e+00 2.998600e+00 -2.756600e-01 -6.408200e-01 97 45 1.086300e+01 2 9.682700e+02 4.907900e+02 1
0 0 -1.500000e-01 -6.087800e-01 1 46 9.191500e+00 2 2167 -3.612800e+03 0
1.651200e+00 2.617900e+00 -2.597000e-01 -6.087800e-01 90 46 1.074100e+01 2 1.071600e+03 5.070700e+02 1
1.645200e+00 2.676700e+00 -2.621700e-01 -6.087800e-01 91 46 1.219800e+01 2 1.061400e+03 5.042900e+02 1
1.613800e+00 2.737800e+00 -2.647300e-01 -6.087800e-01 92 46 1.258000e+01 2 1045 5.014900e+02 1
1.506100e+00 2.837600e+00 -2.689100e-01 -6.087800e-01 93 46 1.179800e+01 2 1.006300e+03 4.970900e+02 1
1.522400e+00 2.860300e+00 -2.698600e-01 -6.087800e-01 94 46 1.120900e+01 2 1.007600e+03 4.962000e+02 1
1.615700e+00 2.854800e+00 -2.696300e-01 -6.087800e-01 95 46 1.115300e+01 2 1.030400e+03 4.966000e+02 1
-1.068400e+00 1.103400e+00 -1.962400e-01 -3.844900e-01 45 53 1.014100e+01 2 -4.588900e+01 6.636100e+02 0
-1.068200e+00 1.142900e+00 -1.978900e-01 -3.844900e-01 46 53 9.841300e+00 2 -1.924700e+01 6.537200e+02 0
0 0 -1.500000e-01 -3.524500e-01 1 54 9.486500e+00 2 2167 -3.612800e+03 0
-9.972200e-01 1.122800e+00 -1.970500e-01 -3.524500e-01 44 54 9.876200e+00 2 7.576900e+00 6.593500e+02 0
-1.056400e+00 1.113300e+00 -1.966500e-01 -3.524500e-01 45 54 1.071400e+01 2 -3.218800e+01 6.611600e+02 0
-1.080400e+00 1.137000e+00 -1.976500e-01 -3.524500e-01 46 54 1.069300e+01 2 -2.988500e+01 6.550300e+02 0
-1.091900e+00 1.171700e+00 -1.991000e-01 -3.524500e-01 47 54 9.821200e+00 2 -1.398000e+01 6.467600e+02 0
0 0 -1.500000e-01 -6.408200e-02 1 63 9.929300e+00 2 2167 -3.612800e+03 0
-1.364200e-03 3.489000e-02 -1.514600e-01 -6.408200e-02 2 63 9.584600e+00 2 3.509400e+03 -7.197200e+03 0
7.042000e-01 6.098000e-01 -1.755500e-01 -6.408200e-02 30 63 9.738400e+00 2 1.354600e+03 9.664100e+02 0
0 0 -1.500000e-01 -3.204100e-02 1 64 1.572100e+01 2 2167 -3.612800e+03 0
-7.093800e-02 1.125400e-01 -1.547200e-01 -3.204100e-02 5 64 1.411600e+01 2 -3.062500e+03 7.598300e+03 0
-1.585200e-01 1.860900e-01 -1.578000e-01 -3.204100e-02 8 64 1.333100e+01 2 -1.090800e+03 2.902700e+03 0
-2.008100e-01 1.913700e-01 -1.580200e-01 -3.204100e-02 9 64 1.264400e+01 2 -1.211100e+03 2.766700e+03 0
-2.480100e-01 1.866500e-01 -1.578200e-01 -3.204100e-02 10 64 1.254200e+01 2 -1.508300e+03 2.827900e+03 0
-2.619200e-01 2.229000e-01 -1.593400e-01 -3.204100e-02 11 64 1.198600e+01 2 -1.051800e+03 2.259700e+03 0
-2.881200e-01 2.324800e-01 -1.597400e-01 -3.204100e-02 12 64 1.160100e+01 2 -1.042300e+03 2.143100e+03 0
-3.077600e-01 2.776500e-01 -1.616300e-01 -3.204100e-02 13 64 1.092200e+01 2 -7.288700e+02 1767 0
-2.979400e-01 3.155900e-01 -1.632200e-01 -3.204100e-02 14 64 1.038300e+01 2 -4.914100e+02 1.560900e+03 0
-4.087100e-01 2.444100e-01 -1.602400e-01 -3.204100e-02 15 64 1.022200e+01 2 -1.307800e+03 1990 0
3.609700e-01 2.556400e-01 -1.607100e-01 -3.204100e-02 28 64 1.212400e+01 2 1.403900e+03 2.133400e+03 0
6.799100e-01 6.441200e-01 -1.769900e-01 -3.204100e-02 29 64 1.359700e+01 2 1284 9.291900e+02 0
6.804600e-01 7.323700e-01 -1.806900e-01 -3.204100e-02 30 64 1.452900e+01 2 1.202700e+03 8.539900e+02 0
6.793700e-01 7.973700e-01 -1.834100e-01 -3.204100e-02 31 64 1.469600e+01 2 1.154400e+03 8.106800e+02 0
6.851000e-01 8.229700e-01 -1.844900e-01 -3.204100e-02 32 64 1.414700e+01 2 1.143300e+03 7.958700e+02 0
6.810000e-01 8.630200e-01 -1.861600e-01 -3.204100e-02 33 64 1.257400e+01 2 1.116400e+03 7.744400e+02 0
7.421200e-01 9.138600e-01 -1.883000e-01 -3.204100e-02 35 64 1.065600e+01 2 1.138700e+03 7.513700e+02 0
-7.830500e-01 9.315400e-01 -1.890400e-01 -3.204100e-02 36 64 1.110400e+01 2 7.525400e+00 7.207300e+02 0
-8.250600e-01 9.187200e-01 -1.885000e-01 -3.204100e-02 37 64 1.153200e+01 2 -3.205800e+01 7.250300e+02 0
-8.580800e-01 9.071900e-01 -1.880200e-01 -3.204100e-02 38 64 1.126800e+01 2 -6.517600e+01 7.290700e+02 0
-8.709000e-01 9.385200e-01 -1.893300e-01 -3.204100e-02 39 64 1.004400e+01 2 -4.732100e+01 7.169000e+02 0
