0 0 -1.500000e-01 0 1 65 1.679300e+01 2.390000e+00 2167 -3.612800e+03 0
-7.093800e-02 1.131600e-01 -1.556700e-01 0 5 65 1.515000e+01 2.390000e+00 -3.009900e+03 7.511300e+03 0
-1.585200e-01 1.859400e-01 -1.593100e-01 0 8 65 1.429500e+01 2.390000e+00 -1094 2.915300e+03 0
-1.986300e-01 1.947500e-01 -1.597500e-01 0 9 65 1.364800e+01 2.390000e+00 -1.151600e+03 2.713800e+03 0
-2.480100e-01 1.865800e-01 -1.593400e-01 0 10 65 1.359400e+01 2.390000e+00 -1.510700e+03 2.838400e+03 0
-2.619200e-01 2.219700e-01 -1.611200e-01 0 11 65 1.298700e+01 2.390000e+00 -1063 2.278900e+03 0
-2.881200e-01 2.334200e-01 -1.616900e-01 0 12 65 1.269000e+01 2.390000e+00 -1.033300e+03 2.141100e+03 0
-3.077600e-01 2.798600e-01 -1.640200e-01 0 13 65 1.202400e+01 2.390000e+00 -7.148700e+02 1760 0
-2.979400e-01 3.095900e-01 -1.655100e-01 0 14 65 1.148300e+01 2.390000e+00 -5.208400e+02 1.596400e+03 0
-1.260500e-01 4.006100e-01 -1.700600e-01 0 15 65 1.135800e+01 2.390000e+00 1.224000e+02 1.286900e+03 0
3.536000e-01 3.827600e-01 -1.691700e-01 0 28 65 1.310300e+01 2.390000e+00 1.083900e+03 1.391500e+03 0
6.799100e-01 6.399500e-01 -1.820500e-01 0 29 65 1.466600e+01 2.390000e+00 1.288900e+03 9.394700e+02 0
6.725500e-01 7.386100e-01 -1.869900e-01 0 30 65 1.560600e+01 2.390000e+00 1190 8.551800e+02 0
6.711800e-01 8.044500e-01 -1.902900e-01 0 31 65 1.579500e+01 2.390000e+00 1.142600e+03 8.121100e+02 0
6.766400e-01 8.330100e-01 -1.917200e-01 0 32 65 1.528700e+01 2.390000e+00 1130 7.959400e+02 0
6.810000e-01 8.715600e-01 -1.936500e-01 0 33 65 1.380000e+01 2.390000e+00 1.111900e+03 7.759500e+02 0
7.235700e-01 9.047700e-01 -1.953200e-01 0 35 65 1.133600e+01 2.390000e+00 1129 7.609100e+02 0
-8.021400e-01 9.201000e-01 -1.960800e-01 0 36 65 1.158900e+01 2.390000e+00 -1.505000e+01 7.302300e+02 0
-8.447100e-01 9.022900e-01 -1.951900e-01 0 37 65 1.213400e+01 2.390000e+00 -6.019400e+01 7.366100e+02 0
-8.782700e-01 8.849300e-01 -1.943200e-01 0 38 65 1.177500e+01 2.390000e+00 -1.001400e+02 7.432000e+02 0
0 0 -1.500000e-01 3.204100e-02 1 66 1.578200e+01 2.390000e+00 2167 -3.612800e+03 0
-7.202900e-02 1.126000e-01 -1.556400e-01 3.204100e-02 5 66 1.413700e+01 2.390000e+00 -3.074300e+03 7.602600e+03 0
-1.585200e-01 1.857100e-01 -1.593000e-01 3.204100e-02 8 66 1.327000e+01 2.390000e+00 -1.097500e+03 2.920200e+03 0
-1.986300e-01 1.955300e-01 -1.597900e-01 3.204100e-02 9 66 1.263800e+01 2.390000e+00 -1.140400e+03 2.699700e+03 0
-2.480100e-01 1.875800e-01 -1.594000e-01 3.204100e-02 10 66 1.255300e+01 2.390000e+00 -1.492500e+03 2.818200e+03 0
-2.619200e-01 2.232200e-01 -1.611800e-01 3.204100e-02 11 66 1.202300e+01 2.390000e+00 -1049 2.263900e+03 0
-2.881200e-01 2.370400e-01 -1.618700e-01 3.204100e-02 12 66 1.170900e+01 2.390000e+00 -9.971700e+02 2.104500e+03 0
-3.077600e-01 2.815500e-01 -1.641000e-01 3.204100e-02 13 66 1.109300e+01 2.390000e+00 -7.039500e+02 1.749400e+03 0
-2.979400e-01 2.991100e-01 -1.649800e-01 3.204100e-02 14 66 1.052100e+01 2.390000e+00 -5.749800e+02 1.650100e+03 0
-1.222300e-01 4.122900e-01 -1.706500e-01 3.204100e-02 15 66 1.048600e+01 2.390000e+00 1.487700e+02 1.256700e+03 0
3.609700e-01 3.772700e-01 -1.689000e-01 3.204100e-02 28 66 1.213000e+01 2.390000e+00 1.107600e+03 1.411200e+03 0
6.799100e-01 6.384900e-01 -1.819800e-01 3.204100e-02 29 66 1.367400e+01 2.390000e+00 1.290500e+03 9.409400e+02 0
6.725500e-01 7.373000e-01 -1.869300e-01 3.204100e-02 30 66 1.460000e+01 2.390000e+00 1191 8.561300e+02 0
6.711800e-01 8.044800e-01 -1.902900e-01 3.204100e-02 31 66 1.478300e+01 2.390000e+00 1.142500e+03 8.120900e+02 0
6.766400e-01 8.343500e-01 -1.917900e-01 3.204100e-02 32 66 1.426900e+01 2.390000e+00 1.129200e+03 7.952100e+02 0
6.810000e-01 8.736200e-01 -1.937600e-01 3.204100e-02 33 66 1.278300e+01 2.390000e+00 1.110800e+03 7.749300e+02 0
7.142900e-01 9.185900e-01 -1.960100e-01 3.204100e-02 35 66 1.041100e+01 2.390000e+00 1.114300e+03 7.545500e+02 0
-8.021400e-01 9.210200e-01 -1.961300e-01 3.204100e-02 36 66 1.069800e+01 2.390000e+00 -1.430100e+01 7.298700e+02 0
-8.348900e-01 9.149600e-01 -1.958300e-01 3.204100e-02 37 66 1.122500e+01 2.390000e+00 -4.229600e+01 7.317400e+02 0
-8.681700e-01 8.974500e-01 -1.949500e-01 3.204100e-02 38 66 1.083100e+01 2.390000e+00 -8.127100e+01 7.382100e+02 0
0 0 -1.500000e-01 6.408200e-02 1 67 1.100200e+01 2.390000e+00 2167 -3.612800e+03 0
6.250700e-01 7.965200e-01 -1.898900e-01 6.408200e-02 30 67 9.571900e+00 2.390000e+00 1.104900e+03 8.158300e+02 0
6.548100e-01 8.160700e-01 -1.908700e-01 6.408200e-02 31 67 9.751600e+00 2.390000e+00 1.120500e+03 8.049800e+02 0
6.282100e+00 8.671200e+00 -5.843000e-01 -6.728600e-01 308 44 1.033900e+01 2.390000e+00 1157 4.288100e+02 1
6.386600e+00 8.604400e+00 -5.809500e-01 -6.728600e-01 309 44 1.062600e+01 2.390000e+00 1.168900e+03 4.291300e+02 1
6.343500e+00 8.733600e+00 -5.874200e-01 -6.728600e-01 311 44 1.107800e+01 2.390000e+00 1.158300e+03 4.285600e+02 1
6.448800e+00 8.722700e+00 -5.868800e-01 -6.728600e-01 312 44 1.137300e+01 2.390000e+00 1167 4.286400e+02 1
6.554700e+00 8.697900e+00 -5.856300e-01 -6.728600e-01 313 44 1.065100e+01 2.390000e+00 1.176600e+03 4.287800e+02 1
6.302600e+00 8.713600e+00 -5.864200e-01 -6.408200e-01 309 45 1.035500e+01 2.390000e+00 1.156200e+03 4.286300e+02 1
6.174300e+00 8.816200e+00 -5.915600e-01 -6.408200e-01 311 45 1.034100e+01 2.390000e+00 1.140900e+03 4.281500e+02 1
6.364000e+00 8.772400e+00 -5.893700e-01 -6.408200e-01 312 45 1.075000e+01 2.390000e+00 1.157700e+03 4.284000e+02 1
6.469500e+00 8.749900e+00 -5.882400e-01 -6.408200e-01 313 45 1.017000e+01 2.390000e+00 1.167100e+03 4.285300e+02 1
-6.582000e+00 9.078000e+00 1.971300e+00 -5.126600e-01 327 49 1.034900e+01 2.390000e+00 2.313800e+02 2.542100e+02 0
-6.512900e+00 9.288300e+00 -6.152100e-01 -5.126600e-01 328 49 1.027000e+01 2.390000e+00 2.433500e+02 4.227100e+02 1
-6.759800e+00 9.101300e+00 -6.058400e-01 -4.806200e-01 327 50 1.112200e+01 2.390000e+00 2.176800e+02 4.232600e+02 1
-6.691400e+00 9.198900e+00 -6.107300e-01 -4.806200e-01 328 50 1.101600e+01 2.390000e+00 2.272000e+02 4.229500e+02 1
0 0 -1.500000e-01 -3.204100e-02 1 64 1.578000e+01 2.390000e+00 2167 -3.612800e+03 0
-7.093800e-02 1.128600e-01 -1.556500e-01 -3.204100e-02 5 64 1.412800e+01 2.390000e+00 -3.036900e+03 7.563100e+03 0
-1.585200e-01 1.860200e-01 -1.593200e-01 -3.204100e-02 8 64 1.326300e+01 2.390000e+00 -1.092800e+03 2.913600e+03 0
-2.008100e-01 1.920800e-01 -1.596200e-01 -3.204100e-02 9 64 1.263700e+01 2.390000e+00 -1.201100e+03 2.762100e+03 0
-2.480100e-01 1.857900e-01 -1.593100e-01 -3.204100e-02 10 64 1.258000e+01 2.390000e+00 -1.525200e+03 2.854400e+03 0
-2.592000e-01 2.240500e-01 -1.612200e-01 -3.204100e-02 11 64 1.198000e+01 2.390000e+00 -1030 2.255200e+03 0
-2.851200e-01 2.340400e-01 -1.617200e-01 -3.204100e-02 12 64 1.168800e+01 2.390000e+00 -1.016800e+03 2.135800e+03 0
-3.044900e-01 2.826000e-01 -1.641500e-01 -3.204100e-02 13 64 1.106500e+01 2.390000e+00 -6.884200e+02 1.743600e+03 0
-3.014900e-01 3.096500e-01 -1.655100e-01 -3.204100e-02 14 64 1.044800e+01 2.390000e+00 -5.291200e+02 1.595500e+03 0
-1.336900e-01 3.679000e-01 -1.684300e-01 -3.204100e-02 15 64 1.042700e+01 2.390000e+00 4.398500e+01 1.384200e+03 0
3.536000e-01 3.847200e-01 -1.692700e-01 -3.204100e-02 28 64 1.205900e+01 2.390000e+00 1.081300e+03 1.384900e+03 0
6.799100e-01 6.427400e-01 -1.821900e-01 -3.204100e-02 29 64 1.363100e+01 2.390000e+00 1.285900e+03 9.366700e+02 0
6.725500e-01 7.401000e-01 -1.870700e-01 -3.204100e-02 30 64 1.457800e+01 2.390000e+00 1.188800e+03 8.541100e+02 0
6.711800e-01 8.043800e-01 -1.902900e-01 -3.204100e-02 31 64 1.478200e+01 2.390000e+00 1.142600e+03 8.121500e+02 0
6.766400e-01 8.321200e-01 -1.916800e-01 -3.204100e-02 32 64 1.428500e+01 2.390000e+00 1.130500e+03 7.964300e+02 0
6.810000e-01 8.709500e-01 -1.936200e-01 -3.204100e-02 33 64 1.280800e+01 2.390000e+00 1.112300e+03 7.762500e+02 0
7.421200e-01 9.023800e-01 -1.952000e-01 -3.204100e-02 35 64 1.041800e+01 2.390000e+00 1.145300e+03 7.623300e+02 0
-7.735000e-01 9.464300e-01 -1.974000e-01 -3.204100e-02 36 64 1.026500e+01 2.390000e+00 2.524600e+01 7.207300e+02 0
-8.348900e-01 9.230800e-01 -1.962300e-01 -3.204100e-02 37 64 1.100600e+01 2.390000e+00 -3.548600e+01 7.286000e+02 0
-8.782700e-01 9.086100e-01 -1.955100e-01 -3.204100e-02 38 64 1.084400e+01 2.390000e+00 -7.838000e+01 7.335900e+02 0
