0 0 -1.500000e-01 0 1 65 1.679100e+01 2.460000e+00 2167 -3.612800e+03 0
-7.093800e-02 1.129500e-01 -1.558200e-01 0 5 65 1.515900e+01 2.460000e+00 -3.029500e+03 7.551400e+03 0
-1.585200e-01 1.860500e-01 -1.595900e-01 0 8 65 1.430100e+01 2.460000e+00 -1.092500e+03 2.914600e+03 0
-2.008100e-01 1.913300e-01 -1.598600e-01 0 9 65 1.363200e+01 2.460000e+00 -1.212800e+03 2.778100e+03 0
-2.480100e-01 1.864900e-01 -1.596100e-01 0 10 65 1.361800e+01 2.460000e+00 -1.512500e+03 2.841800e+03 0
-2.592000e-01 2.266300e-01 -1.616800e-01 0 11 65 1.306700e+01 2.460000e+00 -1.002600e+03 2.226900e+03 0
-2.851200e-01 2.378900e-01 -1.622600e-01 0 12 65 1.261800e+01 2.460000e+00 -9.789800e+02 2.098500e+03 0
-3.012100e-01 2.870700e-01 -1.648000e-01 0 13 65 1.188300e+01 2.460000e+00 -6.521700e+02 1.718500e+03 0
-3.050300e-01 2.969200e-01 -1.653100e-01 0 14 65 1.139600e+01 2.460000e+00 -6.050300e+02 1.661800e+03 0
-1.222300e-01 4.064600e-01 -1.709500e-01 0 15 65 1.130300e+01 2.460000e+00 1.393200e+02 1.272800e+03 0
-3.560500e-01 3.719400e-01 -1.691700e-01 0 16 65 1.114900e+01 2.460000e+00 -3.881000e+02 1.347500e+03 0
3.536000e-01 3.515500e-01 -1.681200e-01 0 28 65 1.306900e+01 2.460000e+00 1.129700e+03 1.510100e+03 0
6.799100e-01 6.379100e-01 -1.828900e-01 0 29 65 1.464700e+01 2.460000e+00 1.291200e+03 9.426200e+02 0
6.725500e-01 7.379400e-01 -1.880400e-01 0 30 65 1.558800e+01 2.460000e+00 1.190500e+03 8.567300e+02 0
6.711800e-01 8.044400e-01 -1.914700e-01 0 31 65 1.575600e+01 2.460000e+00 1.142600e+03 8.131700e+02 0
6.766400e-01 8.325400e-01 -1.929200e-01 0 32 65 1.524100e+01 2.460000e+00 1.130300e+03 7.972500e+02 0
6.722700e-01 8.747000e-01 -1.950900e-01 0 33 65 1.380700e+01 2.460000e+00 1103 7.752800e+02 0
7.606700e-01 8.442200e-01 -1.935200e-01 0 35 65 1.075300e+01 2.460000e+00 1.196800e+03 7.926100e+02 0
-8.307900e-01 8.965300e-01 -1.962200e-01 0 36 65 1.157900e+01 2.460000e+00 -5.534600e+01 7.401300e+02 0
-8.545300e-01 8.970800e-01 -1.962500e-01 0 37 65 1.218500e+01 2.460000e+00 -7.188000e+01 7.395400e+02 0
-8.782700e-01 8.767800e-01 -1.952000e-01 0 38 65 1.176600e+01 2.460000e+00 -1.079600e+02 7.476100e+02 0
-9.020000e-01 8.752700e-01 -1.951200e-01 0 39 65 1.002300e+01 2.460000e+00 -1.267900e+02 7.478700e+02 0
0 0 -1.500000e-01 3.204100e-02 1 66 1.577800e+01 2.460000e+00 2167 -3.612800e+03 0
-7.202900e-02 1.125900e-01 -1.558000e-01 3.204100e-02 5 66 1.415200e+01 2.460000e+00 -3.076300e+03 7.608800e+03 0
-1.585200e-01 1.859800e-01 -1.595900e-01 3.204100e-02 8 66 1.329200e+01 2.460000e+00 -1.093600e+03 2.916100e+03 0
-2.008100e-01 1.919200e-01 -1.598900e-01 3.204100e-02 9 66 1.260000e+01 2.460000e+00 -1.203700e+03 2.766700e+03 0
-2.480100e-01 1.872600e-01 -1.596500e-01 3.204100e-02 10 66 1.257600e+01 2.460000e+00 -1.498600e+03 2.826300e+03 0
-2.619200e-01 2.219100e-01 -1.614400e-01 3.204100e-02 11 66 1.201300e+01 2.460000e+00 -1.063700e+03 2281 0
-2.851200e-01 2.350400e-01 -1.621200e-01 3.204100e-02 12 66 1.158800e+01 2.460000e+00 -1.006900e+03 2.126900e+03 0
-3.012100e-01 2.857200e-01 -1.647300e-01 3.204100e-02 13 66 1.082000e+01 2.460000e+00 -6.603800e+02 1.726600e+03 0
-3.014900e-01 2.947900e-01 -1.652000e-01 3.204100e-02 14 66 1.041900e+01 2.460000e+00 -6.079000e+02 1.674200e+03 0
-1.184100e-01 3.776300e-01 -1.694700e-01 3.204100e-02 15 66 1.036200e+01 2.460000e+00 9.500200e+01 1.355700e+03 0
3.536000e-01 3.249000e-01 -1.667500e-01 3.204100e-02 28 66 1.203300e+01 2.460000e+00 1.178300e+03 1.634600e+03 0
6.722700e-01 6.422200e-01 -1.831100e-01 3.204100e-02 29 66 1.364000e+01 2.460000e+00 1.277300e+03 9.380100e+02 0
6.725500e-01 7.361500e-01 -1.879500e-01 3.204100e-02 30 66 1.458800e+01 2.460000e+00 1.191900e+03 8.580300e+02 0
6.711800e-01 8.044800e-01 -1.914700e-01 3.204100e-02 31 66 1.476200e+01 2.460000e+00 1.142600e+03 8.131400e+02 0
6.766400e-01 8.338400e-01 -1.929900e-01 3.204100e-02 32 66 1.425500e+01 2.460000e+00 1.129500e+03 7.965400e+02 0
6.722700e-01 8.757100e-01 -1.951500e-01 3.204100e-02 33 66 1.285900e+01 2.460000e+00 1.102500e+03 7.747800e+02 0
7.606700e-01 8.212700e-01 -1.923400e-01 3.204100e-02 35 66 9.987800e+00 2.460000e+00 1.212800e+03 8.053100e+02 0
-8.403400e-01 8.875500e-01 -1.957600e-01 3.204100e-02 36 66 1.053700e+01 2.460000e+00 -7.026000e+01 7.436800e+02 0
-8.545300e-01 8.951300e-01 -1.961500e-01 3.204100e-02 37 66 1.101900e+01 2.460000e+00 -7.363200e+01 7.403300e+02 0
-8.782700e-01 8.763200e-01 -1.951800e-01 3.204100e-02 38 66 1.053500e+01 2.460000e+00 -1.084000e+02 7.478100e+02 0
0 0 -1.500000e-01 6.408200e-02 1 67 1.060600e+01 2.460000e+00 2167 -3.612800e+03 0
-8.185100e-04 3.478800e-02 -1.517900e-01 6.408200e-02 2 67 1.008100e+01 2.460000e+00 3.490800e+03 -7.176300e+03 0
6.646300e-01 7.514700e-01 -1.887400e-01 6.408200e-02 30 67 9.215400e+00 2.460000e+00 1.172400e+03 8.469600e+02 0
6.630000e-01 8.054100e-01 -1.915200e-01 6.408200e-02 31 67 9.716900e+00 2.460000e+00 1.134500e+03 8.124100e+02 0
6.851000e-01 8.008700e-01 -1.912900e-01 6.408200e-02 32 67 9.458800e+00 2.460000e+00 1.157800e+03 8.156100e+02 0
1.620700e-01 6.068200e-01 -1.812800e-01 -6.728600e-01 19 44 8.787900e+00 2.460000e+00 6.826200e+02 9.554300e+02 0
-2.897500e+00 1.200700e+01 -7.690200e-01 -6.728600e-01 355 44 1.062500e+01 2.460000e+00 5.316700e+02 4.175100e+02 1
-2.696700e+00 1.202900e+01 -7.701500e-01 -6.408200e-01 354 45 1.060000e+01 2.460000e+00 5.424700e+02 4.175000e+02 1
-2.801000e+00 1.203500e+01 -7.704400e-01 -6.408200e-01 355 45 1.127500e+01 2.460000e+00 5.370900e+02 4.174700e+02 1
-2.905700e+00 1.197900e+01 -7.675900e-01 -6.408200e-01 356 45 1.066600e+01 2.460000e+00 5.308600e+02 4.175600e+02 1
-4.583700e-01 1.573600e+00 -2.311300e-01 -6.087800e-01 49 46 1.014000e+01 2.460000e+00 4.295900e+02 5.883400e+02 0
-2.704400e+00 1.203100e+01 -7.702700e-01 -6.087800e-01 355 46 1.012000e+01 2.460000e+00 5.421000e+02 4.175000e+02 1
-4.360000e-01 1.493300e+00 -2.269900e-01 -5.767400e-01 48 47 1.054700e+01 2.460000e+00 4.245700e+02 5.993900e+02 0
-4.583700e-01 1.554500e+00 -2.301400e-01 -5.767400e-01 49 47 1.051500e+01 2.460000e+00 4.262200e+02 5.908300e+02 0
9.102700e+00 7.242600e+00 -5.233800e-01 -5.767400e-01 338 47 9.854600e+00 2.460000e+00 1.521100e+03 4.384700e+02 0
0 0 -1.500000e-01 -3.204100e-02 1 64 1.576300e+01 2.460000e+00 2167 -3.612800e+03 0
-7.093800e-02 1.126000e-01 -1.558000e-01 -3.204100e-02 5 64 1.413800e+01 2.460000e+00 -3.061500e+03 7.612900e+03 0
-1.585200e-01 1.861000e-01 -1.595900e-01 -3.204100e-02 8 64 1.329100e+01 2.460000e+00 -1.091700e+03 2.913500e+03 0
-2.008100e-01 1.906200e-01 -1.598300e-01 -3.204100e-02 9 64 1.261100e+01 2.460000e+00 -1.223800e+03 2.791800e+03 0
-2.480100e-01 1.857800e-01 -1.595800e-01 -3.204100e-02 10 64 1.262700e+01 2.460000e+00 -1.525500e+03 2.856200e+03 0
-2.592000e-01 2.264500e-01 -1.616700e-01 -3.204100e-02 11 64 1.208800e+01 2.460000e+00 -1.004400e+03 2.228900e+03 0
-2.851200e-01 2.372500e-01 -1.622300e-01 -3.204100e-02 12 64 1.159100e+01 2.460000e+00 -9.851200e+02 2.104700e+03 0
-2.979400e-01 2.896100e-01 -1.649300e-01 -3.204100e-02 13 64 1.085900e+01 2.460000e+00 -6.284900e+02 1.704300e+03 0
-1.260500e-01 4.689400e-01 -1.741800e-01 -3.204100e-02 15 64 1.041900e+01 2.460000e+00 2.201900e+02 1.134900e+03 0
3.536000e-01 3.810000e-01 -1.696400e-01 -3.204100e-02 28 64 1.206900e+01 2.460000e+00 1.086300e+03 1.398700e+03 0
6.799100e-01 6.424600e-01 -1.831200e-01 -3.204100e-02 29 64 1.362900e+01 2.460000e+00 1.286200e+03 9.380500e+02 0
6.725500e-01 7.405300e-01 -1.881800e-01 -3.204100e-02 30 64 1.456100e+01 2.460000e+00 1.188500e+03 8.548700e+02 0
6.793700e-01 7.974100e-01 -1.911100e-01 -3.204100e-02 31 64 1.472200e+01 2.460000e+00 1.154700e+03 8.175600e+02 0
6.766400e-01 8.315500e-01 -1.928700e-01 -3.204100e-02 32 64 1.418700e+01 2.460000e+00 1.130900e+03 7.977900e+02 0
6.722700e-01 8.743700e-01 -1.950800e-01 -3.204100e-02 33 64 1.267100e+01 2.460000e+00 1.103200e+03 7.754400e+02 0
-8.403400e-01 8.875300e-01 -1.957600e-01 -3.204100e-02 36 64 1.062900e+01 2.460000e+00 -7.028600e+01 7.436900e+02 0
-8.545300e-01 8.910000e-01 -1.959300e-01 -3.204100e-02 37 64 1.117400e+01 2.460000e+00 -7.738600e+01 7.420300e+02 0
-8.782700e-01 8.559700e-01 -1.941300e-01 -3.204100e-02 38 64 1.071900e+01 2.460000e+00 -1.285200e+02 7.567000e+02 0
