0 0 -1.500000e-01 0 1 65 1.676000e+01 2.240000e+00 2167 -3.612800e+03 0
-7.093800e-02 1.130500e-01 -1.553100e-01 0 5 65 1.515600e+01 2.240000e+00 -3.018900e+03 7.523100e+03 0
-1.585200e-01 1.859500e-01 -1.587300e-01 0 8 65 1.430400e+01 2.240000e+00 -1.093500e+03 2.911500e+03 0
-1.986300e-01 1.947200e-01 -1.591400e-01 0 9 65 1.362700e+01 2.240000e+00 -1.151800e+03 2711 0
-2.480100e-01 1.868700e-01 -1.587700e-01 0 10 65 1.359000e+01 2.240000e+00 -1505 2829 0
-2.619200e-01 2.220100e-01 -1.604200e-01 0 11 65 1.301500e+01 2.240000e+00 -1.062200e+03 2.275300e+03 0
-2.881200e-01 2.314700e-01 -1.608600e-01 0 12 65 1.262300e+01 2.240000e+00 -1.053200e+03 2.158500e+03 0
-3.044900e-01 2.831000e-01 -1.632900e-01 0 13 65 1.188800e+01 2.240000e+00 -6.850800e+02 1.737800e+03 0
-3.050300e-01 3.071200e-01 -1.644200e-01 0 14 65 1.144300e+01 2.240000e+00 -5.503000e+02 1.604700e+03 0
-1.222300e-01 3.913500e-01 -1.683700e-01 0 15 65 1.104900e+01 2.240000e+00 1.133300e+02 1.310500e+03 0
3.536000e-01 3.629000e-01 -1.670300e-01 0 28 65 1.307100e+01 2.240000e+00 1.111700e+03 1.460400e+03 0
6.722700e-01 6.459200e-01 -1.803200e-01 0 29 65 1.464500e+01 2.240000e+00 1.273200e+03 9.309000e+02 0
6.725500e-01 7.377700e-01 -1.846300e-01 0 30 65 1.558100e+01 2.240000e+00 1.190500e+03 8.535000e+02 0
6.711800e-01 8.044600e-01 -1.877600e-01 0 31 65 1.575600e+01 2.240000e+00 1.142500e+03 8.098500e+02 0
6.766400e-01 8.324500e-01 -1.890700e-01 0 32 65 1.525500e+01 2.240000e+00 1.130200e+03 7.940200e+02 0
6.722700e-01 8.748900e-01 -1.910700e-01 0 33 65 1.384100e+01 2.240000e+00 1.102800e+03 7.719300e+02 0
7.328400e-01 9.130800e-01 -1.928600e-01 0 35 65 1.093700e+01 2.240000e+00 1.131900e+03 7.551000e+02 0
-8.116900e-01 9.069000e-01 -1.925700e-01 0 36 65 1.166700e+01 2.240000e+00 -3.264900e+01 7.331900e+02 0
-8.447100e-01 8.948500e-01 -1.920000e-01 0 37 65 1.222100e+01 2.240000e+00 -6.671700e+01 7.375500e+02 0
-8.782700e-01 8.736900e-01 -1.910100e-01 0 38 65 1.184100e+01 2.240000e+00 -1.108200e+02 7.458800e+02 0
-9.227400e-01 8.441400e-01 -1.896200e-01 0 39 65 1.034100e+01 2.240000e+00 -1.743000e+02 7.582500e+02 0
0 0 -1.500000e-01 3.204100e-02 1 66 1.575900e+01 2.240000e+00 2167 -3.612800e+03 0
-7.093800e-02 1.139500e-01 -1.553500e-01 3.204100e-02 5 66 1.414300e+01 2.240000e+00 -2940 7.371500e+03 0
-1.585200e-01 1.858200e-01 -1.587200e-01 3.204100e-02 8 66 1.330200e+01 2.240000e+00 -1.095500e+03 2.914200e+03 0
-1.986300e-01 1.940600e-01 -1.591100e-01 3.204100e-02 9 66 1.262000e+01 2.240000e+00 -1.161300e+03 2723 0
-2.480100e-01 1.861700e-01 -1.587400e-01 3.204100e-02 10 66 1.256500e+01 2.240000e+00 -1.517800e+03 2.843200e+03 0
-2.592000e-01 2.263400e-01 -1.606200e-01 3.204100e-02 11 66 1.196700e+01 2.240000e+00 -1.005300e+03 2.225700e+03 0
-2.851200e-01 2.367200e-01 -1.611100e-01 3.204100e-02 12 66 1.161600e+01 2.240000e+00 -9.899400e+02 2.105700e+03 0
-3.077600e-01 2.806100e-01 -1.631700e-01 3.204100e-02 13 66 1.089000e+01 2.240000e+00 -7.098100e+02 1.752600e+03 0
-3.085800e-01 3.083000e-01 -1.644700e-01 3.204100e-02 14 66 1.037200e+01 2.240000e+00 -5.529500e+02 1.598300e+03 0
3.462300e-01 3.909600e-01 -1.683500e-01 3.204100e-02 28 66 1.203200e+01 2.240000e+00 1.057700e+03 1.361200e+03 0
6.722700e-01 6.433900e-01 -1.802000e-01 3.204100e-02 29 66 1.362100e+01 2.240000e+00 1.275900e+03 9.334000e+02 0
6.725500e-01 7.365300e-01 -1.845700e-01 3.204100e-02 30 66 1.456600e+01 2.240000e+00 1.191500e+03 8.544000e+02 0
6.711800e-01 8.044700e-01 -1.877600e-01 3.204100e-02 31 66 1.476400e+01 2.240000e+00 1.142400e+03 8.098500e+02 0
6.766400e-01 8.325600e-01 -1.890800e-01 3.204100e-02 32 66 1.429500e+01 2.240000e+00 1.130200e+03 7.939500e+02 0
6.810000e-01 8.682300e-01 -1.907500e-01 3.204100e-02 33 66 1.292400e+01 2.240000e+00 1.113700e+03 7.753800e+02 0
7.328400e-01 9.018600e-01 -1.923300e-01 3.204100e-02 35 66 1.002800e+01 2.240000e+00 1138 7.601900e+02 0
-8.212400e-01 8.975100e-01 -1.921300e-01 3.204100e-02 36 66 1.066900e+01 2.240000e+00 -4.752400e+01 7.368300e+02 0
-8.545300e-01 8.927900e-01 -1.919100e-01 3.204100e-02 37 66 1.114800e+01 2.240000e+00 -7.564200e+01 7.382400e+02 0
-8.782700e-01 8.878200e-01 -1.916700e-01 3.204100e-02 38 66 1.059900e+01 2.240000e+00 -9.733700e+01 7.399200e+02 0
0 0 -1.500000e-01 9.612300e-02 1 68 1.060300e+01 2.240000e+00 2167 -3.612800e+03 0
9.822200e-02 3.109600e+00 -2.959600e-01 -7.049000e-01 91 43 1.014400e+01 2.240000e+00 6.784600e+02 4.880900e+02 0
4.638300e-02 2.967300e+00 -2.892800e-01 -6.408200e-01 86 45 1.005600e+01 2.240000e+00 6.663200e+02 4.928100e+02 0
7.223900e+00 8.372900e+00 -5.430100e-01 -6.408200e-01 320 45 1.019800e+01 2.240000e+00 1.250200e+03 4.284700e+02 0
6.983600e+00 8.462700e+00 -5.472300e-01 -6.087800e-01 317 46 1.020800e+01 2.240000e+00 1.224700e+03 4.279700e+02 0
7.265100e+00 8.291600e+00 -5.392000e-01 -6.087800e-01 318 46 1.056900e+01 2.240000e+00 1.259200e+03 4.288700e+02 0
7.374800e+00 8.120300e+00 1.734000e+00 -6.087800e-01 319 46 1.048100e+01 2.240000e+00 1.271100e+03 2.538400e+02 0
7.311000e+00 8.055300e+00 2.402600e+00 -6.087800e-01 320 46 1.070200e+01 2.240000e+00 1.267700e+03 2.014600e+02 0
7.159300e+00 8.309200e+00 2.142900e+00 -6.087800e-01 321 46 1.070700e+01 2.240000e+00 1.238500e+03 2.259100e+02 0
-5.285400e+00 1.034300e+01 -6.355100e-01 -5.767400e-01 335 47 1.037500e+01 2.240000e+00 3.617900e+02 4.180300e+02 1
-5.301200e+00 1.041400e+01 -6.388200e-01 -5.767400e-01 336 47 1.041900e+01 2.240000e+00 3.630800e+02 4.178400e+02 1
-5.542200e+00 1.006200e+01 -6.222800e-01 -5.447000e-01 334 48 1.056400e+01 2.240000e+00 3.368300e+02 4.187400e+02 1
-5.558800e+00 1.023400e+01 -6.303800e-01 -5.447000e-01 335 48 1.134400e+01 2.240000e+00 3.417800e+02 4.182600e+02 1
-5.484000e+00 1.032800e+01 -6.347700e-01 -5.447000e-01 336 48 1.133000e+01 2.240000e+00 3.494000e+02 4.180300e+02 1
-5.408700e+00 1.041100e+01 -6.386700e-01 -5.447000e-01 337 48 1.076400e+01 2.240000e+00 3.566000e+02 4.178300e+02 1
-5.649900e+00 9.977800e+00 -6.183400e-01 -5.126600e-01 335 49 1.013800e+01 2.240000e+00 3.272100e+02 4.189500e+02 1
-5.484000e+00 1.014800e+01 -6.263500e-01 -5.126600e-01 336 49 1.010700e+01 2.240000e+00 3.433800e+02 4.185100e+02 1
0 0 -1.500000e-01 -3.204100e-02 1 64 1.574900e+01 2.240000e+00 2167 -3.612800e+03 0
-7.093800e-02 1.126800e-01 -1.552900e-01 -3.204100e-02 5 64 1.413100e+01 2.240000e+00 -3.051900e+03 7.586600e+03 0
-1.585200e-01 1.859900e-01 -1.587300e-01 -3.204100e-02 8 64 1.327400e+01 2.240000e+00 -1.092900e+03 2.910700e+03 0
-1.986300e-01 1.948200e-01 -1.591400e-01 -3.204100e-02 9 64 1.256800e+01 2.240000e+00 -1.150300e+03 2.709200e+03 0
-2.480100e-01 1.868000e-01 -1.587700e-01 -3.204100e-02 10 64 1.257600e+01 2.240000e+00 -1.506300e+03 2.830500e+03 0
-2.619200e-01 2.213000e-01 -1.603900e-01 -3.204100e-02 11 64 1.205400e+01 2.240000e+00 -1.070200e+03 2.283900e+03 0
-2.881200e-01 2.309500e-01 -1.608400e-01 -3.204100e-02 12 64 1.159900e+01 2.240000e+00 -1.058700e+03 2164 0
-3.044900e-01 2.827100e-01 -1.632700e-01 -3.204100e-02 13 64 1.099800e+01 2.240000e+00 -6.875000e+02 1.740200e+03 0
-2.943900e-01 3.070000e-01 -1.644100e-01 -3.204100e-02 14 64 1.043400e+01 2.240000e+00 -5.249200e+02 1.607200e+03 0
-1.145900e-01 4.751400e-01 -1.723000e-01 -3.204100e-02 15 64 1.018700e+01 2.240000e+00 2.450400e+02 1.120800e+03 0
3.536000e-01 3.944100e-01 -1.685100e-01 -3.204100e-02 28 64 1.204700e+01 2.240000e+00 1.069100e+03 1.351200e+03 0
6.799100e-01 6.396700e-01 -1.800300e-01 -3.204100e-02 29 64 1.363400e+01 2.240000e+00 1.289100e+03 9.374000e+02 0
6.725500e-01 7.382200e-01 -1.846500e-01 -3.204100e-02 30 64 1.455700e+01 2.240000e+00 1.190100e+03 8.531800e+02 0
6.711800e-01 8.044300e-01 -1.877600e-01 -3.204100e-02 31 64 1.471600e+01 2.240000e+00 1.142500e+03 8.098700e+02 0
6.766400e-01 8.314900e-01 -1.890300e-01 -3.204100e-02 32 64 1.419900e+01 2.240000e+00 1.130800e+03 7.945400e+02 0
6.722700e-01 8.732800e-01 -1.909900e-01 -3.204100e-02 33 64 1.278000e+01 2.240000e+00 1.103600e+03 7.727200e+02 0
6.752700e-01 9.339000e-01 -1.938400e-01 -3.204100e-02 34 64 1.044500e+01 2.240000e+00 1.076300e+03 7.450900e+02 0
7.514000e-01 9.133800e-01 -1.928700e-01 -3.204100e-02 35 64 1.015700e+01 2.240000e+00 1.146500e+03 7.552700e+02 0
-8.021400e-01 9.137400e-01 -1.928900e-01 -3.204100e-02 36 64 1.076300e+01 2.240000e+00 -2.018000e+01 7.306300e+02 0
-8.447100e-01 8.785200e-01 -1.912400e-01 -3.204100e-02 37 64 1.135400e+01 2.240000e+00 -8.163100e+01 7.443600e+02 0
-8.984600e-01 8.240700e-01 -1.886800e-01 -3.204100e-02 38 64 1.107100e+01 2.240000e+00 -1.777500e+02 7.681400e+02 0
