0 0 -1.500000e-01 0 1 65 1.675500e+01 2.040000e+00 2167 -3.612800e+03 0
-7.093800e-02 1.130800e-01 -1.548300e-01 0 5 65 1.514900e+01 2.040000e+00 -3.014200e+03 7.506900e+03 0
-1.585200e-01 1.860500e-01 -1.579500e-01 0 8 65 1.428000e+01 2.040000e+00 -1.091600e+03 2.904600e+03 0
-2.008100e-01 1.918200e-01 -1.582000e-01 0 9 65 1.365900e+01 2.040000e+00 -1.204300e+03 2759 0
-2.480100e-01 1.869900e-01 -1.579900e-01 0 10 65 1.361500e+01 2.040000e+00 -1.502200e+03 2.821900e+03 0
-2.619200e-01 2.225100e-01 -1.595100e-01 0 11 65 1.308800e+01 2.040000e+00 -1.056200e+03 2.265100e+03 0
-2.881200e-01 2.312400e-01 -1.598800e-01 0 12 65 1.263800e+01 2.040000e+00 -1.055300e+03 2157 0
-3.044900e-01 2.823000e-01 -1.620700e-01 0 13 65 1.192300e+01 2.040000e+00 -6.898300e+02 1.739100e+03 0
-3.085800e-01 2.998400e-01 -1.628200e-01 0 14 65 1.147600e+01 2.040000e+00 -5.973300e+02 1638 0
-1.222300e-01 3.503100e-01 -1.649700e-01 0 15 65 1.104300e+01 2.040000e+00 2.850700e+01 1.441700e+03 0
3.609700e-01 3.190100e-01 -1.636400e-01 0 28 65 1.309500e+01 2.040000e+00 1.210800e+03 1.659300e+03 0
6.722700e-01 6.417400e-01 -1.774300e-01 0 29 65 1.462500e+01 2.040000e+00 1.277500e+03 9.319100e+02 0
6.725500e-01 7.354400e-01 -1.814400e-01 0 30 65 1.558400e+01 2.040000e+00 1.192200e+03 8.521400e+02 0
6.793700e-01 7.975800e-01 -1.840900e-01 0 31 65 1.575200e+01 2.040000e+00 1.154300e+03 8.111500e+02 0
6.766400e-01 8.327200e-01 -1.855900e-01 0 32 65 1.522700e+01 2.040000e+00 1.129900e+03 7.908800e+02 0
6.810000e-01 8.701700e-01 -1.871900e-01 0 33 65 1.373000e+01 2.040000e+00 1.112500e+03 7.714500e+02 0
7.328400e-01 8.741500e-01 -1.873600e-01 0 35 65 1.122700e+01 2.040000e+00 1.153700e+03 7.704300e+02 0
-7.926000e-01 9.273400e-01 -1.896400e-01 0 36 65 1.168800e+01 2.040000e+00 -2.414900e+00 7.227400e+02 0
-8.250600e-01 9.038300e-01 -1.886300e-01 0 37 65 1.203800e+01 2.040000e+00 -4.468200e+01 7.314500e+02 0
-8.580800e-01 8.638400e-01 -1.869200e-01 0 38 65 1.153200e+01 2.040000e+00 -1.053800e+02 7.477100e+02 0
0 0 -1.500000e-01 3.204100e-02 1 66 1.574700e+01 2.040000e+00 2167 -3.612800e+03 0
-7.093800e-02 1.132100e-01 -1.548400e-01 3.204100e-02 5 66 1.413100e+01 2.040000e+00 -3.002700e+03 7.484900e+03 0
-1.604300e-01 1.843800e-01 -1.578800e-01 3.204100e-02 8 66 1.323800e+01 2.040000e+00 -1.126800e+03 2.939500e+03 0
-2.008100e-01 1.920900e-01 -1.582100e-01 3.204100e-02 9 66 1.260100e+01 2.040000e+00 -1.200100e+03 2.753800e+03 0
-2.480100e-01 1.878900e-01 -1.580300e-01 3.204100e-02 10 66 1.258700e+01 2.040000e+00 -1486 2804 0
-2.619200e-01 2.233200e-01 -1.595500e-01 3.204100e-02 11 66 1.209500e+01 2.040000e+00 -1.047300e+03 2.255600e+03 0
-2.881200e-01 2.310500e-01 -1.598800e-01 3.204100e-02 12 66 1.154400e+01 2.040000e+00 -1.057200e+03 2159 0
-3.077600e-01 2.786000e-01 -1.619100e-01 3.204100e-02 13 66 1.086600e+01 2.040000e+00 -7.226300e+02 1.761700e+03 0
-3.050300e-01 2.953600e-01 -1.626200e-01 3.204100e-02 14 66 1.040500e+01 2.040000e+00 -6.132000e+02 1.662800e+03 0
-1.260500e-01 3.241600e-01 -1.638600e-01 3.204100e-02 15 66 1.026500e+01 2.040000e+00 -4.907100e+01 1.549500e+03 0
3.536000e-01 3.628800e-01 -1.655100e-01 3.204100e-02 28 66 1.209700e+01 2.040000e+00 1.111600e+03 1.456900e+03 0
6.722700e-01 6.441400e-01 -1.775300e-01 3.204100e-02 29 66 1.366900e+01 2.040000e+00 1.274900e+03 9.295300e+02 0
6.725500e-01 7.367400e-01 -1.814900e-01 3.204100e-02 30 66 1.462100e+01 2.040000e+00 1.191200e+03 8.512000e+02 0
6.711800e-01 8.044600e-01 -1.843900e-01 3.204100e-02 31 66 1.479900e+01 2.040000e+00 1.142300e+03 8.068500e+02 0
6.766400e-01 8.324800e-01 -1.855800e-01 3.204100e-02 32 66 1.429300e+01 2.040000e+00 1.130100e+03 7.910100e+02 0
6.810000e-01 8.700900e-01 -1.871900e-01 3.204100e-02 33 66 1.285200e+01 2.040000e+00 1.112500e+03 7.714900e+02 0
6.662700e-01 9.403500e-01 -1.901900e-01 3.204100e-02 34 66 1.028600e+01 2.040000e+00 1.066300e+03 7.393100e+02 0
7.050100e-01 9.138100e-01 -1.890600e-01 3.204100e-02 35 66 1.003200e+01 2.040000e+00 1.109200e+03 7.513600e+02 0
-7.926000e-01 9.272300e-01 -1.896300e-01 3.204100e-02 36 66 1.072700e+01 2.040000e+00 -2.498100e+00 7.227800e+02 0
-8.348900e-01 8.973100e-01 -1.883500e-01 3.204100e-02 37 66 1.107100e+01 2.040000e+00 -5.738400e+01 7.339300e+02 0
-8.782700e-01 8.604400e-01 -1.867800e-01 3.204100e-02 38 66 1.065800e+01 2.040000e+00 -1.237800e+02 7.488800e+02 0
0 0 -1.500000e-01 6.408200e-02 1 67 1.063900e+01 2.040000e+00 2167 -3.612800e+03 0
-8.185100e-04 3.491300e-02 -1.514900e-01 6.408200e-02 2 67 1.007300e+01 2.040000e+00 3.500800e+03 -7.198300e+03 0
-1.514300e-01 6.756500e-02 -1.528900e-01 6.408200e-02 6 67 9.438400e+00 2.040000e+00 159440 -228310 0
-1.784400e-01 9.585800e-02 -1.541000e-01 6.408200e-02 7 67 9.522700e+00 2.040000e+00 -7.272800e+03 10978 0
6.646300e-01 6.633200e-01 -1.783500e-01 6.408200e-02 29 67 1.029700e+01 2.040000e+00 1.246400e+03 9.109500e+02 0
6.646300e-01 7.535000e-01 -1.822100e-01 6.408200e-02 30 67 1.123500e+01 2.040000e+00 1.170600e+03 8.391900e+02 0
6.711800e-01 8.032000e-01 -1.843300e-01 6.408200e-02 31 67 1.158200e+01 2.040000e+00 1.143100e+03 8.076000e+02 0
6.766400e-01 8.188600e-01 -1.850000e-01 6.408200e-02 32 67 1.121200e+01 2.040000e+00 1.138300e+03 7.986100e+02 0
6.897400e-01 8.263800e-01 -1.853200e-01 6.408200e-02 33 67 1.008700e+01 2.040000e+00 1.145400e+03 7.946500e+02 0
0 0 -1.500000e-01 9.612300e-02 1 68 9.509000e+00 2.040000e+00 2167 -3.612800e+03 0
-1.500600e-02 9.292300e-03 -1.504000e-01 9.612300e-02 2 68 9.271100e+00 2.040000e+00 2.540700e+03 -4.223500e+03 0
6.725500e-01 7.545400e-01 -1.822500e-01 9.612300e-02 30 68 9.801000e+00 2.040000e+00 1.177700e+03 8.386700e+02 0
6.711800e-01 8.017500e-01 -1.842700e-01 9.612300e-02 31 68 1.005500e+01 2.040000e+00 1144 8.084600e+02 0
6.851000e-01 8.328300e-01 -1.856000e-01 9.612300e-02 32 68 9.700800e+00 2.040000e+00 1.137300e+03 7.909900e+02 0
-5.020200e-01 6.401000e+00 -4.236000e-01 -8.971500e-01 185 37 1.172400e+01 2.040000e+00 6.263000e+02 4.343800e+02 1
-5.552300e-01 6.433100e+00 -4.249700e-01 -8.971500e-01 186 37 1.245100e+01 2.040000e+00 6.213600e+02 4.341200e+02 1
-5.582300e-01 6.469100e+00 -4.265100e-01 -8.971500e-01 187 37 1.240700e+01 2.040000e+00 6.214700e+02 4.338600e+02 1
-6.122500e-01 6.499300e+00 -4.278100e-01 -8.971500e-01 188 37 1.178100e+01 2.040000e+00 6.165000e+02 4.336200e+02 1
-5.642300e-01 6.538800e+00 -4.294900e-01 -8.971500e-01 189 37 1.096900e+01 2.040000e+00 6.216600e+02 4.333600e+02 1
-4.641000e-01 6.583100e+00 -4.313900e-01 -8.971500e-01 190 37 1.041500e+01 2.040000e+00 6.318600e+02 4.331000e+02 1
-4.493600e-01 6.370500e+00 -4.223000e-01 -8.651100e-01 184 38 1.109300e+01 2.040000e+00 6.312600e+02 4.346300e+02 1
-5.522200e-01 6.401600e+00 -4.236300e-01 -8.651100e-01 185 38 1.289200e+01 2.040000e+00 6.213000e+02 4.343500e+02 1
-5.552300e-01 6.436700e+00 -4.251300e-01 -8.651100e-01 186 38 1.363400e+01 2.040000e+00 6.214000e+02 4.341000e+02 1
-6.089800e-01 6.466900e+00 -4.264200e-01 -8.651100e-01 187 38 1.354500e+01 2.040000e+00 6.164300e+02 4.338500e+02 1
-6.122500e-01 6.501600e+00 -4.279000e-01 -8.651100e-01 188 38 1.282800e+01 2.040000e+00 6.165300e+02 4.336000e+02 1
-6.155200e-01 6.536100e+00 -4.293800e-01 -8.651100e-01 189 38 1.206000e+01 2.040000e+00 6.166200e+02 4.333600e+02 1
-6.188000e-01 6.571100e+00 -4.308700e-01 -8.651100e-01 190 38 1.160800e+01 2.040000e+00 6.167200e+02 4.331100e+02 1
-6.220700e-01 6.605500e+00 -4.323400e-01 -8.651100e-01 191 38 1.103400e+01 2.040000e+00 6.168000e+02 4.328700e+02 1
-7.295700e-01 6.618500e+00 -4.329000e-01 -8.651100e-01 192 38 1.039600e+01 2.040000e+00 6.066000e+02 4.327400e+02 1
-6.490800e-01 6.278000e+00 -4.183500e-01 -8.330700e-01 184 39 1.031600e+01 2.040000e+00 6.100100e+02 4.352300e+02 1
-6.024300e-01 6.396400e+00 -4.234100e-01 -8.330700e-01 185 39 1.211400e+01 2.040000e+00 6.162300e+02 4.343700e+02 1
-6.057000e-01 6.432200e+00 -4.249400e-01 -8.330700e-01 186 39 1.284100e+01 2.040000e+00 6.163400e+02 4.341000e+02 1
-6.089800e-01 6.466000e+00 -4.263800e-01 -8.330700e-01 187 39 1.272100e+01 2.040000e+00 6.164200e+02 4.338600e+02 1
-6.122500e-01 6.497900e+00 -4.277500e-01 -8.330700e-01 188 39 1.188200e+01 2.040000e+00 6.164900e+02 4.336300e+02 1
-6.155200e-01 6.531600e+00 -4.291800e-01 -8.330700e-01 189 39 1.110700e+01 2.040000e+00 6.165700e+02 4.333900e+02 1
-6.703600e-01 6.566400e+00 -4.306700e-01 -8.330700e-01 190 39 1.081900e+01 2.040000e+00 6.116500e+02 4.331200e+02 1
-6.739100e-01 6.598000e+00 -4.320200e-01 -8.330700e-01 191 39 1.008000e+01 2.040000e+00 6.117100e+02 4.329000e+02 1
-8.406100e-01 2.618800e+00 -2.619400e-01 -8.010300e-01 80 40 1.021400e+01 2.040000e+00 4.438200e+02 5.023600e+02 0
-3.432300e-01 1.205700e+00 -2.015400e-01 -7.369400e-01 38 42 1.002100e+01 2.040000e+00 4.077100e+02 6.461500e+02 0
-3.628700e-01 1.206500e+00 -2.015700e-01 -7.369400e-01 39 42 1.010300e+01 2.040000e+00 3.971700e+02 6.457900e+02 0
-5.414200e+00 1.705000e+00 -2.228800e-01 -2.563300e-01 165 57 1.005900e+01 2.040000e+00 -1.264800e+03 5.469800e+02 0
0 0 -1.500000e-01 -2.242900e-01 1 58 9.669600e+00 2.040000e+00 2167 -3.612800e+03 0
-5.203300e+00 2.261400e+00 -2.466600e-01 -2.242900e-01 164 58 1.086900e+01 2.040000e+00 -7.524800e+02 5.100900e+02 0
-5.324700e+00 2.109500e+00 -2.401700e-01 -2.242900e-01 165 58 1.115000e+01 2.040000e+00 -8.838800e+02 5.181800e+02 0
-5.447200e+00 1.742000e+00 -2.244600e-01 -2.242900e-01 166 58 1.069400e+01 2.040000e+00 -1.235800e+03 5.436800e+02 0
0 0 -1.500000e-01 -1.922500e-01 1 59 9.721600e+00 2.040000e+00 2167 -3.612800e+03 0
-5.247800e+00 2.185900e+00 -2.434300e-01 -1.922500e-01 164 59 1.015200e+01 2.040000e+00 -8.116600e+02 5.140200e+02 0
-5.369500e+00 1.977200e+00 -2.345100e-01 -1.922500e-01 165 59 1.037900e+01 2.040000e+00 -9.966300e+02 5.263300e+02 0
-5.492200e+00 1.743300e+00 -2.245200e-01 -1.922500e-01 166 59 9.965200e+00 2.040000e+00 -1.248300e+03 5.434100e+02 0
0 0 -1.500000e-01 -6.408200e-02 1 63 1.079300e+01 2.040000e+00 2167 -3.612800e+03 0
3.383200e-02 7.608500e-03 -1.503300e-01 -6.408200e-02 2 63 1.026000e+01 2.040000e+00 1.989700e+03 -3.997600e+03 0
6.951900e-01 6.231900e-01 -1.766400e-01 -6.408200e-02 29 63 1.048100e+01 2.040000e+00 1.326600e+03 9.519500e+02 0
6.883700e-01 7.326400e-01 -1.813200e-01 -6.408200e-02 30 63 1.127500e+01 2.040000e+00 1.210600e+03 8.546100e+02 0
6.793700e-01 7.944600e-01 -1.839600e-01 -6.408200e-02 31 63 1.133100e+01 2.040000e+00 1.156400e+03 8.130400e+02 0
6.766400e-01 8.230400e-01 -1.851800e-01 -6.408200e-02 32 63 1.086700e+01 2.040000e+00 1.135700e+03 7.962500e+02 0
0 0 -1.500000e-01 -3.204100e-02 1 64 1.574500e+01 2.040000e+00 2167 -3.612800e+03 0
-7.093800e-02 1.128300e-01 -1.548200e-01 -3.204100e-02 5 64 1.411300e+01 2.040000e+00 -3.036900e+03 7.550600e+03 0
-1.604300e-01 1.844300e-01 -1.578800e-01 -3.204100e-02 8 64 1.328100e+01 2.040000e+00 -1126 2.938300e+03 0
-2.008100e-01 1.913100e-01 -1.581800e-01 -3.204100e-02 9 64 1.268900e+01 2.040000e+00 -1212 2.768700e+03 0
-2.480100e-01 1.859500e-01 -1.579500e-01 -3.204100e-02 10 64 1.259800e+01 2.040000e+00 -1.521200e+03 2843 0
-2.619200e-01 2.209400e-01 -1.594400e-01 -3.204100e-02 11 64 1.201400e+01 2.040000e+00 -1.073800e+03 2284 0
-2.851200e-01 2.314700e-01 -1.598900e-01 -3.204100e-02 12 64 1.165300e+01 2.040000e+00 -1.042400e+03 2.155600e+03 0
-3.012100e-01 2.836500e-01 -1.621200e-01 -3.204100e-02 13 64 1.090600e+01 2.040000e+00 -6.725600e+02 1.731500e+03 0
-3.085800e-01 3.001900e-01 -1.628300e-01 -3.204100e-02 14 64 1.048200e+01 2.040000e+00 -5.954100e+02 1.636100e+03 0
3.609700e-01 3.450200e-01 -1.647500e-01 -3.204100e-02 28 64 1.207300e+01 2.040000e+00 1.158900e+03 1.531600e+03 0
6.799100e-01 6.345000e-01 -1.771200e-01 -3.204100e-02 29 64 1.356100e+01 2.040000e+00 1.294600e+03 9.395100e+02 0
6.725500e-01 7.341000e-01 -1.813800e-01 -3.204100e-02 30 64 1.451200e+01 2.040000e+00 1.193200e+03 8.531200e+02 0
6.793700e-01 7.975400e-01 -1.840900e-01 -3.204100e-02 31 64 1.467900e+01 2.040000e+00 1.154300e+03 8.111700e+02 0
6.851000e-01 8.265800e-01 -1.853300e-01 -3.204100e-02 32 64 1.415100e+01 2.040000e+00 1.141100e+03 7.944500e+02 0
6.810000e-01 8.678500e-01 -1.871000e-01 -3.204100e-02 33 64 1.264200e+01 2.040000e+00 1.113700e+03 7.726100e+02 0
7.421200e-01 7.990700e-01 -1.841600e-01 -3.204100e-02 35 64 1.040600e+01 2.040000e+00 1.211700e+03 8.116400e+02 0
-8.116900e-01 9.131900e-01 -1.890300e-01 -3.204100e-02 36 64 1.062700e+01 2.040000e+00 -2.728200e+01 7.279400e+02 0
-8.348900e-01 8.812500e-01 -1.876700e-01 -3.204100e-02 37 64 1.094900e+01 2.040000e+00 -7.182800e+01 7.405900e+02 0
-8.681700e-01 7.753100e-01 -1.831400e-01 -3.204100e-02 38 64 1.035600e+01 2.040000e+00 -2.106500e+02 7.911400e+02 0
