0 0 -1.500000e-01 0 1 65 1.676000e+01 3.620000e+00 2167 -3.612800e+03 0
-7.093800e-02 1.129000e-01 -1.585700e-01 0 5 65 1.514500e+01 3.620000e+00 -3.043900e+03 7.621200e+03 0
-1.585200e-01 1.860500e-01 -1.641200e-01 0 8 65 1.430600e+01 3.620000e+00 -1095 2.942300e+03 0
-1.986300e-01 1.941700e-01 -1.647400e-01 0 9 65 1.362200e+01 3.620000e+00 -1.162800e+03 2.752600e+03 0
-2.480100e-01 1.870400e-01 -1.642000e-01 0 10 65 1.358500e+01 3.620000e+00 -1.505700e+03 2.857600e+03 0
-2.592000e-01 2.271500e-01 -1.672400e-01 0 11 65 1.257100e+01 3.620000e+00 -9.992500e+02 2.244600e+03 0
-2.851200e-01 2.372400e-01 -1.680100e-01 0 12 65 1.261900e+01 3.620000e+00 -9.873300e+02 2.127800e+03 0
-3.044900e-01 2.823300e-01 -1.714300e-01 0 13 65 1.194500e+01 3.620000e+00 -6.917700e+02 1.767600e+03 0
-4.291700e-01 8.102100e-02 -1.561500e-01 0 14 65 1.149900e+01 3.620000e+00 -17183 14292 0
-1.107700e-01 3.923200e-01 -1.797800e-01 0 15 65 1.120100e+01 3.620000e+00 1.365000e+02 1.331900e+03 0
-3.601500e-01 3.669900e-01 -1.778600e-01 0 16 65 1.107600e+01 3.620000e+00 -4.148100e+02 1.381600e+03 0
3.536000e-01 3.394700e-01 -1.757700e-01 0 28 65 1.307600e+01 3.620000e+00 1.151400e+03 1.584900e+03 0
6.799100e-01 6.408200e-01 -1.986500e-01 0 29 65 1.464800e+01 3.620000e+00 1289 9.579300e+02 0
6.725500e-01 7.370600e-01 -2.059600e-01 0 30 65 1.556800e+01 3.620000e+00 1.192100e+03 8.750900e+02 0
6.711800e-01 8.044800e-01 -2.110700e-01 0 31 65 1.572100e+01 3.620000e+00 1.143400e+03 8.305900e+02 0
6.766400e-01 8.329200e-01 -2.132300e-01 0 32 65 1.518300e+01 3.620000e+00 1.130800e+03 8.143900e+02 0
6.722700e-01 8.769200e-01 -2.165700e-01 0 33 65 1.366600e+01 3.620000e+00 1.102600e+03 7.914000e+02 0
7.421200e-01 8.145300e-01 -2.118400e-01 0 35 65 1.129900e+01 3.620000e+00 1.201600e+03 8.262600e+02 0
-8.498900e-01 8.714000e-01 -2.161500e-01 0 36 65 1.173400e+01 3.620000e+00 -9.288900e+01 7.665100e+02 0
-8.643500e-01 8.821600e-01 -2.169700e-01 0 37 65 1.218600e+01 3.620000e+00 -9.331100e+01 7.616600e+02 0
-8.782700e-01 8.912800e-01 -2.176600e-01 0 38 65 1.183200e+01 3.620000e+00 -9.485300e+01 7.576300e+02 0
-8.916400e-01 9.255400e-01 -2.202700e-01 0 39 65 1.053200e+01 3.620000e+00 -7.343800e+01 7.438300e+02 0
0 0 -1.500000e-01 3.204100e-02 1 66 1.574600e+01 3.620000e+00 2167 -3.612800e+03 0
-4.092600e-02 4.323500e-03 -1.503300e-01 3.204100e-02 4 66 1.514300e+01 3.620000e+00 2.670900e+03 -3.946700e+03 0
-7.202900e-02 1.126900e-01 -1.585600e-01 3.204100e-02 5 66 1.413000e+01 3.620000e+00 -3.076500e+03 7.651400e+03 0
-1.585200e-01 1.859500e-01 -1.641200e-01 3.204100e-02 8 66 1.331800e+01 3.620000e+00 -1.096600e+03 2.944600e+03 0
-2.008100e-01 1.921800e-01 -1.645900e-01 3.204100e-02 9 66 1.262300e+01 3.620000e+00 -1.202500e+03 2.788600e+03 0
-2.480100e-01 1.877600e-01 -1.642500e-01 3.204100e-02 10 66 1.259300e+01 3.620000e+00 -1.492700e+03 2.843100e+03 0
-2.592000e-01 2.285200e-01 -1.673500e-01 3.204100e-02 11 66 1.183200e+01 3.620000e+00 -9.850100e+02 2.229100e+03 0
-2.851200e-01 2.408200e-01 -1.682800e-01 3.204100e-02 12 66 1.163700e+01 3.620000e+00 -9.532000e+02 2.092900e+03 0
-3.044900e-01 2.832200e-01 -1.715000e-01 3.204100e-02 13 66 1.101200e+01 3.620000e+00 -6.861700e+02 1.762100e+03 0
-4.316300e-01 2.162400e-01 -1.664200e-01 3.204100e-02 15 66 1.026100e+01 3.620000e+00 -1.755100e+03 2.302500e+03 0
3.462300e-01 3.665200e-01 -1.778300e-01 3.204100e-02 28 66 1.207100e+01 3.620000e+00 1.090300e+03 1.470500e+03 0
6.799100e-01 6.373400e-01 -1.983900e-01 3.204100e-02 29 66 1.362700e+01 3.620000e+00 1.292800e+03 9.614700e+02 0
6.725500e-01 7.342900e-01 -2.057500e-01 3.204100e-02 30 66 1.453200e+01 3.620000e+00 1.194200e+03 8.771200e+02 0
6.711800e-01 8.044300e-01 -2.110700e-01 3.204100e-02 31 66 1.465400e+01 3.620000e+00 1.143400e+03 8.306200e+02 0
6.766400e-01 8.340100e-01 -2.133200e-01 3.204100e-02 32 66 1.406700e+01 3.620000e+00 1.130200e+03 8.137900e+02 0
6.635400e-01 8.830000e-01 -2.170400e-01 3.204100e-02 33 66 1.243900e+01 3.620000e+00 1.092200e+03 7.882800e+02 0
8.103300e-01 6.861900e-01 -2.020900e-01 3.204100e-02 34 66 1.030300e+01 3.620000e+00 1.389200e+03 9.198600e+02 0
7.514000e-01 8.490700e-01 -2.144600e-01 3.204100e-02 35 66 1.076500e+01 3.620000e+00 1.186300e+03 8.072100e+02 0
-8.594400e-01 8.531900e-01 -2.147700e-01 3.204100e-02 36 66 1.066600e+01 3.620000e+00 -1.178300e+02 7.744200e+02 0
-8.840000e-01 8.537600e-01 -2.148200e-01 3.204100e-02 37 66 1.114900e+01 3.620000e+00 -1.357400e+02 7.737300e+02 0
-9.186500e-01 8.471900e-01 -2.143200e-01 3.204100e-02 38 66 1.078100e+01 3.620000e+00 -1.687500e+02 7.761000e+02 0
0 0 -1.500000e-01 6.408200e-02 1 67 1.060500e+01 3.620000e+00 2167 -3.612800e+03 0
6.646300e-01 7.524600e-01 -2.071300e-01 6.408200e-02 30 67 1.002000e+01 3.620000e+00 1.172500e+03 8.639200e+02 0
6.793700e-01 7.975500e-01 -2.105500e-01 6.408200e-02 31 67 1.080300e+01 3.620000e+00 1.155400e+03 8.349600e+02 0
6.935500e-01 8.266100e-01 -2.127600e-01 6.408200e-02 32 67 1.098600e+01 3.620000e+00 1.149700e+03 8.182700e+02 0
7.246600e-01 8.458100e-01 -2.142100e-01 6.408200e-02 33 67 1.072900e+01 3.620000e+00 1.165100e+03 8.083900e+02 0
7.563100e-01 8.624300e-01 -2.154700e-01 6.408200e-02 34 67 1.017900e+01 3.620000e+00 1.181900e+03 8.003200e+02 0
5.325800e-01 8.398200e+00 -7.875700e-01 -8.971500e-01 245 37 1.031100e+01 3.620000e+00 7.217400e+02 4.441400e+02 1
5.967000e-01 8.465400e+00 -7.926700e-01 -8.651100e-01 244 38 1.113400e+01 3.620000e+00 7.264000e+02 4.438800e+02 1
5.991500e-01 8.492700e+00 -7.947500e-01 -8.651100e-01 245 38 1.140200e+01 3.620000e+00 7.264800e+02 4.437600e+02 1
6.739100e-01 8.596500e+00 -8.026300e-01 -8.651100e-01 248 38 1.011100e+01 3.620000e+00 7.316900e+02 4.433600e+02 1
6.630000e-01 8.460200e+00 -7.922900e-01 -8.330700e-01 244 39 1.041600e+01 3.620000e+00 7.314700e+02 4.439300e+02 1
5.991500e-01 8.498200e+00 -7.951600e-01 -8.330700e-01 245 39 1.061200e+01 3.620000e+00 7.264600e+02 4.437400e+02 1
0 0 -1.500000e-01 -3.204100e-02 1 64 1.574300e+01 3.620000e+00 2167 -3.612800e+03 0
-7.093800e-02 1.124000e-01 -1.585300e-01 -3.204100e-02 5 64 1.412600e+01 3.620000e+00 -3.089500e+03 7.709200e+03 0
-1.585200e-01 1.861000e-01 -1.641300e-01 -3.204100e-02 8 64 1.325800e+01 3.620000e+00 -1.094300e+03 2.941300e+03 0
-2.008100e-01 1.903700e-01 -1.644500e-01 -3.204100e-02 9 64 1.258400e+01 3.620000e+00 -1.230300e+03 2.823500e+03 0
-2.480100e-01 1.856500e-01 -1.640900e-01 -3.204100e-02 10 64 1.257100e+01 3.620000e+00 -1.531200e+03 2886 0
-2.592000e-01 2.251900e-01 -1.671000e-01 -3.204100e-02 11 64 1.198400e+01 3.620000e+00 -1020 2.267100e+03 0
-2.851200e-01 2.324800e-01 -1.676500e-01 -3.204100e-02 12 64 1.152300e+01 3.620000e+00 -1035 2.176500e+03 0
-3.012100e-01 2.841600e-01 -1.715700e-01 -3.204100e-02 13 64 1.081000e+01 3.620000e+00 -6.714800e+02 1757 0
-4.185300e-01 1.614800e-01 -1.622600e-01 -3.204100e-02 14 64 1.054500e+01 3.620000e+00 -3.005300e+03 3.333200e+03 0
3.536000e-01 3.222600e-01 -1.744700e-01 -3.204100e-02 28 64 1.209500e+01 3.620000e+00 1.184700e+03 1.670600e+03 0
6.799100e-01 6.461000e-01 -1.990500e-01 -3.204100e-02 29 64 1.364000e+01 3.620000e+00 1.283300e+03 9.526400e+02 0
6.725500e-01 7.391500e-01 -2.061100e-01 -3.204100e-02 30 64 1.455500e+01 3.620000e+00 1.190400e+03 8.735700e+02 0
6.793700e-01 7.975300e-01 -2.105500e-01 -3.204100e-02 31 64 1.471000e+01 3.620000e+00 1.155400e+03 8.349700e+02 0
6.766400e-01 8.315600e-01 -2.131300e-01 -3.204100e-02 32 64 1.417600e+01 3.620000e+00 1.131700e+03 8.151500e+02 0
6.810000e-01 8.680000e-01 -2.159000e-01 -3.204100e-02 33 64 1.267600e+01 3.620000e+00 1.114700e+03 796 0
7.328400e-01 7.905300e-01 -2.100200e-01 -3.204100e-02 35 64 1.013600e+01 3.620000e+00 1.210500e+03 8.405500e+02 0
-8.498900e-01 8.761700e-01 -2.165200e-01 -3.204100e-02 36 64 1.067100e+01 3.620000e+00 -8.837200e+01 7.644600e+02 0
-8.545300e-01 8.969900e-01 -2.181000e-01 -3.204100e-02 37 64 1.113400e+01 3.620000e+00 -7.255900e+01 7.556700e+02 0
-8.580800e-01 8.975800e-01 -2.181400e-01 -3.204100e-02 38 64 1.084100e+01 3.620000e+00 -7.457400e+01 7.553700e+02 0
