0 0 -1.500000e-01 0 1 65 1.677000e+01 3.940000e+00 2167 -3.612800e+03 0
-7.093800e-02 1.129200e-01 -1.593300e-01 0 5 65 1.514900e+01 3.940000e+00 -3.045100e+03 7635 0
-1.585200e-01 1.860300e-01 -1.653800e-01 0 8 65 1.430600e+01 3.940000e+00 -1.096100e+03 2.950500e+03 0
-1.986300e-01 1.940800e-01 -1.660400e-01 0 9 65 1.362700e+01 3.940000e+00 -1.164800e+03 2.761600e+03 0
-2.480100e-01 1.864500e-01 -1.654100e-01 0 10 65 1.359500e+01 3.940000e+00 -1.517300e+03 2877 0
-2.619200e-01 2.222200e-01 -1.683700e-01 0 11 65 1.304300e+01 3.940000e+00 -1.063200e+03 2.307800e+03 0
-2.881200e-01 2.329900e-01 -1.692600e-01 0 12 65 1.264600e+01 3.940000e+00 -1.040600e+03 2.176400e+03 0
-3.077600e-01 2.798600e-01 -1.731300e-01 0 13 65 1.191100e+01 3.940000e+00 -7.169800e+02 1.788300e+03 0
-3.085800e-01 3.012600e-01 -1.749000e-01 0 14 65 1.151100e+01 3.940000e+00 -5.919400e+02 1.664200e+03 0
-1.184100e-01 3.833800e-01 -1.816900e-01 0 15 65 1.122400e+01 3.940000e+00 1.054000e+02 1.362800e+03 0
3.536000e-01 3.459400e-01 -1.785900e-01 0 28 65 1.306700e+01 3.940000e+00 1.140300e+03 1.561500e+03 0
6.799100e-01 6.375500e-01 -2.026900e-01 0 29 65 1.465200e+01 3.940000e+00 1.292900e+03 9.663100e+02 0
6.725500e-01 7.366100e-01 -2.108800e-01 0 30 65 1.557600e+01 3.940000e+00 1.192600e+03 8.803200e+02 0
6.711800e-01 8.044700e-01 -2.164900e-01 0 31 65 1.573300e+01 3.940000e+00 1.143600e+03 8.354300e+02 0
6.766400e-01 8.322200e-01 -2.187800e-01 0 32 65 1.521200e+01 3.940000e+00 1.131500e+03 8.195800e+02 0
6.722700e-01 8.740100e-01 -2.222400e-01 0 33 65 1.374700e+01 3.940000e+00 1.104300e+03 7.976000e+02 0
7.699500e-01 7.892000e-01 -2.152300e-01 0 35 65 1.115500e+01 3.940000e+00 1.246900e+03 8.471400e+02 0
-8.498900e-01 8.733800e-01 -2.221800e-01 0 36 65 1.183000e+01 3.940000e+00 -9.117800e+01 7.701200e+02 0
-8.643500e-01 8.824000e-01 -2.229300e-01 0 37 65 1.221400e+01 3.940000e+00 -9.325400e+01 7.660200e+02 0
-8.883600e-01 8.564400e-01 -2.207800e-01 0 38 65 1.178800e+01 3.940000e+00 -1.364600e+02 7.769100e+02 0
-9.123700e-01 8.002800e-01 -2.161400e-01 0 39 65 1.047100e+01 3.940000e+00 -2.174000e+02 8.035100e+02 0
0 0 -1.500000e-01 3.204100e-02 1 66 1.574400e+01 3.940000e+00 2167 -3.612800e+03 0
-7.093800e-02 1.134800e-01 -1.593800e-01 3.204100e-02 5 66 1.413700e+01 3.940000e+00 -2.995200e+03 7.538700e+03 0
-1.585200e-01 1.860600e-01 -1.653800e-01 3.204100e-02 8 66 1.331500e+01 3.940000e+00 -1.095700e+03 2950 0
-2.008100e-01 1.906100e-01 -1.657500e-01 3.204100e-02 9 66 1.265300e+01 3.940000e+00 -1.227400e+03 2.826400e+03 0
-2.480100e-01 1.864200e-01 -1.654100e-01 3.204100e-02 10 66 1.263400e+01 3.940000e+00 -1.517900e+03 2.877700e+03 0
-2.619200e-01 2.229200e-01 -1.684200e-01 3.204100e-02 11 66 1.214000e+01 3.940000e+00 -1.055400e+03 2.299300e+03 0
-2.881200e-01 2.357400e-01 -1.694800e-01 3.204100e-02 12 66 1.173300e+01 3.940000e+00 -1.012800e+03 2.148100e+03 0
-3.110400e-01 2.772700e-01 -1.729200e-01 3.204100e-02 13 66 1.096200e+01 3.940000e+00 -7.431100e+02 1.804200e+03 0
-3.014900e-01 3.114000e-01 -1.757400e-01 3.204100e-02 14 66 1.054200e+01 3.940000e+00 -5.221900e+02 1.614100e+03 0
-4.163500e-01 2.283900e-01 -1.688800e-01 3.204100e-02 15 66 1.040100e+01 3.940000e+00 -1.528700e+03 2.177900e+03 0
3.536000e-01 3.389400e-01 -1.780100e-01 3.204100e-02 28 66 1.210800e+01 3.940000e+00 1.152600e+03 1.593300e+03 0
6.722700e-01 6.415200e-01 -2.030200e-01 3.204100e-02 29 66 1.366000e+01 3.940000e+00 1.279300e+03 9.619900e+02 0
6.725500e-01 7.351200e-01 -2.107600e-01 3.204100e-02 30 66 1.458600e+01 3.940000e+00 1.193800e+03 8.814200e+02 0
6.711800e-01 8.044700e-01 -2.164900e-01 3.204100e-02 31 66 1.478300e+01 3.940000e+00 1.143600e+03 8.354200e+02 0
6.766400e-01 8.322200e-01 -2.187800e-01 3.204100e-02 32 66 1.436700e+01 3.940000e+00 1.131500e+03 8.195800e+02 0
6.722700e-01 8.689100e-01 -2.218100e-01 3.204100e-02 33 66 1.319300e+01 3.940000e+00 1107 8.001500e+02 0
6.572700e-01 9.179300e-01 -2.258700e-01 3.204100e-02 34 66 1.082600e+01 3.940000e+00 1.070500e+03 7.767300e+02 0
-8.403400e-01 8.816500e-01 -2.228700e-01 3.204100e-02 36 66 1.073500e+01 3.940000e+00 -7.643300e+01 7.667400e+02 0
-8.643500e-01 8.736800e-01 -2.222100e-01 3.204100e-02 37 66 1.105500e+01 3.940000e+00 -1.015400e+02 7.697400e+02 0
-8.883600e-01 7.907300e-01 -2.153500e-01 3.204100e-02 38 66 1.059300e+01 3.940000e+00 -2.095800e+02 8.090100e+02 0
0 0 -1.500000e-01 6.408200e-02 1 67 1.056200e+01 3.940000e+00 2167 -3.612800e+03 0
2.728400e-04 3.490900e-02 -1.528900e-01 6.408200e-02 2 67 1.012700e+01 3.940000e+00 3.475500e+03 -7.200800e+03 0
6.711800e-01 7.937600e-01 -2.156000e-01 6.408200e-02 31 67 1.004500e+01 3.940000e+00 1.150500e+03 8.419300e+02 0
6.512600e-01 8.388500e-01 -2.193300e-01 6.408200e-02 32 67 1.094000e+01 3.940000e+00 1.105300e+03 8.154100e+02 0
6.722700e-01 8.423900e-01 -2.196200e-01 6.408200e-02 33 67 1.118500e+01 3.940000e+00 1.121700e+03 8.139300e+02 0
7.022900e-01 8.255400e-01 -2.182300e-01 6.408200e-02 34 67 1.071700e+01 3.940000e+00 1.158400e+03 8.238700e+02 0
0 0 -1.500000e-01 9.612300e-02 1 68 1.041500e+01 3.940000e+00 2167 -3.612800e+03 0
8.185100e-04 3.486400e-02 -1.528800e-01 9.612300e-02 2 68 9.922800e+00 3.940000e+00 3.462200e+03 -7.188600e+03 0
5.893300e-01 8.334300e+00 -8.388300e-01 -8.971500e-01 241 37 1.032300e+01 3.940000e+00 7.264100e+02 4.486300e+02 1
3.945200e-01 8.391300e+00 -8.435400e-01 -8.971500e-01 242 37 1.082300e+01 3.940000e+00 7.112300e+02 4.483000e+02 1
5.942400e-01 8.419700e+00 -8.458900e-01 -8.971500e-01 243 37 1.082400e+01 3.940000e+00 7.264600e+02 4.482600e+02 1
6.630000e-01 8.443800e+00 -8.478800e-01 -8.971500e-01 244 37 1.034700e+01 3.940000e+00 7.316200e+02 4.481800e+02 1
3.107600e-01 2.317800e+00 -3.415600e-01 -8.651100e-01 68 38 1.005800e+01 3.940000e+00 7.338600e+02 5.460700e+02 0
3.928900e-01 8.357300e+00 -8.407300e-01 -8.651100e-01 241 38 1.014700e+01 3.940000e+00 7.111800e+02 4.484500e+02 1
2.630200e-01 8.411400e+00 -8.452000e-01 -8.651100e-01 242 38 1.066900e+01 3.940000e+00 7.011300e+02 4.481600e+02 1
3.301300e-01 8.437300e+00 -8.473400e-01 -8.651100e-01 243 38 1.044300e+01 3.940000e+00 7.062300e+02 4.480800e+02 1
0 0 -1.500000e-01 -3.204100e-02 1 64 1.575700e+01 3.940000e+00 2167 -3.612800e+03 0
-7.093800e-02 1.121000e-01 -1.592700e-01 -3.204100e-02 5 64 1.412900e+01 3.940000e+00 -3.120400e+03 7.780600e+03 0
-1.585200e-01 1.859500e-01 -1.653700e-01 -3.204100e-02 8 64 1.325000e+01 3.940000e+00 -1.097300e+03 2.952200e+03 0
-1.986300e-01 1.953000e-01 -1.661400e-01 -3.204100e-02 9 64 1.255900e+01 3.940000e+00 -1.147200e+03 2.739300e+03 0
-2.480100e-01 1.873700e-01 -1.654900e-01 -3.204100e-02 10 64 1.248200e+01 3.940000e+00 -1.500500e+03 2.858200e+03 0
-2.592000e-01 2.272500e-01 -1.687800e-01 -3.204100e-02 11 64 1.190900e+01 3.940000e+00 -9.988500e+02 2250 0
-2.881200e-01 2.330900e-01 -1.692600e-01 -3.204100e-02 12 64 1.154700e+01 3.940000e+00 -1.039600e+03 2.175400e+03 0
-3.077600e-01 2.790800e-01 -1.730700e-01 -3.204100e-02 13 64 1.082200e+01 3.940000e+00 -7.221000e+02 1.793300e+03 0
-4.398200e-01 3.676400e-02 -1.530400e-01 -3.204100e-02 14 64 1.045400e+01 3.940000e+00 17955 -12770 0
-1.184100e-01 3.468700e-01 -1.786700e-01 -3.204100e-02 15 64 1.037200e+01 3.940000e+00 2.772400e+01 1.488200e+03 0
3.609700e-01 3.287900e-01 -1.771700e-01 -3.204100e-02 28 64 1.201900e+01 3.940000e+00 1.191600e+03 1644 0
6.799100e-01 6.403500e-01 -2.029200e-01 -3.204100e-02 29 64 1.362900e+01 3.940000e+00 1.289800e+03 9.634600e+02 0
6.725500e-01 7.375900e-01 -2.109600e-01 -3.204100e-02 30 64 1.454300e+01 3.940000e+00 1.191900e+03 8.796100e+02 0
6.793700e-01 7.975500e-01 -2.159200e-01 -3.204100e-02 31 64 1.468000e+01 3.940000e+00 1.155600e+03 8.398000e+02 0
6.766400e-01 8.308000e-01 -2.186700e-01 -3.204100e-02 32 64 1.411700e+01 3.940000e+00 1.132300e+03 8.203700e+02 0
6.722700e-01 8.729000e-01 -2.221400e-01 -3.204100e-02 33 64 1.251900e+01 3.940000e+00 1.104900e+03 7.981500e+02 0
7.514000e-01 7.790000e-01 -2.143800e-01 -3.204100e-02 35 64 1.045200e+01 3.940000e+00 1.237300e+03 8.532100e+02 0
-8.594400e-01 8.586100e-01 -2.209600e-01 -3.204100e-02 36 64 1.092000e+01 3.940000e+00 -1.126100e+02 7.764500e+02 0
-8.643500e-01 8.784800e-01 -2.226100e-01 -3.204100e-02 37 64 1.126500e+01 3.940000e+00 -9.695700e+01 7.676800e+02 0
-8.883600e-01 8.632700e-01 -2.213500e-01 -3.204100e-02 38 64 1.083700e+01 3.940000e+00 -1.295300e+02 7.738700e+02 0
-8.916400e-01 8.711600e-01 -2.220000e-01 -3.204100e-02 39 64 9.652300e+00 3.940000e+00 -1.240800e+02 7.703600e+02 0
