0 0 -1.500000e-01 0 1 65 1.676700e+01 2.100000e+00 2167 -3.612800e+03 0
-7.093800e-02 1.129200e-01 -1.549700e-01 0 5 65 1.516300e+01 2.100000e+00 -3.029100e+03 7.537600e+03 0
-1.585200e-01 1.859400e-01 -1.581800e-01 0 8 65 1.429300e+01 2.100000e+00 -1.093300e+03 2.908300e+03 0
-1.986300e-01 1.949100e-01 -1.585800e-01 0 9 65 1.363500e+01 2.100000e+00 -1.148700e+03 2.704400e+03 0
-2.480100e-01 1.871200e-01 -1.582300e-01 0 10 65 1.359900e+01 2.100000e+00 -1.500100e+03 2.820800e+03 0
-2.592000e-01 2.270100e-01 -1.599900e-01 0 11 65 1.301600e+01 2.100000e+00 -9.978700e+02 2.215200e+03 0
-2.851200e-01 2.381000e-01 -1.604800e-01 0 12 65 1.263900e+01 2.100000e+00 -9.763000e+02 2.089300e+03 0
-3.012100e-01 2.867500e-01 -1.626200e-01 0 13 65 1.185700e+01 2.100000e+00 -6.536500e+02 1.713900e+03 0
-3.121300e-01 3.020300e-01 -1.632900e-01 0 14 65 1.149100e+01 2.100000e+00 -5.943300e+02 1.626900e+03 0
-1.184100e-01 3.498600e-01 -1.653900e-01 0 15 65 1.120500e+01 2.100000e+00 3.577600e+01 1445 0
3.536000e-01 3.638300e-01 -1.660100e-01 0 28 65 1.307900e+01 2.100000e+00 1.110200e+03 1.454300e+03 0
6.799100e-01 6.411400e-01 -1.782100e-01 0 29 65 1.463600e+01 2.100000e+00 1.287400e+03 9.337200e+02 0
6.725500e-01 7.394800e-01 -1.825400e-01 0 30 65 1.556400e+01 2.100000e+00 1.189100e+03 8.501400e+02 0
6.711800e-01 8.043300e-01 -1.853900e-01 0 31 65 1.572500e+01 2.100000e+00 1.142400e+03 8.078300e+02 0
6.766400e-01 8.309200e-01 -1.865600e-01 0 32 65 1.520200e+01 2.100000e+00 1131 7.927600e+02 0
6.722700e-01 8.724900e-01 -1.883900e-01 0 33 65 1.373800e+01 2.100000e+00 1104 7.710400e+02 0
7.421200e-01 9.189600e-01 -1.904400e-01 0 35 65 1.107200e+01 2.100000e+00 1136 7.505800e+02 0
-8.116900e-01 8.969600e-01 -1.894700e-01 0 36 65 1.175800e+01 2.100000e+00 -4.106800e+01 7.352600e+02 0
-8.447100e-01 8.737000e-01 -1.884400e-01 0 37 65 1.226400e+01 2.100000e+00 -8.607500e+01 7.444800e+02 0
-8.782700e-01 8.237500e-01 -1.862500e-01 0 38 65 1.194100e+01 2.100000e+00 -1.623000e+02 7.667100e+02 0
-9.227400e-01 7.525700e-01 -1.831100e-01 0 39 65 1.066200e+01 2.100000e+00 -2.862200e+02 8.037600e+02 0
0 0 -1.500000e-01 3.204100e-02 1 66 1.577900e+01 2.100000e+00 2167 -3.612800e+03 0
-4.092600e-02 1.815200e-02 -1.508000e-01 3.204100e-02 4 66 1.513700e+01 2.100000e+00 3.173700e+03 -5.047500e+03 0
-7.093800e-02 1.133400e-01 -1.549900e-01 3.204100e-02 5 66 1.415000e+01 2.100000e+00 -2.991400e+03 7.465300e+03 0
-1.585200e-01 1.859000e-01 -1.581800e-01 3.204100e-02 8 66 1.327700e+01 2.100000e+00 -1.093900e+03 2.909200e+03 0
-1.986300e-01 1.947300e-01 -1.585700e-01 3.204100e-02 9 66 1.260600e+01 2.100000e+00 -1.151200e+03 2.707600e+03 0
-2.480100e-01 1.872500e-01 -1.582400e-01 3.204100e-02 10 66 1.257200e+01 2.100000e+00 -1.497700e+03 2.818100e+03 0
-2.592000e-01 2.266900e-01 -1.599700e-01 3.204100e-02 11 66 1.192800e+01 2.100000e+00 -1.001200e+03 2.218800e+03 0
-2.821100e-01 2.415700e-01 -1.606300e-01 3.204100e-02 12 66 1.165300e+01 2.100000e+00 -9.337000e+02 2.056900e+03 0
-3.012100e-01 2.882600e-01 -1.626800e-01 3.204100e-02 13 66 1.085200e+01 2.100000e+00 -6.446000e+02 1705 0
-3.121300e-01 3.126800e-01 -1.637600e-01 3.204100e-02 14 66 1.054400e+01 2.100000e+00 -5.393100e+02 1574 0
-1.184100e-01 4.112400e-01 -1.681000e-01 3.204100e-02 15 66 1.032400e+01 2.100000e+00 1.541200e+02 1255 0
3.536000e-01 4.127100e-01 -1.681600e-01 3.204100e-02 28 66 1.207200e+01 2.100000e+00 1048 1295 0
6.799100e-01 6.335200e-01 -1.778800e-01 3.204100e-02 29 66 1.361700e+01 2.100000e+00 1.295800e+03 9.414600e+02 0
6.725500e-01 7.359900e-01 -1.823900e-01 3.204100e-02 30 66 1.453600e+01 2.100000e+00 1.191800e+03 8.526600e+02 0
6.711800e-01 8.044800e-01 -1.854000e-01 3.204100e-02 31 66 1.469700e+01 2.100000e+00 1.142300e+03 8.077400e+02 0
6.766400e-01 8.334800e-01 -1.866700e-01 3.204100e-02 32 66 1.416600e+01 2.100000e+00 1.129500e+03 7.913600e+02 0
6.722700e-01 8.755500e-01 -1.885300e-01 3.204100e-02 33 66 1.267800e+01 2.100000e+00 1.102300e+03 7.695300e+02 0
7.514000e-01 9.013400e-01 -1.896600e-01 3.204100e-02 35 66 9.975200e+00 2.100000e+00 1.153200e+03 7.586800e+02 0
-8.116900e-01 8.932200e-01 -1.893000e-01 3.204100e-02 36 66 1.084300e+01 2.100000e+00 -4.432100e+01 7.367900e+02 0
-8.545300e-01 8.680400e-01 -1.882000e-01 3.204100e-02 37 66 1.133800e+01 2.100000e+00 -9.870700e+01 7.467600e+02 0
-8.883600e-01 8.233600e-01 -1.862300e-01 3.204100e-02 38 66 1.102000e+01 2.100000e+00 -1.705900e+02 7.667200e+02 0
3.939800e+00 7.443900e+00 -4.775500e-01 3.204100e-02 362 66 9.839500e+00 2.100000e+00 1.024600e+03 4.302600e+02 0
0 0 -1.500000e-01 6.408200e-02 1 67 1.056700e+01 2.100000e+00 2167 -3.612800e+03 0
6.957400e-01 7.823100e-01 -1.844200e-01 6.408200e-02 31 67 9.910900e+00 2.100000e+00 1.180200e+03 8.218600e+02 0
4.812900e-01 5.101200e+00 -3.744600e-01 -8.330700e-01 148 39 1.144400e+01 2.100000e+00 7.330700e+02 4.478000e+02 1
4.441800e-01 5.125200e+00 -3.755200e-01 -8.330700e-01 149 39 1.187400e+01 2.100000e+00 7.281900e+02 4.475000e+02 1
4.065300e-01 5.147300e+00 -3.764900e-01 -8.330700e-01 150 39 1.150700e+01 2.100000e+00 7.233000e+02 4.472100e+02 1
3.683300e-01 5.137100e+00 -3.760400e-01 -8.330700e-01 151 39 1.035400e+01 2.100000e+00 7.185500e+02 4.473100e+02 1
1.560600e-01 4.991100e+00 -3.696200e-01 -8.010300e-01 144 40 1.052400e+01 2.100000e+00 6.917900e+02 4.489100e+02 1
2.750200e-01 5.020300e+00 -3.709000e-01 -8.010300e-01 145 40 1.065900e+01 2.100000e+00 7.071100e+02 4.486300e+02 1
4.381800e-01 5.077600e+00 -3.734200e-01 -8.010300e-01 147 40 1.160500e+01 2.100000e+00 7.277600e+02 4.480500e+02 1
4.010700e-01 5.114500e+00 -3.750500e-01 -8.010300e-01 148 40 1.318100e+01 2.100000e+00 7.228100e+02 4.475900e+02 1
3.634200e-01 5.149400e+00 -3.765800e-01 -8.010300e-01 149 40 1.361100e+01 2.100000e+00 7.178700e+02 4.471600e+02 1
3.658800e-01 5.177900e+00 -3.778400e-01 -8.010300e-01 150 40 1.313000e+01 2.100000e+00 7.180500e+02 4.468400e+02 1
4.092600e-01 5.186000e+00 -3.782000e-01 -8.010300e-01 151 40 1.172100e+01 2.100000e+00 7.234200e+02 4.467700e+02 1
1.560600e-01 4.970000e+00 -3.686900e-01 -7.689800e-01 144 41 1.025700e+01 2.100000e+00 6.917800e+02 4.491700e+02 1
2.750200e-01 5.005700e+00 -3.702600e-01 -7.689800e-01 145 41 1.046000e+01 2.100000e+00 7.071500e+02 4.488100e+02 1
3.983400e-01 5.082900e+00 -3.736600e-01 -7.689800e-01 147 41 1.125400e+01 2.100000e+00 7.226400e+02 4.479600e+02 1
3.609700e-01 5.119000e+00 -3.752500e-01 -7.689800e-01 148 41 1.280300e+01 2.100000e+00 7.177100e+02 4.475100e+02 1
3.634200e-01 5.150700e+00 -3.766400e-01 -7.689800e-01 149 41 1.325400e+01 2.100000e+00 7.178700e+02 4.471500e+02 1
3.658800e-01 5.177500e+00 -3.778200e-01 -7.689800e-01 150 41 1.277600e+01 2.100000e+00 7.180500e+02 4.468400e+02 1
3.683300e-01 5.175600e+00 -3.777400e-01 -7.689800e-01 151 41 1.128600e+01 2.100000e+00 7.183600e+02 4.468600e+02 1
0 0 -1.500000e-01 -6.408200e-02 1 63 9.611200e+00 2.100000e+00 2167 -3.612800e+03 0
-1.173200e-02 2.579600e-02 -1.511400e-01 -6.408200e-02 2 63 9.675000e+00 2.100000e+00 3.131400e+03 -5.807500e+03 0
0 0 -1.500000e-01 -3.204100e-02 1 64 1.573700e+01 2.100000e+00 2167 -3.612800e+03 0
-7.093800e-02 1.125400e-01 -1.549500e-01 -3.204100e-02 5 64 1.414700e+01 2.100000e+00 -3.063900e+03 7.604500e+03 0
-1.566100e-01 1.875600e-01 -1.582500e-01 -3.204100e-02 8 64 1.324900e+01 2.100000e+00 -1.059700e+03 2.875400e+03 0
-1.986300e-01 1.954300e-01 -1.586000e-01 -3.204100e-02 9 64 1.261800e+01 2.100000e+00 -1.141200e+03 2695 0
-2.480100e-01 1.870800e-01 -1.582300e-01 -3.204100e-02 10 64 1.258600e+01 2.100000e+00 -1.500700e+03 2.821400e+03 0
-2.592000e-01 2.269700e-01 -1.599900e-01 -3.204100e-02 11 64 1.202300e+01 2.100000e+00 -9.983700e+02 2.215700e+03 0
-2.821100e-01 2.424400e-01 -1.606700e-01 -3.204100e-02 12 64 1.160700e+01 2.100000e+00 -9.257600e+02 2.048800e+03 0
-2.946700e-01 2.923900e-01 -1.628700e-01 -3.204100e-02 13 64 1.082900e+01 2.100000e+00 -6.034200e+02 1.682500e+03 0
-1.184100e-01 2.598700e-01 -1.614300e-01 -3.204100e-02 15 64 1.029200e+01 2.100000e+00 -2.760300e+02 1.945500e+03 0
3.609700e-01 3.084500e-01 -1.635700e-01 -3.204100e-02 28 64 1.209200e+01 2.100000e+00 1.235400e+03 1.720800e+03 0
6.799100e-01 6.485200e-01 -1.785400e-01 -3.204100e-02 29 64 1.361600e+01 2.100000e+00 1.279400e+03 9.264300e+02 0
6.725500e-01 7.437800e-01 -1.827300e-01 -3.204100e-02 30 64 1.454300e+01 2.100000e+00 1.185800e+03 8.470700e+02 0
6.711800e-01 8.034400e-01 -1.853500e-01 -3.204100e-02 31 64 1.470500e+01 2.100000e+00 1143 8.083600e+02 0
6.766400e-01 8.253800e-01 -1.863200e-01 -3.204100e-02 32 64 1.418400e+01 2.100000e+00 1.134400e+03 7.958400e+02 0
6.635400e-01 8.697200e-01 -1.882700e-01 -3.204100e-02 33 64 1.271400e+01 2.100000e+00 1.098100e+03 7.722500e+02 0
7.514000e-01 9.160200e-01 -1.903100e-01 -3.204100e-02 35 64 1.026500e+01 2.100000e+00 1145 7.520300e+02 0
-8.116900e-01 8.957700e-01 -1.894200e-01 -3.204100e-02 36 64 1.057600e+01 2.100000e+00 -4.210300e+01 7.357400e+02 0
-8.447100e-01 8.597600e-01 -1.878300e-01 -3.204100e-02 37 64 1.121700e+01 2.100000e+00 -9.942800e+01 7.505700e+02 0
-8.782700e-01 7.959200e-01 -1.850200e-01 -3.204100e-02 38 64 1.095400e+01 2.100000e+00 -1.940200e+02 7.807200e+02 0
