0 0 -1.500000e-01 0 1 65 1.680200e+01 2.380000e+00 2167 -3.612800e+03 0
-7.093800e-02 1.129700e-01 -1.556300e-01 0 5 65 1.515600e+01 2.380000e+00 -3027 7.543800e+03 0
-1.585200e-01 1.860300e-01 -1.592800e-01 0 8 65 1.431000e+01 2.380000e+00 -1.092700e+03 2.913200e+03 0
-1.986300e-01 1.943700e-01 -1.596900e-01 0 9 65 1.363400e+01 2.380000e+00 -1.157100e+03 2.720600e+03 0
-2.480100e-01 1.869100e-01 -1.593200e-01 0 10 65 1.359700e+01 2.380000e+00 -1.504500e+03 2.831300e+03 0
-2.592000e-01 2.270000e-01 -1.613200e-01 0 11 65 1.295200e+01 2.380000e+00 -9.985900e+02 2.221100e+03 0
-2.851200e-01 2.383800e-01 -1.618900e-01 0 12 65 1.263900e+01 2.380000e+00 -9.741500e+02 2.092100e+03 0
-3.044900e-01 2.837500e-01 -1.641500e-01 0 13 65 1.186200e+01 2.380000e+00 -6.811800e+02 1.736400e+03 0
-3.085800e-01 3.108900e-01 -1.655100e-01 0 14 65 1.147700e+01 2.380000e+00 -5.400400e+02 1.588100e+03 0
-1.260500e-01 3.348900e-01 -1.667000e-01 0 15 65 1.133100e+01 2.380000e+00 -1.921400e+01 1.508400e+03 0
3.536000e-01 3.515700e-01 -1.675300e-01 0 28 65 1.308500e+01 2.380000e+00 1.129600e+03 1.508600e+03 0
6.799100e-01 6.417500e-01 -1.820100e-01 0 29 65 1.464600e+01 2.380000e+00 1.286900e+03 9.375100e+02 0
6.725500e-01 7.379300e-01 -1.868000e-01 0 30 65 1.556000e+01 2.380000e+00 1.190500e+03 8.555200e+02 0
6.711800e-01 8.044800e-01 -1.901200e-01 0 31 65 1.570400e+01 2.380000e+00 1.142500e+03 8.119400e+02 0
6.766400e-01 8.338200e-01 -1.915900e-01 0 32 65 1.512900e+01 2.380000e+00 1.129500e+03 7.953500e+02 0
6.722700e-01 8.780300e-01 -1.937900e-01 0 33 65 1.349800e+01 2.380000e+00 1.101200e+03 7.724700e+02 0
7.421200e-01 8.935700e-01 -1.945700e-01 0 35 65 1.109800e+01 2.380000e+00 1.150300e+03 7.662800e+02 0
-8.212400e-01 9.016600e-01 -1.949700e-01 0 36 65 1.152000e+01 2.380000e+00 -4.399300e+01 7.370900e+02 0
-8.447100e-01 8.955500e-01 -1.946700e-01 0 37 65 1.215500e+01 2.380000e+00 -6.616900e+01 7.392100e+02 0
-8.681700e-01 8.735500e-01 -1.935700e-01 0 38 65 1.180500e+01 2.380000e+00 -1.036200e+02 7.480400e+02 0
-8.916400e-01 8.253200e-01 -1.911600e-01 0 39 65 1.034200e+01 2.380000e+00 -1.711400e+02 7.696100e+02 0
0 0 -1.500000e-01 3.204100e-02 1 66 1.579600e+01 2.380000e+00 2167 -3.612800e+03 0
-7.093800e-02 1.134300e-01 -1.556600e-01 3.204100e-02 5 66 1.414700e+01 2.380000e+00 -2.986500e+03 7.465800e+03 0
-1.585200e-01 1.860300e-01 -1.592800e-01 3.204100e-02 8 66 1.325800e+01 2.380000e+00 -1.092600e+03 2.913100e+03 0
-2.008100e-01 1.921600e-01 -1.595800e-01 3.204100e-02 9 66 1.258600e+01 2.380000e+00 -1.199900e+03 2.760400e+03 0
-2.480100e-01 1.877600e-01 -1.593600e-01 3.204100e-02 10 66 1.254500e+01 2.380000e+00 -1.489300e+03 2.814400e+03 0
-2.592000e-01 2.279900e-01 -1.613700e-01 3.204100e-02 11 66 1.187800e+01 2.380000e+00 -9.881900e+02 2.209900e+03 0
-2.851200e-01 2.400000e-01 -1.619700e-01 3.204100e-02 12 66 1.158000e+01 2.380000e+00 -9.587500e+02 2.076400e+03 0
-3.077600e-01 2.828900e-01 -1.641100e-01 3.204100e-02 13 66 1.073700e+01 2.380000e+00 -6.953900e+02 1741 0
-3.156700e-01 3.136600e-01 -1.656400e-01 3.204100e-02 14 66 1.052400e+01 2.380000e+00 -5.431900e+02 1.573600e+03 0
-1.298700e-01 2.277500e-01 -1.613600e-01 3.204100e-02 15 66 1.036200e+01 2.380000e+00 -5.170600e+02 2.263700e+03 0
3.536000e-01 4.029100e-01 -1.701000e-01 3.204100e-02 28 66 1.211200e+01 2.380000e+00 1.059100e+03 1.327800e+03 0
6.799100e-01 6.380400e-01 -1.818200e-01 3.204100e-02 29 66 1.364000e+01 2.380000e+00 1291 9.412400e+02 0
6.725500e-01 7.354800e-01 -1.866800e-01 3.204100e-02 30 66 1.456100e+01 2.380000e+00 1.192400e+03 8.573000e+02 0
6.711800e-01 8.044600e-01 -1.901200e-01 3.204100e-02 31 66 1.470900e+01 2.380000e+00 1.142600e+03 8.119500e+02 0
6.766400e-01 8.351100e-01 -1.916500e-01 3.204100e-02 32 66 1.416000e+01 2.380000e+00 1.128700e+03 7.946500e+02 0
6.722700e-01 8.783100e-01 -1.938100e-01 3.204100e-02 33 66 1.264800e+01 2.380000e+00 1.101100e+03 7.723300e+02 0
-8.403400e-01 8.850600e-01 -1.941400e-01 3.204100e-02 36 66 1.037900e+01 2.380000e+00 -7.249000e+01 7.436100e+02 0
-8.545300e-01 8.928300e-01 -1.945300e-01 3.204100e-02 37 66 1.106700e+01 2.380000e+00 -7.567600e+01 7.401600e+02 0
-8.681700e-01 8.900400e-01 -1.943900e-01 3.204100e-02 38 66 1.072000e+01 2.380000e+00 -8.805800e+01 7.411000e+02 0
-2.856600e+00 1.171100e+01 1.800000e+00 -6.408200e-01 350 45 1.009900e+01 2.380000e+00 5.293100e+02 2.859700e+02 0
-3.055800e+00 1.166800e+01 1.981400e+00 -6.408200e-01 351 45 1.025400e+01 2.380000e+00 5.180500e+02 2.764000e+02 0
-2.968800e+00 1.189200e+01 -7.431200e-01 -6.408200e-01 352 45 1.040000e+01 2.380000e+00 5.263300e+02 4.167000e+02 1
-2.977200e+00 1.192200e+01 -7.446300e-01 -6.408200e-01 353 45 1.126400e+01 2.380000e+00 5.263100e+02 4.166400e+02 1
-3.082000e+00 1.191500e+01 -7.442800e-01 -6.408200e-01 354 45 1.074900e+01 2.380000e+00 5.206800e+02 4.166300e+02 1
-3.160300e+00 1.182000e+01 -7.395100e-01 -6.087800e-01 352 46 1.025300e+01 2.380000e+00 5.151200e+02 4.168100e+02 1
-2.977200e+00 1.187500e+01 -7.422700e-01 -6.087800e-01 353 46 1.048000e+01 2.380000e+00 5.256400e+02 4.167400e+02 1
-3.082000e+00 1.186200e+01 -7.416400e-01 -6.087800e-01 354 46 1.007900e+01 2.380000e+00 5.199100e+02 4.167400e+02 1
8.957300e+00 7.494100e+00 -5.237700e-01 -5.767400e-01 336 47 1.019500e+01 2.380000e+00 1.478200e+03 4.357200e+02 0
9.267200e+00 6.998100e+00 -4.990300e-01 -5.447000e-01 334 48 1.029400e+01 2.380000e+00 1.568100e+03 4.391200e+02 0
9.021700e+00 7.333000e+00 -5.157400e-01 -5.447000e-01 335 48 1.028500e+01 2.380000e+00 1.502500e+03 4.367600e+02 0
9.048700e+00 7.403100e+00 -5.192300e-01 -5.447000e-01 336 48 1.030000e+01 2.380000e+00 1497 4.363300e+02 0
9.075700e+00 7.438000e+00 -5.209700e-01 -5.447000e-01 337 48 1.018200e+01 2.380000e+00 1.495500e+03 4.361200e+02 0
0 0 -1.500000e-01 -6.408200e-02 1 63 9.775600e+00 2.380000e+00 2167 -3.612800e+03 0
-1.718900e-02 1.144200e-02 -1.505700e-01 -6.408200e-02 2 63 9.470700e+00 2.380000e+00 2.629300e+03 -4.389600e+03 0
6.957400e-01 7.597900e-01 -1.878900e-01 -6.408200e-02 31 63 9.516100e+00 2.380000e+00 1.196900e+03 8.408300e+02 0
6.681800e-01 8.511400e-01 -1.924500e-01 -6.408200e-02 32 63 9.911400e+00 2.380000e+00 1.112200e+03 7.859300e+02 0
6.635400e-01 8.781900e-01 -1.938000e-01 -6.408200e-02 33 63 1.034400e+01 2.380000e+00 1.093900e+03 7.722300e+02 0
6.752700e-01 8.768900e-01 -1.937300e-01 -6.408200e-02 34 63 9.720400e+00 2.380000e+00 1.104300e+03 7.730800e+02 0
0 0 -1.500000e-01 -3.204100e-02 1 64 1.578200e+01 2.380000e+00 2167 -3.612800e+03 0
-7.093800e-02 1.125500e-01 -1.556100e-01 -3.204100e-02 5 64 1.412700e+01 2.380000e+00 -3.065400e+03 7.617500e+03 0
-1.585200e-01 1.860400e-01 -1.592800e-01 -3.204100e-02 8 64 1.331000e+01 2.380000e+00 -1.092500e+03 2913 0
-1.986300e-01 1.941600e-01 -1.596800e-01 -3.204100e-02 9 64 1.262200e+01 2.380000e+00 -1.160100e+03 2.724300e+03 0
-2.480100e-01 1.863500e-01 -1.592900e-01 -3.204100e-02 10 64 1.261100e+01 2.380000e+00 -1.514800e+03 2.842700e+03 0
-2.592000e-01 2.265300e-01 -1.613000e-01 -3.204100e-02 11 64 1.210600e+01 2.380000e+00 -1.003500e+03 2.226300e+03 0
-2.851200e-01 2.391600e-01 -1.619300e-01 -3.204100e-02 12 64 1.164000e+01 2.380000e+00 -9.666500e+02 2.084500e+03 0
-3.012100e-01 2.874700e-01 -1.643400e-01 -3.204100e-02 13 64 1.089100e+01 2.380000e+00 -6.497000e+02 1.714700e+03 0
-3.014900e-01 3.016300e-01 -1.650400e-01 -3.204100e-02 14 64 1.040900e+01 2.380000e+00 -5.703700e+02 1.635900e+03 0
-1.222300e-01 3.086000e-01 -1.653900e-01 -3.204100e-02 15 64 1.039300e+01 2.380000e+00 -8.792900e+01 1632 0
3.536000e-01 3.104700e-01 -1.654800e-01 -3.204100e-02 28 64 1.202000e+01 2.380000e+00 1.209400e+03 1.712800e+03 0
6.799100e-01 6.448700e-01 -1.821600e-01 -3.204100e-02 29 64 1.360900e+01 2.380000e+00 1.283600e+03 9.344000e+02 0
6.725500e-01 7.399300e-01 -1.869000e-01 -3.204100e-02 30 64 1.451900e+01 2.380000e+00 1.188900e+03 8.540800e+02 0
6.793700e-01 7.975100e-01 -1.897800e-01 -3.204100e-02 31 64 1.463600e+01 2.380000e+00 1.154600e+03 8.163000e+02 0
6.766400e-01 8.318000e-01 -1.914900e-01 -3.204100e-02 32 64 1.396700e+01 2.380000e+00 1.130700e+03 7.964600e+02 0
6.722700e-01 8.819400e-01 -1.939900e-01 -3.204100e-02 33 64 1.188400e+01 2.380000e+00 1.099200e+03 7.705700e+02 0
7.383000e-01 8.164300e-01 -1.907200e-01 -3.204100e-02 34 64 1.082600e+01 2.380000e+00 1.195900e+03 8.064100e+02 0
7.235700e-01 8.834800e-01 -1.940600e-01 -3.204100e-02 35 64 1.065400e+01 2.380000e+00 1.140800e+03 7.707600e+02 0
-8.403400e-01 8.856400e-01 -1.941700e-01 -3.204100e-02 36 64 1.071600e+01 2.380000e+00 -7.195700e+01 7.433600e+02 0
-8.545300e-01 8.846400e-01 -1.941200e-01 -3.204100e-02 37 64 1.127000e+01 2.380000e+00 -8.318400e+01 7.435600e+02 0
-8.782700e-01 8.462400e-01 -1.922100e-01 -3.204100e-02 38 64 1.088800e+01 2.380000e+00 -1.384600e+02 760 0
