0 0 -1.500000e-01 0 1 65 1.676500e+01 2.440000e+00 2167 -3.612800e+03 0
-7.093800e-02 1.129700e-01 -1.557800e-01 0 5 65 1.514800e+01 2.440000e+00 -3.027600e+03 7547 0
-1.585200e-01 1.859100e-01 -1.595100e-01 0 8 65 1.430300e+01 2.440000e+00 -1.094500e+03 2.917100e+03 0
-1.986300e-01 1.952800e-01 -1.599900e-01 0 9 65 1.364500e+01 2.440000e+00 -1.144100e+03 2.705400e+03 0
-2.480100e-01 1.874300e-01 -1.595800e-01 0 10 65 1.358700e+01 2.440000e+00 -1.495400e+03 2.822400e+03 0
-2.619200e-01 2.228500e-01 -1.614000e-01 0 11 65 1.302000e+01 2.440000e+00 -1.053200e+03 2.269300e+03 0
-2.881200e-01 2.337100e-01 -1.619500e-01 0 12 65 1.263900e+01 2.440000e+00 -1.030500e+03 2.139100e+03 0
-3.044900e-01 2.840600e-01 -1.645300e-01 0 13 65 1.190600e+01 2.440000e+00 -6.793300e+02 1.735600e+03 0
-3.050300e-01 3.084800e-01 -1.657700e-01 0 14 65 1.146600e+01 2.440000e+00 -5.436200e+02 1.601500e+03 0
-1.184100e-01 4.170600e-01 -1.713300e-01 0 15 65 1.122300e+01 2.440000e+00 1.630500e+02 1246 0
3.536000e-01 3.735800e-01 -1.691000e-01 0 28 65 1.309500e+01 2.440000e+00 1.096400e+03 1.424200e+03 0
6.799100e-01 6.397300e-01 -1.827100e-01 0 29 65 1.461400e+01 2.440000e+00 1.289200e+03 9.404800e+02 0
6.725500e-01 7.371600e-01 -1.876900e-01 0 30 65 1.551600e+01 2.440000e+00 1.191100e+03 8.569900e+02 0
6.711800e-01 8.044800e-01 -1.911400e-01 0 31 65 1.563000e+01 2.440000e+00 1.142600e+03 8.128400e+02 0
6.766400e-01 8.350000e-01 -1.927000e-01 0 32 65 1.505400e+01 2.440000e+00 1.128800e+03 7.956000e+02 0
6.635400e-01 8.875800e-01 -1.953900e-01 0 33 65 1.356500e+01 2.440000e+00 1.089200e+03 7.686000e+02 0
-9.814000e-01 1.954400e-01 -1.599900e-01 0 34 65 1.123600e+01 2.440000e+00 -4.054100e+03 2.302500e+03 0
7.328400e-01 9.201900e-01 -1.970500e-01 0 35 65 1.109600e+01 2.440000e+00 1.128200e+03 7.548900e+02 0
-8.116900e-01 9.014200e-01 -1.960900e-01 0 36 65 1.168600e+01 2.440000e+00 -3.740400e+01 7.381600e+02 0
-8.447100e-01 8.876400e-01 -1.953900e-01 0 37 65 1.216900e+01 2.440000e+00 -7.333300e+01 7.432900e+02 0
-8.782700e-01 8.650000e-01 -1.942300e-01 0 38 65 1.173500e+01 2.440000e+00 -1.194600e+02 7.524200e+02 0
-9.123700e-01 8.305000e-01 -1.924700e-01 0 39 65 1.025000e+01 2.440000e+00 -1.814800e+02 7.675900e+02 0
0 0 -1.500000e-01 3.204100e-02 1 66 1.575100e+01 2.440000e+00 2167 -3.612800e+03 0
-7.202900e-02 1.127200e-01 -1.557600e-01 3.204100e-02 5 66 1.413400e+01 2.440000e+00 -3064 7.584700e+03 0
-1.585200e-01 1.856600e-01 -1.594900e-01 3.204100e-02 8 66 1.330800e+01 2.440000e+00 -1.098400e+03 2.922500e+03 0
-2.008100e-01 1.936200e-01 -1.599000e-01 3.204100e-02 9 66 1.262500e+01 2.440000e+00 -1.178200e+03 2.734400e+03 0
-2.480100e-01 1.889400e-01 -1.596600e-01 3.204100e-02 10 66 1.258200e+01 2.440000e+00 -1.468500e+03 2.792600e+03 0
-2.619200e-01 2.245900e-01 -1.614800e-01 3.204100e-02 11 66 1.210800e+01 2.440000e+00 -1.034200e+03 2.248800e+03 0
-2.881200e-01 2.381000e-01 -1.621800e-01 3.204100e-02 12 66 1.165200e+01 2.440000e+00 -9.869100e+02 2095 0
-3.077600e-01 2.829400e-01 -1.644700e-01 3.204100e-02 13 66 1.092400e+01 2.440000e+00 -6.951700e+02 1.741700e+03 0
-3.121300e-01 3.106000e-01 -1.658800e-01 3.204100e-02 14 66 1.044800e+01 2.440000e+00 -5.501000e+02 1.589900e+03 0
-1.260500e-01 2.992500e-01 -1.653000e-01 3.204100e-02 15 66 1.033000e+01 2.440000e+00 -1.299700e+02 1.682800e+03 0
3.536000e-01 4.027600e-01 -1.705900e-01 3.204100e-02 28 66 1.210600e+01 2.440000e+00 1.059300e+03 1.329300e+03 0
6.799100e-01 6.367400e-01 -1.825600e-01 3.204100e-02 29 66 1.357500e+01 2.440000e+00 1.292500e+03 9.435000e+02 0
6.725500e-01 7.352600e-01 -1.876000e-01 3.204100e-02 30 66 1.450300e+01 2.440000e+00 1.192600e+03 8.583700e+02 0
6.711800e-01 8.044200e-01 -1.911300e-01 3.204100e-02 31 66 1.460800e+01 2.440000e+00 1.142600e+03 8.128800e+02 0
6.766400e-01 8.362800e-01 -1.927600e-01 3.204100e-02 32 66 1.402800e+01 2.440000e+00 1.128100e+03 7.949000e+02 0
6.635400e-01 8.893600e-01 -1.954800e-01 3.204100e-02 33 66 1.253900e+01 2.440000e+00 1.088300e+03 7.677600e+02 0
-9.814000e-01 3.367400e-01 -1.672200e-01 3.204100e-02 34 66 1.009100e+01 2.440000e+00 -1.784900e+03 1.389900e+03 0
7.328400e-01 9.327800e-01 -1.977000e-01 3.204100e-02 35 66 1.015900e+01 2.440000e+00 1.121700e+03 7.494300e+02 0
-8.212400e-01 8.947400e-01 -1.957500e-01 3.204100e-02 36 66 1.091900e+01 2.440000e+00 -5.004500e+01 7.407300e+02 0
-8.447100e-01 8.962200e-01 -1.958300e-01 3.204100e-02 37 66 1.136900e+01 2.440000e+00 -6.559500e+01 7.397600e+02 0
-8.681700e-01 8.907300e-01 -1.955500e-01 3.204100e-02 38 66 1.086800e+01 2.440000e+00 -8.745700e+01 7.416500e+02 0
6.575700e+00 8.639600e+00 -5.917800e-01 -6.728600e-01 314 44 1.012500e+01 2.440000e+00 1.181700e+03 4.297100e+02 1
6.596700e+00 8.727000e+00 -5.962500e-01 -6.728600e-01 315 44 1.089400e+01 2.440000e+00 1.178200e+03 4.293300e+02 1
6.703600e+00 8.687800e+00 -5.942400e-01 -6.728600e-01 316 44 1.070100e+01 2.440000e+00 1.188800e+03 4.295400e+02 1
6.490300e+00 8.533000e+00 2.133300e+00 -6.408200e-01 314 45 1.060400e+01 2.440000e+00 1.171500e+03 2.305700e+02 0
6.596700e+00 8.612300e+00 1.601000e+00 -6.408200e-01 315 45 1.125400e+01 2.440000e+00 1.177100e+03 2.700400e+02 0
6.703600e+00 8.572700e+00 1.608900e+00 -6.408200e-01 316 45 1.095500e+01 2.440000e+00 1.187700e+03 269 0
-6.353900e+00 9.523700e+00 -6.369800e-01 -5.126600e-01 329 49 1.001500e+01 2.440000e+00 2.645300e+02 4.226500e+02 1
-6.283500e+00 9.580200e+00 -6.398800e-01 -5.126600e-01 330 49 1.073700e+01 2.440000e+00 2.715300e+02 4.224900e+02 1
-6.302600e+00 9.556500e+00 -6.386600e-01 -5.126600e-01 331 49 1.072400e+01 2.440000e+00 2.692700e+02 4.225600e+02 1
-6.231400e+00 9.579300e+00 1.741400e+00 -5.126600e-01 332 49 1.010400e+01 2.440000e+00 2.769300e+02 2.738000e+02 0
0 0 -1.500000e-01 -6.408200e-02 1 63 1.015000e+01 2.440000e+00 2167 -3.612800e+03 0
-3.355900e-02 7.315100e-03 -1.503700e-01 -6.408200e-02 2 63 1.000400e+01 2.440000e+00 2.682500e+03 -4128 0
0 0 -1.500000e-01 -3.204100e-02 1 64 1.575900e+01 2.440000e+00 2167 -3.612800e+03 0
-7.093800e-02 1.125800e-01 -1.557600e-01 -3.204100e-02 5 64 1.413400e+01 2.440000e+00 -3.062800e+03 7.614700e+03 0
-1.585200e-01 1.860200e-01 -1.595100e-01 -3.204100e-02 8 64 1.326200e+01 2.440000e+00 -1.092900e+03 2.914800e+03 0
-1.986300e-01 1.946100e-01 -1.599500e-01 -3.204100e-02 9 64 1.263100e+01 2.440000e+00 -1.153800e+03 2.717600e+03 0
-2.455500e-01 1.901500e-01 -1.597200e-01 -3.204100e-02 10 64 1.256400e+01 2.440000e+00 -1.436400e+03 2.770900e+03 0
-2.592000e-01 2.256600e-01 -1.615400e-01 -3.204100e-02 11 64 1.207500e+01 2.440000e+00 -1.012800e+03 2.237600e+03 0
-2.851200e-01 2.358400e-01 -1.620600e-01 -3.204100e-02 12 64 1.159500e+01 2.440000e+00 -9.988800e+02 2.118400e+03 0
-3.044900e-01 2.846900e-01 -1.645600e-01 -3.204100e-02 13 64 1.081700e+01 2.440000e+00 -6.754200e+02 1.731700e+03 0
-3.050300e-01 3.084200e-01 -1.657700e-01 -3.204100e-02 14 64 1.044800e+01 2.440000e+00 -5.439100e+02 1.601800e+03 0
-1.222300e-01 4.075700e-01 -1.708400e-01 -3.204100e-02 15 64 1.033000e+01 2.440000e+00 1.411400e+02 1.269600e+03 0
3.462300e-01 3.820400e-01 -1.695400e-01 -3.204100e-02 28 64 1.206700e+01 2.440000e+00 1.068700e+03 1.393900e+03 0
6.799100e-01 6.444000e-01 -1.829500e-01 -3.204100e-02 29 64 1.361200e+01 2.440000e+00 1.284100e+03 9.358000e+02 0
6.804600e-01 7.314100e-01 -1.874000e-01 -3.204100e-02 30 64 1.450100e+01 2.440000e+00 1.203800e+03 8.614100e+02 0
6.793700e-01 7.975800e-01 -1.907800e-01 -3.204100e-02 31 64 1.461700e+01 2.440000e+00 1.154600e+03 8.171600e+02 0
6.766400e-01 8.342600e-01 -1.926600e-01 -3.204100e-02 32 64 1.405000e+01 2.440000e+00 1.129300e+03 796 0
6.635400e-01 8.866100e-01 -1.953400e-01 -3.204100e-02 33 64 1.257800e+01 2.440000e+00 1.089700e+03 7.690600e+02 0
-9.724000e-01 5.259700e-01 -1.769000e-01 -3.204100e-02 34 64 1.038200e+01 2.440000e+00 -8.066500e+02 1.001200e+03 0
-8.403400e-01 8.611400e-01 -1.940300e-01 -3.204100e-02 36 64 1.046100e+01 2.440000e+00 -9.500700e+01 7.547500e+02 0
-8.643500e-01 8.431600e-01 -1.931100e-01 -3.204100e-02 37 64 1.090100e+01 2.440000e+00 -1.311100e+02 7.624900e+02 0
-9.085500e-01 7.761700e-01 -1.896900e-01 -3.204100e-02 38 64 1.042200e+01 2.440000e+00 -2.432200e+02 7.954400e+02 0
