0 0 -1.500000e-01 0 1 65 1.674400e+01 2.090000e+00 2167 -3.612800e+03 0
-7.093800e-02 1.131000e-01 -1.549500e-01 0 5 65 1.514400e+01 2.090000e+00 -3.013200e+03 7.506700e+03 0
-1.585200e-01 1.860600e-01 -1.581500e-01 0 8 65 1.431400e+01 2.090000e+00 -1.091500e+03 2.905500e+03 0
-2.008100e-01 1.913600e-01 -1.583800e-01 0 9 65 1.365100e+01 2.090000e+00 -1.211300e+03 2.768800e+03 0
-2.480100e-01 1.865000e-01 -1.581700e-01 0 10 65 1.358700e+01 2.090000e+00 -1.511300e+03 2833 0
-2.592000e-01 2.267700e-01 -1.599300e-01 0 11 65 1.308900e+01 2.090000e+00 -1.000400e+03 2.217700e+03 0
-2.851200e-01 2.374300e-01 -1.604000e-01 0 12 65 1.266000e+01 2.090000e+00 -9.827800e+02 2.095700e+03 0
-3.044900e-01 2.831100e-01 -1.624000e-01 0 13 65 1.190300e+01 2.090000e+00 -6.847800e+02 1735 0
-3.121300e-01 3.037500e-01 -1.633000e-01 0 14 65 1.142000e+01 2.090000e+00 -5.851200e+02 1.617900e+03 0
-1.260500e-01 3.096400e-01 -1.635600e-01 0 15 65 1.137100e+01 2.090000e+00 -9.406000e+01 1.620700e+03 0
3.609700e-01 3.246400e-01 -1.642200e-01 0 28 65 1.307600e+01 2.090000e+00 1.198700e+03 1.630300e+03 0
6.799100e-01 6.370700e-01 -1.779000e-01 0 29 65 1.466100e+01 2.090000e+00 1.291800e+03 9.376700e+02 0
6.725500e-01 7.354300e-01 -1.822100e-01 0 30 65 1.560100e+01 2.090000e+00 1.192200e+03 8.529100e+02 0
6.793700e-01 7.975800e-01 -1.849300e-01 0 31 65 1.574800e+01 2.090000e+00 1.154400e+03 8.119000e+02 0
6.766400e-01 8.330800e-01 -1.864800e-01 0 32 65 1.518300e+01 2.090000e+00 1.129700e+03 7.914300e+02 0
6.722700e-01 8.768800e-01 -1.884000e-01 0 33 65 1.357900e+01 2.090000e+00 1.101600e+03 7.687400e+02 0
7.514000e-01 8.252400e-01 -1.861400e-01 0 35 65 1.108900e+01 2.090000e+00 1.201400e+03 7.973100e+02 0
-8.403400e-01 8.810000e-01 -1.885800e-01 0 36 65 1.162800e+01 2.090000e+00 -7.606600e+01 7.413000e+02 0
-8.447100e-01 8.950300e-01 -1.892000e-01 0 37 65 1.189600e+01 2.090000e+00 -6.648300e+01 7.354000e+02 0
-8.681700e-01 8.912800e-01 -1.890300e-01 0 38 65 1.124500e+01 2.090000e+00 -8.675800e+01 7.365800e+02 0
0 0 -1.500000e-01 3.204100e-02 1 66 1.573200e+01 2.090000e+00 2167 -3.612800e+03 0
-7.093800e-02 1.136700e-01 -1.549800e-01 3.204100e-02 5 66 1.414200e+01 2.090000e+00 -2.962400e+03 7.409300e+03 0
-1.585200e-01 1.860000e-01 -1.581500e-01 3.204100e-02 8 66 1.331600e+01 2.090000e+00 -1.092400e+03 2.906800e+03 0
-2.008100e-01 1.915300e-01 -1.583900e-01 3.204100e-02 9 66 1.264700e+01 2.090000e+00 -1.208800e+03 2.765700e+03 0
-2.480100e-01 1.864200e-01 -1.581600e-01 3.204100e-02 10 66 1.259900e+01 2.090000e+00 -1.512800e+03 2.834700e+03 0
-2.619200e-01 2.229500e-01 -1.597600e-01 3.204100e-02 11 66 1.215400e+01 2.090000e+00 -1.051400e+03 2261 0
-2.851200e-01 2.378100e-01 -1.604100e-01 3.204100e-02 12 66 1.166800e+01 2.090000e+00 -9.791000e+02 2092 0
-3.012100e-01 2.861400e-01 -1.625300e-01 3.204100e-02 13 66 1.085600e+01 2.090000e+00 -6.573400e+02 1.717400e+03 0
-3.121300e-01 2.997500e-01 -1.631300e-01 3.204100e-02 14 66 1.041100e+01 2.090000e+00 -6.067600e+02 1.638700e+03 0
-1.375100e-01 1.105800e-01 -1.548400e-01 3.204100e-02 15 66 1.030200e+01 2.090000e+00 -4.064800e+03 7.554500e+03 0
3.609700e-01 3.852000e-01 -1.668700e-01 3.204100e-02 28 66 1.207600e+01 2.090000e+00 1.096500e+03 1.378900e+03 0
6.722700e-01 6.412500e-01 -1.780800e-01 3.204100e-02 29 66 1.368700e+01 2.090000e+00 1278 9.331800e+02 0
6.725500e-01 7.348400e-01 -1.821800e-01 3.204100e-02 30 66 1.462700e+01 2.090000e+00 1.192700e+03 8.533400e+02 0
6.793700e-01 7.975300e-01 -1.849300e-01 3.204100e-02 31 66 1.476800e+01 2.090000e+00 1.154400e+03 8.119200e+02 0
6.766400e-01 8.352500e-01 -1.865800e-01 3.204100e-02 32 66 1.415500e+01 2.090000e+00 1.128500e+03 7.902500e+02 0
6.635400e-01 8.862700e-01 -1.888100e-01 3.204100e-02 33 66 1.236500e+01 2.090000e+00 1.089600e+03 7.640600e+02 0
8.103300e-01 3.747700e-01 -1.664100e-01 3.204100e-02 34 66 1.019500e+01 2.090000e+00 2.177300e+03 1.473400e+03 0
7.328400e-01 7.915200e-01 -1.846600e-01 3.204100e-02 35 66 1.036900e+01 2.090000e+00 1.208600e+03 8.168000e+02 0
-8.498900e-01 8.648400e-01 -1.878700e-01 3.204100e-02 36 66 1.064800e+01 2.090000e+00 -9.835700e+01 7.481000e+02 0
-8.447100e-01 8.960500e-01 -1.892400e-01 3.204100e-02 37 66 1.084300e+01 2.090000e+00 -6.557200e+01 7.349900e+02 0
-8.681700e-01 9.047100e-01 -1.896200e-01 3.204100e-02 38 66 1.022800e+01 2.090000e+00 -7.457000e+01 7.311400e+02 0
0 0 -1.500000e-01 6.408200e-02 1 67 1.004900e+01 2.090000e+00 2167 -3.612800e+03 0
6.725500e-01 7.568500e-01 -1.831400e-01 6.408200e-02 30 67 9.758900e+00 2.090000e+00 1176 8.378500e+02 0
6.384400e-01 7.969300e-01 -1.849000e-01 6.408200e-02 31 67 1.013400e+01 2.090000e+00 1.116800e+03 8.113800e+02 0
6.512600e-01 7.801100e-01 -1.841600e-01 6.408200e-02 32 67 1.034200e+01 2.090000e+00 1.139400e+03 8.220600e+02 0
6.810000e-01 7.756900e-01 -1.839700e-01 6.408200e-02 33 67 1.026200e+01 2.090000e+00 1.170800e+03 8.255900e+02 0
6.932800e-01 7.303200e-01 -1.819800e-01 6.408200e-02 34 67 9.734500e+00 2.090000e+00 1.217600e+03 8.572100e+02 0
6.725500e-01 7.558600e-01 -1.831000e-01 9.612300e-02 30 68 9.626300e+00 2.090000e+00 1.176800e+03 8.385200e+02 0
6.548100e-01 7.855400e-01 -1.844000e-01 9.612300e-02 31 68 9.899400e+00 2.090000e+00 1.139200e+03 8.187300e+02 0
6.512600e-01 8.075300e-01 -1.853600e-01 9.612300e-02 32 68 9.870500e+00 2.090000e+00 1.122200e+03 8.053700e+02 0
7.874100e-01 3.795500e+00 -3.162100e-01 -7.689800e-01 112 41 1.199500e+01 2.090000e+00 7.997100e+02 4.688600e+02 1
8.250600e-01 3.822700e+00 -3.174100e-01 -7.689800e-01 113 41 1.318300e+01 2.090000e+00 8.054000e+02 4.683100e+02 1
8.016000e-01 3.862000e+00 -3.191300e-01 -7.689800e-01 114 41 1.350700e+01 2.090000e+00 8.002500e+02 4.674500e+02 1
7.464900e-01 3.907400e+00 -3.211100e-01 -7.689800e-01 115 41 1.350800e+01 2.090000e+00 7.897300e+02 4.664500e+02 1
7.216600e-01 3.948100e+00 -3.229000e-01 -7.689800e-01 116 41 1.341800e+01 2.090000e+00 7.846000e+02 4.656000e+02 1
7.279300e-01 3.983000e+00 -3.244200e-01 -7.689800e-01 117 41 1.288400e+01 2.090000e+00 7.848200e+02 4.649200e+02 1
7.342100e-01 4.017100e+00 -3.259200e-01 -7.689800e-01 118 41 1.183100e+01 2.090000e+00 7.850500e+02 4.642600e+02 1
7.082900e-01 4.058900e+00 -3.277500e-01 -7.689800e-01 119 41 1.071500e+01 2.090000e+00 7.799100e+02 4.634300e+02 1
7.467600e-01 4.088200e+00 -3.290300e-01 -7.689800e-01 120 41 9.960900e+00 2.090000e+00 7.854300e+02 4.629200e+02 1
7.874100e-01 3.795500e+00 -3.162100e-01 -7.369400e-01 112 42 1.249000e+01 2.090000e+00 7.997100e+02 4.688600e+02 1
7.945100e-01 3.829500e+00 -3.177000e-01 -7.369400e-01 113 42 1.370000e+01 2.090000e+00 7.999600e+02 4.681300e+02 1
7.707700e-01 3.869300e+00 -3.194500e-01 -7.369400e-01 114 42 1.397600e+01 2.090000e+00 7.948200e+02 4.672700e+02 1
7.464900e-01 3.909400e+00 -3.212000e-01 -7.369400e-01 115 42 1.404600e+01 2.090000e+00 7.896800e+02 4.664100e+02 1
7.216600e-01 3.949800e+00 -3.229700e-01 -7.369400e-01 116 42 1.411900e+01 2.090000e+00 7.845600e+02 4.655700e+02 1
6.962800e-01 3.989900e+00 -3.247300e-01 -7.369400e-01 117 42 1.365500e+01 2.090000e+00 7.794600e+02 4.647500e+02 1
7.022900e-01 4.023400e+00 -3.261900e-01 -7.369400e-01 118 42 1.257900e+01 2.090000e+00 7.797100e+02 4.641000e+02 1
6.760900e-01 4.063800e+00 -3.279600e-01 -7.369400e-01 119 42 1.128600e+01 2.090000e+00 7.746200e+02 4.633100e+02 1
7.467600e-01 4.085500e+00 -3.289100e-01 -7.369400e-01 120 42 1.042700e+01 2.090000e+00 7.854900e+02 4.629700e+02 1
-7.284800e-01 2.289600e-01 -1.600300e-01 -7.049000e-01 31 43 9.099400e+00 2.090000e+00 -2.493600e+03 2.031600e+03 0
1.915300e-01 1.861100e+00 -2.315000e-01 -7.049000e-01 55 43 9.996700e+00 2.090000e+00 7.009600e+02 5.547700e+02 0
8.177000e-01 3.786200e+00 -3.158100e-01 -7.049000e-01 112 43 1.113500e+01 2.090000e+00 8.052300e+02 4.690900e+02 1
7.945100e-01 3.829800e+00 -3.177200e-01 -7.049000e-01 113 43 1.216500e+01 2.090000e+00 7.999600e+02 4.681300e+02 1
7.707700e-01 3.870000e+00 -3.194800e-01 -7.049000e-01 114 43 1.230400e+01 2.090000e+00 7.948000e+02 4.672500e+02 1
7.153800e-01 3.916500e+00 -3.215100e-01 -7.049000e-01 115 43 1.253200e+01 2.090000e+00 7.843000e+02 4.662300e+02 1
7.216600e-01 3.950700e+00 -3.230100e-01 -7.049000e-01 116 43 1.279800e+01 2.090000e+00 7.845400e+02 4.655500e+02 1
6.962800e-01 3.990300e+00 -3.247400e-01 -7.049000e-01 117 43 1.236800e+01 2.090000e+00 7.794500e+02 4.647400e+02 1
6.065200e-01 4.040700e+00 -3.269500e-01 -7.049000e-01 118 43 1.120200e+01 2.090000e+00 7.638400e+02 4.636800e+02 1
-6.384400e-01 1.409600e+00 -2.117300e-01 -6.728600e-01 46 44 1.023900e+01 2.090000e+00 3.145300e+02 6.058400e+02 0
-6.875500e-01 1.364000e+00 -2.097300e-01 -6.408200e-01 46 45 9.840700e+00 2.090000e+00 2.780700e+02 6.130600e+02 0
-7.028300e-01 1.443500e+00 -2.132100e-01 -6.408200e-01 47 45 9.628500e+00 2.090000e+00 2.949700e+02 6.001500e+02 0
0 0 -1.500000e-01 -6.408200e-02 1 63 1.022300e+01 2.090000e+00 2167 -3.612800e+03 0
-3.465000e-02 4.250600e-03 -1.501900e-01 -6.408200e-02 2 63 1.007200e+01 2.090000e+00 2.604800e+03 -3.928100e+03 0
6.725500e-01 7.449500e-01 -1.826200e-01 -6.408200e-02 30 63 9.698200e+00 2.090000e+00 1.184900e+03 8.461000e+02 0
6.711800e-01 7.553500e-01 -1.830800e-01 -6.408200e-02 31 63 9.918500e+00 2.090000e+00 1.175800e+03 8.388300e+02 0
0 0 -1.500000e-01 -3.204100e-02 1 64 1.572100e+01 2.090000e+00 2167 -3.612800e+03 0
-7.093800e-02 1.126300e-01 -1.549300e-01 -3.204100e-02 5 64 1.412700e+01 2.090000e+00 -3055 7.587100e+03 0
-1.585200e-01 1.860900e-01 -1.581500e-01 -3.204100e-02 8 64 1.328200e+01 2.090000e+00 -1.091100e+03 2905 0
-1.986300e-01 1.937800e-01 -1.584900e-01 -3.204100e-02 9 64 1.262500e+01 2.090000e+00 -1.165100e+03 2.724800e+03 0
-2.480100e-01 1.863100e-01 -1.581600e-01 -3.204100e-02 10 64 1.251500e+01 2.090000e+00 -1.514800e+03 2.836900e+03 0
-2.564700e-01 2.307600e-01 -1.601100e-01 -3.204100e-02 11 64 1.206700e+01 2.090000e+00 -9.500100e+02 2.174700e+03 0
-2.851200e-01 2.377400e-01 -1.604100e-01 -3.204100e-02 12 64 1.164100e+01 2.090000e+00 -9.797600e+02 2.092600e+03 0
-3.044900e-01 2.828400e-01 -1.623900e-01 -3.204100e-02 13 64 1.085100e+01 2.090000e+00 -6.865200e+02 1.736700e+03 0
3.609700e-01 2.604800e-01 -1.614100e-01 -3.204100e-02 28 64 1.204600e+01 2.090000e+00 1.384300e+03 2087 0
6.799100e-01 6.389300e-01 -1.779800e-01 -3.204100e-02 29 64 1.363300e+01 2.090000e+00 1.289800e+03 9.357900e+02 0
6.804600e-01 7.288500e-01 -1.819200e-01 -3.204100e-02 30 64 1.457000e+01 2.090000e+00 1.205600e+03 8.579600e+02 0
6.793700e-01 7.975800e-01 -1.849300e-01 -3.204100e-02 31 64 1.472000e+01 2.090000e+00 1.154400e+03 8.119000e+02 0
6.766400e-01 8.325000e-01 -1.864600e-01 -3.204100e-02 32 64 1.417900e+01 2.090000e+00 1.130100e+03 7.917500e+02 0
6.810000e-01 8.691800e-01 -1.880600e-01 -3.204100e-02 33 64 1.264900e+01 2.090000e+00 1113 7.726900e+02 0
7.421200e-01 8.289500e-01 -1.863000e-01 -3.204100e-02 35 64 1.006400e+01 2.090000e+00 1.190500e+03 7.950400e+02 0
-8.498900e-01 8.761900e-01 -1.883700e-01 -3.204100e-02 36 64 1.055900e+01 2.090000e+00 -8.753200e+01 7.431900e+02 0
-8.545300e-01 8.819800e-01 -1.886200e-01 -3.204100e-02 37 64 1.077800e+01 2.090000e+00 -8.550200e+01 7.406600e+02 0
