0 0 -1.500000e-01 0 1 65 1.676900e+01 1.760000e+00 2167 -3.612800e+03 0
-7.093800e-02 1.128000e-01 -1.541600e-01 0 5 65 1.515200e+01 1.760000e+00 -3.036900e+03 7.540400e+03 0
-1.585200e-01 1.860400e-01 -1.568600e-01 0 8 65 1.432000e+01 1.760000e+00 -1.091200e+03 2.898200e+03 0
-1.986300e-01 1.939400e-01 -1.571500e-01 0 9 65 1.366000e+01 1.760000e+00 -1.162100e+03 2.714400e+03 0
-2.480100e-01 1.864800e-01 -1.568800e-01 0 10 65 1.359800e+01 1.760000e+00 -1.510700e+03 2.825700e+03 0
-2.592000e-01 2.266700e-01 -1.583600e-01 0 11 65 1.306200e+01 1.760000e+00 -1.000900e+03 2.212200e+03 0
-2.851200e-01 2.366900e-01 -1.587300e-01 0 12 65 1.266200e+01 1.760000e+00 -9.893700e+02 2.096500e+03 0
-3.012100e-01 2.843300e-01 -1.604800e-01 0 13 65 1.188900e+01 1.760000e+00 -6.680100e+02 1.722300e+03 0
-3.050300e-01 3.086600e-01 -1.613800e-01 0 14 65 1.144400e+01 1.760000e+00 -5.419600e+02 1.588700e+03 0
-1.184100e-01 3.726900e-01 -1.637400e-01 0 15 65 1.130800e+01 1.760000e+00 8.553400e+01 1.359600e+03 0
3.536000e-01 3.409100e-01 -1.625700e-01 0 28 65 1.308700e+01 1.760000e+00 1.147400e+03 1.543700e+03 0
6.799100e-01 6.411600e-01 -1.736400e-01 0 29 65 1.465300e+01 1.760000e+00 1.287100e+03 9.283800e+02 0
6.725500e-01 7.385800e-01 -1.772300e-01 0 30 65 1.560000e+01 1.760000e+00 1.189500e+03 8.456200e+02 0
6.711800e-01 8.043800e-01 -1.796600e-01 0 31 65 1.577900e+01 1.760000e+00 1.142200e+03 8.027100e+02 0
6.766400e-01 8.307000e-01 -1.806300e-01 0 32 65 1.528000e+01 1.760000e+00 1.130900e+03 7.878200e+02 0
6.810000e-01 8.651100e-01 -1.819000e-01 0 33 65 1.384400e+01 1.760000e+00 1.115100e+03 7.698300e+02 0
7.328400e-01 9.227100e-01 -1.840200e-01 0 35 65 1.126500e+01 1.760000e+00 1.126500e+03 7.437800e+02 0
-8.021400e-01 9.128600e-01 -1.836600e-01 0 36 65 1.169200e+01 1.760000e+00 -2.067900e+01 7.243300e+02 0
-8.348900e-01 8.959300e-01 -1.830400e-01 0 37 65 1.220500e+01 1.760000e+00 -5.845900e+01 7.306200e+02 0
-8.580800e-01 8.600400e-01 -1.817100e-01 0 38 65 1.174800e+01 1.760000e+00 -1.089600e+02 7.455100e+02 0
0 0 -1.500000e-01 3.204100e-02 1 66 1.576400e+01 1.760000e+00 2167 -3.612800e+03 0
-7.202900e-02 1.122500e-01 -1.541400e-01 3.204100e-02 5 66 1.412900e+01 1.760000e+00 -3.100800e+03 7.630400e+03 0
-1.585200e-01 1.859800e-01 -1.568600e-01 3.204100e-02 8 66 1.330100e+01 1.760000e+00 -1.092100e+03 2.899500e+03 0
-2.008100e-01 1.912700e-01 -1.570500e-01 3.204100e-02 9 66 1.264300e+01 1.760000e+00 -1212 2.763100e+03 0
-2.480100e-01 1.869300e-01 -1.568900e-01 3.204100e-02 10 66 1.258500e+01 1.760000e+00 -1.502600e+03 2.816800e+03 0
-2.619200e-01 2.236300e-01 -1.582500e-01 3.204100e-02 11 66 1.209600e+01 1.760000e+00 -1.043300e+03 2.246200e+03 0
-2.851200e-01 2.377000e-01 -1.587600e-01 3.204100e-02 12 66 1.166700e+01 1.760000e+00 -9.795500e+02 2.086500e+03 0
-3.012100e-01 2.829900e-01 -1.604300e-01 3.204100e-02 13 66 1.087300e+01 1.760000e+00 -6.763100e+02 1.730500e+03 0
-3.937100e-01 2.193900e-01 -1.580900e-01 3.204100e-02 14 66 1.051500e+01 1.760000e+00 -1.569200e+03 2.243200e+03 0
-1.145900e-01 3.994700e-01 -1.647300e-01 3.204100e-02 15 66 1.036100e+01 1.760000e+00 1.421200e+02 1.280700e+03 0
3.609700e-01 3.597600e-01 -1.632700e-01 3.204100e-02 28 66 1.207600e+01 1.760000e+00 1.133600e+03 1465 0
6.722700e-01 6.418800e-01 -1.736700e-01 3.204100e-02 29 66 1.363700e+01 1.760000e+00 1.277100e+03 9.273800e+02 0
6.725500e-01 7.373900e-01 -1.771900e-01 3.204100e-02 30 66 1.463500e+01 1.760000e+00 1.190400e+03 8.464700e+02 0
6.711800e-01 8.043400e-01 -1.796600e-01 3.204100e-02 31 66 1.485100e+01 1.760000e+00 1.142200e+03 8.027300e+02 0
6.766400e-01 8.297600e-01 -1.806000e-01 3.204100e-02 32 66 1.440500e+01 1.760000e+00 1.131500e+03 7.883300e+02 0
6.722700e-01 8.684700e-01 -1.820200e-01 3.204100e-02 33 66 1.305200e+01 1.760000e+00 1.105900e+03 7.679900e+02 0
7.328400e-01 9.279300e-01 -1.842200e-01 3.204100e-02 35 66 1.040800e+01 1.760000e+00 1.123700e+03 7.415200e+02 0
-7.830500e-01 9.250500e-01 -1.841100e-01 3.204100e-02 36 66 1.060800e+01 1.760000e+00 2.558300e+00 7.198800e+02 0
-8.152400e-01 9.134200e-01 -1.836800e-01 3.204100e-02 37 66 1.113800e+01 1.760000e+00 -2.945100e+01 7.239200e+02 0
-8.479800e-01 8.377700e-01 -1.808900e-01 3.204100e-02 38 66 1.051600e+01 1.760000e+00 -1.237700e+02 7.558400e+02 0
0 0 -1.500000e-01 6.408200e-02 1 67 1.014100e+01 1.760000e+00 2167 -3.612800e+03 0
-3.437800e-02 5.325100e-03 -1.502000e-01 6.408200e-02 2 67 9.586500e+00 1.760000e+00 2.632400e+03 -3996 0
6.488100e-01 7.384400e-01 -1.772300e-01 6.408200e-02 30 67 9.509100e+00 1.760000e+00 1.165600e+03 8.451000e+02 0
6.466300e-01 7.842500e-01 -1.789200e-01 6.408200e-02 31 67 9.998900e+00 1.760000e+00 1.132100e+03 8.143900e+02 0
6.512600e-01 8.071500e-01 -1.797600e-01 6.408200e-02 32 67 1.000200e+01 1.760000e+00 1.122200e+03 8.006500e+02 0
6.460800e-01 8.477300e-01 -1.812600e-01 6.408200e-02 33 67 9.289200e+00 1.760000e+00 1.094600e+03 7.780800e+02 0
0 0 -1.500000e-01 9.612300e-02 1 68 1.031500e+01 1.760000e+00 2167 -3.612800e+03 0
9.914900e-01 1.262300e+00 -1.965500e-01 -8.651100e-01 47 38 9.746500e+00 1.760000e+00 1.144700e+03 6.410700e+02 0
1.025900e+00 1.263200e+00 -1.965800e-01 -8.651100e-01 48 38 9.983700e+00 1.760000e+00 1.163700e+03 6.411600e+02 0
-1.814400e-01 4.621200e+00 -3.204000e-01 -7.369400e-01 134 42 1.122800e+01 1.760000e+00 6.444800e+02 4.491100e+02 1
-1.828000e-01 4.650500e+00 -3.214800e-01 -7.369400e-01 135 42 1.147600e+01 1.760000e+00 6.446000e+02 4.486900e+02 1
-1.841700e-01 4.677300e+00 -3.224600e-01 -7.369400e-01 136 42 1.064400e+01 1.760000e+00 6.447000e+02 4.483200e+02 1
-1.047700e-01 4.467700e+00 -3.147400e-01 -7.049000e-01 129 43 1.032500e+01 1.760000e+00 6.538100e+02 4.514300e+02 1
-7.039200e-02 4.503700e+00 -3.160700e-01 -7.049000e-01 130 43 1.042900e+01 1.760000e+00 6.590500e+02 4.509100e+02 1
-1.064100e-01 4.523400e+00 -3.167900e-01 -7.049000e-01 131 43 1.005800e+01 1.760000e+00 6.540700e+02 4.505900e+02 1
-2.521000e-01 4.596300e+00 -3.194800e-01 -7.049000e-01 133 43 1.055300e+01 1.760000e+00 6.343200e+02 4.494100e+02 1
-2.177200e-01 4.631600e+00 -3.207800e-01 -7.049000e-01 134 43 1.181600e+01 1.760000e+00 6.395500e+02 4.489300e+02 1
-2.193600e-01 4.659600e+00 -3.218100e-01 -7.049000e-01 135 43 1.207800e+01 1.760000e+00 6.396500e+02 4.485400e+02 1
-2.210000e-01 4.679600e+00 -3.225500e-01 -7.049000e-01 136 43 1.125700e+01 1.760000e+00 6.396600e+02 4.482600e+02 1
-1.047700e-01 4.468700e+00 -3.147700e-01 -6.728600e-01 129 44 9.805900e+00 1.760000e+00 6.538100e+02 4.514200e+02 1
-7.039200e-02 4.465500e+00 -3.146500e-01 -6.728600e-01 130 44 9.795900e+00 1.760000e+00 6.587500e+02 4.514900e+02 1
-2.177200e-01 4.632000e+00 -3.208000e-01 -6.728600e-01 134 44 1.028500e+01 1.760000e+00 6.395600e+02 4.489300e+02 1
-2.559200e-01 4.664200e+00 -3.219800e-01 -6.728600e-01 135 44 1.066700e+01 1.760000e+00 6.346700e+02 4.484500e+02 1
0 0 -1.500000e-01 -3.204100e-02 1 64 1.575400e+01 1.760000e+00 2167 -3.612800e+03 0
-7.093800e-02 1.124500e-01 -1.541500e-01 -3.204100e-02 5 64 1.412700e+01 1.760000e+00 -3.068900e+03 7.601800e+03 0
-1.585200e-01 1.860900e-01 -1.568600e-01 -3.204100e-02 8 64 1.329300e+01 1.760000e+00 -1.090300e+03 2.897100e+03 0
-1.986300e-01 1.936100e-01 -1.571400e-01 -3.204100e-02 9 64 1.264900e+01 1.760000e+00 -1.166800e+03 2.720300e+03 0
-2.455500e-01 1.908300e-01 -1.570400e-01 -3.204100e-02 10 64 1.256300e+01 1.760000e+00 -1.423100e+03 2.742600e+03 0
-2.592000e-01 2.273200e-01 -1.583800e-01 -3.204100e-02 11 64 1.200700e+01 1.760000e+00 -9.940900e+02 2.204900e+03 0
-2.821100e-01 2.407700e-01 -1.588800e-01 -3.204100e-02 12 64 1.159700e+01 1.760000e+00 -9.405300e+02 2.057900e+03 0
-3.012100e-01 2.830500e-01 -1.604400e-01 -3.204100e-02 13 64 1.070900e+01 1.760000e+00 -6.759100e+02 1.730100e+03 0
-1.107700e-01 3.924100e-01 -1.644700e-01 -3.204100e-02 15 64 1.044700e+01 1.760000e+00 1.373400e+02 1.300700e+03 0
3.609700e-01 3.009600e-01 -1.611000e-01 -3.204100e-02 28 64 1.208000e+01 1.760000e+00 1254 1.760600e+03 0
6.799100e-01 6.449900e-01 -1.737800e-01 -3.204100e-02 29 64 1.359700e+01 1.760000e+00 1.282900e+03 9.245800e+02 0
6.725500e-01 7.402900e-01 -1.773000e-01 -3.204100e-02 30 64 1.454500e+01 1.760000e+00 1.188200e+03 8.443900e+02 0
6.793700e-01 7.973700e-01 -1.794000e-01 -3.204100e-02 31 64 1.470800e+01 1.760000e+00 1.154300e+03 8.070700e+02 0
6.766400e-01 8.294600e-01 -1.805800e-01 -3.204100e-02 32 64 1.418400e+01 1.760000e+00 1.131700e+03 7.885000e+02 0
6.810000e-01 8.643100e-01 -1.818700e-01 -3.204100e-02 33 64 1.269700e+01 1.760000e+00 1.115500e+03 7.702300e+02 0
-9.453800e-01 2.151900e-01 -1.579300e-01 -3.204100e-02 34 64 1.013400e+01 1.760000e+00 -3.409300e+03 2.085800e+03 0
7.421200e-01 9.194100e-01 -1.839000e-01 -3.204100e-02 35 64 1.033500e+01 1.760000e+00 1.135500e+03 7.453700e+02 0
-7.830500e-01 9.335400e-01 -1.844200e-01 -3.204100e-02 36 64 1.071800e+01 1.760000e+00 9.177100e+00 7.166700e+02 0
-8.152400e-01 9.238300e-01 -1.840600e-01 -3.204100e-02 37 64 1.121900e+01 1.760000e+00 -2.087200e+01 7.198900e+02 0
-8.479800e-01 8.885700e-01 -1.827600e-01 -3.204100e-02 38 64 1.075800e+01 1.760000e+00 -7.450200e+01 7.334400e+02 0
