0 0 -1.500000e-01 0 1 65 1.677200e+01 2.340000e+00 2167 -3.612800e+03 0
-7.093800e-02 1.130500e-01 -1.555400e-01 0 5 65 1.514900e+01 2.340000e+00 -3.019300e+03 7.527500e+03 0
-1.585200e-01 1.859500e-01 -1.591200e-01 0 8 65 1.430800e+01 2.340000e+00 -1.093700e+03 2.913800e+03 0
-1.986300e-01 1.948400e-01 -1.595500e-01 0 9 65 1.363700e+01 2.340000e+00 -1.150300e+03 2.711100e+03 0
-2.480100e-01 1.871400e-01 -1.591800e-01 0 10 65 1.360100e+01 2.340000e+00 -1.500400e+03 2826 0
-2.619200e-01 2.229900e-01 -1.609300e-01 0 11 65 1.307000e+01 2.340000e+00 -1.051500e+03 2.265600e+03 0
-2.881200e-01 2.344500e-01 -1.615000e-01 0 12 65 1.263600e+01 2.340000e+00 -1.022800e+03 2.129500e+03 0
-3.044900e-01 2.837000e-01 -1.639100e-01 0 13 65 1.190000e+01 2.340000e+00 -6.814200e+02 1.735900e+03 0
-3.050300e-01 3.023400e-01 -1.648300e-01 0 14 65 1.143600e+01 2.340000e+00 -5.753500e+02 1.630800e+03 0
-1.184100e-01 2.924100e-01 -1.643400e-01 0 15 65 1.114100e+01 2.340000e+00 -1.343300e+02 1.722200e+03 0
3.536000e-01 3.732000e-01 -1.683000e-01 0 28 65 1.308500e+01 2.340000e+00 1.096800e+03 1.423800e+03 0
6.799100e-01 6.412700e-01 -1.814500e-01 0 29 65 1.463700e+01 2.340000e+00 1.287400e+03 9.373500e+02 0
6.725500e-01 7.395300e-01 -1.862600e-01 0 30 65 1.557200e+01 2.340000e+00 1.189200e+03 8.537600e+02 0
6.711800e-01 8.043700e-01 -1.894400e-01 0 31 65 1.575800e+01 2.340000e+00 1.142600e+03 8.114000e+02 0
6.766400e-01 8.314800e-01 -1.907700e-01 0 32 65 1.528200e+01 2.340000e+00 1.130900e+03 7.960400e+02 0
6.722700e-01 8.720800e-01 -1.927600e-01 0 33 65 1.394600e+01 2.340000e+00 1.104300e+03 7.747900e+02 0
6.662700e-01 9.399100e-01 -1.960900e-01 0 34 65 1.113600e+01 2.340000e+00 1.066700e+03 7.438900e+02 0
7.421200e-01 9.188800e-01 -1.950600e-01 0 35 65 1.113400e+01 2.340000e+00 1.136200e+03 7.541500e+02 0
-8.021400e-01 9.138100e-01 -1.948100e-01 0 36 65 1.165200e+01 2.340000e+00 -2.016500e+01 7.319800e+02 0
-8.447100e-01 8.810700e-01 -1.932000e-01 0 37 65 1.221200e+01 2.340000e+00 -7.931800e+01 7.446600e+02 0
-8.883600e-01 8.169500e-01 -1.900600e-01 0 38 65 1.182400e+01 2.340000e+00 -1.779200e+02 7.732000e+02 0
-9.642100e-01 6.094200e-01 -1.798800e-01 0 39 65 1.033400e+01 2.340000e+00 -5.775800e+02 9.107400e+02 0
0 0 -1.500000e-01 3.204100e-02 1 66 1.575700e+01 2.340000e+00 2167 -3.612800e+03 0
-7.093800e-02 1.132700e-01 -1.555500e-01 3.204100e-02 5 66 1.413400e+01 2.340000e+00 -2.999600e+03 7.489600e+03 0
-1.585200e-01 1.858300e-01 -1.591100e-01 3.204100e-02 8 66 1.332600e+01 2.340000e+00 -1.095500e+03 2.916400e+03 0
-2.008100e-01 1.926100e-01 -1.594400e-01 3.204100e-02 9 66 1.259400e+01 2.340000e+00 -1193 2.750900e+03 0
-2.480100e-01 1.875600e-01 -1.592000e-01 3.204100e-02 10 66 1.257700e+01 2.340000e+00 -1.492700e+03 2.817500e+03 0
-2.619200e-01 2.237200e-01 -1.609700e-01 3.204100e-02 11 66 1.209000e+01 2.340000e+00 -1.043500e+03 2257 0
-2.881200e-01 2.354400e-01 -1.615400e-01 3.204100e-02 12 66 1.164800e+01 2.340000e+00 -1.012900e+03 2.119500e+03 0
-3.012100e-01 2.858000e-01 -1.640100e-01 3.204100e-02 13 66 1.090100e+01 2.340000e+00 -6.597100e+02 1.723900e+03 0
-3.014900e-01 3.066700e-01 -1.650400e-01 3.204100e-02 14 66 1.053300e+01 2.340000e+00 -5.440600e+02 1.609400e+03 0
3.536000e-01 3.739600e-01 -1.683400e-01 3.204100e-02 28 66 1.207000e+01 2.340000e+00 1.095800e+03 1.421100e+03 0
6.722700e-01 6.439600e-01 -1.815800e-01 3.204100e-02 29 66 1.363400e+01 2.340000e+00 1.275400e+03 9.344000e+02 0
6.725500e-01 7.376300e-01 -1.861700e-01 3.204100e-02 30 66 1.457800e+01 2.340000e+00 1.190700e+03 8.551200e+02 0
6.711800e-01 8.044700e-01 -1.894500e-01 3.204100e-02 31 66 1.478600e+01 2.340000e+00 1.142500e+03 8.113400e+02 0
6.766400e-01 8.330100e-01 -1.908500e-01 3.204100e-02 32 66 1.434900e+01 2.340000e+00 1130 7.952000e+02 0
6.810000e-01 8.648700e-01 -1.924100e-01 3.204100e-02 33 66 1.309100e+01 2.340000e+00 1.115600e+03 7.785500e+02 0
7.022900e-01 9.097600e-01 -1.946100e-01 3.204100e-02 34 66 1.053700e+01 2.340000e+00 1.109300e+03 7.575500e+02 0
7.421200e-01 9.266500e-01 -1.954400e-01 3.204100e-02 35 66 1.023500e+01 2.340000e+00 1.132100e+03 7.507500e+02 0
-8.021400e-01 9.179100e-01 -1.950100e-01 3.204100e-02 36 66 1.088300e+01 2.340000e+00 -1.680400e+01 7.303800e+02 0
-8.447100e-01 8.807700e-01 -1.931900e-01 3.204100e-02 37 66 1.138600e+01 2.340000e+00 -7.959000e+01 7.447900e+02 0
-8.883600e-01 8.109200e-01 -1.897600e-01 3.204100e-02 38 66 1.102200e+01 2.340000e+00 -1.847800e+02 7.762000e+02 0
7.027800e+00 8.559500e+00 -5.697300e-01 -6.408200e-01 319 45 1.063400e+01 2.340000e+00 1.222100e+03 4.288800e+02 1
6.961500e+00 8.228900e+00 2.200300e+00 -6.087800e-01 316 46 1.073800e+01 2.340000e+00 1.227600e+03 2.203300e+02 0
6.983600e+00 8.122400e+00 2.654200e+00 -6.087800e-01 317 46 1.053700e+01 2.340000e+00 1.234800e+03 1.839100e+02 0
7.178600e+00 7.653500e+00 3.528600e+00 -6.087800e-01 318 46 1.022700e+01 2.340000e+00 1.281900e+03 1.024800e+02 0
7.201300e+00 8.391300e+00 -5.614800e-01 -6.087800e-01 319 46 1.076700e+01 2.340000e+00 1.247100e+03 4.297100e+02 1
7.223900e+00 8.443700e+00 -5.640500e-01 -6.087800e-01 320 46 1.014200e+01 2.340000e+00 1.245400e+03 4.294700e+02 1
-6.321700e+00 9.435900e+00 -6.127000e-01 -5.447000e-01 332 48 1.008500e+01 2.340000e+00 2.627000e+02 4.216600e+02 1
-6.250200e+00 9.734100e+00 -6.273200e-01 -5.447000e-01 333 48 1.109400e+01 2.340000e+00 2.802200e+02 4.207700e+02 1
-6.087300e+00 9.896600e+00 -6.352900e-01 -5.447000e-01 334 48 1.117500e+01 2.340000e+00 2.970300e+02 4.203400e+02 1
-5.923300e+00 1.004600e+01 -6.426000e-01 -5.447000e-01 335 48 1.057100e+01 2.340000e+00 3.128800e+02 4.199600e+02 1
0 0 -1.500000e-01 -5.126600e-01 1 49 8.993400e+00 2.340000e+00 2167 -3.612800e+03 0
-6.592600e+00 9.481300e+00 -6.149300e-01 -5.126600e-01 332 49 9.924900e+00 2.340000e+00 2.472500e+02 4.214500e+02 1
-6.431300e+00 9.638900e+00 -6.226500e-01 -5.126600e-01 333 49 1.073300e+01 2.340000e+00 2.646800e+02 4.210100e+02 1
-6.178100e+00 9.836000e+00 -6.323200e-01 -5.126600e-01 334 49 1.068200e+01 2.340000e+00 2.889500e+02 4.204900e+02 1
-6.105600e+00 9.874200e+00 -6.341900e-01 -5.126600e-01 335 49 9.999300e+00 2.340000e+00 2.950100e+02 4.204000e+02 1
0 0 -1.500000e-01 -6.408200e-02 1 63 9.962500e+00 2.340000e+00 2167 -3.612800e+03 0
0 0 -1.500000e-01 -3.204100e-02 1 64 1.576700e+01 2.340000e+00 2167 -3.612800e+03 0
-7.093800e-02 1.124800e-01 -1.555200e-01 -3.204100e-02 5 64 1.411700e+01 2.340000e+00 -3.071100e+03 7.627100e+03 0
-1.585200e-01 1.859800e-01 -1.591200e-01 -3.204100e-02 8 64 1.325800e+01 2.340000e+00 -1.093300e+03 2.913300e+03 0
-1.986300e-01 1.950100e-01 -1.595600e-01 -3.204100e-02 9 64 1.259200e+01 2.340000e+00 -1.147800e+03 2.708100e+03 0
-2.480100e-01 1.871500e-01 -1.591800e-01 -3.204100e-02 10 64 1.258100e+01 2.340000e+00 -1.500100e+03 2.825600e+03 0
-2.619200e-01 2.225000e-01 -1.609100e-01 -3.204100e-02 11 64 1.207800e+01 2.340000e+00 -1057 2.271500e+03 0
-2.881200e-01 2.320100e-01 -1.613800e-01 -3.204100e-02 12 64 1.160200e+01 2.340000e+00 -1.047800e+03 2.154800e+03 0
-3.012100e-01 2.846900e-01 -1.639600e-01 -3.204100e-02 13 64 1.079000e+01 2.340000e+00 -6.665200e+02 1.730600e+03 0
-4.256300e-01 1.190700e-01 -1.558400e-01 -3.204100e-02 14 64 1.033400e+01 2.340000e+00 -5.697600e+03 5.368200e+03 0
-1.260500e-01 1.663500e-01 -1.581600e-01 -3.204100e-02 15 64 1.029200e+01 2.340000e+00 -1.262900e+03 3.454500e+03 0
3.536000e-01 4.078900e-01 -1.700000e-01 -3.204100e-02 28 64 1.209800e+01 2.340000e+00 1.053400e+03 1.312700e+03 0
6.799100e-01 6.448100e-01 -1.816200e-01 -3.204100e-02 29 64 1.362000e+01 2.340000e+00 1.283600e+03 9.338300e+02 0
6.725500e-01 7.416500e-01 -1.863700e-01 -3.204100e-02 30 64 1.453700e+01 2.340000e+00 1.187600e+03 8.522400e+02 0
6.711800e-01 8.041500e-01 -1.894300e-01 -3.204100e-02 31 64 1.471900e+01 2.340000e+00 1.142700e+03 8.115400e+02 0
6.766400e-01 8.301700e-01 -1.907100e-01 -3.204100e-02 32 64 1.422700e+01 2.340000e+00 1.131600e+03 7.967600e+02 0
6.722700e-01 8.717900e-01 -1.927500e-01 -3.204100e-02 33 64 1.285200e+01 2.340000e+00 1.104500e+03 7.749400e+02 0
7.514000e-01 9.092700e-01 -1.945900e-01 -3.204100e-02 35 64 9.991400e+00 2.340000e+00 1.148900e+03 7.586000e+02 0
-8.021400e-01 9.114400e-01 -1.946900e-01 -3.204100e-02 36 64 1.052500e+01 2.340000e+00 -2.212700e+01 7.329200e+02 0
-8.447100e-01 8.775600e-01 -1.930300e-01 -3.204100e-02 37 64 1.105600e+01 2.340000e+00 -8.257400e+01 7.461500e+02 0
-8.883600e-01 8.115600e-01 -1.898000e-01 -3.204100e-02 38 64 1.072000e+01 2.340000e+00 -1.840400e+02 7.758800e+02 0
