0 0 -1.500000e-01 0 1 65 1.679200e+01 2.220000e+00 2167 -3.612800e+03 0
-7.093800e-02 1.130800e-01 -1.552600e-01 0 5 65 1.514900e+01 2.220000e+00 -3.016200e+03 7.517200e+03 0
-1.585200e-01 1.860500e-01 -1.586500e-01 0 8 65 1.433100e+01 2.220000e+00 -1.091900e+03 2.908800e+03 0
-2.008100e-01 1.918900e-01 -1.589300e-01 0 9 65 1.363900e+01 2.220000e+00 -1.203600e+03 2.761800e+03 0
-2.480100e-01 1.871100e-01 -1.587000e-01 0 10 65 1.361400e+01 2.220000e+00 -1.500500e+03 2.823700e+03 0
-2.619200e-01 2.227600e-01 -1.603600e-01 0 11 65 1.306400e+01 2.220000e+00 -1.053800e+03 2.265900e+03 0
-2.881200e-01 2.318800e-01 -1.607900e-01 0 12 65 1.264100e+01 2.220000e+00 -1.048900e+03 2.153800e+03 0
-3.077600e-01 2.788700e-01 -1.629700e-01 0 13 65 1.196000e+01 2.220000e+00 -7.211300e+02 1.763200e+03 0
-3.014900e-01 3.113700e-01 -1.644800e-01 0 14 65 1.144800e+01 2.220000e+00 -5.204300e+02 1.584200e+03 0
-1.298700e-01 3.104900e-01 -1.644400e-01 0 15 65 1.123400e+01 2.220000e+00 -1.010200e+02 1618 0
3.536000e-01 3.257800e-01 -1.651500e-01 0 28 65 1.310300e+01 2.220000e+00 1.176300e+03 1.625500e+03 0
6.799100e-01 6.404300e-01 -1.797900e-01 0 29 65 1.466500e+01 2.220000e+00 1.288200e+03 9.363100e+02 0
6.725500e-01 7.378400e-01 -1.843200e-01 0 30 65 1.562000e+01 2.220000e+00 1.190400e+03 8.531400e+02 0
6.793700e-01 7.975600e-01 -1.871000e-01 0 31 65 1.581700e+01 2.220000e+00 1.154500e+03 8.138600e+02 0
6.766400e-01 8.326900e-01 -1.887400e-01 0 32 65 1.534800e+01 2.220000e+00 1.130100e+03 7.935800e+02 0
6.810000e-01 8.663900e-01 -1.903000e-01 0 33 65 1.399000e+01 2.220000e+00 1.114600e+03 7.760100e+02 0
6.482600e-01 9.521200e-01 -1.942900e-01 0 34 65 1.097100e+01 2.220000e+00 1.047700e+03 7.368400e+02 0
7.328400e-01 9.012600e-01 -1.919300e-01 0 35 65 1.078000e+01 2.220000e+00 1.138300e+03 7.601700e+02 0
-8.116900e-01 8.980900e-01 -1.917800e-01 0 36 65 1.157200e+01 2.220000e+00 -4.015200e+01 7.364600e+02 0
-8.250600e-01 8.955400e-01 -1.916600e-01 0 37 65 1.193900e+01 2.220000e+00 -5.197500e+01 7.372900e+02 0
-8.580800e-01 8.753100e-01 -1.907200e-01 0 38 65 1.149400e+01 2.220000e+00 -9.443500e+01 7.452300e+02 0
-9.331100e-01 7.860500e-01 -1.865700e-01 0 39 65 1.015500e+01 2.220000e+00 -2.505800e+02 7.865300e+02 0
0 0 -1.500000e-01 3.204100e-02 1 66 1.578200e+01 2.220000e+00 2167 -3.612800e+03 0
-7.093800e-02 1.139000e-01 -1.553000e-01 3.204100e-02 5 66 1.413400e+01 2.220000e+00 -2.944100e+03 7.378700e+03 0
-1.585200e-01 1.860200e-01 -1.586500e-01 3.204100e-02 8 66 1.335800e+01 2.220000e+00 -1.092400e+03 2.909500e+03 0
-2.008100e-01 1.918400e-01 -1.589200e-01 3.204100e-02 9 66 1.268500e+01 2.220000e+00 -1.204300e+03 2.762700e+03 0
-2.480100e-01 1.878800e-01 -1.587400e-01 3.204100e-02 10 66 1.268200e+01 2.220000e+00 -1.486800e+03 2.808400e+03 0
-2.619200e-01 2.242800e-01 -1.604300e-01 3.204100e-02 11 66 1.216300e+01 2.220000e+00 -1.037100e+03 2.247900e+03 0
-2.881200e-01 2.344400e-01 -1.609100e-01 3.204100e-02 12 66 1.176000e+01 2.220000e+00 -1.022700e+03 2.127300e+03 0
-3.077600e-01 2.773400e-01 -1.629000e-01 3.204100e-02 13 66 1.108700e+01 2.220000e+00 -7.312600e+02 1.773100e+03 0
-2.979400e-01 3.101300e-01 -1.644300e-01 3.204100e-02 14 66 1.054700e+01 2.220000e+00 -5.179400e+02 1.590700e+03 0
-1.336900e-01 2.506700e-01 -1.616600e-01 3.204100e-02 15 66 1.021300e+01 2.220000e+00 -3.762600e+02 2.022400e+03 0
3.536000e-01 3.852300e-01 -1.679200e-01 3.204100e-02 28 66 1.200500e+01 2.220000e+00 1.080500e+03 1.380200e+03 0
6.722700e-01 6.424600e-01 -1.798900e-01 3.204100e-02 29 66 1.356100e+01 2.220000e+00 1.276900e+03 9.340200e+02 0
6.725500e-01 7.356200e-01 -1.842200e-01 3.204100e-02 30 66 1.451300e+01 2.220000e+00 1.192200e+03 8.547500e+02 0
6.793700e-01 7.975700e-01 -1.871000e-01 3.204100e-02 31 66 1.469500e+01 2.220000e+00 1.154400e+03 8.138500e+02 0
6.766400e-01 8.336500e-01 -1.887800e-01 3.204100e-02 32 66 1.419800e+01 2.220000e+00 1.129500e+03 7.930600e+02 0
6.810000e-01 8.679800e-01 -1.903800e-01 3.204100e-02 33 66 1.277800e+01 2.220000e+00 1.113800e+03 7.752100e+02 0
6.122500e-01 9.710900e-01 -1.951700e-01 3.204100e-02 34 66 1.010200e+01 2.220000e+00 1.013400e+03 7.288000e+02 0
7.885000e-01 8.167800e-01 -1.880000e-01 3.204100e-02 35 66 9.834600e+00 2.220000e+00 1.241300e+03 8.048800e+02 0
-8.307900e-01 8.784800e-01 -1.908700e-01 3.204100e-02 36 66 1.024100e+01 2.220000e+00 -7.146800e+01 7.443200e+02 0
-8.447100e-01 8.669800e-01 -1.903300e-01 3.204100e-02 37 66 1.081500e+01 2.220000e+00 -9.251700e+01 7.490500e+02 0
-8.782700e-01 8.108100e-01 -1.877200e-01 3.204100e-02 38 66 1.044400e+01 2.220000e+00 -1.768400e+02 7.747700e+02 0
-1.720800e+00 3.321900e+00 1.809700e+00 3.204100e-02 120 66 9.755000e+00 2.220000e+00 3.339300e+02 9.585300e+01 0
-1.669800e+00 3.782300e+00 -3.259500e-01 3.204100e-02 121 66 9.695700e+00 2.220000e+00 3.829200e+02 4.681600e+02 0
6.799100e-01 6.602600e-01 -1.807100e-01 6.408200e-02 29 67 1.002000e+01 2.220000e+00 1.267300e+03 9.171000e+02 0
6.725500e-01 7.342500e-01 -1.841600e-01 6.408200e-02 30 67 1.092800e+01 2.220000e+00 1.193200e+03 8.557500e+02 0
6.793700e-01 7.955700e-01 -1.870100e-01 6.408200e-02 31 67 1.109000e+01 2.220000e+00 1.155800e+03 8.150700e+02 0
6.851000e-01 8.376600e-01 -1.889700e-01 6.408200e-02 32 67 1.065600e+01 2.220000e+00 1.134600e+03 7.910500e+02 0
7.072000e-01 8.644900e-01 -1.902100e-01 6.408200e-02 33 67 9.383100e+00 2.220000e+00 1.137900e+03 7.774500e+02 0
-1.163900e+00 8.076800e+00 -5.257200e-01 -7.689800e-01 238 41 1.015500e+01 2.220000e+00 5.882600e+02 4.267700e+02 1
-1.168800e+00 8.147800e+00 -5.290200e-01 -7.689800e-01 239 41 1.079400e+01 2.220000e+00 5.888000e+02 4.264500e+02 1
-1.369400e+00 8.211800e+00 -5.320000e-01 -7.689800e-01 240 41 1.083200e+01 2.220000e+00 5.741300e+02 4.261000e+02 1
-1.506100e+00 8.211200e+00 -5.319800e-01 -7.689800e-01 241 41 1.001400e+01 2.220000e+00 5.635800e+02 4.260600e+02 1
-1.228600e+00 8.114900e+00 -5.275000e-01 -7.369400e-01 238 42 1.155900e+01 2.220000e+00 5.837000e+02 4.265800e+02 1
-1.363600e+00 8.169800e+00 -5.300500e-01 -7.369400e-01 239 42 1.260200e+01 2.220000e+00 5.739600e+02 4.262900e+02 1
-1.434600e+00 8.209400e+00 -5.318900e-01 -7.369400e-01 240 42 1.263600e+01 2.220000e+00 5.690600e+02 4.260900e+02 1
-1.506100e+00 8.233700e+00 -5.330200e-01 -7.369400e-01 241 42 1.172100e+01 2.220000e+00 5.639400e+02 4.259600e+02 1
-1.228600e+00 8.079100e+00 -5.258300e-01 -7.049000e-01 238 43 1.127800e+01 2.220000e+00 5.832100e+02 4.267400e+02 1
-1.363600e+00 8.162700e+00 -5.297200e-01 -7.049000e-01 239 43 1.232500e+01 2.220000e+00 5.738500e+02 4.263200e+02 1
-1.434600e+00 8.201500e+00 -5.315200e-01 -7.049000e-01 240 43 1.236200e+01 2.220000e+00 5.689400e+02 4.261200e+02 1
-1.506100e+00 8.224900e+00 -5.326100e-01 -7.049000e-01 241 43 1.145400e+01 2.220000e+00 5.637900e+02 426 1
-2.440800e+00 3.616200e+00 -3.182200e-01 -6.087800e-01 127 46 9.930200e+00 2.220000e+00 2.356600e+02 4.708700e+02 0
-2.390900e+00 3.698800e+00 -3.220600e-01 -6.087800e-01 128 46 1.021800e+01 2.220000e+00 2.542300e+02 4.691300e+02 0
-2.374800e+00 3.709700e+00 -3.225700e-01 -6.087800e-01 129 46 9.684900e+00 2.220000e+00 2.582100e+02 4.689200e+02 0
-1.866200e-01 3.747800e-02 -1.517400e-01 -6.408200e-02 7 63 9.580500e+00 2.220000e+00 8.225500e+03 -9.397700e+03 0
6.493600e-01 6.647400e-01 -1.809200e-01 -6.408200e-02 29 63 1.008200e+01 2.220000e+00 1.227600e+03 9.119200e+02 0
6.646300e-01 7.567000e-01 -1.852000e-01 -6.408200e-02 30 63 1.100400e+01 2.220000e+00 1.168400e+03 8.397200e+02 0
6.630000e-01 8.089900e-01 -1.876300e-01 -6.408200e-02 31 63 1.122100e+01 2.220000e+00 1.132100e+03 8.067100e+02 0
6.597200e-01 8.397500e-01 -1.890600e-01 -6.408200e-02 32 63 1.059200e+01 2.220000e+00 1.111100e+03 7.894100e+02 0
0 0 -1.500000e-01 -3.204100e-02 1 64 1.579400e+01 2.220000e+00 2167 -3.612800e+03 0
-7.093800e-02 1.124400e-01 -1.552300e-01 -3.204100e-02 5 64 1.412400e+01 2.220000e+00 -3.074100e+03 7.628500e+03 0
-1.585200e-01 1.860700e-01 -1.586600e-01 -3.204100e-02 8 64 1.327400e+01 2.220000e+00 -1.091700e+03 2.908500e+03 0
-2.008100e-01 1.925000e-01 -1.589500e-01 -3.204100e-02 9 64 1.255600e+01 2.220000e+00 -1.194400e+03 2.750300e+03 0
-2.504700e-01 1.828100e-01 -1.585000e-01 -3.204100e-02 10 64 1.252400e+01 2.220000e+00 -1.592700e+03 2.911100e+03 0
-2.646500e-01 2.173100e-01 -1.601100e-01 -3.204100e-02 11 64 1.207200e+01 2.220000e+00 -1.126700e+03 2.331900e+03 0
-2.911200e-01 2.254800e-01 -1.604900e-01 -3.204100e-02 12 64 1.150700e+01 2.220000e+00 -1.128800e+03 2.222600e+03 0
-3.077600e-01 2.799300e-01 -1.630200e-01 -3.204100e-02 13 64 1.086900e+01 2.220000e+00 -7.141500e+02 1.756500e+03 0
-3.050300e-01 2.999200e-01 -1.639500e-01 -3.204100e-02 14 64 1.039900e+01 2.220000e+00 -5.882200e+02 1.641400e+03 0
-1.298700e-01 3.958600e-01 -1.684200e-01 -3.204100e-02 15 64 1.029300e+01 2.220000e+00 1.069500e+02 1.296700e+03 0
3.536000e-01 3.019500e-01 -1.640500e-01 -3.204100e-02 28 64 1.217700e+01 2.220000e+00 1.229500e+03 1.761700e+03 0
6.722700e-01 6.499700e-01 -1.802400e-01 -3.204100e-02 29 64 1.374700e+01 2.220000e+00 1.268900e+03 9.266300e+02 0
6.725500e-01 7.406900e-01 -1.844600e-01 -3.204100e-02 30 64 1.470900e+01 2.220000e+00 1.188200e+03 8.511000e+02 0
6.793700e-01 7.973200e-01 -1.870900e-01 -3.204100e-02 31 64 1.492400e+01 2.220000e+00 1.154600e+03 8.140100e+02 0
6.766400e-01 8.303300e-01 -1.886300e-01 -3.204100e-02 32 64 1.448000e+01 2.220000e+00 1.131500e+03 7.948800e+02 0
6.810000e-01 8.608800e-01 -1.900500e-01 -3.204100e-02 33 64 1.317000e+01 2.220000e+00 1.117700e+03 7.787900e+02 0
6.572700e-01 9.179000e-01 -1.927000e-01 -3.204100e-02 34 64 1.020000e+01 2.220000e+00 1.069500e+03 7.514100e+02 0
-8.116900e-01 8.992700e-01 -1.918300e-01 -3.204100e-02 36 64 1.060500e+01 2.220000e+00 -3.914000e+01 7.359800e+02 0
-8.250600e-01 8.870400e-01 -1.912600e-01 -3.204100e-02 37 64 1.099700e+01 2.220000e+00 -5.951600e+01 7.408000e+02 0
-8.681700e-01 8.466200e-01 -1.893800e-01 -3.204100e-02 38 64 1.058000e+01 2.220000e+00 -1.303100e+02 7.577700e+02 0
-1.016000e+00 5.366600e-01 -1.749600e-01 -3.204100e-02 39 64 9.671600e+00 2.220000e+00 -8.255500e+02 9.830600e+02 0
