0 0 -1.500000e-01 0 1 65 1.676900e+01 2.280000e+00 2167 -3.612800e+03 0
-7.093800e-02 1.129600e-01 -1.554000e-01 0 5 65 1.515400e+01 2.280000e+00 -3.027500e+03 7.541100e+03 0
-1.585200e-01 1.860000e-01 -1.588900e-01 0 8 65 1.431600e+01 2.280000e+00 -1.092800e+03 2.911300e+03 0
-1.986300e-01 1.943900e-01 -1.592900e-01 0 9 65 1.362600e+01 2.280000e+00 -1.156700e+03 2718 0
-2.480100e-01 1.866100e-01 -1.589200e-01 0 10 65 1.359500e+01 2.280000e+00 -1.509800e+03 2.835100e+03 0
-2.619200e-01 2.218400e-01 -1.606000e-01 0 11 65 1.302000e+01 2.280000e+00 -1.064100e+03 2.278100e+03 0
-2.851200e-01 2.358100e-01 -1.612700e-01 0 12 65 1.265300e+01 2.280000e+00 -9.989500e+02 2.115600e+03 0
-3.012100e-01 2.860500e-01 -1.636700e-01 0 13 65 1.197000e+01 2.280000e+00 -6.581100e+02 1.721300e+03 0
-3.085800e-01 3.048300e-01 -1.645600e-01 0 14 65 1.154100e+01 2.280000e+00 -5.709300e+02 1.616400e+03 0
-1.222300e-01 3.651900e-01 -1.674500e-01 0 15 65 1.110800e+01 2.280000e+00 6.189400e+01 1.392700e+03 0
-3.519600e-01 3.804400e-01 -1.681800e-01 0 16 65 1.111500e+01 2.280000e+00 -3.513300e+02 1.319500e+03 0
3.536000e-01 3.546200e-01 -1.669400e-01 0 28 65 1.307100e+01 2.280000e+00 1.124600e+03 1.494100e+03 0
6.799100e-01 6.412800e-01 -1.806400e-01 0 29 65 1.464700e+01 2.280000e+00 1.287400e+03 9.364100e+02 0
6.725500e-01 7.388600e-01 -1.853000e-01 0 30 65 1.557800e+01 2.280000e+00 1.189700e+03 8.533200e+02 0
6.711800e-01 8.044300e-01 -1.884300e-01 0 31 65 1.575600e+01 2.280000e+00 1.142500e+03 8.104700e+02 0
6.766400e-01 8.324600e-01 -1.897700e-01 0 32 65 1.527200e+01 2.280000e+00 1.130200e+03 7.946000e+02 0
6.810000e-01 8.667000e-01 -1.914100e-01 0 33 65 1.389800e+01 2.280000e+00 1.114500e+03 7.767400e+02 0
7.235700e-01 9.145400e-01 -1.936900e-01 0 35 65 1.130200e+01 2.280000e+00 1.123700e+03 7.548800e+02 0
-7.926000e-01 9.271500e-01 -1.943000e-01 0 36 65 1.184700e+01 2.280000e+00 -2.674500e+00 7.261300e+02 0
-8.348900e-01 9.079600e-01 -1.933800e-01 0 37 65 1.232700e+01 2.280000e+00 -4.822000e+01 7.329700e+02 0
-8.782700e-01 8.742800e-01 -1.917700e-01 0 38 65 1.200500e+01 2.280000e+00 -1.102800e+02 7.461800e+02 0
-9.123700e-01 8.312500e-01 -1.897100e-01 0 39 65 1.068000e+01 2.280000e+00 -1.805400e+02 7.650100e+02 0
0 0 -1.500000e-01 3.204100e-02 1 66 1.576700e+01 2.280000e+00 2167 -3.612800e+03 0
-7.202900e-02 1.121800e-01 -1.553600e-01 3.204100e-02 5 66 1.414700e+01 2.280000e+00 -3.112200e+03 7671 0
-1.585200e-01 1.859300e-01 -1.588800e-01 3.204100e-02 8 66 1.329600e+01 2.280000e+00 -1094 2.912900e+03 0
-2.008100e-01 1.923500e-01 -1.591900e-01 3.204100e-02 9 66 1.256500e+01 2.280000e+00 -1.196700e+03 2.754400e+03 0
-2.480100e-01 1.874800e-01 -1.589600e-01 3.204100e-02 10 66 1.252100e+01 2.280000e+00 -1.494100e+03 2.817700e+03 0
-2.619200e-01 2.228000e-01 -1.606400e-01 3.204100e-02 11 66 1.193900e+01 2.280000e+00 -1.053400e+03 2.266600e+03 0
-2.881200e-01 2.327800e-01 -1.611200e-01 3.204100e-02 12 66 1.158400e+01 2.280000e+00 -1.039700e+03 2.145500e+03 0
-3.044900e-01 2.820300e-01 -1.634700e-01 3.204100e-02 13 66 1.094000e+01 2.280000e+00 -6.918900e+02 1.745100e+03 0
-1.454200e-01 3.416800e-01 -1.663200e-01 3.204100e-02 14 66 1.040700e+01 2.280000e+00 -4.485600e+01 1.476100e+03 0
-1.145900e-01 4.075200e-01 -1.694700e-01 3.204100e-02 15 66 1.025800e+01 2.280000e+00 1.550800e+02 1.267800e+03 0
3.462300e-01 3.530000e-01 -1.668700e-01 3.204100e-02 28 66 1.205500e+01 2.280000e+00 1.109300e+03 1.499700e+03 0
6.722700e-01 6.463700e-01 -1.808800e-01 3.204100e-02 29 66 1.364100e+01 2.280000e+00 1.272800e+03 9.310800e+02 0
6.725500e-01 7.369300e-01 -1.852100e-01 3.204100e-02 30 66 1.457600e+01 2.280000e+00 1.191200e+03 8.547200e+02 0
6.711800e-01 8.044800e-01 -1.884400e-01 3.204100e-02 31 66 1.475200e+01 2.280000e+00 1.142500e+03 8.104400e+02 0
6.766400e-01 8.332800e-01 -1.898100e-01 3.204100e-02 32 66 1.425800e+01 2.280000e+00 1.129700e+03 7.941500e+02 0
6.810000e-01 8.686400e-01 -1.915000e-01 3.204100e-02 33 66 1.284300e+01 2.280000e+00 1.113500e+03 7.757700e+02 0
7.328400e-01 9.235300e-01 -1.941200e-01 3.204100e-02 35 66 1.044800e+01 2.280000e+00 1.126400e+03 7.510700e+02 0
-7.830500e-01 9.384500e-01 -1.948400e-01 3.204100e-02 36 66 1.072000e+01 2.280000e+00 1.272800e+01 7.220200e+02 0
-8.348900e-01 8.993100e-01 -1.929700e-01 3.204100e-02 37 66 1.123600e+01 2.280000e+00 -5.574100e+01 7.364400e+02 0
-8.681700e-01 8.588000e-01 -1.910300e-01 3.204100e-02 38 66 1.100400e+01 2.280000e+00 -1.180200e+02 7.531000e+02 0
0 0 -1.500000e-01 6.408200e-02 1 67 1.076000e+01 2.280000e+00 2167 -3.612800e+03 0
-1.800700e-02 7.851300e-03 -1.503800e-01 6.408200e-02 2 67 1.015400e+01 2.280000e+00 2532 -4.129300e+03 0
5.779500e+00 8.841900e+00 1.835300e+00 -7.049000e-01 308 43 1.015200e+01 2.280000e+00 1.102100e+03 2.563400e+02 0
5.952200e+00 8.555700e+00 1.828800e+00 -6.728600e-01 304 44 1.036600e+01 2.280000e+00 1.129500e+03 2.531400e+02 0
6.054800e+00 8.655400e+00 -5.635300e-01 -6.728600e-01 305 44 1.118900e+01 2.280000e+00 1.140100e+03 4.273400e+02 1
6.324400e+00 8.569300e+00 -5.594200e-01 -6.728600e-01 306 44 1.066500e+01 2.280000e+00 1.165900e+03 4.278000e+02 1
5.779500e+00 8.889200e+00 1.590000e+00 -6.728600e-01 308 44 1.116600e+01 2.280000e+00 1.100600e+03 2.739700e+02 0
5.966400e+00 8.756600e+00 1.850100e+00 -6.728600e-01 309 44 1.054700e+01 2.280000e+00 1.120300e+03 2.541800e+02 0
6.034900e+00 8.284100e+00 2.631900e+00 -6.408200e-01 304 45 1.013200e+01 2.280000e+00 1.147900e+03 1.897500e+02 0
6.137800e+00 8.499800e+00 1.671700e+00 -6.408200e-01 305 45 1.095400e+01 2.280000e+00 1.147400e+03 2.637900e+02 0
6.241200e+00 8.586000e+00 -5.602200e-01 -6.408200e-01 306 45 1.064200e+01 2.280000e+00 1.158500e+03 4.277000e+02 1
5.779500e+00 8.872200e+00 1.682400e+00 -6.408200e-01 308 45 1.040500e+01 2.280000e+00 1.101100e+03 2.673600e+02 0
5.882400e+00 8.844400e+00 1.695100e+00 -6.408200e-01 309 45 1.024100e+01 2.280000e+00 1.110100e+03 2.661300e+02 0
-6.785800e+00 8.978200e+00 -5.789600e-01 -4.806200e-01 324 50 1.061500e+01 2.280000e+00 2.095300e+02 4.222700e+02 1
-6.983600e+00 8.765600e+00 1.558000e+00 -4.806200e-01 325 50 1.060500e+01 2.280000e+00 1.872300e+02 2.783800e+02 0
-6.873900e+00 8.826600e+00 -5.717100e-01 -4.485700e-01 324 51 1.078200e+01 2.280000e+00 1.952800e+02 4.227800e+02 1
-6.983600e+00 8.779900e+00 -5.694800e-01 -4.485700e-01 325 51 1.083500e+01 2.280000e+00 1.850800e+02 4.229100e+02 1
-7.537200e+00 8.414000e+00 -5.520000e-01 -4.485700e-01 326 51 1.021200e+01 2.280000e+00 1.235700e+02 4.241100e+02 1
0 0 -1.500000e-01 -6.408200e-02 1 63 9.961500e+00 2.280000e+00 2167 -3.612800e+03 0
3.328600e-02 9.764500e-03 -1.504700e-01 -6.408200e-02 2 63 9.745900e+00 2.280000e+00 2.038200e+03 -4144 0
6.875500e-02 5.559900e-03 -1.502700e-01 -6.408200e-02 3 63 9.567900e+00 2.280000e+00 1.616700e+03 -3.798800e+03 0
0 0 -1.500000e-01 -3.204100e-02 1 64 1.573800e+01 2.280000e+00 2167 -3.612800e+03 0
-7.093800e-02 1.122200e-01 -1.553600e-01 -3.204100e-02 5 64 1.412000e+01 2.280000e+00 -3.094500e+03 7.669900e+03 0
-1.585200e-01 1.860200e-01 -1.588900e-01 -3.204100e-02 8 64 1.331500e+01 2.280000e+00 -1.092500e+03 2.910900e+03 0
-1.986300e-01 1.942000e-01 -1.592800e-01 -3.204100e-02 9 64 1.261800e+01 2.280000e+00 -1.159300e+03 2.721300e+03 0
-2.480100e-01 1.855300e-01 -1.588600e-01 -3.204100e-02 10 64 1.261500e+01 2.280000e+00 -1.529600e+03 2.857200e+03 0
-2.619200e-01 2.199200e-01 -1.605100e-01 -3.204100e-02 11 64 1.210200e+01 2.280000e+00 -1086 2.301500e+03 0
-2.851200e-01 2.321200e-01 -1.610900e-01 -3.204100e-02 12 64 1.166000e+01 2.280000e+00 -1.036200e+03 2.153500e+03 0
-2.979400e-01 2.892200e-01 -1.638200e-01 -3.204100e-02 13 64 1.096800e+01 2.280000e+00 -6.305200e+02 1.703300e+03 0
-3.050300e-01 3.070000e-01 -1.646700e-01 -3.204100e-02 14 64 1.062100e+01 2.280000e+00 -5.509600e+02 1606 0
3.536000e-01 3.745100e-01 -1.678900e-01 -3.204100e-02 28 64 1.209300e+01 2.280000e+00 1.094900e+03 1.418100e+03 0
6.799100e-01 6.469900e-01 -1.809100e-01 -3.204100e-02 29 64 1.364900e+01 2.280000e+00 1.281200e+03 9.307500e+02 0
6.725500e-01 7.415500e-01 -1.854300e-01 -3.204100e-02 30 64 1.455600e+01 2.280000e+00 1.187600e+03 8.514000e+02 0
6.711800e-01 8.042400e-01 -1.884200e-01 -3.204100e-02 31 64 1.473900e+01 2.280000e+00 1.142600e+03 8.105800e+02 0
6.766400e-01 8.306500e-01 -1.896900e-01 -3.204100e-02 32 64 1.426400e+01 2.280000e+00 1.131300e+03 7.956000e+02 0
6.810000e-01 8.625400e-01 -1.912100e-01 -3.204100e-02 33 64 1.290200e+01 2.280000e+00 1.116800e+03 7.788300e+02 0
6.957400e-01 9.199700e-01 -1.939500e-01 -3.204100e-02 35 64 1.052500e+01 2.280000e+00 1.098900e+03 7.520200e+02 0
-7.926000e-01 9.230400e-01 -1.941000e-01 -3.204100e-02 36 64 1.099900e+01 2.280000e+00 -5.939500e+00 7.277100e+02 0
-8.447100e-01 9.026400e-01 -1.931300e-01 -3.204100e-02 37 64 1.141500e+01 2.280000e+00 -5.982600e+01 7.349500e+02 0
-8.883600e-01 8.792600e-01 -1.920100e-01 -3.204100e-02 38 64 1.103800e+01 2.280000e+00 -1.128400e+02 7.439000e+02 0
