0 0 -1.500000e-01 0 1 65 1.675300e+01 2.570000e+00 2167 -3.612800e+03 0
-7.093800e-02 1.129800e-01 -1.560900e-01 0 5 65 1.514900e+01 2.570000e+00 -3.028100e+03 7.552700e+03 0
-1.585200e-01 1.860600e-01 -1.600200e-01 0 8 65 1.430300e+01 2.570000e+00 -1.092600e+03 2.917100e+03 0
-2.008100e-01 1.917100e-01 -1.603300e-01 0 9 65 1.364500e+01 2.570000e+00 -1.207100e+03 2.773200e+03 0
-2.480100e-01 1.870500e-01 -1.600700e-01 0 10 65 1.359800e+01 2.570000e+00 -1.502600e+03 2833 0
-2.592000e-01 2.271400e-01 -1.622300e-01 0 11 65 1.307100e+01 2.570000e+00 -9.973800e+02 2.223300e+03 0
-2.881200e-01 2.335200e-01 -1.625800e-01 0 12 65 1.268900e+01 2.570000e+00 -1.032700e+03 2.143700e+03 0
-3.110400e-01 2.748600e-01 -1.648000e-01 0 13 65 1.199400e+01 2.570000e+00 -7.575600e+02 1.794900e+03 0
-3.014900e-01 3.062900e-01 -1.665000e-01 0 14 65 1.148000e+01 2.570000e+00 -5.462900e+02 1.615300e+03 0
-1.184100e-01 3.985000e-01 -1.714600e-01 0 15 65 1.110000e+01 2.570000e+00 1.330100e+02 1.296400e+03 0
-3.560500e-01 3.706800e-01 -1.699700e-01 0 16 65 1.108000e+01 2.570000e+00 -3.926200e+02 1.353200e+03 0
3.609700e-01 3.007200e-01 -1.662000e-01 0 28 65 1.309600e+01 2.570000e+00 1.255400e+03 1.778100e+03 0
6.799100e-01 6.368100e-01 -1.843000e-01 0 29 65 1.465400e+01 2.570000e+00 1.292500e+03 9.454800e+02 0
6.725500e-01 7.365400e-01 -1.896700e-01 0 30 65 1.557000e+01 2.570000e+00 1.191700e+03 8.594200e+02 0
6.793700e-01 7.975600e-01 -1.929600e-01 0 31 65 1.572800e+01 2.570000e+00 1.154700e+03 8.191200e+02 0
6.766400e-01 8.317900e-01 -1.948000e-01 0 32 65 1.519400e+01 2.570000e+00 1.130800e+03 7.993000e+02 0
6.810000e-01 8.689600e-01 -1.968000e-01 0 33 65 1.367700e+01 2.570000e+00 1.113500e+03 7.799100e+02 0
-1.026400e+00 4.368500e-01 -1.735300e-01 0 34 65 1.074300e+01 2.570000e+00 -1.223100e+03 1.136600e+03 0
7.235700e-01 8.991300e-01 -1.984300e-01 0 35 65 1.133700e+01 2.570000e+00 1.132200e+03 7.661700e+02 0
-7.830500e-01 9.367000e-01 -2.004500e-01 0 36 65 1.162400e+01 2.570000e+00 1.125900e+01 7.266800e+02 0
-8.348900e-01 9.122200e-01 -1.991300e-01 0 37 65 1.212400e+01 2.570000e+00 -4.471700e+01 7.353100e+02 0
-8.681700e-01 9.001500e-01 -1.984800e-01 0 38 65 1.176300e+01 2.570000e+00 -7.892100e+01 7.396100e+02 0
-9.123700e-01 8.778900e-01 -1.972800e-01 0 39 65 1.039800e+01 2.570000e+00 -1.318400e+02 7.481100e+02 0
0 0 -1.500000e-01 3.204100e-02 1 66 1.573800e+01 2.570000e+00 2167 -3.612800e+03 0
-7.093800e-02 1.132500e-01 -1.561000e-01 3.204100e-02 5 66 1.413800e+01 2.570000e+00 -3.003800e+03 7506 0
-1.585200e-01 1.860300e-01 -1.600200e-01 3.204100e-02 8 66 1.331100e+01 2.570000e+00 -1093 2.917600e+03 0
-2.008100e-01 1.926300e-01 -1.603800e-01 3.204100e-02 9 66 1.257900e+01 2.570000e+00 -1.193300e+03 2.755900e+03 0
-2.480100e-01 1.882200e-01 -1.601400e-01 3.204100e-02 10 66 1.254100e+01 2.570000e+00 -1.481600e+03 2.809700e+03 0
-2.592000e-01 2.286500e-01 -1.623200e-01 3.204100e-02 11 66 1.191900e+01 2.570000e+00 -9.817700e+02 2.206400e+03 0
-2.881200e-01 2.374900e-01 -1.627900e-01 3.204100e-02 12 66 1.159600e+01 2.570000e+00 -9.930200e+02 2.103500e+03 0
-3.143100e-01 2.740100e-01 -1.647600e-01 3.204100e-02 13 66 1.095800e+01 2.570000e+00 -7.725800e+02 1.799900e+03 0
-3.085800e-01 2.814500e-01 -1.651600e-01 3.204100e-02 14 66 1.048400e+01 2.570000e+00 -7.070100e+02 1.753100e+03 0
-1.107700e-01 3.921400e-01 -1.711200e-01 3.204100e-02 15 66 1.032700e+01 2.570000e+00 1.365700e+02 1.314900e+03 0
3.536000e-01 3.598200e-01 -1.693800e-01 3.204100e-02 28 66 1.203000e+01 2.570000e+00 1.116700e+03 1.478400e+03 0
6.799100e-01 6.333000e-01 -1.841100e-01 3.204100e-02 29 66 1.365100e+01 2.570000e+00 1.296400e+03 9.490800e+02 0
6.725500e-01 7.359900e-01 -1.896400e-01 3.204100e-02 30 66 1.454900e+01 2.570000e+00 1.192100e+03 8.598200e+02 0
6.711800e-01 8.044200e-01 -1.933300e-01 3.204100e-02 31 66 1.472800e+01 2.570000e+00 1.142700e+03 8.148300e+02 0
6.766400e-01 8.300300e-01 -1.947100e-01 3.204100e-02 32 66 1.425200e+01 2.570000e+00 1.131900e+03 8.002700e+02 0
6.722700e-01 8.682600e-01 -1.967700e-01 3.204100e-02 33 66 1.289300e+01 2.570000e+00 1.106500e+03 7.801000e+02 0
7.514000e-01 8.944900e-01 -1.981800e-01 3.204100e-02 35 66 1.057100e+01 2.570000e+00 1.157500e+03 7.688300e+02 0
-7.544000e-01 9.617300e-01 -2.018000e-01 3.204100e-02 36 66 1.066100e+01 2.570000e+00 4.920200e+01 7.179800e+02 0
-8.250600e-01 9.288100e-01 -2.000300e-01 3.204100e-02 37 66 1.107800e+01 2.570000e+00 -2.403200e+01 7.290500e+02 0
-8.681700e-01 9.039100e-01 -1.986900e-01 3.204100e-02 38 66 1.068700e+01 2.570000e+00 -7.553700e+01 7.381000e+02 0
0 0 -1.500000e-01 6.408200e-02 1 67 1.033700e+01 2.570000e+00 2167 -3.612800e+03 0
-3.383200e-02 8.089800e-03 -1.504400e-01 6.408200e-02 2 67 1.007400e+01 2.570000e+00 2.709200e+03 -4.182900e+03 0
6.384400e-01 7.257800e-01 -1.890900e-01 6.408200e-02 31 67 1.026000e+01 2.570000e+00 1.164900e+03 8.664200e+02 0
6.343500e-01 7.729100e-01 -1.916300e-01 6.408200e-02 32 67 1.057100e+01 2.570000e+00 1.128200e+03 8.335100e+02 0
6.198900e-01 8.840400e-01 -1.976200e-01 6.408200e-02 33 67 1.053200e+01 2.570000e+00 1.055100e+03 7.714300e+02 0
0 0 -1.500000e-01 9.612300e-02 1 68 9.410600e+00 2.570000e+00 2167 -3.612800e+03 0
6.630000e-01 7.724700e-01 -1.916100e-01 9.612300e-02 31 68 1.006000e+01 2.570000e+00 1156 8.344900e+02 0
-4.692800e-01 5.957500e+00 -4.708900e-01 -8.971500e-01 173 37 1.033700e+01 2.570000e+00 6.248100e+02 4.447800e+02 1
-4.248100e-01 6.018300e+00 -4.741600e-01 -8.971500e-01 174 37 1.097500e+01 2.570000e+00 6.302500e+02 4.443000e+02 1
-3.797900e-01 6.064800e+00 -4.766600e-01 -8.971500e-01 175 37 1.065400e+01 2.570000e+00 6.354900e+02 4.439400e+02 1
-3.265900e-01 5.960000e+00 -4.710200e-01 -8.651100e-01 172 38 1.038300e+01 2.570000e+00 6.401700e+02 4.448400e+02 1
-3.754300e-01 5.990500e+00 -4.726600e-01 -8.651100e-01 173 38 1.214500e+01 2.570000e+00 6.352300e+02 4.445600e+02 1
-4.248100e-01 6.024700e+00 -4.745000e-01 -8.651100e-01 174 38 1.283800e+01 2.570000e+00 6.303100e+02 4.442400e+02 1
-4.272600e-01 6.061600e+00 -4.764900e-01 -8.651100e-01 175 38 1.268400e+01 2.570000e+00 6.304500e+02 4.439400e+02 1
-3.819700e-01 6.099500e+00 -4.785300e-01 -8.651100e-01 176 38 1.219700e+01 2.570000e+00 6.356000e+02 4.436500e+02 1
-4.321800e-01 6.130600e+00 -4.802100e-01 -8.651100e-01 177 38 1.189300e+01 2.570000e+00 6.306500e+02 4.433700e+02 1
-5.312200e-01 6.157100e+00 -4.816300e-01 -8.651100e-01 178 38 1.116200e+01 2.570000e+00 6.206400e+02 4.431100e+02 1
-4.199000e-01 5.948300e+00 -4.703900e-01 -8.330700e-01 172 39 1.022800e+01 2.570000e+00 6.300200e+02 4.448900e+02 1
-4.223500e-01 5.987300e+00 -4.724900e-01 -8.330700e-01 173 39 1.189900e+01 2.570000e+00 6.301800e+02 4.445600e+02 1
-4.248100e-01 6.025100e+00 -4.745200e-01 -8.330700e-01 174 39 1.261200e+01 2.570000e+00 6.303200e+02 4.442400e+02 1
-4.272600e-01 6.061600e+00 -4.764900e-01 -8.330700e-01 175 39 1.257400e+01 2.570000e+00 6.304500e+02 4.439400e+02 1
-4.297200e-01 6.095500e+00 -4.783200e-01 -8.330700e-01 176 39 1.215200e+01 2.570000e+00 6.305400e+02 4.436600e+02 1
-4.321800e-01 6.130900e+00 -4.802200e-01 -8.330700e-01 177 39 1.168900e+01 2.570000e+00 6.306600e+02 4.433700e+02 1
-4.346300e-01 6.165900e+00 -4.821100e-01 -8.330700e-01 178 39 1.087900e+01 2.570000e+00 6.307700e+02 4.430900e+02 1
-7.421200e-01 2.231600e+00 -2.702000e-01 -7.689800e-01 69 41 1.016900e+01 2.570000e+00 4.277500e+02 5.299300e+02 0
0 0 -1.500000e-01 -1.602100e-01 1 60 9.513600e+00 2.570000e+00 2167 -3.612800e+03 0
-4.875900e+00 2.798000e+00 -3.007100e-01 -1.602100e-01 162 60 1.019900e+01 2.570000e+00 -4.175400e+02 4.946300e+02 0
0 0 -1.500000e-01 -1.281600e-01 1 61 9.805000e+00 2.570000e+00 2167 -3.612800e+03 0
-4.671000e+00 3.066500e+00 -3.151700e-01 -1.281600e-01 161 61 1.014700e+01 2.570000e+00 -2.838200e+02 4.864300e+02 0
-4.963700e+00 2.639800e+00 -2.921800e-01 -1.281600e-01 162 61 1.088200e+01 2.570000e+00 -5.011600e+02 5.002600e+02 0
-5.259800e+00 2.054600e+00 -2.606700e-01 -1.281600e-01 163 61 1.053900e+01 2.570000e+00 -9.071200e+02 5.282000e+02 0
0 0 -1.500000e-01 -6.408200e-02 1 63 1.060100e+01 2.570000e+00 2167 -3.612800e+03 0
-1.091400e-03 3.482900e-02 -1.518800e-01 -6.408200e-02 2 63 1.039600e+01 2.570000e+00 3.498600e+03 -7.186700e+03 0
6.725500e-01 7.357800e-01 -1.896300e-01 -6.408200e-02 30 63 1.009800e+01 2.570000e+00 1.192300e+03 8.599700e+02 0
6.711800e-01 8.043700e-01 -1.933300e-01 -6.408200e-02 31 63 1.011300e+01 2.570000e+00 1.142700e+03 8.148600e+02 0
0 0 -1.500000e-01 -3.204100e-02 1 64 1.574600e+01 2.570000e+00 2167 -3.612800e+03 0
-7.093800e-02 1.126300e-01 -1.560700e-01 -3.204100e-02 5 64 1.412300e+01 2.570000e+00 -3.059400e+03 7613 0
-1.585200e-01 1.860500e-01 -1.600200e-01 -3.204100e-02 8 64 1.326900e+01 2.570000e+00 -1.092700e+03 2.917100e+03 0
-2.008100e-01 1.914100e-01 -1.603100e-01 -3.204100e-02 9 64 1.263600e+01 2.570000e+00 -1.211700e+03 2779 0
-2.480100e-01 1.864900e-01 -1.600400e-01 -3.204100e-02 10 64 1.258300e+01 2.570000e+00 -1.512900e+03 2.844400e+03 0
-2.619200e-01 2.219000e-01 -1.619500e-01 -3.204100e-02 11 64 1.217300e+01 2.570000e+00 -1064 2.283300e+03 0
-2.881200e-01 2.305500e-01 -1.624200e-01 -3.204100e-02 12 64 1.175100e+01 2.570000e+00 -1.063500e+03 2.174900e+03 0
-3.077600e-01 2.751400e-01 -1.648200e-01 -3.204100e-02 13 64 1.107400e+01 2.570000e+00 -7.465700e+02 1.793900e+03 0
-2.943900e-01 3.135000e-01 -1.668900e-01 -3.204100e-02 14 64 1.037700e+01 2.570000e+00 -4.935300e+02 1.581300e+03 0
-1.260500e-01 2.974000e-01 -1.660200e-01 -3.204100e-02 15 64 1.037100e+01 2.570000e+00 -1.367500e+02 1.695700e+03 0
3.536000e-01 2.900800e-01 -1.656200e-01 -3.204100e-02 28 64 1.210700e+01 2.570000e+00 1261 1.848400e+03 0
6.799100e-01 6.387600e-01 -1.844000e-01 -3.204100e-02 29 64 1.363800e+01 2.570000e+00 1.290400e+03 9.435000e+02 0
6.804600e-01 7.312300e-01 -1.893900e-01 -3.204100e-02 30 64 1.454500e+01 2.570000e+00 1204 8.635200e+02 0
6.793700e-01 7.974800e-01 -1.929500e-01 -3.204100e-02 31 64 1.470000e+01 2.570000e+00 1.154800e+03 8.191700e+02 0
6.766400e-01 8.311200e-01 -1.947700e-01 -3.204100e-02 32 64 1.416700e+01 2.570000e+00 1.131200e+03 7.996700e+02 0
6.810000e-01 8.701000e-01 -1.968700e-01 -3.204100e-02 33 64 1.264900e+01 2.570000e+00 1.112900e+03 7.793400e+02 0
7.235700e-01 8.856100e-01 -1.977000e-01 -3.204100e-02 35 64 1.025400e+01 2.570000e+00 1.139700e+03 7.725500e+02 0
-7.830500e-01 9.356600e-01 -2.004000e-01 -3.204100e-02 36 64 1.065300e+01 2.570000e+00 1.046100e+01 7.270700e+02 0
-8.250600e-01 9.204900e-01 -1.995800e-01 -3.204100e-02 37 64 1.118900e+01 2.570000e+00 -3.086100e+01 7.322300e+02 0
-8.681700e-01 8.994500e-01 -1.984500e-01 -3.204100e-02 38 64 1.082400e+01 2.570000e+00 -7.954900e+01 7.398900e+02 0
