0 0 -1.500000e-01 0 1 65 1.675800e+01 2.460000e+00 2167 -3.612800e+03 0
-7.093800e-02 1.128900e-01 -1.558200e-01 0 5 65 1.515300e+01 2.460000e+00 -3.034700e+03 7.561300e+03 0
-1.585200e-01 1.859500e-01 -1.595900e-01 0 8 65 1.429400e+01 2.460000e+00 -1.093900e+03 2.916700e+03 0
-2.008100e-01 1.920700e-01 -1.599000e-01 0 9 65 1.363700e+01 2.460000e+00 -1.201400e+03 2.763800e+03 0
-2.480100e-01 1.868700e-01 -1.596300e-01 0 10 65 1.359800e+01 2.460000e+00 -1.505600e+03 2.834100e+03 0
-2.592000e-01 2.266200e-01 -1.616800e-01 0 11 65 1.295700e+01 2.460000e+00 -1.002700e+03 2227 0
-2.851200e-01 2.374400e-01 -1.622400e-01 0 12 65 1.261000e+01 2.460000e+00 -9.833000e+02 2.102900e+03 0
-3.044900e-01 2.835400e-01 -1.646200e-01 0 13 65 1.189100e+01 2.460000e+00 -6.826000e+02 1.739100e+03 0
-3.050300e-01 2.992300e-01 -1.654300e-01 0 14 65 1.146900e+01 2.460000e+00 -5.922800e+02 1.649300e+03 0
-1.260500e-01 3.410300e-01 -1.675800e-01 0 15 65 1.136000e+01 2.460000e+00 -3.116000e+00 1.484600e+03 0
3.536000e-01 3.563700e-01 -1.683700e-01 0 28 65 1.307800e+01 2.460000e+00 1122 1.490200e+03 0
6.799100e-01 6.379200e-01 -1.828900e-01 0 29 65 1.466000e+01 2.460000e+00 1.291200e+03 9.426200e+02 0
6.725500e-01 7.370300e-01 -1.880000e-01 0 30 65 1.557500e+01 2.460000e+00 1.191200e+03 8.573900e+02 0
6.793700e-01 7.975800e-01 -1.911200e-01 0 31 65 1.572500e+01 2.460000e+00 1.154600e+03 8.174600e+02 0
6.766400e-01 8.337900e-01 -1.929800e-01 0 32 65 1.518900e+01 2.460000e+00 1.129600e+03 7.965600e+02 0
6.810000e-01 8.734800e-01 -1.950300e-01 0 33 65 1.369800e+01 2.460000e+00 1111 7.760400e+02 0
7.235700e-01 9.293400e-01 -1.979100e-01 0 35 65 1.126400e+01 2.460000e+00 1.116200e+03 7.510500e+02 0
-8.212400e-01 8.963200e-01 -1.962100e-01 0 36 65 1.160700e+01 2.460000e+00 -4.866700e+01 7.403600e+02 0
-8.447100e-01 8.909200e-01 -1.959300e-01 0 37 65 1.210000e+01 2.460000e+00 -7.037300e+01 7.422100e+02 0
-8.782700e-01 8.662000e-01 -1.946600e-01 0 38 65 1.163000e+01 2.460000e+00 -1.182900e+02 7.521700e+02 0
-9.331100e-01 7.961100e-01 -1.910400e-01 0 39 65 9.989300e+00 2.460000e+00 -2.381300e+02 7.845800e+02 0
0 0 -1.500000e-01 3.204100e-02 1 66 1.574100e+01 2.460000e+00 2167 -3.612800e+03 0
-7.093800e-02 1.134900e-01 -1.558500e-01 3.204100e-02 5 66 1.413300e+01 2.460000e+00 -2.981500e+03 7459 0
-1.585200e-01 1.859100e-01 -1.595800e-01 3.204100e-02 8 66 1.328700e+01 2.460000e+00 -1.094700e+03 2.917700e+03 0
-2.008100e-01 1.924800e-01 -1.599200e-01 3.204100e-02 9 66 1.264800e+01 2.460000e+00 -1.195200e+03 2.756100e+03 0
-2.480100e-01 1.873500e-01 -1.596600e-01 3.204100e-02 10 66 1.258700e+01 2.460000e+00 -1.496900e+03 2.824400e+03 0
-2.592000e-01 2.268100e-01 -1.616900e-01 3.204100e-02 11 66 1.199700e+01 2.460000e+00 -1.000600e+03 2.224800e+03 0
-2.851200e-01 2.378200e-01 -1.622600e-01 3.204100e-02 12 66 1.155600e+01 2.460000e+00 -9.796400e+02 2.099100e+03 0
-3.077600e-01 2.823200e-01 -1.645500e-01 3.204100e-02 13 66 1.069800e+01 2.460000e+00 -6.991400e+02 1.745900e+03 0
-3.121300e-01 3.088200e-01 -1.659200e-01 3.204100e-02 14 66 1.046700e+01 2.460000e+00 -5.591100e+02 1.598900e+03 0
-1.222300e-01 3.440700e-01 -1.677400e-01 3.204100e-02 15 66 1.047500e+01 2.460000e+00 1.314700e+01 1473 0
3.536000e-01 3.340400e-01 -1.672200e-01 3.204100e-02 28 66 1.209100e+01 2.460000e+00 1.160500e+03 1.588900e+03 0
6.799100e-01 6.358700e-01 -1.827800e-01 3.204100e-02 29 66 1.368900e+01 2.460000e+00 1.293500e+03 9.447100e+02 0
6.725500e-01 7.349800e-01 -1.878900e-01 3.204100e-02 30 66 1.457900e+01 2.460000e+00 1.192800e+03 8.588800e+02 0
6.711800e-01 8.044700e-01 -1.914700e-01 3.204100e-02 31 66 1.472200e+01 2.460000e+00 1.142600e+03 8.131500e+02 0
6.766400e-01 8.341400e-01 -1.930000e-01 3.204100e-02 32 66 1.418000e+01 2.460000e+00 1.129400e+03 7.963700e+02 0
6.722700e-01 8.805400e-01 -1.954000e-01 3.204100e-02 33 66 1.267600e+01 2.460000e+00 1100 7.724300e+02 0
7.235700e-01 9.222800e-01 -1.975500e-01 3.204100e-02 35 66 1.025900e+01 2.460000e+00 1.119800e+03 7.541100e+02 0
-8.116900e-01 8.984700e-01 -1.963200e-01 3.204100e-02 36 66 1.055300e+01 2.460000e+00 -3.994300e+01 7.396300e+02 0
-8.348900e-01 8.939400e-01 -1.960900e-01 3.204100e-02 37 66 1.105000e+01 2.460000e+00 -6.058400e+01 7.411300e+02 0
-8.580800e-01 8.735800e-01 -1.950400e-01 3.204100e-02 38 66 1.056400e+01 2.460000e+00 -9.621200e+01 7.493000e+02 0
0 0 -1.500000e-01 6.408200e-02 1 67 1.070800e+01 2.460000e+00 2167 -3.612800e+03 0
-3.355900e-02 9.123900e-03 -1.504700e-01 6.408200e-02 2 67 1.037500e+01 2.460000e+00 2.738900e+03 -4.256400e+03 0
1.560600e+00 8.907400e+00 -6.092100e-01 -8.010300e-01 261 40 9.935700e+00 2.460000e+00 7.944200e+02 4.272700e+02 1
1.709100e+00 8.951900e+00 -6.115000e-01 -8.010300e-01 262 40 1.054200e+01 2.460000e+00 8.046600e+02 4.271400e+02 1
1.787100e+00 8.967400e+00 -6.123000e-01 -8.010300e-01 263 40 1.032200e+01 2.460000e+00 8.101200e+02 4.271100e+02 1
1.478200e+00 8.864700e+00 -6.070100e-01 -7.689800e-01 259 41 1.093300e+01 2.460000e+00 7.888800e+02 4.274100e+02 1
1.413300e+00 8.910000e+00 -6.093400e-01 -7.689800e-01 260 41 1.069400e+01 2.460000e+00 7.836700e+02 4.272100e+02 1
1.631600e+00 8.931900e+00 -6.104800e-01 -7.689800e-01 261 41 1.061100e+01 2.460000e+00 7.992900e+02 4.271900e+02 1
1.637800e+00 8.965500e+00 -6.122100e-01 -7.689800e-01 262 41 1.168100e+01 2.460000e+00 7.993400e+02 4.270700e+02 1
1.644100e+00 9.000400e+00 -6.140100e-01 -7.689800e-01 263 41 1.155500e+01 2.460000e+00 7.993800e+02 4.269400e+02 1
1.650400e+00 9.016200e+00 -6.148200e-01 -7.689800e-01 264 41 1.091800e+01 2.460000e+00 7.996400e+02 4.268800e+02 1
1.478200e+00 8.844600e+00 -6.059700e-01 -7.369400e-01 259 42 1.003600e+01 2.460000e+00 7.891000e+02 4.274900e+02 1
1.637800e+00 8.925700e+00 -6.101600e-01 -7.369400e-01 262 42 1.085300e+01 2.460000e+00 7.998200e+02 4.272200e+02 1
1.572600e+00 9.006600e+00 -6.143300e-01 -7.369400e-01 263 42 1.077500e+01 2.460000e+00 7.941600e+02 4.268900e+02 1
1.650400e+00 9.029600e+00 -6.155100e-01 -7.369400e-01 264 42 1.013100e+01 2.460000e+00 7.994800e+02 4.268300e+02 1
0 0 -1.500000e-01 -3.204100e-02 1 64 1.574400e+01 2.460000e+00 2167 -3.612800e+03 0
-7.093800e-02 1.122300e-01 -1.557900e-01 -3.204100e-02 5 64 1.413500e+01 2.460000e+00 -3.095300e+03 7.677800e+03 0
-1.585200e-01 1.859200e-01 -1.595900e-01 -3.204100e-02 8 64 1.324600e+01 2.460000e+00 -1.094400e+03 2.917300e+03 0
-2.008100e-01 1.921800e-01 -1.599100e-01 -3.204100e-02 9 64 1.255800e+01 2.460000e+00 -1.199800e+03 2.761800e+03 0
-2.480100e-01 1.867900e-01 -1.596300e-01 -3.204100e-02 10 64 1.255500e+01 2.460000e+00 -1.507100e+03 2.835700e+03 0
-2.592000e-01 2.262800e-01 -1.616700e-01 -3.204100e-02 11 64 1.154800e+01 2.460000e+00 -1.006200e+03 2.230800e+03 0
-2.851200e-01 2.366600e-01 -1.622000e-01 -3.204100e-02 12 64 1.158700e+01 2.460000e+00 -9.908700e+02 2.110600e+03 0
-3.044900e-01 2.831300e-01 -1.646000e-01 -3.204100e-02 13 64 1.095100e+01 2.460000e+00 -6.851800e+02 1.741600e+03 0
-2.979400e-01 2.840800e-01 -1.646500e-01 -3.204100e-02 14 64 1.036500e+01 2.460000e+00 -6.616900e+02 1.737200e+03 0
-1.298700e-01 3.626200e-01 -1.686900e-01 -3.204100e-02 15 64 1.052100e+01 2.460000e+00 4.025100e+01 1.403700e+03 0
3.536000e-01 3.604800e-01 -1.685800e-01 -3.204100e-02 28 64 1.201800e+01 2.460000e+00 1.115600e+03 1.473800e+03 0
6.799100e-01 6.400400e-01 -1.830000e-01 -3.204100e-02 29 64 1.361800e+01 2.460000e+00 1.288900e+03 9.404800e+02 0
6.725500e-01 7.388900e-01 -1.880900e-01 -3.204100e-02 30 64 1.453600e+01 2.460000e+00 1.189800e+03 8.560400e+02 0
6.793700e-01 7.975600e-01 -1.911200e-01 -3.204100e-02 31 64 1.469100e+01 2.460000e+00 1.154600e+03 8.174700e+02 0
6.766400e-01 8.329500e-01 -1.929400e-01 -3.204100e-02 32 64 1.415900e+01 2.460000e+00 1.130100e+03 7.970200e+02 0
6.810000e-01 8.726900e-01 -1.949900e-01 -3.204100e-02 33 64 1.268000e+01 2.460000e+00 1.111400e+03 7.764300e+02 0
7.328400e-01 9.335700e-01 -1.981300e-01 -3.204100e-02 35 64 1.064200e+01 2.460000e+00 1.121300e+03 7.493800e+02 0
-8.212400e-01 8.838400e-01 -1.955700e-01 -3.204100e-02 36 64 1.070800e+01 2.460000e+00 -5.973000e+01 7.455300e+02 0
-8.447100e-01 8.817300e-01 -1.954600e-01 -3.204100e-02 37 64 1.103900e+01 2.460000e+00 -7.876700e+01 7.460500e+02 0
-8.782700e-01 8.604900e-01 -1.943600e-01 -3.204100e-02 38 64 1.049800e+01 2.460000e+00 -1.239600e+02 7.546800e+02 0
