0 0 -1.500000e-01 0 1 65 1.678700e+01 1.640000e+00 2167 -3.612800e+03 0
-7.093800e-02 1.129000e-01 -1.538800e-01 0 5 65 1.515600e+01 1.640000e+00 -3.026800e+03 7.516700e+03 0
-1.585200e-01 1.859200e-01 -1.563900e-01 0 8 65 1.429000e+01 1.640000e+00 -1.092600e+03 2.897800e+03 0
-2.008100e-01 1.923300e-01 -1.566100e-01 0 9 65 1.363500e+01 1.640000e+00 -1.195600e+03 2.740100e+03 0
-2.480100e-01 1.867700e-01 -1.564200e-01 0 10 65 1.359100e+01 1.640000e+00 -1.505100e+03 2.817100e+03 0
-2.619200e-01 2.221600e-01 -1.576300e-01 0 11 65 1.307800e+01 1.640000e+00 -1.059300e+03 2.261100e+03 0
-2.881200e-01 2.312800e-01 -1.579500e-01 0 12 65 1.261100e+01 1.640000e+00 -1.054100e+03 2.148600e+03 0
-3.044900e-01 2.826400e-01 -1.597100e-01 0 13 65 1.185900e+01 1.640000e+00 -6.871800e+02 1.729800e+03 0
-3.050300e-01 3.087500e-01 -1.606100e-01 0 14 65 1.142700e+01 1.640000e+00 -5.413400e+02 1.586200e+03 0
-1.260500e-01 3.007200e-01 -1.603300e-01 0 15 65 1.100400e+01 1.640000e+00 -1.241800e+02 1.660100e+03 0
-3.560500e-01 3.777300e-01 -1.629800e-01 0 16 65 1.115400e+01 1.640000e+00 -3.675000e+02 1.316500e+03 0
3.536000e-01 3.696100e-01 -1.627000e-01 0 28 65 1.304900e+01 1.640000e+00 1.101400e+03 1.424400e+03 0
6.799100e-01 6.410100e-01 -1.720200e-01 0 29 65 1.465100e+01 1.640000e+00 1.287100e+03 9.266500e+02 0
6.725500e-01 7.384800e-01 -1.753700e-01 0 30 65 1.556400e+01 1.640000e+00 1.189500e+03 8.438600e+02 0
6.711800e-01 8.044500e-01 -1.776400e-01 0 31 65 1.571800e+01 1.640000e+00 1.142100e+03 8.008700e+02 0
6.766400e-01 8.333200e-01 -1.786300e-01 0 32 65 1.517400e+01 1.640000e+00 1.129300e+03 7.845900e+02 0
6.722700e-01 8.794000e-01 -1.802100e-01 0 33 65 1.365200e+01 1.640000e+00 1100 7.608600e+02 0
7.421200e-01 8.843400e-01 -1.803800e-01 0 35 65 1.104500e+01 1.640000e+00 1.155200e+03 7.597200e+02 0
-8.116900e-01 9.060100e-01 -1.811300e-01 0 36 65 1.170200e+01 1.640000e+00 -3.311300e+01 7.252500e+02 0
-8.447100e-01 8.844300e-01 -1.803900e-01 0 37 65 1.223200e+01 1.640000e+00 -7.585100e+01 7.335600e+02 0
-8.681700e-01 8.508800e-01 -1.792300e-01 0 38 65 1.181700e+01 1.640000e+00 -1.256300e+02 7.477800e+02 0
-9.123700e-01 7.499500e-01 -1.757700e-01 0 39 65 1.033500e+01 1.640000e+00 -2.806800e+02 7.990900e+02 0
0 0 -1.500000e-01 3.204100e-02 1 66 1.577300e+01 1.640000e+00 2167 -3.612800e+03 0
-7.202900e-02 1.120900e-01 -1.538500e-01 3.204100e-02 5 66 1.415700e+01 1.640000e+00 -3.115100e+03 7.653200e+03 0
-1.585200e-01 1.856800e-01 -1.563800e-01 3.204100e-02 8 66 1.326900e+01 1.640000e+00 -1.096300e+03 2903 0
-1.986300e-01 1.955300e-01 -1.567200e-01 3.204100e-02 9 66 1.261100e+01 1.640000e+00 -1.138700e+03 2.682700e+03 0
-2.480100e-01 1.878900e-01 -1.564600e-01 3.204100e-02 10 66 1.251100e+01 1.640000e+00 -1485 2.794900e+03 0
-2.619200e-01 2.238900e-01 -1.576900e-01 3.204100e-02 11 66 1.200900e+01 1.640000e+00 -1.040200e+03 2.240700e+03 0
-2.881200e-01 2.331800e-01 -1.580100e-01 3.204100e-02 12 66 1.155600e+01 1.640000e+00 -1.034400e+03 2.128700e+03 0
-3.012100e-01 2.863600e-01 -1.598400e-01 3.204100e-02 13 66 1.070800e+01 1.640000e+00 -6.553900e+02 1.707900e+03 0
3.609700e-01 3.477600e-01 -1.619500e-01 3.204100e-02 28 66 1.200600e+01 1.640000e+00 1.153700e+03 1.512300e+03 0
6.799100e-01 6.405900e-01 -1.720100e-01 3.204100e-02 29 66 1.363100e+01 1.640000e+00 1.287600e+03 9.270700e+02 0
6.725500e-01 7.370900e-01 -1.753200e-01 3.204100e-02 30 66 1.453700e+01 1.640000e+00 1.190600e+03 8.448600e+02 0
6.711800e-01 8.044800e-01 -1.776400e-01 3.204100e-02 31 66 1.469000e+01 1.640000e+00 1142 8.008500e+02 0
6.766400e-01 8.352400e-01 -1.787000e-01 3.204100e-02 32 66 1.414700e+01 1.640000e+00 1.128200e+03 7.835500e+02 0
6.722700e-01 8.811500e-01 -1.802700e-01 3.204100e-02 33 66 1.260000e+01 1.640000e+00 1.099100e+03 7.600200e+02 0
7.514000e-01 8.491600e-01 -1.791800e-01 3.204100e-02 35 66 1.055000e+01 1.640000e+00 1.184900e+03 7.775700e+02 0
-8.307900e-01 8.720400e-01 -1.799600e-01 3.204100e-02 36 66 1.058900e+01 1.640000e+00 -7.712800e+01 7.390400e+02 0
-8.447100e-01 8.742200e-01 -1.800400e-01 3.204100e-02 37 66 1.106800e+01 1.640000e+00 -8.533900e+01 7.378800e+02 0
-8.580800e-01 8.691100e-01 -1.798600e-01 3.204100e-02 38 66 1.064500e+01 1.640000e+00 -1.000600e+02 7.398700e+02 0
-1.269500e+00 3.195600e+00 -2.597900e-01 -6.728600e-01 100 44 1.075000e+01 1.640000e+00 4.043900e+02 4.755800e+02 1
-1.255100e+00 3.243900e+00 -2.614500e-01 -6.728600e-01 101 44 1.080000e+01 1.640000e+00 4.115700e+02 4.742000e+02 1
-9.931300e-01 2.033900e+00 -2.198800e-01 -6.408200e-01 66 45 9.972000e+00 1.640000e+00 3.225400e+02 5.302800e+02 0
-9.363800e-01 2.089500e+00 -2.217900e-01 -6.408200e-01 67 45 1.001800e+01 1.640000e+00 3.498800e+02 5.264500e+02 0
-1.347800e+00 3.028800e+00 -2.540600e-01 -6.408200e-01 96 45 1.102600e+01 1.640000e+00 3.719800e+02 4.806300e+02 1
-1.335800e+00 3.049200e+00 -2.547600e-01 -6.408200e-01 97 45 1.126900e+01 1.640000e+00 3.766400e+02 4.799900e+02 1
-1.230000e+00 3.184700e+00 -2.594200e-01 -6.408200e-01 99 45 1.199500e+01 1.640000e+00 4.112500e+02 4.759500e+02 1
-1.296500e+00 3.202600e+00 -2.600300e-01 -6.408200e-01 100 45 1.314200e+01 1.640000e+00 3.997100e+02 4.753400e+02 1
-1.336900e+00 3.222900e+00 -2.607300e-01 -6.408200e-01 101 45 1.312100e+01 1.640000e+00 3.936700e+02 4.747000e+02 1
-1.350300e+00 3.250500e+00 -2.616800e-01 -6.408200e-01 102 45 1.216200e+01 1.640000e+00 3.936500e+02 4.738900e+02 1
-1.447100e+00 3.212700e+00 -2.603800e-01 -6.408200e-01 103 45 1.041500e+01 1.640000e+00 3.710900e+02 4.748400e+02 1
-9.080100e-01 2.032800e+00 -2.198400e-01 -6.087800e-01 65 46 1.086100e+01 1.640000e+00 3.489900e+02 5.306300e+02 0
-8.867200e-01 2.073100e+00 -2.212300e-01 -6.087800e-01 66 46 1.167200e+01 1.640000e+00 3.623800e+02 5.277500e+02 0
-8.823600e-01 2.108100e+00 -2.224300e-01 -6.087800e-01 67 46 1.151300e+01 1.640000e+00 3.693200e+02 5.253100e+02 0
-8.774500e-01 2.156100e+00 -2.240800e-01 -6.087800e-01 68 46 1.042900e+01 1.640000e+00 3.781400e+02 5.220800e+02 0
-1.256700e+00 3.028500e+00 -2.540500e-01 -6.087800e-01 95 46 1.059000e+01 1.640000e+00 3.909400e+02 4.807800e+02 1
-1.296000e+00 3.053800e+00 -2.549200e-01 -6.087800e-01 96 46 1.169000e+01 1.640000e+00 3.853500e+02 4.799000e+02 1
-1.335800e+00 3.072200e+00 -2.555500e-01 -6.087800e-01 97 46 1.187000e+01 1.640000e+00 3.790300e+02 4.792500e+02 1
-1.455600e+00 3.041200e+00 -2.544900e-01 -6.087800e-01 98 46 1.070100e+01 1.640000e+00 3.509900e+02 4.800700e+02 1
-1.256700e+00 3.179600e+00 -2.592400e-01 -6.087800e-01 99 46 1.196800e+01 1.640000e+00 4.054800e+02 4.760700e+02 1
-1.296500e+00 3.202400e+00 -2.600300e-01 -6.087800e-01 100 46 1.323600e+01 1.640000e+00 3.996900e+02 4.753400e+02 1
-1.336900e+00 3.222200e+00 -2.607100e-01 -6.087800e-01 101 46 1.326800e+01 1.640000e+00 3.936000e+02 4.747200e+02 1
-1.377800e+00 3.238000e+00 -2.612500e-01 -6.087800e-01 102 46 1.239300e+01 1.640000e+00 3.871100e+02 4.742100e+02 1
-1.447100e+00 3.224700e+00 -2.607900e-01 -6.087800e-01 103 46 1.058700e+01 1.640000e+00 3.723000e+02 4.745000e+02 1
-8.730800e-01 2.034200e+00 -2.198900e-01 -5.767400e-01 65 47 1.059200e+01 1.640000e+00 3.601800e+02 5.306300e+02 0
-8.689900e-01 2.075100e+00 -2.212900e-01 -5.767400e-01 66 47 1.133500e+01 1.640000e+00 3.681500e+02 5.276700e+02 0
-8.823600e-01 2.105800e+00 -2.223500e-01 -5.767400e-01 67 47 1.112200e+01 1.640000e+00 3.689500e+02 5.254700e+02 0
-8.774500e-01 2.150000e+00 -2.238700e-01 -5.767400e-01 68 47 1.001800e+01 1.640000e+00 3.772300e+02 5.224800e+02 0
-1.296000e+00 3.051900e+00 -2.548600e-01 -5.767400e-01 96 47 1.046700e+01 1.640000e+00 3.851600e+02 4.799600e+02 1
-1.362000e+00 3.062000e+00 -2.552000e-01 -5.767400e-01 97 47 1.066100e+01 1.640000e+00 3.725800e+02 4.795400e+02 1
-1.482100e+00 3.046100e+00 -2.546600e-01 -5.767400e-01 98 47 1.005300e+01 1.640000e+00 3.460800e+02 4.798700e+02 1
-1.256700e+00 3.183400e+00 -2.593700e-01 -5.767400e-01 99 47 9.950100e+00 1.640000e+00 4.058200e+02 4.759600e+02 1
-1.296500e+00 3.202500e+00 -2.600300e-01 -5.767400e-01 100 47 1.111400e+01 1.640000e+00 3.997000e+02 4.753400e+02 1
-1.336900e+00 3.220000e+00 -2.606300e-01 -5.767400e-01 101 47 1.115700e+01 1.640000e+00 3.934000e+02 4.747800e+02 1
-1.350300e+00 3.253100e+00 -2.617700e-01 -5.767400e-01 102 47 1.045600e+01 1.640000e+00 3.938900e+02 4.738200e+02 1
-2.482800e-01 3.863200e-01 -1.632700e-01 -2.563300e-01 15 57 9.878900e+00 1.640000e+00 -1.375500e+02 1.302400e+03 0
-2.905700e-01 4.256100e-01 -1.646200e-01 -2.563300e-01 16 57 9.589000e+00 1.640000e+00 -1.182700e+02 1.198700e+03 0
0 0 -1.500000e-01 -2.242900e-01 1 58 9.479900e+00 1.640000e+00 2167 -3.612800e+03 0
-2.234500e-01 3.738000e-01 -1.628400e-01 -2.242900e-01 14 58 1.076900e+01 1.640000e+00 -1.223500e+02 1.342500e+03 0
-2.406400e-01 4.088300e-01 -1.640500e-01 -2.242900e-01 15 58 1.152300e+01 1.640000e+00 -6.948700e+01 1.242800e+03 0
-2.578300e-01 4.384000e-01 -1.650600e-01 -2.242900e-01 16 58 1.120400e+01 1.640000e+00 -3.708700e+01 1.173300e+03 0
-2.706600e-01 4.587600e-01 -1.657600e-01 -2.242900e-01 17 58 9.781100e+00 1.640000e+00 -1.920400e+01 1.131500e+03 0
-2.270000e-01 3.809300e-01 -1.630900e-01 -1.922500e-01 14 59 1.153000e+01 1.640000e+00 -1.107100e+02 1.320400e+03 0
-2.482800e-01 4.123500e-01 -1.641700e-01 -1.922500e-01 15 59 1.226800e+01 1.640000e+00 -7.516700e+01 1.233400e+03 0
-2.660200e-01 4.446400e-01 -1.652800e-01 -1.922500e-01 16 59 1.195800e+01 1.640000e+00 -3.824000e+01 1.159700e+03 0
-2.924800e-01 4.694100e-01 -1.661300e-01 -1.922500e-01 17 59 1.058700e+01 1.640000e+00 -3.339500e+01 1.110400e+03 0
0 0 -1.500000e-01 -1.602100e-01 1 60 9.765900e+00 1.640000e+00 2167 -3.612800e+03 0
-2.270000e-01 3.859600e-01 -1.632600e-01 -1.602100e-01 14 60 1.052000e+01 1.640000e+00 -9.805400e+01 1.305600e+03 0
-2.521000e-01 4.144500e-01 -1.642400e-01 -1.602100e-01 15 60 1.130200e+01 1.640000e+00 -7.720400e+01 1228 0
-2.701100e-01 4.469300e-01 -1.653600e-01 -1.602100e-01 16 60 1.111700e+01 1.640000e+00 -4.040500e+01 1.154700e+03 0
-2.968500e-01 4.725600e-01 -1.662400e-01 -1.602100e-01 17 60 1.005800e+01 1.640000e+00 -3.431800e+01 1.104500e+03 0
-2.406400e-01 4.057600e-01 -1.639400e-01 -1.281600e-01 15 61 9.435600e+00 1.640000e+00 -7.637100e+01 1.250600e+03 0
-2.578300e-01 4.480500e-01 -1.653900e-01 -1.281600e-01 16 61 9.431500e+00 1.640000e+00 -1.866600e+01 1.153300e+03 0
0 0 -1.500000e-01 -3.204100e-02 1 64 1.578100e+01 1.640000e+00 2167 -3.612800e+03 0
-7.093800e-02 1.125400e-01 -1.538700e-01 -3.204100e-02 5 64 1.412900e+01 1.640000e+00 -3.060200e+03 7.580700e+03 0
-1.585200e-01 1.859700e-01 -1.563900e-01 -3.204100e-02 8 64 1.326200e+01 1.640000e+00 -1.091900e+03 2.896800e+03 0
-2.008100e-01 1.921500e-01 -1.566000e-01 -3.204100e-02 9 64 1.262700e+01 1.640000e+00 -1.198300e+03 2.743500e+03 0
-2.480100e-01 1.856600e-01 -1.563800e-01 -3.204100e-02 10 64 1.259600e+01 1.640000e+00 -1.525400e+03 2.839600e+03 0
-2.619200e-01 2.199800e-01 -1.575600e-01 -3.204100e-02 11 64 1.213300e+01 1.640000e+00 -1084 2.287600e+03 0
-2.881200e-01 2.262800e-01 -1.577700e-01 -3.204100e-02 12 64 1.160900e+01 1.640000e+00 -1.107900e+03 2203 0
-3.044900e-01 2.787700e-01 -1.595800e-01 -3.204100e-02 13 64 1.084900e+01 1.640000e+00 -7.119900e+02 1754 0
-2.943900e-01 3.110400e-01 -1.606900e-01 -3.204100e-02 14 64 1.055600e+01 1.640000e+00 -5.043000e+02 1.576800e+03 0
-4.087100e-01 2.414400e-01 -1.583000e-01 -3.204100e-02 15 64 1.036600e+01 1.640000e+00 -1.339900e+03 2.009400e+03 0
3.536000e-01 3.708300e-01 -1.627400e-01 -3.204100e-02 28 64 1.206500e+01 1.640000e+00 1.099700e+03 1.419900e+03 0
6.799100e-01 6.456700e-01 -1.721800e-01 -3.204100e-02 29 64 1.364100e+01 1.640000e+00 1.282100e+03 9.220300e+02 0
6.725500e-01 7.411900e-01 -1.754700e-01 -3.204100e-02 30 64 1.454900e+01 1.640000e+00 1.187400e+03 8.419300e+02 0
6.793700e-01 7.973000e-01 -1.773900e-01 -3.204100e-02 31 64 1.470100e+01 1.640000e+00 1.154200e+03 8.053100e+02 0
6.766400e-01 8.305400e-01 -1.785400e-01 -3.204100e-02 32 64 1.415100e+01 1.640000e+00 1131 7.861200e+02 0
6.722700e-01 8.772600e-01 -1.801400e-01 -3.204100e-02 33 64 1.261000e+01 1.640000e+00 1.101200e+03 7.619000e+02 0
7.421200e-01 9.063400e-01 -1.811400e-01 -3.204100e-02 35 64 1.010200e+01 1.640000e+00 1.142600e+03 7.494500e+02 0
-8.212400e-01 8.999900e-01 -1.809200e-01 -3.204100e-02 36 64 1.086500e+01 1.640000e+00 -4.506900e+01 7.275200e+02 0
-8.447100e-01 8.864800e-01 -1.804600e-01 -3.204100e-02 37 64 1.130800e+01 1.640000e+00 -7.398000e+01 7.327000e+02 0
-8.782700e-01 8.337400e-01 -1.786500e-01 -3.204100e-02 38 64 1.081700e+01 1.640000e+00 -1.511900e+02 7.555400e+02 0
