0 0 -1.500000e-01 0 1 65 1.674500e+01 1.610000e+00 2167 -3.612800e+03 0
-7.093800e-02 1.129800e-01 -1.538100e-01 0 5 65 1.516100e+01 1.610000e+00 -3.019500e+03 7.501600e+03 0
-1.585200e-01 1.859700e-01 -1.562700e-01 0 8 65 1.429500e+01 1.610000e+00 -1.091900e+03 2.896100e+03 0
-2.008100e-01 1.920200e-01 -1.564800e-01 0 9 65 1.365100e+01 1.610000e+00 -1.200200e+03 2.745300e+03 0
-2.480100e-01 1.867400e-01 -1.563000e-01 0 10 65 1.360000e+01 1.610000e+00 -1.505600e+03 2817 0
-2.619200e-01 2.227600e-01 -1.575100e-01 0 11 65 1.309600e+01 1.610000e+00 -1.052600e+03 2.253400e+03 0
-2.881200e-01 2.341100e-01 -1.579000e-01 0 12 65 1.262100e+01 1.610000e+00 -1.024900e+03 2.118500e+03 0
-3.077600e-01 2.812900e-01 -1.594900e-01 0 13 65 1.184700e+01 1.610000e+00 -7.045500e+02 1.736900e+03 0
-3.085800e-01 3.086100e-01 -1.604100e-01 0 14 65 1.143600e+01 1.610000e+00 -5.506000e+02 1.585700e+03 0
-1.222300e-01 3.985700e-01 -1.634400e-01 0 15 65 1.131500e+01 1.610000e+00 1.263200e+02 1.279900e+03 0
3.536000e-01 3.758500e-01 -1.626800e-01 0 28 65 1.310500e+01 1.610000e+00 1.092600e+03 1.401400e+03 0
6.799100e-01 6.389500e-01 -1.715500e-01 0 29 65 1.466000e+01 1.610000e+00 1.289300e+03 9.282500e+02 0
6.725500e-01 7.369800e-01 -1.748600e-01 0 30 65 1.559400e+01 1.610000e+00 1.190700e+03 8.444900e+02 0
6.711800e-01 8.044600e-01 -1.771300e-01 0 31 65 1.576600e+01 1.610000e+00 1142 8.004100e+02 0
6.766400e-01 8.314600e-01 -1.780400e-01 0 32 65 1.524700e+01 1.610000e+00 1.130400e+03 7.851700e+02 0
6.722700e-01 8.723900e-01 -1.794200e-01 0 33 65 1.376100e+01 1.610000e+00 1.103700e+03 7.638400e+02 0
7.514000e-01 8.466300e-01 -1.785600e-01 0 35 65 1.090700e+01 1.610000e+00 1.186500e+03 7.784600e+02 0
-8.403400e-01 8.717500e-01 -1.794000e-01 0 36 65 1.173800e+01 1.610000e+00 -8.443200e+01 7.386000e+02 0
-8.643500e-01 8.729500e-01 -1.794400e-01 0 37 65 1.214900e+01 1.610000e+00 -1.009700e+02 7.377000e+02 0
-8.883600e-01 8.607600e-01 -1.790300e-01 0 38 65 1.183900e+01 1.610000e+00 -1.307200e+02 7.426200e+02 0
-9.123700e-01 8.692900e-01 -1.793200e-01 0 39 65 1.084200e+01 1.610000e+00 -1.398800e+02 7.385200e+02 0
0 0 -1.500000e-01 3.204100e-02 1 66 1.573200e+01 1.610000e+00 2167 -3.612800e+03 0
-7.093800e-02 1.134300e-01 -1.538300e-01 3.204100e-02 5 66 1.415200e+01 1.610000e+00 -2.979400e+03 7.424700e+03 0
-1.585200e-01 1.860200e-01 -1.562700e-01 3.204100e-02 8 66 1.332100e+01 1.610000e+00 -1091 2.894900e+03 0
-2.008100e-01 1.920300e-01 -1.564800e-01 3.204100e-02 9 66 1.264900e+01 1.610000e+00 -1.200100e+03 2.745100e+03 0
-2.480100e-01 1.882000e-01 -1.563500e-01 3.204100e-02 10 66 1.257500e+01 1.610000e+00 -1.479400e+03 2.788100e+03 0
-2.619200e-01 2.245300e-01 -1.575700e-01 3.204100e-02 11 66 1.205100e+01 1.610000e+00 -1.033200e+03 2.232600e+03 0
-2.881200e-01 2.360800e-01 -1.579600e-01 3.204100e-02 12 66 1.157100e+01 1.610000e+00 -1.005100e+03 2.098600e+03 0
-3.012100e-01 2.876300e-01 -1.597000e-01 3.204100e-02 13 66 1.075600e+01 1.610000e+00 -6.477300e+02 1.699900e+03 0
-3.050300e-01 3.134900e-01 -1.605700e-01 3.204100e-02 14 66 1.056100e+01 1.610000e+00 -5.178900e+02 1.562800e+03 0
-4.163500e-01 2.382300e-01 -1.580400e-01 3.204100e-02 15 66 1.051600e+01 1.610000e+00 -1.400800e+03 2.035800e+03 0
3.536000e-01 3.869200e-01 -1.630500e-01 3.204100e-02 28 66 1.206100e+01 1.610000e+00 1078 1364 0
6.799100e-01 6.362600e-01 -1.714600e-01 3.204100e-02 29 66 1.366600e+01 1.610000e+00 1.292300e+03 9.309700e+02 0
6.725500e-01 7.349900e-01 -1.747900e-01 3.204100e-02 30 66 1.459000e+01 1.610000e+00 1.192200e+03 8.459300e+02 0
6.711800e-01 8.044600e-01 -1.771300e-01 3.204100e-02 31 66 1.476700e+01 1.610000e+00 1142 8.004100e+02 0
6.766400e-01 8.343700e-01 -1.781400e-01 3.204100e-02 32 66 1.424800e+01 1.610000e+00 1.128700e+03 7.835800e+02 0
6.722700e-01 8.782600e-01 -1.796200e-01 3.204100e-02 33 66 1.274000e+01 1.610000e+00 1.100600e+03 7.609700e+02 0
7.514000e-01 8.432600e-01 -1.784400e-01 3.204100e-02 35 66 1.026700e+01 1.610000e+00 1.188700e+03 7.802500e+02 0
-8.498900e-01 8.418700e-01 -1.784000e-01 3.204100e-02 36 66 1.065000e+01 1.610000e+00 -1.209300e+02 7.518000e+02 0
-8.741700e-01 8.428100e-01 -1.784300e-01 3.204100e-02 37 66 1.115400e+01 1.610000e+00 -1.384700e+02 7.509600e+02 0
-8.883600e-01 8.461000e-01 -1.785400e-01 3.204100e-02 38 66 1.096800e+01 1.610000e+00 -1.458000e+02 7.492100e+02 0
-9.020000e-01 8.812500e-01 -1.797200e-01 3.204100e-02 39 66 1.012000e+01 1.610000e+00 -1.204500e+02 7.335900e+02 0
0 0 -1.500000e-01 -8.330700e-01 1 39 9.458200e+00 1.610000e+00 2167 -3.612800e+03 0
-5.456800e-03 3.322000e-02 -1.511200e-01 -8.330700e-01 2 39 9.134800e+00 1.610000e+00 3.467900e+03 -6.908100e+03 0
9.279200e-01 6.145000e+00 -3.572600e-01 -8.330700e-01 180 39 1.079400e+01 1.610000e+00 7.732400e+02 4.314200e+02 1
9.822200e-01 6.140300e+00 -3.571000e-01 -8.330700e-01 181 39 1.080500e+01 1.610000e+00 7.790400e+02 4.314800e+02 1
9.876700e-01 6.053900e+00 -3.541900e-01 -8.330700e-01 182 39 1.006300e+01 1.610000e+00 7.808700e+02 4.322000e+02 1
1.019900e+00 6.132100e+00 -3.568300e-01 -8.010300e-01 179 40 1.117200e+01 1.610000e+00 7.831500e+02 4.315700e+02 1
9.767600e-01 6.173000e+00 -3.582100e-01 -8.010300e-01 180 40 1.220000e+01 1.610000e+00 7.780100e+02 4.312200e+02 1
9.822200e-01 6.202700e+00 -3.592100e-01 -8.010300e-01 181 40 1.215000e+01 1.610000e+00 7.781700e+02 4.309800e+02 1
1.037100e+00 6.201000e+00 -3.591500e-01 -8.010300e-01 182 40 1.110300e+01 1.610000e+00 7.839400e+02 4.310200e+02 1
1.117000e+00 6.112800e+00 -3.561800e-01 -7.689800e-01 179 41 1.033400e+01 1.610000e+00 7.937700e+02 4.317700e+02 1
1.074400e+00 6.158100e+00 -3.577000e-01 -7.689800e-01 180 41 1.160700e+01 1.610000e+00 7.885200e+02 4.313800e+02 1
1.031300e+00 6.200300e+00 -3.591300e-01 -7.689800e-01 181 41 1.160500e+01 1.610000e+00 7.833500e+02 4.310200e+02 1
9.382900e-01 6.242700e+00 -3.605600e-01 -7.689800e-01 182 41 1.062000e+01 1.610000e+00 7.730500e+02 4.306400e+02 1
-1.064100e+00 2.363700e+00 -2.297200e-01 -6.408200e-01 76 45 1.059300e+01 1.610000e+00 3.561800e+02 5.087800e+02 0
-1.119700e+00 2.361600e+00 -2.296500e-01 -6.408200e-01 77 45 1.022700e+01 1.610000e+00 3.409300e+02 5.087700e+02 0
0 0 -1.500000e-01 -3.204100e-02 1 64 1.573000e+01 1.610000e+00 2167 -3.612800e+03 0
-7.093800e-02 1.123600e-01 -1.537900e-01 -3.204100e-02 5 64 1.413700e+01 1.610000e+00 -3.075900e+03 7.609700e+03 0
-1.585200e-01 1.860000e-01 -1.562700e-01 -3.204100e-02 8 64 1.324600e+01 1.610000e+00 -1.091400e+03 2.895400e+03 0
-2.008100e-01 1.919000e-01 -1.564700e-01 -3.204100e-02 9 64 1.263000e+01 1.610000e+00 -1.202100e+03 2.747600e+03 0
-2.480100e-01 1.858500e-01 -1.562700e-01 -3.204100e-02 10 64 1.261400e+01 1.610000e+00 -1.521900e+03 2.835100e+03 0
-2.646500e-01 2.174600e-01 -1.573300e-01 -3.204100e-02 11 64 1.216000e+01 1.610000e+00 -1.123700e+03 2.317400e+03 0
-2.911200e-01 2.288600e-01 -1.577200e-01 -3.204100e-02 12 64 1.161300e+01 1.610000e+00 -1.090200e+03 2.172800e+03 0
-3.143100e-01 2.746600e-01 -1.592600e-01 -3.204100e-02 13 64 1.085300e+01 1.610000e+00 -7.666800e+02 1778 0
-3.121300e-01 3.009600e-01 -1.601500e-01 -3.204100e-02 14 64 1.045200e+01 1.610000e+00 -5.995400e+02 1.623800e+03 0
-1.107700e-01 4.194600e-01 -1.641500e-01 -3.204100e-02 15 64 1.033500e+01 1.610000e+00 1.804800e+02 1.227300e+03 0
3.536000e-01 3.928800e-01 -1.632500e-01 -3.204100e-02 28 64 1.212200e+01 1.610000e+00 1.070500e+03 1.344900e+03 0
6.799100e-01 6.413000e-01 -1.716300e-01 -3.204100e-02 29 64 1.363400e+01 1.610000e+00 1.286800e+03 9.258900e+02 0
6.725500e-01 7.376600e-01 -1.748800e-01 -3.204100e-02 30 64 1.455600e+01 1.610000e+00 1.190100e+03 844 0
6.711800e-01 8.044200e-01 -1.771300e-01 -3.204100e-02 31 64 1.472100e+01 1.610000e+00 1.142100e+03 8.004400e+02 0
6.766400e-01 8.299300e-01 -1.779900e-01 -3.204100e-02 32 64 1.419500e+01 1.610000e+00 1.131300e+03 7.860100e+02 0
6.722700e-01 8.700800e-01 -1.793500e-01 -3.204100e-02 33 64 1.269400e+01 1.610000e+00 1.104900e+03 7.649800e+02 0
7.421200e-01 8.321400e-01 -1.780700e-01 -3.204100e-02 35 64 1.011000e+01 1.610000e+00 1188 7.861000e+02 0
-8.594400e-01 8.604300e-01 -1.790200e-01 -3.204100e-02 36 64 1.070300e+01 1.610000e+00 -1.095000e+02 7.432300e+02 0
-8.741700e-01 8.737100e-01 -1.794700e-01 -3.204100e-02 37 64 1.104000e+01 1.610000e+00 -1.074500e+02 7.372200e+02 0
-8.883600e-01 8.609300e-01 -1.790400e-01 -3.204100e-02 38 64 1.068000e+01 1.610000e+00 -1.305500e+02 7.425400e+02 0
