0 0 -1.500000e-01 0 1 65 1.676600e+01 2.130000e+00 2167 -3.612800e+03 0
-7.093800e-02 1.128700e-01 -1.550400e-01 0 5 65 1.514400e+01 2.130000e+00 -3.033600e+03 7.547300e+03 0
-1.585200e-01 1.860600e-01 -1.583000e-01 0 8 65 1.432400e+01 2.130000e+00 -1.091600e+03 2.906500e+03 0
-2.008100e-01 1.923200e-01 -1.585800e-01 0 9 65 1.365400e+01 2.130000e+00 -1.196800e+03 2.751500e+03 0
-2.480100e-01 1.875000e-01 -1.583700e-01 0 10 65 1.358600e+01 2.130000e+00 -1.493200e+03 2.813800e+03 0
-2.592000e-01 2.263600e-01 -1.601000e-01 0 11 65 1.302000e+01 2.130000e+00 -1.004800e+03 2.223200e+03 0
-2.851200e-01 2.352400e-01 -1.605000e-01 0 12 65 1.263000e+01 2.130000e+00 -1.004300e+03 2.118400e+03 0
-3.044900e-01 2.819500e-01 -1.625800e-01 0 13 65 1.195500e+01 2.130000e+00 -6.922000e+02 1.742900e+03 0
-3.050300e-01 3.066300e-01 -1.636900e-01 0 14 65 1.144700e+01 2.130000e+00 -5.526700e+02 1.605200e+03 0
-1.184100e-01 4.065600e-01 -1.681500e-01 0 15 65 1.128000e+01 2.130000e+00 1.465900e+02 1.267500e+03 0
3.536000e-01 3.461500e-01 -1.654500e-01 0 28 65 1.310400e+01 2.130000e+00 1.138500e+03 1.527200e+03 0
6.799100e-01 6.349000e-01 -1.783400e-01 0 29 65 1.464600e+01 2.130000e+00 1.294300e+03 9.405100e+02 0
6.725500e-01 7.340900e-01 -1.827600e-01 0 30 65 1.558100e+01 2.130000e+00 1.193300e+03 8.545000e+02 0
6.793700e-01 7.975800e-01 -1.856000e-01 0 31 65 1.574800e+01 2.130000e+00 1.154400e+03 8.125000e+02 0
6.766400e-01 8.325400e-01 -1.871600e-01 0 32 65 1.524200e+01 2.130000e+00 1.130100e+03 7.923200e+02 0
6.810000e-01 8.692100e-01 -1.887900e-01 0 33 65 1.380400e+01 2.130000e+00 1.113100e+03 7.732600e+02 0
7.606700e-01 8.295400e-01 -1.870200e-01 0 35 65 1.067400e+01 2.130000e+00 1.206700e+03 7.957000e+02 0
-7.926000e-01 9.204900e-01 -1.910800e-01 0 36 65 1.167600e+01 2.130000e+00 -7.915400e+00 7.266100e+02 0
-8.152400e-01 9.172500e-01 -1.909400e-01 0 37 65 1.201400e+01 2.130000e+00 -2.645000e+01 7.275400e+02 0
-8.479800e-01 9.170900e-01 -1.909300e-01 0 38 65 1.151900e+01 2.130000e+00 -4.954900e+01 7.271200e+02 0
-8.605300e-01 9.743800e-01 -1.934900e-01 0 39 65 1.000100e+01 2.130000e+00 -1.197100e+01 7.061100e+02 0
0 0 -1.500000e-01 3.204100e-02 1 66 1.575300e+01 2.130000e+00 2167 -3.612800e+03 0
-7.093800e-02 1.134200e-01 -1.550600e-01 3.204100e-02 5 66 1.412300e+01 2.130000e+00 -2.984900e+03 7.453900e+03 0
-1.604300e-01 1.843500e-01 -1.582300e-01 3.204100e-02 8 66 1.335200e+01 2.130000e+00 -1.127500e+03 2.942300e+03 0
-2.008100e-01 1.927000e-01 -1.586000e-01 3.204100e-02 9 66 1.265900e+01 2.130000e+00 -1.191100e+03 2.744300e+03 0
-2.480100e-01 1.874700e-01 -1.583700e-01 3.204100e-02 10 66 1.257300e+01 2.130000e+00 -1.493800e+03 2.814400e+03 0
-2.592000e-01 2.266700e-01 -1.601200e-01 3.204100e-02 11 66 1.197800e+01 2.130000e+00 -1.001500e+03 2.219700e+03 0
-2.851200e-01 2.369300e-01 -1.605700e-01 3.204100e-02 12 66 1.157500e+01 2.130000e+00 -9.876800e+02 2.101400e+03 0
-3.077600e-01 2.810200e-01 -1.625400e-01 3.204100e-02 13 66 1.093000e+01 2.130000e+00 -7.069700e+02 1748 0
-3.085800e-01 3.160400e-01 -1.641100e-01 3.204100e-02 14 66 1.043000e+01 2.130000e+00 -5.145800e+02 1.559300e+03 0
-1.260500e-01 3.939600e-01 -1.675800e-01 3.204100e-02 15 66 1.040500e+01 2.130000e+00 1.108000e+02 1.300900e+03 0
3.462300e-01 3.568300e-01 -1.659300e-01 3.204100e-02 28 66 1.208500e+01 2.130000e+00 1.103400e+03 1.481300e+03 0
6.799100e-01 6.347600e-01 -1.783300e-01 3.204100e-02 29 66 1.360700e+01 2.130000e+00 1.294400e+03 9.406600e+02 0
6.725500e-01 7.335500e-01 -1.827400e-01 3.204100e-02 30 66 1.455000e+01 2.130000e+00 1.193700e+03 8.548900e+02 0
6.793700e-01 7.975500e-01 -1.856000e-01 3.204100e-02 31 66 1.472600e+01 2.130000e+00 1.154400e+03 8.125100e+02 0
6.766400e-01 8.343100e-01 -1.872400e-01 3.204100e-02 32 66 1.424300e+01 2.130000e+00 1129 7.913600e+02 0
6.722700e-01 8.793800e-01 -1.892500e-01 3.204100e-02 33 66 1.284800e+01 2.130000e+00 1.100400e+03 7.681100e+02 0
6.302600e-01 9.106500e-01 -1.906400e-01 3.204100e-02 34 66 1.005300e+01 2.130000e+00 1.051300e+03 7.528500e+02 0
7.421200e-01 7.336800e-01 -1.827400e-01 3.204100e-02 35 66 9.967100e+00 2.130000e+00 1.265100e+03 8.566600e+02 0
-8.116900e-01 8.862100e-01 -1.895500e-01 3.204100e-02 36 66 1.055400e+01 2.130000e+00 -5.049900e+01 7.401100e+02 0
-8.250600e-01 8.867700e-01 -1.895800e-01 3.204100e-02 37 66 1.089100e+01 2.130000e+00 -5.971300e+01 7.396700e+02 0
-8.580800e-01 9.061000e-01 -1.904400e-01 3.204100e-02 38 66 1.052400e+01 2.130000e+00 -6.619700e+01 7.312900e+02 0
0 0 -1.500000e-01 6.408200e-02 1 67 1.091100e+01 2.130000e+00 2167 -3.612800e+03 0
6.488100e-01 7.363300e-01 -1.828600e-01 6.408200e-02 30 67 9.895000e+00 2.130000e+00 1.167400e+03 8.522400e+02 0
6.548100e-01 8.176900e-01 -1.864900e-01 6.408200e-02 31 67 1.042200e+01 2.130000e+00 1.119400e+03 8.001700e+02 0
6.681800e-01 8.134400e-01 -1.863000e-01 6.408200e-02 32 67 9.988800e+00 2.130000e+00 1134 8.028900e+02 0
-1.499800e+00 8.210200e+00 -5.164300e-01 -7.369400e-01 240 42 1.114800e+01 2.130000e+00 5.640400e+02 4.249000e+02 1
-1.571500e+00 8.231400e+00 -5.173800e-01 -7.369400e-01 241 42 1.219800e+01 2.130000e+00 5.588600e+02 4.247900e+02 1
-1.643900e+00 8.254400e+00 -5.184000e-01 -7.369400e-01 242 42 1.221500e+01 2.130000e+00 5.536900e+02 4.246700e+02 1
-1.650700e+00 8.287600e+00 -5.198800e-01 -7.369400e-01 243 42 1.126000e+01 2.130000e+00 5.537400e+02 4.245200e+02 1
-1.499800e+00 8.200600e+00 -5.160000e-01 -7.049000e-01 240 43 1.158300e+01 2.130000e+00 5.638900e+02 4.249500e+02 1
-1.571500e+00 8.230300e+00 -5.173300e-01 -7.049000e-01 241 43 1.274100e+01 2.130000e+00 5.588400e+02 4.247900e+02 1
-1.578100e+00 8.267200e+00 -5.189800e-01 -7.049000e-01 242 43 1.276900e+01 2.130000e+00 5.589400e+02 4.246300e+02 1
-1.650700e+00 8.278900e+00 -5.195000e-01 -7.049000e-01 243 43 1.176000e+01 2.130000e+00 5.535900e+02 4.245600e+02 1
-1.369400e+00 8.196600e+00 -5.158300e-01 -6.728600e-01 240 44 1.006800e+01 2.130000e+00 5.739000e+02 4.250100e+02 1
-1.375100e+00 8.263700e+00 -5.188200e-01 -6.728600e-01 241 44 1.126400e+01 2.130000e+00 5.744400e+02 4.247100e+02 1
-1.446600e+00 8.287500e+00 -5.198800e-01 -6.728600e-01 242 44 1.129600e+01 2.130000e+00 5.693200e+02 4.245900e+02 1
-1.518600e+00 8.264000e+00 -5.188300e-01 -6.728600e-01 243 44 1.025300e+01 2.130000e+00 5.634400e+02 4.246600e+02 1
-2.200200e+00 3.875700e+00 -3.229800e-01 -6.087800e-01 129 46 1.027800e+01 2.130000e+00 3.048600e+02 4.645700e+02 0
-2.130300e+00 3.887700e+00 -3.235100e-01 -5.767400e-01 129 47 1.014900e+01 2.130000e+00 3.172600e+02 4.644000e+02 0
0 0 -1.500000e-01 -6.408200e-02 1 63 9.880000e+00 2.130000e+00 2167 -3.612800e+03 0
6.409000e-01 7.311400e-01 -1.826300e-01 -6.408200e-02 30 63 9.793000e+00 2.130000e+00 1.163100e+03 8.558100e+02 0
6.548100e-01 8.110700e-01 -1.862000e-01 -6.408200e-02 31 63 9.947600e+00 2.130000e+00 1.123300e+03 8.039800e+02 0
6.766400e-01 7.214600e-01 -1.822000e-01 -6.408200e-02 32 63 9.503600e+00 2.130000e+00 1.207600e+03 8.640100e+02 0
0 0 -1.500000e-01 -3.204100e-02 1 64 1.575300e+01 2.130000e+00 2167 -3.612800e+03 0
-7.093800e-02 1.122100e-01 -1.550100e-01 -3.204100e-02 5 64 1.412400e+01 2.130000e+00 -3.094700e+03 7.664600e+03 0
-1.585200e-01 1.861000e-01 -1.583100e-01 -3.204100e-02 8 64 1.326700e+01 2.130000e+00 -1091 2.905700e+03 0
-1.986300e-01 1.946300e-01 -1.586900e-01 -3.204100e-02 9 64 1.260700e+01 2.130000e+00 -1.152800e+03 2.710200e+03 0
-2.480100e-01 1.868700e-01 -1.583400e-01 -3.204100e-02 10 64 1.252500e+01 2.130000e+00 -1.504600e+03 2.826400e+03 0
-2.619200e-01 2.206100e-01 -1.598500e-01 -3.204100e-02 11 64 1.204400e+01 2.130000e+00 -1.077700e+03 2.289900e+03 0
-2.881200e-01 2.289600e-01 -1.602200e-01 -3.204100e-02 12 64 1.159700e+01 2.130000e+00 -1.079600e+03 2.183200e+03 0
-3.110400e-01 2.747100e-01 -1.622600e-01 -3.204100e-02 13 64 1.099700e+01 2.130000e+00 -758 1.787900e+03 0
-3.014900e-01 3.037500e-01 -1.635600e-01 -3.204100e-02 14 64 1.038700e+01 2.130000e+00 -5.589000e+02 1.620500e+03 0
-1.145900e-01 3.899500e-01 -1.674000e-01 -3.204100e-02 15 64 1.034300e+01 2.130000e+00 1.255600e+02 1.313500e+03 0
3.536000e-01 3.291400e-01 -1.646900e-01 -3.204100e-02 28 64 1.206900e+01 2.130000e+00 1.169600e+03 1.606700e+03 0
6.799100e-01 6.370400e-01 -1.784300e-01 -3.204100e-02 29 64 1.364800e+01 2.130000e+00 1.291900e+03 9.383300e+02 0
6.725500e-01 7.356100e-01 -1.828300e-01 -3.204100e-02 30 64 1.458300e+01 2.130000e+00 1.192100e+03 8.533900e+02 0
6.793700e-01 7.975500e-01 -1.856000e-01 -3.204100e-02 31 64 1.473600e+01 2.130000e+00 1.154400e+03 8.125200e+02 0
6.851000e-01 8.237300e-01 -1.867600e-01 -3.204100e-02 32 64 1.419600e+01 2.130000e+00 1.142900e+03 7.973900e+02 0
6.810000e-01 8.656100e-01 -1.886300e-01 -3.204100e-02 33 64 1.266100e+01 2.130000e+00 1115 7.750600e+02 0
7.792300e-01 8.484000e-01 -1.878700e-01 -3.204100e-02 35 64 1.029300e+01 2.130000e+00 1210 7.858200e+02 0
-7.735000e-01 9.336000e-01 -1.916700e-01 -3.204100e-02 36 64 1.088800e+01 2.130000e+00 1.566700e+01 7.218900e+02 0
-8.054200e-01 9.190400e-01 -1.910200e-01 -3.204100e-02 37 64 1.117400e+01 2.130000e+00 -1.808800e+01 7.269900e+02 0
-8.378900e-01 9.085200e-01 -1.905500e-01 -3.204100e-02 38 64 1.069700e+01 2.130000e+00 -4.979100e+01 7.306300e+02 0
