0 0 -1.500000e-01 0 1 65 1.674900e+01 2.130000e+00 2167 -3.612800e+03 0
-7.093800e-02 1.129500e-01 -1.550400e-01 0 5 65 1.514600e+01 2.130000e+00 -3.026400e+03 7.533500e+03 0
-1.585200e-01 1.860300e-01 -1.583000e-01 0 8 65 1.428800e+01 2.130000e+00 -1.092100e+03 2.907200e+03 0
-2.008100e-01 1.919300e-01 -1.585700e-01 0 9 65 1.365500e+01 2.130000e+00 -1.202900e+03 2759 0
-2.480100e-01 1.870400e-01 -1.583500e-01 0 10 65 1.362500e+01 2.130000e+00 -1.501500e+03 2.822900e+03 0
-2.619200e-01 2.225700e-01 -1.599300e-01 0 11 65 1.301000e+01 2.130000e+00 -1.055800e+03 2.266300e+03 0
-2.851200e-01 2.372800e-01 -1.605900e-01 0 12 65 1.263800e+01 2.130000e+00 -9.842600e+02 2.097900e+03 0
-3.044900e-01 2.834800e-01 -1.626500e-01 0 13 65 1.188000e+01 2.130000e+00 -6.825400e+02 1.733500e+03 0
-3.050300e-01 3.005800e-01 -1.634200e-01 0 14 65 1.133300e+01 2.130000e+00 -5.845300e+02 1.636300e+03 0
-1.222300e-01 3.821900e-01 -1.670600e-01 0 15 65 1.132900e+01 2.130000e+00 9.636300e+01 1.335700e+03 0
3.609700e-01 3.234000e-01 -1.644300e-01 0 28 65 1.307300e+01 2.130000e+00 1.201300e+03 1.637500e+03 0
6.722700e-01 6.464800e-01 -1.788500e-01 0 29 65 1.466800e+01 2.130000e+00 1.272500e+03 9.286300e+02 0
6.725500e-01 7.382900e-01 -1.829500e-01 0 30 65 1.563400e+01 2.130000e+00 1190 8.514500e+02 0
6.711800e-01 8.044500e-01 -1.859000e-01 0 31 65 1.581700e+01 2.130000e+00 1.142400e+03 8.082100e+02 0
6.766400e-01 8.324600e-01 -1.871500e-01 0 32 65 1.528600e+01 2.130000e+00 1.130100e+03 7.923700e+02 0
6.810000e-01 8.661000e-01 -1.886500e-01 0 33 65 1.374500e+01 2.130000e+00 1.114700e+03 7.748200e+02 0
7.142900e-01 9.313600e-01 -1.915700e-01 0 35 65 1.108500e+01 2.130000e+00 1.107700e+03 7.451800e+02 0
-8.021400e-01 9.167000e-01 -1.909100e-01 0 36 65 1.140800e+01 2.130000e+00 -1.769400e+01 7.279500e+02 0
-8.348900e-01 9.054000e-01 -1.904100e-01 0 37 65 1.198000e+01 2.130000e+00 -5.035200e+01 7.319200e+02 0
-8.681700e-01 8.898700e-01 -1.897200e-01 0 38 65 1.160400e+01 2.130000e+00 -8.808500e+01 7.377100e+02 0
0 0 -1.500000e-01 3.204100e-02 1 66 1.572300e+01 2.130000e+00 2167 -3.612800e+03 0
-7.093800e-02 1.131200e-01 -1.550500e-01 3.204100e-02 5 66 1.414000e+01 2.130000e+00 -3.011900e+03 7.505700e+03 0
-1.585200e-01 1.859700e-01 -1.583000e-01 3.204100e-02 8 66 1.327700e+01 2.130000e+00 -1.092900e+03 2.908400e+03 0
-2.008100e-01 1.920900e-01 -1.585700e-01 3.204100e-02 9 66 1.261600e+01 2.130000e+00 -1.200400e+03 2.755900e+03 0
-2.480100e-01 1.875100e-01 -1.583700e-01 3.204100e-02 10 66 1.260900e+01 2.130000e+00 -1.493200e+03 2.813700e+03 0
-2.619200e-01 2.231700e-01 -1.599600e-01 3.204100e-02 11 66 1.196900e+01 2.130000e+00 -1.049100e+03 2.259200e+03 0
-2.851200e-01 2.380400e-01 -1.606200e-01 3.204100e-02 12 66 1.168700e+01 2.130000e+00 -9.768800e+02 2.090400e+03 0
-3.044900e-01 2.826400e-01 -1.626100e-01 3.204100e-02 13 66 1.092200e+01 2.130000e+00 -6.878400e+02 1.738700e+03 0
-1.222300e-01 3.279000e-01 -1.646300e-01 3.204100e-02 15 66 1.036800e+01 2.130000e+00 -2.932400e+01 1.534800e+03 0
3.609700e-01 3.288700e-01 -1.646800e-01 3.204100e-02 28 66 12 2.130000e+00 1.189900e+03 1.609400e+03 0
6.722700e-01 6.428900e-01 -1.786900e-01 3.204100e-02 29 66 1.362000e+01 2.130000e+00 1.276300e+03 9.321800e+02 0
6.725500e-01 7.358100e-01 -1.828400e-01 3.204100e-02 30 66 1.459300e+01 2.130000e+00 1.191900e+03 8.532400e+02 0
6.711800e-01 8.044600e-01 -1.859000e-01 3.204100e-02 31 66 1.476800e+01 2.130000e+00 1.142400e+03 8.082000e+02 0
6.766400e-01 8.344700e-01 -1.872400e-01 3.204100e-02 32 66 1.422900e+01 2.130000e+00 1.128900e+03 7.912700e+02 0
6.810000e-01 8.704900e-01 -1.888500e-01 3.204100e-02 33 66 1.265900e+01 2.130000e+00 1.112400e+03 7.726300e+02 0
6.957400e-01 9.371800e-01 -1.918300e-01 3.204100e-02 35 66 1.021600e+01 2.130000e+00 1.090500e+03 7.424200e+02 0
-8.021400e-01 9.114700e-01 -1.906800e-01 3.204100e-02 36 66 1.042600e+01 2.130000e+00 -2.200300e+01 730 0
-8.348900e-01 9.038500e-01 -1.903400e-01 3.204100e-02 37 66 1.117000e+01 2.130000e+00 -5.170400e+01 7.325400e+02 0
-8.580800e-01 8.998100e-01 -1.901600e-01 3.204100e-02 38 66 1.083300e+01 2.130000e+00 -7.179400e+01 7.338100e+02 0
0 0 -1.500000e-01 6.408200e-02 1 67 9.702900e+00 2.130000e+00 2167 -3.612800e+03 0
6.409000e-01 7.841900e-01 -1.850000e-01 6.408200e-02 30 67 1.005100e+01 2.130000e+00 1127 8.198600e+02 0
6.466300e-01 8.157300e-01 -1.864100e-01 6.408200e-02 31 67 1.036000e+01 2.130000e+00 1.113200e+03 8.011200e+02 0
6.512600e-01 8.284800e-01 -1.869800e-01 6.408200e-02 32 67 9.925600e+00 2.130000e+00 1110 7.940400e+02 0
4.909700e+00 8.951300e+00 -5.495100e-01 -7.369400e-01 296 42 1.033700e+01 2.130000e+00 1.039400e+03 4.237700e+02 1
5.007100e+00 8.922900e+00 -5.482400e-01 -7.369400e-01 297 42 1.045100e+01 2.130000e+00 1.047800e+03 4.239100e+02 1
4.859800e+00 8.870800e+00 -5.459200e-01 -7.049000e-01 293 43 1.002600e+01 2.130000e+00 1.038900e+03 4.240800e+02 1
4.716600e+00 8.958400e+00 -5.498200e-01 -7.049000e-01 294 43 1.044000e+01 2.130000e+00 1.024800e+03 4.236800e+02 1
4.652400e+00 9.011000e+00 1.605200e+00 -7.049000e-01 295 43 1.118600e+01 2.130000e+00 1.012500e+03 2.744500e+02 0
4.829200e+00 9.029000e+00 -5.529800e-01 -7.049000e-01 296 43 1.195800e+01 2.130000e+00 1.030400e+03 4.234400e+02 1
4.926400e+00 9.050600e+00 -5.539400e-01 -7.049000e-01 297 43 1.200600e+01 2.130000e+00 1.036700e+03 4.233800e+02 1
4.943000e+00 9.096700e+00 -5.560000e-01 -7.049000e-01 298 43 1.126700e+01 2.130000e+00 1.036200e+03 4.232100e+02 1
4.634400e+00 9.315200e+00 -5.657500e-01 -7.049000e-01 299 43 1.037200e+01 2.130000e+00 1.005900e+03 4.223000e+02 1
4.780100e+00 9.003900e+00 -5.518600e-01 -6.728600e-01 293 44 1.007000e+01 2.130000e+00 1.027800e+03 4.235200e+02 1
4.716600e+00 9.059900e+00 -5.543600e-01 -6.728600e-01 294 44 1.059700e+01 2.130000e+00 1021 4.232800e+02 1
4.732700e+00 9.051300e+00 -5.539700e-01 -6.728600e-01 295 44 1.105200e+01 2.130000e+00 1.022500e+03 4.233200e+02 1
4.909700e+00 8.995800e+00 -5.514900e-01 -6.728600e-01 296 44 1.160900e+01 2.130000e+00 1.037600e+03 4.235900e+02 1
5.007100e+00 9.009200e+00 -5.520900e-01 -6.728600e-01 297 44 1.155100e+01 2.130000e+00 1.044300e+03 4.235700e+02 1
5.186100e+00 8.965700e+00 -5.501500e-01 -6.728600e-01 298 44 1.071200e+01 2.130000e+00 1.059300e+03 4.237900e+02 1
0 0 -1.500000e-01 -3.204100e-02 1 64 1.573800e+01 2.130000e+00 2167 -3.612800e+03 0
-7.093800e-02 1.128200e-01 -1.550400e-01 -3.204100e-02 5 64 1.412200e+01 2.130000e+00 -3.038500e+03 7.556800e+03 0
-1.585200e-01 1.860900e-01 -1.583100e-01 -3.204100e-02 8 64 1.327500e+01 2.130000e+00 -1.091100e+03 2.905800e+03 0
-1.986300e-01 1.945000e-01 -1.586800e-01 -3.204100e-02 9 64 1.267400e+01 2.130000e+00 -1.154700e+03 2.712500e+03 0
-2.480100e-01 1.875700e-01 -1.583700e-01 -3.204100e-02 10 64 1.262600e+01 2.130000e+00 -1.492100e+03 2.812500e+03 0
-2.619200e-01 2.237200e-01 -1.599800e-01 -3.204100e-02 11 64 1.209300e+01 2.130000e+00 -1043 2.252700e+03 0
-2.881200e-01 2.347700e-01 -1.604800e-01 -3.204100e-02 12 64 1.157800e+01 2.130000e+00 -1.019100e+03 2122 0
-3.044900e-01 2.842900e-01 -1.626900e-01 -3.204100e-02 13 64 1.081400e+01 2.130000e+00 -6.774800e+02 1.728500e+03 0
3.683300e-01 3.110900e-01 -1.638800e-01 -3.204100e-02 28 64 1.206300e+01 2.130000e+00 1.250500e+03 1.707300e+03 0
6.799100e-01 6.402700e-01 -1.785800e-01 -3.204100e-02 29 64 1.366200e+01 2.130000e+00 1.288300e+03 9.350600e+02 0
6.725500e-01 7.393800e-01 -1.830000e-01 -3.204100e-02 30 64 1.463100e+01 2.130000e+00 1.189200e+03 8.506700e+02 0
6.793700e-01 7.975000e-01 -1.855900e-01 -3.204100e-02 31 64 1.482000e+01 2.130000e+00 1.154400e+03 8.125400e+02 0
6.766400e-01 8.314500e-01 -1.871100e-01 -3.204100e-02 32 64 1.429300e+01 2.130000e+00 1.130700e+03 7.929200e+02 0
6.810000e-01 8.636800e-01 -1.885500e-01 -3.204100e-02 33 64 1.278100e+01 2.130000e+00 1.116100e+03 7.760300e+02 0
-8.741700e-01 8.547500e-01 -1.881500e-01 -3.204100e-02 37 64 1.039700e+01 2.130000e+00 -1.265000e+02 7.527300e+02 0
