0 0 -1.500000e-01 0 1 65 1.655800e+01 4.860000e+00 2167 -3.612800e+03 0
-7.093800e-02 1.126200e-01 -1.594500e-01 0 5 65 1.517900e+01 4.860000e+00 -3.072800e+03 7.690800e+03 0
-1.585200e-01 1.860900e-01 -1.656100e-01 0 8 65 1.433300e+01 4.860000e+00 -1.095400e+03 2.950800e+03 0
-2.008100e-01 1.909100e-01 -1.660200e-01 0 9 65 1.367700e+01 4.860000e+00 -1.222800e+03 2.821800e+03 0
-2.480100e-01 1.867000e-01 -1.656700e-01 0 10 65 1.363100e+01 4.860000e+00 -1.512800e+03 2.873200e+03 0
-2.592000e-01 2.266600e-01 -1.690200e-01 0 11 65 1.300600e+01 4.860000e+00 -1.005100e+03 2.257900e+03 0
-2.851200e-01 2.362800e-01 -1.698300e-01 0 12 65 1.270300e+01 4.860000e+00 -9.974600e+02 2145 0
-3.044900e-01 2.818100e-01 -1.736500e-01 0 13 65 1.189200e+01 4.860000e+00 -6.956000e+02 1.777800e+03 0
-3.085800e-01 3.081300e-01 -1.758600e-01 0 14 65 1.131000e+01 4.860000e+00 -5.558300e+02 1630 0
-1.336900e-01 3.793600e-01 -1.818300e-01 0 15 65 1.123000e+01 4.860000e+00 6.730700e+01 1.374500e+03 0
3.536000e-01 3.386500e-01 -1.784200e-01 0 28 65 1.310400e+01 4.860000e+00 1.153200e+03 1.595800e+03 0
6.799100e-01 6.381400e-01 -2.035500e-01 0 29 65 1.466400e+01 4.860000e+00 1.292300e+03 9.666500e+02 0
6.725500e-01 7.369800e-01 -2.118400e-01 0 30 65 1.558700e+01 4.860000e+00 1.192400e+03 8.809700e+02 0
6.793700e-01 7.975700e-01 -2.169300e-01 0 31 65 1.574000e+01 4.860000e+00 1.155700e+03 8.406900e+02 0
6.766400e-01 8.321900e-01 -2.198300e-01 0 32 65 1.520800e+01 4.860000e+00 1.131500e+03 8.205000e+02 0
6.810000e-01 8.676400e-01 -2.228100e-01 0 33 65 1.376100e+01 4.860000e+00 1.115100e+03 8.018500e+02 0
6.482600e-01 9.528200e-01 -2.299500e-01 0 34 65 1.124500e+01 4.860000e+00 1.048400e+03 7.626300e+02 0
-3.988900e-01 1.944400e-01 -1.663200e-01 0 35 65 1.036300e+01 4.860000e+00 -2.019800e+03 2.635400e+03 0
-8.212400e-01 9.007400e-01 -2.255800e-01 0 36 65 1.159500e+01 4.860000e+00 -4.558700e+01 7.599700e+02 0
-8.447100e-01 8.935300e-01 -2.249800e-01 0 37 65 1.213200e+01 4.860000e+00 -6.881200e+01 7.625400e+02 0
-8.782700e-01 8.648300e-01 -2.225700e-01 0 38 65 1.172300e+01 4.860000e+00 -1.205100e+02 7.741900e+02 0
-9.227400e-01 8.075200e-01 -2.177600e-01 0 39 65 1.022000e+01 4.860000e+00 -2.170300e+02 8.004300e+02 0
0 0 -1.500000e-01 3.204100e-02 1 66 1.555400e+01 4.860000e+00 2167 -3.612800e+03 0
-7.202900e-02 1.121000e-01 -1.594100e-01 3.204100e-02 5 66 1.416600e+01 4.860000e+00 -3.135400e+03 7.778400e+03 0
-1.585200e-01 1.860200e-01 -1.656100e-01 3.204100e-02 8 66 1.330800e+01 4.860000e+00 -1.096400e+03 2.952200e+03 0
-2.008100e-01 1.912600e-01 -1.660500e-01 3.204100e-02 9 66 1.267300e+01 4.860000e+00 -1.217500e+03 2.815100e+03 0
-2.504700e-01 1.827700e-01 -1.653400e-01 3.204100e-02 10 66 1.262300e+01 4.860000e+00 -1.598800e+03 2.954100e+03 0
-2.619200e-01 2.231500e-01 -1.687200e-01 3.204100e-02 11 66 1.210900e+01 4.860000e+00 -1.052900e+03 2.297800e+03 0
-2.881200e-01 2.340700e-01 -1.696400e-01 3.204100e-02 12 66 1.166900e+01 4.860000e+00 -1.029700e+03 2.166400e+03 0
-3.044900e-01 2.837800e-01 -1.738100e-01 3.204100e-02 13 66 1.088400e+01 4.860000e+00 -6.831400e+02 1.765600e+03 0
-1.298700e-01 4.115100e-01 -1.845300e-01 3.204100e-02 15 66 1.022900e+01 4.860000e+00 1.331400e+02 1.284500e+03 0
3.536000e-01 3.539300e-01 -1.797000e-01 3.204100e-02 28 66 1.204700e+01 4.860000e+00 1.127100e+03 1.528400e+03 0
6.722700e-01 6.408200e-01 -2.037700e-01 3.204100e-02 29 66 1.364700e+01 4.860000e+00 1.280100e+03 9.636400e+02 0
6.725500e-01 7.351900e-01 -2.116900e-01 3.204100e-02 30 66 1.457200e+01 4.860000e+00 1.193800e+03 8.822900e+02 0
6.711800e-01 8.044800e-01 -2.175100e-01 3.204100e-02 31 66 1.472200e+01 4.860000e+00 1.143600e+03 8.363300e+02 0
6.766400e-01 8.332700e-01 -2.199200e-01 3.204100e-02 32 66 1.418400e+01 4.860000e+00 1.130900e+03 8.199000e+02 0
6.722700e-01 8.731800e-01 -2.232700e-01 3.204100e-02 33 66 1.270000e+01 4.860000e+00 1.104800e+03 7.989100e+02 0
6.212500e-01 9.705100e-01 -2.314400e-01 3.204100e-02 34 66 1.011600e+01 4.860000e+00 1.021200e+03 7.551400e+02 0
-8.307900e-01 8.865900e-01 -2.244000e-01 3.204100e-02 36 66 1.067300e+01 4.860000e+00 -6.499300e+01 7.656500e+02 0
-8.545300e-01 8.722300e-01 -2.231900e-01 3.204100e-02 37 66 1.119400e+01 4.860000e+00 -9.572600e+01 7.713700e+02 0
-8.782700e-01 8.393500e-01 -2.204300e-01 3.204100e-02 38 66 1.082400e+01 4.860000e+00 -1.466200e+02 7.857700e+02 0
0 0 -1.500000e-01 6.408200e-02 1 67 1.019200e+01 4.860000e+00 2167 -3.612800e+03 0
-1.364200e-03 3.420700e-02 -1.528700e-01 6.408200e-02 2 67 9.717700e+00 4.860000e+00 3.456400e+03 -7.077300e+03 0
-1.964400e-02 4.597600e-02 -1.538600e-01 6.408200e-02 3 67 9.329500e+00 4.860000e+00 5128 -10458 0
6.646300e-01 7.373700e-01 -2.118700e-01 6.408200e-02 30 67 9.677100e+00 4.860000e+00 1184 8.804700e+02 0
6.630000e-01 8.109600e-01 -2.180500e-01 6.408200e-02 31 67 9.902000e+00 4.860000e+00 1.132100e+03 8.323000e+02 0
6.512600e-01 8.449500e-01 -2.209000e-01 6.408200e-02 32 67 9.662600e+00 4.860000e+00 1102 8.130200e+02 0
1.691600e-01 1.042200e+00 -2.374500e-01 4.806200e-01 32 80 9.643400e+00 4.860000e+00 6.926900e+02 7.232300e+02 0
1.833500e-01 1.062800e+00 -2.391900e-01 4.806200e-01 33 80 9.790400e+00 4.860000e+00 7.019100e+02 7.169000e+02 0
1.691600e-01 1.027300e+00 -2.362000e-01 5.126600e-01 32 81 1.000600e+01 4.860000e+00 6.926700e+02 7.281100e+02 0
1.833500e-01 1.062500e+00 -2.391600e-01 5.126600e-01 33 81 1.023000e+01 4.860000e+00 7.019200e+02 717 0
2.160900e-01 1.085300e+00 -2.410700e-01 5.126600e-01 34 81 9.575900e+00 4.860000e+00 7.225100e+02 7.105000e+02 0
-5.079200e+00 1.142200e+01 -1.108500e+00 -8.330700e-01 359 39 1.026400e+01 4.860000e+00 4.039400e+02 4.379900e+02 1
-5.485100e+00 1.126500e+01 -1.095300e+00 -8.330700e-01 360 39 1.072700e+01 4.860000e+00 3.775600e+02 4.382200e+02 1
-5.795100e+00 1.114800e+01 -1.085500e+00 -8.330700e-01 361 39 1.046000e+01 4.860000e+00 3.570600e+02 4.384000e+02 1
-6.008200e+00 1.106100e+01 -1.078100e+00 -8.330700e-01 362 39 1.000400e+01 4.860000e+00 3.425200e+02 4.385400e+02 1
0 0 -1.500000e-01 -9.612300e-02 1 62 9.902500e+00 4.860000e+00 2167 -3.612800e+03 0
1.691600e-02 2.217800e-03 -1.501900e-01 -9.612300e-02 2 62 9.382300e+00 4.860000e+00 2.051900e+03 -3.705100e+03 0
7.202900e-01 8.555900e-01 -2.217900e-01 -9.612300e-02 34 62 9.857700e+00 4.860000e+00 1.155600e+03 8.088200e+02 0
7.235700e-01 9.135500e-01 -2.266600e-01 -9.612300e-02 35 62 9.649500e+00 4.860000e+00 1.125400e+03 7.807500e+02 0
0 0 -1.500000e-01 -6.408200e-02 1 63 9.824700e+00 4.860000e+00 2167 -3.612800e+03 0
-3.546900e-03 3.467600e-02 -1.529100e-01 -6.408200e-02 2 63 9.575600e+00 4.860000e+00 3.529900e+03 -7.180600e+03 0
-2.073600e-02 6.069600e-02 -1.550900e-01 -6.408200e-02 3 63 9.533800e+00 4.860000e+00 10350 -23126 0
6.488100e-01 7.775900e-01 -2.152500e-01 -6.408200e-02 30 63 9.386600e+00 4.860000e+00 1140 8.524800e+02 0
6.957400e-01 7.833300e-01 -2.157300e-01 -6.408200e-02 31 63 9.335300e+00 4.860000e+00 1.180800e+03 8.499600e+02 0
7.072000e-01 8.425000e-01 -2.207000e-01 -6.408200e-02 33 63 9.769100e+00 4.860000e+00 1.152200e+03 8.155100e+02 0
7.293000e-01 8.505300e-01 -2.213700e-01 -6.408200e-02 34 63 1.000300e+01 4.860000e+00 1.166500e+03 8.116700e+02 0
7.514000e-01 8.946900e-01 -2.250700e-01 -6.408200e-02 35 63 9.406700e+00 4.860000e+00 1.158400e+03 7.899800e+02 0
0 0 -1.500000e-01 -3.204100e-02 1 64 1.552600e+01 4.860000e+00 2167 -3.612800e+03 0
-7.093800e-02 1.118100e-01 -1.593800e-01 -3.204100e-02 5 64 1.415300e+01 4.860000e+00 -3.149200e+03 7.838400e+03 0
-1.585200e-01 1.861000e-01 -1.656200e-01 -3.204100e-02 8 64 1.329600e+01 4.860000e+00 -1.095100e+03 2.950400e+03 0
-2.008100e-01 1.907900e-01 -1.660100e-01 -3.204100e-02 9 64 1.266100e+01 4.860000e+00 -1.224700e+03 2.824200e+03 0
-2.480100e-01 1.868300e-01 -1.656800e-01 -3.204100e-02 10 64 1.263400e+01 4.860000e+00 -1.510600e+03 2.870700e+03 0
-2.592000e-01 2.266700e-01 -1.690200e-01 -3.204100e-02 11 64 1.210200e+01 4.860000e+00 -1005 2.257800e+03 0
-2.821100e-01 2.398200e-01 -1.701200e-01 -3.204100e-02 12 64 1.170300e+01 4.860000e+00 -9.532800e+02 2.110900e+03 0
-3.012100e-01 2.837900e-01 -1.738100e-01 -3.204100e-02 13 64 1.087300e+01 4.860000e+00 -6.743400e+02 1.766300e+03 0
-1.375100e-01 3.646400e-01 -1.806000e-01 -3.204100e-02 15 64 1.033700e+01 4.860000e+00 2.808000e+01 1422 0
3.536000e-01 3.273200e-01 -1.774700e-01 -3.204100e-02 28 64 1.210000e+01 4.860000e+00 1.174800e+03 1.651300e+03 0
6.799100e-01 6.403200e-01 -2.037300e-01 -3.204100e-02 29 64 1.366200e+01 4.860000e+00 1.289900e+03 9.644300e+02 0
6.804600e-01 7.307800e-01 -2.113200e-01 -3.204100e-02 30 64 1.457300e+01 4.860000e+00 1.205400e+03 8.857700e+02 0
6.793700e-01 7.975500e-01 -2.169200e-01 -3.204100e-02 31 64 1.472500e+01 4.860000e+00 1.155700e+03 8.407000e+02 0
6.766400e-01 8.315800e-01 -2.197800e-01 -3.204100e-02 32 64 1.422200e+01 4.860000e+00 1.131900e+03 8.208400e+02 0
6.810000e-01 8.663700e-01 -2.227000e-01 -3.204100e-02 33 64 1.290600e+01 4.860000e+00 1.115800e+03 8.024900e+02 0
6.662700e-01 9.321500e-01 -2.282200e-01 -3.204100e-02 34 64 1.067900e+01 4.860000e+00 1.071100e+03 7.715700e+02 0
-8.116900e-01 9.119400e-01 -2.265200e-01 -3.204100e-02 36 64 1.051000e+01 4.860000e+00 -2.926100e+01 7.556300e+02 0
-8.447100e-01 9.016300e-01 -2.256600e-01 -3.204100e-02 37 64 1.099300e+01 4.860000e+00 -6.159200e+01 7.592300e+02 0
-8.883600e-01 8.574100e-01 -2.219500e-01 -3.204100e-02 38 64 1.049600e+01 4.860000e+00 -1.355100e+02 7.773100e+02 0
