0 0 -1.500000e-01 0 1 65 1.659700e+01 3.310000e+00 2167 -3.612800e+03 0
-7.093800e-02 1.133500e-01 -1.578700e-01 0 5 65 1.518500e+01 3.310000e+00 -3.001300e+03 7.527800e+03 0
-1.585200e-01 1.860000e-01 -1.629100e-01 0 8 65 1.433200e+01 3.310000e+00 -1.095100e+03 2936 0
-2.008100e-01 1.916500e-01 -1.633000e-01 0 9 65 1.366400e+01 3.310000e+00 -1.209900e+03 2.791600e+03 0
-2.480100e-01 1.858500e-01 -1.629000e-01 0 10 65 1.362600e+01 3.310000e+00 -1.526600e+03 2.874600e+03 0
-2.619200e-01 2.205000e-01 -1.653000e-01 0 11 65 1.310600e+01 3.310000e+00 -1.081400e+03 2.315700e+03 0
-2.881200e-01 2.287900e-01 -1.658800e-01 0 12 65 1.268700e+01 3.310000e+00 -1.083800e+03 2.208900e+03 0
-3.044900e-01 2.815400e-01 -1.695400e-01 0 13 65 1.192100e+01 3.310000e+00 -6.963700e+02 1.766900e+03 0
-3.014900e-01 3.108100e-01 -1.715700e-01 0 14 65 1.146500e+01 3.310000e+00 -5.243800e+02 1.605900e+03 0
-1.222300e-01 3.773800e-01 -1.761900e-01 0 15 65 1.126700e+01 3.310000e+00 8.649900e+01 1.370400e+03 0
3.536000e-01 3.565200e-01 -1.747400e-01 0 28 65 1.311700e+01 3.310000e+00 1.122400e+03 1.505100e+03 0
6.799100e-01 6.394800e-01 -1.943800e-01 0 29 65 1.467800e+01 3.310000e+00 1.290200e+03 9.544100e+02 0
6.725500e-01 7.365500e-01 -2.011200e-01 0 30 65 1.560300e+01 3.310000e+00 1.192200e+03 8.707200e+02 0
6.711800e-01 8.044700e-01 -2.058300e-01 0 31 65 1.576000e+01 3.310000e+00 1.143200e+03 8.259200e+02 0
6.766400e-01 8.322500e-01 -2.077600e-01 0 32 65 1.524500e+01 3.310000e+00 1131 8.101200e+02 0
6.810000e-01 8.667500e-01 -2.101500e-01 0 33 65 1.383300e+01 3.310000e+00 1.115100e+03 7.920100e+02 0
6.392600e-01 9.554600e-01 -2.163100e-01 0 34 65 1.080000e+01 3.310000e+00 1.040100e+03 7.512900e+02 0
7.328400e-01 9.184400e-01 -2.137400e-01 0 35 65 1.076100e+01 3.310000e+00 1.129700e+03 7.685000e+02 0
-8.116900e-01 8.939900e-01 -2.120400e-01 0 36 65 1.169700e+01 3.310000e+00 -4.424100e+01 7.532700e+02 0
-8.545300e-01 8.795600e-01 -2.110400e-01 0 37 65 1.210400e+01 3.310000e+00 -8.841800e+01 7.586100e+02 0
-8.984600e-01 8.389800e-01 -2.082300e-01 0 38 65 1.158000e+01 3.310000e+00 -1.620500e+02 7.759400e+02 0
0 0 -1.500000e-01 3.204100e-02 1 66 1.557500e+01 3.310000e+00 2167 -3.612800e+03 0
-7.202900e-02 1.129800e-01 -1.578400e-01 3.204100e-02 5 66 1.416100e+01 3.310000e+00 -3048 7.585400e+03 0
-1.585200e-01 1.858600e-01 -1.629000e-01 3.204100e-02 8 66 1.330300e+01 3.310000e+00 -1.097300e+03 2.939100e+03 0
-2.008100e-01 1.919700e-01 -1.633200e-01 3.204100e-02 9 66 1.263900e+01 3.310000e+00 -1.204900e+03 2.785400e+03 0
-2.504700e-01 1.823500e-01 -1.626600e-01 3.204100e-02 10 66 1.264000e+01 3.310000e+00 -1.604900e+03 2.946800e+03 0
-2.646500e-01 2.165900e-01 -1.650300e-01 3.204100e-02 11 66 1.216700e+01 3.310000e+00 -1.137600e+03 2.363900e+03 0
-2.881200e-01 2.288700e-01 -1.658800e-01 3.204100e-02 12 66 1.164500e+01 3.310000e+00 -1.082900e+03 2208 0
-2.979400e-01 2.898000e-01 -1.701100e-01 3.204100e-02 13 66 1.089400e+01 3.310000e+00 -6.284200e+02 1.718400e+03 0
-3.014900e-01 3.010400e-01 -1.708900e-01 3.204100e-02 14 66 1.045100e+01 3.310000e+00 -5.745900e+02 1.655500e+03 0
-1.336900e-01 3.096700e-01 -1.714900e-01 3.204100e-02 15 66 1.036200e+01 3.310000e+00 -1.141700e+02 1.641100e+03 0
3.609700e-01 3.668000e-01 -1.754600e-01 3.204100e-02 28 66 1.211100e+01 3.310000e+00 1.123800e+03 1.465800e+03 0
6.799100e-01 6.326000e-01 -1.939000e-01 3.204100e-02 29 66 1.367300e+01 3.310000e+00 1.297900e+03 9.614700e+02 0
6.725500e-01 7.343100e-01 -2.009600e-01 3.204100e-02 30 66 1.459800e+01 3.310000e+00 1194 8.723500e+02 0
6.711800e-01 8.044700e-01 -2.058300e-01 3.204100e-02 31 66 1.475300e+01 3.310000e+00 1.143200e+03 8.259300e+02 0
6.766400e-01 8.336300e-01 -2.078600e-01 3.204100e-02 32 66 1.422400e+01 3.310000e+00 1.130200e+03 8.093600e+02 0
6.722700e-01 8.742900e-01 -2.106800e-01 3.204100e-02 33 66 1.275000e+01 3.310000e+00 1.103800e+03 7.880900e+02 0
-8.212400e-01 8.752500e-01 -2.107400e-01 3.204100e-02 36 66 1.089100e+01 3.310000e+00 -6.798800e+01 7.610100e+02 0
-8.545300e-01 8.627900e-01 -2.098800e-01 3.204100e-02 37 66 1.119300e+01 3.310000e+00 -1.044600e+02 7.658800e+02 0
-8.984600e-01 7.992600e-01 -2.054700e-01 3.204100e-02 38 66 1.056600e+01 3.310000e+00 -2.070600e+02 7.954900e+02 0
-3.110400e-02 6.386400e-01 -1.943200e-01 1.922500e-01 20 71 1.042900e+01 3.310000e+00 4.663000e+02 9.296400e+02 0
-4.365400e-02 6.652300e-01 -1.961700e-01 1.922500e-01 21 71 1.092600e+01 3.310000e+00 4.632000e+02 9.056500e+02 0
-5.729600e-02 6.871100e-01 -1.976900e-01 1.922500e-01 22 71 1.041000e+01 3.310000e+00 4.574700e+02 8.874000e+02 0
0 0 -1.500000e-01 2.242900e-01 1 72 9.459600e+00 3.310000e+00 2167 -3.612800e+03 0
-3.628700e-02 6.436100e-01 -1.946700e-01 2.242900e-01 20 72 9.976500e+00 3.310000e+00 4.625700e+02 9.248900e+02 0
-4.365400e-02 6.624400e-01 -1.959700e-01 2.242900e-01 21 72 1.039000e+01 3.310000e+00 4.621100e+02 9.080200e+02 0
-6.302600e-02 6.626200e-01 -1.959900e-01 2.242900e-01 22 72 9.924700e+00 3.310000e+00 4.415700e+02 9.072600e+02 0
2.660200e-01 2.602400e+00 -3.306100e-01 -9.612300e-01 76 35 1.037900e+01 3.310000e+00 7.179100e+02 5.223800e+02 1
3.525100e-01 2.626000e+00 -3.322500e-01 -9.612300e-01 77 35 1.149000e+01 3.310000e+00 7.393700e+02 5.214900e+02 1
3.781500e-01 2.652500e+00 -3.340900e-01 -9.612300e-01 78 35 1.099800e+01 3.310000e+00 7.452800e+02 5.203300e+02 1
2.553800e-01 2.703600e+00 -3.376300e-01 -9.612300e-01 79 35 1.150200e+01 3.310000e+00 7.144000e+02 5.178000e+02 1
3.448700e-01 2.717200e+00 -3.385800e-01 -9.612300e-01 80 35 1.298000e+01 3.310000e+00 7.359500e+02 5.174000e+02 1
3.710600e-01 2.744000e+00 -3.404400e-01 -9.612300e-01 81 35 1.308500e+01 3.310000e+00 7.418100e+02 5.163200e+02 1
3.757000e-01 2.769500e+00 -3.422100e-01 -9.612300e-01 82 35 1.220100e+01 3.310000e+00 7.424600e+02 5.152600e+02 1
3.355900e-01 2.770000e+00 -3.422400e-01 -9.612300e-01 83 35 1.018000e+01 3.310000e+00 7.329200e+02 5.151500e+02 1
3.478700e-01 2.595900e+00 -3.301600e-01 -9.291900e-01 76 36 1.234500e+01 3.310000e+00 7.387400e+02 5.228800e+02 1
3.939800e-01 2.622800e+00 -3.320300e-01 -9.291900e-01 77 36 1.394100e+01 3.310000e+00 7.498600e+02 5.217300e+02 1
4.832000e-01 2.638700e+00 -3.331300e-01 -9.291900e-01 78 36 1.423200e+01 3.310000e+00 7.718500e+02 5.212000e+02 1
4.043500e-01 2.682500e+00 -3.361700e-01 -9.291900e-01 79 36 1.486300e+01 3.310000e+00 7.511300e+02 5.190500e+02 1
3.664200e-01 2.721600e+00 -3.388800e-01 -9.291900e-01 80 36 1.587000e+01 3.310000e+00 7.411000e+02 5.172600e+02 1
3.710600e-01 2.750800e+00 -3.409100e-01 -9.291900e-01 81 36 1.566400e+01 3.310000e+00 7.416900e+02 5.160300e+02 1
3.536000e-01 2.780700e+00 -3.429800e-01 -9.291900e-01 82 36 1.436800e+01 3.310000e+00 7.370300e+02 5.147500e+02 1
3.355900e-01 2.811800e+00 -3.451500e-01 -9.291900e-01 83 36 1.189400e+01 3.310000e+00 7.323200e+02 5.134500e+02 1
3.478700e-01 2.596000e+00 -3.301600e-01 -8.971500e-01 76 37 1.242000e+01 3.310000e+00 7.387400e+02 5.228800e+02 1
3.939800e-01 2.623900e+00 -3.321000e-01 -8.971500e-01 77 37 1.414200e+01 3.310000e+00 7.498400e+02 5.216800e+02 1
4.621900e-01 2.644300e+00 -3.335200e-01 -8.971500e-01 78 37 1.479100e+01 3.310000e+00 7.664300e+02 5.208900e+02 1
4.043500e-01 2.685800e+00 -3.364000e-01 -8.971500e-01 79 37 1.556600e+01 3.310000e+00 7.510500e+02 5.189000e+02 1
3.879800e-01 2.721400e+00 -3.388700e-01 -8.971500e-01 80 37 1.626000e+01 3.310000e+00 7.463200e+02 5.173100e+02 1
3.710600e-01 2.754500e+00 -3.411700e-01 -8.971500e-01 81 37 1.596800e+01 3.310000e+00 7.416200e+02 5.158800e+02 1
3.757000e-01 2.781600e+00 -3.430500e-01 -8.971500e-01 82 37 1.459100e+01 3.310000e+00 7.422400e+02 5.147600e+02 1
3.355900e-01 2.819100e+00 -3.456500e-01 -8.971500e-01 83 37 1.180400e+01 3.310000e+00 7.322200e+02 5.131600e+02 1
3.478700e-01 2.595300e+00 -3.301200e-01 -8.651100e-01 76 38 1.075900e+01 3.310000e+00 7.387500e+02 5.229100e+02 1
3.939800e-01 2.624300e+00 -3.321300e-01 -8.651100e-01 77 38 1.234200e+01 3.310000e+00 7.498300e+02 5.216600e+02 1
4.411800e-01 2.649400e+00 -3.338700e-01 -8.651100e-01 78 38 1.330800e+01 3.310000e+00 7.610400e+02 5.206100e+02 1
4.043500e-01 2.688300e+00 -3.365800e-01 -8.651100e-01 79 38 1.418900e+01 3.310000e+00 751 5.187900e+02 1
3.879800e-01 2.724100e+00 -3.390600e-01 -8.651100e-01 80 38 1.460400e+01 3.310000e+00 7.462600e+02 5.172000e+02 1
3.710600e-01 2.758700e+00 -3.414600e-01 -8.651100e-01 81 38 1.423400e+01 3.310000e+00 7.415500e+02 5.157000e+02 1
3.757000e-01 2.788000e+00 -3.434900e-01 -8.651100e-01 82 38 1.296300e+01 3.310000e+00 7.421300e+02 5.145000e+02 1
2.908500e-01 2.802000e+00 -3.444700e-01 -8.651100e-01 83 38 1.054800e+01 3.310000e+00 7.219700e+02 5.137600e+02 1
4.411800e-01 2.650500e+00 -3.339500e-01 -8.330700e-01 78 39 1.005000e+01 3.310000e+00 7.610100e+02 5.205700e+02 1
3.405000e-01 2.702400e+00 -3.375500e-01 -8.330700e-01 79 39 1.070700e+01 3.310000e+00 7.351200e+02 5.180300e+02 1
3.233100e-01 2.733000e+00 -3.396800e-01 -8.330700e-01 80 39 1.121400e+01 3.310000e+00 7.305100e+02 5.166800e+02 1
3.492300e-01 2.755900e+00 -3.412600e-01 -8.330700e-01 81 39 1.097400e+01 3.310000e+00 7.363800e+02 5.157700e+02 1
7.595800e-01 1.419300e+00 -2.485000e-01 -7.689800e-01 49 41 9.845000e+00 3.310000e+00 9.775600e+02 6.305400e+02 0
0 0 -1.500000e-01 -9.612300e-02 1 62 1.059400e+01 3.310000e+00 2167 -3.612800e+03 0
-1.828000e-02 3.758000e-03 -1.502600e-01 -9.612300e-02 2 62 1.002600e+01 3.310000e+00 2.426500e+03 -3.864400e+03 0
6.766400e-01 7.796400e-01 -2.041100e-01 -9.612300e-02 32 62 9.544100e+00 3.310000e+00 1.164700e+03 8.413900e+02 0
7.333900e-01 7.592800e-01 -2.027000e-01 -9.612300e-02 33 62 9.581400e+00 3.310000e+00 1.235200e+03 8.562900e+02 0
0 0 -1.500000e-01 -6.408200e-02 1 63 1.047700e+01 3.310000e+00 2167 -3.612800e+03 0
6.384400e-01 8.184500e-01 -2.068000e-01 -6.408200e-02 31 63 1.000600e+01 3.310000e+00 1105 8.170400e+02 0
6.597200e-01 8.267200e-01 -2.073800e-01 -6.408200e-02 32 63 1.067400e+01 3.310000e+00 1.119300e+03 8.128300e+02 0
6.897400e-01 8.412200e-01 -2.083800e-01 -6.408200e-02 33 63 1.088500e+01 3.310000e+00 1.137200e+03 8.055000e+02 0
7.112900e-01 8.758600e-01 -2.107900e-01 -6.408200e-02 34 63 1.033000e+01 3.310000e+00 1.135500e+03 7.880500e+02 0
0 0 -1.500000e-01 -3.204100e-02 1 64 1.558000e+01 3.310000e+00 2167 -3.612800e+03 0
-7.093800e-02 1.131300e-01 -1.578500e-01 -3.204100e-02 5 64 1.417000e+01 3.310000e+00 -3.020900e+03 7.565400e+03 0
-1.585200e-01 1.860400e-01 -1.629100e-01 -3.204100e-02 8 64 1.329700e+01 3.310000e+00 -1.094500e+03 2.935200e+03 0
-2.008100e-01 1.914300e-01 -1.632900e-01 -3.204100e-02 9 64 1.263400e+01 3.310000e+00 -1.213100e+03 2.795700e+03 0
-2.480100e-01 1.849700e-01 -1.628400e-01 -3.204100e-02 10 64 1.256300e+01 3.310000e+00 -1.542900e+03 2.892700e+03 0
-2.592000e-01 2.239500e-01 -1.655400e-01 -3.204100e-02 11 64 1.198800e+01 3.310000e+00 -1.032900e+03 2.275300e+03 0
-2.851200e-01 2.319400e-01 -1.661000e-01 -3.204100e-02 12 64 1.167100e+01 3.310000e+00 -1.039900e+03 2.175900e+03 0
-3.012100e-01 2.826900e-01 -1.696200e-01 -3.204100e-02 13 64 1.091000e+01 3.310000e+00 -6.802500e+02 1.760400e+03 0
-3.085800e-01 3.058400e-01 -1.712300e-01 -3.204100e-02 14 64 1.034000e+01 3.310000e+00 -5.668600e+02 1.629400e+03 0
-1.222300e-01 3.832100e-01 -1.766000e-01 -3.204100e-02 15 64 1.037400e+01 3.310000e+00 9.781300e+01 1.352400e+03 0
3.462300e-01 3.430800e-01 -1.738100e-01 -3.204100e-02 28 64 1.208500e+01 3.310000e+00 1.126100e+03 1.561500e+03 0
6.799100e-01 6.433700e-01 -1.946500e-01 -3.204100e-02 29 64 1.364300e+01 3.310000e+00 1286 9.504900e+02 0
6.725500e-01 7.374700e-01 -2.011800e-01 -3.204100e-02 30 64 1.458400e+01 3.310000e+00 1.191500e+03 8.700500e+02 0
6.711800e-01 8.044400e-01 -2.058300e-01 -3.204100e-02 31 64 1.475300e+01 3.310000e+00 1.143200e+03 8.259400e+02 0
6.766400e-01 8.307600e-01 -2.076600e-01 -3.204100e-02 32 64 1.428900e+01 3.310000e+00 1.131900e+03 8.109400e+02 0
6.810000e-01 8.615700e-01 -2.097900e-01 -3.204100e-02 33 64 1.306300e+01 3.310000e+00 1118 7.946400e+02 0
7.022900e-01 8.664500e-01 -2.101300e-01 -3.204100e-02 34 64 1.103600e+01 3.310000e+00 1.133300e+03 7.925800e+02 0
7.050100e-01 9.235100e-01 -2.140900e-01 -3.204100e-02 35 64 1.028700e+01 3.310000e+00 1.105100e+03 7.658000e+02 0
-8.021400e-01 9.062200e-01 -2.128900e-01 -3.204100e-02 36 64 1.059400e+01 3.310000e+00 -2.693800e+01 7.484500e+02 0
-8.643500e-01 8.823400e-01 -2.112400e-01 -3.204100e-02 37 64 1.108900e+01 3.310000e+00 -9.297600e+01 7.572800e+02 0
-9.085500e-01 8.685800e-01 -2.102800e-01 -3.204100e-02 38 64 1.070000e+01 3.310000e+00 -1.387600e+02 7.624300e+02 0
