0 0 -1.500000e-01 0 1 65 1.658000e+01 3.010000e+00 2167 -3.612800e+03 0
-7.093800e-02 1.129300e-01 -1.571300e-01 0 5 65 1.518800e+01 3.010000e+00 -3.035900e+03 7.583700e+03 0
-1.585200e-01 1.860500e-01 -1.617400e-01 0 8 65 1.432400e+01 3.010000e+00 -1.093700e+03 2.927700e+03 0
-2.008100e-01 1.917000e-01 -1.621000e-01 0 9 65 1.366000e+01 3.010000e+00 -1.208300e+03 2.783600e+03 0
-2.480100e-01 1.868900e-01 -1.617900e-01 0 10 65 1.363600e+01 3.010000e+00 -1.506700e+03 2.846400e+03 0
-2.619200e-01 2.227000e-01 -1.640500e-01 0 11 65 1.310400e+01 3.010000e+00 -1056 2.282800e+03 0
-2.881200e-01 2.329700e-01 -1.647000e-01 0 12 65 1.271400e+01 3.010000e+00 -1.039100e+03 2.158100e+03 0
-3.077600e-01 2.791100e-01 -1.676100e-01 0 13 65 1.195300e+01 3.010000e+00 -7.206500e+02 1.776100e+03 0
-3.050300e-01 3.045400e-01 -1.692200e-01 0 14 65 1.141100e+01 3.010000e+00 -5.645500e+02 1.631300e+03 0
-1.222300e-01 3.240500e-01 -1.704500e-01 0 15 65 1.135000e+01 3.010000e+00 -4.079900e+01 1.567800e+03 0
3.536000e-01 3.460000e-01 -1.718300e-01 0 28 65 1.311100e+01 3.010000e+00 1.139500e+03 1.544100e+03 0
6.799100e-01 6.402500e-01 -1.904000e-01 0 29 65 1.467000e+01 3.010000e+00 1.289100e+03 9.489000e+02 0
6.725500e-01 7.386900e-01 -1.966100e-01 0 30 65 1.560300e+01 3.010000e+00 1.190300e+03 8.645800e+02 0
6.711800e-01 8.043500e-01 -2.007500e-01 0 31 65 1.578400e+01 3.010000e+00 1143 8.214800e+02 0
6.766400e-01 8.306900e-01 -2.024200e-01 0 32 65 1.532200e+01 3.010000e+00 1.131800e+03 8.064900e+02 0
6.810000e-01 8.639900e-01 -2.045200e-01 0 33 65 1.406300e+01 3.010000e+00 1.116500e+03 7.889500e+02 0
6.752700e-01 9.171900e-01 -2.078700e-01 0 34 65 1.153800e+01 3.010000e+00 1.084500e+03 7.636500e+02 0
-7.977800e-01 8.789600e-01 -2.054600e-01 0 35 65 1.080300e+01 3.010000e+00 -4.720400e+01 7.556300e+02 0
-8.307900e-01 8.828400e-01 -2.057100e-01 0 36 65 1.181500e+01 3.010000e+00 -6.788500e+01 7.534400e+02 0
-8.545300e-01 8.854700e-01 -2.058700e-01 0 37 65 1.224500e+01 3.010000e+00 -8.275400e+01 7.519500e+02 0
-8.782700e-01 8.913900e-01 -2.062500e-01 0 38 65 1.185800e+01 3.010000e+00 -9.442300e+01 7.491100e+02 0
-8.916400e-01 9.265600e-01 -2.084700e-01 0 39 65 1.049800e+01 3.010000e+00 -7.223800e+01 7.350100e+02 0
0 0 -1.500000e-01 3.204100e-02 1 66 1.558800e+01 3.010000e+00 2167 -3.612800e+03 0
-7.093800e-02 1.138200e-01 -1.571800e-01 3.204100e-02 5 66 1.417900e+01 3.010000e+00 -2.957800e+03 7.433200e+03 0
-1.585200e-01 1.860000e-01 -1.617400e-01 3.204100e-02 8 66 1.333700e+01 3.010000e+00 -1.094400e+03 2.928800e+03 0
-2.008100e-01 1.928100e-01 -1.621700e-01 3.204100e-02 9 66 1.268600e+01 3.010000e+00 -1.191500e+03 2.762500e+03 0
-2.480100e-01 1.889000e-01 -1.619200e-01 3.204100e-02 10 66 1.267100e+01 3.010000e+00 -1.470800e+03 2.806500e+03 0
-2.592000e-01 2.285900e-01 -1.644200e-01 3.204100e-02 11 66 1.211000e+01 3.010000e+00 -9.832600e+02 2216 0
-2.881200e-01 2.361300e-01 -1.649000e-01 3.204100e-02 12 66 1.172500e+01 3.010000e+00 -1.007200e+03 2.125700e+03 0
-3.110400e-01 2.770700e-01 -1.674800e-01 3.204100e-02 13 66 1.096900e+01 3.010000e+00 -7.431700e+02 1.788500e+03 0
-3.014900e-01 3.125900e-01 -1.697200e-01 3.204100e-02 14 66 1.046600e+01 3.010000e+00 -5.153500e+02 1.592100e+03 0
-1.260500e-01 2.790500e-01 -1.676100e-01 3.204100e-02 15 66 1.049700e+01 3.010000e+00 -2.099300e+02 1818 0
3.536000e-01 3.403500e-01 -1.714800e-01 3.204100e-02 28 66 1.210400e+01 3.010000e+00 1.149400e+03 1.569400e+03 0
6.799100e-01 6.387600e-01 -1.903100e-01 3.204100e-02 29 66 1.366100e+01 3.010000e+00 1.290700e+03 9.504200e+02 0
6.725500e-01 7.386000e-01 -1.966100e-01 3.204100e-02 30 66 1.460700e+01 3.010000e+00 1.190400e+03 8.646400e+02 0
6.711800e-01 8.043500e-01 -2.007500e-01 3.204100e-02 31 66 1.482600e+01 3.010000e+00 1143 8.214800e+02 0
6.766400e-01 8.307800e-01 -2.024200e-01 3.204100e-02 32 66 1.446200e+01 3.010000e+00 1.131700e+03 8.064400e+02 0
6.810000e-01 8.600400e-01 -2.042700e-01 3.204100e-02 33 66 1.344300e+01 3.010000e+00 1.118700e+03 7.909500e+02 0
6.932800e-01 8.792900e-01 -2.054800e-01 3.204100e-02 34 66 1.161300e+01 3.010000e+00 1.118400e+03 7.815800e+02 0
-7.699500e-01 8.962500e-01 -2.065500e-01 3.204100e-02 35 66 9.960800e+00 3.010000e+00 -1.203600e+01 7.488300e+02 0
-8.212400e-01 8.989200e-01 -2.067200e-01 3.204100e-02 36 66 1.077700e+01 3.010000e+00 -4.667600e+01 7.469300e+02 0
-8.447100e-01 9.117500e-01 -2.075300e-01 3.204100e-02 37 66 1.124400e+01 3.010000e+00 -5.226200e+01 7.414300e+02 0
-8.782700e-01 9.197700e-01 -2.080400e-01 3.204100e-02 38 66 1.085500e+01 3.010000e+00 -6.885500e+01 7.378000e+02 0
0 0 -1.500000e-01 6.408200e-02 1 67 1.047000e+01 3.010000e+00 2167 -3.612800e+03 0
-1.637000e-03 3.487500e-02 -1.522000e-01 6.408200e-02 2 67 9.823500e+00 3.010000e+00 3511 -7.201600e+03 0
6.597200e-01 8.207500e-01 -2.017900e-01 6.408200e-02 32 67 9.874700e+00 3.010000e+00 1.122600e+03 8.117000e+02 0
6.897400e-01 8.294000e-01 -2.023300e-01 6.408200e-02 33 67 1.035900e+01 3.010000e+00 1.144200e+03 8.074800e+02 0
6.842800e-01 8.581300e-01 -2.041500e-01 6.408200e-02 34 67 9.906000e+00 3.010000e+00 1.122500e+03 792 0
3.585100e-01 2.498500e+00 -3.076500e-01 -7.689800e-01 74 41 1.030300e+01 3.010000e+00 7.432900e+02 5.236700e+02 0
3.634200e-01 2.522100e+00 -3.091400e-01 -7.689800e-01 75 41 1.039900e+01 3.010000e+00 7.440900e+02 5.224900e+02 0
-4.125300e+00 1.253000e+01 -9.406100e-01 -7.049000e-01 379 43 1.041300e+01 3.010000e+00 4.769400e+02 4.233100e+02 1
-4.136200e+00 1.257200e+01 -9.433000e-01 -7.049000e-01 380 43 1.060300e+01 3.010000e+00 4.771300e+02 4.232300e+02 1
-4.147100e+00 1.259400e+01 -9.447000e-01 -7.049000e-01 381 43 1.043200e+01 3.010000e+00 4.769700e+02 4.231900e+02 1
-4.469900e+00 1.243900e+01 1.524400e+00 -7.049000e-01 382 43 1.012000e+01 3.010000e+00 4.582500e+02 3.038900e+02 0
-1.811600e+00 2.152000e+00 -2.857900e-01 -5.767400e-01 84 47 9.861300e+00 3.010000e+00 1.042200e+02 5.376500e+02 1
-1.856400e+00 2.177700e+00 -2.874100e-01 -5.767400e-01 85 47 1.074100e+01 3.010000e+00 9.846400e+01 5.358900e+02 1
-1.878500e+00 2.186000e+00 -2.879300e-01 -5.767400e-01 86 47 1.051100e+01 3.010000e+00 9.448000e+01 5.353100e+02 1
-1.789000e+00 2.008700e+00 -2.767500e-01 -5.447000e-01 80 48 1.110400e+01 3.010000e+00 6.884700e+01 5.475800e+02 0
-1.811600e+00 2.069100e+00 -2.805600e-01 -5.447000e-01 81 48 1.218800e+01 3.010000e+00 8.042700e+01 5.431900e+02 1
-1.834300e+00 2.104200e+00 -2.827700e-01 -5.447000e-01 82 48 1.209100e+01 3.010000e+00 8.405200e+01 5.407200e+02 1
-1.856900e+00 2.047700e+00 -2.792100e-01 -5.447000e-01 83 48 1.108000e+01 3.010000e+00 6.028800e+01 5.445400e+02 0
-1.811600e+00 2.134300e+00 -2.846700e-01 -5.447000e-01 84 48 1.153500e+01 3.010000e+00 9.929400e+01 5.387900e+02 1
-1.856400e+00 2.156300e+00 -2.860600e-01 -5.447000e-01 85 48 1.221100e+01 3.010000e+00 9.251900e+01 5.372400e+02 1
-1.924900e+00 2.162000e+00 -2.864200e-01 -5.447000e-01 86 48 1.186400e+01 3.010000e+00 7.453100e+01 5.366700e+02 0
-2.017900e+00 2.133700e+00 -2.846300e-01 -5.447000e-01 87 48 1.045900e+01 3.010000e+00 3.936600e+01 5.382100e+02 0
-1.745900e+00 2.071000e+00 -2.806800e-01 -5.126600e-01 80 49 1.141600e+01 3.010000e+00 1.006800e+02 5.432600e+02 1
-1.789800e+00 2.105800e+00 -2.828700e-01 -5.126600e-01 81 49 1.254800e+01 3.010000e+00 9.760900e+01 5.407500e+02 1
-1.812200e+00 2.142400e+00 -2.851900e-01 -5.126600e-01 82 49 1.252800e+01 3.010000e+00 1.014000e+02 5.382600e+02 1
-1.834600e+00 2.108400e+00 -2.830400e-01 -5.126600e-01 83 49 1.124200e+01 3.010000e+00 8.520000e+01 5.404400e+02 1
-1.811600e+00 1.799100e+00 -2.635200e-01 -5.126600e-01 84 49 1.069100e+01 3.010000e+00 -1.231900e+01 5.647800e+02 0
-1.856400e+00 2.148200e+00 -2.855500e-01 -5.126600e-01 85 49 1.163100e+01 3.010000e+00 9.025000e+01 5.377600e+02 1
-1.901700e+00 2.221300e+00 -2.901600e-01 -5.126600e-01 86 49 1.154300e+01 3.010000e+00 9.758600e+01 5.330900e+02 1
-1.924100e+00 2.277500e+00 -2.937100e-01 -5.126600e-01 87 49 1.039200e+01 3.010000e+00 1.062900e+02 5.297300e+02 1
-1.659700e+00 2.184400e+00 -2.878400e-01 -4.806200e-01 80 50 1.002400e+01 3.010000e+00 1.562700e+02 5.360400e+02 1
-1.724300e+00 2.177900e+00 -2.874200e-01 -4.806200e-01 81 50 1.097900e+01 3.010000e+00 1.361700e+02 5.362600e+02 1
-1.768000e+00 2.194300e+00 -2.884600e-01 -4.806200e-01 82 50 1.096700e+01 3.010000e+00 1.280100e+02 5.351100e+02 1
-1.789800e+00 2.203900e+00 -2.890700e-01 -4.806200e-01 83 50 9.815400e+00 3.010000e+00 1.243300e+02 5.344600e+02 1
0 0 -1.500000e-01 -9.612300e-02 1 62 1.045600e+01 3.010000e+00 2167 -3.612800e+03 0
0 0 -1.500000e-01 -3.204100e-02 1 64 1.554000e+01 3.010000e+00 2167 -3.612800e+03 0
-7.093800e-02 1.125600e-01 -1.571000e-01 -3.204100e-02 5 64 1.416400e+01 3.010000e+00 -3.070200e+03 7.649600e+03 0
-1.585200e-01 1.860900e-01 -1.617400e-01 -3.204100e-02 8 64 1.326800e+01 3.010000e+00 -1.093100e+03 2927 0
-1.986300e-01 1.927500e-01 -1.621600e-01 -3.204100e-02 9 64 1.261000e+01 3.010000e+00 -1.182500e+03 2.765200e+03 0
-2.480100e-01 1.843500e-01 -1.616300e-01 -3.204100e-02 10 64 1.259800e+01 3.010000e+00 -1.553900e+03 2.898900e+03 0
-2.592000e-01 2.249600e-01 -1.642000e-01 -3.204100e-02 11 64 1.209700e+01 3.010000e+00 -1.021300e+03 2.257200e+03 0
-2.851200e-01 2.372400e-01 -1.649700e-01 -3.204100e-02 12 64 1.166400e+01 3.010000e+00 -9.862500e+02 2.115700e+03 0
-3.044900e-01 2.838200e-01 -1.679100e-01 -3.204100e-02 13 64 1.089300e+01 3.010000e+00 -6.815700e+02 1.747300e+03 0
-3.085800e-01 3.030300e-01 -1.691200e-01 -3.204100e-02 14 64 1.040600e+01 3.010000e+00 -5.813100e+02 1.638500e+03 0
-1.336900e-01 2.907900e-01 -1.683500e-01 -3.204100e-02 15 64 1.035700e+01 3.010000e+00 -1.829000e+02 1.741100e+03 0
3.609700e-01 2.779000e-01 -1.675400e-01 -3.204100e-02 28 64 1.205700e+01 3.010000e+00 1.322600e+03 1.951700e+03 0
6.799100e-01 6.438200e-01 -1.906200e-01 -3.204100e-02 29 64 1.364100e+01 3.010000e+00 1.285200e+03 9.453300e+02 0
6.725500e-01 7.397000e-01 -1.966700e-01 -3.204100e-02 30 64 1.457000e+01 3.010000e+00 1.189600e+03 8.638500e+02 0
6.793700e-01 7.973400e-01 -2.003100e-01 -3.204100e-02 31 64 1.472700e+01 3.010000e+00 1.155100e+03 8.258800e+02 0
6.766400e-01 8.288700e-01 -2.023000e-01 -3.204100e-02 32 64 1.421300e+01 3.010000e+00 1.132900e+03 8.075000e+02 0
6.810000e-01 8.633900e-01 -2.044800e-01 -3.204100e-02 33 64 1.281800e+01 3.010000e+00 1.116800e+03 7.892500e+02 0
6.392600e-01 9.532000e-01 -2.101500e-01 -3.204100e-02 34 64 1.018700e+01 3.010000e+00 1.040900e+03 7.478100e+02 0
-8.498900e-01 8.538700e-01 -2.038800e-01 -3.204100e-02 36 64 1.082700e+01 3.010000e+00 -1.096200e+02 7.657800e+02 0
-8.545300e-01 8.771700e-01 -2.053500e-01 -3.204100e-02 37 64 1.114300e+01 3.010000e+00 -9.050000e+01 7.554600e+02 0
-8.782700e-01 8.956300e-01 -2.065100e-01 -3.204100e-02 38 64 1.068200e+01 3.010000e+00 -9.049700e+01 7.473800e+02 0
