0 0 -1.500000e-01 0 1 65 1.657400e+01 3.390000e+00 2167 -3.612800e+03 0
-7.093800e-02 1.128500e-01 -1.580200e-01 0 5 65 1.517900e+01 3.390000e+00 -3.046800e+03 7.618300e+03 0
-1.585200e-01 1.860900e-01 -1.632300e-01 0 8 65 1.434000e+01 3.390000e+00 -1.093900e+03 2936 0
-2.008100e-01 1.914300e-01 -1.636100e-01 0 9 65 1.366100e+01 3.390000e+00 -1.213300e+03 2.797600e+03 0
-2.480100e-01 1.869100e-01 -1.632900e-01 0 10 65 1.361600e+01 3.390000e+00 -1.507400e+03 2.854900e+03 0
-2.619200e-01 2.223300e-01 -1.658000e-01 0 11 65 1.304700e+01 3.390000e+00 -1.060800e+03 2295 0
-2.881200e-01 2.327700e-01 -1.665500e-01 0 12 65 1.271400e+01 3.390000e+00 -1.041800e+03 2.167700e+03 0
-3.077600e-01 2.796000e-01 -1.698700e-01 0 13 65 1.195500e+01 3.390000e+00 -7.179700e+02 1.779900e+03 0
-3.050300e-01 3.031900e-01 -1.715500e-01 0 14 65 1.142200e+01 3.390000e+00 -5.721200e+02 1645 0
-1.222300e-01 3.364400e-01 -1.739200e-01 0 15 65 1.133300e+01 3.390000e+00 -6.842600e+00 1.520100e+03 0
-3.560500e-01 3.740300e-01 -1.765900e-01 0 16 65 1.122200e+01 3.390000e+00 -3.816900e+02 1.356300e+03 0
3.609700e-01 3.361800e-01 -1.739000e-01 0 28 65 1.308900e+01 3.390000e+00 1.176500e+03 1.597300e+03 0
6.799100e-01 6.362900e-01 -1.952300e-01 0 29 65 1.463200e+01 3.390000e+00 1.293800e+03 9.589200e+02 0
6.725500e-01 7.355400e-01 -2.022800e-01 0 30 65 1.555500e+01 3.390000e+00 1.193100e+03 8.726800e+02 0
6.793700e-01 7.975800e-01 -2.066900e-01 0 31 65 1.568800e+01 3.390000e+00 1.155300e+03 8.314700e+02 0
6.766400e-01 8.314800e-01 -2.091000e-01 0 32 65 1.513000e+01 3.390000e+00 1.131600e+03 8.117400e+02 0
6.722700e-01 8.739500e-01 -2.121200e-01 0 33 65 1.359700e+01 3.390000e+00 1104 7.894400e+02 0
-9.633900e-01 7.174500e-02 -1.551000e-01 0 34 65 1.090700e+01 3.390000e+00 -23357 10249 0
7.328400e-01 8.704900e-01 -2.118800e-01 0 35 65 1.094200e+01 3.390000e+00 1.156800e+03 7.923300e+02 0
-8.307900e-01 8.753800e-01 -2.122200e-01 0 36 65 1.164300e+01 3.390000e+00 -7.493900e+01 7.619100e+02 0
-8.545300e-01 8.721800e-01 -2.120000e-01 0 37 65 1.223000e+01 3.390000e+00 -9.544100e+01 7.628900e+02 0
-8.782700e-01 8.555300e-01 -2.108100e-01 0 38 65 1.191200e+01 3.390000e+00 -1.295000e+02 7.698300e+02 0
-9.123700e-01 7.995600e-01 -2.068300e-01 0 39 65 1.067200e+01 3.390000e+00 -2.179200e+02 7.961800e+02 0
0 0 -1.500000e-01 3.204100e-02 1 66 1.557000e+01 3.390000e+00 2167 -3.612800e+03 0
-7.202900e-02 1.120600e-01 -1.579700e-01 3.204100e-02 5 66 1.418300e+01 3.390000e+00 -3.133700e+03 7.752700e+03 0
-1.585200e-01 1.860500e-01 -1.632200e-01 3.204100e-02 8 66 1.330600e+01 3.390000e+00 -1.094600e+03 2937 0
-2.008100e-01 1.923500e-01 -1.636700e-01 3.204100e-02 9 66 1.264100e+01 3.390000e+00 -1.199300e+03 2.779900e+03 0
-2.480100e-01 1.880400e-01 -1.633700e-01 3.204100e-02 10 66 1.260400e+01 3.390000e+00 -1487 2.832200e+03 0
-2.592000e-01 2.276200e-01 -1.661800e-01 3.204100e-02 11 66 1.209100e+01 3.390000e+00 -9.939600e+02 2.234600e+03 0
-2.851200e-01 2.390500e-01 -1.669900e-01 3.204100e-02 12 66 1.168900e+01 3.390000e+00 -9.695400e+02 2.105500e+03 0
-3.110400e-01 2.765600e-01 -1.696600e-01 3.204100e-02 13 66 1.095400e+01 3.390000e+00 -7.471300e+02 1.798800e+03 0
-4.201700e-01 2.403100e-01 -1.670800e-01 3.204100e-02 15 66 1.023500e+01 3.390000e+00 -1.392500e+03 2.049400e+03 0
3.683300e-01 3.496600e-01 -1.748500e-01 3.204100e-02 28 66 1.203400e+01 3.390000e+00 1170 1.537400e+03 0
6.799100e-01 6.329400e-01 -1.949900e-01 3.204100e-02 29 66 1.359100e+01 3.390000e+00 1.297500e+03 9.623800e+02 0
6.804600e-01 7.258900e-01 -2.016000e-01 3.204100e-02 30 66 1.451400e+01 3.390000e+00 1.208900e+03 8.800700e+02 0
6.793700e-01 7.975600e-01 -2.066900e-01 3.204100e-02 31 66 1.461900e+01 3.390000e+00 1.155300e+03 8.314800e+02 0
6.766400e-01 8.311500e-01 -2.090800e-01 3.204100e-02 32 66 1.404700e+01 3.390000e+00 1.131700e+03 8.119200e+02 0
6.810000e-01 8.606500e-01 -2.111800e-01 3.204100e-02 33 66 1.259600e+01 3.390000e+00 1.118600e+03 7.963000e+02 0
7.112900e-01 7.857800e-01 -2.058600e-01 3.204100e-02 34 66 1.080400e+01 3.390000e+00 1.193400e+03 8.395300e+02 0
7.050100e-01 8.955100e-01 -2.136600e-01 3.204100e-02 35 66 1.044000e+01 3.390000e+00 1.119600e+03 7.796700e+02 0
-8.403400e-01 8.570000e-01 -2.109200e-01 3.204100e-02 36 66 1.046800e+01 3.390000e+00 -9.954900e+01 7.698300e+02 0
-8.643500e-01 8.460700e-01 -2.101400e-01 3.204100e-02 37 66 1.109300e+01 3.390000e+00 -1.286500e+02 7.743800e+02 0
-8.883600e-01 8.091400e-01 -2.075200e-01 3.204100e-02 38 66 1.082200e+01 3.390000e+00 -1.874800e+02 7.917500e+02 0
0 0 -1.500000e-01 6.408200e-02 1 67 1.054300e+01 3.390000e+00 2167 -3.612800e+03 0
6.466300e-01 8.228200e-01 -2.084900e-01 6.408200e-02 31 67 1.014500e+01 3.390000e+00 1.109900e+03 8.159400e+02 0
6.766400e-01 8.430200e-01 -2.099200e-01 6.408200e-02 32 67 1.075100e+01 3.390000e+00 1.124800e+03 8.054500e+02 0
6.984700e-01 8.637600e-01 -2.114000e-01 6.408200e-02 33 67 1.062600e+01 3.390000e+00 1.131700e+03 7.950600e+02 0
7.112900e-01 8.982000e-01 -2.138500e-01 6.408200e-02 34 67 9.737800e+00 3.390000e+00 1.123300e+03 7.785300e+02 0
0 0 -1.500000e-01 9.612300e-02 1 68 1.058900e+01 3.390000e+00 2167 -3.612800e+03 0
2.062700e-01 2.187600e+00 -3.055000e-01 -9.932700e-01 64 34 9.870800e+00 3.390000e+00 7.045600e+02 5.465700e+02 1
2.619200e-01 2.216300e+00 -3.075400e-01 -9.932700e-01 65 34 9.963600e+00 3.390000e+00 7.210300e+02 5.448400e+02 1
3.369600e-01 2.236900e+00 -3.090000e-01 -9.932700e-01 66 34 9.941000e+00 3.390000e+00 7.429900e+02 5.437400e+02 1
1.980800e-01 2.289000e+00 -3.127100e-01 -9.932700e-01 67 34 1.015600e+01 3.390000e+00 7.017200e+02 5.400500e+02 1
2.010800e-01 2.326000e+00 -3.153400e-01 -9.932700e-01 68 34 9.944600e+00 3.390000e+00 7.024400e+02 5.378400e+02 1
2.368200e-01 2.126300e+00 -3.011400e-01 -9.612300e-01 63 35 1.046600e+01 3.390000e+00 7.143900e+02 5.509100e+02 1
2.406400e-01 2.167500e+00 -3.040700e-01 -9.612300e-01 64 35 1.253000e+01 3.390000e+00 7.151600e+02 5.480400e+02 1
2.619200e-01 2.195000e+00 -3.060300e-01 -9.612300e-01 65 35 1.350000e+01 3.390000e+00 7.213000e+02 5.462500e+02 1
2.837500e-01 2.231000e+00 -3.085900e-01 -9.612300e-01 66 35 1.338700e+01 3.390000e+00 7.273200e+02 5.439500e+02 1
2.521000e-01 2.289800e+00 -3.127700e-01 -9.612300e-01 67 35 1.287300e+01 3.390000e+00 7.172900e+02 5.401600e+02 1
1.828000e-01 2.325700e+00 -3.153200e-01 -9.612300e-01 68 35 1.279600e+01 3.390000e+00 6.972600e+02 5.378100e+02 1
2.040800e-01 2.347000e+00 -3.168300e-01 -9.612300e-01 69 35 1.190800e+01 3.390000e+00 7.032100e+02 5.366200e+02 1
2.823900e-01 2.347200e+00 -3.168400e-01 -9.612300e-01 70 35 1.105200e+01 3.390000e+00 7.252300e+02 5.368300e+02 1
2.199100e-01 2.147100e+00 -3.026200e-01 -9.291900e-01 63 36 1.085000e+01 3.390000e+00 7.089700e+02 5.493900e+02 1
2.406400e-01 2.164000e+00 -3.038200e-01 -9.291900e-01 64 36 1.307500e+01 3.390000e+00 7.151900e+02 5.482800e+02 1
2.444600e-01 2.190800e+00 -3.057300e-01 -9.291900e-01 65 36 1.408200e+01 3.390000e+00 7.160800e+02 5.464700e+02 1
3.014900e-01 2.220200e+00 -3.078200e-01 -9.291900e-01 66 36 1.387200e+01 3.390000e+00 7.327800e+02 5.447100e+02 1
2.881200e-01 2.285400e+00 -3.124500e-01 -9.291900e-01 67 36 1.342300e+01 3.390000e+00 7.277600e+02 5.405400e+02 1
1.645200e-01 2.330900e+00 -3.156900e-01 -9.291900e-01 68 36 1.328200e+01 3.390000e+00 6.920900e+02 5.374500e+02 1
3.710600e-02 2.370400e+00 -3.184900e-01 -9.291900e-01 69 36 1.162300e+01 3.390000e+00 6.568000e+02 5.348200e+02 1
2.823900e-01 2.347200e+00 -3.168400e-01 -9.291900e-01 70 36 1.169800e+01 3.390000e+00 7.252300e+02 5.368300e+02 1
2.482800e-01 2.382000e+00 -3.193200e-01 -9.291900e-01 71 36 1.084800e+01 3.390000e+00 7.153000e+02 5.347400e+02 1
2.062700e-01 2.151600e+00 -3.029400e-01 -8.971500e-01 64 37 1.165800e+01 3.390000e+00 7.047400e+02 5.490200e+02 1
2.444600e-01 2.162200e+00 -3.037000e-01 -8.971500e-01 65 37 1.253900e+01 3.390000e+00 7.163800e+02 5.484200e+02 1
3.546900e-01 2.153600e+00 -3.030900e-01 -8.971500e-01 66 37 1.224900e+01 3.390000e+00 7.504300e+02 5.493700e+02 1
3.421400e-01 2.265900e+00 -3.110700e-01 -8.971500e-01 67 37 1.229700e+01 3.390000e+00 7.438500e+02 5.419100e+02 1
2.193600e-01 2.329300e+00 -3.155800e-01 -8.971500e-01 68 37 1.231900e+01 3.390000e+00 7.076100e+02 5.377000e+02 1
3.896100e-01 2.322000e+00 -3.150500e-01 -8.971500e-01 69 37 1.059100e+01 3.390000e+00 7.561500e+02 5.386200e+02 1
2.447400e-01 2.335800e+00 -3.160400e-01 -8.971500e-01 70 37 1.071300e+01 3.390000e+00 7.147400e+02 5.373900e+02 1
1.718900e-01 2.407000e+00 -3.211000e-01 -8.971500e-01 71 37 1.023800e+01 3.390000e+00 6.941600e+02 5.331400e+02 1
2.742000e-01 2.318400e+00 -3.148000e-01 -8.651100e-01 68 38 1.018600e+01 3.390000e+00 7.232900e+02 5.385000e+02 1
2.783000e-01 2.202400e+00 -3.065500e-01 -8.651100e-01 69 38 1.005900e+01 3.390000e+00 7.261300e+02 5.458100e+02 1
0 0 -1.500000e-01 -3.204100e-02 1 64 1.553300e+01 3.390000e+00 2167 -3.612800e+03 0
-7.093800e-02 1.128200e-01 -1.580200e-01 -3.204100e-02 5 64 1.415500e+01 3.390000e+00 -3.049800e+03 7.624100e+03 0
-1.585200e-01 1.861000e-01 -1.632300e-01 -3.204100e-02 8 64 1.334100e+01 3.390000e+00 -1.093900e+03 2.935900e+03 0
-1.986300e-01 1.923600e-01 -1.636700e-01 -3.204100e-02 9 64 1.263300e+01 3.390000e+00 -1.189200e+03 2.781300e+03 0
-2.480100e-01 1.852500e-01 -1.631700e-01 -3.204100e-02 10 64 1.259100e+01 3.390000e+00 -1538 2.888900e+03 0
-2.619200e-01 2.208700e-01 -1.657000e-01 -3.204100e-02 11 64 1.202000e+01 3.390000e+00 -1.077300e+03 2.312800e+03 0
-2.881200e-01 2.297500e-01 -1.663300e-01 -3.204100e-02 12 64 1.172900e+01 3.390000e+00 -1.073600e+03 2200 0
-3.044900e-01 2.801900e-01 -1.699200e-01 -3.204100e-02 13 64 1.095700e+01 3.390000e+00 -7.051700e+02 1.776900e+03 0
-1.260500e-01 3.391100e-01 -1.741100e-01 -3.204100e-02 15 64 1.043400e+01 3.390000e+00 -8.589700e+00 1.508500e+03 0
3.609700e-01 3.234300e-01 -1.729900e-01 -3.204100e-02 28 64 1.202700e+01 3.390000e+00 1.202400e+03 1.661300e+03 0
6.799100e-01 6.387300e-01 -1.954000e-01 -3.204100e-02 29 64 1.360100e+01 3.390000e+00 1.291100e+03 9.564300e+02 0
6.725500e-01 7.381400e-01 -2.024700e-01 -3.204100e-02 30 64 1.454600e+01 3.390000e+00 1.191100e+03 8.707800e+02 0
6.793700e-01 7.973800e-01 -2.066800e-01 -3.204100e-02 31 64 1.468800e+01 3.390000e+00 1.155400e+03 8.315900e+02 0
6.766400e-01 8.285800e-01 -2.089000e-01 -3.204100e-02 32 64 1.414600e+01 3.390000e+00 1.133300e+03 8.133500e+02 0
6.810000e-01 8.668400e-01 -2.116200e-01 -3.204100e-02 33 64 1.264900e+01 3.390000e+00 1.115100e+03 7.931600e+02 0
-8.403400e-01 8.614000e-01 -2.112300e-01 -3.204100e-02 36 64 1.079000e+01 3.390000e+00 -9.526900e+01 7.678600e+02 0
-8.545300e-01 8.615600e-01 -2.112400e-01 -3.204100e-02 37 64 1.139300e+01 3.390000e+00 -1.057100e+02 7.675400e+02 0
-8.782700e-01 8.467200e-01 -2.101900e-01 -3.204100e-02 38 64 1.106300e+01 3.390000e+00 -1.385400e+02 7.738300e+02 0
