0 0 -1.500000e-01 0 1 65 1.657900e+01 2.800000e+00 2167 -3.612800e+03 0
-7.093800e-02 1.127300e-01 -1.566200e-01 0 5 65 1.518000e+01 2.800000e+00 -3.052600e+03 7.608200e+03 0
-1.585200e-01 1.860700e-01 -1.609200e-01 0 8 65 1.432300e+01 2.800000e+00 -1.092900e+03 2.922200e+03 0
-1.986300e-01 1.936900e-01 -1.613700e-01 0 9 65 1.366800e+01 2.800000e+00 -1168 2.742600e+03 0
-2.480100e-01 1.866000e-01 -1.609500e-01 0 10 65 1.362600e+01 2.800000e+00 -1.511400e+03 2.847400e+03 0
-2.619200e-01 2.224200e-01 -1.630500e-01 0 11 65 1.310100e+01 2.800000e+00 -1.058700e+03 2.281900e+03 0
-2.881200e-01 2.326200e-01 -1.636500e-01 0 12 65 1.273800e+01 2.800000e+00 -1.042300e+03 2.157500e+03 0
-3.044900e-01 2.812600e-01 -1.665100e-01 0 13 65 1.198000e+01 2.800000e+00 -6.975000e+02 1.759400e+03 0
-2.979400e-01 3.096500e-01 -1.681700e-01 0 14 65 1.144300e+01 2.800000e+00 -5.209800e+02 1.603300e+03 0
-1.184100e-01 3.716500e-01 -1.718100e-01 0 15 65 1.139800e+01 2.800000e+00 8.299400e+01 1.380500e+03 0
3.609700e-01 3.347000e-01 -1.696400e-01 0 28 65 1.309900e+01 2.800000e+00 1.178800e+03 1.593300e+03 0
6.799100e-01 6.377400e-01 -1.874300e-01 0 29 65 1.466700e+01 2.800000e+00 1.291700e+03 9.481400e+02 0
6.725500e-01 7.373800e-01 -1.932800e-01 0 30 65 1.560700e+01 2.800000e+00 1.191200e+03 8.623200e+02 0
6.711800e-01 8.044500e-01 -1.972100e-01 0 31 65 1.578100e+01 2.800000e+00 1.142800e+03 8.182600e+02 0
6.766400e-01 8.327000e-01 -1.988700e-01 0 32 65 1.527800e+01 2.800000e+00 1.130400e+03 8.022400e+02 0
6.810000e-01 8.714500e-01 -2.011400e-01 0 33 65 1.388900e+01 2.800000e+00 1.112300e+03 7.820900e+02 0
6.392600e-01 9.574700e-01 -2.061900e-01 0 34 65 1.144000e+01 2.800000e+00 1039 7.430200e+02 0
-1.039000e+00 4.676800e-01 -1.774500e-01 0 35 65 1.070200e+01 2.800000e+00 -1.102300e+03 1.085900e+03 0
-8.212400e-01 8.943800e-01 -2.024900e-01 0 36 65 1.167300e+01 2.800000e+00 -5.054100e+01 7.458700e+02 0
-8.447100e-01 8.944700e-01 -2.025000e-01 0 37 65 1.227900e+01 2.800000e+00 -6.734900e+01 7.454700e+02 0
-8.883600e-01 8.535100e-01 -2.000900e-01 0 38 65 1.198200e+01 2.800000e+00 -1.388000e+02 7.623500e+02 0
-9.434700e-01 7.298500e-01 -1.928300e-01 0 39 65 1.072500e+01 2.800000e+00 -3.373300e+02 8.268400e+02 0
0 0 -1.500000e-01 3.204100e-02 1 66 1.557100e+01 2.800000e+00 2167 -3.612800e+03 0
-7.202900e-02 1.123000e-01 -1.565900e-01 3.204100e-02 5 66 1.416300e+01 2.800000e+00 -3.105600e+03 7.677300e+03 0
-1.585200e-01 1.860900e-01 -1.609200e-01 3.204100e-02 8 66 1.335100e+01 2.800000e+00 -1.092700e+03 2.921900e+03 0
-1.986300e-01 1.932700e-01 -1.613400e-01 3.204100e-02 9 66 1.273300e+01 2.800000e+00 -1.174200e+03 2.750400e+03 0
-2.455500e-01 1.909600e-01 -1.612100e-01 3.204100e-02 10 66 1.267700e+01 2.800000e+00 -1.423600e+03 2.763800e+03 0
-2.592000e-01 2.267000e-01 -1.633100e-01 3.204100e-02 11 66 1.223700e+01 2.800000e+00 -1.002400e+03 2.232900e+03 0
-2.851200e-01 2.369100e-01 -1.639000e-01 3.204100e-02 12 66 1.178500e+01 2.800000e+00 -9.890900e+02 2.114900e+03 0
-3.044900e-01 2.817400e-01 -1.665400e-01 3.204100e-02 13 66 1.093300e+01 2.800000e+00 -6.944500e+02 1.756400e+03 0
-2.979400e-01 3.050000e-01 -1.679000e-01 3.204100e-02 14 66 1.043900e+01 2.800000e+00 -5.444400e+02 1.626500e+03 0
-1.222300e-01 3.257900e-01 -1.691200e-01 3.204100e-02 15 66 1.059900e+01 2.800000e+00 -3.567600e+01 1.556100e+03 0
3.536000e-01 4.024000e-01 -1.736200e-01 3.204100e-02 28 66 1.203600e+01 2.800000e+00 1060 1.336600e+03 0
6.799100e-01 6.356900e-01 -1.873100e-01 3.204100e-02 29 66 1.361400e+01 2.800000e+00 1294 9.502400e+02 0
6.725500e-01 7.356800e-01 -1.931800e-01 3.204100e-02 30 66 1.452000e+01 2.800000e+00 1.192500e+03 8.635600e+02 0
6.711800e-01 8.044800e-01 -1.972100e-01 3.204100e-02 31 66 1.467900e+01 2.800000e+00 1.142800e+03 8.182500e+02 0
6.766400e-01 8.338100e-01 -1.989400e-01 3.204100e-02 32 66 1.415500e+01 2.800000e+00 1.129800e+03 8.016300e+02 0
6.810000e-01 8.720400e-01 -2.011800e-01 3.204100e-02 33 66 1.272000e+01 2.800000e+00 1.111900e+03 7.817900e+02 0
6.122500e-01 9.609600e-01 -2.064000e-01 3.204100e-02 34 66 1.004400e+01 2.800000e+00 1.017500e+03 7.412100e+02 0
-3.988900e-01 5.438800e-01 -1.819200e-01 3.204100e-02 35 66 9.765700e+00 2.800000e+00 -5.648600e+01 1.010100e+03 0
-8.212400e-01 9.024000e-01 -2.029600e-01 3.204100e-02 36 66 1.079400e+01 2.800000e+00 -4.355700e+01 7.426100e+02 0
-8.545300e-01 8.846700e-01 -2.019200e-01 3.204100e-02 37 66 1.130300e+01 2.800000e+00 -8.337600e+01 7.493700e+02 0
-8.883600e-01 8.109700e-01 -1.976000e-01 3.204100e-02 38 66 1.091400e+01 2.800000e+00 -185 7.825900e+02 0
-9.745800e-01 3.968500e-01 -1.732900e-01 3.204100e-02 39 66 9.882700e+00 2.800000e+00 -1.355800e+03 1.227500e+03 0
0 0 -1.500000e-01 6.408200e-02 1 67 1.054100e+01 2.800000e+00 2167 -3.612800e+03 0
6.722700e-01 6.404700e-01 -1.875900e-01 6.408200e-02 29 67 9.763200e+00 2.800000e+00 1.279500e+03 9.451000e+02 0
6.725500e-01 7.345800e-01 -1.931100e-01 6.408200e-02 30 67 1.088800e+01 2.800000e+00 1.193400e+03 8.643600e+02 0
6.711800e-01 8.044500e-01 -1.972100e-01 6.408200e-02 31 67 1.111100e+01 2.800000e+00 1.142800e+03 8.182700e+02 0
6.766400e-01 8.359200e-01 -1.990600e-01 6.408200e-02 32 67 1.067600e+01 2.800000e+00 1.128500e+03 8.004800e+02 0
6.897400e-01 8.689100e-01 -2.010000e-01 6.408200e-02 33 67 9.354300e+00 2.800000e+00 1121 7.835100e+02 0
0 0 -1.500000e-01 9.612300e-02 1 68 9.712900e+00 2.800000e+00 2167 -3.612800e+03 0
6.722700e-01 6.385400e-01 -1.874800e-01 9.612300e-02 29 68 9.311600e+00 2.800000e+00 1.281600e+03 9.470500e+02 0
6.725500e-01 7.342100e-01 -1.930900e-01 9.612300e-02 30 68 1.004200e+01 2.800000e+00 1.193700e+03 8.646300e+02 0
6.793700e-01 7.959000e-01 -1.967100e-01 9.612300e-02 31 68 1.011400e+01 2.800000e+00 1156 8.236000e+02 0
6.935500e-01 8.000000e-01 -1.969500e-01 9.612300e-02 32 68 9.728400e+00 2.800000e+00 1.166400e+03 8.214300e+02 0
3.192200e-02 1.189500e+00 -2.198100e-01 -8.971500e-01 40 37 9.686600e+00 2.800000e+00 6.143400e+02 6.638700e+02 0
-1.091400e-02 1.330800e+00 -2.281100e-01 -8.971500e-01 41 37 1.091800e+01 2.800000e+00 6.017000e+02 6.335800e+02 1
0 1.431700e+00 -2.340300e-01 -8.971500e-01 42 37 1.163500e+01 2.800000e+00 6.136400e+02 6.161300e+02 1
3.437800e-02 1.464400e+00 -2.359500e-01 -8.971500e-01 43 37 1.261800e+01 2.800000e+00 6.312000e+02 6.112000e+02 1
2.346400e-02 1.499100e+00 -2.379800e-01 -8.971500e-01 44 37 1.304500e+01 2.800000e+00 6.278700e+02 6.059400e+02 1
1.200500e-02 1.530200e+00 -2.398100e-01 -8.971500e-01 45 37 1.283500e+01 2.800000e+00 6.242900e+02 6.014200e+02 1
1.227800e-02 1.558000e+00 -2.414400e-01 -8.971500e-01 46 37 1.197300e+01 2.800000e+00 6.257100e+02 5.976100e+02 1
6.275300e-02 1.592000e+00 -2.434400e-01 -8.971500e-01 47 37 1.034600e+01 2.800000e+00 6.483400e+02 5.933900e+02 1
-1.064100e-02 1.276000e+00 -2.248900e-01 -8.651100e-01 40 38 1.169300e+01 2.800000e+00 5.976400e+02 6.443400e+02 1
-1.091400e-02 1.352500e+00 -2.293800e-01 -8.651100e-01 41 38 1.344600e+01 2.800000e+00 6.032600e+02 6.295900e+02 1
0 1.424500e+00 -2.336100e-01 -8.651100e-01 42 38 1.434500e+01 2.800000e+00 6.132100e+02 6.172900e+02 1
2.291800e-02 1.466600e+00 -2.360700e-01 -8.651100e-01 43 38 1.500900e+01 2.800000e+00 6.260800e+02 6.108000e+02 1
2.346400e-02 1.499500e+00 -2.380100e-01 -8.651100e-01 44 38 1.524100e+01 2.800000e+00 6.278900e+02 6.058700e+02 1
2.401000e-02 1.528600e+00 -2.397100e-01 -8.651100e-01 45 38 1.490900e+01 2.800000e+00 6.294500e+02 6.017200e+02 1
1.227800e-02 1.554300e+00 -2.412200e-01 -8.651100e-01 46 38 1.396100e+01 2.800000e+00 6.255400e+02 5.981100e+02 1
3.765200e-02 1.584400e+00 -2.429900e-01 -8.651100e-01 47 38 1.236300e+01 2.800000e+00 6.375600e+02 5.942400e+02 1
5.129400e-02 1.622400e+00 -2.452200e-01 -8.651100e-01 48 38 1.017600e+01 2.800000e+00 6.445300e+02 5.895000e+02 1
-1.064100e-02 1.301200e+00 -2.263700e-01 -8.330700e-01 40 39 1.192000e+01 2.800000e+00 5.996200e+02 6.392800e+02 1
-1.091400e-02 1.359700e+00 -2.298000e-01 -8.330700e-01 41 39 1.370700e+01 2.800000e+00 6.037800e+02 6.282800e+02 1
0 1.422000e+00 -2.334500e-01 -8.330700e-01 42 39 1.463800e+01 2.800000e+00 6.130600e+02 6.177100e+02 1
2.291800e-02 1.466400e+00 -2.360600e-01 -8.330700e-01 43 39 1.517900e+01 2.800000e+00 6.260700e+02 6.108300e+02 1
2.346400e-02 1.499900e+00 -2.380300e-01 -8.330700e-01 44 39 1.530600e+01 2.800000e+00 6.279100e+02 6.058300e+02 1
1.200500e-02 1.528600e+00 -2.397100e-01 -8.330700e-01 45 39 1.491700e+01 2.800000e+00 6.242100e+02 6.016500e+02 1
2.455500e-02 1.554300e+00 -2.412200e-01 -8.330700e-01 46 39 1.393300e+01 2.800000e+00 6.308000e+02 5.981700e+02 1
2.510100e-02 1.586300e+00 -2.431000e-01 -8.330700e-01 47 39 1.229500e+01 2.800000e+00 6.323600e+02 5.939300e+02 1
0 1.634200e+00 -2.459100e-01 -8.330700e-01 48 39 1.023200e+01 2.800000e+00 6.240600e+02 5.877700e+02 1
-1.064100e-02 1.338300e+00 -2.285400e-01 -8.010300e-01 40 40 1.045800e+01 2.800000e+00 6.023800e+02 6.322000e+02 1
0 1.373100e+00 -2.305900e-01 -8.010300e-01 41 40 1.199900e+01 2.800000e+00 6.100200e+02 6.259900e+02 1
0 1.422000e+00 -2.334600e-01 -8.010300e-01 42 40 1.284900e+01 2.800000e+00 6.130600e+02 6.177100e+02 1
1.145900e-02 1.466000e+00 -2.360400e-01 -8.010300e-01 43 40 1.321900e+01 2.800000e+00 6.208300e+02 6.108300e+02 1
1.173200e-02 1.500100e+00 -2.380400e-01 -8.010300e-01 44 40 1.318300e+01 2.800000e+00 6.227000e+02 6.057200e+02 1
1.200500e-02 1.529100e+00 -2.397400e-01 -8.010300e-01 45 40 1.273400e+01 2.800000e+00 6.242400e+02 6.015800e+02 1
1.227800e-02 1.558000e+00 -2.414400e-01 -8.010300e-01 46 40 1.174500e+01 2.800000e+00 6.257100e+02 5.976000e+02 1
-1.118600e-02 1.423800e+00 -2.335600e-01 -7.689800e-01 42 41 1.028000e+01 2.800000e+00 6.079200e+02 6.173300e+02 1
0 1.466800e+00 -2.360800e-01 -7.689800e-01 43 41 1.067000e+01 2.800000e+00 6.156600e+02 6.106300e+02 1
2.346400e-02 1.497000e+00 -2.378600e-01 -7.689800e-01 44 41 1.074700e+01 2.800000e+00 6.277700e+02 6.062400e+02 1
2.401000e-02 1.530400e+00 -2.398200e-01 -7.689800e-01 45 41 1.040500e+01 2.800000e+00 6.295300e+02 6.014600e+02 1
0 0 -1.500000e-01 -9.612300e-02 1 62 9.468900e+00 2.800000e+00 2167 -3.612800e+03 0
6.188000e-01 6.280600e-01 -1.868600e-01 -9.612300e-02 29 62 9.405400e+00 2.800000e+00 1.227400e+03 9.558400e+02 0
6.488100e-01 7.569600e-01 -1.944300e-01 -9.612300e-02 30 62 1.015300e+01 2.800000e+00 1.153100e+03 8.479400e+02 0
6.548100e-01 8.123100e-01 -1.976700e-01 -9.612300e-02 31 62 1.028900e+01 2.800000e+00 1123 8.132900e+02 0
6.089800e-01 7.659400e-01 -1.949500e-01 -9.612300e-02 32 62 9.688100e+00 2.800000e+00 1.108300e+03 8.409200e+02 0
6.548100e-01 7.386900e-01 -1.933500e-01 -9.612300e-02 33 62 9.387900e+00 2.800000e+00 1.172200e+03 8.609000e+02 0
0 0 -1.500000e-01 -6.408200e-02 1 63 9.917500e+00 2.800000e+00 2167 -3.612800e+03 0
4.147100e-02 5.458300e-02 -1.532000e-01 -6.408200e-02 3 63 9.579600e+00 2.800000e+00 4.668700e+03 -13881 0
6.493600e-01 6.118000e-01 -1.859100e-01 -6.408200e-02 29 63 9.861200e+00 2.800000e+00 1.282900e+03 9.746300e+02 0
6.567200e-01 7.528900e-01 -1.941900e-01 -6.408200e-02 30 63 1.104300e+01 2.800000e+00 1.163700e+03 8.509300e+02 0
6.630000e-01 8.073700e-01 -1.973800e-01 -6.408200e-02 31 63 1.132800e+01 2.800000e+00 1.133500e+03 8.163600e+02 0
6.343500e-01 8.115800e-01 -1.976300e-01 -6.408200e-02 32 63 1.123500e+01 2.800000e+00 1.104900e+03 8.132700e+02 0
6.548100e-01 7.931500e-01 -1.965500e-01 -6.408200e-02 33 63 1.115200e+01 2.800000e+00 1.134800e+03 8.247100e+02 0
7.022900e-01 8.062300e-01 -1.973200e-01 -6.408200e-02 34 63 1.040200e+01 2.800000e+00 1.170300e+03 8.179000e+02 0
0 0 -1.500000e-01 -3.204100e-02 1 64 1.555600e+01 2.800000e+00 2167 -3.612800e+03 0
-7.093800e-02 1.117700e-01 -1.565600e-01 -3.204100e-02 5 64 1.416800e+01 2.800000e+00 -3.142200e+03 7.780600e+03 0
-1.585200e-01 1.861000e-01 -1.609200e-01 -3.204100e-02 8 64 1.325300e+01 2.800000e+00 -1.092500e+03 2.921700e+03 0
-1.986300e-01 1.924600e-01 -1.613000e-01 -3.204100e-02 9 64 1.260800e+01 2.800000e+00 -1.186400e+03 2.765800e+03 0
-2.480100e-01 1.849400e-01 -1.608500e-01 -3.204100e-02 10 64 1.257500e+01 2.800000e+00 -1.542100e+03 2.881500e+03 0
-2.619200e-01 2.218600e-01 -1.630200e-01 -3.204100e-02 11 64 1.208500e+01 2.800000e+00 -1065 2.288600e+03 0
-2.881200e-01 2.328300e-01 -1.636600e-01 -3.204100e-02 12 64 1.170700e+01 2.800000e+00 -1.040100e+03 2.155400e+03 0
-3.077600e-01 2.755100e-01 -1.661700e-01 -3.204100e-02 13 64 1.096700e+01 2.800000e+00 -7.443900e+02 1.795600e+03 0
3.609700e-01 3.375900e-01 -1.698100e-01 -3.204100e-02 28 64 1.212000e+01 2.800000e+00 1.173300e+03 1.579600e+03 0
6.722700e-01 6.433600e-01 -1.877600e-01 -3.204100e-02 29 64 1.371000e+01 2.800000e+00 1.276400e+03 9.422100e+02 0
6.725500e-01 7.386600e-01 -1.933500e-01 -3.204100e-02 30 64 1.468100e+01 2.800000e+00 1.190200e+03 8.613900e+02 0
6.711800e-01 8.043100e-01 -1.972000e-01 -3.204100e-02 31 64 1.488300e+01 2.800000e+00 1.142900e+03 8.183500e+02 0
6.766400e-01 8.305200e-01 -1.987400e-01 -3.204100e-02 32 64 1.442400e+01 2.800000e+00 1.131700e+03 8.034400e+02 0
6.722700e-01 8.738900e-01 -2.012900e-01 -3.204100e-02 33 64 1.315900e+01 2.800000e+00 1.103700e+03 7.807100e+02 0
6.662700e-01 9.323700e-01 -2.047200e-01 -3.204100e-02 34 64 1.104400e+01 2.800000e+00 1.070300e+03 7.538100e+02 0
7.328400e-01 9.300400e-01 -2.045800e-01 -3.204100e-02 35 64 9.855800e+00 2.800000e+00 1.123300e+03 7.559000e+02 0
-7.926000e-01 9.250100e-01 -2.042900e-01 -3.204100e-02 36 64 1.033800e+01 2.800000e+00 -4.609000e+00 7.341500e+02 0
-8.447100e-01 9.017900e-01 -2.029300e-01 -3.204100e-02 37 64 1.121000e+01 2.800000e+00 -6.083800e+01 7.424900e+02 0
-8.782700e-01 8.953900e-01 -2.025500e-01 -3.204100e-02 38 64 1.106600e+01 2.800000e+00 -9.060000e+01 7.445600e+02 0
-9.642100e-01 8.160500e-01 -1.978900e-01 -3.204100e-02 39 64 9.966400e+00 2.800000e+00 -2.386400e+02 7.786300e+02 0
