0 0 -1.500000e-01 0 1 65 1.660500e+01 2.630000e+00 2167 -3.612800e+03 0
-7.093800e-02 1.129900e-01 -1.562300e-01 0 5 65 1.517700e+01 2.630000e+00 -3.027600e+03 7554 0
-1.585200e-01 1.860500e-01 -1.602600e-01 0 8 65 1.434000e+01 2.630000e+00 -1.092800e+03 2.918600e+03 0
-2.008100e-01 1.914700e-01 -1.605500e-01 0 9 65 1.366500e+01 2.630000e+00 -1211 2.779300e+03 0
-2.480100e-01 1.864000e-01 -1.602700e-01 0 10 65 1.363000e+01 2.630000e+00 -1.514500e+03 2.847400e+03 0
-2.619200e-01 2.224600e-01 -1.622600e-01 0 11 65 1.303800e+01 2.630000e+00 -1058 2.277900e+03 0
-2.881200e-01 2.336000e-01 -1.628800e-01 0 12 65 1.271500e+01 2.630000e+00 -1032 2144 0
-3.077600e-01 2.789900e-01 -1.653800e-01 0 13 65 1.200400e+01 2.630000e+00 -7.208900e+02 1.769900e+03 0
-1.222300e-01 1.590800e-01 -1.587700e-01 0 15 65 1.132100e+01 2.630000e+00 -1.398700e+03 3.716400e+03 0
3.536000e-01 3.504200e-01 -1.693200e-01 0 28 65 1.311700e+01 2.630000e+00 1.131700e+03 1518 0
6.799100e-01 6.393400e-01 -1.852400e-01 0 29 65 1.466700e+01 2.630000e+00 1.289800e+03 9.438500e+02 0
6.725500e-01 7.377200e-01 -1.906600e-01 0 30 65 1.560600e+01 2.630000e+00 1.190800e+03 8.594800e+02 0
6.711800e-01 8.044300e-01 -1.943400e-01 0 31 65 1.577700e+01 2.630000e+00 1.142700e+03 8.157300e+02 0
6.766400e-01 8.317500e-01 -1.958500e-01 0 32 65 1.526100e+01 2.630000e+00 1.130900e+03 8.002200e+02 0
6.722700e-01 8.725600e-01 -1.981000e-01 0 33 65 1.379700e+01 2.630000e+00 1.104200e+03 7.788500e+02 0
-9.633900e-01 1.031500e-01 -1.556900e-01 0 34 65 1.087500e+01 2.630000e+00 -11047 5.194400e+03 0
7.142900e-01 8.434700e-01 -1.964900e-01 0 35 65 1.064900e+01 2.630000e+00 1.156900e+03 7.946200e+02 0
-8.212400e-01 8.933000e-01 -1.992400e-01 0 36 65 1.177500e+01 2.630000e+00 -5.140400e+01 7.439600e+02 0
-8.447100e-01 8.872000e-01 -1.989000e-01 0 37 65 1.218700e+01 2.630000e+00 -7.384000e+01 7.461100e+02 0
-8.782700e-01 8.316800e-01 -1.958400e-01 0 38 65 1.181100e+01 2.630000e+00 -154 7.702800e+02 0
-9.434700e-01 6.417500e-01 -1.853700e-01 0 39 65 1.049900e+01 2.630000e+00 -4.887500e+02 8.875100e+02 0
0 0 -1.500000e-01 3.204100e-02 1 66 1.560100e+01 2.630000e+00 2167 -3.612800e+03 0
-7.202900e-02 1.125500e-01 -1.562000e-01 3.204100e-02 5 66 1.416700e+01 2.630000e+00 -3.080600e+03 7.623300e+03 0
-1.585200e-01 1.859700e-01 -1.602500e-01 3.204100e-02 8 66 1.333200e+01 2.630000e+00 -1.094100e+03 2.920400e+03 0
-2.008100e-01 1.912700e-01 -1.605400e-01 3.204100e-02 9 66 1.265600e+01 2.630000e+00 -1.214100e+03 2.783200e+03 0
-2.480100e-01 1.857500e-01 -1.602400e-01 3.204100e-02 10 66 1.261600e+01 2.630000e+00 -1.526500e+03 2.860700e+03 0
-2.592000e-01 2.266200e-01 -1.624900e-01 3.204100e-02 11 66 1.198200e+01 2.630000e+00 -1003 2.230400e+03 0
-2.881200e-01 2.348700e-01 -1.629500e-01 3.204100e-02 12 66 1.168500e+01 2.630000e+00 -1.019100e+03 2131 0
-3.077600e-01 2.802400e-01 -1.654500e-01 3.204100e-02 13 66 1.100100e+01 2.630000e+00 -7.127200e+02 1762 0
-3.972500e-01 2.569400e-01 -1.641600e-01 3.204100e-02 15 66 1.034700e+01 2.630000e+00 -1.148100e+03 1.902600e+03 0
3.609700e-01 3.498300e-01 -1.692800e-01 3.204100e-02 28 66 1.206700e+01 2.630000e+00 1.150900e+03 1.521600e+03 0
6.799100e-01 6.374600e-01 -1.851400e-01 3.204100e-02 29 66 1.365000e+01 2.630000e+00 1.291900e+03 9.457600e+02 0
6.725500e-01 7.363400e-01 -1.905900e-01 3.204100e-02 30 66 1.459800e+01 2.630000e+00 1.191900e+03 8.604900e+02 0
6.711800e-01 8.044700e-01 -1.943400e-01 3.204100e-02 31 66 1.476800e+01 2.630000e+00 1.142700e+03 8.157000e+02 0
6.766400e-01 8.322000e-01 -1.958700e-01 3.204100e-02 32 66 1.425000e+01 2.630000e+00 1.130600e+03 7.999700e+02 0
6.722700e-01 8.716000e-01 -1.980400e-01 3.204100e-02 33 66 1.277400e+01 2.630000e+00 1.104800e+03 7.793200e+02 0
-9.904000e-01 3.546500e-01 -1.695500e-01 3.204100e-02 34 66 9.967900e+00 2.630000e+00 -1.659700e+03 1.334900e+03 0
7.328400e-01 7.397800e-01 -1.907800e-01 3.204100e-02 35 66 1.009500e+01 2.630000e+00 1.250600e+03 8.596100e+02 0
-8.498900e-01 8.530600e-01 -1.970200e-01 3.204100e-02 36 66 1.075200e+01 2.630000e+00 -1.102100e+02 7.608500e+02 0
-8.643500e-01 8.578900e-01 -1.972900e-01 3.204100e-02 37 66 1.111400e+01 2.630000e+00 -1.162600e+02 7.584300e+02 0
-8.984600e-01 8.036900e-01 -1.943000e-01 3.204100e-02 38 66 1.073300e+01 2.630000e+00 -2.013700e+02 7.837100e+02 0
0 0 -1.500000e-01 6.408200e-02 1 67 1.032200e+01 2.630000e+00 2167 -3.612800e+03 0
3.355900e-02 8.558000e-03 -1.504700e-01 6.408200e-02 2 67 1.003400e+01 2.630000e+00 2.010900e+03 -4.061500e+03 0
6.264400e-01 5.868400e-01 -1.823500e-01 6.408200e-02 29 67 9.404100e+00 2.630000e+00 1.282100e+03 1.000200e+03 0
6.646300e-01 7.184700e-01 -1.896000e-01 6.408200e-02 30 67 1.005200e+01 2.630000e+00 1.197900e+03 8.736200e+02 0
6.711800e-01 8.042800e-01 -1.943300e-01 6.408200e-02 31 67 1.014700e+01 2.630000e+00 1.142800e+03 8.158100e+02 0
6.766400e-01 8.371200e-01 -1.961400e-01 6.408200e-02 32 67 9.909400e+00 2.630000e+00 1.127700e+03 7.972900e+02 0
4.802000e-01 2.703700e+00 -2.990300e-01 -7.369400e-01 81 42 1.036300e+01 2.630000e+00 769 5.091700e+02 0
4.862000e-01 2.723400e+00 -3.001100e-01 -7.369400e-01 82 42 1.002800e+01 2.630000e+00 7.698900e+02 5.083300e+02 0
2.458300e-01 1.813300e+00 -2.499500e-01 -7.049000e-01 54 43 9.985700e+00 2.630000e+00 7.212200e+02 5.669300e+02 0
2.799300e-01 1.833300e+00 -2.510600e-01 -7.049000e-01 55 43 1.005700e+01 2.630000e+00 7.333100e+02 5.651100e+02 0
-4.002000e+00 1.279100e+01 -8.550400e-01 -7.049000e-01 387 43 1.000900e+01 2.630000e+00 4.873800e+02 418 1
-3.676500e+00 1.283600e+01 1.583400e+00 -6.728600e-01 386 44 1.029900e+01 2.630000e+00 5.038000e+02 3.028100e+02 0
-3.896700e+00 1.288900e+01 -8.604700e-01 -6.728600e-01 387 44 1.071200e+01 2.630000e+00 4.940700e+02 4.178500e+02 1
-4.117900e+00 1.287200e+01 -8.595400e-01 -6.728600e-01 388 44 1.051700e+01 2.630000e+00 4.830500e+02 4.178400e+02 1
-1.762500e+00 2.388000e+00 -2.816300e-01 -6.087800e-01 86 46 1.026100e+01 2.630000e+00 1.757200e+02 5.191600e+02 1
-1.877100e+00 2.278900e+00 -2.756100e-01 -6.087800e-01 87 46 1.003100e+01 2.630000e+00 1.195300e+02 5.248300e+02 0
-1.590400e+00 2.573800e+00 -2.918700e-01 -6.087800e-01 88 46 1.009800e+01 2.630000e+00 2.551200e+02 5.105500e+02 1
-1.632700e+00 2.602500e+00 -2.934500e-01 -6.087800e-01 89 46 1.177800e+01 2.630000e+00 2.498300e+02 5.091800e+02 1
-1.699800e+00 2.601100e+00 -2.933800e-01 -6.087800e-01 90 46 1.221500e+01 2.630000e+00 2.334700e+02 5.091000e+02 1
-1.792500e+00 2.579400e+00 -2.921800e-01 -6.087800e-01 91 46 1.169100e+01 2.630000e+00 2.071400e+02 5.098700e+02 1
-1.911800e+00 2.524300e+00 -2.891400e-01 -6.087800e-01 92 46 1.038500e+01 2.630000e+00 1.671000e+02 5.121200e+02 1
-1.562500e+00 2.398300e+00 -2.822000e-01 -5.767400e-01 84 47 9.994600e+00 2.630000e+00 230 5.191200e+02 1
-1.650100e+00 2.424000e+00 -2.836100e-01 -5.767400e-01 85 47 1.198100e+01 2.630000e+00 2.123700e+02 5.175800e+02 1
-1.693000e+00 2.437200e+00 -2.843400e-01 -5.767400e-01 86 47 1.260000e+01 2.630000e+00 2.040300e+02 5.168200e+02 1
-1.736300e+00 2.433600e+00 -2.841400e-01 -5.767400e-01 87 47 1.211200e+01 2.630000e+00 1.921800e+02 5.169000e+02 1
-1.661600e+00 2.508100e+00 -2.882500e-01 -5.767400e-01 88 47 1.187700e+01 2.630000e+00 2.257900e+02 5.134300e+02 1
-1.632700e+00 2.597400e+00 -2.931700e-01 -5.767400e-01 89 47 1.328200e+01 2.630000e+00 2.489600e+02 5.094100e+02 1
-1.699800e+00 2.596900e+00 -2.931400e-01 -5.767400e-01 90 47 1.375500e+01 2.630000e+00 2.327100e+02 5.092900e+02 1
-1.768000e+00 2.590600e+00 -2.928000e-01 -5.767400e-01 91 47 1.324200e+01 2.630000e+00 2.151700e+02 5.094200e+02 1
-1.862100e+00 2.555300e+00 -2.908500e-01 -5.767400e-01 92 47 1.189100e+01 2.630000e+00 1.855800e+02 5.108000e+02 1
-1.983000e+00 2.456200e+00 -2.853900e-01 -5.767400e-01 93 47 1.018000e+01 2.630000e+00 1.344700e+02 5.152000e+02 0
-1.517300e+00 2.469700e+00 -2.861300e-01 -5.447000e-01 84 48 1.001300e+01 2.630000e+00 2.550200e+02 5.156100e+02 1
-1.627200e+00 2.440800e+00 -2.845400e-01 -5.447000e-01 85 48 1.190800e+01 2.630000e+00 2.215800e+02 5.167900e+02 1
-1.693000e+00 2.438000e+00 -2.843900e-01 -5.447000e-01 86 48 1.251300e+01 2.630000e+00 2.041900e+02 5.167800e+02 1
-1.712900e+00 2.463200e+00 -2.857700e-01 -5.447000e-01 87 48 1.199200e+01 2.630000e+00 2.041900e+02 5.154800e+02 1
-1.637800e+00 2.539100e+00 -2.899600e-01 -5.447000e-01 88 48 1.175300e+01 2.630000e+00 2.373800e+02 5.120300e+02 1
-1.656700e+00 2.578600e+00 -2.921400e-01 -5.447000e-01 89 48 1.280200e+01 2.630000e+00 2.398700e+02 5.101900e+02 1
-1.699800e+00 2.595400e+00 -2.930600e-01 -5.447000e-01 90 48 1.324800e+01 2.630000e+00 2.324500e+02 5.093500e+02 1
-1.768000e+00 2.589200e+00 -2.927200e-01 -5.447000e-01 91 48 1.275600e+01 2.630000e+00 2.149100e+02 5.094800e+02 1
-1.812500e+00 2.594700e+00 -2.930200e-01 -5.447000e-01 92 48 1.140300e+01 2.630000e+00 2.052400e+02 5.091500e+02 1
5.762300e-01 1.559800e+00 -2.359800e-01 -3.204100e-01 49 55 9.893700e+00 2.630000e+00 8.694000e+02 5.982300e+02 0
5.748700e-01 1.572600e+00 -2.366900e-01 -3.204100e-01 50 55 9.934300e+00 2.630000e+00 8.672900e+02 5.964600e+02 0
0 0 -1.500000e-01 -6.408200e-02 1 63 1.036800e+01 2.630000e+00 2167 -3.612800e+03 0
6.646300e-01 7.610800e-01 -1.919500e-01 -6.408200e-02 30 63 1.001900e+01 2.630000e+00 1.165600e+03 8.429700e+02 0
6.630000e-01 8.105000e-01 -1.946800e-01 -6.408200e-02 31 63 1.033000e+01 2.630000e+00 1.131500e+03 8.119700e+02 0
6.766400e-01 8.422700e-01 -1.964300e-01 -6.408200e-02 32 63 1.017800e+01 2.630000e+00 1.124700e+03 7.945100e+02 0
0 0 -1.500000e-01 -3.204100e-02 1 64 1.558100e+01 2.630000e+00 2167 -3.612800e+03 0
-7.093800e-02 1.129100e-01 -1.562200e-01 -3.204100e-02 5 64 1.415400e+01 2.630000e+00 -3.034700e+03 7.567500e+03 0
-1.585200e-01 1.860400e-01 -1.602500e-01 -3.204100e-02 8 64 1.333000e+01 2.630000e+00 -1093 2.918900e+03 0
-1.986300e-01 1.947700e-01 -1.607400e-01 -3.204100e-02 9 64 1.265400e+01 2.630000e+00 -1.151900e+03 2719 0
-2.455500e-01 1.906300e-01 -1.605100e-01 -3.204100e-02 10 64 1.260600e+01 2.630000e+00 -1.428800e+03 2.766200e+03 0
-2.619200e-01 2.222700e-01 -1.622500e-01 -3.204100e-02 11 64 1.214800e+01 2.630000e+00 -1060 2.280100e+03 0
-2.881200e-01 2.340200e-01 -1.629000e-01 -3.204100e-02 12 64 1.173000e+01 2.630000e+00 -1.027700e+03 2.139700e+03 0
-3.077600e-01 2.788400e-01 -1.653700e-01 -3.204100e-02 13 64 1.102500e+01 2.630000e+00 -7.218500e+02 1.770900e+03 0
3.536000e-01 2.959700e-01 -1.663100e-01 -3.204100e-02 28 64 1.211000e+01 2.630000e+00 1.245200e+03 1.808900e+03 0
6.799100e-01 6.435700e-01 -1.854700e-01 -3.204100e-02 29 64 1.365000e+01 2.630000e+00 1.285200e+03 9.396100e+02 0
6.725500e-01 7.397900e-01 -1.907800e-01 -3.204100e-02 30 64 1.458500e+01 2.630000e+00 1.189200e+03 8.579900e+02 0
6.711800e-01 8.043100e-01 -1.943300e-01 -3.204100e-02 31 64 1.476000e+01 2.630000e+00 1.142800e+03 8.157900e+02 0
6.766400e-01 8.308600e-01 -1.958000e-01 -3.204100e-02 32 64 1.425300e+01 2.630000e+00 1.131400e+03 8.007100e+02 0
6.810000e-01 8.661700e-01 -1.977400e-01 -3.204100e-02 33 64 1.283000e+01 2.630000e+00 1115 7.822000e+02 0
-8.021400e-01 9.176900e-01 -2.005800e-01 -3.204100e-02 36 64 1.082500e+01 2.630000e+00 -1.711900e+01 7.344800e+02 0
-8.348900e-01 8.940900e-01 -1.992800e-01 -3.204100e-02 37 64 1.123200e+01 2.630000e+00 -6.053700e+01 7.434200e+02 0
-8.681700e-01 8.128400e-01 -1.948000e-01 -3.204100e-02 38 64 1.087400e+01 2.630000e+00 -1.668200e+02 7.796600e+02 0
