0 0 -1.500000e-01 0 1 65 1.662600e+01 1.420000e+00 2167 -3.612800e+03 0
-7.093800e-02 1.130300e-01 -1.533600e-01 0 5 65 1.518300e+01 1.420000e+00 -3.013400e+03 7.483100e+03 0
-1.585200e-01 1.860000e-01 -1.555300e-01 0 8 65 1.432900e+01 1.420000e+00 -1091 2.890900e+03 0
-1.986300e-01 1.944300e-01 -1.557800e-01 0 9 65 1.367500e+01 1.420000e+00 -1.154100e+03 2.697600e+03 0
-2.480100e-01 1.865200e-01 -1.555500e-01 0 10 65 1.363400e+01 1.420000e+00 -1509 2817 0
-2.619200e-01 2.224600e-01 -1.566200e-01 0 11 65 1.314800e+01 1.420000e+00 -1.055600e+03 2.253100e+03 0
-2.851200e-01 2.378100e-01 -1.570700e-01 0 12 65 1.273600e+01 1.420000e+00 -9.778600e+02 2.078800e+03 0
-3.044900e-01 2.824500e-01 -1.584000e-01 0 13 65 1.194500e+01 1.420000e+00 -6.881000e+02 1727 0
-4.256300e-01 1.073600e-01 -1.531900e-01 0 14 65 1.138600e+01 1.420000e+00 -7.253700e+03 6553 0
-1.222300e-01 3.665000e-01 -1.609000e-01 0 15 65 1.132600e+01 1.420000e+00 6.508500e+01 1.373700e+03 0
-3.560500e-01 3.738000e-01 -1.611200e-01 0 16 65 1.117500e+01 1.420000e+00 -3.806700e+02 1.324700e+03 0
3.609700e-01 3.540200e-01 -1.605300e-01 0 28 65 1.313300e+01 1.420000e+00 1.142800e+03 1.481900e+03 0
6.799100e-01 6.362300e-01 -1.689300e-01 0 29 65 1.466400e+01 1.420000e+00 1.292200e+03 9.280200e+02 0
6.725500e-01 7.359100e-01 -1.718900e-01 0 30 65 1.557500e+01 1.420000e+00 1.191300e+03 8.423700e+02 0
6.711800e-01 8.044200e-01 -1.739300e-01 0 31 65 1.575700e+01 1.420000e+00 1.141900e+03 7.975900e+02 0
6.766400e-01 8.306600e-01 -1.747100e-01 0 32 65 1.530700e+01 1.420000e+00 1.130700e+03 7.827800e+02 0
6.722700e-01 8.713300e-01 -1.759200e-01 0 33 65 1.401900e+01 1.420000e+00 1.104100e+03 7.615500e+02 0
6.662700e-01 9.358700e-01 -1.778400e-01 0 34 65 1.146000e+01 1.420000e+00 1068 7.321200e+02 0
-1.122500e+00 3.807800e-01 -1.613300e-01 0 35 65 1.055600e+01 1.420000e+00 -1.692100e+03 1.232800e+03 0
-8.116900e-01 9.093300e-01 -1.770500e-01 0 36 65 1.164000e+01 1.420000e+00 -3.021200e+01 7.208900e+02 0
-8.447100e-01 8.999000e-01 -1.767700e-01 0 37 65 1.214000e+01 1.420000e+00 -6.180300e+01 7.241700e+02 0
-8.681700e-01 8.799700e-01 -1.761800e-01 0 38 65 1.164800e+01 1.420000e+00 -9.697100e+01 7.320300e+02 0
-9.123700e-01 7.773300e-01 -1.731200e-01 0 39 65 1.000400e+01 1.420000e+00 -2.441900e+02 7.804900e+02 0
0 0 -1.500000e-01 3.204100e-02 1 66 1.562700e+01 1.420000e+00 2167 -3.612800e+03 0
-7.202900e-02 1.125200e-01 -1.533500e-01 3.204100e-02 5 66 1.417100e+01 1.420000e+00 -3.072900e+03 7.564800e+03 0
-1.585200e-01 1.859200e-01 -1.555300e-01 3.204100e-02 8 66 1.330200e+01 1.420000e+00 -1.092200e+03 2.892700e+03 0
-2.008100e-01 1.925600e-01 -1.557300e-01 3.204100e-02 9 66 1.267200e+01 1.420000e+00 -1.191700e+03 2.730800e+03 0
-2.480100e-01 1.877700e-01 -1.555900e-01 3.204100e-02 10 66 1.261500e+01 1.420000e+00 -1.486500e+03 2.792100e+03 0
-2.619200e-01 2.237600e-01 -1.566600e-01 3.204100e-02 11 66 1.219000e+01 1.420000e+00 -1.041200e+03 2.237700e+03 0
-2.881200e-01 2.352500e-01 -1.570000e-01 3.204100e-02 12 66 1.171400e+01 1.420000e+00 -1.013100e+03 2.103200e+03 0
-3.044900e-01 2.824600e-01 -1.584000e-01 3.204100e-02 13 66 1.089500e+01 1.420000e+00 -6.879900e+02 1.726900e+03 0
-4.220800e-01 1.236300e-01 -1.536800e-01 3.204100e-02 14 66 1.041300e+01 1.420000e+00 -5.207900e+03 4.991400e+03 0
-4.125300e-01 2.451200e-01 -1.572900e-01 3.204100e-02 15 66 1.048800e+01 1.420000e+00 -1.310700e+03 1.971800e+03 0
3.536000e-01 3.646800e-01 -1.608500e-01 3.204100e-02 28 66 1.211900e+01 1.420000e+00 1.108400e+03 1.438800e+03 0
6.722700e-01 6.359100e-01 -1.689200e-01 3.204100e-02 29 66 1.360300e+01 1.420000e+00 1.283300e+03 9.280800e+02 0
6.725500e-01 7.311500e-01 -1.717500e-01 3.204100e-02 30 66 1.452200e+01 1.420000e+00 1.195100e+03 8.458400e+02 0
6.711800e-01 8.044700e-01 -1.739300e-01 3.204100e-02 31 66 1.467600e+01 1.420000e+00 1.141900e+03 7.975600e+02 0
6.766400e-01 8.316000e-01 -1.747400e-01 3.204100e-02 32 66 1.420600e+01 1.420000e+00 1.130200e+03 7.822600e+02 0
6.722700e-01 8.723500e-01 -1.759500e-01 3.204100e-02 33 66 1.290200e+01 1.420000e+00 1.103600e+03 7.610500e+02 0
6.572700e-01 9.408400e-01 -1.779900e-01 3.204100e-02 34 66 1.044400e+01 1.420000e+00 1.058800e+03 7.299100e+02 0
-7.926000e-01 9.302700e-01 -1.776700e-01 3.204100e-02 36 66 1.041500e+01 1.420000e+00 1.714300e-01 7.130700e+02 0
-8.250600e-01 9.306300e-01 -1.776800e-01 3.204100e-02 37 66 1.111600e+01 1.420000e+00 -2.201300e+01 7.124900e+02 0
-8.277900e-01 9.334500e-01 -1.777700e-01 3.204100e-02 38 66 1.074700e+01 1.420000e+00 -2.161100e+01 7.113900e+02 0
0 0 -1.500000e-01 6.408200e-02 1 67 9.771000e+00 1.420000e+00 2167 -3.612800e+03 0
6.957400e-01 7.628500e-01 -1.726900e-01 6.408200e-02 31 67 1.006800e+01 1.420000e+00 1.193900e+03 8.242300e+02 0
6.851000e-01 8.125200e-01 -1.741700e-01 6.408200e-02 32 67 9.997400e+00 1.420000e+00 1.149500e+03 7.931600e+02 0
1.178700e-01 1.668700e+00 -1.996400e-01 -8.010300e-01 49 40 9.966800e+00 1.420000e+00 6.722700e+02 5.654500e+02 0
4.010700e-02 1.706800e+00 -2.007700e-01 -8.010300e-01 50 40 1.003700e+01 1.420000e+00 6.425300e+02 5.607600e+02 0
7.857700e-02 1.657700e+00 -1.993100e-01 -7.689800e-01 49 41 1.002400e+01 1.420000e+00 6.563600e+02 5.665500e+02 0
4.010700e-02 1.693800e+00 -2.003800e-01 -7.689800e-01 50 41 1.011900e+01 1.420000e+00 6.421200e+02 5.622200e+02 0
8.654400e-01 1.505300e+00 -1.947800e-01 -7.369400e-01 53 42 1.075500e+01 1.420000e+00 1.007900e+03 5.909500e+02 0
8.676300e-01 1.555300e+00 -1.962600e-01 -7.369400e-01 54 42 1.092600e+01 1.420000e+00 9.981100e+02 5.837000e+02 0
8.692600e-01 1.581900e+00 -1.970600e-01 -7.369400e-01 55 42 1.034300e+01 1.420000e+00 9.933300e+02 5.800400e+02 0
-9.221900e-01 1.992000e+00 -2.092500e-01 -7.369400e-01 66 42 1.100600e+01 1.420000e+00 3.372500e+02 5.307700e+02 1
-9.363800e-01 2.036800e+00 -2.105900e-01 -7.369400e-01 67 42 1.132800e+01 1.420000e+00 3.408400e+02 5.273400e+02 1
-9.505700e-01 2.066900e+00 -2.114800e-01 -7.369400e-01 68 42 1.032800e+01 1.420000e+00 3.417000e+02 5.251100e+02 1
-8.348900e-01 2.220500e+00 -2.160500e-01 -7.369400e-01 69 42 1.017800e+01 1.420000e+00 3.997400e+02 5.151600e+02 1
-8.283400e-01 2.249000e+00 -2.169000e-01 -7.369400e-01 70 42 1.133800e+01 1.420000e+00 4.053900e+02 5.134300e+02 1
-8.976400e-01 2.241900e+00 -2.166900e-01 -7.369400e-01 71 42 1.224800e+01 1.420000e+00 3.847500e+02 5.136900e+02 1
-9.492000e-01 2.245600e+00 -2.168000e-01 -7.369400e-01 72 42 1.201400e+01 1.420000e+00 3.706300e+02 5.133400e+02 1
-1.001900e+00 2.236500e+00 -2.165300e-01 -7.369400e-01 73 42 1.064400e+01 1.420000e+00 3.543300e+02 5.137600e+02 1
4.064700e+00 5.288200e+00 -3.073100e-01 -7.369400e-01 192 42 1.014100e+01 1.420000e+00 1.180600e+03 4.389000e+02 1
4.295600e+00 5.148400e+00 -3.031500e-01 -7.369400e-01 193 42 1.060800e+01 1.420000e+00 1.224900e+03 4.407100e+02 1
4.370600e+00 5.129600e+00 -3.025900e-01 -7.369400e-01 194 42 1.019800e+01 1.420000e+00 1.236900e+03 4.409900e+02 1
8.070600e-01 1.502200e+00 -1.946900e-01 -7.049000e-01 52 43 1.006600e+01 1.420000e+00 9.817400e+02 5.910800e+02 0
8.512600e-01 1.525400e+00 -1.953700e-01 -7.049000e-01 53 43 1.080300e+01 1.420000e+00 9.970800e+02 5.878900e+02 0
8.531700e-01 1.580300e+00 -1.970100e-01 -7.049000e-01 54 43 1.087400e+01 1.420000e+00 9.866400e+02 5.801800e+02 0
8.398000e-01 1.623300e+00 -1.982900e-01 -7.049000e-01 55 43 1.018600e+01 1.420000e+00 9.726800e+02 5.744400e+02 0
-8.422500e-01 2.007800e+00 -2.097300e-01 -7.049000e-01 64 43 1.102400e+01 1.420000e+00 3.655200e+02 5.298100e+02 1
-8.867200e-01 2.062400e+00 -2.113500e-01 -7.049000e-01 66 43 1.157500e+01 1.420000e+00 3.606500e+02 5.256100e+02 1
-9.183700e-01 2.078600e+00 -2.118300e-01 -7.049000e-01 67 43 1.218500e+01 1.420000e+00 3.535900e+02 5.243700e+02 1
-1.005400e+00 2.032500e+00 -2.104600e-01 -7.049000e-01 68 43 1.089700e+01 1.420000e+00 3.184800e+02 5.274500e+02 1
-7.977800e-01 2.234600e+00 -2.164700e-01 -7.049000e-01 69 43 1.107100e+01 1.420000e+00 4.122300e+02 5.143900e+02 1
-8.283400e-01 2.249700e+00 -2.169200e-01 -7.049000e-01 70 43 1.245400e+01 1.420000e+00 4.054900e+02 5.133900e+02 1
-8.976400e-01 2.247200e+00 -2.168500e-01 -7.049000e-01 71 43 1.327300e+01 1.420000e+00 3.854800e+02 5.133700e+02 1
-9.492000e-01 2.252600e+00 -2.170100e-01 -7.049000e-01 72 43 1.296800e+01 1.420000e+00 3.716600e+02 5.129100e+02 1
-1.021500e+00 2.218600e+00 -2.160000e-01 -7.049000e-01 73 43 1.153700e+01 1.420000e+00 3.459200e+02 5.148000e+02 1
4.199000e+00 5.137000e+00 -3.028100e-01 -7.049000e-01 191 43 1.051500e+01 1.420000e+00 1.213300e+03 4.407900e+02 1
4.221100e+00 5.137900e+00 -3.028400e-01 -7.049000e-01 192 43 1.205000e+01 1.420000e+00 1.216100e+03 4.407900e+02 1
4.243200e+00 5.158500e+00 -3.034500e-01 -7.049000e-01 193 43 1.246700e+01 1.420000e+00 1.216900e+03 4.405500e+02 1
4.370600e+00 5.091800e+00 -3.014600e-01 -7.049000e-01 194 43 1.185800e+01 1.420000e+00 1.241100e+03 4.414700e+02 1
4.499100e+00 4.966800e+00 -2.977500e-01 -7.049000e-01 195 43 1.066100e+01 1.420000e+00 1.273200e+03 4.431700e+02 1
4.681900e+00 4.762600e+00 -2.916700e-01 -7.049000e-01 196 43 1.023600e+01 1.420000e+00 1.325800e+03 4.461500e+02 0
-8.689900e-01 2.085700e+00 -2.120400e-01 -6.728600e-01 66 44 1.038000e+01 1.420000e+00 3.698700e+02 524 1
-9.183700e-01 2.098200e+00 -2.124100e-01 -6.728600e-01 67 44 1.127400e+01 1.420000e+00 3.568300e+02 5.229900e+02 1
-9.505700e-01 2.132200e+00 -2.134200e-01 -6.728600e-01 68 44 1.070600e+01 1.420000e+00 3.527000e+02 5.205700e+02 1
-9.091000e-01 2.193400e+00 -2.152400e-01 -6.728600e-01 69 44 1.078000e+01 1.420000e+00 3.744300e+02 5.166800e+02 1
-8.471600e-01 2.237500e+00 -2.165600e-01 -6.728600e-01 70 44 1.161100e+01 1.420000e+00 3.985100e+02 5.140800e+02 1
-8.976400e-01 2.253000e+00 -2.170200e-01 -6.728600e-01 71 44 1.232200e+01 1.420000e+00 3.863000e+02 5.130200e+02 1
-9.492000e-01 2.266100e+00 -2.174100e-01 -6.728600e-01 72 44 1.199300e+01 1.420000e+00 3.736200e+02 5.121000e+02 1
-1.060800e+00 2.217000e+00 -2.159500e-01 -6.728600e-01 73 44 1.059300e+01 1.420000e+00 3.344200e+02 5.148000e+02 1
4.250800e+00 5.016100e+00 -2.992100e-01 -6.728600e-01 191 44 1.052600e+01 1.420000e+00 1.233400e+03 4.423600e+02 1
4.273200e+00 5.059500e+00 -3.005000e-01 -6.728600e-01 192 44 1.193600e+01 1.420000e+00 1.231600e+03 4.418100e+02 1
4.295600e+00 5.096300e+00 -3.016000e-01 -6.728600e-01 193 44 1.225000e+01 1.420000e+00 1.230500e+03 4.413600e+02 1
4.423300e+00 5.036700e+00 -2.998300e-01 -6.728600e-01 194 44 1.140100e+01 1.420000e+00 1.254500e+03 4.422000e+02 1
4.894700e+00 4.539800e+00 -2.850400e-01 -6.728600e-01 196 44 1.013200e+01 1.420000e+00 1.390900e+03 4.497500e+02 0
8.403400e-02 1.532200e+00 -1.955800e-01 -6.087800e-01 45 46 9.837100e+00 1.420000e+00 6.555200e+02 5.826800e+02 0
1.105000e-01 1.563300e+00 -1.965000e-01 -6.087800e-01 46 46 1.015800e+01 1.420000e+00 6.676100e+02 5.785600e+02 0
-5.701800e+00 6.928400e+00 -3.561000e-01 -6.087800e-01 259 46 1.207200e+01 1.420000e+00 1.641800e+02 4.209100e+02 1
-5.794500e+00 6.916500e+00 -3.557400e-01 -6.087800e-01 260 46 1.325400e+01 1.420000e+00 1.551400e+02 4.209500e+02 1
-5.887800e+00 6.883200e+00 -3.547500e-01 -6.087800e-01 261 46 1.353900e+01 1.420000e+00 1.443600e+02 4.211100e+02 1
-5.910500e+00 6.908200e+00 -3.554900e-01 -6.087800e-01 262 46 1.314100e+01 1.420000e+00 1.443300e+02 4.209500e+02 1
-6.004600e+00 6.883300e+00 -3.547500e-01 -6.087800e-01 263 46 1.231200e+01 1.420000e+00 1.340900e+02 4.210700e+02 1
-6.099300e+00 6.866500e+00 -3.542600e-01 -6.087800e-01 264 46 1.114900e+01 1.420000e+00 1.244200e+02 4.211300e+02 1
-5.399200e+00 7.062400e+00 -3.600800e-01 -5.767400e-01 258 47 1.087200e+01 1.420000e+00 2.001300e+02 4.202500e+02 1
-5.631400e+00 6.974000e+00 -3.574500e-01 -5.767400e-01 259 47 1.327600e+01 1.420000e+00 1.737200e+02 4.206700e+02 1
-5.794500e+00 6.902600e+00 -3.553300e-01 -5.767400e-01 260 47 1.446200e+01 1.420000e+00 1.540700e+02 4.210300e+02 1
-5.887800e+00 6.876500e+00 -3.545500e-01 -5.767400e-01 261 47 1.473200e+01 1.420000e+00 1.438300e+02 4.211500e+02 1
-5.981700e+00 6.843300e+00 -3.535600e-01 -5.767400e-01 262 47 1.434100e+01 1.420000e+00 1.329100e+02 4.213100e+02 1
-6.004600e+00 6.877200e+00 -3.545700e-01 -5.767400e-01 263 47 1.350700e+01 1.420000e+00 1.336100e+02 4.211000e+02 1
-6.099300e+00 6.855600e+00 -3.539300e-01 -5.767400e-01 264 47 1.217100e+01 1.420000e+00 1.235200e+02 4.212000e+02 1
-5.609600e+00 6.872400e+00 -3.544300e-01 -5.447000e-01 258 48 1.018000e+01 1.420000e+00 1.680800e+02 4.212700e+02 1
-5.631400e+00 6.964300e+00 -3.571600e-01 -5.447000e-01 259 48 1.250300e+01 1.420000e+00 173 4.207300e+02 1
-5.723900e+00 6.957400e+00 -3.569600e-01 -5.447000e-01 260 48 1.364800e+01 1.420000e+00 1.644100e+02 4.207300e+02 1
-5.816900e+00 6.934000e+00 -3.562600e-01 -5.447000e-01 261 48 1.390200e+01 1.420000e+00 1.545200e+02 4.208400e+02 1
-5.981700e+00 6.836900e+00 -3.533700e-01 -5.447000e-01 262 48 1.352900e+01 1.420000e+00 1.323900e+02 4.213500e+02 1
-6.004600e+00 6.855500e+00 -3.539300e-01 -5.447000e-01 263 48 1.274100e+01 1.420000e+00 1.318700e+02 4.212300e+02 1
-6.171100e+00 6.703700e+00 -3.494100e-01 -5.447000e-01 264 48 1.138700e+01 1.420000e+00 1.043900e+02 4.220900e+02 1
0 0 -1.500000e-01 -6.408200e-02 1 63 1.012400e+01 1.420000e+00 2167 -3.612800e+03 0
0 0 -1.500000e-01 -3.204100e-02 1 64 1.560800e+01 1.420000e+00 2167 -3.612800e+03 0
-7.093800e-02 1.126100e-01 -1.533500e-01 -3.204100e-02 5 64 1.415700e+01 1.420000e+00 -3051 7.555200e+03 0
-1.585200e-01 1.860500e-01 -1.555300e-01 -3.204100e-02 8 64 1.331900e+01 1.420000e+00 -1.090200e+03 2.889900e+03 0
-1.986300e-01 1.940000e-01 -1.557700e-01 -3.204100e-02 9 64 1.266000e+01 1.420000e+00 -1.160400e+03 2.705500e+03 0
-2.480100e-01 1.854500e-01 -1.555200e-01 -3.204100e-02 10 64 1.261300e+01 1.420000e+00 -1.528800e+03 2.838900e+03 0
-2.619200e-01 2.212400e-01 -1.565800e-01 -3.204100e-02 11 64 1.214700e+01 1.420000e+00 -1.069200e+03 2.267700e+03 0
-2.851200e-01 2.366200e-01 -1.570400e-01 -3.204100e-02 12 64 1.170500e+01 1.420000e+00 -9.893800e+02 2.090500e+03 0
-2.979400e-01 2.891100e-01 -1.586000e-01 -3.204100e-02 13 64 1.097200e+01 1.420000e+00 -6.300700e+02 1.688500e+03 0
-4.256300e-01 1.166600e-01 -1.534700e-01 -3.204100e-02 14 64 1.035600e+01 1.420000e+00 -5.957400e+03 5.546100e+03 0
-1.222300e-01 3.932600e-01 -1.617000e-01 -3.204100e-02 15 64 1.036500e+01 1.420000e+00 1.170900e+02 1.291500e+03 0
3.609700e-01 3.363900e-01 -1.600100e-01 -3.204100e-02 28 64 1.216900e+01 1.420000e+00 1.174400e+03 1.559500e+03 0
6.799100e-01 6.416900e-01 -1.690900e-01 -3.204100e-02 29 64 1.368400e+01 1.420000e+00 1.286200e+03 9.225300e+02 0
6.725500e-01 7.394000e-01 -1.719900e-01 -3.204100e-02 30 64 1.459200e+01 1.420000e+00 1.188600e+03 8.398600e+02 0
6.711800e-01 8.042000e-01 -1.739200e-01 -3.204100e-02 31 64 1.478800e+01 1.420000e+00 1.142100e+03 7.977200e+02 0
6.766400e-01 8.292300e-01 -1.746700e-01 -3.204100e-02 32 64 1.434300e+01 1.420000e+00 1.131600e+03 7.835600e+02 0
6.722700e-01 8.694700e-01 -1.758600e-01 -3.204100e-02 33 64 1.305200e+01 1.420000e+00 1.105100e+03 7.624700e+02 0
6.662700e-01 9.352200e-01 -1.778200e-01 -3.204100e-02 34 64 1.034500e+01 1.420000e+00 1.068200e+03 7.323900e+02 0
-8.212400e-01 8.911400e-01 -1.765100e-01 -3.204100e-02 36 64 1.074800e+01 1.420000e+00 -5.270000e+01 7.280900e+02 0
-8.643500e-01 8.722700e-01 -1.759500e-01 -3.204100e-02 37 64 1.109500e+01 1.420000e+00 -1.015200e+02 7.353600e+02 0
-9.287400e-01 7.896100e-01 -1.734900e-01 -3.204100e-02 38 64 1.038900e+01 1.420000e+00 -2.419900e+02 7.735900e+02 0
