0 0 -1.500000e-01 0 1 65 1.658400e+01 3.200000e+00 2167 -3.612800e+03 0
-7.093800e-02 1.130200e-01 -1.575800e-01 0 5 65 1.518100e+01 3.200000e+00 -3030 7579 0
-1.585200e-01 1.860800e-01 -1.624800e-01 0 8 65 1.432300e+01 3.200000e+00 -1.093700e+03 2.931800e+03 0
-2.008100e-01 1.910700e-01 -1.628200e-01 0 9 65 1.366200e+01 3.200000e+00 -1.218400e+03 2.800100e+03 0
-2.480100e-01 1.864800e-01 -1.625100e-01 0 10 65 1.363400e+01 3.200000e+00 -1.514700e+03 2.859100e+03 0
-2.619200e-01 2.225700e-01 -1.649300e-01 0 11 65 1.314000e+01 3.200000e+00 -1.057800e+03 2.288300e+03 0
-2.881200e-01 2.339400e-01 -1.657000e-01 0 12 65 1.271400e+01 3.200000e+00 -1.029500e+03 2.151800e+03 0
-3.077600e-01 2.798300e-01 -1.687700e-01 0 13 65 1.194100e+01 3.200000e+00 -7.161800e+02 1775 0
-2.979400e-01 3.106300e-01 -1.708400e-01 0 14 65 1.144500e+01 3.200000e+00 -5.166100e+02 1.605500e+03 0
-1.222300e-01 3.647600e-01 -1.744700e-01 0 15 65 1.122200e+01 3.200000e+00 6.055600e+01 1.409800e+03 0
3.536000e-01 3.378800e-01 -1.726700e-01 0 28 65 1.309500e+01 3.200000e+00 1154 1.584500e+03 0
6.799100e-01 6.398100e-01 -1.929200e-01 0 29 65 1.466200e+01 3.200000e+00 1.289800e+03 9.523400e+02 0
6.725500e-01 7.377300e-01 -1.994900e-01 0 30 65 1.559400e+01 3.200000e+00 1.191200e+03 8.681700e+02 0
6.793700e-01 7.975600e-01 -2.035100e-01 0 31 65 1.575100e+01 3.200000e+00 1.155100e+03 8.286100e+02 0
6.766400e-01 8.329200e-01 -2.058800e-01 0 32 65 1.520400e+01 3.200000e+00 1.130600e+03 8.081000e+02 0
6.722700e-01 8.765800e-01 -2.088100e-01 0 33 65 1.366300e+01 3.200000e+00 1.102500e+03 7.853300e+02 0
7.421200e-01 8.701200e-01 -2.083800e-01 0 35 65 1.040400e+01 3.200000e+00 1.164800e+03 7.898600e+02 0
-8.403400e-01 8.797300e-01 -2.090200e-01 0 36 65 1.188300e+01 3.200000e+00 -7.782300e+01 7.572500e+02 0
-8.545300e-01 8.924500e-01 -2.098700e-01 0 37 65 1.232400e+01 3.200000e+00 -7.645100e+01 7.516900e+02 0
-8.782700e-01 8.743700e-01 -2.086600e-01 0 38 65 1.192800e+01 3.200000e+00 -1.107000e+02 7.589100e+02 0
-9.123700e-01 8.164800e-01 -2.047800e-01 0 39 65 1.059400e+01 3.200000e+00 -1.978300e+02 7.849700e+02 0
0 0 -1.500000e-01 3.204100e-02 1 66 1.558400e+01 3.200000e+00 2167 -3.612800e+03 0
-7.093800e-02 1.136200e-01 -1.576200e-01 3.204100e-02 5 66 1.417400e+01 3.200000e+00 -2.976500e+03 7.476100e+03 0
-1.585200e-01 1.860000e-01 -1.624800e-01 3.204100e-02 8 66 1.331400e+01 3.200000e+00 -1.094900e+03 2.933400e+03 0
-2.008100e-01 1.909400e-01 -1.628100e-01 3.204100e-02 9 66 1.266000e+01 3.200000e+00 -1.220500e+03 2.802700e+03 0
-2.480100e-01 1.865600e-01 -1.625200e-01 3.204100e-02 10 66 1.262200e+01 3.200000e+00 -1.513200e+03 2.857500e+03 0
-2.619200e-01 2.222200e-01 -1.649100e-01 3.204100e-02 11 66 1.224800e+01 3.200000e+00 -1.061700e+03 2.292500e+03 0
-2.881200e-01 2.324000e-01 -1.655900e-01 3.204100e-02 12 66 1.176600e+01 3.200000e+00 -1.045400e+03 2.167900e+03 0
-3.110400e-01 2.743400e-01 -1.684100e-01 3.204100e-02 13 66 1.098300e+01 3.200000e+00 -7.620300e+02 1.809900e+03 0
-2.943900e-01 3.085500e-01 -1.707000e-01 3.204100e-02 14 66 1.050500e+01 3.200000e+00 -5.182700e+02 1.616400e+03 0
-4.087100e-01 2.373800e-01 -1.659300e-01 3.204100e-02 15 66 1.048800e+01 3.200000e+00 -1390 2.076700e+03 0
3.536000e-01 3.116800e-01 -1.709100e-01 3.204100e-02 28 66 1.208000e+01 3.200000e+00 1.207300e+03 1.721600e+03 0
6.722700e-01 6.475100e-01 -1.934400e-01 3.204100e-02 29 66 1.366000e+01 3.200000e+00 1.272300e+03 9.443700e+02 0
6.725500e-01 7.379200e-01 -1.995100e-01 3.204100e-02 30 66 1.459000e+01 3.200000e+00 1.191100e+03 8.680400e+02 0
6.711800e-01 8.044700e-01 -2.039700e-01 3.204100e-02 31 66 1.474600e+01 3.200000e+00 1.143100e+03 8.242700e+02 0
6.766400e-01 8.338200e-01 -2.059400e-01 3.204100e-02 32 66 1.419500e+01 3.200000e+00 1130 8.076100e+02 0
6.722700e-01 8.753400e-01 -2.087300e-01 3.204100e-02 33 66 1.266800e+01 3.200000e+00 1.103100e+03 7.859400e+02 0
-8.689900e-01 8.541900e-01 -2.073100e-01 3.204100e-02 36 66 1.087900e+01 3.200000e+00 -1.237800e+02 7.679500e+02 0
-8.741700e-01 8.708700e-01 -2.084300e-01 3.204100e-02 37 66 1.126800e+01 3.200000e+00 -1.110900e+02 7.604800e+02 0
-9.085500e-01 8.083000e-01 -2.042300e-01 3.204100e-02 38 66 1.090400e+01 3.200000e+00 -2.043400e+02 7.891300e+02 0
3.486900e-01 2.449200e+00 -3.143200e-01 -7.689800e-01 72 41 1.020500e+01 3.200000e+00 7.417100e+02 5.287700e+02 0
-4.103500e+00 1.247400e+01 -9.868500e-01 -7.369400e-01 377 42 1.057500e+01 3.200000e+00 4.770700e+02 4.258600e+02 1
-4.114400e+00 1.249700e+01 -9.884500e-01 -7.369400e-01 378 42 1.058800e+01 3.200000e+00 4.769300e+02 4.258100e+02 1
-4.331600e+00 1.233900e+01 1.805500e+00 -7.369400e-01 379 42 1.003600e+01 3.200000e+00 4.633100e+02 2.897500e+02 0
-4.206100e+00 1.241200e+01 -9.827300e-01 -7.049000e-01 377 43 1.014200e+01 3.200000e+00 4.708300e+02 4.259500e+02 1
-4.320100e+00 1.243600e+01 -9.843500e-01 -7.049000e-01 378 43 1.032600e+01 3.200000e+00 4.655300e+02 4.258800e+02 1
-4.434700e+00 1.238500e+01 -9.808900e-01 -7.049000e-01 379 43 1.009500e+01 3.200000e+00 4.588000e+02 4.259500e+02 1
-1.901700e+00 2.124700e+00 -2.925500e-01 -5.767400e-01 83 47 1.073700e+01 3.200000e+00 7.028700e+01 5.416300e+02 1
-1.924900e+00 2.158200e+00 -2.948000e-01 -5.767400e-01 84 47 1.083200e+01 3.200000e+00 7.337500e+01 5.393900e+02 1
-1.787600e+00 1.950400e+00 -2.808500e-01 -5.447000e-01 79 48 1.115600e+01 3.200000e+00 5.037100e+01 5.545100e+02 1
-1.832100e+00 1.969000e+00 -2.821000e-01 -5.447000e-01 80 48 1.170400e+01 3.200000e+00 4.253600e+01 5.529100e+02 1
-1.877100e+00 2.019700e+00 -2.855000e-01 -5.447000e-01 81 48 1.138000e+01 3.200000e+00 4.520100e+01 5.489700e+02 1
-1.856400e+00 2.117500e+00 -2.920600e-01 -5.447000e-01 82 48 1.115700e+01 3.200000e+00 8.138500e+01 5.422400e+02 1
-1.879300e+00 2.150300e+00 -2.942600e-01 -5.447000e-01 83 48 1.212300e+01 3.200000e+00 8.417800e+01 5.400400e+02 1
-1.902200e+00 2.186900e+00 -2.967200e-01 -5.447000e-01 84 48 1.229200e+01 3.200000e+00 8.795900e+01 5.376600e+02 1
-1.925100e+00 2.197700e+00 -2.974400e-01 -5.447000e-01 85 48 1.151400e+01 3.200000e+00 8.448500e+01 5.369300e+02 1
-1.808900e+00 1.908100e+00 -2.780100e-01 -5.126600e-01 79 49 1.135900e+01 3.200000e+00 2.909400e+01 5.578200e+02 1
-1.832100e+00 1.969600e+00 -2.821400e-01 -5.126600e-01 80 49 1.189200e+01 3.200000e+00 4.273500e+01 5.528600e+02 1
-1.855300e+00 2.043300e+00 -2.870900e-01 -5.126600e-01 81 49 1.143000e+01 3.200000e+00 5.933500e+01 5.473400e+02 1
-1.812200e+00 2.154700e+00 -2.945600e-01 -5.126600e-01 82 49 1.076600e+01 3.200000e+00 1.047200e+02 5.399600e+02 1
-1.856900e+00 2.161100e+00 -2.949900e-01 -5.126600e-01 83 49 1.144900e+01 3.200000e+00 9.364800e+01 5.394100e+02 1
-1.902200e+00 2.186400e+00 -2.966900e-01 -5.126600e-01 84 49 1.169000e+01 3.200000e+00 8.780900e+01 5.376900e+02 1
-1.948100e+00 2.156000e+00 -2.946500e-01 -5.126600e-01 85 49 1.097800e+01 3.200000e+00 6.607700e+01 5.394700e+02 1
-1.789000e+00 2.047200e+00 -2.873500e-01 -4.806200e-01 80 50 1.016300e+01 3.200000e+00 8.060400e+01 5.472800e+02 1
0 0 -1.500000e-01 -6.408200e-02 1 63 1.035000e+01 3.200000e+00 2167 -3.612800e+03 0
6.711800e-01 8.005800e-01 -2.037100e-01 -6.408200e-02 31 63 9.785800e+00 3.200000e+00 1.145600e+03 8.266000e+02 0
6.766400e-01 8.421100e-01 -2.065000e-01 -6.408200e-02 32 63 9.610900e+00 3.200000e+00 1.125200e+03 8.031100e+02 0
0 0 -1.500000e-01 -3.204100e-02 1 64 1.556200e+01 3.200000e+00 2167 -3.612800e+03 0
-7.093800e-02 1.122500e-01 -1.575300e-01 -3.204100e-02 5 64 1.415200e+01 3.200000e+00 -3100 7.713900e+03 0
-1.585200e-01 1.861000e-01 -1.624900e-01 -3.204100e-02 8 64 1.328100e+01 3.200000e+00 -1.093400e+03 2.931200e+03 0
-2.008100e-01 1.915500e-01 -1.628500e-01 -3.204100e-02 9 64 1.262400e+01 3.200000e+00 -1211 2.790800e+03 0
-2.480100e-01 1.867100e-01 -1.625300e-01 -3.204100e-02 10 64 1.258100e+01 3.200000e+00 -1.510400e+03 2.854400e+03 0
-2.619200e-01 2.224900e-01 -1.649300e-01 -3.204100e-02 11 64 1.195200e+01 3.200000e+00 -1.058700e+03 2.289200e+03 0
-2.881200e-01 2.338200e-01 -1.656900e-01 -3.204100e-02 12 64 1.162400e+01 3.200000e+00 -1.030800e+03 2.153100e+03 0
-3.110400e-01 2.775400e-01 -1.686200e-01 -3.204100e-02 13 64 1.086000e+01 3.200000e+00 -7.403100e+02 1789 0
-1.298700e-01 1.770800e-01 -1.618800e-01 -3.204100e-02 15 64 1.043100e+01 3.200000e+00 -1.089800e+03 3.166800e+03 0
3.609700e-01 3.409800e-01 -1.728800e-01 -3.204100e-02 28 64 1.209700e+01 3.200000e+00 1.167200e+03 1.571300e+03 0
6.799100e-01 6.410100e-01 -1.930100e-01 -3.204100e-02 29 64 1.363600e+01 3.200000e+00 1.288400e+03 9.511300e+02 0
6.725500e-01 7.388500e-01 -1.995700e-01 -3.204100e-02 30 64 1.456500e+01 3.200000e+00 1.190400e+03 8.673700e+02 0
6.793700e-01 7.974700e-01 -2.035000e-01 -3.204100e-02 31 64 1.472800e+01 3.200000e+00 1.155200e+03 8.286700e+02 0
6.766400e-01 8.307700e-01 -2.057400e-01 -3.204100e-02 32 64 1.418800e+01 3.200000e+00 1.131800e+03 8.092900e+02 0
6.810000e-01 8.672100e-01 -2.081800e-01 -3.204100e-02 33 64 1.264200e+01 3.200000e+00 1.114800e+03 7.901500e+02 0
7.421200e-01 8.426100e-01 -2.065300e-01 -3.204100e-02 35 64 9.854900e+00 3.200000e+00 1.182200e+03 8.041800e+02 0
-8.212400e-01 8.963900e-01 -2.101400e-01 -3.204100e-02 36 64 1.091900e+01 3.200000e+00 -4.897300e+01 7.506000e+02 0
-8.348900e-01 9.092500e-01 -2.110000e-01 -3.204100e-02 37 64 1.130700e+01 3.200000e+00 -4.756800e+01 7.452100e+02 0
-8.580800e-01 8.949300e-01 -2.100400e-01 -3.204100e-02 38 64 1.083300e+01 3.200000e+00 -7.674900e+01 7.506200e+02 0
