0 0 -1.500000e-01 0 1 65 1.655700e+01 4.650000e+00 2167 -3.612800e+03 0
-7.093800e-02 1.131000e-01 -1.594900e-01 0 5 65 1.517500e+01 4.650000e+00 -3029 7.606200e+03 0
-1.585200e-01 1.860600e-01 -1.656100e-01 0 8 65 1.431700e+01 4.650000e+00 -1.095700e+03 2.951300e+03 0
-2.008100e-01 1.912600e-01 -1.660500e-01 0 9 65 1.367100e+01 4.650000e+00 -1.217400e+03 2.815100e+03 0
-2.480100e-01 1.867800e-01 -1.656700e-01 0 10 65 1.364600e+01 4.650000e+00 -1.511400e+03 2.871700e+03 0
-2.592000e-01 2.273600e-01 -1.690800e-01 0 11 65 1.315600e+01 4.650000e+00 -9.978200e+02 2250 0
-2.851200e-01 2.389500e-01 -1.700500e-01 0 12 65 1.271800e+01 4.650000e+00 -9.715500e+02 2.118400e+03 0
-3.077600e-01 2.793200e-01 -1.734400e-01 0 13 65 1.195700e+01 4.650000e+00 -7.206300e+02 1.792900e+03 0
-3.085800e-01 3.067700e-01 -1.757400e-01 0 14 65 1.136500e+01 4.650000e+00 -5.628500e+02 1.636900e+03 0
-1.260500e-01 3.835300e-01 -1.821800e-01 0 15 65 1.128000e+01 4.650000e+00 9.062500e+01 1.362600e+03 0
3.536000e-01 3.261200e-01 -1.773700e-01 0 28 65 1.310900e+01 4.650000e+00 1.177200e+03 1.657500e+03 0
6.799100e-01 6.389100e-01 -2.036100e-01 0 29 65 1.466000e+01 4.650000e+00 1.291400e+03 9.658700e+02 0
6.725500e-01 7.373100e-01 -2.118700e-01 0 30 65 1.559600e+01 4.650000e+00 1.192100e+03 8.807400e+02 0
6.711800e-01 8.044500e-01 -2.175000e-01 0 31 65 1.576500e+01 4.650000e+00 1.143600e+03 8.363400e+02 0
6.766400e-01 8.321500e-01 -2.198300e-01 0 32 65 1.525900e+01 4.650000e+00 1.131600e+03 8.205200e+02 0
6.722700e-01 8.742700e-01 -2.233600e-01 0 33 65 1.386700e+01 4.650000e+00 1.104200e+03 7.983700e+02 0
6.482600e-01 9.528600e-01 -2.299600e-01 0 34 65 1.135300e+01 4.650000e+00 1.048400e+03 7.626100e+02 0
-8.212400e-01 9.034900e-01 -2.258100e-01 0 36 65 1.168000e+01 4.650000e+00 -4.321400e+01 7.588500e+02 0
-8.447100e-01 9.015800e-01 -2.256500e-01 0 37 65 1.215500e+01 4.650000e+00 -6.163900e+01 7.592500e+02 0
-8.681700e-01 9.001600e-01 -2.255300e-01 0 38 65 1.176600e+01 4.650000e+00 -7.966100e+01 7.594400e+02 0
-9.020000e-01 9.216800e-01 -2.273400e-01 0 39 65 1.038200e+01 4.650000e+00 -8.422300e+01 7.504200e+02 0
0 0 -1.500000e-01 3.204100e-02 1 66 1.555000e+01 4.650000e+00 2167 -3.612800e+03 0
-7.202900e-02 1.130300e-01 -1.594800e-01 3.204100e-02 5 66 1.416600e+01 4.650000e+00 -3.048700e+03 7.611700e+03 0
-1.585200e-01 1.860300e-01 -1.656100e-01 3.204100e-02 8 66 1.331800e+01 4.650000e+00 -1.096300e+03 2.952100e+03 0
-1.986300e-01 1.936600e-01 -1.662500e-01 3.204100e-02 9 66 1.266700e+01 4.650000e+00 -1.171200e+03 2.770800e+03 0
-2.480100e-01 1.870300e-01 -1.656900e-01 3.204100e-02 10 66 1.266400e+01 4.650000e+00 -1.506900e+03 2.866600e+03 0
-2.592000e-01 2.282500e-01 -1.691500e-01 3.204100e-02 11 66 1.216900e+01 4.650000e+00 -9.884900e+02 2.239900e+03 0
-2.851200e-01 2.408200e-01 -1.702100e-01 3.204100e-02 12 66 1.170700e+01 4.650000e+00 -9.538500e+02 2.100300e+03 0
-3.077600e-01 2.801400e-01 -1.735100e-01 3.204100e-02 13 66 1.083700e+01 4.650000e+00 -7.152600e+02 1.787600e+03 0
-3.192200e-01 3.114300e-01 -1.761300e-01 3.204100e-02 14 66 1.037400e+01 4.650000e+00 -5.647100e+02 1612 0
-1.260500e-01 3.557300e-01 -1.798500e-01 3.204100e-02 15 66 1.041800e+01 4.650000e+00 3.194300e+01 1.454900e+03 0
3.536000e-01 3.244200e-01 -1.772200e-01 3.204100e-02 28 66 1.214000e+01 4.650000e+00 1.180600e+03 1.666400e+03 0
6.799100e-01 6.349500e-01 -2.032800e-01 3.204100e-02 29 66 1.364500e+01 4.650000e+00 1.295800e+03 9.699400e+02 0
6.725500e-01 7.343600e-01 -2.116200e-01 3.204100e-02 30 66 1.459100e+01 4.650000e+00 1.194400e+03 8.828900e+02 0
6.711800e-01 8.044300e-01 -2.175000e-01 3.204100e-02 31 66 1.476800e+01 4.650000e+00 1.143700e+03 8.363500e+02 0
6.766400e-01 8.350700e-01 -2.200700e-01 3.204100e-02 32 66 1.427900e+01 4.650000e+00 1.129800e+03 8.189100e+02 0
6.722700e-01 8.770900e-01 -2.236000e-01 3.204100e-02 33 66 1.295400e+01 4.650000e+00 1.102700e+03 7.969700e+02 0
6.572700e-01 9.413700e-01 -2.289900e-01 3.204100e-02 34 66 1.076200e+01 4.650000e+00 1.060100e+03 7.675100e+02 0
-8.116900e-01 9.135400e-01 -2.266600e-01 3.204100e-02 36 66 1.062400e+01 4.650000e+00 -2.792400e+01 755 0
-8.447100e-01 9.072500e-01 -2.261300e-01 3.204100e-02 37 66 1.113800e+01 4.650000e+00 -5.666100e+01 7.569700e+02 0
-8.580800e-01 9.049500e-01 -2.259400e-01 3.204100e-02 38 66 1.076000e+01 4.650000e+00 -6.818100e+01 7.576800e+02 0
0 0 -1.500000e-01 9.612300e-02 1 68 1.061600e+01 4.650000e+00 2167 -3.612800e+03 0
-3.437800e-02 4.498200e-03 -1.503800e-01 9.612300e-02 2 68 9.927200e+00 4.650000e+00 2.608700e+03 -3.944300e+03 0
-4.282200e+00 1.191700e+01 -1.150000e+00 -8.010300e-01 366 40 1.018500e+01 4.650000e+00 4.576000e+02 4.371600e+02 1
-4.793200e+00 1.184000e+01 -1.143500e+00 -8.010300e-01 367 40 1.010900e+01 4.650000e+00 4.291300e+02 4.371900e+02 1
-5.307000e+00 1.159600e+01 -1.123100e+00 -8.010300e-01 368 40 9.970900e+00 4.650000e+00 3.960600e+02 4.375600e+02 1
-5.923900e+00 1.103200e+01 -1.075700e+00 -8.010300e-01 369 40 9.945400e+00 4.650000e+00 3.463200e+02 4.386300e+02 1
0 0 -1.500000e-01 -6.408200e-02 1 63 1.062900e+01 4.650000e+00 2167 -3.612800e+03 0
-6.602700e-02 1.082700e-02 -1.509100e-01 -6.408200e-02 3 63 9.516500e+00 4.650000e+00 3.170800e+03 -4.470900e+03 0
0 0 -1.500000e-01 -3.204100e-02 1 64 1.553800e+01 4.650000e+00 2167 -3.612800e+03 0
-7.093800e-02 1.123900e-01 -1.594300e-01 -3.204100e-02 5 64 1.414700e+01 4.650000e+00 -3.094100e+03 7.731800e+03 0
-1.585200e-01 1.860800e-01 -1.656100e-01 -3.204100e-02 8 64 1.328100e+01 4.650000e+00 -1.095500e+03 2.950900e+03 0
-1.986300e-01 1.940200e-01 -1.662800e-01 -3.204100e-02 9 64 1.264800e+01 4.650000e+00 -1.165900e+03 2.764200e+03 0
-2.480100e-01 1.862500e-01 -1.656300e-01 -3.204100e-02 10 64 1.260900e+01 4.650000e+00 -1.521100e+03 2.882400e+03 0
-2.592000e-01 2.270700e-01 -1.690500e-01 -3.204100e-02 11 64 1.214300e+01 4.650000e+00 -1.000800e+03 2.253200e+03 0
-2.851200e-01 2.379400e-01 -1.699700e-01 -3.204100e-02 12 64 1.169400e+01 4.650000e+00 -9.811900e+02 2.128300e+03 0
-3.077600e-01 2.776200e-01 -1.733000e-01 -3.204100e-02 13 64 1.096000e+01 4.650000e+00 -7.318400e+02 1.803800e+03 0
3.609700e-01 2.684000e-01 -1.725200e-01 -3.204100e-02 28 64 1.205700e+01 4.650000e+00 1.356600e+03 2.053500e+03 0
6.799100e-01 6.443000e-01 -2.040600e-01 -3.204100e-02 29 64 1.362900e+01 4.650000e+00 1.285500e+03 9.604300e+02 0
6.725500e-01 7.400000e-01 -2.121000e-01 -3.204100e-02 30 64 1.456800e+01 4.650000e+00 1.190100e+03 8.787800e+02 0
6.793700e-01 7.973300e-01 -2.169100e-01 -3.204100e-02 31 64 1.473500e+01 4.650000e+00 1.155800e+03 8.408300e+02 0
6.766400e-01 8.296700e-01 -2.196200e-01 -3.204100e-02 32 64 1.421900e+01 4.650000e+00 1133 8.219000e+02 0
6.810000e-01 8.667200e-01 -2.227300e-01 -3.204100e-02 33 64 1.278900e+01 4.650000e+00 1.115600e+03 8.023200e+02 0
6.752700e-01 9.155300e-01 -2.268200e-01 -3.204100e-02 34 64 1.022200e+01 4.650000e+00 1.085900e+03 7.790100e+02 0
-8.307900e-01 8.885500e-01 -2.245600e-01 -3.204100e-02 36 64 1.075300e+01 4.650000e+00 -6.322800e+01 7.648300e+02 0
-8.447100e-01 8.923000e-01 -2.248700e-01 -3.204100e-02 37 64 1.120500e+01 4.650000e+00 -6.992100e+01 7.630400e+02 0
-8.681700e-01 8.930200e-01 -2.249400e-01 -3.204100e-02 38 64 1.075300e+01 4.650000e+00 -8.617500e+01 7.623600e+02 0
