0 0 -1.500000e-01 0 1 65 1.657000e+01 3.910000e+00 2167 -3.612800e+03 0
-7.093800e-02 1.129500e-01 -1.592600e-01 0 5 65 1.517800e+01 3.910000e+00 -3.041800e+03 7.627500e+03 0
-1.585200e-01 1.860800e-01 -1.652600e-01 0 8 65 1.433400e+01 3.910000e+00 -1.095300e+03 2.948700e+03 0
-2.008100e-01 1.915100e-01 -1.657100e-01 0 9 65 1.366600e+01 3.910000e+00 -1.213300e+03 2.808100e+03 0
-2.480100e-01 1.869900e-01 -1.653400e-01 0 10 65 1.361700e+01 3.910000e+00 -1.507400e+03 2.865400e+03 0
-2.619200e-01 2.233200e-01 -1.683200e-01 0 11 65 1.298400e+01 3.910000e+00 -1.050900e+03 2294 0
-2.881200e-01 2.346800e-01 -1.692500e-01 0 12 65 1.270100e+01 3.910000e+00 -1.023400e+03 2.158400e+03 0
-3.077600e-01 2.795900e-01 -1.729300e-01 0 13 65 1.197300e+01 3.910000e+00 -7.187200e+02 1.789500e+03 0
-3.050300e-01 3.050900e-01 -1.750200e-01 0 14 65 1.138100e+01 3.910000e+00 -5.627300e+02 1.644400e+03 0
-1.184100e-01 4.150600e-01 -1.840400e-01 0 15 65 1.132600e+01 3.910000e+00 1.594700e+02 1.275100e+03 0
-3.560500e-01 3.769900e-01 -1.809200e-01 0 16 65 1.123000e+01 3.910000e+00 -3.720600e+02 1.355900e+03 0
3.609700e-01 2.919000e-01 -1.739400e-01 0 28 65 1.314000e+01 3.910000e+00 1.280800e+03 1.864200e+03 0
6.799100e-01 6.389700e-01 -2.024100e-01 0 29 65 1.466400e+01 3.910000e+00 1.291300e+03 9.643900e+02 0
6.725500e-01 7.368600e-01 -2.104400e-01 0 30 65 1.559700e+01 3.910000e+00 1.192400e+03 8.796800e+02 0
6.793700e-01 7.975500e-01 -2.154100e-01 0 31 65 1.575600e+01 3.910000e+00 1.155600e+03 8.393400e+02 0
6.766400e-01 8.312500e-01 -2.181800e-01 0 32 65 1.523400e+01 3.910000e+00 1132 8.196700e+02 0
6.810000e-01 8.672900e-01 -2.211300e-01 0 33 65 1.375900e+01 3.910000e+00 1.115200e+03 8.006900e+02 0
7.328400e-01 7.559000e-01 -2.120000e-01 0 35 65 1.090000e+01 3.910000e+00 1.237900e+03 8.677700e+02 0
-8.403400e-01 8.843200e-01 -2.225300e-01 0 36 65 1.167000e+01 3.910000e+00 -7.396800e+01 7.651900e+02 0
-8.447100e-01 9.009000e-01 -2.238900e-01 0 37 65 1.214300e+01 3.910000e+00 -6.219500e+01 7.582700e+02 0
-8.782700e-01 8.896500e-01 -2.229700e-01 0 38 65 1.172300e+01 3.910000e+00 -9.653700e+01 7.623400e+02 0
-9.227400e-01 8.732400e-01 -2.216200e-01 0 39 65 9.960500e+00 3.910000e+00 -1.448400e+02 7.685100e+02 0
-1.882600e-01 8.023200e+00 -8.080500e-01 0 231 65 9.776000e+00 3.910000e+00 6.653400e+02 4.493300e+02 1
0 0 -1.500000e-01 3.204100e-02 1 66 1.556600e+01 3.910000e+00 2167 -3.612800e+03 0
-7.202900e-02 1.126300e-01 -1.592400e-01 3.204100e-02 5 66 1.415600e+01 3.910000e+00 -3.085300e+03 7.678700e+03 0
-1.585200e-01 1.860400e-01 -1.652600e-01 3.204100e-02 8 66 1.334800e+01 3.910000e+00 -1.095800e+03 2.949500e+03 0
-2.008100e-01 1.916300e-01 -1.657200e-01 3.204100e-02 9 66 1.266300e+01 3.910000e+00 -1.211600e+03 2.805900e+03 0
-2.504700e-01 1.833300e-01 -1.650400e-01 3.204100e-02 10 66 1.262500e+01 3.910000e+00 -1.587600e+03 2.939900e+03 0
-2.619200e-01 2.237200e-01 -1.683500e-01 3.204100e-02 11 66 1.205200e+01 3.910000e+00 -1.046500e+03 2.289200e+03 0
-2.851200e-01 2.387500e-01 -1.695800e-01 3.204100e-02 12 66 1.173400e+01 3.910000e+00 -9.733200e+02 2.118600e+03 0
-3.077600e-01 2.789700e-01 -1.728800e-01 3.204100e-02 13 66 1.104500e+01 3.910000e+00 -7.227900e+02 1.793400e+03 0
-3.014900e-01 3.042200e-01 -1.749500e-01 3.204100e-02 14 66 1.041900e+01 3.910000e+00 -5.585500e+02 1.649600e+03 0
-1.145900e-01 4.476300e-01 -1.867100e-01 3.204100e-02 15 66 1.051100e+01 3.910000e+00 2.118600e+02 1.200900e+03 0
3.536000e-01 3.294500e-01 -1.770200e-01 3.204100e-02 28 66 1.212100e+01 3.910000e+00 1.170500e+03 1.638800e+03 0
6.799100e-01 6.324500e-01 -2.018700e-01 3.204100e-02 29 66 1.362200e+01 3.910000e+00 1.298500e+03 9.711100e+02 0
6.725500e-01 7.348200e-01 -2.102700e-01 3.204100e-02 30 66 1.458000e+01 3.910000e+00 1194 8.811800e+02 0
6.793700e-01 7.975600e-01 -2.154100e-01 3.204100e-02 31 66 1.475100e+01 3.910000e+00 1.155600e+03 8.393300e+02 0
6.766400e-01 8.316300e-01 -2.182100e-01 3.204100e-02 32 66 1.424200e+01 3.910000e+00 1.131800e+03 8.194600e+02 0
6.810000e-01 8.677400e-01 -2.211700e-01 3.204100e-02 33 66 1.277100e+01 3.910000e+00 1115 8.004600e+02 0
-8.403400e-01 8.867500e-01 -2.227300e-01 3.204100e-02 36 66 1.068500e+01 3.910000e+00 -7.174300e+01 7.641700e+02 0
-8.545300e-01 8.999600e-01 -2.238100e-01 3.204100e-02 37 66 1.111000e+01 3.910000e+00 -7.004900e+01 7.584900e+02 0
-8.883600e-01 8.868100e-01 -2.227300e-01 3.204100e-02 38 66 1.066400e+01 3.910000e+00 -1.065000e+02 7.633500e+02 0
-4.147100e-01 6.611000e+00 -6.922200e-01 -9.932700e-01 191 34 1.081500e+01 3.910000e+00 6.371700e+02 4.572700e+02 1
-4.690100e-01 6.629700e+00 -6.937500e-01 -9.932700e-01 192 34 1.130100e+01 3.910000e+00 6.320900e+02 4.571100e+02 1
-4.714600e-01 6.632100e+00 -6.939500e-01 -9.932700e-01 193 34 1.099300e+01 3.910000e+00 6.318700e+02 4.570900e+02 1
-4.147100e-01 6.616600e+00 -6.926900e-01 -9.612300e-01 191 35 1.090300e+01 3.910000e+00 6.372200e+02 4.572300e+02 1
-4.169000e-01 6.638600e+00 -6.944800e-01 -9.612300e-01 192 35 1.134400e+01 3.910000e+00 6.372000e+02 4.570800e+02 1
-4.190800e-01 6.643800e+00 -6.949100e-01 -9.612300e-01 193 35 1.113800e+01 3.910000e+00 6.370300e+02 4.570400e+02 1
4.976300e+00 9.176100e+00 -9.026100e-01 -8.971500e-01 300 37 1.083300e+01 3.910000e+00 1.036400e+03 4.464800e+02 1
4.911100e+00 9.254400e+00 -9.090300e-01 -8.971500e-01 301 37 1.131000e+01 3.910000e+00 1.028800e+03 4.461600e+02 1
5.009600e+00 9.231600e+00 -9.071600e-01 -8.971500e-01 302 37 1.103700e+01 3.910000e+00 1.036700e+03 4.462800e+02 1
-5.477200e+00 1.150300e+01 -1.093400e+00 -8.971500e-01 366 37 1.106400e+01 3.910000e+00 3.844700e+02 4.365600e+02 1
-5.592100e+00 1.147100e+01 -1.090900e+00 -8.971500e-01 367 37 1.133500e+01 3.910000e+00 3.774300e+02 4.365900e+02 1
-5.707500e+00 1.144200e+01 -1.088400e+00 -8.971500e-01 368 37 1.065200e+01 3.910000e+00 3.703700e+02 4.366300e+02 1
4.797000e+00 9.230900e+00 -9.071000e-01 -8.651100e-01 299 38 1.013800e+01 3.910000e+00 1.021400e+03 4.462000e+02 1
4.813100e+00 9.261700e+00 -9.096200e-01 -8.651100e-01 300 38 1.132300e+01 3.910000e+00 1.021500e+03 4.460900e+02 1
4.911100e+00 9.250500e+00 -9.087100e-01 -8.651100e-01 301 38 1.169200e+01 3.910000e+00 1.028900e+03 4.461700e+02 1
4.927500e+00 9.280000e+00 -9.111300e-01 -8.651100e-01 302 38 1.127800e+01 3.910000e+00 1029 4.460600e+02 1
4.861400e+00 9.353000e+00 -9.171200e-01 -8.651100e-01 303 38 1.016400e+01 3.910000e+00 1.021600e+03 4.457700e+02 1
-5.576800e+00 1.144300e+01 -1.088500e+00 -8.651100e-01 366 38 1.088700e+01 3.910000e+00 3.774700e+02 4.366600e+02 1
-5.592100e+00 1.147200e+01 -1.090900e+00 -8.651100e-01 367 38 1.102800e+01 3.910000e+00 3.774300e+02 4.365900e+02 1
-5.607400e+00 1.148800e+01 -1.092200e+00 -8.651100e-01 368 38 1.010500e+01 3.910000e+00 3.770500e+02 4.365500e+02 1
4.665500e+00 9.363800e+00 -9.180000e-01 -8.330700e-01 301 39 1.019500e+01 3.910000e+00 1.007300e+03 4.456600e+02 1
0 0 -1.500000e-01 -6.408200e-02 1 63 9.604200e+00 3.910000e+00 2167 -3.612800e+03 0
-2.019000e-02 2.753500e-02 -1.522600e-01 -6.408200e-02 2 63 9.557200e+00 3.910000e+00 3354 -6089 0
-6.439000e-02 7.194800e-03 -1.505900e-01 -6.408200e-02 3 63 9.430800e+00 3.910000e+00 3.013600e+03 -4.192600e+03 0
0 0 -1.500000e-01 -3.204100e-02 1 64 1.554600e+01 3.910000e+00 2167 -3.612800e+03 0
-7.093800e-02 1.121700e-01 -1.592000e-01 -3.204100e-02 5 64 1.416000e+01 3.910000e+00 -3.113900e+03 7.766800e+03 0
-1.585200e-01 1.861000e-01 -1.652600e-01 -3.204100e-02 8 64 1.329800e+01 3.910000e+00 -1095 2.948300e+03 0
-1.986300e-01 1.932000e-01 -1.658500e-01 -3.204100e-02 9 64 1.263100e+01 3.910000e+00 -1.177800e+03 2.777300e+03 0
-2.480100e-01 1.862500e-01 -1.652800e-01 -3.204100e-02 10 64 1.256000e+01 3.910000e+00 -1.520800e+03 2.880300e+03 0
-2.592000e-01 2.262000e-01 -1.685500e-01 -3.204100e-02 11 64 1.196000e+01 3.910000e+00 -1.009800e+03 2.261300e+03 0
-2.851200e-01 2.364600e-01 -1.693900e-01 -3.204100e-02 12 64 1.165300e+01 3.910000e+00 -9.955000e+02 2.141400e+03 0
-3.077600e-01 2.793000e-01 -1.729100e-01 -3.204100e-02 13 64 1.087200e+01 3.910000e+00 -7.206100e+02 1.791300e+03 0
3.609700e-01 2.254600e-01 -1.684900e-01 -3.204100e-02 28 64 1.211700e+01 3.910000e+00 1.560600e+03 2557 0
6.799100e-01 6.442300e-01 -2.028400e-01 -3.204100e-02 29 64 1.365500e+01 3.910000e+00 1.285500e+03 9.590800e+02 0
6.804600e-01 7.322300e-01 -2.100600e-01 -3.204100e-02 30 64 1.458200e+01 3.910000e+00 1.204200e+03 8.833100e+02 0
6.793700e-01 7.974800e-01 -2.154100e-01 -3.204100e-02 31 64 1.473700e+01 3.910000e+00 1.155700e+03 8.393900e+02 0
6.766400e-01 8.305300e-01 -2.181200e-01 -3.204100e-02 32 64 1.420400e+01 3.910000e+00 1.132500e+03 8.200700e+02 0
6.810000e-01 8.668100e-01 -2.210900e-01 -3.204100e-02 33 64 1.271500e+01 3.910000e+00 1.115500e+03 8.009300e+02 0
-8.307900e-01 8.915500e-01 -2.231200e-01 -3.204100e-02 36 64 1.052400e+01 3.910000e+00 -6.049900e+01 7.623300e+02 0
-8.348900e-01 9.043000e-01 -2.241700e-01 -3.204100e-02 37 64 1.109800e+01 3.910000e+00 -5.220400e+01 7.570600e+02 0
-8.681700e-01 9.013900e-01 -2.239300e-01 -3.204100e-02 38 64 1.073700e+01 3.910000e+00 -7.850500e+01 7.577000e+02 0
