0 0 -1.500000e-01 0 1 65 1.656600e+01 2.260000e+00 2167 -3.612800e+03 0
-7.093800e-02 1.130500e-01 -1.553500e-01 0 5 65 1.518400e+01 2.260000e+00 -3.019200e+03 7.524300e+03 0
-1.585200e-01 1.860900e-01 -1.588100e-01 0 8 65 1.435100e+01 2.260000e+00 -1.091400e+03 2909 0
-2.008100e-01 1.904800e-01 -1.590200e-01 0 9 65 1.368100e+01 2.260000e+00 -1.225300e+03 2.789800e+03 0
-2.480100e-01 1.859800e-01 -1.588100e-01 0 10 65 1.363700e+01 2.260000e+00 -1.521300e+03 2.847500e+03 0
-2.619200e-01 2.221800e-01 -1.605200e-01 0 11 65 1.308000e+01 2.260000e+00 -1.060400e+03 2.273700e+03 0
-2.881200e-01 2.328800e-01 -1.610300e-01 0 12 65 1.269200e+01 2.260000e+00 -1.038700e+03 2.144100e+03 0
-3.044900e-01 2.817700e-01 -1.633400e-01 0 13 65 1.190600e+01 2.260000e+00 -6.934900e+02 1.746400e+03 0
-4.327200e-01 5.729400e-02 -1.527100e-01 0 14 65 1.132000e+01 2.260000e+00 178610 -136480 0
-1.260500e-01 4.157800e-01 -1.696900e-01 0 15 65 1.120600e+01 2.260000e+00 1.475100e+02 1.245500e+03 0
3.536000e-01 3.426000e-01 -1.662300e-01 0 28 65 1.307600e+01 2.260000e+00 1.144800e+03 1.545300e+03 0
6.722700e-01 6.471400e-01 -1.806500e-01 0 29 65 1.466400e+01 2.260000e+00 1.271900e+03 9.300100e+02 0
6.725500e-01 7.389800e-01 -1.850000e-01 0 30 65 1.560500e+01 2.260000e+00 1.189600e+03 8.529300e+02 0
6.711800e-01 8.043900e-01 -1.880900e-01 0 31 65 1.577800e+01 2.260000e+00 1.142500e+03 8.101900e+02 0
6.766400e-01 8.319700e-01 -1.894000e-01 0 32 65 1.526600e+01 2.260000e+00 1.130500e+03 7.945700e+02 0
6.722700e-01 8.717200e-01 -1.912800e-01 0 33 65 1.387400e+01 2.260000e+00 1.104500e+03 7.737800e+02 0
6.482600e-01 9.412700e-01 -1.945800e-01 0 34 65 1.117300e+01 2.260000e+00 1.052200e+03 7.418700e+02 0
-8.256100e-01 8.495600e-01 -1.902300e-01 0 35 65 1.070500e+01 2.260000e+00 -9.510600e+01 7.577100e+02 0
-8.403400e-01 8.687800e-01 -1.911400e-01 0 36 65 1.188300e+01 2.260000e+00 -8.758200e+01 7.488900e+02 0
-8.643500e-01 8.602700e-01 -1.907400e-01 0 37 65 1.231700e+01 2.260000e+00 -1.136900e+02 7.522400e+02 0
-8.883600e-01 8.097700e-01 -1.883500e-01 0 38 65 1.194700e+01 2.260000e+00 -1.860400e+02 7.756600e+02 0
-9.227400e-01 6.239800e-01 -1.795500e-01 0 39 65 1.067200e+01 2.260000e+00 -5.032900e+02 8.979300e+02 0
0 0 -1.500000e-01 3.204100e-02 1 66 1.557500e+01 2.260000e+00 2167 -3.612800e+03 0
-7.202900e-02 1.125400e-01 -1.553300e-01 3.204100e-02 5 66 1.416700e+01 2.260000e+00 -3079 7.606800e+03 0
-1.585200e-01 1.860300e-01 -1.588100e-01 3.204100e-02 8 66 1.331900e+01 2.260000e+00 -1.092300e+03 2.910200e+03 0
-2.008100e-01 1.914100e-01 -1.590600e-01 3.204100e-02 9 66 1.262900e+01 2.260000e+00 -1.211100e+03 2.771900e+03 0
-2.480100e-01 1.867400e-01 -1.588400e-01 3.204100e-02 10 66 1.258100e+01 2.260000e+00 -1.507300e+03 2832 0
-2.619200e-01 2.226700e-01 -1.605500e-01 3.204100e-02 11 66 1.210000e+01 2.260000e+00 -1.054900e+03 2.267800e+03 0
-2.851200e-01 2.370200e-01 -1.612200e-01 3.204100e-02 12 66 1.168200e+01 2.260000e+00 -9.870200e+02 2.103100e+03 0
-3.012100e-01 2.847600e-01 -1.634900e-01 3.204100e-02 13 66 1.090600e+01 2.260000e+00 -666 1.728700e+03 0
3.462300e-01 4.083900e-01 -1.693400e-01 3.204100e-02 28 66 1.210000e+01 2.260000e+00 1038 1.309100e+03 0
6.722700e-01 6.461300e-01 -1.806000e-01 3.204100e-02 29 66 1.368400e+01 2.260000e+00 1273 9.310100e+02 0
6.725500e-01 7.378900e-01 -1.849400e-01 3.204100e-02 30 66 1.460900e+01 2.260000e+00 1.190400e+03 8.537200e+02 0
6.711800e-01 8.044600e-01 -1.881000e-01 3.204100e-02 31 66 1.477000e+01 2.260000e+00 1.142500e+03 8.101500e+02 0
6.766400e-01 8.327700e-01 -1.894400e-01 3.204100e-02 32 66 1.424300e+01 2.260000e+00 1130 7.941400e+02 0
6.722700e-01 8.717200e-01 -1.912800e-01 3.204100e-02 33 66 1.282600e+01 2.260000e+00 1.104500e+03 7.737800e+02 0
6.662700e-01 9.276000e-01 -1.939300e-01 3.204100e-02 34 66 1.016400e+01 2.260000e+00 1.072200e+03 7.479300e+02 0
-8.256100e-01 8.418500e-01 -1.898700e-01 3.204100e-02 35 66 1.005100e+01 2.260000e+00 -1.027500e+02 7.612700e+02 0
-8.498900e-01 8.583500e-01 -1.906500e-01 3.204100e-02 36 66 1.097200e+01 2.260000e+00 -1.047700e+02 7.533300e+02 0
-8.741700e-01 8.503500e-01 -1.902700e-01 3.204100e-02 37 66 1.131200e+01 2.260000e+00 -1.310600e+02 7.565300e+02 0
-8.984600e-01 7.722900e-01 -1.865700e-01 3.204100e-02 38 66 1.094500e+01 2.260000e+00 -2.397100e+02 7.952700e+02 0
0 0 -1.500000e-01 6.408200e-02 1 67 1.042100e+01 2.260000e+00 2167 -3.612800e+03 0
-5.456800e-04 3.491900e-02 -1.516500e-01 6.408200e-02 2 67 9.945400e+00 2.260000e+00 3.495600e+03 -7.198900e+03 0
-2.291800e-02 4.792800e-02 -1.522700e-01 6.408200e-02 3 67 9.453400e+00 2.260000e+00 5.585800e+03 -11334 0
8.763800e+00 7.663000e+00 -5.129000e-01 6.408200e-02 388 67 9.711100e+00 2.260000e+00 1.442400e+03 4.330200e+02 0
6.138900e-01 3.053200e+00 -2.945900e-01 -7.049000e-01 91 43 1.008800e+01 2.260000e+00 7.888600e+02 4.910400e+02 0
3.137600e-01 1.694400e+00 -2.302400e-01 -6.728600e-01 51 44 1.061700e+01 2.260000e+00 7.500200e+02 5.748500e+02 0
3.200400e-01 1.729000e+00 -2.318800e-01 -6.728600e-01 52 44 1.107200e+01 2.260000e+00 7.512600e+02 5.709900e+02 0
3.405000e-01 1.759400e+00 -2.333200e-01 -6.728600e-01 53 44 1.040100e+01 2.260000e+00 7.580100e+02 5.678100e+02 0
5.893300e-01 3.061300e+00 -2.949800e-01 -6.728600e-01 91 44 1.018400e+01 2.260000e+00 7.833200e+02 4.907300e+02 0
-2.359000e+00 1.346200e+01 -7.875200e-01 -6.728600e-01 394 44 1.033100e+01 2.260000e+00 5.743700e+02 4.124100e+02 1
-2.365000e+00 1.355500e+01 -7.919300e-01 -6.728600e-01 395 44 1.043100e+01 2.260000e+00 5.749100e+02 4.122600e+02 1
3.410500e-01 1.698600e+00 -2.304400e-01 -6.408200e-01 51 45 1.104700e+01 2.260000e+00 7.606500e+02 5.744900e+02 0
3.339500e-01 1.731000e+00 -2.319800e-01 -6.408200e-01 52 45 1.133700e+01 2.260000e+00 7.565800e+02 5.708400e+02 0
3.263100e-01 1.768700e+00 -2.337600e-01 -6.408200e-01 53 45 1.057000e+01 2.260000e+00 7.522900e+02 5.667700e+02 0
-2.573400e+00 1.329900e+01 2.208900e+00 -6.408200e-01 394 45 1.012600e+01 2.260000e+00 5.619500e+02 2.764300e+02 0
-2.687500e+00 1.346300e+01 -7.875900e-01 -6.408200e-01 395 45 1.049100e+01 2.260000e+00 5.589900e+02 4.123600e+02 1
3.137600e-01 1.685700e+00 -2.298300e-01 -6.087800e-01 51 46 1.026200e+01 2.260000e+00 7.503200e+02 5.758400e+02 0
3.061200e-01 1.705200e+00 -2.307500e-01 -6.087800e-01 52 46 1.045900e+01 2.260000e+00 7.466400e+02 5.735800e+02 0
-1.230000e+00 2.965300e+00 -2.904300e-01 -6.087800e-01 93 46 1.043500e+01 2.260000e+00 3.900700e+02 4.910200e+02 1
-1.319400e+00 2.966800e+00 -2.905000e-01 -6.087800e-01 94 46 1.068700e+01 2.260000e+00 3.711600e+02 4.908200e+02 1
-1.461900e+00 2.936700e+00 -2.890800e-01 -6.087800e-01 95 46 1.020300e+01 2.260000e+00 3.372800e+02 4.916200e+02 1
-1.192300e+00 3.084300e+00 -2.960700e-01 -6.087800e-01 96 46 1.070800e+01 2.260000e+00 4.096400e+02 4.871600e+02 1
-1.335800e+00 3.074400e+00 -2.956000e-01 -6.087800e-01 97 46 1.241100e+01 2.260000e+00 3.792100e+02 4.872600e+02 1
-1.376200e+00 3.095000e+00 -2.965700e-01 -6.087800e-01 98 46 1.260300e+01 2.260000e+00 3.730900e+02 4.865500e+02 1
-1.443900e+00 3.101300e+00 -2.968700e-01 -6.087800e-01 99 46 1.170900e+01 2.260000e+00 360 4.862500e+02 1
-1.330400e+00 2.924300e+00 -2.884900e-01 -5.767400e-01 93 47 1.157800e+01 2.260000e+00 3.640800e+02 4.922700e+02 1
-1.395600e+00 2.932700e+00 -2.888900e-01 -5.767400e-01 94 47 1.214000e+01 2.260000e+00 3.510100e+02 4.918700e+02 1
-1.461900e+00 2.936100e+00 -2.890500e-01 -5.767400e-01 95 47 1.152300e+01 2.260000e+00 3.372000e+02 4.916400e+02 1
-1.218200e+00 3.085900e+00 -2.961400e-01 -5.767400e-01 96 47 1.216900e+01 2.260000e+00 4.044800e+02 4.870700e+02 1
-1.335800e+00 3.074900e+00 -2.956200e-01 -5.767400e-01 97 47 1.380200e+01 2.260000e+00 3.792600e+02 4.872400e+02 1
-1.376200e+00 3.094800e+00 -2.965600e-01 -5.767400e-01 98 47 1.394800e+01 2.260000e+00 3.730700e+02 4.865500e+02 1
-1.417100e+00 3.113800e+00 -2.974600e-01 -5.767400e-01 99 47 1.297400e+01 2.260000e+00 3.667600e+02 4.859000e+02 1
-1.485600e+00 3.121200e+00 -2.978100e-01 -5.767400e-01 100 47 1.094200e+01 2.260000e+00 3.537300e+02 4.855700e+02 1
-1.405700e+00 2.888400e+00 -2.867900e-01 -5.447000e-01 93 48 1.110900e+01 2.260000e+00 3.435100e+02 4.934200e+02 1
-1.446300e+00 2.908100e+00 -2.877200e-01 -5.447000e-01 94 48 1.170400e+01 2.260000e+00 3.370900e+02 4.926500e+02 1
-1.487500e+00 2.924100e+00 -2.884800e-01 -5.447000e-01 95 48 1.127000e+01 2.260000e+00 3.302100e+02 4.920200e+02 1
-1.244100e+00 3.074800e+00 -2.956200e-01 -5.447000e-01 96 48 1.169600e+01 2.260000e+00 3.980900e+02 4.873900e+02 1
-1.335800e+00 3.075000e+00 -2.956300e-01 -5.447000e-01 97 48 1.318000e+01 2.260000e+00 3.792700e+02 4.872400e+02 1
-1.376200e+00 3.095200e+00 -2.965800e-01 -5.447000e-01 98 48 1.331300e+01 2.260000e+00 3.731200e+02 4.865400e+02 1
-1.443900e+00 3.103000e+00 -2.969500e-01 -5.447000e-01 99 48 1.236600e+01 2.260000e+00 3.601900e+02 4.862000e+02 1
-1.539600e+00 3.094100e+00 -2.965300e-01 -5.447000e-01 100 48 1.053700e+01 2.260000e+00 3.397500e+02 4.863300e+02 1
0 0 -1.500000e-01 -3.204100e-02 1 64 1.553100e+01 2.260000e+00 2167 -3.612800e+03 0
-7.093800e-02 1.126000e-01 -1.553300e-01 -3.204100e-02 5 64 1.416200e+01 2.260000e+00 -3.059300e+03 7.601500e+03 0
-1.585200e-01 1.860600e-01 -1.588100e-01 -3.204100e-02 8 64 1.334500e+01 2.260000e+00 -1.091900e+03 2.909600e+03 0
-1.986300e-01 1.912500e-01 -1.590600e-01 -3.204100e-02 9 64 1.268100e+01 2.260000e+00 -1.203400e+03 2.776300e+03 0
-2.480100e-01 1.844700e-01 -1.587400e-01 -3.204100e-02 10 64 1.262400e+01 2.260000e+00 -1.549500e+03 2.878800e+03 0
-2.592000e-01 2.249100e-01 -1.606500e-01 -3.204100e-02 11 64 1.194700e+01 2.260000e+00 -1.020400e+03 2.242500e+03 0
-2.851200e-01 2.348600e-01 -1.611200e-01 -3.204100e-02 12 64 1.160500e+01 2.260000e+00 -1.008300e+03 2.124800e+03 0
-3.012100e-01 2.853900e-01 -1.635200e-01 -3.204100e-02 13 64 1.079200e+01 2.260000e+00 -6.621400e+02 1.724900e+03 0
-4.220800e-01 1.347700e-01 -1.563800e-01 -3.204100e-02 14 64 1.033200e+01 2.260000e+00 -4.338200e+03 4.331400e+03 0
-1.222300e-01 4.128500e-01 -1.695500e-01 -3.204100e-02 15 64 1.041700e+01 2.260000e+00 1.497100e+02 1.253200e+03 0
3.536000e-01 3.435200e-01 -1.662700e-01 -3.204100e-02 28 64 1.201500e+01 2.260000e+00 1.143200e+03 1.541200e+03 0
6.799100e-01 6.401200e-01 -1.803100e-01 -3.204100e-02 29 64 1.360900e+01 2.260000e+00 1.288600e+03 9.372600e+02 0
6.725500e-01 7.393700e-01 -1.850100e-01 -3.204100e-02 30 64 1.456200e+01 2.260000e+00 1.189300e+03 8.526500e+02 0
6.711800e-01 8.043500e-01 -1.880900e-01 -3.204100e-02 31 64 1.473900e+01 2.260000e+00 1.142500e+03 8.102200e+02 0
6.766400e-01 8.316700e-01 -1.893900e-01 -3.204100e-02 32 64 1.422800e+01 2.260000e+00 1.130700e+03 7.947400e+02 0
6.722700e-01 8.725000e-01 -1.913200e-01 -3.204100e-02 33 64 1.282400e+01 2.260000e+00 1.104100e+03 7.734000e+02 0
6.392600e-01 9.522900e-01 -1.951000e-01 -3.204100e-02 34 64 1.016800e+01 2.260000e+00 1.040800e+03 7.372100e+02 0
-8.307900e-01 8.821200e-01 -1.917800e-01 -3.204100e-02 36 64 1.073800e+01 2.260000e+00 -6.815200e+01 7.433300e+02 0
-8.447100e-01 8.924300e-01 -1.922600e-01 -3.204100e-02 37 64 1.127800e+01 2.260000e+00 -6.890500e+01 7.388200e+02 0
-8.681700e-01 8.774100e-01 -1.915500e-01 -3.204100e-02 38 64 1.089800e+01 2.260000e+00 -9.985400e+01 7.447300e+02 0
-8.916400e-01 8.187700e-01 -1.887800e-01 -3.204100e-02 39 64 9.656600e+00 2.260000e+00 -1.783800e+02 7.711300e+02 0
