0 0 -1.500000e-01 0 1 65 1.656900e+01 4.750000e+00 2167 -3.612800e+03 0
-7.093800e-02 1.129200e-01 -1.594800e-01 0 5 65 1.517900e+01 4.750000e+00 -3.045900e+03 7.638700e+03 0
-1.585200e-01 1.860900e-01 -1.656200e-01 0 8 65 1.435400e+01 4.750000e+00 -1.095300e+03 2.950700e+03 0
-2.008100e-01 1.909500e-01 -1.660200e-01 0 9 65 1.366600e+01 4.750000e+00 -1.222200e+03 2.821100e+03 0
-2.480100e-01 1.865200e-01 -1.656500e-01 0 10 65 1.362600e+01 4.750000e+00 -1.516100e+03 2.876900e+03 0
-2.619200e-01 2.223300e-01 -1.686600e-01 0 11 65 1.302900e+01 4.750000e+00 -1.062100e+03 2.307700e+03 0
-2.881200e-01 2.323400e-01 -1.695000e-01 0 12 65 1.267400e+01 4.750000e+00 -1.047400e+03 2.184400e+03 0
-3.077600e-01 2.798300e-01 -1.734800e-01 0 13 65 1.188600e+01 4.750000e+00 -7.173100e+02 1.789600e+03 0
-3.085800e-01 3.063000e-01 -1.757000e-01 0 14 65 1.139000e+01 4.750000e+00 -5.653000e+02 1.639300e+03 0
-1.184100e-01 4.230100e-01 -1.855000e-01 0 15 65 1.132900e+01 4.750000e+00 1.714700e+02 1.257100e+03 0
3.609700e-01 3.290800e-01 -1.776100e-01 0 28 65 1.308700e+01 4.750000e+00 1.191100e+03 1.643700e+03 0
6.799100e-01 6.362700e-01 -2.033900e-01 0 29 65 1.465900e+01 4.750000e+00 1.294300e+03 9.685800e+02 0
6.725500e-01 7.364400e-01 -2.118000e-01 0 30 65 1.559000e+01 4.750000e+00 1.192800e+03 8.813700e+02 0
6.711800e-01 8.044600e-01 -2.175000e-01 0 31 65 1.575100e+01 4.750000e+00 1.143600e+03 8.363400e+02 0
6.766400e-01 8.316900e-01 -2.197900e-01 0 32 65 1.522700e+01 4.750000e+00 1.131800e+03 8.207800e+02 0
6.722700e-01 8.714300e-01 -2.231200e-01 0 33 65 1.378700e+01 4.750000e+00 1.105700e+03 7.997700e+02 0
6.212500e-01 9.706100e-01 -2.314500e-01 0 34 65 1.097200e+01 4.750000e+00 1.021200e+03 7.551000e+02 0
7.606700e-01 7.685500e-01 -2.144900e-01 0 35 65 1.069400e+01 4.750000e+00 1.254900e+03 8.612500e+02 0
-8.307900e-01 8.928400e-01 -2.249200e-01 0 36 65 1.172700e+01 4.750000e+00 -5.939000e+01 7.630500e+02 0
-8.545300e-01 8.834700e-01 -2.241300e-01 0 37 65 1.219200e+01 4.750000e+00 -8.512900e+01 7.665700e+02 0
-8.782700e-01 8.817000e-01 -2.239900e-01 0 38 65 1.181500e+01 4.750000e+00 -1.040900e+02 7.669200e+02 0
-9.020000e-01 9.172900e-01 -2.269700e-01 0 39 65 1.038000e+01 4.750000e+00 -8.814200e+01 7.521200e+02 0
0 0 -1.500000e-01 3.204100e-02 1 66 1.558300e+01 4.750000e+00 2167 -3.612800e+03 0
-7.093800e-02 1.135800e-01 -1.595300e-01 3.204100e-02 5 66 1.416300e+01 4.750000e+00 -2987 7525 0
-1.585200e-01 1.860800e-01 -1.656100e-01 3.204100e-02 8 66 1.334300e+01 4.750000e+00 -1.095400e+03 2.950800e+03 0
-2.008100e-01 1.912900e-01 -1.660500e-01 3.204100e-02 9 66 1.267900e+01 4.750000e+00 -1.216900e+03 2.814400e+03 0
-2.480100e-01 1.873200e-01 -1.657200e-01 3.204100e-02 10 66 1.261400e+01 4.750000e+00 -1.501500e+03 2.860700e+03 0
-2.619200e-01 2.234600e-01 -1.687500e-01 3.204100e-02 11 66 1.198600e+01 4.750000e+00 -1.049500e+03 2.294100e+03 0
-2.881200e-01 2.336200e-01 -1.696000e-01 3.204100e-02 12 66 1.163400e+01 4.750000e+00 -1.034300e+03 2.171100e+03 0
-3.077600e-01 2.815900e-01 -1.736300e-01 3.204100e-02 13 66 1.079600e+01 4.750000e+00 -7.058700e+02 1.778500e+03 0
-3.121300e-01 3.140700e-01 -1.763500e-01 3.204100e-02 14 66 1.045800e+01 4.750000e+00 -5.346200e+02 1.600600e+03 0
-1.184100e-01 4.502300e-01 -1.877800e-01 3.204100e-02 15 66 1.038900e+01 4.750000e+00 2.089000e+02 1.196700e+03 0
3.609700e-01 3.481100e-01 -1.792100e-01 3.204100e-02 28 66 1.204900e+01 4.750000e+00 1155 1.554300e+03 0
6.799100e-01 6.330500e-01 -2.031200e-01 3.204100e-02 29 66 1.362800e+01 4.750000e+00 1.297900e+03 9.719100e+02 0
6.725500e-01 7.344900e-01 -2.116300e-01 3.204100e-02 30 66 1.457600e+01 4.750000e+00 1.194300e+03 8.828000e+02 0
6.711800e-01 8.044700e-01 -2.175100e-01 3.204100e-02 31 66 1.474500e+01 4.750000e+00 1.143600e+03 8.363300e+02 0
6.766400e-01 8.331000e-01 -2.199100e-01 3.204100e-02 32 66 1.422100e+01 4.750000e+00 1131 8.199900e+02 0
6.722700e-01 8.718100e-01 -2.231600e-01 3.204100e-02 33 66 1.276100e+01 4.750000e+00 1.105500e+03 7.995900e+02 0
-8.627100e-01 8.104800e-01 -2.180100e-01 3.204100e-02 35 66 9.978500e+00 4.750000e+00 -1.659800e+02 8.001300e+02 0
-8.403400e-01 8.861900e-01 -2.243600e-01 3.204100e-02 36 66 1.100200e+01 4.750000e+00 -7.230700e+01 7.656600e+02 0
-8.643500e-01 8.801600e-01 -2.238600e-01 3.204100e-02 37 66 1.138900e+01 4.750000e+00 -9.539900e+01 7.678000e+02 0
-9.085500e-01 8.600400e-01 -2.221700e-01 3.204100e-02 38 66 1.081500e+01 4.750000e+00 -1.478900e+02 7.757800e+02 0
0 0 -1.500000e-01 6.408200e-02 1 67 1.058700e+01 4.750000e+00 2167 -3.612800e+03 0
-1.500600e-02 1.391600e-02 -1.511700e-01 6.408200e-02 2 67 9.965700e+00 4.750000e+00 2.683400e+03 -4.585700e+03 0
2.133600e-01 1.167900e+00 -2.480000e-01 5.447000e-01 35 82 9.814800e+00 4.750000e+00 7.187500e+02 6.878700e+02 0
2.005400e-01 1.204700e+00 -2.510900e-01 5.447000e-01 36 82 1.000400e+01 4.750000e+00 7.106700e+02 6.787400e+02 0
1.866200e-01 1.243200e+00 -2.543200e-01 5.447000e-01 37 82 9.497300e+00 4.750000e+00 7.025000e+02 6.698100e+02 0
1.855300e-01 1.171500e+00 -2.483000e-01 5.767400e-01 35 83 1.027500e+01 4.750000e+00 7.024100e+02 6.866800e+02 0
1.623400e-01 1.209100e+00 -2.514600e-01 5.767400e-01 36 83 1.086500e+01 4.750000e+00 6.890600e+02 6.773200e+02 0
1.473300e-01 1.247100e+00 -2.546400e-01 5.767400e-01 37 83 1.041700e+01 4.750000e+00 6.810500e+02 6.686000e+02 0
1.527900e-01 1.207600e+00 -2.513300e-01 6.087800e-01 36 84 9.813100e+00 4.750000e+00 6.836700e+02 6.775900e+02 0
1.571500e-01 1.242500e+00 -2.542600e-01 6.087800e-01 37 84 9.709300e+00 4.750000e+00 6.863700e+02 6.697000e+02 0
-5.505300e+00 1.106900e+01 -1.078900e+00 -8.330700e-01 355 39 1.042300e+01 4.750000e+00 3.708900e+02 4.386600e+02 1
0 0 -1.500000e-01 -6.408200e-02 1 63 1.019700e+01 4.750000e+00 2167 -3.612800e+03 0
3.219500e-02 1.250500e-02 -1.510500e-01 -6.408200e-02 2 63 9.819000e+00 4.750000e+00 2.108500e+03 -4.348400e+03 0
6.957400e-01 7.831300e-01 -2.157100e-01 -6.408200e-02 31 63 1.008100e+01 4.750000e+00 1181 8.500900e+02 0
7.020100e-01 8.123900e-01 -2.181700e-01 -6.408200e-02 32 63 1.081200e+01 4.750000e+00 1.166800e+03 8.323500e+02 0
7.159300e-01 8.375200e-01 -2.202800e-01 -6.408200e-02 33 63 1.088900e+01 4.750000e+00 1163 8.184100e+02 0
7.202900e-01 8.593600e-01 -2.221100e-01 -6.408200e-02 34 63 1.022900e+01 4.750000e+00 1.153300e+03 8.068700e+02 0
0 0 -1.500000e-01 -3.204100e-02 1 64 1.553000e+01 4.750000e+00 2167 -3.612800e+03 0
-7.093800e-02 1.121000e-01 -1.594100e-01 -3.204100e-02 5 64 1.416700e+01 4.750000e+00 -3.121800e+03 7.785400e+03 0
-1.585200e-01 1.860800e-01 -1.656100e-01 -3.204100e-02 8 64 1.336100e+01 4.750000e+00 -1.095400e+03 2.950800e+03 0
-1.986300e-01 1.922800e-01 -1.661300e-01 -3.204100e-02 9 64 1.265400e+01 4.750000e+00 -1.191800e+03 2.796800e+03 0
-2.480100e-01 1.854400e-01 -1.655600e-01 -3.204100e-02 10 64 1.263800e+01 4.750000e+00 -1.536100e+03 2.899100e+03 0
-2.646500e-01 2.174400e-01 -1.682500e-01 -3.204100e-02 11 64 1.218900e+01 4.750000e+00 -1.128800e+03 2.367300e+03 0
-2.911200e-01 2.281100e-01 -1.691400e-01 -3.204100e-02 12 64 1.169100e+01 4.750000e+00 -1.103100e+03 2.229100e+03 0
-3.110400e-01 2.761000e-01 -1.731700e-01 -3.204100e-02 13 64 1.092900e+01 4.750000e+00 -7.511300e+02 1813 0
-1.145900e-01 4.201000e-01 -1.852500e-01 -3.204100e-02 15 64 1.045400e+01 4.750000e+00 1.738900e+02 1.264500e+03 0
3.683300e-01 1.985100e-01 -1.666600e-01 -3.204100e-02 28 64 1.200600e+01 4.750000e+00 1.812900e+03 3080 0
6.799100e-01 6.375900e-01 -2.035000e-01 -3.204100e-02 29 64 1.361600e+01 4.750000e+00 1.292900e+03 9.672200e+02 0
6.725500e-01 7.376600e-01 -2.119000e-01 -3.204100e-02 30 64 1.454700e+01 4.750000e+00 1.191900e+03 8.804800e+02 0
6.793700e-01 7.975500e-01 -2.169200e-01 -3.204100e-02 31 64 1.469500e+01 4.750000e+00 1.155700e+03 8.407100e+02 0
6.766400e-01 8.318400e-01 -2.198000e-01 -3.204100e-02 32 64 1.414200e+01 4.750000e+00 1.131700e+03 8.206900e+02 0
6.722700e-01 8.722600e-01 -2.231900e-01 -3.204100e-02 33 64 1.271200e+01 4.750000e+00 1.105300e+03 7.993600e+02 0
7.022900e-01 8.843300e-01 -2.242100e-01 -3.204100e-02 34 64 1.054300e+01 4.750000e+00 1.123800e+03 7.940200e+02 0
-8.403400e-01 8.814600e-01 -2.239700e-01 -3.204100e-02 36 64 1.044700e+01 4.750000e+00 -7.663900e+01 7.676600e+02 0
-8.545300e-01 8.714100e-01 -2.231200e-01 -3.204100e-02 37 64 1.098800e+01 4.750000e+00 -9.650800e+01 7.717300e+02 0
-8.782700e-01 8.746100e-01 -2.233900e-01 -3.204100e-02 38 64 1.070700e+01 4.750000e+00 -1.109100e+02 7.699400e+02 0
