0 0 -1.500000e-01 0 1 65 1.660900e+01 2.130000e+00 2167 -3.612800e+03 0
-7.093800e-02 1.129900e-01 -1.550400e-01 0 5 65 1.518100e+01 2.130000e+00 -3.023600e+03 7.528200e+03 0
-1.585200e-01 1.859900e-01 -1.583000e-01 0 8 65 1.433000e+01 2.130000e+00 -1.092700e+03 2.908100e+03 0
-2.008100e-01 1.921200e-01 -1.585700e-01 0 9 65 1.367600e+01 2.130000e+00 -1.199800e+03 2.755300e+03 0
-2.480100e-01 1.869100e-01 -1.583400e-01 0 10 65 1.364300e+01 2.130000e+00 -1.503900e+03 2.825600e+03 0
-2.619200e-01 2.228200e-01 -1.599400e-01 0 11 65 1.314500e+01 2.130000e+00 -1053 2.263300e+03 0
-2.881200e-01 2.342800e-01 -1.604600e-01 0 12 65 1.273500e+01 2.130000e+00 -1.024100e+03 2.127100e+03 0
-3.044900e-01 2.822000e-01 -1.626000e-01 0 13 65 1.198500e+01 2.130000e+00 -6.905700e+02 1.741300e+03 0
-3.085800e-01 3.044100e-01 -1.635900e-01 0 14 65 1.132500e+01 2.130000e+00 -5.729600e+02 1.615900e+03 0
-1.184100e-01 3.712800e-01 -1.665700e-01 0 15 65 1.126400e+01 2.130000e+00 8.253000e+01 1.370400e+03 0
3.536000e-01 3.653000e-01 -1.663000e-01 0 28 65 1.312400e+01 2.130000e+00 1.108100e+03 1.449200e+03 0
6.799100e-01 6.390800e-01 -1.785200e-01 0 29 65 1.466800e+01 2.130000e+00 1.289600e+03 9.362600e+02 0
6.725500e-01 7.377600e-01 -1.829300e-01 0 30 65 1.559400e+01 2.130000e+00 1.190400e+03 8.518300e+02 0
6.793700e-01 7.975100e-01 -1.855900e-01 0 31 65 1.575400e+01 2.130000e+00 1.154400e+03 8.125400e+02 0
6.766400e-01 8.317400e-01 -1.871200e-01 0 32 65 1.523200e+01 2.130000e+00 1.130600e+03 7.927600e+02 0
6.722700e-01 8.759300e-01 -1.890900e-01 0 33 65 1.380800e+01 2.130000e+00 1.102200e+03 7.697900e+02 0
6.122500e-01 9.763900e-01 -1.935800e-01 0 34 65 1.131700e+01 2.130000e+00 1.011500e+03 7.254600e+02 0
7.514000e-01 8.214500e-01 -1.866600e-01 0 35 65 1.051400e+01 2.130000e+00 1.204100e+03 8.000600e+02 0
-8.116900e-01 9.102900e-01 -1.906300e-01 0 36 65 1.174800e+01 2.130000e+00 -2.974000e+01 7.303200e+02 0
-8.447100e-01 8.980500e-01 -1.900800e-01 0 37 65 1.230700e+01 2.130000e+00 -6.381000e+01 7.347300e+02 0
-8.681700e-01 8.714400e-01 -1.888900e-01 0 38 65 1.197800e+01 2.130000e+00 -1.055200e+02 7.454900e+02 0
-8.916400e-01 8.137100e-01 -1.863200e-01 0 39 65 1.055600e+01 2.130000e+00 -1.840400e+02 7.718200e+02 0
0 0 -1.500000e-01 3.204100e-02 1 66 1.558900e+01 2.130000e+00 2167 -3.612800e+03 0
-7.202900e-02 1.123200e-01 -1.550100e-01 3.204100e-02 5 66 1.415900e+01 2.130000e+00 -3.098200e+03 7.638700e+03 0
-1.585200e-01 1.859300e-01 -1.583000e-01 3.204100e-02 8 66 1.333800e+01 2.130000e+00 -1.093600e+03 2.909300e+03 0
-2.008100e-01 1.920800e-01 -1.585700e-01 3.204100e-02 9 66 1.267300e+01 2.130000e+00 -1.200500e+03 2756 0
-2.480100e-01 1.871900e-01 -1.583500e-01 3.204100e-02 10 66 1.265600e+01 2.130000e+00 -1.498900e+03 2820 0
-2.619200e-01 2.236900e-01 -1.599800e-01 3.204100e-02 11 66 1.213800e+01 2.130000e+00 -1.043300e+03 2253 0
-2.851200e-01 2.408200e-01 -1.607500e-01 3.204100e-02 12 66 1.174400e+01 2.130000e+00 -9.506100e+02 2.063700e+03 0
-3.044900e-01 2.836100e-01 -1.626600e-01 3.204100e-02 13 66 1.100200e+01 2.130000e+00 -6.816900e+02 1.732700e+03 0
3.536000e-01 4.219300e-01 -1.688300e-01 3.204100e-02 28 66 1.212700e+01 2.130000e+00 1.038300e+03 1.270600e+03 0
6.799100e-01 6.375400e-01 -1.784500e-01 3.204100e-02 29 66 1.363400e+01 2.130000e+00 1.291300e+03 9.378300e+02 0
6.725500e-01 7.366300e-01 -1.828800e-01 3.204100e-02 30 66 1.455000e+01 2.130000e+00 1.191300e+03 8.526500e+02 0
6.711800e-01 8.044500e-01 -1.859000e-01 3.204100e-02 31 66 1.472100e+01 2.130000e+00 1.142400e+03 8.082100e+02 0
6.766400e-01 8.320700e-01 -1.871400e-01 3.204100e-02 32 66 1.422800e+01 2.130000e+00 1.130400e+03 7.925800e+02 0
6.722700e-01 8.744400e-01 -1.890300e-01 3.204100e-02 33 66 1.285300e+01 2.130000e+00 1.102900e+03 7.705200e+02 0
6.122500e-01 9.722500e-01 -1.933900e-01 3.204100e-02 34 66 1.006900e+01 2.130000e+00 1013 7.270400e+02 0
-8.212400e-01 9.035500e-01 -1.903300e-01 3.204100e-02 36 66 1.068500e+01 2.130000e+00 -4.224000e+01 7.328600e+02 0
-8.447100e-01 8.985600e-01 -1.901000e-01 3.204100e-02 37 66 1.130800e+01 2.130000e+00 -6.335700e+01 7.345200e+02 0
-8.580800e-01 8.883900e-01 -1.896500e-01 3.204100e-02 38 66 1.103400e+01 2.130000e+00 -8.216400e+01 7.384800e+02 0
-8.709000e-01 8.960700e-01 -1.899900e-01 3.204100e-02 39 66 9.880000e+00 2.130000e+00 -8.434800e+01 7.351300e+02 0
0 0 -1.500000e-01 6.408200e-02 1 67 1.027800e+01 2.130000e+00 2167 -3.612800e+03 0
-1.091400e-03 3.486300e-02 -1.515600e-01 6.408200e-02 2 67 9.739600e+00 2.130000e+00 3.502100e+03 -7.190800e+03 0
6.493600e-01 6.327900e-01 -1.782400e-01 6.408200e-02 29 67 9.829500e+00 2.130000e+00 1.259300e+03 9.415500e+02 0
6.725500e-01 7.358100e-01 -1.828400e-01 6.408200e-02 30 67 1.069400e+01 2.130000e+00 1.191900e+03 8.532500e+02 0
6.711800e-01 8.044700e-01 -1.859000e-01 6.408200e-02 31 67 1.094000e+01 2.130000e+00 1.142400e+03 8.081900e+02 0
6.851000e-01 8.306500e-01 -1.870700e-01 6.408200e-02 32 67 1.058900e+01 2.130000e+00 1.138700e+03 7.935400e+02 0
7.246600e-01 8.371400e-01 -1.873600e-01 6.408200e-02 33 67 9.641600e+00 2.130000e+00 1.169600e+03 7.907800e+02 0
6.567200e-01 7.398800e-01 -1.830200e-01 9.612300e-02 30 68 9.982400e+00 2.130000e+00 1.172800e+03 8.498900e+02 0
6.711800e-01 8.022200e-01 -1.858000e-01 9.612300e-02 31 68 1.019700e+01 2.130000e+00 1.143800e+03 8.095400e+02 0
6.851000e-01 8.346100e-01 -1.872500e-01 9.612300e-02 32 68 9.902300e+00 2.130000e+00 1.136300e+03 7.913700e+02 0
-8.605300e-01 2.755800e+00 -2.730000e-01 -9.291900e-01 84 36 1.029600e+01 2.130000e+00 4.518400e+02 4.977200e+02 1
-5.806000e-01 2.558700e+00 -2.642000e-01 -8.971500e-01 77 37 1.063800e+01 2.130000e+00 5.029300e+02 5.068400e+02 1
-6.722700e-01 2.570800e+00 -2.647400e-01 -8.971500e-01 78 37 1.151900e+01 2.130000e+00 4.809500e+02 5.060800e+02 1
-7.022900e-01 2.590900e+00 -2.656300e-01 -8.971500e-01 79 37 1.191800e+01 2.130000e+00 4.752100e+02 5.050900e+02 1
-7.112900e-01 2.625300e+00 -2.671700e-01 -8.971500e-01 80 37 1.171000e+01 2.130000e+00 4.759400e+02 5.035200e+02 1
-7.639500e-01 2.662300e+00 -2.688200e-01 -8.971500e-01 81 37 1.065200e+01 2.130000e+00 4.663700e+02 5.018000e+02 1
-7.956000e-01 2.712000e+00 -2.710400e-01 -8.971500e-01 82 37 1.126000e+01 2.130000e+00 4.631500e+02 4.996300e+02 1
-7.830500e-01 2.749200e+00 -2.727000e-01 -8.971500e-01 83 37 1.255400e+01 2.130000e+00 4.692400e+02 4.981300e+02 1
-8.152400e-01 2.773400e+00 -2.737800e-01 -8.971500e-01 84 37 1.298300e+01 2.130000e+00 4.638200e+02 4.971100e+02 1
-8.479800e-01 2.796200e+00 -2.748000e-01 -8.971500e-01 85 37 1.248000e+01 2.130000e+00 4.582500e+02 4.961500e+02 1
-9.508400e-01 2.781200e+00 -2.741300e-01 -8.971500e-01 86 37 1.088000e+01 2.130000e+00 4.333900e+02 4.965500e+02 1
-6.220700e-01 2.570900e+00 -2.647400e-01 -8.651100e-01 77 38 1.046200e+01 2.130000e+00 4.935000e+02 5.061800e+02 1
-6.932800e-01 2.580300e+00 -2.651600e-01 -8.651100e-01 78 38 1.142600e+01 2.130000e+00 4.765400e+02 5.056000e+02 1
-7.022900e-01 2.603200e+00 -2.661800e-01 -8.651100e-01 79 38 1.176600e+01 2.130000e+00 4.762700e+02 5.045300e+02 1
-7.328400e-01 2.621800e+00 -2.670200e-01 -8.651100e-01 80 38 1.149600e+01 2.130000e+00 4.703800e+02 5.036300e+02 1
-8.076000e-01 2.641800e+00 -2.679100e-01 -8.651100e-01 81 38 1.081000e+01 2.130000e+00 4.540100e+02 5.026000e+02 1
-7.956000e-01 2.708300e+00 -2.708700e-01 -8.651100e-01 82 38 1.149800e+01 2.130000e+00 4.628300e+02 4.997900e+02 1
-7.830500e-01 2.750700e+00 -2.727700e-01 -8.651100e-01 83 38 1.272500e+01 2.130000e+00 4.693700e+02 4.980700e+02 1
-7.926000e-01 2.782800e+00 -2.742000e-01 -8.651100e-01 84 38 1.314700e+01 2.130000e+00 4.698100e+02 4.967800e+02 1
-8.250600e-01 2.806200e+00 -2.752400e-01 -8.651100e-01 85 38 1.263900e+01 2.130000e+00 4.643200e+02 4.958000e+02 1
-8.348900e-01 2.834200e+00 -2.765000e-01 -8.651100e-01 86 38 1.096500e+01 2.130000e+00 4.644100e+02 4.947100e+02 1
-7.159300e-01 2.770200e+00 -2.736400e-01 -8.330700e-01 83 39 1.079300e+01 2.130000e+00 4.864700e+02 4.974100e+02 1
-7.473000e-01 2.798200e+00 -2.748900e-01 -8.330700e-01 84 39 1.112800e+01 2.130000e+00 4.814100e+02 4.962500e+02 1
-8.021400e-01 2.817900e+00 -2.757700e-01 -8.330700e-01 85 39 1.060800e+01 2.130000e+00 4.704800e+02 4.953900e+02 1
4.675400e+00 5.364200e+00 -3.894100e-01 -8.010300e-01 205 40 1.021200e+01 2.130000e+00 1.251300e+03 4.479300e+02 1
4.810100e+00 5.300300e+00 -3.865600e-01 -8.010300e-01 206 40 1.012600e+01 2.130000e+00 1.275800e+03 4.487600e+02 1
4.541700e+00 5.418900e+00 -3.918500e-01 -7.689800e-01 204 41 1.009100e+01 2.130000e+00 1.228600e+03 4.472200e+02 1
4.564000e+00 5.414300e+00 -3.916500e-01 -7.689800e-01 205 41 1.116800e+01 2.130000e+00 1.231900e+03 4.472900e+02 1
4.698300e+00 5.346600e+00 -3.886200e-01 -7.689800e-01 206 41 11 2.130000e+00 1.256200e+03 4.481500e+02 1
-5.776500e+00 7.364100e+00 -4.786700e-01 -7.689800e-01 269 41 1.002200e+01 2.130000e+00 1.886500e+02 4.274700e+02 1
-5.798100e+00 7.390200e+00 -4.798300e-01 -7.689800e-01 270 41 1.205800e+01 2.130000e+00 1.886300e+02 4.273300e+02 1
-5.819600e+00 7.405600e+00 -4.805200e-01 -7.689800e-01 271 41 1.295800e+01 2.130000e+00 1.878900e+02 4.272500e+02 1
-5.841200e+00 7.414500e+00 -4.809200e-01 -7.689800e-01 272 41 1.283600e+01 2.130000e+00 1.867200e+02 4.271900e+02 1
-5.937000e+00 7.355300e+00 -4.782800e-01 -7.689800e-01 273 41 1.152500e+01 2.130000e+00 1.747900e+02 4.274600e+02 1
4.508400e+00 5.301200e+00 1.525700e+00 -7.369400e-01 205 42 1.016100e+01 2.130000e+00 1.224800e+03 2.209200e+02 0
4.530500e+00 5.434100e+00 -3.925300e-01 -7.369400e-01 206 42 9.960900e+00 2.130000e+00 1.225700e+03 4.470400e+02 1
-5.776500e+00 7.307300e+00 -4.761300e-01 -7.369400e-01 269 42 1.139300e+01 2.130000e+00 1.847900e+02 4.277700e+02 1
-5.724700e+00 7.431200e+00 -4.816600e-01 -7.369400e-01 270 42 1.355200e+01 2.130000e+00 1.973900e+02 4.271500e+02 1
-5.746000e+00 7.451800e+00 -4.825800e-01 -7.369400e-01 271 42 1.446500e+01 2.130000e+00 197 4.270400e+02 1
-5.841200e+00 7.406200e+00 -4.805500e-01 -7.369400e-01 272 42 1.429000e+01 2.130000e+00 1.861700e+02 4.272300e+02 1
-5.937000e+00 7.331400e+00 -4.772100e-01 -7.369400e-01 273 42 1.280800e+01 2.130000e+00 1.731300e+02 4.275800e+02 1
-5.703400e+00 7.210600e+00 1.754300e+00 -7.049000e-01 269 43 1.099500e+01 2.130000e+00 1.880100e+02 2.444300e+02 0
-5.724700e+00 7.401300e+00 -4.803300e-01 -7.049000e-01 270 43 1.307600e+01 2.130000e+00 1.954200e+02 4.273000e+02 1
-5.746000e+00 7.433100e+00 -4.817500e-01 -7.049000e-01 271 43 1.394900e+01 2.130000e+00 1.957700e+02 4.271300e+02 1
-5.841200e+00 7.385300e+00 -4.796200e-01 -7.049000e-01 272 43 1.374900e+01 2.130000e+00 1.847500e+02 4.273400e+02 1
-5.937000e+00 7.281900e+00 -4.750000e-01 -7.049000e-01 273 43 1.229300e+01 2.130000e+00 1.696500e+02 4.278400e+02 1
-5.724700e+00 7.380200e+00 -4.793900e-01 -6.728600e-01 270 44 1.035600e+01 2.130000e+00 1.940200e+02 4.274100e+02 1
-5.746000e+00 7.427000e+00 -4.814700e-01 -6.728600e-01 271 44 1.082100e+01 2.130000e+00 1.953700e+02 4.271600e+02 1
-5.841200e+00 7.356500e+00 -4.783300e-01 -6.728600e-01 272 44 1.022200e+01 2.130000e+00 1.827900e+02 4.274900e+02 1
6.409000e-01 7.540900e-01 -1.836600e-01 -9.612300e-02 30 62 9.850600e+00 2.130000e+00 1.146800e+03 8.395500e+02 0
6.466300e-01 8.229300e-01 -1.867300e-01 -9.612300e-02 31 62 9.798200e+00 2.130000e+00 1109 7.970400e+02 0
0 0 -1.500000e-01 -6.408200e-02 1 63 9.972900e+00 2.130000e+00 2167 -3.612800e+03 0
6.493600e-01 6.669900e-01 -1.797700e-01 -6.408200e-02 29 63 9.914000e+00 2.130000e+00 1.225500e+03 9.084700e+02 0
6.646300e-01 7.400300e-01 -1.830300e-01 -6.408200e-02 30 63 1.075400e+01 2.130000e+00 1.180700e+03 8.499900e+02 0
6.793700e-01 7.972000e-01 -1.855800e-01 -6.408200e-02 31 63 1.069900e+01 2.130000e+00 1.154600e+03 8.127300e+02 0
7.020100e-01 7.904500e-01 -1.852800e-01 -6.408200e-02 32 63 9.684500e+00 2.130000e+00 1.180400e+03 8.173600e+02 0
0 0 -1.500000e-01 -3.204100e-02 1 64 1.559500e+01 2.130000e+00 2167 -3.612800e+03 0
-7.093800e-02 1.124400e-01 -1.550200e-01 -3.204100e-02 5 64 1.416500e+01 2.130000e+00 -3.073100e+03 7.623300e+03 0
-1.585200e-01 1.860300e-01 -1.583000e-01 -3.204100e-02 8 64 1.329700e+01 2.130000e+00 -1092 2.907100e+03 0
-2.008100e-01 1.915000e-01 -1.585500e-01 -3.204100e-02 9 64 1.265700e+01 2.130000e+00 -1.209300e+03 2.767100e+03 0
-2.480100e-01 1.859000e-01 -1.583000e-01 -3.204100e-02 10 64 1.259600e+01 2.130000e+00 -1.522300e+03 2.846100e+03 0
-2.619200e-01 2.214200e-01 -1.598800e-01 -3.204100e-02 11 64 1.207100e+01 2.130000e+00 -1.068600e+03 2.280100e+03 0
-2.851200e-01 2.355300e-01 -1.605100e-01 -3.204100e-02 12 64 1.169500e+01 2.130000e+00 -1.001400e+03 2.115400e+03 0
-3.012100e-01 2.832600e-01 -1.626400e-01 -3.204100e-02 13 64 1.099400e+01 2.130000e+00 -6.751300e+02 1.735500e+03 0
3.609700e-01 2.406800e-01 -1.607400e-01 -3.204100e-02 28 64 1.212900e+01 2.130000e+00 1.472800e+03 2.305200e+03 0
6.799100e-01 6.417000e-01 -1.786400e-01 -3.204100e-02 29 64 1.366400e+01 2.130000e+00 1.286800e+03 9.336300e+02 0
6.725500e-01 7.389400e-01 -1.829800e-01 -3.204100e-02 30 64 1.460400e+01 2.130000e+00 1.189500e+03 8.509800e+02 0
6.793700e-01 7.974500e-01 -1.855900e-01 -3.204100e-02 31 64 1.475500e+01 2.130000e+00 1.154500e+03 8.125700e+02 0
6.766400e-01 8.319500e-01 -1.871300e-01 -3.204100e-02 32 64 1.420900e+01 2.130000e+00 1.130400e+03 7.926500e+02 0
6.810000e-01 8.726800e-01 -1.889500e-01 -3.204100e-02 33 64 1.277800e+01 2.130000e+00 1.111200e+03 7.715400e+02 0
6.212500e-01 9.680200e-01 -1.932000e-01 -3.204100e-02 34 64 1.067800e+01 2.130000e+00 1.021200e+03 7.288100e+02 0
-1.094600e+00 4.485000e-01 -1.700200e-01 -3.204100e-02 35 64 1.003200e+01 2.130000e+00 -1.262900e+03 1.104800e+03 0
-8.116900e-01 9.036100e-01 -1.903300e-01 -3.204100e-02 36 64 1.055600e+01 2.130000e+00 -3.538000e+01 7.329800e+02 0
-8.348900e-01 9.028500e-01 -1.903000e-01 -3.204100e-02 37 64 1.121000e+01 2.130000e+00 -5.257000e+01 7.329400e+02 0
-8.580800e-01 8.797400e-01 -1.892600e-01 -3.204100e-02 38 64 1.087700e+01 2.130000e+00 -9.020200e+01 7.421000e+02 0
