0 0 -1.500000e-01 0 1 65 1.659400e+01 1.860000e+00 2167 -3.612800e+03 0
-7.202900e-02 1.121600e-01 -1.543700e-01 0 5 65 1.518500e+01 1.860000e+00 -3.110100e+03 7.651800e+03 0
-1.585200e-01 1.860400e-01 -1.572500e-01 0 8 65 1.432700e+01 1.860000e+00 -1.091300e+03 2.900500e+03 0
-2.008100e-01 1.916800e-01 -1.574700e-01 0 9 65 1.364000e+01 1.860000e+00 -1206 2.757500e+03 0
-2.480100e-01 1.864600e-01 -1.572700e-01 0 10 65 1.361100e+01 1.860000e+00 -1.511400e+03 2.828500e+03 0
-2.619200e-01 2.219900e-01 -1.586500e-01 0 11 65 1.312200e+01 1.860000e+00 -1.061700e+03 2.267700e+03 0
-2.851200e-01 2.364700e-01 -1.592100e-01 0 12 65 1.272600e+01 1.860000e+00 -9.917300e+02 2.100700e+03 0
-3.012100e-01 2.849900e-01 -1.611100e-01 0 13 65 1.201600e+01 1.860000e+00 -6.640600e+02 1.720100e+03 0
-4.327200e-01 3.530100e-02 -1.513800e-01 0 14 65 1.141500e+01 1.860000e+00 16601 -11839 0
-1.260500e-01 3.216200e-01 -1.625300e-01 0 15 65 1.117900e+01 1.860000e+00 -5.646900e+01 1558 0
3.536000e-01 3.660400e-01 -1.642600e-01 0 28 65 1.311000e+01 1.860000e+00 1.106800e+03 1.441600e+03 0
6.722700e-01 6.462500e-01 -1.751800e-01 0 29 65 1.468000e+01 1.860000e+00 1.272500e+03 9.246300e+02 0
6.725500e-01 7.387600e-01 -1.787900e-01 0 30 65 1.560200e+01 1.860000e+00 1.189500e+03 847 0
6.711800e-01 8.043900e-01 -1.813500e-01 0 31 65 1.577000e+01 1.860000e+00 1.142200e+03 8.042000e+02 0
6.766400e-01 8.315400e-01 -1.824000e-01 0 32 65 1.525700e+01 1.860000e+00 1.130500e+03 7.888500e+02 0
6.722700e-01 8.711900e-01 -1.839500e-01 0 33 65 1.384900e+01 1.860000e+00 1.104500e+03 7.681300e+02 0
6.572700e-01 9.445900e-01 -1.868100e-01 0 34 65 1.106000e+01 1.860000e+00 1.057500e+03 7.347900e+02 0
-8.905400e-01 7.720400e-01 -1.800900e-01 0 35 65 1.073500e+01 1.860000e+00 -2.332000e+02 7.899800e+02 0
-8.307900e-01 8.807300e-01 -1.843200e-01 0 36 65 1.182400e+01 1.860000e+00 -6.922100e+01 7.383800e+02 0
-8.447100e-01 8.956700e-01 -1.849000e-01 0 37 65 1.223400e+01 1.860000e+00 -6.579400e+01 7.319600e+02 0
-8.782700e-01 8.703100e-01 -1.839200e-01 0 38 65 1.173800e+01 1.860000e+00 -1.139100e+02 7.420800e+02 0
-9.331100e-01 7.341800e-01 -1.786100e-01 0 39 65 9.852900e+00 1.860000e+00 -3.211500e+02 8.112100e+02 0
0 0 -1.500000e-01 3.204100e-02 1 66 1.557600e+01 1.860000e+00 2167 -3.612800e+03 0
-7.202900e-02 1.123500e-01 -1.543800e-01 3.204100e-02 5 66 1.416100e+01 1.860000e+00 -3.092400e+03 7.617800e+03 0
-1.585200e-01 1.859800e-01 -1.572500e-01 3.204100e-02 8 66 1.331100e+01 1.860000e+00 -1.092200e+03 2.901800e+03 0
-2.008100e-01 1.920200e-01 -1.574800e-01 3.204100e-02 9 66 1.265400e+01 1.860000e+00 -1.200800e+03 2751 0
-2.480100e-01 1.874700e-01 -1.573100e-01 3.204100e-02 10 66 1.262000e+01 1.860000e+00 -1493 2.808200e+03 0
-2.646500e-01 2.184600e-01 -1.585100e-01 3.204100e-02 11 66 1.220800e+01 1.860000e+00 -1.112300e+03 2.309800e+03 0
-2.881200e-01 2.304200e-01 -1.589800e-01 3.204100e-02 12 66 1.176100e+01 1.860000e+00 -1.063500e+03 2.162100e+03 0
-3.044900e-01 2.785100e-01 -1.608500e-01 3.204100e-02 13 66 1.101800e+01 1.860000e+00 -7.140500e+02 1.759700e+03 0
-1.222300e-01 3.492400e-01 -1.636100e-01 3.204100e-02 15 66 1.036900e+01 1.860000e+00 2.604100e+01 1.442700e+03 0
3.536000e-01 3.772000e-01 -1.647000e-01 3.204100e-02 28 66 1.211600e+01 1.860000e+00 1.090900e+03 1.401100e+03 0
6.722700e-01 6.412200e-01 -1.749900e-01 3.204100e-02 29 66 1.367400e+01 1.860000e+00 1.277900e+03 9.296100e+02 0
6.725500e-01 7.369500e-01 -1.787200e-01 3.204100e-02 30 66 1.458200e+01 1.860000e+00 1.190900e+03 8.483100e+02 0
6.711800e-01 8.044600e-01 -1.813500e-01 3.204100e-02 31 66 1.474500e+01 1.860000e+00 1.142200e+03 8.041500e+02 0
6.766400e-01 8.330200e-01 -1.824600e-01 3.204100e-02 32 66 1.423900e+01 1.860000e+00 1.129600e+03 7.880400e+02 0
6.722700e-01 8.723500e-01 -1.839900e-01 3.204100e-02 33 66 1.284500e+01 1.860000e+00 1.103900e+03 7.675500e+02 0
6.572700e-01 9.296900e-01 -1.862300e-01 3.204100e-02 34 66 1.018600e+01 1.860000e+00 1064 7.410300e+02 0
-8.905400e-01 7.813300e-01 -1.804500e-01 3.204100e-02 35 66 9.937500e+00 1.860000e+00 -2.215100e+02 7.848800e+02 0
-8.403400e-01 8.712800e-01 -1.839500e-01 3.204100e-02 36 66 1.077300e+01 1.860000e+00 -8.500800e+01 7.422600e+02 0
-8.348900e-01 9.175300e-01 -1.857600e-01 3.204100e-02 37 66 1.111000e+01 1.860000e+00 -3.987100e+01 7.234200e+02 0
-8.580800e-01 9.427800e-01 -1.867400e-01 3.204100e-02 38 66 1.069600e+01 1.860000e+00 -3.500900e+01 7.135900e+02 0
8.458000e-02 2.163500e+00 -2.343100e-01 -9.932700e-01 63 34 9.969400e+00 1.860000e+00 6.672900e+02 5.272300e+02 0
6.875500e-02 2.194600e+00 -2.355200e-01 -9.932700e-01 64 34 1.038600e+01 1.860000e+00 6.629400e+02 5.251100e+02 0
8.458000e-02 2.161800e+00 -2.342500e-01 -9.612300e-01 63 35 1.079400e+01 1.860000e+00 6.672700e+02 5.273500e+02 0
8.594400e-02 2.192800e+00 -2.354500e-01 -9.612300e-01 64 35 1.095900e+01 1.860000e+00 6.680700e+02 5.252800e+02 0
1.718900e-01 2.190500e+00 -2.353600e-01 -9.291900e-01 64 36 1.002300e+01 1.860000e+00 6.938700e+02 5.256700e+02 0
-1.060800e+00 3.612000e+00 -2.907600e-01 -7.049000e-01 109 43 1.074600e+01 1.860000e+00 4.746400e+02 4.678800e+02 1
-1.040900e+00 3.628500e+00 -2.914000e-01 -7.049000e-01 110 43 1.102200e+01 1.860000e+00 4.791300e+02 4.675200e+02 1
-1.020400e+00 3.637900e+00 -2.917700e-01 -7.049000e-01 111 43 1.036000e+01 1.860000e+00 4.832700e+02 4.673300e+02 1
-5.484000e-01 2.225900e+00 -2.367400e-01 -6.728600e-01 68 44 1.027400e+01 1.860000e+00 483 5.214100e+02 0
-5.565900e-01 2.290900e+00 -2.392700e-01 -6.728600e-01 69 44 1.016600e+01 1.860000e+00 4.868200e+02 5.174400e+02 0
-1.078300e+00 3.455700e+00 -2.846700e-01 -6.728600e-01 105 44 1.058400e+01 1.860000e+00 4.614200e+02 4.716200e+02 1
-1.117300e+00 3.481400e+00 -2.856700e-01 -6.728600e-01 106 44 1.090400e+01 1.860000e+00 4.560400e+02 4.709300e+02 1
-1.041200e+00 3.550100e+00 -2.883500e-01 -6.728600e-01 107 44 1.131900e+01 1.860000e+00 4.742900e+02 4.693500e+02 1
-9.633900e-01 3.605000e+00 -2.904900e-01 -6.728600e-01 108 44 1.271300e+01 1.860000e+00 4.913800e+02 4.681500e+02 1
-9.724000e-01 3.635000e+00 -2.916500e-01 -6.728600e-01 109 44 1.400100e+01 1.860000e+00 4.914900e+02 4.674500e+02 1
-1.011100e+00 3.656400e+00 -2.924900e-01 -6.728600e-01 110 44 1.427800e+01 1.860000e+00 4.859600e+02 4.669200e+02 1
-1.050400e+00 3.676300e+00 -2.932600e-01 -6.728600e-01 111 44 1.355400e+01 1.860000e+00 4.803100e+02 4.664300e+02 1
-1.150800e+00 3.671400e+00 -2.930700e-01 -6.728600e-01 112 44 1.161800e+01 1.860000e+00 4.626700e+02 4.664300e+02 1
0 0 -1.500000e-01 -6.408200e-01 1 45 9.275400e+00 1.860000e+00 2167 -3.612800e+03 0
-5.484000e-01 2.238800e+00 -2.372400e-01 -6.408200e-01 68 45 1.013300e+01 1.860000e+00 4.842400e+02 5.206000e+02 0
-5.751400e-01 2.284300e+00 -2.390200e-01 -6.408200e-01 69 45 9.988600e+00 1.860000e+00 4.809900e+02 5.177800e+02 0
-1.049900e+00 3.463500e+00 -2.849700e-01 -6.408200e-01 105 45 1.084200e+01 1.860000e+00 4.671400e+02 4.714600e+02 1
-1.117300e+00 3.477100e+00 -2.855000e-01 -6.408200e-01 106 45 1.106500e+01 1.860000e+00 4.557400e+02 4.710400e+02 1
-1.012200e+00 3.555600e+00 -2.885600e-01 -6.408200e-01 107 45 1.169600e+01 1.860000e+00 4.798000e+02 4.692500e+02 1
-9.633900e-01 3.606200e+00 -2.905300e-01 -6.408200e-01 108 45 1.321800e+01 1.860000e+00 4.914500e+02 4.681200e+02 1
-9.724000e-01 3.637600e+00 -2.917600e-01 -6.408200e-01 109 45 1.441100e+01 1.860000e+00 4.916400e+02 4.673900e+02 1
-1.011100e+00 3.660300e+00 -2.926400e-01 -6.408200e-01 110 45 1.466100e+01 1.860000e+00 4.861800e+02 4.668400e+02 1
-1.050400e+00 3.682300e+00 -2.935000e-01 -6.408200e-01 111 45 1.393700e+01 1.860000e+00 4.806600e+02 4.663000e+02 1
-1.150800e+00 3.686800e+00 -2.936700e-01 -6.408200e-01 112 45 1.209100e+01 1.860000e+00 4.636500e+02 4.660900e+02 1
-9.925900e-01 3.597900e+00 -2.902100e-01 -6.087800e-01 108 46 1.175200e+01 1.860000e+00 4.858200e+02 4.682800e+02 1
-1.001900e+00 3.629100e+00 -2.914300e-01 -6.087800e-01 109 46 1.274800e+01 1.860000e+00 486 4.675500e+02 1
-1.040900e+00 3.652900e+00 -2.923500e-01 -6.087800e-01 110 46 1.294200e+01 1.860000e+00 4.805800e+02 4.669700e+02 1
-1.050400e+00 3.684000e+00 -2.935600e-01 -6.087800e-01 111 46 1.226000e+01 1.860000e+00 4.807600e+02 4.662600e+02 1
-1.120500e+00 3.684800e+00 -2.935900e-01 -6.087800e-01 112 46 1.055300e+01 1.860000e+00 4.687300e+02 4.661700e+02 1
0 0 -1.500000e-01 -3.204100e-02 1 64 1.557700e+01 1.860000e+00 2167 -3.612800e+03 0
-7.093800e-02 1.129400e-01 -1.544000e-01 -3.204100e-02 5 64 1.415800e+01 1.860000e+00 -3.025700e+03 7.522500e+03 0
-1.585200e-01 1.860800e-01 -1.572500e-01 -3.204100e-02 8 64 1.331600e+01 1.860000e+00 -1.090700e+03 2.899600e+03 0
-1.986300e-01 1.935000e-01 -1.575400e-01 -3.204100e-02 9 64 1.257100e+01 1.860000e+00 -1.168700e+03 2.724800e+03 0
-2.480100e-01 1.848200e-01 -1.572000e-01 -3.204100e-02 10 64 1.257500e+01 1.860000e+00 -1.541800e+03 2.862100e+03 0
-2.592000e-01 2.250700e-01 -1.587700e-01 -3.204100e-02 11 64 1.205500e+01 1.860000e+00 -1018 2.232500e+03 0
-2.851200e-01 2.359700e-01 -1.592000e-01 -3.204100e-02 12 64 1.163700e+01 1.860000e+00 -9.965600e+02 2.105600e+03 0
-3.012100e-01 2.859800e-01 -1.611400e-01 -3.204100e-02 13 64 1.096300e+01 1.860000e+00 -6.580100e+02 1.714200e+03 0
-2.979400e-01 2.727300e-01 -1.606300e-01 -3.204100e-02 14 64 1.048600e+01 1.860000e+00 -7.345400e+02 1.799200e+03 0
3.536000e-01 3.522000e-01 -1.637200e-01 -3.204100e-02 28 64 1.209600e+01 1.860000e+00 1.128200e+03 1.496400e+03 0
6.722700e-01 6.497400e-01 -1.753200e-01 -3.204100e-02 29 64 1.367000e+01 1.860000e+00 1.268900e+03 9.212300e+02 0
6.725500e-01 7.399300e-01 -1.788300e-01 -3.204100e-02 30 64 1.459400e+01 1.860000e+00 1.188600e+03 8.461700e+02 0
6.793700e-01 7.974200e-01 -1.810700e-01 -3.204100e-02 31 64 1.476300e+01 1.860000e+00 1.154300e+03 8.085400e+02 0
6.766400e-01 8.301500e-01 -1.823500e-01 -3.204100e-02 32 64 1.423700e+01 1.860000e+00 1.131300e+03 7.896100e+02 0
6.722700e-01 8.703700e-01 -1.839200e-01 -3.204100e-02 33 64 1.279500e+01 1.860000e+00 1.104900e+03 7.685300e+02 0
6.572700e-01 9.444000e-01 -1.868000e-01 -3.204100e-02 34 64 1.014400e+01 1.860000e+00 1.057600e+03 7.348700e+02 0
-8.812700e-01 7.782100e-01 -1.803300e-01 -3.204100e-02 35 64 9.871600e+00 1.860000e+00 -2.177600e+02 7.867700e+02 0
-8.307900e-01 8.836200e-01 -1.844300e-01 -3.204100e-02 36 64 1.076100e+01 1.860000e+00 -6.658500e+01 7.371600e+02 0
-8.447100e-01 9.016100e-01 -1.851400e-01 -3.204100e-02 37 64 1.123600e+01 1.860000e+00 -6.052400e+01 7.295600e+02 0
-8.782700e-01 8.789500e-01 -1.842500e-01 -3.204100e-02 38 64 1.079000e+01 1.860000e+00 -1.055400e+02 7.383800e+02 0
