0 0 -1.500000e-01 0 1 65 1.659600e+01 2.700000e+00 2167 -3.612800e+03 0
-7.202900e-02 1.119700e-01 -1.563400e-01 0 5 65 1.517500e+01 2.700000e+00 -3.135800e+03 7.731500e+03 0
-1.585200e-01 1.860900e-01 -1.605300e-01 0 8 65 1.433700e+01 2.700000e+00 -1.092400e+03 2.919500e+03 0
-2.008100e-01 1.909700e-01 -1.608100e-01 0 9 65 1.368000e+01 2.700000e+00 -1.218800e+03 2.790400e+03 0
-2.480100e-01 1.866900e-01 -1.605700e-01 0 10 65 1.364100e+01 2.700000e+00 -1.509400e+03 2.843200e+03 0
-2.619200e-01 2.222300e-01 -1.625800e-01 0 11 65 1.314200e+01 2.700000e+00 -1.060700e+03 2.282100e+03 0
-2.881200e-01 2.295300e-01 -1.629900e-01 0 12 65 1.269000e+01 2.700000e+00 -1.074600e+03 2.188400e+03 0
-3.077600e-01 2.764700e-01 -1.656500e-01 0 13 65 1.193300e+01 2.700000e+00 -7.377300e+02 1.787500e+03 0
-3.014900e-01 3.137600e-01 -1.677600e-01 0 14 65 1.139000e+01 2.700000e+00 -5.093300e+02 1.581100e+03 0
-1.298700e-01 3.616900e-01 -1.704700e-01 0 15 65 1.103900e+01 2.700000e+00 3.806300e+01 1.410900e+03 0
3.609700e-01 3.141500e-01 -1.677800e-01 0 28 65 1.308500e+01 2.700000e+00 1.222400e+03 1.699100e+03 0
6.799100e-01 6.371000e-01 -1.860500e-01 0 29 65 1.463800e+01 2.700000e+00 1.292300e+03 9.472300e+02 0
6.725500e-01 7.364300e-01 -1.916800e-01 0 30 65 1.558600e+01 2.700000e+00 1.191900e+03 8.614800e+02 0
6.793700e-01 7.975500e-01 -1.951300e-01 0 31 65 1.575700e+01 2.700000e+00 1.154800e+03 8.210900e+02 0
6.766400e-01 8.309200e-01 -1.970200e-01 0 32 65 1.525300e+01 2.700000e+00 1.131400e+03 8.017200e+02 0
6.810000e-01 8.661700e-01 -1.990200e-01 0 33 65 1.385000e+01 2.700000e+00 1.115100e+03 7.832400e+02 0
6.302600e-01 9.639600e-01 -2.045500e-01 0 34 65 1.092100e+01 2.700000e+00 1.029700e+03 7.388400e+02 0
7.792300e-01 7.221300e-01 -1.908700e-01 0 35 65 1.086500e+01 2.700000e+00 1.315200e+03 8.751300e+02 0
-8.403400e-01 8.777300e-01 -1.996700e-01 0 36 65 1.183000e+01 2.700000e+00 -7.941100e+01 7.511500e+02 0
-8.545300e-01 8.712500e-01 -1.993000e-01 0 37 65 1.218600e+01 2.700000e+00 -9.595900e+01 7.537000e+02 0
-8.883600e-01 8.407900e-01 -1.975800e-01 0 38 65 1.175900e+01 2.700000e+00 -1.520400e+02 7.667800e+02 0
-9.745800e-01 7.249400e-01 -1.910200e-01 0 39 65 1.060900e+01 2.700000e+00 -3.720200e+02 8.277900e+02 0
0 0 -1.500000e-01 3.204100e-02 1 66 1.559500e+01 2.700000e+00 2167 -3.612800e+03 0
-7.202900e-02 1.126400e-01 -1.563700e-01 3.204100e-02 5 66 1.417100e+01 2.700000e+00 -3.073500e+03 7.612200e+03 0
-1.585200e-01 1.860700e-01 -1.605300e-01 3.204100e-02 8 66 1.333500e+01 2.700000e+00 -1.092700e+03 2.919900e+03 0
-2.008100e-01 1.906000e-01 -1.607900e-01 3.204100e-02 9 66 1.266100e+01 2.700000e+00 -1.224600e+03 2.797700e+03 0
-2.504700e-01 1.819800e-01 -1.603000e-01 3.204100e-02 10 66 1.264200e+01 2.700000e+00 -1.610400e+03 2.940500e+03 0
-2.646500e-01 2.166300e-01 -1.622600e-01 3.204100e-02 11 66 1.216400e+01 2.700000e+00 -1.135900e+03 2.350700e+03 0
-2.881200e-01 2.249100e-01 -1.627300e-01 3.204100e-02 12 66 1.169200e+01 2.700000e+00 -1.125500e+03 2.240100e+03 0
-3.012100e-01 2.801300e-01 -1.658500e-01 3.204100e-02 13 66 1.084800e+01 2.700000e+00 -6.957000e+02 1.765400e+03 0
-1.222300e-01 4.106200e-01 -1.732400e-01 3.204100e-02 15 66 1.033900e+01 2.700000e+00 1.459900e+02 1.266100e+03 0
3.536000e-01 3.211900e-01 -1.681800e-01 3.204100e-02 28 66 1.204200e+01 2.700000e+00 1.186200e+03 1.658700e+03 0
6.722700e-01 6.412400e-01 -1.862900e-01 3.204100e-02 29 66 1.363400e+01 2.700000e+00 1.278600e+03 9.427600e+02 0
6.725500e-01 7.347700e-01 -1.915800e-01 3.204100e-02 30 66 1.462100e+01 2.700000e+00 1.193200e+03 8.626900e+02 0
6.711800e-01 8.044800e-01 -1.955300e-01 3.204100e-02 31 66 1.481000e+01 2.700000e+00 1.142800e+03 8.167500e+02 0
6.766400e-01 8.324300e-01 -1.971100e-01 3.204100e-02 32 66 1.433200e+01 2.700000e+00 1.130500e+03 8.008900e+02 0
6.810000e-01 8.654600e-01 -1.989800e-01 3.204100e-02 33 66 1.299100e+01 2.700000e+00 1.115500e+03 7.835900e+02 0
7.792300e-01 8.679800e-01 -1.991200e-01 3.204100e-02 35 66 9.978600e+00 2.700000e+00 1.197200e+03 7.842000e+02 0
-8.307900e-01 8.950600e-01 -2.006500e-01 3.204100e-02 36 66 1.079300e+01 2.700000e+00 -5.676000e+01 7.440500e+02 0
-8.545300e-01 8.845200e-01 -2.000600e-01 3.204100e-02 37 66 1.110000e+01 2.700000e+00 -8.347000e+01 7.480500e+02 0
-8.984600e-01 8.319100e-01 -1.970800e-01 3.204100e-02 38 66 1.064800e+01 2.700000e+00 -1.693600e+02 7.707800e+02 0
-1.817100e-01 6.869100e-02 -1.538900e-01 6.408200e-02 7 67 9.559300e+00 2.700000e+00 -277240 367150 0
6.569900e-01 6.953100e-01 -1.893500e-01 6.408200e-02 29 67 1.018100e+01 2.700000e+00 1.209100e+03 8.929500e+02 0
6.567200e-01 7.610000e-01 -1.930700e-01 6.408200e-02 30 67 1.123600e+01 2.700000e+00 1.157900e+03 8.438900e+02 0
6.630000e-01 8.084700e-01 -1.957500e-01 6.408200e-02 31 67 1.160800e+01 2.700000e+00 1.132800e+03 8.142100e+02 0
6.766400e-01 8.081300e-01 -1.957300e-01 6.408200e-02 32 67 1.130500e+01 2.700000e+00 1.145400e+03 8.147100e+02 0
6.984700e-01 7.743700e-01 -1.938200e-01 6.408200e-02 33 67 1.040100e+01 2.700000e+00 1.188900e+03 8.360800e+02 0
0 0 -1.500000e-01 9.612300e-02 1 68 9.920200e+00 2.700000e+00 2167 -3.612800e+03 0
6.725500e-01 7.318600e-01 -1.914200e-01 9.612300e-02 30 68 1.045400e+01 2.700000e+00 1.195500e+03 8.648300e+02 0
6.711800e-01 8.018900e-01 -1.953800e-01 9.612300e-02 31 68 1.091200e+01 2.700000e+00 1.144400e+03 8.182900e+02 0
6.851000e-01 8.010900e-01 -1.953300e-01 9.612300e-02 32 68 1.068200e+01 2.700000e+00 1.157800e+03 8.190800e+02 0
7.072000e-01 7.575000e-01 -1.928700e-01 9.612300e-02 33 68 9.802700e+00 2.700000e+00 1.210200e+03 8.475300e+02 0
1.895700e+00 1.328100e+01 -9.015900e-01 -8.330700e-01 387 39 1.055500e+01 2.700000e+00 7.773000e+02 4.191400e+02 1
1.900600e+00 1.337000e+01 -9.066000e-01 -8.330700e-01 388 39 1.138100e+01 2.700000e+00 7.769800e+02 4.189800e+02 1
1.905500e+00 1.341500e+01 -9.091900e-01 -8.330700e-01 389 39 1.127700e+01 2.700000e+00 7.769300e+02 4.189100e+02 1
1.804300e+00 1.346500e+01 -9.119700e-01 -8.330700e-01 390 39 1.083900e+01 2.700000e+00 7.717800e+02 4.188100e+02 1
1.596100e+00 1.351500e+01 -9.148500e-01 -8.330700e-01 391 39 1.015800e+01 2.700000e+00 7.615500e+02 4.186800e+02 1
-2.635600e+00 9.261000e+00 -6.740800e-01 -8.010300e-01 277 40 1.041500e+01 2.700000e+00 5.014500e+02 4.278400e+02 1
-2.720700e+00 9.278700e+00 -6.750900e-01 -8.010300e-01 278 40 1.120500e+01 2.700000e+00 4.960600e+02 4.277600e+02 1
-2.806400e+00 9.278800e+00 -6.750900e-01 -8.010300e-01 279 40 1.131400e+01 2.700000e+00 4.902600e+02 4.277300e+02 1
-2.816500e+00 9.281700e+00 -6.752600e-01 -8.010300e-01 280 40 1.077200e+01 2.700000e+00 4.896400e+02 4.277200e+02 1
1.790400e+00 1.334600e+01 -9.052700e-01 -8.010300e-01 387 40 1.018400e+01 2.700000e+00 7.718000e+02 4.190100e+02 1
2.006200e+00 1.335100e+01 -9.055300e-01 -8.010300e-01 388 40 1.107100e+01 2.700000e+00 7.822100e+02 4.190400e+02 1
1.799600e+00 1.342900e+01 -9.099800e-01 -8.010300e-01 389 40 1.098700e+01 2.700000e+00 7.717600e+02 4.188600e+02 1
1.698100e+00 1.347900e+01 -9.127600e-01 -8.010300e-01 390 40 1.072700e+01 2.700000e+00 7.666200e+02 4.187600e+02 1
1.596100e+00 1.352400e+01 -9.153300e-01 -8.010300e-01 391 40 1.011200e+01 2.700000e+00 7.615100e+02 4.186700e+02 1
-2.710900e+00 9.249700e+00 -6.734400e-01 -7.689800e-01 277 41 1.022800e+01 2.700000e+00 4.961000e+02 4.278600e+02 1
-2.871900e+00 9.236800e+00 -6.727200e-01 -7.689800e-01 278 41 1.105100e+01 2.700000e+00 4.848900e+02 4.278500e+02 1
-2.958100e+00 9.227600e+00 -6.722000e-01 -7.689800e-01 279 41 1.110800e+01 2.700000e+00 4.788200e+02 4.278600e+02 1
-3.044900e+00 9.175100e+00 -6.692200e-01 -7.689800e-01 280 41 1.042600e+01 2.700000e+00 4.716700e+02 4.280100e+02 1
0 0 -1.500000e-01 -9.612300e-02 1 62 1.050900e+01 2.700000e+00 2167 -3.612800e+03 0
2.728400e-03 3.470600e-02 -1.519600e-01 -9.612300e-02 2 62 9.992200e+00 2.700000e+00 3.418700e+03 -7.139300e+03 0
6.488100e-01 7.273900e-01 -1.911600e-01 -9.612300e-02 30 62 9.989300e+00 2.700000e+00 1.174500e+03 8.675000e+02 0
6.630000e-01 7.996400e-01 -1.952500e-01 -9.612300e-02 31 62 1.057300e+01 2.700000e+00 1.138300e+03 8.194500e+02 0
6.851000e-01 8.165500e-01 -1.962100e-01 -9.612300e-02 32 62 1.035800e+01 2.700000e+00 1.147800e+03 810 0
6.984700e-01 8.685700e-01 -1.991500e-01 -9.612300e-02 33 62 9.523900e+00 2.700000e+00 1.128500e+03 7.823600e+02 0
6.799100e-01 6.161200e-01 -1.848700e-01 -6.408200e-02 29 63 9.904700e+00 2.700000e+00 1.316500e+03 9.694700e+02 0
6.725500e-01 7.476400e-01 -1.923100e-01 -6.408200e-02 30 63 1.081300e+01 2.700000e+00 1.183300e+03 8.534800e+02 0
6.711800e-01 7.940200e-01 -1.949300e-01 -6.408200e-02 31 63 1.111900e+01 2.700000e+00 1.149500e+03 8.230500e+02 0
6.766400e-01 8.190200e-01 -1.963500e-01 -6.408200e-02 32 63 1.083100e+01 2.700000e+00 1.138600e+03 8.084000e+02 0
6.722700e-01 8.851000e-01 -2.000900e-01 -6.408200e-02 33 63 9.807000e+00 2.700000e+00 1.097800e+03 7.737900e+02 0
0 0 -1.500000e-01 -3.204100e-02 1 64 1.557700e+01 2.700000e+00 2167 -3.612800e+03 0
-7.202900e-02 1.117700e-01 -1.563300e-01 -3.204100e-02 5 64 1.414700e+01 2.700000e+00 -3.154700e+03 7.767700e+03 0
-1.585200e-01 1.860800e-01 -1.605300e-01 -3.204100e-02 8 64 1.327700e+01 2.700000e+00 -1.092500e+03 2.919600e+03 0
-2.008100e-01 1.904900e-01 -1.607800e-01 -3.204100e-02 9 64 1.266100e+01 2.700000e+00 -1.226300e+03 2.799900e+03 0
-2.480100e-01 1.855300e-01 -1.605000e-01 -3.204100e-02 10 64 1.263400e+01 2.700000e+00 -1.530900e+03 2867 0
-2.646500e-01 2.171900e-01 -1.622900e-01 -3.204100e-02 11 64 1.217700e+01 2.700000e+00 -1.129100e+03 2.343400e+03 0
-2.911200e-01 2.260200e-01 -1.627900e-01 -3.204100e-02 12 64 1.168800e+01 2.700000e+00 -1.123700e+03 2.226200e+03 0
-3.077600e-01 2.767700e-01 -1.656600e-01 -3.204100e-02 13 64 1.096100e+01 2.700000e+00 -7.357000e+02 1.785500e+03 0
3.536000e-01 3.491600e-01 -1.697600e-01 -3.204100e-02 28 64 1.204400e+01 2.700000e+00 1.133900e+03 1.524600e+03 0
6.799100e-01 6.366800e-01 -1.860300e-01 -3.204100e-02 29 64 1.361600e+01 2.700000e+00 1.292800e+03 9.476500e+02 0
6.725500e-01 7.368800e-01 -1.917000e-01 -3.204100e-02 30 64 1.455100e+01 2.700000e+00 1.191500e+03 8.611600e+02 0
6.793700e-01 7.974400e-01 -1.951300e-01 -3.204100e-02 31 64 1.471600e+01 2.700000e+00 1.154900e+03 8.211500e+02 0
6.851000e-01 8.220000e-01 -1.965200e-01 -3.204100e-02 32 64 1.420400e+01 2.700000e+00 1.144400e+03 8.068900e+02 0
6.810000e-01 8.625000e-01 -1.988100e-01 -3.204100e-02 33 64 1.278100e+01 2.700000e+00 1.117100e+03 7.850900e+02 0
9.003700e-03 8.834200e-01 -1.999900e-01 -3.204100e-02 34 64 1.006000e+01 2.700000e+00 5.662900e+02 7.628600e+02 0
7.328400e-01 7.634200e-01 -1.932000e-01 -3.204100e-02 35 64 9.948200e+00 2.700000e+00 1.230800e+03 8.441600e+02 0
-8.498900e-01 8.559800e-01 -1.984400e-01 -3.204100e-02 36 64 1.076800e+01 2.700000e+00 -1.073500e+02 7.605100e+02 0
-8.643500e-01 8.438600e-01 -1.977500e-01 -3.204100e-02 37 64 1.114200e+01 2.700000e+00 -1.305300e+02 7.657800e+02 0
-8.984600e-01 8.146500e-01 -1.961000e-01 -3.204100e-02 38 64 1.078300e+01 2.700000e+00 -1.886800e+02 7.791600e+02 0
