0 0 -1.500000e-01 0 1 65 1.655900e+01 3.800000e+00 2167 -3.612800e+03 0
-7.093800e-02 1.128700e-01 -1.590000e-01 0 5 65 1.517600e+01 3.800000e+00 -3.048400e+03 7.636400e+03 0
-1.585200e-01 1.860700e-01 -1.648300e-01 0 8 65 1.433100e+01 3.800000e+00 -1.095100e+03 2.946300e+03 0
-2.008100e-01 1.919300e-01 -1.653000e-01 0 9 65 1.366300e+01 3.800000e+00 -1.206700e+03 2.797600e+03 0
-2.480100e-01 1.876600e-01 -1.649600e-01 0 10 65 1.361600e+01 3.800000e+00 -1495 2.849400e+03 0
-2.619200e-01 2.232200e-01 -1.677900e-01 0 11 65 1.309600e+01 3.800000e+00 -1.051700e+03 2.292900e+03 0
-2.881200e-01 2.331000e-01 -1.685800e-01 0 12 65 1.270000e+01 3.800000e+00 -1.039300e+03 2.172500e+03 0
-3.044900e-01 2.825600e-01 -1.725200e-01 0 13 65 1.200500e+01 3.800000e+00 -6.905700e+02 1.769500e+03 0
-2.979400e-01 2.853900e-01 -1.727500e-01 0 14 65 1.138700e+01 3.800000e+00 -6.554200e+02 1.753500e+03 0
-1.184100e-01 3.805200e-01 -1.803300e-01 0 15 65 1.119800e+01 3.800000e+00 1.000200e+02 1.369300e+03 0
-3.642400e-01 3.626700e-01 -1.789100e-01 0 16 65 1.114800e+01 3.800000e+00 -4.390400e+02 1.398100e+03 0
3.609700e-01 3.483700e-01 -1.777700e-01 0 28 65 1.312200e+01 3.800000e+00 1.154400e+03 1.549400e+03 0
6.799100e-01 6.349000e-01 -2.006000e-01 0 29 65 1.465400e+01 3.800000e+00 1.295700e+03 9.668300e+02 0
6.725500e-01 7.352000e-01 -2.086000e-01 0 30 65 1.559400e+01 3.800000e+00 1.193600e+03 8.792100e+02 0
6.793700e-01 7.975800e-01 -2.135700e-01 0 31 65 1.574600e+01 3.800000e+00 1.155500e+03 8.376600e+02 0
6.766400e-01 8.316000e-01 -2.162800e-01 0 32 65 1.520300e+01 3.800000e+00 1.131700e+03 8.178200e+02 0
6.810000e-01 8.660400e-01 -2.190300e-01 0 33 65 1.369900e+01 3.800000e+00 1.115800e+03 7.996800e+02 0
6.842800e-01 9.166300e-01 -2.230600e-01 0 34 65 1.123900e+01 3.800000e+00 1.092400e+03 7.757100e+02 0
6.864600e-01 9.385300e-01 -2.248000e-01 0 35 65 1.070200e+01 3.800000e+00 1.083700e+03 7.662500e+02 0
-8.021400e-01 9.049400e-01 -2.221300e-01 0 36 65 1.173800e+01 3.800000e+00 -2.825000e+01 7.557900e+02 0
-8.348900e-01 8.933000e-01 -2.212000e-01 0 37 65 1.215500e+01 3.800000e+00 -6.183100e+01 760 0
-8.681700e-01 8.701500e-01 -2.193500e-01 0 38 65 1.174100e+01 3.800000e+00 -1.076900e+02 7.692500e+02 0
-9.434700e-01 7.779400e-01 -2.120000e-01 0 39 65 1.043800e+01 3.800000e+00 -2.706200e+02 8.127800e+02 0
0 0 -1.500000e-01 3.204100e-02 1 66 1.554700e+01 3.800000e+00 2167 -3.612800e+03 0
-7.202900e-02 1.122300e-01 -1.589500e-01 3.204100e-02 5 66 1.415600e+01 3.800000e+00 -3121 7.743500e+03 0
-1.585200e-01 1.859300e-01 -1.648200e-01 3.204100e-02 8 66 1.333400e+01 3.800000e+00 -1.097300e+03 2.949300e+03 0
-1.986300e-01 1.954800e-01 -1.655800e-01 3.204100e-02 9 66 1.262900e+01 3.800000e+00 -1.144200e+03 2.732700e+03 0
-2.480100e-01 1.890600e-01 -1.650700e-01 3.204100e-02 10 66 1.258400e+01 3.800000e+00 -1.470200e+03 2.821700e+03 0
-2.619200e-01 2.240800e-01 -1.678600e-01 3.204100e-02 11 66 1.211300e+01 3.800000e+00 -1.042300e+03 2.282700e+03 0
-2.881200e-01 2.326800e-01 -1.685500e-01 3.204100e-02 12 66 1.172900e+01 3.800000e+00 -1.043600e+03 2.176900e+03 0
-3.077600e-01 2.785700e-01 -1.722000e-01 3.204100e-02 13 66 1.108400e+01 3.800000e+00 -7.252800e+02 1794 0
-3.050300e-01 2.809800e-01 -1.723900e-01 3.204100e-02 14 66 1.043500e+01 3.800000e+00 -7.021700e+02 1.779300e+03 0
3.609700e-01 3.427700e-01 -1.773200e-01 3.204100e-02 28 66 1.212600e+01 3.800000e+00 1.164400e+03 1.574300e+03 0
6.799100e-01 6.324500e-01 -2.004100e-01 3.204100e-02 29 66 1.361600e+01 3.800000e+00 1.298500e+03 9.693700e+02 0
6.725500e-01 7.336800e-01 -2.084800e-01 3.204100e-02 30 66 1.458400e+01 3.800000e+00 1.194800e+03 8.803300e+02 0
6.711800e-01 8.044700e-01 -2.141200e-01 3.204100e-02 31 66 1.474500e+01 3.800000e+00 1.143500e+03 8.333100e+02 0
6.766400e-01 8.325600e-01 -2.163600e-01 3.204100e-02 32 66 1.422400e+01 3.800000e+00 1.131200e+03 8.172900e+02 0
6.810000e-01 8.658200e-01 -2.190100e-01 3.204100e-02 33 66 1.278100e+01 3.800000e+00 1116 7.997900e+02 0
6.842800e-01 9.262100e-01 -2.238200e-01 3.204100e-02 34 66 1.020600e+01 3.800000e+00 1.087800e+03 7.714900e+02 0
-8.905400e-01 7.763300e-01 -2.118800e-01 3.204100e-02 35 66 9.854600e+00 3.800000e+00 -2.290700e+02 8.147900e+02 0
-8.116900e-01 9.053200e-01 -2.221600e-01 3.204100e-02 36 66 1.079800e+01 3.800000e+00 -3.474100e+01 7.554900e+02 0
-8.348900e-01 9.068300e-01 -2.222800e-01 3.204100e-02 37 66 1.111700e+01 3.800000e+00 -4.995000e+01 7.545100e+02 0
-8.681700e-01 8.784400e-01 -2.200200e-01 3.204100e-02 38 66 1.064700e+01 3.800000e+00 -9.971500e+01 7.656800e+02 0
0 0 -1.500000e-01 6.408200e-02 1 67 1.025700e+01 3.800000e+00 2167 -3.612800e+03 0
1.718900e-02 1.031400e-02 -1.508200e-01 6.408200e-02 2 67 9.808600e+00 3.800000e+00 2220 -4.222700e+03 0
6.488100e-01 7.665800e-01 -2.111000e-01 6.408200e-02 30 67 1.029700e+01 3.800000e+00 1.147200e+03 8.566500e+02 0
6.630000e-01 8.112300e-01 -2.146600e-01 6.408200e-02 31 67 1.085200e+01 3.800000e+00 1.131800e+03 8.291300e+02 0
6.766400e-01 8.371000e-01 -2.167200e-01 6.408200e-02 32 67 1.084700e+01 3.800000e+00 1.128500e+03 8.148000e+02 0
6.984700e-01 8.413500e-01 -2.170600e-01 6.408200e-02 33 67 1.036400e+01 3.800000e+00 1.145100e+03 8.129500e+02 0
7.202900e-01 8.167300e-01 -2.151000e-01 6.408200e-02 34 67 9.619500e+00 3.800000e+00 1.180400e+03 8.272100e+02 0
-3.937100e-01 3.698800e+00 -4.448100e-01 -1.153500e+00 112 29 1.002800e+01 3.800000e+00 5.952300e+02 4.921500e+02 0
-3.361400e-01 3.774400e+00 -4.508300e-01 -1.153500e+00 113 29 9.942000e+00 3.800000e+00 6.070700e+02 4.905600e+02 0
-1.010900e+00 8.515200e+00 -8.287000e-01 -8.971500e-01 248 37 1.017700e+01 3.800000e+00 6.053100e+02 4.453900e+02 1
-1.082600e+00 8.520000e+00 -8.290800e-01 -8.971500e-01 249 37 1.029900e+01 3.800000e+00 600 4.453400e+02 1
-1.095700e+00 8.678900e+00 -8.417400e-01 -8.971500e-01 252 37 1.049500e+01 3.800000e+00 6.007700e+02 4.447000e+02 1
-1.168800e+00 8.718000e+00 -8.448600e-01 -8.971500e-01 253 37 1.080200e+01 3.800000e+00 5.958600e+02 4.445200e+02 1
-1.242500e+00 8.708100e+00 -8.440700e-01 -8.971500e-01 254 37 1.037400e+01 3.800000e+00 5.903700e+02 4.445300e+02 1
-1.145900e-01 1.462000e+00 -2.665300e-01 -8.651100e-01 43 38 9.821400e+00 3.800000e+00 5.633400e+02 6.243500e+02 0
-1.078300e+00 8.557400e+00 -8.320500e-01 -8.651100e-01 248 38 1.024100e+01 3.800000e+00 6.007400e+02 4.451900e+02 1
-1.218000e+00 8.542700e+00 -8.308800e-01 -8.651100e-01 249 38 1.051500e+01 3.800000e+00 5.901800e+02 4.452000e+02 1
-1.834300e+00 8.258600e+00 -8.082500e-01 -8.651100e-01 250 38 9.860400e+00 3.800000e+00 5.392900e+02 4.461500e+02 1
-1.095700e+00 8.695500e+00 -8.430700e-01 -8.651100e-01 252 38 1.071500e+01 3.800000e+00 6.009500e+02 4.446300e+02 1
-1.168800e+00 8.702700e+00 -8.436400e-01 -8.651100e-01 253 38 1.105600e+01 3.800000e+00 5.956800e+02 4.445800e+02 1
-1.173500e+00 8.694100e+00 -8.429500e-01 -8.651100e-01 254 38 1.052100e+01 3.800000e+00 5.952500e+02 4.446100e+02 1
3.874300e+00 1.177600e+01 -1.088600e+00 -8.651100e-01 356 38 1.064500e+01 3.800000e+00 8.977700e+02 4.369500e+02 1
3.788100e+00 1.182800e+01 -1.092700e+00 -8.651100e-01 357 38 1.130100e+01 3.800000e+00 8.920900e+02 4.368100e+02 1
3.896100e+00 1.183700e+01 -1.093400e+00 -8.651100e-01 358 38 1.169400e+01 3.800000e+00 8.979200e+02 4.368200e+02 1
3.907000e+00 1.187600e+01 -1.096600e+00 -8.651100e-01 359 38 1.167600e+01 3.800000e+00 8.978300e+02 4.367300e+02 1
3.918000e+00 1.190700e+01 -1.099000e+00 -8.651100e-01 360 38 1.122700e+01 3.800000e+00 8.978900e+02 4.366700e+02 1
4.027100e+00 1.187900e+01 -1.096800e+00 -8.651100e-01 361 38 1.030800e+01 3.800000e+00 9.044000e+02 4.367600e+02 1
3.971200e+00 1.172100e+01 -1.084200e+00 -8.330700e-01 356 39 1.028400e+01 3.800000e+00 9.041500e+02 4.371000e+02 1
3.788100e+00 1.181500e+01 -1.091700e+00 -8.330700e-01 357 39 1.104100e+01 3.800000e+00 8.923000e+02 4.368400e+02 1
3.701300e+00 1.188300e+01 -1.097100e+00 -8.330700e-01 358 39 1.150300e+01 3.800000e+00 8.863900e+02 4.366600e+02 1
3.711700e+00 1.192900e+01 -1.100800e+00 -8.330700e-01 359 39 1.151900e+01 3.800000e+00 8.862000e+02 4.365600e+02 1
3.820000e+00 1.194100e+01 -1.101800e+00 -8.330700e-01 360 39 1.118200e+01 3.800000e+00 8.919300e+02 4.365600e+02 1
4.027100e+00 1.182400e+01 -1.092400e+00 -8.330700e-01 361 39 1.039300e+01 3.800000e+00 9.053900e+02 4.368800e+02 1
0 0 -1.500000e-01 -9.612300e-02 1 62 1.081000e+01 3.800000e+00 2167 -3.612800e+03 0
0 0 -1.500000e-01 -3.204100e-02 1 64 1.553600e+01 3.800000e+00 2167 -3.612800e+03 0
-7.093800e-02 1.122600e-01 -1.589500e-01 -3.204100e-02 5 64 1.414500e+01 3.800000e+00 -3.104800e+03 7.745200e+03 0
-1.585200e-01 1.861000e-01 -1.648300e-01 -3.204100e-02 8 64 1.329700e+01 3.800000e+00 -1.094700e+03 2.945600e+03 0
-2.008100e-01 1.909500e-01 -1.652200e-01 -3.204100e-02 9 64 1.265100e+01 3.800000e+00 -1.221700e+03 2.816400e+03 0
-2.480100e-01 1.866200e-01 -1.648700e-01 -3.204100e-02 10 64 1.258100e+01 3.800000e+00 -1.513700e+03 2.870200e+03 0
-2.592000e-01 2.267900e-01 -1.680800e-01 -3.204100e-02 11 64 1.201800e+01 3.800000e+00 -1.003300e+03 2.252300e+03 0
-2.851200e-01 2.389500e-01 -1.690500e-01 -3.204100e-02 12 64 1.162000e+01 3.800000e+00 -9.711400e+02 2.114400e+03 0
-3.044900e-01 2.854600e-01 -1.727500e-01 -3.204100e-02 13 64 1.096500e+01 3.800000e+00 -6.724500e+02 1.751700e+03 0
-2.908500e-01 2.551400e-01 -1.703400e-01 -3.204100e-02 14 64 1.033100e+01 3.800000e+00 -8.473400e+02 1.968200e+03 0
3.683300e-01 3.309300e-01 -1.763800e-01 -3.204100e-02 28 64 1.211400e+01 3.800000e+00 1.206800e+03 1.631900e+03 0
6.799100e-01 6.352700e-01 -2.006300e-01 -3.204100e-02 29 64 1.365700e+01 3.800000e+00 1.295300e+03 9.664400e+02 0
6.725500e-01 7.360300e-01 -2.086600e-01 -3.204100e-02 30 64 1.457300e+01 3.800000e+00 1193 8.786000e+02 0
6.793700e-01 7.975700e-01 -2.135700e-01 -3.204100e-02 31 64 1.471200e+01 3.800000e+00 1.155500e+03 8.376700e+02 0
6.766400e-01 8.308200e-01 -2.162200e-01 -3.204100e-02 32 64 1.414400e+01 3.800000e+00 1.132200e+03 8.182500e+02 0
6.810000e-01 8.671500e-01 -2.191200e-01 -3.204100e-02 33 64 1.254600e+01 3.800000e+00 1.115200e+03 7.991100e+02 0
6.842800e-01 8.871600e-01 -2.207100e-01 -3.204100e-02 34 64 1.035900e+01 3.800000e+00 1.107300e+03 7.893300e+02 0
7.142900e-01 9.063200e-01 -2.222400e-01 -3.204100e-02 35 64 1.005200e+01 3.800000e+00 1.121600e+03 7.809100e+02 0
-7.830500e-01 9.037600e-01 -2.220300e-01 -3.204100e-02 36 64 1.065900e+01 3.800000e+00 -1.558200e+01 7.565700e+02 0
-8.250600e-01 8.879400e-01 -2.207700e-01 -3.204100e-02 37 64 1.106300e+01 3.800000e+00 -5.951200e+01 7.623900e+02 0
-8.681700e-01 8.826700e-01 -2.203500e-01 -3.204100e-02 38 64 1.059500e+01 3.800000e+00 -9.570500e+01 7.638900e+02 0
