0 0 -1.500000e-01 0 1 65 1.658700e+01 4.030000e+00 2167 -3.612800e+03 0
-7.093800e-02 1.127700e-01 -1.594600e-01 0 5 65 1.517600e+01 4.030000e+00 -3059 7.664100e+03 0
-1.585200e-01 1.861000e-01 -1.656200e-01 0 8 65 1.432900e+01 4.030000e+00 -1.095200e+03 2.950600e+03 0
-2.008100e-01 1.913800e-01 -1.660600e-01 0 9 65 1.365400e+01 4.030000e+00 -1.215600e+03 2.812800e+03 0
-2.480100e-01 1.867500e-01 -1.656700e-01 0 10 65 1.361600e+01 4.030000e+00 -1.511900e+03 2.872200e+03 0
-2.619200e-01 2.221000e-01 -1.686400e-01 0 11 65 1.314100e+01 4.030000e+00 -1.064600e+03 2.310400e+03 0
-2.881200e-01 2.329400e-01 -1.695500e-01 0 12 65 1.270600e+01 4.030000e+00 -1.041200e+03 2.178200e+03 0
-3.077600e-01 2.798600e-01 -1.734800e-01 0 13 65 1.197200e+01 4.030000e+00 -7.171200e+02 1.789400e+03 0
-3.085800e-01 3.021700e-01 -1.753600e-01 0 14 65 1.138200e+01 4.030000e+00 -5.871100e+02 1.660500e+03 0
-1.222300e-01 3.573000e-01 -1.799800e-01 0 15 65 1.131900e+01 4.030000e+00 4.372300e+01 1.449700e+03 0
-3.601500e-01 3.680000e-01 -1.808800e-01 0 16 65 1.110500e+01 4.030000e+00 -4.115000e+02 1.384700e+03 0
3.609700e-01 3.158300e-01 -1.765000e-01 0 28 65 1.310200e+01 4.030000e+00 1.219700e+03 1.714700e+03 0
6.799100e-01 6.396500e-01 -2.036700e-01 0 29 65 1.465800e+01 4.030000e+00 1.290600e+03 9.651200e+02 0
6.725500e-01 7.367200e-01 -2.118200e-01 0 30 65 1.557700e+01 4.030000e+00 1.192600e+03 8.811600e+02 0
6.793700e-01 7.975700e-01 -2.169300e-01 0 31 65 1.573700e+01 4.030000e+00 1.155700e+03 8.406900e+02 0
6.766400e-01 8.318700e-01 -2.198000e-01 0 32 65 1.524000e+01 4.030000e+00 1.131700e+03 8.206800e+02 0
6.722700e-01 8.730700e-01 -2.232600e-01 0 33 65 1.391800e+01 4.030000e+00 1.104800e+03 7.989600e+02 0
6.482600e-01 9.515400e-01 -2.298500e-01 0 34 65 1.142300e+01 4.030000e+00 1.048900e+03 7.631500e+02 0
-9.647600e-01 6.547200e-01 -2.049400e-01 0 35 65 1.058300e+01 4.030000e+00 -4.857000e+02 8.959500e+02 0
-8.307900e-01 8.893900e-01 -2.246300e-01 0 36 65 1.161900e+01 4.030000e+00 -6.247200e+01 7.644800e+02 0
-8.447100e-01 8.976400e-01 -2.253200e-01 0 37 65 1.206900e+01 4.030000e+00 -6.513000e+01 7.608500e+02 0
-8.782700e-01 8.803900e-01 -2.238800e-01 0 38 65 1.157100e+01 4.030000e+00 -1.053400e+02 7.674700e+02 0
-2.838600e+00 3.966600e+00 2.181500e+00 0 154 65 9.875800e+00 4.030000e+00 2.209800e+02 8.572600e+01 0
0 0 -1.500000e-01 3.204100e-02 1 66 1.558100e+01 4.030000e+00 2167 -3.612800e+03 0
-7.093800e-02 1.134400e-01 -1.595200e-01 3.204100e-02 5 66 1.417000e+01 4.030000e+00 -2.998600e+03 7.547300e+03 0
-1.585200e-01 1.861000e-01 -1.656200e-01 3.204100e-02 8 66 1.333300e+01 4.030000e+00 -1.095200e+03 2.950500e+03 0
-2.008100e-01 1.922900e-01 -1.661400e-01 3.204100e-02 9 66 1.265700e+01 4.030000e+00 -1.201700e+03 2.795300e+03 0
-2.504700e-01 1.842800e-01 -1.654600e-01 3.204100e-02 10 66 1.258900e+01 4.030000e+00 -1.569500e+03 2.921700e+03 0
-2.646500e-01 2.190400e-01 -1.683800e-01 3.204100e-02 11 66 1.214300e+01 4.030000e+00 -1.109900e+03 2.347100e+03 0
-2.911200e-01 2.318300e-01 -1.694500e-01 3.204100e-02 12 66 1.168000e+01 4.030000e+00 -1.063100e+03 2.188800e+03 0
-3.110400e-01 2.788500e-01 -1.734000e-01 3.204100e-02 13 66 1.096000e+01 4.030000e+00 -7.327100e+02 1.795200e+03 0
-3.085800e-01 3.045800e-01 -1.755600e-01 3.204100e-02 14 66 1.045300e+01 4.030000e+00 -5.742500e+02 1648 0
-1.260500e-01 2.776300e-01 -1.733000e-01 3.204100e-02 15 66 1.051200e+01 4.030000e+00 -2.169500e+02 1.846500e+03 0
3.609700e-01 3.199600e-01 -1.768500e-01 3.204100e-02 28 66 1.210200e+01 4.030000e+00 1.210500e+03 1.691700e+03 0
6.799100e-01 6.369200e-01 -2.034500e-01 3.204100e-02 29 66 1.366500e+01 4.030000e+00 1.293600e+03 9.679100e+02 0
6.725500e-01 7.353500e-01 -2.117100e-01 3.204100e-02 30 66 1.459800e+01 4.030000e+00 1.193700e+03 8.821700e+02 0
6.793700e-01 7.975700e-01 -2.169300e-01 3.204100e-02 31 66 1.474200e+01 4.030000e+00 1.155700e+03 8.406900e+02 0
6.766400e-01 8.330500e-01 -2.199000e-01 3.204100e-02 32 66 1.420500e+01 4.030000e+00 1131 8.200300e+02 0
6.722700e-01 8.764800e-01 -2.235500e-01 3.204100e-02 33 66 1.272900e+01 4.030000e+00 1103 7.972800e+02 0
7.792300e-01 8.542700e-01 -2.216800e-01 3.204100e-02 35 66 9.995400e+00 4.030000e+00 1.207300e+03 8.107300e+02 0
-8.212400e-01 8.982600e-01 -2.253800e-01 3.204100e-02 36 66 1.073100e+01 4.030000e+00 -4.774200e+01 7.609800e+02 0
-8.447100e-01 8.999400e-01 -2.255200e-01 3.204100e-02 37 66 1.107300e+01 4.030000e+00 -6.309100e+01 7.599200e+02 0
-8.782700e-01 8.840700e-01 -2.241800e-01 3.204100e-02 38 66 1.051300e+01 4.030000e+00 -1.018300e+02 7.659200e+02 0
-7.661300e-01 8.135600e+00 -8.326800e-01 -9.291900e-01 235 36 1.053800e+01 4.030000e+00 6.203400e+02 4.497300e+02 1
-8.335200e-01 8.152600e+00 -8.341000e-01 -9.291900e-01 236 36 1.114300e+01 4.030000e+00 6.152200e+02 4.496300e+02 1
-8.370700e-01 8.165900e+00 -8.352200e-01 -9.291900e-01 237 36 1.124800e+01 4.030000e+00 6.150700e+02 4.495700e+02 1
-9.052800e-01 8.170600e+00 -8.356100e-01 -9.291900e-01 238 36 1.089500e+01 4.030000e+00 6.098000e+02 4.495200e+02 1
-9.740300e-01 8.169200e+00 -8.354900e-01 -9.291900e-01 239 36 1.022400e+01 4.030000e+00 6.044200e+02 4.494900e+02 1
-8.335200e-01 8.157900e+00 -8.345500e-01 -8.971500e-01 236 37 1.067400e+01 4.030000e+00 6.152700e+02 4.496000e+02 1
-8.370700e-01 8.197800e+00 -8.379000e-01 -8.971500e-01 237 37 1.080800e+01 4.030000e+00 6.153800e+02 4.494200e+02 1
-8.406100e-01 8.232800e+00 -8.408300e-01 -8.971500e-01 238 37 1.058400e+01 4.030000e+00 6.154500e+02 4.492700e+02 1
-8.441600e-01 8.249100e+00 -8.422000e-01 -8.971500e-01 239 37 1.016900e+01 4.030000e+00 6.153300e+02 4.491900e+02 1
4.651900e+00 1.089700e+01 -1.064400e+00 -8.971500e-01 342 37 1.050300e+01 4.030000e+00 9.615400e+02 4.419900e+02 1
4.665500e+00 1.099500e+01 -1.072600e+00 -8.971500e-01 343 37 1.034100e+01 4.030000e+00 9.599200e+02 4.417300e+02 1
4.545500e+00 1.087200e+01 -1.062300e+00 -8.651100e-01 341 38 1.061900e+01 4.030000e+00 9.557000e+02 4.420300e+02 1
4.372800e+00 1.101100e+01 -1.073900e+00 -8.651100e-01 342 38 1.101900e+01 4.030000e+00 9.420200e+02 4.416000e+02 1
4.385600e+00 1.109400e+01 -1.080900e+00 -8.651100e-01 343 38 1.083000e+01 4.030000e+00 9.408800e+02 4.413900e+02 1
4.866300e+00 1.094500e+01 -1.068400e+00 -8.651100e-01 344 38 1.010300e+01 4.030000e+00 9.732800e+02 4.419300e+02 1
5.068200e+00 1.089100e+01 -1.063900e+00 -8.651100e-01 345 38 1.004600e+01 4.030000e+00 9.869200e+02 4.421300e+02 1
-5.981700e+00 1.283400e+01 -1.226900e+00 -8.330700e-01 407 39 1.046900e+01 4.030000e+00 3.919000e+02 4.350600e+02 1
-5.996400e+00 1.273800e+01 1.956100e+00 -8.330700e-01 408 39 1.034200e+01 4.030000e+00 3.898600e+02 2.851700e+02 0
0 0 -1.500000e-01 -6.408200e-02 1 63 1.005700e+01 4.030000e+00 2167 -3.612800e+03 0
-3.410500e-02 5.167900e-03 -1.504300e-01 -6.408200e-02 2 63 1.000800e+01 4.030000e+00 2.624800e+03 -3.986800e+03 0
6.329800e-01 7.858900e-01 -2.159500e-01 -6.408200e-02 30 63 9.973800e+00 4.030000e+00 1.119700e+03 8.468100e+02 0
6.466300e-01 8.207900e-01 -2.188700e-01 -6.408200e-02 31 63 1.045400e+01 4.030000e+00 1.111400e+03 8.262500e+02 0
6.597200e-01 8.341100e-01 -2.199900e-01 -6.408200e-02 32 63 1.046300e+01 4.030000e+00 1.115500e+03 8.190800e+02 0
6.548100e-01 8.678100e-01 -2.228200e-01 -6.408200e-02 33 63 9.647200e+00 4.030000e+00 1.092900e+03 8.012500e+02 0
0 0 -1.500000e-01 -3.204100e-02 1 64 1.557400e+01 4.030000e+00 2167 -3.612800e+03 0
-7.093800e-02 1.120000e-01 -1.594000e-01 -3.204100e-02 5 64 1.414300e+01 4.030000e+00 -3.131200e+03 7.803600e+03 0
-1.585200e-01 1.860900e-01 -1.656200e-01 -3.204100e-02 8 64 1.329500e+01 4.030000e+00 -1.095300e+03 2.950700e+03 0
-2.008100e-01 1.919300e-01 -1.661100e-01 -3.204100e-02 9 64 1.260000e+01 4.030000e+00 -1.207100e+03 2.802100e+03 0
-2.504700e-01 1.828500e-01 -1.653400e-01 -3.204100e-02 10 64 1.257200e+01 4.030000e+00 -1.597200e+03 2.952400e+03 0
-2.619200e-01 2.222300e-01 -1.686500e-01 -3.204100e-02 11 64 1.206800e+01 4.030000e+00 -1.063200e+03 2.308900e+03 0
-2.881200e-01 2.333500e-01 -1.695800e-01 -3.204100e-02 12 64 1.170800e+01 4.030000e+00 -1037 2.173900e+03 0
-3.044900e-01 2.808100e-01 -1.735600e-01 -3.204100e-02 13 64 1.099100e+01 4.030000e+00 -702 1.784100e+03 0
3.609700e-01 3.457300e-01 -1.790100e-01 -3.204100e-02 28 64 1.207200e+01 4.030000e+00 1.159200e+03 1.564700e+03 0
6.799100e-01 6.401500e-01 -2.037200e-01 -3.204100e-02 29 64 1.362200e+01 4.030000e+00 1.290100e+03 9.646000e+02 0
6.804600e-01 7.304700e-01 -2.113000e-01 -3.204100e-02 30 64 1.450200e+01 4.030000e+00 1.205700e+03 8.860100e+02 0
6.793700e-01 7.975300e-01 -2.169200e-01 -3.204100e-02 31 64 1.466000e+01 4.030000e+00 1.155700e+03 8.407200e+02 0
6.766400e-01 8.305700e-01 -2.196900e-01 -3.204100e-02 32 64 1.418200e+01 4.030000e+00 1.132500e+03 8.214000e+02 0
6.722700e-01 8.707000e-01 -2.230600e-01 -3.204100e-02 33 64 1.298300e+01 4.030000e+00 1.106100e+03 8.001400e+02 0
6.572700e-01 9.368300e-01 -2.286100e-01 -3.204100e-02 34 64 1.105600e+01 4.030000e+00 1.062100e+03 7.694200e+02 0
-8.307900e-01 8.946900e-01 -2.250800e-01 -3.204100e-02 36 64 1.029300e+01 4.030000e+00 -5.774700e+01 7.622900e+02 0
-8.447100e-01 8.976400e-01 -2.253200e-01 -3.204100e-02 37 64 1.085600e+01 4.030000e+00 -6.513500e+01 7.608500e+02 0
-8.681700e-01 8.725800e-01 -2.232200e-01 -3.204100e-02 38 64 1.030200e+01 4.030000e+00 -1.054400e+02 7.709800e+02 0
