0 0 -1.500000e-01 0 1 65 1.654800e+01 3.630000e+00 2167 -3.612800e+03 0
-7.093800e-02 1.129200e-01 -1.586000e-01 0 5 65 1.517800e+01 3.630000e+00 -3.042800e+03 7.619300e+03 0
-1.585200e-01 1.860900e-01 -1.641700e-01 0 8 65 1.434600e+01 3.630000e+00 -1.094600e+03 2.941900e+03 0
-2.008100e-01 1.910800e-01 -1.645500e-01 0 9 65 1.367100e+01 3.630000e+00 -1.219300e+03 2.809900e+03 0
-2.480100e-01 1.864000e-01 -1.641900e-01 0 10 65 1.362000e+01 3.630000e+00 -1.517300e+03 2.870700e+03 0
-2.592000e-01 2.263600e-01 -1.672300e-01 0 11 65 1.308300e+01 3.630000e+00 -1.007600e+03 2.253800e+03 0
-2.851200e-01 2.369700e-01 -1.680400e-01 0 12 65 1.271200e+01 3.630000e+00 -9.900200e+02 2.130700e+03 0
-3.044900e-01 2.826200e-01 -1.715200e-01 0 13 65 1.196300e+01 3.630000e+00 -6.899400e+02 1766 0
-3.050300e-01 3.065800e-01 -1.733400e-01 0 14 65 1.135400e+01 3.630000e+00 -5.547100e+02 1.631900e+03 0
-1.298700e-01 3.333900e-01 -1.753800e-01 0 15 65 1.134500e+01 3.630000e+00 -3.284000e+01 1.536100e+03 0
3.536000e-01 3.441300e-01 -1.762000e-01 0 28 65 1.310000e+01 3.630000e+00 1.143200e+03 1.563800e+03 0
6.799100e-01 6.367400e-01 -1.984700e-01 0 29 65 1.465100e+01 3.630000e+00 1.293500e+03 9.622400e+02 0
6.725500e-01 7.371200e-01 -2.061200e-01 0 30 65 1.560800e+01 3.630000e+00 1192 8.752000e+02 0
6.793700e-01 7.975000e-01 -2.107100e-01 0 31 65 1.576900e+01 3.630000e+00 1.155500e+03 8.351400e+02 0
6.766400e-01 8.303600e-01 -2.132100e-01 0 32 65 1.522600e+01 3.630000e+00 1.132400e+03 8.159600e+02 0
6.810000e-01 8.683500e-01 -2.161100e-01 0 33 65 1.369000e+01 3.630000e+00 1.114500e+03 7.959700e+02 0
7.514000e-01 7.465400e-01 -2.068300e-01 0 35 65 1.096300e+01 3.630000e+00 1.264300e+03 8.705600e+02 0
-8.307900e-01 8.943100e-01 -2.180800e-01 0 36 65 1.165300e+01 3.630000e+00 -5.789500e+01 7.572900e+02 0
-8.545300e-01 8.865400e-01 -2.174900e-01 0 37 65 1.215000e+01 3.630000e+00 -8.209600e+01 7.601300e+02 0
-8.681700e-01 8.789600e-01 -2.169100e-01 0 38 65 1.181700e+01 3.630000e+00 -9.913300e+01 7.631000e+02 0
-8.916400e-01 8.780800e-01 -2.168500e-01 0 39 65 1.058100e+01 3.630000e+00 -1.171300e+02 7.630800e+02 0
0 0 -1.500000e-01 3.204100e-02 1 66 1.553200e+01 3.630000e+00 2167 -3.612800e+03 0
-7.202900e-02 1.125100e-01 -1.585600e-01 3.204100e-02 5 66 1.415500e+01 3.630000e+00 -3.093800e+03 7.684900e+03 0
-1.585200e-01 1.860400e-01 -1.641600e-01 3.204100e-02 8 66 1.335100e+01 3.630000e+00 -1.095200e+03 2.942900e+03 0
-2.008100e-01 1.916000e-01 -1.645900e-01 3.204100e-02 9 66 1.267600e+01 3.630000e+00 -1.211400e+03 2800 0
-2.480100e-01 1.871500e-01 -1.642500e-01 3.204100e-02 10 66 1.262200e+01 3.630000e+00 -1.503700e+03 2.855600e+03 0
-2.592000e-01 2.275900e-01 -1.673300e-01 3.204100e-02 11 66 1.201300e+01 3.630000e+00 -9.947300e+02 2.239800e+03 0
-2.851200e-01 2.394400e-01 -1.682300e-01 3.204100e-02 12 66 1.167800e+01 3.630000e+00 -9.662000e+02 2.106300e+03 0
-3.077600e-01 2.817300e-01 -1.714500e-01 3.204100e-02 13 66 1.093200e+01 3.630000e+00 -7.044600e+02 1.770800e+03 0
3.609700e-01 2.991800e-01 -1.727800e-01 3.204100e-02 28 66 1.203200e+01 3.630000e+00 1.260500e+03 1.809100e+03 0
6.722700e-01 6.395000e-01 -1.986800e-01 3.204100e-02 29 66 1.360200e+01 3.630000e+00 1.281200e+03 9.591400e+02 0
6.725500e-01 7.365600e-01 -2.060700e-01 3.204100e-02 30 66 1.458500e+01 3.630000e+00 1.192500e+03 8.756100e+02 0
6.711800e-01 8.043800e-01 -2.112400e-01 3.204100e-02 31 66 1.476700e+01 3.630000e+00 1.143400e+03 8.308000e+02 0
6.766400e-01 8.309000e-01 -2.132600e-01 3.204100e-02 32 66 1.426300e+01 3.630000e+00 1.132100e+03 8.156600e+02 0
6.897400e-01 8.623800e-01 -2.156500e-01 3.204100e-02 33 66 1.284700e+01 3.630000e+00 1.125200e+03 7.991700e+02 0
7.202900e-01 6.468500e-01 -1.992400e-01 3.204100e-02 34 66 1.028500e+01 3.630000e+00 1.330800e+03 9.535600e+02 0
7.328400e-01 7.649200e-01 -2.082300e-01 3.204100e-02 35 66 1.009700e+01 3.630000e+00 1.230300e+03 8.573200e+02 0
-8.498900e-01 8.735300e-01 -2.165000e-01 3.204100e-02 36 66 1.064200e+01 3.630000e+00 -9.086600e+01 7.657300e+02 0
-8.545300e-01 8.820400e-01 -2.171500e-01 3.204100e-02 37 66 1.106100e+01 3.630000e+00 -8.626700e+01 7.620200e+02 0
-8.681700e-01 8.589500e-01 -2.153900e-01 3.204100e-02 38 66 1.072700e+01 3.630000e+00 -1.186200e+02 7.718100e+02 0
0 0 -1.500000e-01 6.408200e-02 1 67 1.052600e+01 3.630000e+00 2167 -3.612800e+03 0
3.819700e-03 3.450700e-02 -1.526300e-01 6.408200e-02 2 67 1.004800e+01 3.630000e+00 3.382800e+03 -7.099300e+03 0
6.804600e-01 7.188500e-01 -2.047200e-01 6.408200e-02 30 67 9.684500e+00 3.630000e+00 1215 8.891400e+02 0
0 0 -1.500000e-01 9.612300e-02 1 68 1.042300e+01 3.630000e+00 2167 -3.612800e+03 0
6.630000e-01 7.901700e-01 -2.101500e-01 9.612300e-02 31 68 9.737500e+00 3.630000e+00 1145 8.392600e+02 0
-4.540000e-01 7.169400e+00 -6.958000e-01 -9.612300e-01 209 35 1.006200e+01 3.630000e+00 6.380900e+02 4.500400e+02 1
-6.362600e-01 7.364200e+00 -7.106300e-01 -9.612300e-01 213 35 1.112400e+01 3.630000e+00 6.237700e+02 4.488400e+02 1
-6.973700e-01 7.395300e+00 -7.129900e-01 -9.612300e-01 214 35 1.173600e+01 3.630000e+00 6.187900e+02 4.486400e+02 1
-7.006500e-01 7.427500e+00 -7.154400e-01 -9.612300e-01 215 35 1.146100e+01 3.630000e+00 6.188400e+02 4.484600e+02 1
-6.452600e-01 7.469200e+00 -7.186200e-01 -9.612300e-01 216 35 1.025600e+01 3.630000e+00 6.239900e+02 4.482600e+02 1
-6.810000e-01 7.198900e+00 -6.980400e-01 -9.291900e-01 209 36 1.008200e+01 3.630000e+00 6.181700e+02 4.497600e+02 1
-6.362600e-01 7.376200e+00 -7.115400e-01 -9.291900e-01 213 36 1.103100e+01 3.630000e+00 6.238800e+02 4.487700e+02 1
-6.973700e-01 7.403900e+00 -7.136500e-01 -9.291900e-01 214 36 1.165300e+01 3.630000e+00 6.188800e+02 4.485900e+02 1
-7.006500e-01 7.437300e+00 -7.161900e-01 -9.291900e-01 215 36 1.137400e+01 3.630000e+00 6.189400e+02 4.484100e+02 1
-7.625800e-01 7.468600e+00 -7.185700e-01 -9.291900e-01 216 36 1.021000e+01 3.630000e+00 6.139600e+02 4.482100e+02 1
4.786900e+00 1.005100e+01 -9.151900e-01 -8.971500e-01 320 37 1.067100e+01 3.630000e+00 9.932800e+02 4.396300e+02 1
4.714600e+00 1.011100e+01 -9.197600e-01 -8.971500e-01 321 37 1.076700e+01 3.630000e+00 9.867300e+02 4.394100e+02 1
4.641800e+00 1.015300e+01 -9.229000e-01 -8.971500e-01 322 37 1.019700e+01 3.630000e+00 9.807700e+02 4.392600e+02 1
4.961000e+00 9.974900e+00 -9.093800e-01 -8.651100e-01 320 38 1.078500e+01 3.630000e+00 1.007200e+03 4.399300e+02 1
4.976600e+00 1.000500e+01 -9.116800e-01 -8.651100e-01 321 38 1.082200e+01 3.630000e+00 1.007200e+03 4.398400e+02 1
4.729400e+00 1.016300e+01 -9.236900e-01 -8.651100e-01 322 38 1.019100e+01 3.630000e+00 9.861700e+02 4.392600e+02 1
4.656300e+00 1.022600e+01 -9.284600e-01 -8.651100e-01 323 38 1.023000e+01 3.630000e+00 9.796100e+02 4.390400e+02 1
4.758800e+00 1.021800e+01 -9.278500e-01 -8.651100e-01 324 38 1.026500e+01 3.630000e+00 9.864800e+02 4.391000e+02 1
-5.867100e+00 1.200900e+01 -1.064300e+00 -8.651100e-01 385 38 1.027400e+01 3.630000e+00 3.773100e+02 4.318500e+02 1
-5.777400e+00 1.213000e+01 -1.073500e+00 -8.651100e-01 386 38 1.080500e+01 3.630000e+00 3.850200e+02 4.316400e+02 1
-5.897700e+00 1.211300e+01 -1.072100e+00 -8.651100e-01 387 38 1.035100e+01 3.630000e+00 3.784200e+02 4.316400e+02 1
-6.197500e+00 1.182400e+01 -1.050200e+00 -8.330700e-01 386 39 1.025400e+01 3.630000e+00 3.551200e+02 4.321300e+02 1
0 0 -1.500000e-01 -9.612300e-02 1 62 9.579000e+00 3.630000e+00 2167 -3.612800e+03 0
6.875500e-01 7.819400e-01 -2.095300e-01 -9.612300e-02 31 62 9.874900e+00 3.630000e+00 1.173700e+03 8.450300e+02 0
6.851000e-01 8.257700e-01 -2.128600e-01 -9.612300e-02 32 62 9.748000e+00 3.630000e+00 1.142700e+03 8.187100e+02 0
0 0 -1.500000e-01 -6.408200e-02 1 63 9.867400e+00 3.630000e+00 2167 -3.612800e+03 0
-3.328600e-02 4.471100e-03 -1.503400e-01 -6.408200e-02 2 63 9.821000e+00 3.630000e+00 2.596800e+03 -3.940100e+03 0
6.725500e-01 6.714100e-01 -2.011100e-01 -6.408200e-02 30 63 1.004200e+01 3.630000e+00 1.248900e+03 9.285700e+02 0
6.875500e-01 7.552800e-01 -2.075000e-01 -6.408200e-02 31 63 1.029600e+01 3.630000e+00 1.193200e+03 8.627200e+02 0
6.935500e-01 8.312700e-01 -2.132800e-01 -6.408200e-02 32 63 1.011700e+01 3.630000e+00 1.146800e+03 8.158200e+02 0
0 0 -1.500000e-01 -3.204100e-02 1 64 1.554100e+01 3.630000e+00 2167 -3.612800e+03 0
-7.093800e-02 1.125500e-01 -1.585700e-01 -3.204100e-02 5 64 1.415400e+01 3.630000e+00 -3.076400e+03 7.684100e+03 0
-1.585200e-01 1.861000e-01 -1.641700e-01 -3.204100e-02 8 64 1.330600e+01 3.630000e+00 -1.094300e+03 2.941500e+03 0
-2.008100e-01 1.911700e-01 -1.645500e-01 -3.204100e-02 9 64 1.260500e+01 3.630000e+00 -1.217900e+03 2.808200e+03 0
-2.480100e-01 1.864500e-01 -1.641900e-01 -3.204100e-02 10 64 1.256600e+01 3.630000e+00 -1.516400e+03 2.869800e+03 0
-2.592000e-01 2.260600e-01 -1.672100e-01 -3.204100e-02 11 64 1.194200e+01 3.630000e+00 -1.010700e+03 2.257200e+03 0
-2.821100e-01 2.394600e-01 -1.682300e-01 -3.204100e-02 12 64 1.167000e+01 3.630000e+00 -9.560700e+02 2.107200e+03 0
-3.012100e-01 2.836900e-01 -1.716000e-01 -3.204100e-02 13 64 1.092900e+01 3.630000e+00 -6.744500e+02 1.760100e+03 0
-4.291700e-01 1.038000e-01 -1.579000e-01 -3.204100e-02 14 64 1.037200e+01 3.630000e+00 -7.960800e+03 7130 0
-4.087100e-01 2.533900e-01 -1.692900e-01 -3.204100e-02 15 64 1.039700e+01 3.630000e+00 -1.218100e+03 1.945900e+03 0
3.536000e-01 3.548800e-01 -1.770200e-01 -3.204100e-02 28 64 1.211100e+01 3.630000e+00 1.125200e+03 1.517700e+03 0
6.799100e-01 6.388200e-01 -1.986300e-01 -3.204100e-02 29 64 1.367900e+01 3.630000e+00 1.291200e+03 9.601200e+02 0
6.725500e-01 7.366800e-01 -2.060800e-01 -3.204100e-02 30 64 1.462000e+01 3.630000e+00 1.192400e+03 8.755200e+02 0
6.793700e-01 7.975400e-01 -2.107200e-01 -3.204100e-02 31 64 1.477500e+01 3.630000e+00 1.155400e+03 8.351200e+02 0
6.851000e-01 8.240700e-01 -2.127400e-01 -3.204100e-02 32 64 1.422800e+01 3.630000e+00 1.143700e+03 8.196700e+02 0
6.897400e-01 8.626200e-01 -2.156700e-01 -3.204100e-02 33 64 1.267300e+01 3.630000e+00 1125 7.990500e+02 0
7.606700e-01 6.216000e-01 -1.973200e-01 -3.204100e-02 35 64 1.008300e+01 3.630000e+00 1.412400e+03 9.814900e+02 0
-8.212400e-01 9.043300e-01 -2.188400e-01 -3.204100e-02 36 64 1.071500e+01 3.630000e+00 -4.231400e+01 7.533700e+02 0
-8.447100e-01 8.923500e-01 -2.179300e-01 -3.204100e-02 37 64 1.128600e+01 3.630000e+00 -6.968400e+01 7.578700e+02 0
-8.681700e-01 8.744100e-01 -2.165700e-01 -3.204100e-02 38 64 1.105100e+01 3.630000e+00 -1.034800e+02 7.650400e+02 0
-9.123700e-01 8.467200e-01 -2.144600e-01 -3.204100e-02 39 64 9.916800e+00 3.630000e+00 -1.645100e+02 7.765600e+02 0
