0 0 -1.500000e-01 0 1 65 1.657000e+01 4.090000e+00 2167 -3.612800e+03 0
-7.093800e-02 1.129800e-01 -1.594800e-01 0 5 65 1.518300e+01 4.090000e+00 -3.040400e+03 7.628200e+03 0
-1.585200e-01 1.860800e-01 -1.656100e-01 0 8 65 1.431900e+01 4.090000e+00 -1.095500e+03 2951 0
-2.008100e-01 1.915000e-01 -1.660700e-01 0 9 65 1.367400e+01 4.090000e+00 -1.213700e+03 2.810400e+03 0
-2.480100e-01 1.872600e-01 -1.657100e-01 0 10 65 1.363000e+01 4.090000e+00 -1.502800e+03 2862 0
-2.619200e-01 2.232700e-01 -1.687400e-01 0 11 65 1.312500e+01 4.090000e+00 -1.051600e+03 2.296400e+03 0
-2.881200e-01 2.343700e-01 -1.696700e-01 0 12 65 1.271700e+01 4.090000e+00 -1.026600e+03 2.163300e+03 0
-3.077600e-01 2.788300e-01 -1.734000e-01 0 13 65 1.198900e+01 4.090000e+00 -7.238700e+02 1796 0
-4.291700e-01 5.781700e-02 -1.548500e-01 0 14 65 1.135500e+01 4.090000e+00 207770 -160560 0
-4.048900e-01 2.565200e-01 -1.715300e-01 0 15 65 1.126500e+01 4.090000e+00 -1177 1.929300e+03 0
3.536000e-01 3.394400e-01 -1.784800e-01 0 28 65 1.311000e+01 4.090000e+00 1.151800e+03 1.592100e+03 0
6.799100e-01 6.376900e-01 -2.035100e-01 0 29 65 1.465200e+01 4.090000e+00 1.292800e+03 9.671200e+02 0
6.725500e-01 7.363100e-01 -2.117900e-01 0 30 65 1.559800e+01 4.090000e+00 1.192900e+03 8.814700e+02 0
6.793700e-01 7.975800e-01 -2.169300e-01 0 31 65 1.576400e+01 4.090000e+00 1.155700e+03 8.406900e+02 0
6.766400e-01 8.327000e-01 -2.198700e-01 0 32 65 1.524500e+01 4.090000e+00 1.131200e+03 8.202200e+02 0
6.722700e-01 8.750300e-01 -2.234300e-01 0 33 65 1.382700e+01 4.090000e+00 1.103800e+03 7.979900e+02 0
6.572700e-01 9.407200e-01 -2.289400e-01 0 34 65 1.134400e+01 4.090000e+00 1.060400e+03 7.677800e+02 0
7.514000e-01 8.574100e-01 -2.219500e-01 0 35 65 1.065200e+01 4.090000e+00 1.181200e+03 8.085100e+02 0
-8.212400e-01 9.030400e-01 -2.257800e-01 0 36 65 1.168800e+01 4.090000e+00 -4.360300e+01 7.590400e+02 0
-8.447100e-01 8.996200e-01 -2.254900e-01 0 37 65 1.218500e+01 4.090000e+00 -6.336800e+01 7.600400e+02 0
-8.782700e-01 8.790400e-01 -2.237600e-01 0 38 65 1.181000e+01 4.090000e+00 -1.066400e+02 7.680500e+02 0
-9.331100e-01 8.103300e-01 -2.180000e-01 0 39 65 1.031800e+01 4.090000e+00 -2.218800e+02 7.988100e+02 0
0 0 -1.500000e-01 3.204100e-02 1 66 1.557300e+01 4.090000e+00 2167 -3.612800e+03 0
-7.093800e-02 1.133000e-01 -1.595100e-01 3.204100e-02 5 66 1.416800e+01 4.090000e+00 -3.011400e+03 7.572100e+03 0
-1.585200e-01 1.859400e-01 -1.656000e-01 3.204100e-02 8 66 1.330500e+01 4.090000e+00 -1.097600e+03 2.953900e+03 0
-2.008100e-01 1.926000e-01 -1.661600e-01 3.204100e-02 9 66 1.269100e+01 4.090000e+00 -1.196900e+03 2.789300e+03 0
-2.480100e-01 1.876500e-01 -1.657500e-01 3.204100e-02 10 66 1.263600e+01 4.090000e+00 -1.495700e+03 2.854200e+03 0
-2.619200e-01 2.223700e-01 -1.686600e-01 3.204100e-02 11 66 1.213500e+01 4.090000e+00 -1.061600e+03 2.307200e+03 0
-2.881200e-01 2.304900e-01 -1.693400e-01 3.204100e-02 12 66 1.168600e+01 4.090000e+00 -1.066900e+03 2.204200e+03 0
-3.077600e-01 2.775000e-01 -1.732900e-01 3.204100e-02 13 66 1.095500e+01 4.090000e+00 -7.326700e+02 1.804600e+03 0
-4.048900e-01 2.566800e-01 -1.715400e-01 3.204100e-02 15 66 1.061700e+01 4.090000e+00 -1.175600e+03 1.928100e+03 0
3.536000e-01 3.546200e-01 -1.797600e-01 3.204100e-02 28 66 1.208600e+01 4.090000e+00 1.125900e+03 1.525500e+03 0
6.722700e-01 6.383900e-01 -2.035700e-01 3.204100e-02 29 66 1.361000e+01 4.090000e+00 1.282700e+03 9.661100e+02 0
6.725500e-01 7.335200e-01 -2.115500e-01 3.204100e-02 30 66 1.459500e+01 4.090000e+00 1.195100e+03 8.835100e+02 0
6.711800e-01 8.044700e-01 -2.175000e-01 3.204100e-02 31 66 1.477100e+01 4.090000e+00 1.143600e+03 8.363300e+02 0
6.766400e-01 8.340900e-01 -2.199900e-01 3.204100e-02 32 66 1.425900e+01 4.090000e+00 1.130400e+03 8.194500e+02 0
6.722700e-01 8.775900e-01 -2.236400e-01 3.204100e-02 33 66 1.281000e+01 4.090000e+00 1.102500e+03 7.967300e+02 0
6.392600e-01 9.474300e-01 -2.295000e-01 3.204100e-02 34 66 1.050100e+01 4.090000e+00 1.043800e+03 7.646900e+02 0
7.421200e-01 7.795900e-01 -2.154200e-01 3.204100e-02 35 66 1.011600e+01 4.090000e+00 1228 8.535100e+02 0
-8.307900e-01 8.900700e-01 -2.246900e-01 3.204100e-02 36 66 1.082300e+01 4.090000e+00 -6.186700e+01 7.642000e+02 0
-8.447100e-01 8.919400e-01 -2.248400e-01 3.204100e-02 37 66 1.139800e+01 4.090000e+00 -7.024900e+01 7.631900e+02 0
-8.782700e-01 8.720300e-01 -2.231700e-01 3.204100e-02 38 66 1.107500e+01 4.090000e+00 -1.134200e+02 7.710500e+02 0
0 0 -1.500000e-01 6.408200e-02 1 67 1.042300e+01 4.090000e+00 2167 -3.612800e+03 0
6.630000e-01 7.790100e-01 -2.153700e-01 6.408200e-02 31 67 9.727000e+00 4.090000e+00 1.152600e+03 8.519200e+02 0
7.020100e-01 7.499300e-01 -2.129300e-01 6.408200e-02 32 67 9.851800e+00 4.090000e+00 1212 8.724900e+02 0
-3.036700e-01 5.536500e+00 -6.145800e-01 -1.057400e+00 160 32 1.046000e+01 4.090000e+00 6.388800e+02 4.674300e+02 1
-4.501800e-01 5.731500e+00 -6.309400e-01 -1.057400e+00 166 32 1.067500e+01 4.090000e+00 6.243800e+02 4.654600e+02 1
-3.879800e-01 5.486800e+00 -6.104100e-01 -1.025300e+00 159 33 1.106900e+01 4.090000e+00 6.285100e+02 4.678700e+02 1
-3.904300e-01 5.533000e+00 -6.142800e-01 -1.025300e+00 160 33 1.155100e+01 4.090000e+00 6.287800e+02 4.674000e+02 1
-3.928900e-01 5.571800e+00 -6.175400e-01 -1.025300e+00 161 33 1.125000e+01 4.090000e+00 6.289600e+02 4.670200e+02 1
-5.271200e-01 5.597800e+00 -6.197200e-01 -1.025300e+00 162 33 1.075100e+01 4.090000e+00 6.138900e+02 4.666700e+02 1
-6.188000e-01 5.623400e+00 -6.218700e-01 -1.025300e+00 163 33 1.092700e+01 4.090000e+00 6.038300e+02 4.663600e+02 1
-8.005100e-01 5.635300e+00 -6.228700e-01 -1.025300e+00 164 33 1.026900e+01 4.090000e+00 5.834200e+02 4.661100e+02 1
-2.237300e-01 5.714900e+00 -6.295500e-01 -1.025300e+00 165 33 1.111300e+01 4.090000e+00 6.496100e+02 4.657700e+02 1
-3.601500e-01 5.741600e+00 -6.317900e-01 -1.025300e+00 166 33 1.186100e+01 4.090000e+00 6.345600e+02 4.654300e+02 1
-4.076200e-01 5.772800e+00 -6.344100e-01 -1.025300e+00 167 33 1.134000e+01 4.090000e+00 6.296100e+02 4.651100e+02 1
-3.470500e-01 5.541400e+00 -6.149900e-01 -9.932700e-01 160 34 1.046500e+01 4.090000e+00 6.339000e+02 4.673500e+02 1
-4.365400e-01 5.567500e+00 -6.171800e-01 -9.932700e-01 161 34 1.042700e+01 4.090000e+00 6.238800e+02 4.670300e+02 1
-6.630000e-01 5.603100e+00 -6.201700e-01 -9.932700e-01 163 34 1.035900e+01 4.090000e+00 5.984500e+02 4.665200e+02 1
-7.115600e-01 5.642100e+00 -6.234400e-01 -9.932700e-01 164 34 1.032100e+01 4.090000e+00 5.936200e+02 4.661100e+02 1
-2.684700e-01 5.717700e+00 -6.297800e-01 -9.932700e-01 165 34 1.053900e+01 4.090000e+00 6.446000e+02 4.657200e+02 1
-2.701100e-01 5.753600e+00 -6.328000e-01 -9.932700e-01 166 34 1.103300e+01 4.090000e+00 6.447300e+02 4.653800e+02 1
-2.717500e-01 5.755400e+00 -6.329400e-01 -9.932700e-01 167 34 1.061700e+01 4.090000e+00 6.445600e+02 4.653600e+02 1
2.406400e+00 4.253600e+00 -5.069300e-01 -9.291900e-01 141 36 1.002900e+01 4.090000e+00 1.041300e+03 4.871100e+02 0
2.269700e+00 4.369900e+00 -5.166800e-01 -9.291900e-01 142 36 9.953100e+00 4.090000e+00 1.010700e+03 4.849200e+02 0
5.045300e+00 8.162400e+00 -8.349200e-01 -9.291900e-01 277 36 1.059800e+01 4.090000e+00 1.085900e+03 4.521300e+02 1
5.063600e+00 8.211500e+00 -8.390400e-01 -9.291900e-01 278 36 1.122200e+01 4.090000e+00 1085 4.519000e+02 1
5.081900e+00 8.254800e+00 -8.426800e-01 -9.291900e-01 279 36 1.126100e+01 4.090000e+00 1.084400e+03 4.517000e+02 1
5.024000e+00 8.318300e+00 -8.480000e-01 -9.291900e-01 280 36 1.037400e+01 4.090000e+00 1.076700e+03 4.513700e+02 1
-4.717100e+00 1.085800e+01 -1.061100e+00 -9.291900e-01 340 36 1.059500e+01 4.090000e+00 4.097200e+02 4.393700e+02 1
-5.102100e+00 1.070800e+01 -1.048600e+00 -9.291900e-01 341 36 1.149100e+01 4.090000e+00 3.834500e+02 4.396200e+02 1
-5.396200e+00 1.059900e+01 -1.039400e+00 -9.291900e-01 342 36 1.149900e+01 4.090000e+00 3.630800e+02 4.398100e+02 1
-5.692000e+00 1.050000e+01 -1.031100e+00 -9.291900e-01 343 36 1.053300e+01 4.090000e+00 3.425600e+02 4.399700e+02 1
4.726900e+00 8.297800e+00 -8.462900e-01 -8.971500e-01 276 37 1.024100e+01 4.090000e+00 1.053700e+03 4.513400e+02 1
4.970000e+00 8.173300e+00 -8.358400e-01 -8.971500e-01 277 37 1.101000e+01 4.090000e+00 1.079200e+03 4.520500e+02 1
5.063600e+00 8.170200e+00 -8.355800e-01 -8.971500e-01 278 37 1.163300e+01 4.090000e+00 1.087100e+03 4.521000e+02 1
5.081900e+00 8.224200e+00 -8.401100e-01 -8.971500e-01 279 37 1.174900e+01 4.090000e+00 1.085900e+03 4.518500e+02 1
5.100200e+00 8.251100e+00 -8.423600e-01 -8.971500e-01 280 37 1.095400e+01 4.090000e+00 1.086100e+03 4.517300e+02 1
-4.916500e+00 1.080000e+01 -1.056300e+00 -8.971500e-01 341 37 1.113500e+01 4.090000e+00 3.967300e+02 4.394500e+02 1
-5.210100e+00 1.067000e+01 -1.045300e+00 -8.971500e-01 342 37 1.119900e+01 4.090000e+00 3.760500e+02 4.396900e+02 1
-5.785300e+00 1.038600e+01 -1.021500e+00 -8.971500e-01 343 37 1.037400e+01 4.090000e+00 3.331900e+02 4.402400e+02 1
5.214800e+00 7.816600e+00 2.299800e+00 -8.651100e-01 278 38 9.972800e+00 4.090000e+00 1.107400e+03 2.058700e+02 0
5.309400e+00 7.970300e+00 1.594700e+00 -8.651100e-01 279 38 1.027200e+01 4.090000e+00 1.109500e+03 2.634000e+02 0
0 0 -1.500000e-01 -3.204100e-02 1 64 1.555200e+01 4.090000e+00 2167 -3.612800e+03 0
-7.093800e-02 1.123500e-01 -1.594300e-01 -3.204100e-02 5 64 1.416100e+01 4.090000e+00 -3.097900e+03 7.739300e+03 0
-1.585200e-01 1.861000e-01 -1.656200e-01 -3.204100e-02 8 64 1.326700e+01 4.090000e+00 -1.095100e+03 2.950400e+03 0
-1.986300e-01 1.932400e-01 -1.662200e-01 -3.204100e-02 9 64 1.262000e+01 4.090000e+00 -1.177300e+03 2.778600e+03 0
-2.480100e-01 1.865500e-01 -1.656500e-01 -3.204100e-02 10 64 1.256400e+01 4.090000e+00 -1.515700e+03 2.876400e+03 0
-2.592000e-01 2.266700e-01 -1.690200e-01 -3.204100e-02 11 64 1.212900e+01 4.090000e+00 -1005 2.257800e+03 0
-2.881200e-01 2.344400e-01 -1.696700e-01 -3.204100e-02 12 64 1.172800e+01 4.090000e+00 -1026 2.162600e+03 0
-3.077600e-01 2.779600e-01 -1.733200e-01 -3.204100e-02 13 64 11 4.090000e+00 -7.296100e+02 1.801600e+03 0
-4.048900e-01 2.629500e-01 -1.720600e-01 -3.204100e-02 15 64 1.035500e+01 4.090000e+00 -1.117700e+03 1.881200e+03 0
3.536000e-01 3.665600e-01 -1.807600e-01 -3.204100e-02 28 64 1.210100e+01 4.090000e+00 1.107600e+03 1.478200e+03 0
6.799100e-01 6.406600e-01 -2.037600e-01 -3.204100e-02 29 64 1.364300e+01 4.090000e+00 1.289500e+03 9.640900e+02 0
6.725500e-01 7.370900e-01 -2.118500e-01 -3.204100e-02 30 64 1.456300e+01 4.090000e+00 1.192300e+03 8.808900e+02 0
6.793700e-01 7.975800e-01 -2.169300e-01 -3.204100e-02 31 64 1.472000e+01 4.090000e+00 1.155700e+03 8.406900e+02 0
6.766400e-01 8.334300e-01 -2.199400e-01 -3.204100e-02 32 64 1.419400e+01 4.090000e+00 1.130800e+03 8.198100e+02 0
6.722700e-01 8.783400e-01 -2.237000e-01 -3.204100e-02 33 64 1.280000e+01 4.090000e+00 1.102100e+03 7.963600e+02 0
6.662700e-01 9.393900e-01 -2.288300e-01 -3.204100e-02 34 64 1.068500e+01 4.090000e+00 1.067900e+03 7.684900e+02 0
-3.803400e-01 6.191400e-01 -2.019500e-01 -3.204100e-02 35 64 9.882400e+00 4.090000e+00 6.455500e+01 9.460200e+02 0
-8.307900e-01 8.965000e-01 -2.252300e-01 -3.204100e-02 36 64 1.044800e+01 4.090000e+00 -5.615000e+01 7.615400e+02 0
-8.545300e-01 8.843600e-01 -2.242100e-01 -3.204100e-02 37 64 1.091200e+01 4.090000e+00 -8.430300e+01 7.661900e+02 0
-8.782700e-01 8.652400e-01 -2.226000e-01 -3.204100e-02 38 64 1.052200e+01 4.090000e+00 -1.201100e+02 7.740100e+02 0
