0 0 -1.500000e-01 0 1 65 1.659600e+01 2.460000e+00 2167 -3.612800e+03 0
-7.093800e-02 1.130700e-01 -1.558300e-01 0 5 65 1.518600e+01 2.460000e+00 -3.018800e+03 7.530800e+03 0
-1.585200e-01 1.860000e-01 -1.595900e-01 0 8 65 1.432000e+01 2.460000e+00 -1.093300e+03 2.915800e+03 0
-1.986300e-01 1.945800e-01 -1.600300e-01 0 9 65 1.365900e+01 2.460000e+00 -1.154200e+03 2.718500e+03 0
-2.480100e-01 1.865700e-01 -1.596200e-01 0 10 65 1.363000e+01 2.460000e+00 -1511 2.840100e+03 0
-2.619200e-01 2.215900e-01 -1.614200e-01 0 11 65 1.306200e+01 2.460000e+00 -1.067400e+03 2.284900e+03 0
-2.881200e-01 2.303100e-01 -1.618700e-01 0 12 65 1.269800e+01 2.460000e+00 -1.065800e+03 2.175200e+03 0
-3.044900e-01 2.812600e-01 -1.645000e-01 0 13 65 1.188000e+01 2.460000e+00 -6.970300e+02 1.753200e+03 0
-4.220800e-01 1.364800e-01 -1.570400e-01 0 14 65 1.139500e+01 2.460000e+00 -4.227400e+03 4.249200e+03 0
-1.222300e-01 3.404900e-01 -1.675500e-01 0 15 65 1.148500e+01 2.460000e+00 4.148000e+00 1.487300e+03 0
3.536000e-01 3.608700e-01 -1.686000e-01 0 28 65 1.310700e+01 2.460000e+00 1115 1.472300e+03 0
6.799100e-01 6.392700e-01 -1.829600e-01 0 29 65 1.467900e+01 2.460000e+00 1.289700e+03 9.412500e+02 0
6.725500e-01 7.376500e-01 -1.880300e-01 0 30 65 1.560300e+01 2.460000e+00 1.190700e+03 8.569400e+02 0
6.711800e-01 8.044400e-01 -1.914700e-01 0 31 65 1.577300e+01 2.460000e+00 1.142600e+03 8.131700e+02 0
6.766400e-01 8.318900e-01 -1.928900e-01 0 32 65 1.527000e+01 2.460000e+00 1.130700e+03 7.976100e+02 0
6.722700e-01 8.717600e-01 -1.949400e-01 0 33 65 1.388200e+01 2.460000e+00 1.104600e+03 7.767200e+02 0
6.482600e-01 9.523100e-01 -1.991000e-01 0 34 65 1.104500e+01 2.460000e+00 1.047700e+03 7.402700e+02 0
-8.070600e-01 8.615200e-01 -1.944100e-01 0 35 65 1.061900e+01 2.460000e+00 -6.974700e+01 7.554200e+02 0
-8.212400e-01 9.048400e-01 -1.966500e-01 0 36 65 1.167800e+01 2.460000e+00 -4.129700e+01 7.369200e+02 0
-8.447100e-01 9.067700e-01 -1.967500e-01 0 37 65 1.220400e+01 2.460000e+00 -5.630600e+01 7.357900e+02 0
-8.681700e-01 8.927800e-01 -1.960300e-01 0 38 65 1.177100e+01 2.460000e+00 -8.557700e+01 7.410800e+02 0
-8.709000e-01 9.170300e-01 -1.972800e-01 0 39 65 1.022800e+01 2.460000e+00 -6.581600e+01 7.313700e+02 0
0 0 -1.500000e-01 3.204100e-02 1 66 1.560000e+01 2.460000e+00 2167 -3.612800e+03 0
-7.202900e-02 1.127100e-01 -1.558100e-01 3.204100e-02 5 66 1.417700e+01 2.460000e+00 -3.064700e+03 7.586700e+03 0
-1.585200e-01 1.858000e-01 -1.595800e-01 3.204100e-02 8 66 1.331700e+01 2.460000e+00 -1.096200e+03 2.919900e+03 0
-2.008100e-01 1.929600e-01 -1.599500e-01 3.204100e-02 9 66 1.266300e+01 2.460000e+00 -1188 2.747100e+03 0
-2.480100e-01 1.877400e-01 -1.596800e-01 3.204100e-02 10 66 1.263100e+01 2.460000e+00 -1.489800e+03 2.816600e+03 0
-2.619200e-01 2.228500e-01 -1.614900e-01 3.204100e-02 11 66 1.212400e+01 2.460000e+00 -1.053200e+03 2.269700e+03 0
-2.851200e-01 2.363600e-01 -1.621900e-01 3.204100e-02 12 66 1.170500e+01 2.460000e+00 -9.938000e+02 2.113600e+03 0
-3.044900e-01 2.824100e-01 -1.645600e-01 3.204100e-02 13 66 1.090600e+01 2.460000e+00 -6.897100e+02 1746 0
-4.256300e-01 1.314100e-01 -1.567700e-01 3.204100e-02 14 66 1.041100e+01 2.460000e+00 -4.599100e+03 4.515800e+03 0
-1.184100e-01 4.710200e-01 -1.742800e-01 3.204100e-02 15 66 1.056100e+01 2.460000e+00 2.344600e+02 1.131600e+03 0
3.462300e-01 4.021700e-01 -1.707300e-01 3.204100e-02 28 66 1.209900e+01 2.460000e+00 1.044900e+03 1.330600e+03 0
6.722700e-01 6.440500e-01 -1.832000e-01 3.204100e-02 29 66 1.367800e+01 2.460000e+00 1.275400e+03 9.361900e+02 0
6.725500e-01 7.359900e-01 -1.879400e-01 3.204100e-02 30 66 1.458900e+01 2.460000e+00 1192 8.581400e+02 0
6.711800e-01 8.044800e-01 -1.914700e-01 3.204100e-02 31 66 1.475200e+01 2.460000e+00 1.142600e+03 8.131400e+02 0
6.766400e-01 8.332700e-01 -1.929600e-01 3.204100e-02 32 66 1.424900e+01 2.460000e+00 1.129900e+03 7.968500e+02 0
6.722700e-01 8.720900e-01 -1.949600e-01 3.204100e-02 33 66 1.286700e+01 2.460000e+00 1.104400e+03 7.765600e+02 0
-8.627100e-01 8.146800e-01 -1.920000e-01 3.204100e-02 35 66 9.879500e+00 2.460000e+00 -1.603500e+02 7.764700e+02 0
-8.307900e-01 8.965700e-01 -1.962200e-01 3.204100e-02 36 66 1.071300e+01 2.460000e+00 -5.531000e+01 7.401100e+02 0
-8.447100e-01 9.166300e-01 -1.972600e-01 3.204100e-02 37 66 1.129600e+01 2.460000e+00 -4.780700e+01 7.319100e+02 0
-8.479800e-01 9.319300e-01 -1.980400e-01 3.204100e-02 38 66 1.088700e+01 2.460000e+00 -3.726700e+01 7.260200e+02 0
0 0 -1.500000e-01 6.408200e-02 1 67 1.039500e+01 2.460000e+00 2167 -3.612800e+03 0
-3.437800e-02 5.667900e-03 -1.502900e-01 6.408200e-02 2 67 1.005200e+01 2.460000e+00 2.642200e+03 -4.018900e+03 0
2.151100e+00 4.604500e+00 -3.873800e-01 -7.689800e-01 147 41 1.110200e+01 2.460000e+00 9.761200e+02 4.604500e+02 1
2.165800e+00 4.650700e+00 -3.897600e-01 -7.689800e-01 148 41 1.270200e+01 2.460000e+00 9.753300e+02 4.597700e+02 1
2.180500e+00 4.686100e+00 -3.915900e-01 -7.689800e-01 149 41 1.323800e+01 2.460000e+00 9.752300e+02 4.592600e+02 1
2.195300e+00 4.715600e+00 -3.931100e-01 -7.689800e-01 150 41 1.281600e+01 2.460000e+00 9.754900e+02 4.588500e+02 1
2.128100e+00 4.765300e+00 -3.956700e-01 -7.689800e-01 151 41 1.159800e+01 2.460000e+00 9.630900e+02 4.580900e+02 1
2.142300e+00 4.810900e+00 -3.980200e-01 -7.689800e-01 152 41 1.054100e+01 2.460000e+00 9.624200e+02 4.574700e+02 1
0 0 -1.500000e-01 -7.369400e-01 1 42 9.264300e+00 2.460000e+00 2167 -3.612800e+03 0
1.091400e-03 9.124600e-03 -1.504700e-01 -7.369400e-01 2 42 9.166000e+00 2.460000e+00 2.362800e+03 -4.174100e+03 0
2.111200e+00 4.624700e+00 -3.884200e-01 -7.369400e-01 147 42 1.287600e+01 2.460000e+00 9.691100e+02 4.601100e+02 1
2.165800e+00 4.649400e+00 -3.897000e-01 -7.369400e-01 148 42 1.458800e+01 2.460000e+00 9.754100e+02 4.597900e+02 1
2.180500e+00 4.685700e+00 -3.915700e-01 -7.369400e-01 149 42 1.509700e+01 2.460000e+00 9.752500e+02 4.592700e+02 1
2.195300e+00 4.716600e+00 -3.931600e-01 -7.369400e-01 150 42 1.447700e+01 2.460000e+00 9.754300e+02 4.588400e+02 1
2.128100e+00 4.760600e+00 -3.954300e-01 -7.369400e-01 151 42 1.250700e+01 2.460000e+00 9.633600e+02 4.581600e+02 1
2.183500e+00 4.775500e+00 -3.962000e-01 -7.369400e-01 152 42 1.185800e+01 2.460000e+00 9.702100e+02 4.579900e+02 1
2.032100e+00 4.876900e+00 -4.014200e-01 -7.369400e-01 153 42 1.056500e+01 2.460000e+00 9.436700e+02 4.564900e+02 1
2.111200e+00 4.619700e+00 -3.881600e-01 -7.049000e-01 147 43 1.268000e+01 2.460000e+00 9.694100e+02 4.601900e+02 1
2.165800e+00 4.646400e+00 -3.895400e-01 -7.049000e-01 148 43 1.436100e+01 2.460000e+00 9.756000e+02 4.598400e+02 1
2.180500e+00 4.684400e+00 -3.915000e-01 -7.049000e-01 149 43 1.484300e+01 2.460000e+00 9.753300e+02 4.592900e+02 1
2.195300e+00 4.717700e+00 -3.932200e-01 -7.049000e-01 150 43 1.414500e+01 2.460000e+00 9.753600e+02 4.588200e+02 1
2.169100e+00 4.735700e+00 -3.941400e-01 -7.049000e-01 151 43 1.123600e+01 2.460000e+00 9.705800e+02 4.585400e+02 1
2.224700e+00 4.765100e+00 -3.956600e-01 -7.049000e-01 152 43 1.137500e+01 2.460000e+00 9.765900e+02 4.581700e+02 1
2.115000e+00 4.775700e+00 -3.962100e-01 -7.049000e-01 153 43 1.021400e+01 2.460000e+00 9.606600e+02 4.579300e+02 1
2.111200e+00 4.600200e+00 -3.871600e-01 -6.728600e-01 147 44 1.048400e+01 2.460000e+00 9.706200e+02 4.604800e+02 1
2.125700e+00 4.660100e+00 -3.902500e-01 -6.728600e-01 148 44 1.178900e+01 2.460000e+00 9.690100e+02 4.596000e+02 1
2.180500e+00 4.679400e+00 -3.912400e-01 -6.728600e-01 149 44 1.209800e+01 2.460000e+00 9.756400e+02 4.593600e+02 1
2.154600e+00 4.736000e+00 -3.941600e-01 -6.728600e-01 150 44 1.145600e+01 2.460000e+00 9.685300e+02 4.585300e+02 1
0 0 -1.500000e-01 -3.204100e-02 1 64 1.557500e+01 2.460000e+00 2167 -3.612800e+03 0
-7.093800e-02 1.126100e-01 -1.558100e-01 -3.204100e-02 5 64 1.416800e+01 2.460000e+00 -3.060200e+03 7.610400e+03 0
-1.585200e-01 1.860300e-01 -1.595900e-01 -3.204100e-02 8 64 1.328500e+01 2.460000e+00 -1.092800e+03 2915 0
-1.986300e-01 1.944500e-01 -1.600200e-01 -3.204100e-02 9 64 1.266400e+01 2.460000e+00 -1.156200e+03 2721 0
-2.480100e-01 1.856000e-01 -1.595700e-01 -3.204100e-02 10 64 1.260600e+01 2.460000e+00 -1.528900e+03 2860 0
-2.619200e-01 2.196800e-01 -1.613300e-01 -3.204100e-02 11 64 1.213100e+01 2.460000e+00 -1.089100e+03 2.308200e+03 0
-2.851200e-01 2.301200e-01 -1.618600e-01 -3.204100e-02 12 64 1.167900e+01 2.460000e+00 -1.057400e+03 2.178400e+03 0
-3.044900e-01 2.801700e-01 -1.644400e-01 -3.204100e-02 13 64 1.083100e+01 2.460000e+00 -7.040100e+02 1760 0
-3.121300e-01 3.134600e-01 -1.661600e-01 -3.204100e-02 14 64 1.041900e+01 2.460000e+00 -5.358600e+02 1.576600e+03 0
-1.260500e-01 3.341200e-01 -1.672300e-01 -3.204100e-02 15 64 1.046100e+01 2.460000e+00 -2.133100e+01 1.513100e+03 0
3.536000e-01 3.477300e-01 -1.679300e-01 -3.204100e-02 28 64 1.212500e+01 2.460000e+00 1.136100e+03 1.526400e+03 0
6.799100e-01 6.402100e-01 -1.830100e-01 -3.204100e-02 29 64 1.364600e+01 2.460000e+00 1.288700e+03 9.403100e+02 0
6.725500e-01 7.390500e-01 -1.881000e-01 -3.204100e-02 30 64 1.458300e+01 2.460000e+00 1.189700e+03 8.559300e+02 0
6.711800e-01 8.043000e-01 -1.914600e-01 -3.204100e-02 31 64 1.475300e+01 2.460000e+00 1.142700e+03 8.132500e+02 0
6.766400e-01 8.296600e-01 -1.927700e-01 -3.204100e-02 32 64 1.425200e+01 2.460000e+00 1132 7.988300e+02 0
6.722700e-01 8.698900e-01 -1.948500e-01 -3.204100e-02 33 64 1.285600e+01 2.460000e+00 1.105600e+03 7.776500e+02 0
6.212500e-01 9.563600e-01 -1.993000e-01 -3.204100e-02 34 64 1.008400e+01 2.460000e+00 1.025800e+03 7.382200e+02 0
-8.021400e-01 9.222900e-01 -1.975500e-01 -3.204100e-02 36 64 1.066400e+01 2.460000e+00 -1.330700e+01 7.303500e+02 0
-8.348900e-01 9.056800e-01 -1.966900e-01 -3.204100e-02 37 64 1.112700e+01 2.460000e+00 -5.027500e+01 7.363700e+02 0
-8.479800e-01 8.916700e-01 -1.959700e-01 -3.204100e-02 38 64 1.066500e+01 2.460000e+00 -7.205200e+01 7.418500e+02 0
