0 0 -1.500000e-01 0 1 65 1.653500e+01 2.990000e+00 2167 -3.612800e+03 0
-7.093800e-02 1.128900e-01 -1.570800e-01 0 5 65 1.517500e+01 2.990000e+00 -3.039400e+03 7.589600e+03 0
-1.585200e-01 1.860700e-01 -1.616600e-01 0 8 65 1.435000e+01 2.990000e+00 -1.093400e+03 2.926900e+03 0
-2.008100e-01 1.915500e-01 -1.620100e-01 0 9 65 1.365400e+01 2.990000e+00 -1.210500e+03 2786 0
-2.480100e-01 1.871800e-01 -1.617300e-01 0 10 65 1.361500e+01 2.990000e+00 -1.501400e+03 2.840200e+03 0
-2.619200e-01 2.226300e-01 -1.639500e-01 0 11 65 1.305200e+01 2.990000e+00 -1.056700e+03 2.283200e+03 0
-2.881200e-01 2.327400e-01 -1.645900e-01 0 12 65 1.271400e+01 2.990000e+00 -1.041400e+03 2.160100e+03 0
-3.077600e-01 2.788800e-01 -1.674800e-01 0 13 65 1.198700e+01 2.990000e+00 -7.221000e+02 1.777200e+03 0
-3.050300e-01 3.037200e-01 -1.690400e-01 0 14 65 1.142100e+01 2.990000e+00 -5.688400e+02 1.635200e+03 0
-1.222300e-01 3.525600e-01 -1.721000e-01 0 15 65 1.136000e+01 2.990000e+00 3.331400e+01 1.449700e+03 0
3.609700e-01 3.474700e-01 -1.717800e-01 0 28 65 1.309200e+01 2.990000e+00 1.155300e+03 1.538400e+03 0
6.799100e-01 6.393300e-01 -1.900700e-01 0 29 65 1.466400e+01 2.990000e+00 1.290100e+03 9.495200e+02 0
6.725500e-01 7.371100e-01 -1.962000e-01 0 30 65 1.559500e+01 2.990000e+00 1.191600e+03 8.654200e+02 0
6.793700e-01 7.975500e-01 -1.999900e-01 0 31 65 1.575500e+01 2.990000e+00 1155 8.254500e+02 0
6.766400e-01 8.316500e-01 -2.021300e-01 0 32 65 1.521900e+01 2.990000e+00 1.131200e+03 8.056600e+02 0
6.810000e-01 8.689900e-01 -2.044700e-01 0 33 65 1.370300e+01 2.990000e+00 1.113700e+03 7.861300e+02 0
7.699500e-01 7.289800e-01 -1.956900e-01 0 35 65 1.067700e+01 2.990000e+00 1299 8.741200e+02 0
-8.307900e-01 8.832000e-01 -2.053600e-01 0 36 65 1.184000e+01 2.990000e+00 -6.755100e+01 7.530100e+02 0
-8.447100e-01 8.748200e-01 -2.048300e-01 0 37 65 1.219500e+01 2.990000e+00 -8.549500e+01 7.563500e+02 0
-8.782700e-01 8.441400e-01 -2.029100e-01 0 38 65 1.169000e+01 2.990000e+00 -141 7.694500e+02 0
-9.331100e-01 7.726300e-01 -1.984300e-01 0 39 65 1.006300e+01 2.990000e+00 -2.684800e+02 8.045700e+02 0
0 0 -1.500000e-01 3.204100e-02 1 66 1.550400e+01 2.990000e+00 2167 -3.612800e+03 0
-7.202900e-02 1.124700e-01 -1.570500e-01 3.204100e-02 5 66 1.415300e+01 2.990000e+00 -3.091900e+03 7658 0
-1.585200e-01 1.860400e-01 -1.616600e-01 3.204100e-02 8 66 1.334200e+01 2.990000e+00 -1.093700e+03 2.927400e+03 0
-2.008100e-01 1.909900e-01 -1.619700e-01 3.204100e-02 9 66 1.266400e+01 2.990000e+00 -1.219200e+03 2.796800e+03 0
-2.480100e-01 1.868800e-01 -1.617100e-01 3.204100e-02 10 66 1.262000e+01 2.990000e+00 -1.506700e+03 2.846100e+03 0
-2.592000e-01 2.266600e-01 -1.642100e-01 3.204100e-02 11 66 1.212000e+01 2.990000e+00 -1.003200e+03 2.237200e+03 0
-2.851200e-01 2.368300e-01 -1.648400e-01 3.204100e-02 12 66 1.175300e+01 2.990000e+00 -9.902300e+02 2.119400e+03 0
-3.044900e-01 2.815300e-01 -1.676500e-01 3.204100e-02 13 66 1.102000e+01 2.990000e+00 -6.960100e+02 1.761100e+03 0
-1.222300e-01 3.876800e-01 -1.743000e-01 3.204100e-02 15 66 1.044800e+01 2.990000e+00 1.063300e+02 1.333700e+03 0
3.609700e-01 3.576500e-01 -1.724200e-01 3.204100e-02 28 66 1.203000e+01 2.990000e+00 1138 1.495800e+03 0
6.722700e-01 6.463700e-01 -1.905100e-01 3.204100e-02 29 66 1.361000e+01 2.990000e+00 1.273300e+03 9.422000e+02 0
6.725500e-01 7.375300e-01 -1.962300e-01 3.204100e-02 30 66 1.455300e+01 2.990000e+00 1.191200e+03 8.651100e+02 0
6.711800e-01 8.044300e-01 -2.004200e-01 3.204100e-02 31 66 1.472200e+01 2.990000e+00 1143 8.211300e+02 0
6.766400e-01 8.314100e-01 -2.021100e-01 3.204100e-02 32 66 1.419200e+01 2.990000e+00 1.131300e+03 8.057900e+02 0
6.810000e-01 8.659700e-01 -2.042800e-01 3.204100e-02 33 66 1.269300e+01 2.990000e+00 1.115400e+03 7.876500e+02 0
6.842800e-01 6.375100e-01 -1.899600e-01 3.204100e-02 34 66 1.007400e+01 2.990000e+00 1.297400e+03 9.515400e+02 0
7.514000e-01 8.230800e-01 -2.015900e-01 3.204100e-02 35 66 9.984300e+00 2.990000e+00 1.203600e+03 8.120500e+02 0
-8.307900e-01 8.799700e-01 -2.051600e-01 3.204100e-02 36 66 1.089300e+01 2.990000e+00 -7.049500e+01 7.543800e+02 0
-8.447100e-01 8.671300e-01 -2.043500e-01 3.204100e-02 37 66 1.120700e+01 2.990000e+00 -9.278700e+01 7.596900e+02 0
-8.681700e-01 8.295000e-01 -2.019900e-01 3.204100e-02 38 66 1.057200e+01 2.990000e+00 -1.487500e+02 7.765200e+02 0
0 0 -1.500000e-01 6.408200e-02 1 67 1.048200e+01 2.990000e+00 2167 -3.612800e+03 0
3.465000e-02 2.878400e-03 -1.501800e-01 6.408200e-02 2 67 1.023900e+01 2.990000e+00 1.897100e+03 -3709 0
6.951900e-01 5.174300e-01 -1.824300e-01 6.408200e-02 29 67 9.567000e+00 2.990000e+00 1.486900e+03 1.109700e+03 0
6.883700e-01 6.213600e-01 -1.889500e-01 6.408200e-02 30 67 9.941000e+00 2.990000e+00 1.321100e+03 9.686700e+02 0
6.875500e-01 7.279500e-01 -1.956300e-01 6.408200e-02 31 67 9.900900e+00 2.990000e+00 1.214300e+03 8.725900e+02 0
-2.055000e+00 9.144400e+00 -7.231700e-01 -8.330700e-01 270 39 1.029000e+01 2.990000e+00 539 4.321500e+02 1
-2.136300e+00 9.180000e+00 -7.253900e-01 -8.330700e-01 271 39 1.022400e+01 2.990000e+00 5.340100e+02 432 1
2.982900e+00 1.275900e+01 -9.497200e-01 -8.330700e-01 378 39 1.021200e+01 2.990000e+00 8.360300e+02 4.240800e+02 1
2.887700e+00 1.282700e+01 -9.540000e-01 -8.330700e-01 379 39 1.092900e+01 2.990000e+00 8.304500e+02 4.239300e+02 1
2.895400e+00 1.289500e+01 -9.582400e-01 -8.330700e-01 380 39 1.084000e+01 2.990000e+00 8.301100e+02 4.238000e+02 1
3.006700e+00 1.288700e+01 -9.577400e-01 -8.330700e-01 381 39 1.023700e+01 2.990000e+00 8.358000e+02 4.238400e+02 1
-2.193600e+00 9.085000e+00 -7.194400e-01 -8.010300e-01 269 40 1.084400e+01 2.990000e+00 5.283600e+02 4.323200e+02 1
-2.275200e+00 9.111600e+00 -7.211100e-01 -8.010300e-01 270 40 1.116000e+01 2.990000e+00 5.232000e+02 4.322000e+02 1
-2.210000e+00 9.166600e+00 -7.245600e-01 -8.010300e-01 271 40 1.093400e+01 2.990000e+00 5.287100e+02 4.320300e+02 1
-2.077900e+00 9.257100e+00 -7.302300e-01 -8.010300e-01 273 40 1.058500e+01 2.990000e+00 5.393200e+02 4.317500e+02 1
-2.160100e+00 9.285100e+00 -7.319900e-01 -8.010300e-01 274 40 1.066400e+01 2.990000e+00 5.342100e+02 4.316300e+02 1
2.982900e+00 1.282300e+01 -9.537300e-01 -8.010300e-01 378 40 1.075000e+01 2.990000e+00 8.353100e+02 4.239500e+02 1
2.990900e+00 1.285500e+01 -9.557600e-01 -8.010300e-01 379 40 1.152600e+01 2.990000e+00 8.353600e+02 4.239000e+02 1
2.998800e+00 1.289200e+01 -9.580400e-01 -8.010300e-01 380 40 1.135000e+01 2.990000e+00 8.353500e+02 4.238300e+02 1
3.006700e+00 1.289000e+01 -9.579600e-01 -8.010300e-01 381 40 1.053300e+01 2.990000e+00 8.357600e+02 4.238300e+02 1
3.291500e+00 1.260100e+01 1.928300e+00 -7.689800e-01 378 41 9.819600e+00 2.990000e+00 8.501200e+02 2.841400e+02 0
3.300300e+00 1.276300e+01 -9.499500e-01 -7.689800e-01 379 41 1.014200e+01 2.990000e+00 8.521600e+02 4.241300e+02 1
3.309000e+00 1.275800e+01 -9.496800e-01 -7.689800e-01 380 41 9.883800e+00 2.990000e+00 8.526600e+02 4.241400e+02 1
0 0 -1.500000e-01 -9.612300e-02 1 62 1.032100e+01 2.990000e+00 2167 -3.612800e+03 0
6.804600e-01 7.308100e-01 -1.958100e-01 -9.612300e-02 30 62 9.665300e+00 2.990000e+00 1.204600e+03 8.702600e+02 0
6.466300e-01 7.773200e-01 -1.987200e-01 -9.612300e-02 31 62 9.729500e+00 2.990000e+00 1.137400e+03 8.373100e+02 0
6.512600e-01 7.284400e-01 -1.956600e-01 -9.612300e-02 32 62 1.000100e+01 2.990000e+00 1.176400e+03 8.712100e+02 0
6.897400e-01 8.153900e-01 -2.011100e-01 -9.612300e-02 33 62 9.572100e+00 2.990000e+00 1.152900e+03 8.151200e+02 0
6.875500e-01 5.825100e-01 -1.865100e-01 -6.408200e-02 29 63 9.809500e+00 2.990000e+00 1.370200e+03 1.014100e+03 0
6.804600e-01 7.215700e-01 -1.952300e-01 -6.408200e-02 30 63 1.029900e+01 2.990000e+00 1.212200e+03 8.772100e+02 0
6.711800e-01 8.044600e-01 -2.004200e-01 -6.408200e-02 31 63 1.035700e+01 2.990000e+00 1143 8.211100e+02 0
6.597200e-01 8.434000e-01 -2.028600e-01 -6.408200e-02 32 63 1.018900e+01 2.990000e+00 1.109600e+03 7.989300e+02 0
6.897400e-01 8.475100e-01 -2.031200e-01 -6.408200e-02 33 63 9.755300e+00 2.990000e+00 1.133300e+03 7.973500e+02 0
0 0 -1.500000e-01 -3.204100e-02 1 64 1.551900e+01 2.990000e+00 2167 -3.612800e+03 0
-7.093800e-02 1.121300e-01 -1.570300e-01 -3.204100e-02 5 64 1.415300e+01 2.990000e+00 -3110 7.725500e+03 0
-1.585200e-01 1.860900e-01 -1.616600e-01 -3.204100e-02 8 64 1.332900e+01 2.990000e+00 -1.093100e+03 2.926500e+03 0
-1.986300e-01 1.942400e-01 -1.621700e-01 -3.204100e-02 9 64 1.261100e+01 2.990000e+00 -1.160400e+03 2.736800e+03 0
-2.480100e-01 1.874100e-01 -1.617500e-01 -3.204100e-02 10 64 1.256400e+01 2.990000e+00 -1.497300e+03 2.835600e+03 0
-2.592000e-01 2.255400e-01 -1.641400e-01 -3.204100e-02 11 64 1.204200e+01 2.990000e+00 -1.015100e+03 2.250100e+03 0
-2.881200e-01 2.299300e-01 -1.644100e-01 -3.204100e-02 12 64 1.166900e+01 2.990000e+00 -1.070900e+03 2190 0
-3.044900e-01 2.817000e-01 -1.676600e-01 -3.204100e-02 13 64 1.097700e+01 2.990000e+00 -6.949700e+02 1.760100e+03 0
-2.979400e-01 3.036400e-01 -1.690300e-01 -3.204100e-02 14 64 1.050500e+01 2.990000e+00 -5.516900e+02 1.636900e+03 0
-4.125300e-01 2.502300e-01 -1.656800e-01 -3.204100e-02 15 64 1.034400e+01 2.990000e+00 -1260 1.958300e+03 0
3.609700e-01 3.540200e-01 -1.721900e-01 -3.204100e-02 28 64 1.210500e+01 2.990000e+00 1144 1.510600e+03 0
6.799100e-01 6.396100e-01 -1.900900e-01 -3.204100e-02 29 64 1.370000e+01 2.990000e+00 1.289800e+03 9.492300e+02 0
6.725500e-01 7.375100e-01 -1.962300e-01 -3.204100e-02 30 64 1.462000e+01 2.990000e+00 1.191200e+03 8.651300e+02 0
6.793700e-01 7.975500e-01 -1.999900e-01 -3.204100e-02 31 64 1.477600e+01 2.990000e+00 1155 8.254600e+02 0
6.766400e-01 8.319700e-01 -2.021500e-01 -3.204100e-02 32 64 1.423200e+01 2.990000e+00 1131 8.054800e+02 0
6.722700e-01 8.766100e-01 -2.049500e-01 -3.204100e-02 33 64 1.269700e+01 2.990000e+00 1.102300e+03 7.822000e+02 0
7.977800e-01 6.955900e-01 -1.936000e-01 -3.204100e-02 35 64 1.024500e+01 2.990000e+00 1.363700e+03 9.015600e+02 0
-8.212400e-01 8.939000e-01 -2.060300e-01 -3.204100e-02 36 64 1.082700e+01 2.990000e+00 -5.105200e+01 7.487100e+02 0
-8.348900e-01 8.818200e-01 -2.052700e-01 -3.204100e-02 37 64 1.122100e+01 2.990000e+00 -7.179800e+01 7.535300e+02 0
-8.681700e-01 8.474400e-01 -2.031200e-01 -3.204100e-02 38 64 1.081200e+01 2.990000e+00 -1.299200e+02 7.681100e+02 0
