0 0 -1.500000e-01 0 1 65 1.653400e+01 3.940000e+00 2167 -3.612800e+03 0
-7.202900e-02 1.120400e-01 -1.592600e-01 0 5 65 1.517800e+01 3.940000e+00 -3.140400e+03 7.785900e+03 0
-1.585200e-01 1.860800e-01 -1.653800e-01 0 8 65 1.434800e+01 3.940000e+00 -1.095400e+03 2.949500e+03 0
-1.986300e-01 1.937300e-01 -1.660100e-01 0 9 65 1.367500e+01 3.940000e+00 -1170 2.768100e+03 0
-2.480100e-01 1.866500e-01 -1.654300e-01 0 10 65 1.363200e+01 3.940000e+00 -1.513600e+03 2.872900e+03 0
-2.619200e-01 2.227500e-01 -1.684100e-01 0 11 65 1.315100e+01 3.940000e+00 -1.057300e+03 2.301400e+03 0
-2.881200e-01 2.334800e-01 -1.693000e-01 0 12 65 1.274700e+01 3.940000e+00 -1.035600e+03 2.171400e+03 0
-3.077600e-01 2.786100e-01 -1.730300e-01 0 13 65 1.201900e+01 3.940000e+00 -7.252500e+02 1.796300e+03 0
-1.222300e-01 3.587900e-01 -1.796500e-01 0 15 65 1.123500e+01 3.940000e+00 4.710000e+01 1.443300e+03 0
3.536000e-01 3.322700e-01 -1.774600e-01 0 28 65 1.313000e+01 3.940000e+00 1.165100e+03 1.625300e+03 0
6.799100e-01 6.385300e-01 -2.027700e-01 0 29 65 1.465500e+01 3.940000e+00 1.291800e+03 9.653000e+02 0
6.725500e-01 7.369900e-01 -2.109100e-01 0 30 65 1.559400e+01 3.940000e+00 1.192300e+03 8.800500e+02 0
6.711800e-01 8.044500e-01 -2.164900e-01 0 31 65 1.577200e+01 3.940000e+00 1.143600e+03 8.354400e+02 0
6.766400e-01 8.320200e-01 -2.187700e-01 0 32 65 1.528900e+01 3.940000e+00 1.131600e+03 8.196900e+02 0
6.722700e-01 8.724500e-01 -2.221100e-01 0 33 65 1.395600e+01 3.940000e+00 1.105100e+03 7.983700e+02 0
6.482600e-01 9.512600e-01 -2.286200e-01 0 34 65 1.138000e+01 3.940000e+00 1049 7.623800e+02 0
-4.267200e-01 4.060400e-01 -1.835600e-01 0 35 65 1.063700e+01 3.940000e+00 -4.052600e+02 1.270300e+03 0
-8.307900e-01 8.956000e-01 -2.240200e-01 0 36 65 1.173700e+01 3.940000e+00 -5.690900e+01 7.610700e+02 0
-8.545300e-01 8.972000e-01 -2.241500e-01 0 37 65 1.218400e+01 3.940000e+00 -7.254200e+01 7.600300e+02 0
-8.681700e-01 9.121400e-01 -2.253900e-01 0 38 65 1.179100e+01 3.940000e+00 -6.894300e+01 7.538300e+02 0
-8.709000e-01 9.674500e-01 -2.299600e-01 0 39 65 1.029600e+01 3.940000e+00 -2.500400e+01 7.333100e+02 0
0 0 -1.500000e-01 3.204100e-02 1 66 1.553200e+01 3.940000e+00 2167 -3.612800e+03 0
-7.202900e-02 1.124500e-01 -1.592900e-01 3.204100e-02 5 66 1.416500e+01 3.940000e+00 -3.101900e+03 7.711900e+03 0
-1.585200e-01 1.860600e-01 -1.653800e-01 3.204100e-02 8 66 1.334900e+01 3.940000e+00 -1.095700e+03 2950 0
-2.008100e-01 1.906900e-01 -1.657600e-01 3.204100e-02 9 66 1.270400e+01 3.940000e+00 -1.226100e+03 2.824700e+03 0
-2.480100e-01 1.869300e-01 -1.654500e-01 3.204100e-02 10 66 1.267900e+01 3.940000e+00 -1.508500e+03 2.867200e+03 0
-2.619200e-01 2.234600e-01 -1.684700e-01 3.204100e-02 11 66 1.223200e+01 3.940000e+00 -1.049300e+03 2.292900e+03 0
-2.881200e-01 2.348900e-01 -1.694100e-01 3.204100e-02 12 66 1.179500e+01 3.940000e+00 -1.021400e+03 2.156900e+03 0
-3.110400e-01 2.756700e-01 -1.727800e-01 3.204100e-02 13 66 1.109400e+01 3.940000e+00 -7.539700e+02 1.814700e+03 0
-1.222300e-01 3.123400e-01 -1.758100e-01 3.204100e-02 15 66 1.041300e+01 3.940000e+00 -7.689200e+01 1.640900e+03 0
3.536000e-01 3.670100e-01 -1.803300e-01 3.204100e-02 28 66 1.217200e+01 3.940000e+00 1.106900e+03 1.475400e+03 0
6.722700e-01 6.434300e-01 -2.031800e-01 3.204100e-02 29 66 1.367400e+01 3.940000e+00 1.277300e+03 9.600700e+02 0
6.725500e-01 7.354300e-01 -2.107800e-01 3.204100e-02 30 66 1.459700e+01 3.940000e+00 1.193600e+03 8.811900e+02 0
6.711800e-01 8.044800e-01 -2.164900e-01 3.204100e-02 31 66 1.477900e+01 3.940000e+00 1.143600e+03 8.354200e+02 0
6.766400e-01 8.330900e-01 -2.188500e-01 3.204100e-02 32 66 1.431600e+01 3.940000e+00 1131 8.191000e+02 0
6.722700e-01 8.740200e-01 -2.222400e-01 3.204100e-02 33 66 1.303800e+01 3.940000e+00 1.104300e+03 7.976000e+02 0
6.482600e-01 9.524700e-01 -2.287200e-01 3.204100e-02 34 66 1.057100e+01 3.940000e+00 1.048500e+03 7.618900e+02 0
-8.498900e-01 8.781300e-01 -2.225800e-01 3.204100e-02 36 66 1.077300e+01 3.940000e+00 -8.669800e+01 7.680800e+02 0
-8.545300e-01 8.956200e-01 -2.240200e-01 3.204100e-02 37 66 1.123400e+01 3.940000e+00 -7.396100e+01 7.606800e+02 0
-8.681700e-01 9.093300e-01 -2.251600e-01 3.204100e-02 38 66 1.093400e+01 3.940000e+00 -7.142600e+01 7.549400e+02 0
-4.959900e+00 1.191500e+01 -1.134800e+00 -7.689800e-01 372 41 1.036500e+01 3.940000e+00 4.220900e+02 4.362200e+02 1
-1.827700e+00 1.914100e+00 -3.082000e-01 -5.447000e-01 78 48 1.009100e+01 3.940000e+00 2.481600e+01 5.669700e+02 1
-1.872800e+00 1.944500e+00 -3.107100e-01 -5.447000e-01 79 48 1.059900e+01 3.940000e+00 2.103300e+01 5.643700e+02 1
-1.875200e+00 2.023600e+00 -3.172500e-01 -5.447000e-01 80 48 1.023700e+01 3.940000e+00 4.674600e+01 5.583800e+02 1
-1.877700e+00 1.762300e+00 -2.956500e-01 -5.126600e-01 75 49 1.024400e+01 3.940000e+00 -5.071300e+01 5.801700e+02 0
-1.923500e+00 1.777500e+00 -2.969100e-01 -5.126600e-01 76 49 1.066100e+01 3.940000e+00 -6.015100e+01 5.785200e+02 0
-1.969900e+00 1.768900e+00 -2.962000e-01 -5.126600e-01 77 49 1.048100e+01 3.940000e+00 -7.993200e+01 5.791200e+02 0
-1.932800e+00 1.865900e+00 -3.042200e-01 -5.126600e-01 78 49 1.062000e+01 3.940000e+00 -2.728600e+01 5.705600e+02 0
-1.894000e+00 1.945100e+00 -3.107600e-01 -5.126600e-01 79 49 1.106500e+01 3.940000e+00 1.450100e+01 5.642400e+02 1
-1.896800e+00 2.001200e+00 -3.153900e-01 -5.126600e-01 80 49 1.070800e+01 3.940000e+00 3.279600e+01 5.599500e+02 1
-1.964400e+00 1.729700e+00 -2.929600e-01 -4.806200e-01 76 50 1.024200e+01 3.940000e+00 -9.564800e+01 5.829500e+02 0
0 0 -1.500000e-01 -6.408200e-02 1 63 1.047900e+01 3.940000e+00 2167 -3.612800e+03 0
-1.882600e-02 2.061200e-02 -1.517000e-01 -6.408200e-02 2 63 1.016000e+01 3.940000e+00 2.986500e+03 -5.231200e+03 0
6.567200e-01 7.677100e-01 -2.134500e-01 -6.408200e-02 30 63 9.832000e+00 3.940000e+00 1.154200e+03 8.582300e+02 0
6.548100e-01 8.085100e-01 -2.168200e-01 -6.408200e-02 31 63 1.016600e+01 3.940000e+00 1.126100e+03 8.326500e+02 0
6.597200e-01 8.116600e-01 -2.170800e-01 -6.408200e-02 32 63 9.782300e+00 3.940000e+00 1.128600e+03 8.309100e+02 0
0 0 -1.500000e-01 -3.204100e-02 1 64 1.549200e+01 3.940000e+00 2167 -3.612800e+03 0
-7.093800e-02 1.125800e-01 -1.593000e-01 -3.204100e-02 5 64 1.415700e+01 3.940000e+00 -3.076400e+03 7.695400e+03 0
-1.585200e-01 1.860900e-01 -1.653800e-01 -3.204100e-02 8 64 1.331100e+01 3.940000e+00 -1.095100e+03 2.949100e+03 0
-1.986300e-01 1.935800e-01 -1.660000e-01 -3.204100e-02 9 64 1.262000e+01 3.940000e+00 -1.172200e+03 2.770900e+03 0
-2.480100e-01 1.860300e-01 -1.653800e-01 -3.204100e-02 10 64 1.258800e+01 3.940000e+00 -1525 2.885600e+03 0
-2.619200e-01 2.222600e-01 -1.683700e-01 -3.204100e-02 11 64 1.217700e+01 3.940000e+00 -1.062700e+03 2.307300e+03 0
-2.881200e-01 2.334700e-01 -1.693000e-01 -3.204100e-02 12 64 1.167800e+01 3.940000e+00 -1.035700e+03 2.171400e+03 0
-3.077600e-01 2.791100e-01 -1.730700e-01 -3.204100e-02 13 64 1.088400e+01 3.940000e+00 -7.219300e+02 1.793100e+03 0
-4.291700e-01 1.203000e-01 -1.599400e-01 -3.204100e-02 14 64 1.040000e+01 3.940000e+00 -5.609900e+03 5.312200e+03 0
-1.298700e-01 4.083100e-01 -1.837500e-01 -3.204100e-02 15 64 1.042700e+01 3.940000e+00 1.278600e+02 1.291700e+03 0
3.609700e-01 2.428300e-01 -1.700700e-01 -3.204100e-02 28 64 1.208900e+01 3.940000e+00 1.464600e+03 2.319800e+03 0
6.799100e-01 6.421400e-01 -2.030700e-01 -3.204100e-02 29 64 1.361200e+01 3.940000e+00 1.287800e+03 9.616500e+02 0
6.725500e-01 7.386300e-01 -2.110500e-01 -3.204100e-02 30 64 1.455700e+01 3.940000e+00 1.191100e+03 8.788500e+02 0
6.793700e-01 7.974700e-01 -2.159100e-01 -3.204100e-02 31 64 1.473300e+01 3.940000e+00 1.155700e+03 8.398400e+02 0
6.766400e-01 8.306100e-01 -2.186500e-01 -3.204100e-02 32 64 1.424400e+01 3.940000e+00 1.132400e+03 8.204700e+02 0
6.810000e-01 8.652200e-01 -2.215100e-01 -3.204100e-02 33 64 1.287700e+01 3.940000e+00 1.116400e+03 8.021800e+02 0
6.482600e-01 9.511900e-01 -2.286200e-01 -3.204100e-02 34 64 1.017500e+01 3.940000e+00 1049 7.624100e+02 0
-3.988900e-01 5.755400e-01 -1.975700e-01 -3.204100e-02 35 64 9.720600e+00 3.940000e+00 -1.091300e+01 9.895300e+02 0
-8.212400e-01 9.049700e-01 -2.248000e-01 -3.204100e-02 36 64 1.072300e+01 3.940000e+00 -4.191200e+01 7.574200e+02 0
-8.447100e-01 9.069400e-01 -2.249600e-01 -3.204100e-02 37 64 1.117900e+01 3.940000e+00 -5.690400e+01 7.562600e+02 0
-8.681700e-01 9.017800e-01 -2.245300e-01 -3.204100e-02 38 64 1.074600e+01 3.940000e+00 -7.816400e+01 7.579500e+02 0
