0 0 -1.500000e-01 0 1 65 1.654800e+01 1.420000e+00 2167 -3.612800e+03 0
-7.093800e-02 1.133300e-01 -1.533700e-01 0 5 65 1.517600e+01 1.420000e+00 -2987 7.432500e+03 0
-1.585200e-01 1.860700e-01 -1.555300e-01 0 8 65 1.433900e+01 1.420000e+00 -1.089900e+03 2.889400e+03 0
-2.008100e-01 1.917200e-01 -1.557000e-01 0 9 65 1.366600e+01 1.420000e+00 -1.204300e+03 2.746600e+03 0
-2.480100e-01 1.868800e-01 -1.555600e-01 0 10 65 1.361900e+01 1.420000e+00 -1.502600e+03 2810 0
-2.592000e-01 2.267800e-01 -1.567500e-01 0 11 65 1.298200e+01 1.420000e+00 -9.990300e+02 2204 0
-2.851200e-01 2.363200e-01 -1.570300e-01 0 12 65 1.269800e+01 1.420000e+00 -9.923700e+02 2.093500e+03 0
-3.044900e-01 2.810700e-01 -1.583600e-01 0 13 65 1.195800e+01 1.420000e+00 -6.968300e+02 1.735500e+03 0
-2.943900e-01 3.064000e-01 -1.591100e-01 0 14 65 1.146800e+01 1.420000e+00 -527 1.595800e+03 0
-4.087100e-01 2.482800e-01 -1.573900e-01 0 15 65 1.107400e+01 1.420000e+00 -1.265500e+03 1.946200e+03 0
3.609700e-01 2.921300e-01 -1.586900e-01 0 28 65 1.309600e+01 1.420000e+00 1.277600e+03 1.812700e+03 0
6.799100e-01 6.407000e-01 -1.690600e-01 0 29 65 1.465900e+01 1.420000e+00 1.287300e+03 9.235100e+02 0
6.725500e-01 7.375600e-01 -1.719400e-01 0 30 65 1.560600e+01 1.420000e+00 1.190100e+03 8.411800e+02 0
6.793700e-01 7.975600e-01 -1.737200e-01 0 31 65 1.576500e+01 1.420000e+00 1.153900e+03 8.018600e+02 0
6.766400e-01 8.313200e-01 -1.747300e-01 0 32 65 1.523900e+01 1.420000e+00 1.130400e+03 7.824200e+02 0
6.810000e-01 8.648500e-01 -1.757300e-01 0 33 65 1.376800e+01 1.420000e+00 1115 7.649300e+02 0
7.606700e-01 7.621800e-01 -1.726700e-01 0 35 65 1.096100e+01 1.420000e+00 1.258300e+03 8.262400e+02 0
-8.307900e-01 8.899500e-01 -1.764700e-01 0 36 65 1.168100e+01 1.420000e+00 -6.065500e+01 7.284300e+02 0
-8.348900e-01 9.003800e-01 -1.767800e-01 0 37 65 1.203900e+01 1.420000e+00 -5.437000e+01 7.241200e+02 0
-8.580800e-01 8.994400e-01 -1.767600e-01 0 38 65 1.154800e+01 1.420000e+00 -7.175900e+01 7.241600e+02 0
-9.020000e-01 9.194000e-01 -1.773500e-01 0 39 65 9.866500e+00 1.420000e+00 -8.488900e+01 7.156800e+02 0
0 0 -1.500000e-01 3.204100e-02 1 66 1.554100e+01 1.420000e+00 2167 -3.612800e+03 0
-7.093800e-02 1.136400e-01 -1.533800e-01 3.204100e-02 5 66 1.416900e+01 1.420000e+00 -2.959900e+03 7.380500e+03 0
-1.585200e-01 1.859800e-01 -1.555300e-01 3.204100e-02 8 66 1.333500e+01 1.420000e+00 -1.091200e+03 2.891200e+03 0
-2.008100e-01 1.921500e-01 -1.557200e-01 3.204100e-02 9 66 1.266800e+01 1.420000e+00 -1.197800e+03 2.738400e+03 0
-2.504700e-01 1.829600e-01 -1.554400e-01 3.204100e-02 10 66 1.260500e+01 1.420000e+00 -1.587600e+03 2.889200e+03 0
-2.619200e-01 2.223800e-01 -1.566100e-01 3.204100e-02 11 66 1.193100e+01 1.420000e+00 -1.056500e+03 2.254100e+03 0
-2.881200e-01 2.307800e-01 -1.568600e-01 3.204100e-02 12 66 1.165100e+01 1.420000e+00 -1.058900e+03 2.149500e+03 0
-3.044900e-01 2.805300e-01 -1.583400e-01 3.204100e-02 13 66 1.088800e+01 1.420000e+00 -7.003000e+02 1.738900e+03 0
-2.943900e-01 3.041000e-01 -1.590500e-01 3.204100e-02 14 66 1.054400e+01 1.420000e+00 -5.387000e+02 1.607400e+03 0
-4.125300e-01 2.413100e-01 -1.571800e-01 3.204100e-02 15 66 1.040500e+01 1.420000e+00 -1.352800e+03 2.005200e+03 0
3.536000e-01 3.211000e-01 -1.595500e-01 3.204100e-02 28 66 1.206200e+01 1.420000e+00 1.185200e+03 1.634800e+03 0
6.799100e-01 6.331800e-01 -1.688300e-01 3.204100e-02 29 66 1.360900e+01 1.420000e+00 1.295600e+03 9.311400e+02 0
6.725500e-01 7.320400e-01 -1.717800e-01 3.204100e-02 30 66 1.452900e+01 1.420000e+00 1.194400e+03 8.451900e+02 0
6.793700e-01 7.973400e-01 -1.737200e-01 3.204100e-02 31 66 1.466200e+01 1.420000e+00 1.154100e+03 8.019900e+02 0
6.766400e-01 8.350200e-01 -1.748400e-01 3.204100e-02 32 66 1.411300e+01 1.420000e+00 1.128200e+03 7.804000e+02 0
6.722700e-01 8.743300e-01 -1.760100e-01 3.204100e-02 33 66 1.256100e+01 1.420000e+00 1.102600e+03 7.600800e+02 0
7.699500e-01 8.416100e-01 -1.750300e-01 3.204100e-02 35 66 1.010400e+01 1.420000e+00 1206 7.786700e+02 0
-8.307900e-01 8.949200e-01 -1.766200e-01 3.204100e-02 36 66 1.054500e+01 1.420000e+00 -5.624100e+01 7.263900e+02 0
-8.447100e-01 9.177600e-01 -1.773000e-01 3.204100e-02 37 66 1.095400e+01 1.420000e+00 -4.633300e+01 7.171200e+02 0
-8.681700e-01 9.414000e-01 -1.780000e-01 3.204100e-02 38 66 1.047000e+01 1.420000e+00 -4.279700e+01 7.079000e+02 0
0 0 -1.500000e-01 6.408200e-02 1 67 1.035900e+01 1.420000e+00 2167 -3.612800e+03 0
-5.456800e-04 3.484400e-02 -1.510400e-01 6.408200e-02 2 67 9.884000e+00 1.420000e+00 3.492300e+03 -7.179900e+03 0
5.958800e-01 7.748700e-01 -1.730500e-01 6.408200e-02 29 67 9.344300e+00 1.420000e+00 1.089500e+03 8.140500e+02 0
6.409000e-01 7.774300e-01 -1.731300e-01 6.408200e-02 30 67 1.050200e+01 1.420000e+00 1.130800e+03 8.134500e+02 0
6.793700e-01 7.614100e-01 -1.726500e-01 6.408200e-02 31 67 1.089800e+01 1.420000e+00 1.178900e+03 8.248000e+02 0
7.104700e-01 7.623700e-01 -1.726800e-01 6.408200e-02 32 67 1.036400e+01 1.420000e+00 1.208700e+03 8.249000e+02 0
4.038000e-01 1.218800e+00 -1.862500e-01 -6.728600e-01 41 44 9.730000e+00 1.420000e+00 8.241000e+02 6.410700e+02 0
0 0 -1.500000e-01 -9.612300e-02 1 62 1.026800e+01 1.420000e+00 2167 -3.612800e+03 0
6.875500e-01 7.810100e-01 -1.732300e-01 -9.612300e-02 31 62 9.756800e+00 1.420000e+00 1.172800e+03 8.122400e+02 0
6.766400e-01 8.233800e-01 -1.744900e-01 -9.612300e-02 32 62 1.013800e+01 1.420000e+00 1.135100e+03 7.868100e+02 0
6.722700e-01 8.365600e-01 -1.748800e-01 -9.612300e-02 33 62 9.777100e+00 1.420000e+00 1.123400e+03 7.794800e+02 0
0 0 -1.500000e-01 -6.408200e-02 1 63 9.647600e+00 1.420000e+00 2167 -3.612800e+03 0
-3.437800e-02 3.960000e-03 -1.501200e-01 -6.408200e-02 2 63 9.534400e+00 1.420000e+00 2594 -3.908900e+03 0
-6.766400e-02 1.051700e-02 -1.503100e-01 -6.408200e-02 3 63 9.435200e+00 1.420000e+00 3.178500e+03 -4.446700e+03 0
6.804600e-01 7.442000e-01 -1.721400e-01 -6.408200e-02 30 63 9.662500e+00 1.420000e+00 1.192900e+03 8.366500e+02 0
6.711800e-01 8.004200e-01 -1.738100e-01 -6.408200e-02 31 63 1.017600e+01 1.420000e+00 1.144500e+03 7.999700e+02 0
6.766400e-01 8.246500e-01 -1.745300e-01 -6.408200e-02 32 63 1.011400e+01 1.420000e+00 1.134300e+03 7.861000e+02 0
0 0 -1.500000e-01 -3.204100e-02 1 64 1.552400e+01 1.420000e+00 2167 -3.612800e+03 0
-7.093800e-02 1.131300e-01 -1.533700e-01 -3.204100e-02 5 64 1.414800e+01 1.420000e+00 -3.004700e+03 7.466500e+03 0
-1.585200e-01 1.860900e-01 -1.555400e-01 -3.204100e-02 8 64 1.327400e+01 1.420000e+00 -1.089600e+03 2889 0
-2.008100e-01 1.920700e-01 -1.557100e-01 -3.204100e-02 9 64 1.264200e+01 1.420000e+00 -1199 2740 0
-2.480100e-01 1.867900e-01 -1.555600e-01 -3.204100e-02 10 64 1.255500e+01 1.420000e+00 -1.504200e+03 2.811700e+03 0
-2.564700e-01 2.301900e-01 -1.568500e-01 -3.204100e-02 11 64 1.216500e+01 1.420000e+00 -9.545200e+02 2.167400e+03 0
-2.791100e-01 2.437400e-01 -1.572500e-01 -3.204100e-02 12 64 1.169400e+01 1.420000e+00 -9.031600e+02 2.024500e+03 0
-2.979400e-01 2.875000e-01 -1.585500e-01 -3.204100e-02 13 64 1.088400e+01 1.420000e+00 -6.396200e+02 1.697900e+03 0
-1.375100e-01 2.274600e-01 -1.567700e-01 -3.204100e-02 15 64 1.033400e+01 1.420000e+00 -5.467100e+02 2244 0
3.609700e-01 2.803000e-01 -1.583400e-01 -3.204100e-02 28 64 1.207400e+01 1.420000e+00 1.313200e+03 1.899900e+03 0
6.799100e-01 6.458500e-01 -1.692100e-01 -3.204100e-02 29 64 1.364100e+01 1.420000e+00 1.281700e+03 9.184300e+02 0
6.804600e-01 7.332800e-01 -1.718100e-01 -3.204100e-02 30 64 1.458900e+01 1.420000e+00 1.201500e+03 8.444900e+02 0
6.793700e-01 7.973900e-01 -1.737200e-01 -3.204100e-02 31 64 1.475500e+01 1.420000e+00 1154 8.019600e+02 0
6.851000e-01 8.229400e-01 -1.744800e-01 -3.204100e-02 32 64 1.423700e+01 1.420000e+00 1143 7.872300e+02 0
6.810000e-01 8.625100e-01 -1.756600e-01 -3.204100e-02 33 64 1.281100e+01 1.420000e+00 1.116300e+03 7.661000e+02 0
6.122500e-01 9.708500e-01 -1.788800e-01 -3.204100e-02 34 64 9.992500e+00 1.420000e+00 1.013100e+03 7.172700e+02 0
7.606700e-01 7.383600e-01 -1.719600e-01 -3.204100e-02 35 64 9.886700e+00 1.420000e+00 1.279300e+03 8.428800e+02 0
-8.403400e-01 8.696300e-01 -1.758700e-01 -3.204100e-02 36 64 1.079300e+01 1.420000e+00 -8.632800e+01 7.368800e+02 0
-8.250600e-01 8.859400e-01 -1.763500e-01 -3.204100e-02 37 64 1.115400e+01 1.420000e+00 -6.010300e+01 7.301900e+02 0
-8.177000e-01 9.080800e-01 -1.770100e-01 -3.204100e-02 38 64 1.070100e+01 1.420000e+00 -3.551400e+01 7.212900e+02 0
