0 0 -1.500000e-01 0 1 65 1.658300e+01 3.950000e+00 2167 -3.612800e+03 0
-7.093800e-02 1.130400e-01 -1.593700e-01 0 5 65 1.517400e+01 3.950000e+00 -3.033900e+03 7.613700e+03 0
-1.585200e-01 1.860800e-01 -1.654200e-01 0 8 65 1.434600e+01 3.950000e+00 -1.095300e+03 2.949700e+03 0
-2.008100e-01 1.910500e-01 -1.658300e-01 0 9 65 1.366100e+01 3.950000e+00 -1.220500e+03 2.817900e+03 0
-2.480100e-01 1.863500e-01 -1.654400e-01 0 10 65 1.363000e+01 3.950000e+00 -1.519200e+03 2.879300e+03 0
-2.619200e-01 2.224100e-01 -1.684300e-01 0 11 65 1.306400e+01 3.950000e+00 -1061 2.305700e+03 0
-2.881200e-01 2.338000e-01 -1.693700e-01 0 12 65 1.272600e+01 3.950000e+00 -1.032400e+03 2.168200e+03 0
-3.044900e-01 2.833900e-01 -1.734800e-01 0 13 65 1.201100e+01 3.950000e+00 -6.855700e+02 1.767100e+03 0
-3.014900e-01 3.023400e-01 -1.750500e-01 0 14 65 1.136500e+01 3.950000e+00 -5.684300e+02 1660 0
-1.222300e-01 3.608400e-01 -1.799000e-01 0 15 65 1.128800e+01 3.950000e+00 5.165900e+01 1.436200e+03 0
3.536000e-01 3.100700e-01 -1.756900e-01 0 28 65 1.313400e+01 3.950000e+00 1.211700e+03 1.745700e+03 0
6.799100e-01 6.384700e-01 -2.029000e-01 0 29 65 1.467400e+01 3.950000e+00 1.291900e+03 9.655300e+02 0
6.725500e-01 7.369100e-01 -2.110600e-01 0 30 65 1.560800e+01 3.950000e+00 1.192400e+03 8.802600e+02 0
6.793700e-01 7.975500e-01 -2.160900e-01 0 31 65 1.577300e+01 3.950000e+00 1.155700e+03 8.399500e+02 0
6.766400e-01 8.315000e-01 -2.189000e-01 0 32 65 1.525800e+01 3.950000e+00 1.131900e+03 8.201300e+02 0
6.810000e-01 8.663300e-01 -2.217800e-01 0 33 65 1.384200e+01 3.950000e+00 1.115800e+03 8.017600e+02 0
6.482600e-01 9.511900e-01 -2.288200e-01 0 34 65 1.117100e+01 3.950000e+00 1049 7.625600e+02 0
-4.360000e-01 3.793200e-01 -1.814300e-01 0 35 65 1.066400e+01 3.950000e+00 -5.145000e+02 1.341300e+03 0
-8.212400e-01 9.019100e-01 -2.247300e-01 0 36 65 1.175800e+01 3.950000e+00 -4.455300e+01 7.588000e+02 0
-8.447100e-01 8.993500e-01 -2.245200e-01 0 37 65 1.229400e+01 3.950000e+00 -6.358600e+01 7.594600e+02 0
-8.782700e-01 8.868700e-01 -2.234900e-01 0 38 65 1.195800e+01 3.950000e+00 -9.916400e+01 7.640500e+02 0
-9.020000e-01 8.797600e-01 -2.229000e-01 0 39 65 1.053600e+01 3.950000e+00 -1.232300e+02 7.666400e+02 0
0 0 -1.500000e-01 3.204100e-02 1 66 1.559500e+01 3.950000e+00 2167 -3.612800e+03 0
-7.202900e-02 1.123300e-01 -1.593100e-01 3.204100e-02 5 66 1.414600e+01 3.950000e+00 -3.112900e+03 7.733300e+03 0
-1.585200e-01 1.860500e-01 -1.654200e-01 3.204100e-02 8 66 1.335300e+01 3.950000e+00 -1.095800e+03 2.950400e+03 0
-2.008100e-01 1.915800e-01 -1.658700e-01 3.204100e-02 9 66 1.267100e+01 3.950000e+00 -1.212300e+03 2.807600e+03 0
-2.504700e-01 1.829800e-01 -1.651600e-01 3.204100e-02 10 66 1.264700e+01 3.950000e+00 -1.594400e+03 2.948300e+03 0
-2.646500e-01 2.178000e-01 -1.680500e-01 3.204100e-02 11 66 1.214600e+01 3.950000e+00 -1.124300e+03 2.361600e+03 0
-2.881200e-01 2.310500e-01 -1.691400e-01 3.204100e-02 12 66 1.172900e+01 3.950000e+00 -1.060900e+03 2.197200e+03 0
-3.077600e-01 2.782600e-01 -1.730600e-01 3.204100e-02 13 66 1.108300e+01 3.950000e+00 -7.275300e+02 1.798700e+03 0
3.536000e-01 3.349500e-01 -1.777500e-01 3.204100e-02 28 66 1.215300e+01 3.950000e+00 1160 1.612400e+03 0
6.799100e-01 6.313600e-01 -2.023100e-01 3.204100e-02 29 66 1.366100e+01 3.950000e+00 1.299800e+03 9.728800e+02 0
6.725500e-01 7.336500e-01 -2.107900e-01 3.204100e-02 30 66 1.458800e+01 3.950000e+00 1195 8.826600e+02 0
6.711800e-01 8.044500e-01 -2.166600e-01 3.204100e-02 31 66 1.474800e+01 3.950000e+00 1.143600e+03 8.355900e+02 0
6.766400e-01 8.343400e-01 -2.191300e-01 3.204100e-02 32 66 1.422600e+01 3.950000e+00 1.130200e+03 8.185600e+02 0
6.810000e-01 8.696400e-01 -2.220600e-01 3.204100e-02 33 66 1.278800e+01 3.950000e+00 1114 8.001000e+02 0
-8.212400e-01 9.019200e-01 -2.247300e-01 3.204100e-02 36 66 1.056800e+01 3.950000e+00 -4.454400e+01 7.587900e+02 0
-8.447100e-01 8.918800e-01 -2.239000e-01 3.204100e-02 37 66 1.116800e+01 3.950000e+00 -7.027700e+01 7.625200e+02 0
-8.782700e-01 8.671200e-01 -2.218500e-01 3.204100e-02 38 66 1.081900e+01 3.950000e+00 -1.182200e+02 7.724900e+02 0
0 0 -1.500000e-01 6.408200e-02 1 67 1.028300e+01 3.950000e+00 2167 -3.612800e+03 0
-4.611000e-01 4.440800e+00 -5.179600e-01 -1.057400e+00 131 32 1.051000e+01 3.950000e+00 6.022500e+02 4.802200e+02 1
-4.646400e-01 4.530700e+00 -5.254200e-01 -1.057400e+00 132 32 1.062000e+01 3.950000e+00 6.036000e+02 4.788500e+02 1
-5.402200e-01 4.558200e+00 -5.277000e-01 -1.057400e+00 133 32 1.029500e+01 3.950000e+00 5.935200e+02 4.783700e+02 1
-6.168900e-01 4.577700e+00 -5.293100e-01 -1.057400e+00 134 32 1.002100e+01 3.950000e+00 5.832200e+02 4.780200e+02 1
-6.215300e-01 4.636400e+00 -5.341800e-01 -1.057400e+00 135 32 1.030600e+01 3.950000e+00 584 4.771700e+02 1
-6.261600e-01 4.672800e+00 -5.371900e-01 -1.057400e+00 136 32 1.031400e+01 3.950000e+00 5.842300e+02 4.766600e+02 1
-5.565900e-01 4.715500e+00 -5.407200e-01 -1.057400e+00 137 32 1.026700e+01 3.950000e+00 5.946900e+02 4.761300e+02 1
-4.859200e-01 4.759700e+00 -5.443900e-01 -1.057400e+00 138 32 1.020900e+01 3.950000e+00 6.051400e+02 4.756000e+02 1
-4.927500e-01 4.410700e+00 -5.154700e-01 -1.025300e+00 130 33 1.101400e+01 3.950000e+00 5.970100e+02 4.806600e+02 1
-4.611000e-01 4.488400e+00 -5.219100e-01 -1.025300e+00 131 33 1.190000e+01 3.950000e+00 6.032400e+02 4.794900e+02 1
-5.003900e-01 4.531900e+00 -5.255100e-01 -1.025300e+00 132 33 1.194600e+01 3.950000e+00 5.985600e+02 4.788000e+02 1
-5.762300e-01 4.552700e+00 -5.272300e-01 -1.025300e+00 133 33 1.120400e+01 3.950000e+00 5.883200e+02 4.784200e+02 1
-5.806000e-01 4.588800e+00 -5.302300e-01 -1.025300e+00 134 33 1.098400e+01 3.950000e+00 5.885600e+02 4.778900e+02 1
-5.849700e-01 4.638800e+00 -5.343700e-01 -1.025300e+00 135 33 1.192500e+01 3.950000e+00 5.891000e+02 4.771700e+02 1
-5.525000e-01 4.680300e+00 -5.378100e-01 -1.025300e+00 136 33 1.224500e+01 3.950000e+00 5.944900e+02 4.766200e+02 1
-5.194800e-01 4.718500e+00 -5.409700e-01 -1.025300e+00 137 33 1.210700e+01 3.950000e+00 5.997900e+02 4.761300e+02 1
-4.859200e-01 4.756500e+00 -5.441300e-01 -1.025300e+00 138 33 1.179600e+01 3.950000e+00 6.050800e+02 4.756400e+02 1
-4.894700e-01 4.794500e+00 -5.472700e-01 -1.025300e+00 139 33 1.072900e+01 3.950000e+00 6.053200e+02 4.751300e+02 1
-4.575500e-01 4.414800e+00 -5.158100e-01 -9.932700e-01 130 34 1.045000e+01 3.950000e+00 6.022200e+02 4.806300e+02 1
-4.256300e-01 4.484500e+00 -5.215800e-01 -9.932700e-01 131 34 1.131000e+01 3.950000e+00 6.082400e+02 4.795900e+02 1
-5.003900e-01 4.529100e+00 -5.252800e-01 -9.932700e-01 132 34 1.130600e+01 3.950000e+00 5.985000e+02 4.788400e+02 1
-7.202900e-01 4.532900e+00 -5.256000e-01 -9.932700e-01 133 34 1.025600e+01 3.950000e+00 5.675100e+02 4.785700e+02 1
-5.806000e-01 4.558700e+00 -5.277300e-01 -9.932700e-01 134 34 1.010000e+01 3.950000e+00 5.878500e+02 4.783300e+02 1
-5.849700e-01 4.637200e+00 -5.342400e-01 -9.932700e-01 135 34 1.163200e+01 3.950000e+00 5.890700e+02 4.772000e+02 1
-5.893300e-01 4.676700e+00 -5.375100e-01 -9.932700e-01 136 34 1.210100e+01 3.950000e+00 5.893700e+02 4.766400e+02 1
-5.194800e-01 4.720700e+00 -5.411600e-01 -9.932700e-01 137 34 1.193400e+01 3.950000e+00 5.998400e+02 4.761000e+02 1
-4.859200e-01 4.758700e+00 -5.443100e-01 -9.932700e-01 138 34 1.148600e+01 3.950000e+00 6.051200e+02 4.756100e+02 1
-4.518200e-01 4.792600e+00 -5.471100e-01 -9.932700e-01 139 34 1.034500e+01 3.950000e+00 6.103200e+02 4.751900e+02 1
4.911100e+00 7.191000e+00 -7.458400e-01 -9.291900e-01 251 36 1.010900e+01 3.950000e+00 1.128100e+03 4.568500e+02 1
4.862300e+00 7.292800e+00 -7.542800e-01 -9.291900e-01 252 36 1.015700e+01 3.950000e+00 1.117400e+03 4.561900e+02 1
5.087900e+00 7.087400e+00 -7.372600e-01 -9.291900e-01 253 36 9.964900e+00 3.950000e+00 1.151500e+03 4.576200e+02 1
4.959400e+00 7.140500e+00 -7.416600e-01 -8.971500e-01 250 37 1.059400e+01 3.950000e+00 1.135900e+03 4.572000e+02 1
4.774700e+00 7.295000e+00 -7.544600e-01 -8.971500e-01 251 37 1.137300e+01 3.950000e+00 1.109100e+03 4.561300e+02 1
4.793800e+00 7.299100e+00 -7.548000e-01 -8.971500e-01 252 37 1.142100e+01 3.950000e+00 1.110700e+03 4.561100e+02 1
5.019100e+00 7.207800e+00 -7.472400e-01 -8.971500e-01 253 37 1.094700e+01 3.950000e+00 1.137200e+03 4.568000e+02 1
5.384200e+00 7.005500e+00 -7.304700e-01 -8.971500e-01 254 37 9.992900e+00 3.950000e+00 1.185700e+03 4.583300e+02 0
-5.483000e+00 9.476400e+00 -9.352200e-01 -8.971500e-01 315 37 1.073200e+01 3.950000e+00 3.186500e+02 4.422700e+02 1
-5.586400e+00 9.472000e+00 -9.348500e-01 -8.971500e-01 316 37 1.156100e+01 3.950000e+00 3.117400e+02 4.422500e+02 1
-5.690300e+00 9.454800e+00 -9.334300e-01 -8.971500e-01 317 37 1.136000e+01 3.950000e+00 3.042800e+02 4.422700e+02 1
-5.708300e+00 9.483000e+00 -9.357600e-01 -8.971500e-01 318 37 1.047300e+01 3.950000e+00 3.042600e+02 4.421800e+02 1
4.891400e+00 7.168300e+00 -7.439600e-01 -8.651100e-01 250 38 1.001200e+01 3.950000e+00 1.127700e+03 4.569900e+02 1
4.706500e+00 7.336300e+00 -7.578800e-01 -8.651100e-01 251 38 1.059900e+01 3.950000e+00 1.100500e+03 4.558400e+02 1
4.725300e+00 7.313900e+00 -7.560300e-01 -8.651100e-01 252 38 1.049300e+01 3.950000e+00 1.103500e+03 4.559900e+02 1
4.950400e+00 7.271000e+00 -7.524700e-01 -8.651100e-01 253 38 9.956400e+00 3.950000e+00 1.126800e+03 4.563700e+02 1
-5.397300e+00 9.544900e+00 -9.408900e-01 -8.651100e-01 315 38 1.079900e+01 3.950000e+00 3.268500e+02 4.420900e+02 1
-5.586400e+00 9.476900e+00 -9.352500e-01 -8.651100e-01 316 38 1.154600e+01 3.950000e+00 3.119300e+02 4.422400e+02 1
-5.690300e+00 9.454900e+00 -9.334300e-01 -8.651100e-01 317 38 1.122400e+01 3.950000e+00 3.042800e+02 4.422700e+02 1
-5.708300e+00 9.483600e+00 -9.358100e-01 -8.651100e-01 318 38 1.008200e+01 3.950000e+00 3.042800e+02 4.421800e+02 1
0 0 -1.500000e-01 -3.204100e-02 1 64 1.556600e+01 3.950000e+00 2167 -3.612800e+03 0
-7.093800e-02 1.128400e-01 -1.593500e-01 -3.204100e-02 5 64 1.416100e+01 3.950000e+00 -3.052300e+03 7.649200e+03 0
-1.585200e-01 1.861000e-01 -1.654200e-01 -3.204100e-02 8 64 1.330000e+01 3.950000e+00 -1095 2.949300e+03 0
-1.986300e-01 1.928100e-01 -1.659800e-01 -3.204100e-02 9 64 1.262900e+01 3.950000e+00 -1.183700e+03 2.785600e+03 0
-2.480100e-01 1.847700e-01 -1.653100e-01 -3.204100e-02 10 64 1.258400e+01 3.950000e+00 -1.548500e+03 2912 0
-2.592000e-01 2.254400e-01 -1.686800e-01 -3.204100e-02 11 64 1.187600e+01 3.950000e+00 -1.017900e+03 2.270900e+03 0
-2.881200e-01 2.340100e-01 -1.693900e-01 -3.204100e-02 12 64 1.169900e+01 3.950000e+00 -1.030200e+03 2166 0
-3.077600e-01 2.800200e-01 -1.732000e-01 -3.204100e-02 13 64 1.101300e+01 3.950000e+00 -7.159800e+02 1.787500e+03 0
-2.943900e-01 3.099800e-01 -1.756900e-01 -3.204100e-02 14 64 1.043300e+01 3.950000e+00 -5.120300e+02 1.622500e+03 0
-1.145900e-01 4.198300e-01 -1.847900e-01 -3.204100e-02 15 64 1.031900e+01 3.950000e+00 1.735000e+02 1.264300e+03 0
3.536000e-01 2.581100e-01 -1.713900e-01 -3.204100e-02 28 64 1.210900e+01 3.950000e+00 1.367900e+03 2.147900e+03 0
6.799100e-01 6.447400e-01 -2.034200e-01 -3.204100e-02 29 64 1.366200e+01 3.950000e+00 1285 9.592000e+02 0
6.725500e-01 7.395700e-01 -2.112800e-01 -3.204100e-02 30 64 1.459500e+01 3.950000e+00 1.190400e+03 8.783200e+02 0
6.793700e-01 7.973700e-01 -2.160700e-01 -3.204100e-02 31 64 1.475400e+01 3.950000e+00 1.155800e+03 8.400600e+02 0
6.766400e-01 8.285200e-01 -2.186500e-01 -3.204100e-02 32 64 1.424100e+01 3.950000e+00 1.133700e+03 8.217900e+02 0
6.810000e-01 8.615600e-01 -2.213900e-01 -3.204100e-02 33 64 1.284000e+01 3.950000e+00 1.118400e+03 8.041900e+02 0
-8.212400e-01 8.997200e-01 -2.245500e-01 -3.204100e-02 36 64 1.091700e+01 3.950000e+00 -4.645300e+01 7.596900e+02 0
-8.447100e-01 8.965400e-01 -2.242900e-01 -3.204100e-02 37 64 1.144500e+01 3.950000e+00 -6.609000e+01 7.606000e+02 0
-8.782700e-01 8.854900e-01 -2.233700e-01 -3.204100e-02 38 64 1.112400e+01 3.950000e+00 -1.004700e+02 7.646300e+02 0
