0 0 -1.500000e-01 0 1 65 1.661600e+01 3.260000e+00 2167 -3.612800e+03 0
-7.093800e-02 1.126900e-01 -1.577000e-01 0 5 65 1.517900e+01 3.260000e+00 -3.060500e+03 7640 0
-1.585200e-01 1.860700e-01 -1.627200e-01 0 8 65 1.433800e+01 3.260000e+00 -1094 2.933400e+03 0
-1.986300e-01 1.934700e-01 -1.632200e-01 0 9 65 1.364900e+01 3.260000e+00 -1.172300e+03 2.757300e+03 0
-2.480100e-01 1.859600e-01 -1.627100e-01 0 10 65 1.362800e+01 3.260000e+00 -1.524400e+03 2.871200e+03 0
-2.619200e-01 2.221200e-01 -1.651800e-01 0 11 65 1.313100e+01 3.260000e+00 -1063 2.294900e+03 0
-2.881200e-01 2.337700e-01 -1.659800e-01 0 12 65 1.269600e+01 3.260000e+00 -1.031300e+03 2.154700e+03 0
-3.077600e-01 2.806600e-01 -1.691800e-01 0 13 65 1.196700e+01 3.260000e+00 -7.108400e+02 1.770800e+03 0
-3.014900e-01 2.867000e-01 -1.696000e-01 0 14 65 1.143200e+01 3.260000e+00 -6.561800e+02 1.735100e+03 0
-1.298700e-01 2.737900e-01 -1.687100e-01 0 15 65 1.131100e+01 3.260000e+00 -2.447900e+02 1.858400e+03 0
3.536000e-01 3.280700e-01 -1.724200e-01 0 28 65 1.310700e+01 3.260000e+00 1.172600e+03 1.633400e+03 0
6.799100e-01 6.411300e-01 -1.938200e-01 0 29 65 1.466100e+01 3.260000e+00 1.288400e+03 9.519500e+02 0
6.725500e-01 7.376900e-01 -2.004200e-01 0 30 65 1.558600e+01 3.260000e+00 1.191300e+03 8.691200e+02 0
6.711800e-01 8.044700e-01 -2.049900e-01 0 31 65 1.572800e+01 3.260000e+00 1.143100e+03 8.251700e+02 0
6.766400e-01 8.327200e-01 -2.069200e-01 0 32 65 1.515900e+01 3.260000e+00 1.130700e+03 8.091100e+02 0
6.722700e-01 8.768300e-01 -2.099300e-01 0 33 65 1.357000e+01 3.260000e+00 1.102400e+03 7.861000e+02 0
7.235700e-01 9.025300e-01 -2.116900e-01 0 35 65 1.107500e+01 3.260000e+00 1.130800e+03 7.748100e+02 0
-8.212400e-01 8.900900e-01 -2.108400e-01 0 36 65 1.173900e+01 3.260000e+00 -5.455500e+01 7.540400e+02 0
-8.447100e-01 8.979400e-01 -2.113700e-01 0 37 65 1.217700e+01 3.260000e+00 -6.448700e+01 7.504300e+02 0
-8.782700e-01 8.705300e-01 -2.095000e-01 0 38 65 1.175200e+01 3.260000e+00 -1.144700e+02 7.614000e+02 0
-9.434700e-01 7.776300e-01 -2.031500e-01 0 39 65 1.039600e+01 3.260000e+00 -2.706500e+02 8.053800e+02 0
0 0 -1.500000e-01 3.204100e-02 1 66 1.560000e+01 3.260000e+00 2167 -3.612800e+03 0
-7.202900e-02 1.120500e-01 -1.576600e-01 3.204100e-02 5 66 1.416500e+01 3.260000e+00 -3.133400e+03 7.747500e+03 0
-1.585200e-01 1.859700e-01 -1.627100e-01 3.204100e-02 8 66 1.331600e+01 3.260000e+00 -1.095500e+03 2.935500e+03 0
-1.986300e-01 1.944000e-01 -1.632900e-01 3.204100e-02 9 66 1.262800e+01 3.260000e+00 -1.158700e+03 2.740200e+03 0
-2.480100e-01 1.872200e-01 -1.628000e-01 3.204100e-02 10 66 1.260300e+01 3.260000e+00 -1.501400e+03 2.845600e+03 0
-2.619200e-01 2.230500e-01 -1.652500e-01 3.204100e-02 11 66 1.214300e+01 3.260000e+00 -1.052600e+03 2.283800e+03 0
-2.881200e-01 2.359800e-01 -1.661300e-01 3.204100e-02 12 66 1.171300e+01 3.260000e+00 -1.009100e+03 2.132200e+03 0
-3.044900e-01 2.853000e-01 -1.695000e-01 3.204100e-02 13 66 1.102100e+01 3.260000e+00 -6.727500e+02 1.742900e+03 0
-3.050300e-01 2.913500e-01 -1.699100e-01 3.204100e-02 14 66 1.055800e+01 3.260000e+00 -6.378100e+02 1.707200e+03 0
-1.184100e-01 3.651000e-01 -1.749600e-01 3.204100e-02 15 66 1.034400e+01 3.260000e+00 6.922100e+01 1.410100e+03 0
3.536000e-01 3.584900e-01 -1.745000e-01 3.204100e-02 28 66 1.204900e+01 3.260000e+00 1.119200e+03 1.496200e+03 0
6.722700e-01 6.422800e-01 -1.939000e-01 3.204100e-02 29 66 1.362800e+01 3.260000e+00 1.277900e+03 9.505100e+02 0
6.725500e-01 7.346300e-01 -2.002100e-01 3.204100e-02 30 66 1.456200e+01 3.260000e+00 1.193700e+03 8.713600e+02 0
6.711800e-01 8.044200e-01 -2.049800e-01 3.204100e-02 31 66 1.469100e+01 3.260000e+00 1.143200e+03 8.252000e+02 0
6.766400e-01 8.354800e-01 -2.071100e-01 3.204100e-02 32 66 1.410200e+01 3.260000e+00 1.129100e+03 8.075900e+02 0
6.722700e-01 8.843500e-01 -2.104500e-01 3.204100e-02 33 66 1.243900e+01 3.260000e+00 1.098500e+03 7.824500e+02 0
-1.008400e+00 1.734200e-01 -1.618500e-01 3.204100e-02 34 66 1.012900e+01 3.260000e+00 -4.940600e+03 2.620700e+03 0
7.514000e-01 8.835600e-01 -2.103900e-01 3.204100e-02 35 66 1.017600e+01 3.260000e+00 1.164400e+03 7.843000e+02 0
-8.307900e-01 8.744700e-01 -2.097700e-01 3.204100e-02 36 66 1.043100e+01 3.260000e+00 -7.571500e+01 7.604900e+02 0
-8.545300e-01 8.966600e-01 -2.112900e-01 3.204100e-02 37 66 1.119100e+01 3.260000e+00 -7.267100e+01 7.508000e+02 0
-8.782700e-01 9.125900e-01 -2.123800e-01 3.204100e-02 38 66 1.085700e+01 3.260000e+00 -7.529600e+01 7.440600e+02 0
1.247400e+00 4.253600e+00 -4.407400e-01 -8.651100e-01 128 38 1.176000e+01 3.260000e+00 8.594400e+02 4.759400e+02 1
1.292200e+00 4.263300e+00 -4.414000e-01 -8.651100e-01 129 38 1.299800e+01 3.260000e+00 8.659700e+02 4.758200e+02 1
1.337500e+00 4.266700e+00 -4.416300e-01 -8.651100e-01 130 38 1.350200e+01 3.260000e+00 8.728400e+02 4.758100e+02 1
1.347800e+00 4.290800e+00 -4.432800e-01 -8.651100e-01 131 38 1.354200e+01 3.260000e+00 8.734100e+02 4.754000e+02 1
1.322400e+00 4.342400e+00 -4.468100e-01 -8.651100e-01 132 38 1.323900e+01 3.260000e+00 8.673600e+02 4.745000e+02 1
1.332500e+00 4.381200e+00 -4.494600e-01 -8.651100e-01 133 38 1.245500e+01 3.260000e+00 8.673000e+02 4.738600e+02 1
1.342600e+00 4.402600e+00 -4.509200e-01 -8.651100e-01 134 38 1.097900e+01 3.260000e+00 8.679500e+02 4.735200e+02 1
1.237600e+00 4.212900e+00 -4.379600e-01 -8.330700e-01 127 39 1.021500e+01 3.260000e+00 8.595400e+02 4.766500e+02 1
1.282100e+00 4.243000e+00 -4.400100e-01 -8.330700e-01 128 39 1.294000e+01 3.260000e+00 8.652500e+02 4.761600e+02 1
1.292200e+00 4.270400e+00 -4.418900e-01 -8.330700e-01 129 39 1.432200e+01 3.260000e+00 8.656800e+02 4.756900e+02 1
1.337500e+00 4.282700e+00 -4.427300e-01 -8.330700e-01 130 39 1.487200e+01 3.260000e+00 8.721600e+02 4.755300e+02 1
1.347800e+00 4.309700e+00 -4.445700e-01 -8.330700e-01 131 39 1.493500e+01 3.260000e+00 8.726000e+02 4.750800e+02 1
1.358200e+00 4.346000e+00 -4.470600e-01 -8.330700e-01 132 39 1.463800e+01 3.260000e+00 8.726400e+02 4.744700e+02 1
1.332500e+00 4.391300e+00 -4.501500e-01 -8.330700e-01 133 39 1.379200e+01 3.260000e+00 8.668900e+02 4.736900e+02 1
1.342600e+00 4.416900e+00 -4.519000e-01 -8.330700e-01 134 39 1.211700e+01 3.260000e+00 8.673700e+02 4.732900e+02 1
1.282100e+00 4.245900e+00 -4.402100e-01 -8.010300e-01 128 40 1.233700e+01 3.260000e+00 8.651300e+02 4.761100e+02 1
1.292200e+00 4.276800e+00 -4.423200e-01 -8.010300e-01 129 40 1.366200e+01 3.260000e+00 8.654200e+02 4.755900e+02 1
1.337500e+00 4.292500e+00 -4.434000e-01 -8.010300e-01 130 40 1.420400e+01 3.260000e+00 8.717400e+02 4.753600e+02 1
1.347800e+00 4.320800e+00 -4.453300e-01 -8.010300e-01 131 40 1.429500e+01 3.260000e+00 8.721300e+02 4.748900e+02 1
1.358200e+00 4.355700e+00 -4.477200e-01 -8.010300e-01 132 40 1.404300e+01 3.260000e+00 8.722300e+02 4.743100e+02 1
1.368600e+00 4.388400e+00 -4.499500e-01 -8.010300e-01 133 40 1.318900e+01 3.260000e+00 8.724200e+02 4.737800e+02 1
1.342600e+00 4.423300e+00 -4.523400e-01 -8.010300e-01 134 40 1.134800e+01 3.260000e+00 8.671100e+02 4.731800e+02 1
1.619000e+00 4.197200e+00 -4.368800e-01 -7.689800e-01 130 41 9.971000e+00 3.260000e+00 9.203400e+02 4.773400e+02 1
1.596100e+00 4.238200e+00 -4.396800e-01 -7.689800e-01 131 41 1.043600e+01 3.260000e+00 9.144900e+02 4.765800e+02 1
1.501200e+00 4.298200e+00 -4.437800e-01 -7.689800e-01 132 41 1.076100e+01 3.260000e+00 8.966800e+02 4.754300e+02 1
1.440600e+00 4.350300e+00 -4.473500e-01 -7.689800e-01 133 41 1.033900e+01 3.260000e+00 8.849700e+02 4.744800e+02 1
0 0 -1.500000e-01 -4.165300e-01 1 52 9.166700e+00 3.260000e+00 2167 -3.612800e+03 0
-4.561900e-01 1.246200e+00 -2.351800e-01 -4.165300e-01 39 52 1.001600e+01 3.260000e+00 3.577800e+02 6.531300e+02 0
-4.469100e-01 1.286600e+00 -2.379400e-01 -4.165300e-01 40 52 1.071200e+01 3.260000e+00 3.735700e+02 6.449900e+02 0
-4.583700e-01 1.319600e+00 -2.401900e-01 -4.165300e-01 41 52 1.051000e+01 3.260000e+00 3.762700e+02 6.385800e+02 0
-4.665500e-01 1.214600e+00 -2.330200e-01 -3.844900e-01 39 53 9.524900e+00 3.260000e+00 3.429900e+02 6.598600e+02 0
-4.575500e-01 1.276100e+00 -2.372300e-01 -3.844900e-01 40 53 1.027700e+01 3.260000e+00 3.653600e+02 6.469700e+02 0
-4.802000e-01 1.309700e+00 -2.395200e-01 -3.844900e-01 41 53 1.008300e+01 3.260000e+00 3.628600e+02 6.402600e+02 0
-6.384400e-01 1.185700e+00 -2.310500e-01 -3.204100e-01 40 55 1.021800e+01 3.260000e+00 2.393300e+02 6.647900e+02 0
-6.548100e-01 1.216800e+00 -2.331700e-01 -3.204100e-01 41 55 9.850500e+00 3.260000e+00 2.427200e+02 6.576800e+02 0
-6.703600e-01 1.146600e+00 -2.283700e-01 -2.883700e-01 40 56 1.016000e+01 3.260000e+00 205 6.738000e+02 0
-6.766400e-01 1.183400e+00 -2.308900e-01 -2.883700e-01 41 56 9.779700e+00 3.260000e+00 2.174600e+02 6.649600e+02 0
0 0 -1.500000e-01 -6.408200e-02 1 63 9.828300e+00 3.260000e+00 2167 -3.612800e+03 0
6.883700e-01 7.327900e-01 -2.000900e-01 -6.408200e-02 30 63 9.400400e+00 3.260000e+00 1.211400e+03 8.731500e+02 0
6.793700e-01 7.965800e-01 -2.044500e-01 -6.408200e-02 31 63 9.803500e+00 3.260000e+00 1.155800e+03 8.301200e+02 0
6.935500e-01 8.241300e-01 -2.063300e-01 -6.408200e-02 32 63 9.601600e+00 3.260000e+00 1151 8.142600e+02 0
0 0 -1.500000e-01 -3.204100e-02 1 64 1.560100e+01 3.260000e+00 2167 -3.612800e+03 0
-7.093800e-02 1.123900e-01 -1.576800e-01 -3.204100e-02 5 64 1.415600e+01 3.260000e+00 -3088 7693 0
-1.585200e-01 1.860900e-01 -1.627200e-01 -3.204100e-02 8 64 1.330800e+01 3.260000e+00 -1.093700e+03 2.932900e+03 0
-1.986300e-01 1.931000e-01 -1.632000e-01 -3.204100e-02 9 64 1.259100e+01 3.260000e+00 -1.177900e+03 2.764300e+03 0
-2.480100e-01 1.850500e-01 -1.626500e-01 -3.204100e-02 10 64 1.260800e+01 3.260000e+00 -1.541300e+03 2.889900e+03 0
-2.619200e-01 2.208300e-01 -1.650900e-01 -3.204100e-02 11 64 1.216100e+01 3.260000e+00 -1.077600e+03 2.310700e+03 0
-2.851200e-01 2.336200e-01 -1.659700e-01 -3.204100e-02 12 64 1.165500e+01 3.260000e+00 -1.022700e+03 2.157400e+03 0
-3.044900e-01 2.817600e-01 -1.692600e-01 -3.204100e-02 13 64 1.084900e+01 3.260000e+00 -6.949100e+02 1.764600e+03 0
-2.979400e-01 2.834000e-01 -1.693700e-01 -3.204100e-02 14 64 1.042500e+01 3.260000e+00 -6.669400e+02 1.755900e+03 0
3.536000e-01 2.699300e-01 -1.684500e-01 -3.204100e-02 28 64 1.211700e+01 3.260000e+00 1.323800e+03 2.021900e+03 0
6.799100e-01 6.455800e-01 -1.941300e-01 -3.204100e-02 29 64 1.365300e+01 3.260000e+00 1.283500e+03 9.475100e+02 0
6.725500e-01 7.406300e-01 -2.006200e-01 -3.204100e-02 30 64 1.456900e+01 3.260000e+00 1189 867 0
6.793700e-01 7.974600e-01 -2.045100e-01 -3.204100e-02 31 64 1.471700e+01 3.260000e+00 1.155200e+03 8.295800e+02 0
6.766400e-01 8.315900e-01 -2.068400e-01 -3.204100e-02 32 64 1.415700e+01 3.260000e+00 1.131400e+03 8.097300e+02 0
6.722700e-01 8.767900e-01 -2.099300e-01 -3.204100e-02 33 64 1.260800e+01 3.260000e+00 1.102400e+03 7.861200e+02 0
6.957400e-01 9.383400e-01 -2.141400e-01 -3.204100e-02 35 64 1.000300e+01 3.260000e+00 1.090700e+03 7.585300e+02 0
-8.212400e-01 8.883700e-01 -2.107200e-01 -3.204100e-02 36 64 1.081500e+01 3.260000e+00 -5.608400e+01 7.547500e+02 0
-8.545300e-01 8.788600e-01 -2.100700e-01 -3.204100e-02 37 64 1.114400e+01 3.260000e+00 -8.904400e+01 7.582200e+02 0
-8.984600e-01 8.137100e-01 -2.056200e-01 -3.204100e-02 38 64 1.065100e+01 3.260000e+00 -1.901200e+02 7.874500e+02 0
