0 0 -1.500000e-01 0 1 65 1.661600e+01 3.220000e+00 2167 -3.612800e+03 0
-7.093800e-02 1.130800e-01 -1.576300e-01 0 5 65 1.516900e+01 3.220000e+00 -3.024200e+03 7.568700e+03 0
-1.585200e-01 1.860900e-01 -1.625600e-01 0 8 65 1.432800e+01 3.220000e+00 -1.093600e+03 2932 0
-2.008100e-01 1.907200e-01 -1.628800e-01 0 9 65 1.366700e+01 3.220000e+00 -1224 2.807500e+03 0
-2.480100e-01 1.862400e-01 -1.625700e-01 0 10 65 1.364600e+01 3.220000e+00 -1.519200e+03 2.864500e+03 0
-2.619200e-01 2.228700e-01 -1.650500e-01 0 11 65 1.308200e+01 3.220000e+00 -1.054500e+03 2.285100e+03 0
-2.881200e-01 2.349000e-01 -1.658600e-01 0 12 65 1.268500e+01 3.220000e+00 -1.019900e+03 2.142400e+03 0
-3.044900e-01 2.838000e-01 -1.691600e-01 0 13 65 1.189000e+01 3.220000e+00 -6.820100e+02 1.751300e+03 0
-3.085800e-01 2.976500e-01 -1.700900e-01 0 14 65 1.145700e+01 3.220000e+00 -6.108500e+02 1.670600e+03 0
-1.222300e-01 3.652900e-01 -1.746600e-01 0 15 65 1.117000e+01 3.220000e+00 6.168600e+01 1.408400e+03 0
3.536000e-01 3.368900e-01 -1.727400e-01 0 28 65 1.308300e+01 3.220000e+00 1.155800e+03 1.589500e+03 0
6.799100e-01 6.381100e-01 -1.930800e-01 0 29 65 1.465600e+01 3.220000e+00 1.291600e+03 9.543800e+02 0
6.725500e-01 7.365900e-01 -1.997300e-01 0 30 65 1.558600e+01 3.220000e+00 1.192100e+03 8.693200e+02 0
6.793700e-01 7.975500e-01 -2.038400e-01 0 31 65 1.574700e+01 3.220000e+00 1.155100e+03 8.289200e+02 0
6.766400e-01 8.311200e-01 -2.061100e-01 0 32 65 1.523000e+01 3.220000e+00 1.131600e+03 8.093900e+02 0
6.810000e-01 8.662300e-01 -2.084800e-01 0 33 65 1.378500e+01 3.220000e+00 1.115400e+03 7.909400e+02 0
-9.724000e-01 3.202000e-01 -1.716200e-01 0 34 65 1.063300e+01 3.220000e+00 -1916 1.462500e+03 0
7.235700e-01 9.101900e-01 -2.114500e-01 0 35 65 1.098300e+01 3.220000e+00 1.126600e+03 7.707100e+02 0
-8.403400e-01 8.566800e-01 -2.078300e-01 0 36 65 1.184900e+01 3.220000e+00 -9.977200e+01 7.676000e+02 0
-8.545300e-01 8.716000e-01 -2.088400e-01 0 37 65 1.223400e+01 3.220000e+00 -9.589900e+01 7.607700e+02 0
-8.782700e-01 8.397600e-01 -2.066900e-01 0 38 65 1.179500e+01 3.220000e+00 -1.457300e+02 7.746800e+02 0
-9.331100e-01 6.198100e-01 -1.918400e-01 0 39 65 1.031100e+01 3.220000e+00 -5.235600e+02 9.149800e+02 0
0 0 -1.500000e-01 3.204100e-02 1 66 1.561900e+01 3.220000e+00 2167 -3.612800e+03 0
-7.202900e-02 1.125200e-01 -1.576000e-01 3.204100e-02 5 66 1.415400e+01 3.220000e+00 -3.089200e+03 7.661100e+03 0
-1.585200e-01 1.860700e-01 -1.625600e-01 3.204100e-02 8 66 1.328300e+01 3.220000e+00 -1.093900e+03 2.932500e+03 0
-2.008100e-01 1.908300e-01 -1.628800e-01 3.204100e-02 9 66 1.262800e+01 3.220000e+00 -1.222300e+03 2.805400e+03 0
-2.480100e-01 1.867800e-01 -1.626100e-01 3.204100e-02 10 66 1.264700e+01 3.220000e+00 -1.509200e+03 2.853400e+03 0
-2.619200e-01 2.234100e-01 -1.650800e-01 3.204100e-02 11 66 1.218800e+01 3.220000e+00 -1.048500e+03 2.278700e+03 0
-2.881200e-01 2.358900e-01 -1.659300e-01 3.204100e-02 12 66 1.164600e+01 3.220000e+00 -1010 2.132300e+03 0
-3.012100e-01 2.877300e-01 -1.694200e-01 3.204100e-02 13 66 1.081100e+01 3.220000e+00 -6.492000e+02 1.728300e+03 0
-4.149900e-01 1.724800e-01 -1.616400e-01 3.204100e-02 14 66 1.052600e+01 3.220000e+00 -2.625200e+03 3.040600e+03 0
3.683300e-01 2.729100e-01 -1.684200e-01 3.204100e-02 28 66 12 3.220000e+00 1.365600e+03 1.999700e+03 0
6.799100e-01 6.319400e-01 -1.926600e-01 3.204100e-02 29 66 1.364000e+01 3.220000e+00 1.298500e+03 9.607300e+02 0
6.725500e-01 7.339200e-01 -1.995500e-01 3.204100e-02 30 66 1.458900e+01 3.220000e+00 1.194200e+03 8.712600e+02 0
6.711800e-01 8.044800e-01 -2.043100e-01 3.204100e-02 31 66 1.474500e+01 3.220000e+00 1.143100e+03 8.245700e+02 0
6.766400e-01 8.321600e-01 -2.061800e-01 3.204100e-02 32 66 1.421200e+01 3.220000e+00 1131 8.088200e+02 0
6.810000e-01 8.670000e-01 -2.085300e-01 3.204100e-02 33 66 1.272400e+01 3.220000e+00 1.114900e+03 7.905500e+02 0
-9.633900e-01 2.035000e-01 -1.637400e-01 3.204100e-02 34 66 9.991300e+00 3.220000e+00 -3.768200e+03 2.228900e+03 0
6.864600e-01 9.148600e-01 -2.117600e-01 3.204100e-02 35 66 9.996300e+00 3.220000e+00 1.094700e+03 7.679700e+02 0
-8.403400e-01 8.499000e-01 -2.073800e-01 3.204100e-02 36 66 1.079100e+01 3.220000e+00 -1.064600e+02 7.706800e+02 0
-8.643500e-01 8.614000e-01 -2.081500e-01 3.204100e-02 37 66 1.112400e+01 3.220000e+00 -1.131100e+02 7.650800e+02 0
-8.883600e-01 8.362900e-01 -2.064600e-01 3.204100e-02 38 66 1.053400e+01 3.220000e+00 -1.571500e+02 7.761300e+02 0
2.226400e-01 2.357000e+00 -3.091200e-01 -9.932700e-01 69 34 1.050500e+01 3.220000e+00 7.083200e+02 5.338100e+02 1
2.444600e-01 2.220700e+00 -2.999200e-01 -9.612300e-01 65 35 1.012400e+01 3.220000e+00 7.157300e+02 5.422000e+02 1
2.482800e-01 2.252100e+00 -3.020400e-01 -9.612300e-01 66 35 1.273800e+01 3.220000e+00 7.165400e+02 5.402100e+02 1
2.341000e-01 2.282600e+00 -3.041000e-01 -9.612300e-01 67 35 1.420200e+01 3.220000e+00 7.121200e+02 5.382600e+02 1
2.376400e-01 2.310700e+00 -3.059900e-01 -9.612300e-01 68 35 1.461100e+01 3.220000e+00 7.129000e+02 5.365700e+02 1
2.597400e-01 2.334400e+00 -3.076000e-01 -9.612300e-01 69 35 1.390900e+01 3.220000e+00 7.189500e+02 5.352200e+02 1
2.635600e-01 2.383600e+00 -3.109200e-01 -9.612300e-01 70 35 1.335900e+01 3.220000e+00 7.194800e+02 5.324100e+02 1
2.482800e-01 2.413900e+00 -3.129600e-01 -9.612300e-01 71 35 1.329900e+01 3.220000e+00 7.149700e+02 5.306900e+02 1
2.324600e-01 2.439900e+00 -3.147200e-01 -9.612300e-01 72 35 1.193600e+01 3.220000e+00 7.104700e+02 5.292400e+02 1
2.619200e-01 2.213300e+00 -2.994200e-01 -9.291900e-01 65 36 1.104200e+01 3.220000e+00 7.210300e+02 5.427400e+02 1
2.482800e-01 2.251600e+00 -3.020100e-01 -9.291900e-01 66 36 1.401600e+01 3.220000e+00 7.165400e+02 5.402300e+02 1
2.341000e-01 2.283700e+00 -3.041700e-01 -9.291900e-01 67 36 1.560200e+01 3.220000e+00 7.121100e+02 5.381900e+02 1
2.376400e-01 2.311600e+00 -3.060600e-01 -9.291900e-01 68 36 1.599100e+01 3.220000e+00 7.129000e+02 5.365100e+02 1
2.411900e-01 2.324900e+00 -3.069600e-01 -9.291900e-01 69 36 1.481700e+01 3.220000e+00 7.137900e+02 5.357300e+02 1
2.635600e-01 2.393200e+00 -3.115600e-01 -9.291900e-01 70 36 1.423900e+01 3.220000e+00 7.193700e+02 5.318700e+02 1
2.482800e-01 2.419500e+00 -3.133400e-01 -9.291900e-01 71 36 1.459100e+01 3.220000e+00 7.149200e+02 5.303800e+02 1
2.324600e-01 2.446800e+00 -3.151900e-01 -9.291900e-01 72 36 1.296600e+01 3.220000e+00 7.104200e+02 5.288700e+02 1
2.619200e-01 2.214300e+00 -2.994900e-01 -8.971500e-01 65 37 1.036600e+01 3.220000e+00 7.210200e+02 5.426800e+02 1
2.482800e-01 2.252500e+00 -3.020700e-01 -8.971500e-01 66 37 1.352600e+01 3.220000e+00 7.165300e+02 5.401800e+02 1
2.341000e-01 2.285100e+00 -3.042700e-01 -8.971500e-01 67 37 1.511700e+01 3.220000e+00 7.121000e+02 5.381100e+02 1
2.376400e-01 2.314200e+00 -3.062300e-01 -8.971500e-01 68 37 1.552700e+01 3.220000e+00 7.128700e+02 5.363600e+02 1
2.226400e-01 2.340000e+00 -3.079800e-01 -8.971500e-01 69 37 1.452300e+01 3.220000e+00 7.084300e+02 5.347900e+02 1
2.447400e-01 2.396600e+00 -3.118000e-01 -8.971500e-01 70 37 1.369800e+01 3.220000e+00 7.141500e+02 5.316300e+02 1
2.482800e-01 2.421900e+00 -3.135100e-01 -8.971500e-01 71 37 1.404100e+01 3.220000e+00 7.149000e+02 5.302500e+02 1
2.324600e-01 2.444600e+00 -3.150400e-01 -8.971500e-01 72 37 1.247300e+01 3.220000e+00 7.104400e+02 5.289800e+02 1
1.950800e-01 2.260600e+00 -3.026100e-01 -8.651100e-01 66 38 1.119900e+01 3.220000e+00 7.009100e+02 5.395100e+02 1
2.160900e-01 2.287700e+00 -3.044500e-01 -8.651100e-01 67 38 1.217500e+01 3.220000e+00 7.068800e+02 5.378900e+02 1
2.376400e-01 2.319300e+00 -3.065800e-01 -8.651100e-01 68 38 1.264200e+01 3.220000e+00 7.128300e+02 5.360500e+02 1
2.411900e-01 2.352800e+00 -3.088400e-01 -8.651100e-01 69 38 1.253500e+01 3.220000e+00 7.135500e+02 5.341000e+02 1
2.447400e-01 2.391600e+00 -3.114600e-01 -8.651100e-01 70 38 1.143800e+01 3.220000e+00 7.142000e+02 5.319100e+02 1
2.291800e-01 2.404100e+00 -3.123000e-01 -8.651100e-01 71 38 1.106700e+01 3.220000e+00 7.098200e+02 5.311700e+02 1
1.743400e-01 2.409900e+00 -3.126900e-01 -8.651100e-01 72 38 1.025800e+01 3.220000e+00 6.948000e+02 5.307100e+02 1
0 0 -1.500000e-01 -3.204100e-02 1 64 1.559200e+01 3.220000e+00 2167 -3.612800e+03 0
-7.093800e-02 1.128300e-01 -1.576200e-01 -3.204100e-02 5 64 1.414400e+01 3.220000e+00 -3.047400e+03 7.613300e+03 0
-1.585200e-01 1.861000e-01 -1.625600e-01 -3.204100e-02 8 64 1.332800e+01 3.220000e+00 -1.093400e+03 2.931700e+03 0
-1.986300e-01 1.928800e-01 -1.630200e-01 -3.204100e-02 9 64 1.267700e+01 3.220000e+00 -1181 2.767500e+03 0
-2.480100e-01 1.859000e-01 -1.625500e-01 -3.204100e-02 10 64 1.262700e+01 3.220000e+00 -1.525500e+03 2.871500e+03 0
-2.592000e-01 2.272200e-01 -1.653400e-01 -3.204100e-02 11 64 1.199400e+01 3.220000e+00 -9.977700e+02 2.235600e+03 0
-2.851200e-01 2.398500e-01 -1.661900e-01 -3.204100e-02 12 64 1.168100e+01 3.220000e+00 -9.616200e+02 2.094300e+03 0
-3.044900e-01 2.838700e-01 -1.691600e-01 -3.204100e-02 13 64 1.091600e+01 3.220000e+00 -6.815800e+02 1.750900e+03 0
-3.156700e-01 2.962700e-01 -1.700000e-01 -3.204100e-02 14 64 1.044500e+01 3.220000e+00 -6.366400e+02 1.676800e+03 0
-1.184100e-01 3.901100e-01 -1.763400e-01 -3.204100e-02 15 64 1.024000e+01 3.220000e+00 1.180400e+02 1.330800e+03 0
3.536000e-01 3.689600e-01 -1.749100e-01 -3.204100e-02 28 64 1.204500e+01 3.220000e+00 1.103500e+03 1.455100e+03 0
6.799100e-01 6.432100e-01 -1.934200e-01 -3.204100e-02 29 64 1.363200e+01 3.220000e+00 1.286100e+03 9.492300e+02 0
6.725500e-01 7.392700e-01 -1.999100e-01 -3.204100e-02 30 64 1.456400e+01 3.220000e+00 1.190100e+03 8.673700e+02 0
6.793700e-01 7.973800e-01 -2.038300e-01 -3.204100e-02 31 64 1.473400e+01 3.220000e+00 1.155300e+03 8.290200e+02 0
6.766400e-01 8.298000e-01 -2.060200e-01 -3.204100e-02 32 64 1.422000e+01 3.220000e+00 1.132400e+03 8.101200e+02 0
6.810000e-01 8.658400e-01 -2.084500e-01 -3.204100e-02 33 64 1.277200e+01 3.220000e+00 1.115600e+03 7.911400e+02 0
7.792300e-01 8.870200e-01 -2.098800e-01 -3.204100e-02 35 64 9.958500e+00 3.220000e+00 1.185400e+03 7.825500e+02 0
-8.403400e-01 8.480500e-01 -2.072500e-01 -3.204100e-02 36 64 1.077300e+01 3.220000e+00 -1.083100e+02 7.715200e+02 0
-8.447100e-01 8.795300e-01 -2.093800e-01 -3.204100e-02 37 64 1.128000e+01 3.220000e+00 -8.120700e+01 7.575400e+02 0
-8.681700e-01 8.604500e-01 -2.080900e-01 -3.204100e-02 38 64 1.095300e+01 3.220000e+00 -1.169000e+02 7.654300e+02 0
