0 0 -1.500000e-01 0 1 65 1.662600e+01 1.530000e+00 2167 -3.612800e+03 0
-7.093800e-02 1.130400e-01 -1.536200e-01 0 5 65 1.518700e+01 1.530000e+00 -3.013900e+03 7488 0
-1.585200e-01 1.859900e-01 -1.559600e-01 0 8 65 1.432400e+01 1.530000e+00 -1.091300e+03 2.893600e+03 0
-2.008100e-01 1.919500e-01 -1.561500e-01 0 9 65 1.366300e+01 1.530000e+00 -1.201100e+03 2.744800e+03 0
-2.480100e-01 1.867400e-01 -1.559900e-01 0 10 65 1.365300e+01 1.530000e+00 -1.505400e+03 2.815300e+03 0
-2.619200e-01 2.219400e-01 -1.571100e-01 0 11 65 1.316700e+01 1.530000e+00 -1.061600e+03 2.261500e+03 0
-2.881200e-01 2.308700e-01 -1.574000e-01 0 12 65 1.273200e+01 1.530000e+00 -1.058200e+03 2.150700e+03 0
-3.044900e-01 2.794200e-01 -1.589600e-01 0 13 65 1.196300e+01 1.530000e+00 -7.076400e+02 1.747900e+03 0
-4.327200e-01 4.572200e-02 -1.514700e-01 0 14 65 1.137800e+01 1.530000e+00 28722 -21140 0
-1.222300e-01 3.984200e-01 -1.627700e-01 0 15 65 1.125200e+01 1.530000e+00 1.260900e+02 1279 0
3.609700e-01 3.582500e-01 -1.614800e-01 0 28 65 1.312400e+01 1.530000e+00 1.135900e+03 1.466800e+03 0
6.799100e-01 6.353900e-01 -1.703700e-01 0 29 65 1.465600e+01 1.530000e+00 1.293200e+03 9.306000e+02 0
6.725500e-01 7.356900e-01 -1.735800e-01 0 30 65 1.560900e+01 1.530000e+00 1.191600e+03 8.442000e+02 0
6.711800e-01 8.044700e-01 -1.757800e-01 0 31 65 1.578100e+01 1.530000e+00 1142 7.992100e+02 0
6.766400e-01 8.313400e-01 -1.766500e-01 0 32 65 1.526600e+01 1.530000e+00 1.130400e+03 7.840400e+02 0
6.810000e-01 8.631700e-01 -1.776700e-01 0 33 65 1.380800e+01 1.530000e+00 1116 7.674000e+02 0
-9.740300e-01 6.063500e-01 -1.694300e-01 0 35 65 1.070000e+01 1.530000e+00 -5.939500e+02 9.016800e+02 0
-8.403400e-01 8.724500e-01 -1.779600e-01 0 36 65 1.179300e+01 1.530000e+00 -8.372900e+01 7.371900e+02 0
-8.545300e-01 8.741000e-01 -1.780200e-01 0 37 65 1.225700e+01 1.530000e+00 -9.261400e+01 7.362600e+02 0
-8.782700e-01 8.383300e-01 -1.768700e-01 0 38 65 1.191300e+01 1.530000e+00 -1.462500e+02 7.518600e+02 0
-9.123700e-01 7.592800e-01 -1.743400e-01 0 39 65 1.062900e+01 1.530000e+00 -2.679100e+02 7.921300e+02 0
0 0 -1.500000e-01 3.204100e-02 1 66 1.563200e+01 1.530000e+00 2167 -3.612800e+03 0
-7.202900e-02 1.128400e-01 -1.536200e-01 3.204100e-02 5 66 1.417300e+01 1.530000e+00 -3.044700e+03 7.514900e+03 0
-1.585200e-01 1.857800e-01 -1.559500e-01 3.204100e-02 8 66 1.327600e+01 1.530000e+00 -1.094500e+03 2.898200e+03 0
-2.008100e-01 1.928500e-01 -1.561800e-01 3.204100e-02 9 66 1.267100e+01 1.530000e+00 -1.187500e+03 2.727800e+03 0
-2.480100e-01 1.872000e-01 -1.560000e-01 3.204100e-02 10 66 1.263100e+01 1.530000e+00 -1.497100e+03 2.806100e+03 0
-2.619200e-01 2.221300e-01 -1.571200e-01 3.204100e-02 11 66 1.210000e+01 1.530000e+00 -1.059400e+03 2.259200e+03 0
-2.881200e-01 2.299500e-01 -1.573700e-01 3.204100e-02 12 66 1.170100e+01 1.530000e+00 -1.067800e+03 2.160500e+03 0
-3.012100e-01 2.812100e-01 -1.590100e-01 3.204100e-02 13 66 1.085700e+01 1.530000e+00 -6.872600e+02 1.737400e+03 0
3.609700e-01 4.050900e-01 -1.629800e-01 3.204100e-02 28 66 1.214000e+01 1.530000e+00 1071 1.307500e+03 0
6.722700e-01 6.331300e-01 -1.702900e-01 3.204100e-02 29 66 1.363000e+01 1.530000e+00 1.286400e+03 9.326400e+02 0
6.725500e-01 7.317000e-01 -1.734500e-01 3.204100e-02 30 66 1.460200e+01 1.530000e+00 1.194700e+03 8.471100e+02 0
6.711800e-01 8.044000e-01 -1.757800e-01 3.204100e-02 31 66 1.478200e+01 1.530000e+00 1142 7.992500e+02 0
6.766400e-01 8.325500e-01 -1.766800e-01 3.204100e-02 32 66 1.428200e+01 1.530000e+00 1.129700e+03 7.833800e+02 0
6.810000e-01 8.637000e-01 -1.776800e-01 3.204100e-02 33 66 1.283800e+01 1.530000e+00 1.115700e+03 7.671400e+02 0
-8.498900e-01 8.665800e-01 -1.777800e-01 3.204100e-02 36 66 1.088300e+01 1.530000e+00 -9.637000e+01 7.395800e+02 0
-8.643500e-01 8.730900e-01 -1.779800e-01 3.204100e-02 37 66 1.122800e+01 1.530000e+00 -1.007900e+02 7.365300e+02 0
-8.782700e-01 8.740800e-01 -1.780200e-01 3.204100e-02 38 66 1.084500e+01 1.530000e+00 -1.100500e+02 7.358900e+02 0
3.894500e+00 4.955000e+00 -3.088200e-01 -7.049000e-01 184 43 1.046600e+01 1.530000e+00 1.191400e+03 4.444000e+02 1
3.865600e+00 5.070300e+00 -3.125100e-01 -7.049000e-01 185 43 1.141300e+01 1.530000e+00 1.175800e+03 4.428800e+02 1
3.886600e+00 5.134700e+00 -3.145800e-01 -7.049000e-01 186 43 1.138300e+01 1.530000e+00 1.172300e+03 4.420900e+02 1
3.704600e+00 5.335800e+00 -3.210200e-01 -7.049000e-01 187 43 1.051900e+01 1.530000e+00 1.130500e+03 4.396000e+02 1
-5.456800e-02 1.379300e+00 -1.942100e-01 -6.728600e-01 41 44 9.991100e+00 1.530000e+00 5.838600e+02 6.070600e+02 0
-6.711800e-02 1.402200e+00 -1.949400e-01 -6.728600e-01 42 44 1.004900e+01 1.530000e+00 5.797900e+02 6.031000e+02 0
3.894500e+00 5.022700e+00 -3.109900e-01 -6.728600e-01 184 44 1.169500e+01 1.530000e+00 1.184500e+03 4.435100e+02 1
3.915800e+00 5.057900e+00 -3.121100e-01 -6.728600e-01 185 44 1.263700e+01 1.530000e+00 1.183800e+03 4.430700e+02 1
3.937100e+00 5.102700e+00 -3.135500e-01 -6.728600e-01 186 44 1.257600e+01 1.530000e+00 1.182100e+03 4.425200e+02 1
3.856800e+00 5.225400e+00 -3.174800e-01 -6.728600e-01 187 44 1.164900e+01 1.530000e+00 1.159800e+03 4.409800e+02 1
3.775500e+00 5.327500e+00 -3.207600e-01 -6.728600e-01 188 44 1.013400e+01 1.530000e+00 1.140200e+03 4.397400e+02 1
0 0 -1.500000e-01 -6.408200e-01 1 45 9.399200e+00 1.530000e+00 2167 -3.612800e+03 0
6.752700e-01 1.364300e+00 -1.937300e-01 -6.408200e-01 46 45 1.020000e+01 1.530000e+00 9.461200e+02 6.147400e+02 0
3.894500e+00 4.991900e+00 -3.100000e-01 -6.408200e-01 184 45 1.111100e+01 1.530000e+00 1.187600e+03 4.439100e+02 1
3.915800e+00 5.050900e+00 -3.118900e-01 -6.408200e-01 185 45 1.195300e+01 1.530000e+00 1.184500e+03 4.431600e+02 1
3.987500e+00 5.067300e+00 -3.124200e-01 -6.408200e-01 186 45 1.179500e+01 1.530000e+00 1.192400e+03 443 1
3.907600e+00 5.188500e+00 -3.163000e-01 -6.408200e-01 187 45 1.066000e+01 1.530000e+00 1.169800e+03 4.414500e+02 1
-1.130600e+00 1.482700e+00 -1.975200e-01 -6.087800e-01 57 46 1.043700e+01 1.530000e+00 1.219800e+02 5.844500e+02 0
-1.042000e+00 1.680400e+00 -2.038600e-01 -6.087800e-01 58 46 1.087600e+01 1.530000e+00 2.240900e+02 5.604200e+02 1
-1.012800e+00 1.746000e+00 -2.059600e-01 -6.087800e-01 59 46 1.095300e+01 1.530000e+00 2.527600e+02 5.536500e+02 1
-1.062400e+00 1.732700e+00 -2.055400e-01 -6.087800e-01 60 46 1.069300e+01 1.530000e+00 2.311100e+02 5.548100e+02 1
-8.458000e-01 1.661600e+00 -2.032600e-01 -6.087800e-01 63 46 1.009600e+01 1.530000e+00 2.938300e+02 5.633700e+02 1
-1.095400e+00 1.300800e+00 -1.916900e-01 -5.767400e-01 56 47 1.055600e+01 1.530000e+00 5.682900e+01 6.139100e+02 0
-1.084800e+00 1.475400e+00 -1.972900e-01 -5.767400e-01 57 47 1.144600e+01 1.530000e+00 1.387200e+02 5.857300e+02 0
-1.026400e+00 1.684200e+00 -2.039800e-01 -5.767400e-01 58 47 1.176300e+01 1.530000e+00 2.310600e+02 5.600700e+02 1
-9.969500e-01 1.756900e+00 -2.063100e-01 -5.767400e-01 59 47 1.183800e+01 1.530000e+00 2.612800e+02 5.526200e+02 1
-1.030200e+00 1.750900e+00 -2.061200e-01 -5.767400e-01 60 47 1.157400e+01 1.530000e+00 2.477000e+02 5.530900e+02 1
-1.178700e+00 1.534600e+00 -1.991900e-01 -5.767400e-01 61 47 1.042000e+01 1.530000e+00 1.220200e+02 5.771700e+02 0
-8.654400e-01 1.894400e+00 -2.107200e-01 -5.767400e-01 62 47 1.143700e+01 1.530000e+00 3.375700e+02 5.403800e+02 1
-9.134600e-01 1.838200e+00 -2.089200e-01 -5.767400e-01 63 47 1.163200e+01 1.530000e+00 3.097300e+02 5.451900e+02 1
-9.110100e-01 1.779500e+00 -2.070400e-01 -5.767400e-01 64 47 1.087600e+01 1.530000e+00 2.976300e+02 5.507400e+02 1
-1.100100e+00 1.934100e+00 -2.119900e-01 -5.767400e-01 65 47 1.033700e+01 1.530000e+00 2.679200e+02 5.362500e+02 1
0 0 -1.500000e-01 -5.447000e-01 1 48 9.678500e+00 1.530000e+00 2167 -3.612800e+03 0
-1.065400e+00 1.307900e+00 -1.919200e-01 -5.447000e-01 56 48 1.009200e+01 1.530000e+00 7.489100e+01 6.128300e+02 0
-1.069500e+00 1.423200e+00 -1.956200e-01 -5.447000e-01 57 48 1.069000e+01 1.530000e+00 1.245900e+02 5.935300e+02 0
-1.010900e+00 1.674500e+00 -2.036700e-01 -5.447000e-01 58 48 1.069000e+01 1.530000e+00 2.341900e+02 5.612000e+02 1
-9.811300e-01 1.763700e+00 -2.065300e-01 -5.447000e-01 59 48 1.063600e+01 1.530000e+00 2.686900e+02 5.520100e+02 1
-9.658500e-01 1.777600e+00 -2.069700e-01 -5.447000e-01 60 48 1.050700e+01 1.530000e+00 2.775500e+02 5.507100e+02 1
-9.822200e-01 1.785500e+00 -2.072300e-01 -5.447000e-01 61 48 1.014400e+01 1.530000e+00 2.736200e+02 5.498700e+02 1
-9.320200e-01 1.868700e+00 -2.098900e-01 -5.447000e-01 62 48 1.081100e+01 1.530000e+00 3.098200e+02 5.423800e+02 1
-9.642100e-01 1.844500e+00 -2.091200e-01 -5.447000e-01 63 48 1.097800e+01 1.530000e+00 2.935700e+02 5.444200e+02 1
-9.797600e-01 1.769000e+00 -2.067000e-01 -5.447000e-01 64 48 1.025600e+01 1.530000e+00 2.704900e+02 5.514900e+02 1
0 0 -1.500000e-01 -5.126600e-01 1 49 9.359200e+00 1.530000e+00 2167 -3.612800e+03 0
-6.256700e+00 6.143100e+00 -3.469000e-01 -5.126600e-01 253 49 1.065500e+01 1.530000e+00 4.334100e+01 4.272000e+02 1
-6.350600e+00 6.103600e+00 -3.456300e-01 -5.126600e-01 254 49 1.186600e+01 1.530000e+00 2.999900e+01 4.274500e+02 1
-6.445000e+00 6.077200e+00 -3.447900e-01 -5.126600e-01 255 49 1.213600e+01 1.530000e+00 1.787900e+01 4.276100e+02 1
-6.539900e+00 6.043400e+00 -3.437000e-01 -5.126600e-01 256 49 1.154900e+01 1.530000e+00 4.785100e+00 4.278200e+02 1
-6.495700e+00 6.131100e+00 -3.465100e-01 -5.126600e-01 257 49 1.100700e+01 1.530000e+00 1.873000e+01 4.271900e+02 1
-3.331400e-01 1.113300e+00 -1.856800e-01 -4.806200e-01 38 50 9.611200e+00 1.530000e+00 3.886000e+02 6.619100e+02 0
-3.421400e-01 1.182200e+00 -1.878900e-01 -4.806200e-01 39 50 9.985400e+00 1.530000e+00 4.023500e+02 6.445600e+02 0
-3.405000e-01 1.235200e+00 -1.895900e-01 -4.806200e-01 40 50 9.699600e+00 1.530000e+00 4.164000e+02 6.326700e+02 0
-6.119200e+00 6.270000e+00 -3.509600e-01 -4.806200e-01 253 50 1.208800e+01 1.530000e+00 6.940600e+01 4.263500e+02 1
-6.281600e+00 6.170600e+00 -3.477800e-01 -4.806200e-01 254 50 1.344000e+01 1.530000e+00 4.375700e+01 4.269900e+02 1
-6.445000e+00 6.067800e+00 -3.444800e-01 -4.806200e-01 255 50 1.363900e+01 1.530000e+00 1.685500e+01 4.276800e+02 1
-6.609500e+00 5.927800e+00 -3.400000e-01 -4.806200e-01 256 50 1.274800e+01 1.530000e+00 -1.532800e+01 4.286700e+02 0
-6.495700e+00 6.097400e+00 -3.454300e-01 -4.806200e-01 257 50 1.249300e+01 1.530000e+00 1.508300e+01 4.274300e+02 1
-6.591200e+00 6.080100e+00 -3.448800e-01 -4.806200e-01 258 50 1.165000e+01 1.530000e+00 3.807400e+00 4.275200e+02 1
-3.533300e-01 1.083900e+00 -1.847400e-01 -4.485700e-01 38 51 9.794200e+00 1.530000e+00 3.674900e+02 6.697600e+02 0
-3.628700e-01 1.202900e+00 -1.885600e-01 -4.485700e-01 39 51 9.987600e+00 1.530000e+00 3.962800e+02 6.395900e+02 0
-6.050500e+00 6.353600e+00 -3.536400e-01 -4.485700e-01 253 51 1.160000e+01 1.530000e+00 8.397400e+01 4.258000e+02 1
-6.281600e+00 6.171900e+00 -3.478200e-01 -4.485700e-01 254 51 1.294000e+01 1.530000e+00 4.389500e+01 4.269800e+02 1
-6.514300e+00 5.991400e+00 -3.420300e-01 -4.485700e-01 255 51 1.305900e+01 1.530000e+00 1.502800e+00 4.282200e+02 1
-6.679100e+00 5.804400e+00 -3.360400e-01 -4.485700e-01 256 51 1.186400e+01 1.530000e+00 -3.717100e+01 4.296200e+02 0
-6.356000e+00 6.263100e+00 -3.507400e-01 -4.485700e-01 257 51 1.209400e+01 1.530000e+00 4.601200e+01 4.263000e+02 1
-6.451000e+00 6.240100e+00 -3.500100e-01 -4.485700e-01 258 51 1.140800e+01 1.530000e+00 3.455400e+01 4.264200e+02 1
0 0 -1.500000e-01 -9.612300e-02 1 62 1.026700e+01 1.530000e+00 2167 -3.612800e+03 0
3.465000e-02 2.842400e-03 -1.500900e-01 -9.612300e-02 2 62 9.678500e+00 1.530000e+00 1.896600e+03 -3.706500e+03 0
0 0 -1.500000e-01 -6.408200e-02 1 63 1.070800e+01 1.530000e+00 2167 -3.612800e+03 0
3.001200e-03 3.479000e-02 -1.511200e-01 -6.408200e-02 2 63 1.039800e+01 1.530000e+00 3.422200e+03 -7.147300e+03 0
9.822200e-03 6.854800e-02 -1.522000e-01 -6.408200e-02 3 63 9.558500e+00 1.530000e+00 18784 -51644 0
0 0 -1.500000e-01 -3.204100e-02 1 64 1.560200e+01 1.530000e+00 2167 -3.612800e+03 0
-7.093800e-02 1.128600e-01 -1.536200e-01 -3.204100e-02 5 64 1.416500e+01 1.530000e+00 -3.030200e+03 7.519200e+03 0
-1.585200e-01 1.860800e-01 -1.559600e-01 -3.204100e-02 8 64 1.332500e+01 1.530000e+00 -1090 2.891800e+03 0
-1.986300e-01 1.938000e-01 -1.562100e-01 -3.204100e-02 9 64 1.263200e+01 1.530000e+00 -1.163600e+03 2.711700e+03 0
-2.455500e-01 1.898400e-01 -1.560800e-01 -3.204100e-02 10 64 1.264500e+01 1.530000e+00 -1.439400e+03 2.756100e+03 0
-2.619200e-01 2.204500e-01 -1.570700e-01 -3.204100e-02 11 64 1.220300e+01 1.530000e+00 -1.078400e+03 2.279600e+03 0
-2.881200e-01 2.279600e-01 -1.573100e-01 -3.204100e-02 12 64 1.171800e+01 1.530000e+00 -1.089300e+03 2.182200e+03 0
-3.044900e-01 2.767400e-01 -1.588700e-01 -3.204100e-02 13 64 1.097600e+01 1.530000e+00 -7.252500e+02 1.765100e+03 0
-4.327200e-01 5.639200e-02 -1.518100e-01 -3.204100e-02 14 64 1.039500e+01 1.530000e+00 127690 -97127 0
-3.896100e-01 2.674000e-01 -1.585700e-01 -3.204100e-02 15 64 1.044000e+01 1.530000e+00 -1.031700e+03 1.808100e+03 0
3.609700e-01 3.252800e-01 -1.604300e-01 -3.204100e-02 28 64 1.208500e+01 1.530000e+00 1.196800e+03 1.616400e+03 0
6.799100e-01 6.433900e-01 -1.706200e-01 -3.204100e-02 29 64 1.364700e+01 1.530000e+00 1.284400e+03 9.225600e+02 0
6.725500e-01 7.392500e-01 -1.736900e-01 -3.204100e-02 30 64 1.458200e+01 1.530000e+00 1.188800e+03 8.416400e+02 0
6.711800e-01 8.042400e-01 -1.757800e-01 -3.204100e-02 31 64 1.475300e+01 1.530000e+00 1.142100e+03 7.993400e+02 0
6.766400e-01 8.284200e-01 -1.765500e-01 -3.204100e-02 32 64 1.423700e+01 1.530000e+00 1.132200e+03 7.856500e+02 0
6.810000e-01 8.576300e-01 -1.774900e-01 -3.204100e-02 33 64 1.278800e+01 1.530000e+00 1119 7.702100e+02 0
-8.403400e-01 8.739200e-01 -1.780100e-01 -3.204100e-02 36 64 1.072600e+01 1.530000e+00 -8.234600e+01 7.365500e+02 0
-8.545300e-01 8.588500e-01 -1.775300e-01 -3.204100e-02 37 64 1.115500e+01 1.530000e+00 -1.073500e+02 7.429100e+02 0
-8.681700e-01 7.935200e-01 -1.754300e-01 -3.204100e-02 38 64 1.083100e+01 1.530000e+00 -1.883300e+02 7.742200e+02 0
