0 0 -1.500000e-01 0 1 65 1.659200e+01 4.080000e+00 2167 -3.612800e+03 0
-7.093800e-02 1.131500e-01 -1.595000e-01 0 5 65 1.517500e+01 4.080000e+00 -3.024400e+03 7.597200e+03 0
-1.585200e-01 1.860600e-01 -1.656100e-01 0 8 65 1.434100e+01 4.080000e+00 -1.095700e+03 2.951200e+03 0
-2.008100e-01 1.915400e-01 -1.660700e-01 0 9 65 1.365900e+01 4.080000e+00 -1213 2.809500e+03 0
-2.480100e-01 1.873000e-01 -1.657200e-01 0 10 65 1.362600e+01 4.080000e+00 -1502 2.861200e+03 0
-2.592000e-01 2.275500e-01 -1.690900e-01 0 11 65 1.299800e+01 4.080000e+00 -9.957600e+02 2.247800e+03 0
-2.851200e-01 2.387200e-01 -1.700300e-01 0 12 65 1.270200e+01 4.080000e+00 -9.737000e+02 2.120700e+03 0
-3.044900e-01 2.829800e-01 -1.737500e-01 0 13 65 1.198600e+01 4.080000e+00 -6.882100e+02 1.770500e+03 0
-3.014900e-01 2.909500e-01 -1.744100e-01 0 14 65 1.140900e+01 4.080000e+00 -6.318400e+02 1.723500e+03 0
-1.260500e-01 3.442100e-01 -1.788800e-01 0 15 65 1.129500e+01 4.080000e+00 4.135500e+00 1.498700e+03 0
3.609700e-01 2.968500e-01 -1.749100e-01 0 28 65 1.309200e+01 4.080000e+00 1.267100e+03 1.831900e+03 0
6.799100e-01 6.384500e-01 -2.035700e-01 0 29 65 1.466700e+01 4.080000e+00 1.291900e+03 9.663400e+02 0
6.725500e-01 7.360000e-01 -2.117600e-01 0 30 65 1.559500e+01 4.080000e+00 1.193200e+03 8.816900e+02 0
6.793700e-01 7.975700e-01 -2.169300e-01 0 31 65 1.576000e+01 4.080000e+00 1.155700e+03 8.406900e+02 0
6.766400e-01 8.319700e-01 -2.198100e-01 0 32 65 1.525100e+01 4.080000e+00 1.131700e+03 8.206200e+02 0
6.810000e-01 8.684700e-01 -2.228700e-01 0 33 65 1.384300e+01 4.080000e+00 1.114600e+03 8.014300e+02 0
6.572700e-01 9.183800e-01 -2.270600e-01 0 34 65 1.084900e+01 4.080000e+00 1.070300e+03 7.774200e+02 0
7.142900e-01 7.617400e-01 -2.139200e-01 0 35 65 1.063800e+01 4.080000e+00 1.214900e+03 8.646400e+02 0
-8.212400e-01 9.030900e-01 -2.257800e-01 0 36 65 1.158100e+01 4.080000e+00 -4.356200e+01 7.590200e+02 0
-8.447100e-01 8.980600e-01 -2.253600e-01 0 37 65 1.203400e+01 4.080000e+00 -6.475800e+01 7.606800e+02 0
-8.782700e-01 8.673100e-01 -2.227800e-01 0 38 65 1.150000e+01 4.080000e+00 -1.180500e+02 7.731000e+02 0
0 0 -1.500000e-01 3.204100e-02 1 66 1.557200e+01 4.080000e+00 2167 -3.612800e+03 0
-7.202900e-02 1.127700e-01 -1.594600e-01 3.204100e-02 5 66 1.417000e+01 4.080000e+00 -3.072500e+03 7.657500e+03 0
-1.585200e-01 1.860100e-01 -1.656100e-01 3.204100e-02 8 66 1.333900e+01 4.080000e+00 -1.096500e+03 2.952300e+03 0
-2.008100e-01 1.922100e-01 -1.661300e-01 3.204100e-02 9 66 1.265000e+01 4.080000e+00 -1.202900e+03 2.796800e+03 0
-2.480100e-01 1.884100e-01 -1.658100e-01 3.204100e-02 10 66 1.265600e+01 4.080000e+00 -1.482100e+03 2.838900e+03 0
-2.619200e-01 2.245300e-01 -1.688400e-01 3.204100e-02 11 66 1.214100e+01 4.080000e+00 -1.037800e+03 2.281500e+03 0
-2.881200e-01 2.377200e-01 -1.699500e-01 3.204100e-02 12 66 1.174000e+01 4.080000e+00 -9.933800e+02 2.129500e+03 0
-3.044900e-01 2.844700e-01 -1.738700e-01 3.204100e-02 13 66 1.106500e+01 4.080000e+00 -6.788900e+02 1.761400e+03 0
-3.050300e-01 2.888500e-01 -1.742400e-01 3.204100e-02 14 66 1.045100e+01 4.080000e+00 -6.535700e+02 1735 0
3.536000e-01 3.555400e-01 -1.798300e-01 3.204100e-02 28 66 1.207900e+01 4.080000e+00 1.124500e+03 1.521700e+03 0
6.799100e-01 6.334900e-01 -2.031600e-01 3.204100e-02 29 66 1.366800e+01 4.080000e+00 1.297500e+03 9.714500e+02 0
6.725500e-01 7.327200e-01 -2.114800e-01 3.204100e-02 30 66 1.459200e+01 4.080000e+00 1.195700e+03 8.841000e+02 0
6.711800e-01 8.044600e-01 -2.175000e-01 3.204100e-02 31 66 1.475700e+01 4.080000e+00 1.143600e+03 8.363300e+02 0
6.766400e-01 8.321900e-01 -2.198300e-01 3.204100e-02 32 66 1.423100e+01 4.080000e+00 1.131500e+03 8.205000e+02 0
6.810000e-01 8.657700e-01 -2.226500e-01 3.204100e-02 33 66 1.269700e+01 4.080000e+00 1.116100e+03 8.027900e+02 0
-8.307900e-01 8.948900e-01 -2.250900e-01 3.204100e-02 36 66 1.076800e+01 4.080000e+00 -5.757100e+01 7.622000e+02 0
-8.643500e-01 9.029700e-01 -2.257700e-01 3.204100e-02 37 66 1.115500e+01 4.080000e+00 -7.440700e+01 7.583700e+02 0
-8.984600e-01 8.958600e-01 -2.251700e-01 3.204100e-02 38 66 1.065200e+01 4.080000e+00 -1.052700e+02 7.607000e+02 0
0 0 -1.500000e-01 6.408200e-02 1 67 9.875000e+00 4.080000e+00 2167 -3.612800e+03 0
6.466300e-01 4.742100e-01 -1.897900e-01 6.408200e-02 31 67 9.787000e+00 4.080000e+00 1.493600e+03 1.204600e+03 0
6.766400e-01 5.537300e-01 -1.964600e-01 6.408200e-02 32 67 1.002600e+01 4.080000e+00 1.398100e+03 1.068800e+03 0
7.246600e-01 3.511000e-01 -1.794600e-01 6.408200e-02 33 67 9.480200e+00 4.080000e+00 2.087800e+03 1599 0
0 0 -1.500000e-01 9.612300e-02 1 68 9.873000e+00 4.080000e+00 2167 -3.612800e+03 0
3.355900e-02 9.483600e-03 -1.508000e-01 9.612300e-02 2 68 9.643700e+00 4.080000e+00 2.029200e+03 -4.126100e+03 0
6.681800e-01 7.627500e-01 -2.140000e-01 9.612300e-02 32 68 9.663700e+00 4.080000e+00 1.168800e+03 8.627600e+02 0
-4.174400e-01 5.902200e+00 -6.452600e-01 -1.025300e+00 171 33 1.040600e+01 4.080000e+00 6.299800e+02 4.639500e+02 1
-3.732400e-01 5.956100e+00 -6.497900e-01 -1.025300e+00 172 33 1.058100e+01 4.080000e+00 6.353200e+02 4.635200e+02 1
-4.223500e-01 5.961300e+00 -6.502200e-01 -1.025300e+00 173 33 1.016300e+01 4.080000e+00 6.300900e+02 4.634400e+02 1
-1.899000e-01 5.997400e+00 -6.532600e-01 -1.025300e+00 175 33 1.030700e+01 4.080000e+00 6.553500e+02 4.632800e+02 1
-2.864800e-01 6.069700e+00 -6.593200e-01 -1.025300e+00 176 33 1.037700e+01 4.080000e+00 6.456000e+02 4.626200e+02 1
-3.361400e-01 6.112800e+00 -6.629400e-01 -1.025300e+00 177 33 1.021600e+01 4.080000e+00 6.407400e+02 4.622300e+02 1
-3.710600e-01 5.886800e+00 -6.439700e-01 -9.932700e-01 171 34 1.027900e+01 4.080000e+00 6.348600e+02 4.641200e+02 1
-3.732400e-01 5.916500e+00 -6.464600e-01 -9.932700e-01 172 34 1.032700e+01 4.080000e+00 6.349200e+02 4.638600e+02 1
-3.754300e-01 5.991300e+00 -6.527500e-01 -9.932700e-01 173 34 1.039600e+01 4.080000e+00 6.354400e+02 4.632100e+02 1
-3.304100e-01 6.011600e+00 -6.544400e-01 -9.932700e-01 174 34 1.030100e+01 4.080000e+00 6.404400e+02 4.630700e+02 1
-3.323200e-01 6.053200e+00 -6.579300e-01 -9.932700e-01 175 34 1.070400e+01 4.080000e+00 6.406100e+02 4.627200e+02 1
-4.297200e-01 6.090100e+00 -6.610300e-01 -9.932700e-01 176 34 1.085800e+01 4.080000e+00 6.306800e+02 4.623600e+02 1
-4.321800e-01 6.121900e+00 -6.637000e-01 -9.932700e-01 177 34 1.063700e+01 4.080000e+00 6.307600e+02 4.621000e+02 1
-5.443100e+00 1.092600e+01 -1.066800e+00 -9.291900e-01 351 36 1.037900e+01 4.080000e+00 3.702200e+02 439 1
-5.171400e+00 1.111400e+01 -1.082600e+00 -9.291900e-01 352 36 1.015500e+01 4.080000e+00 3.908100e+02 4.386500e+02 1
5.114100e+00 8.472600e+00 -8.609500e-01 -8.971500e-01 285 37 1.030200e+01 4.080000e+00 1.076600e+03 4.506900e+02 1
4.976600e+00 8.593800e+00 -8.711200e-01 -8.971500e-01 286 37 1.102500e+01 4.080000e+00 1.060400e+03 4.500900e+02 1
4.994000e+00 8.629000e+00 -8.740800e-01 -8.971500e-01 287 37 1.090500e+01 4.080000e+00 1.060200e+03 4.499400e+02 1
4.933200e+00 8.724900e+00 -8.821200e-01 -8.971500e-01 288 37 1.029600e+01 4.080000e+00 1.051400e+03 4.495000e+02 1
4.950400e+00 8.746400e+00 -8.839300e-01 -8.971500e-01 289 37 1.071700e+01 4.080000e+00 1.051800e+03 4.494100e+02 1
4.888700e+00 8.759900e+00 -8.850600e-01 -8.971500e-01 290 37 1.010700e+01 4.080000e+00 1.046500e+03 4.493300e+02 1
-5.332400e+00 1.091400e+01 -1.065800e+00 -8.971500e-01 350 37 1.014100e+01 4.080000e+00 3.761500e+02 4.390600e+02 1
-5.634100e+00 1.082500e+01 -1.058300e+00 -8.971500e-01 351 37 1.104100e+01 4.080000e+00 3.563000e+02 4.391900e+02 1
-5.650200e+00 1.087800e+01 -1.062800e+00 -8.971500e-01 352 37 1.091200e+01 4.080000e+00 3.570200e+02 4.390600e+02 1
4.959100e+00 8.508700e+00 -8.639900e-01 -8.651100e-01 285 38 1.003900e+01 4.080000e+00 1.062800e+03 4.504600e+02 1
4.898800e+00 8.626800e+00 -8.739000e-01 -8.651100e-01 286 38 1.076100e+01 4.080000e+00 1.052900e+03 4.499100e+02 1
5.072100e+00 8.594800e+00 -8.712100e-01 -8.651100e-01 287 38 1.076500e+01 4.080000e+00 1.067700e+03 4.501200e+02 1
5.168100e+00 8.583900e+00 -8.702900e-01 -8.651100e-01 288 38 1.041400e+01 4.080000e+00 1.075700e+03 4.502100e+02 1
5.186100e+00 8.600800e+00 -8.717200e-01 -8.651100e-01 289 38 1.034600e+01 4.080000e+00 1.076300e+03 4.501400e+02 1
0 0 -1.500000e-01 -6.408200e-02 1 63 1.076900e+01 4.080000e+00 2167 -3.612800e+03 0
0 0 -1.500000e-01 -3.204100e-02 1 64 1.558300e+01 4.080000e+00 2167 -3.612800e+03 0
-7.093800e-02 1.129100e-01 -1.594700e-01 -3.204100e-02 5 64 1.414000e+01 4.080000e+00 -3.046400e+03 7.639600e+03 0
-1.585200e-01 1.861000e-01 -1.656200e-01 -3.204100e-02 8 64 1.332100e+01 4.080000e+00 -1.095200e+03 2.950500e+03 0
-1.986300e-01 1.930000e-01 -1.662000e-01 -3.204100e-02 9 64 1.263300e+01 4.080000e+00 -1.180900e+03 2.783100e+03 0
-2.480100e-01 1.855400e-01 -1.655700e-01 -3.204100e-02 10 64 1.255900e+01 4.080000e+00 -1.534300e+03 2.897200e+03 0
-2.592000e-01 2.264400e-01 -1.690000e-01 -3.204100e-02 11 64 1.206500e+01 4.080000e+00 -1.007500e+03 2.260500e+03 0
-2.881200e-01 2.308400e-01 -1.693700e-01 -3.204100e-02 12 64 1.165000e+01 4.080000e+00 -1.063100e+03 2.200400e+03 0
-3.077600e-01 2.767900e-01 -1.732300e-01 -3.204100e-02 13 64 1.093400e+01 4.080000e+00 -7.374100e+02 1.809200e+03 0
3.609700e-01 2.679400e-01 -1.724800e-01 -3.204100e-02 28 64 1.205500e+01 4.080000e+00 1.358200e+03 2.057600e+03 0
6.799100e-01 6.425700e-01 -2.039200e-01 -3.204100e-02 29 64 1.364700e+01 4.080000e+00 1.287400e+03 9.621700e+02 0
6.725500e-01 7.381400e-01 -2.119400e-01 -3.204100e-02 30 64 1.457600e+01 4.080000e+00 1.191500e+03 8.801300e+02 0
6.793700e-01 7.975000e-01 -2.169200e-01 -3.204100e-02 31 64 1.475200e+01 4.080000e+00 1.155700e+03 8.407300e+02 0
6.766400e-01 8.315100e-01 -2.197700e-01 -3.204100e-02 32 64 1.426300e+01 4.080000e+00 1.131900e+03 8.208800e+02 0
6.810000e-01 8.692600e-01 -2.229400e-01 -3.204100e-02 33 64 1.293100e+01 4.080000e+00 1.114200e+03 8.010400e+02 0
6.662700e-01 9.347000e-01 -2.284300e-01 -3.204100e-02 34 64 1.032600e+01 4.080000e+00 1070 7.704800e+02 0
-8.307900e-01 8.908800e-01 -2.247600e-01 -3.204100e-02 36 64 1.028200e+01 4.080000e+00 -6.114100e+01 7.638600e+02 0
-8.447100e-01 8.767300e-01 -2.235700e-01 -3.204100e-02 37 64 1.084100e+01 4.080000e+00 -8.423300e+01 7.696000e+02 0
-8.580800e-01 8.406900e-01 -2.205400e-01 -3.204100e-02 38 64 1.031200e+01 4.080000e+00 -1.297700e+02 7.855200e+02 0
