0 0 -1.500000e-01 0 1 65 1.661000e+01 2.350000e+00 2167 -3.612800e+03 0
-7.093800e-02 1.129300e-01 -1.555600e-01 0 5 65 1.518400e+01 2.350000e+00 -3.030200e+03 7.548700e+03 0
-1.585200e-01 1.860500e-01 -1.591600e-01 0 8 65 1.432600e+01 2.350000e+00 -1.092200e+03 2.911900e+03 0
-2.008100e-01 1.916300e-01 -1.594400e-01 0 9 65 1.367600e+01 2.350000e+00 -1.207800e+03 2.769700e+03 0
-2.480100e-01 1.872500e-01 -1.592200e-01 0 10 65 1.364400e+01 2.350000e+00 -1.498400e+03 2824 0
-2.619200e-01 2.231800e-01 -1.609900e-01 0 11 65 1.310900e+01 2.350000e+00 -1.049400e+03 2.263500e+03 0
-2.881200e-01 2.332800e-01 -1.614900e-01 0 12 65 1.266600e+01 2.350000e+00 -1.034700e+03 2.141700e+03 0
-3.077600e-01 2.782200e-01 -1.637000e-01 0 13 65 1.193100e+01 2.350000e+00 -7.255900e+02 1.769800e+03 0
-3.014900e-01 3.046900e-01 -1.650000e-01 0 14 65 1.137900e+01 2.350000e+00 -5.542500e+02 1.619600e+03 0
-1.184100e-01 3.757900e-01 -1.685100e-01 0 15 65 1.131600e+01 2.350000e+00 9.145700e+01 1.359600e+03 0
3.536000e-01 3.581000e-01 -1.676300e-01 0 28 65 1.307100e+01 2.350000e+00 1.119200e+03 1.481200e+03 0
6.799100e-01 6.378100e-01 -1.814100e-01 0 29 65 1.467300e+01 2.350000e+00 1.291200e+03 941 0
6.725500e-01 7.377300e-01 -1.863300e-01 0 30 65 1.558500e+01 2.350000e+00 1.190600e+03 8.552100e+02 0
6.711800e-01 8.044300e-01 -1.896100e-01 0 31 65 1.573100e+01 2.350000e+00 1.142500e+03 8.115200e+02 0
6.766400e-01 8.322600e-01 -1.909900e-01 0 32 65 1.517300e+01 2.350000e+00 1.130400e+03 7.957600e+02 0
6.722700e-01 8.775600e-01 -1.932200e-01 0 33 65 1.365100e+01 2.350000e+00 1.101400e+03 7.722500e+02 0
6.864600e-01 9.126600e-01 -1.949500e-01 0 35 65 1.086000e+01 2.350000e+00 1.095200e+03 7.561300e+02 0
-8.212400e-01 8.982800e-01 -1.942400e-01 0 36 65 1.177900e+01 2.350000e+00 -4.690600e+01 7.380400e+02 0
-8.447100e-01 8.898700e-01 -1.938200e-01 0 37 65 1.219700e+01 2.350000e+00 -7.126000e+01 7.411200e+02 0
-8.681700e-01 8.563800e-01 -1.921700e-01 0 38 65 1.174900e+01 2.350000e+00 -1.204700e+02 7.551500e+02 0
-9.020000e-01 7.698300e-01 -1.879100e-01 0 39 65 1.019600e+01 2.350000e+00 -2.458900e+02 7.978300e+02 0
0 0 -1.500000e-01 3.204100e-02 1 66 1.557800e+01 2.350000e+00 2167 -3.612800e+03 0
-7.202900e-02 1.125700e-01 -1.555400e-01 3.204100e-02 5 66 1.417800e+01 2.350000e+00 -3.076300e+03 7.604900e+03 0
-1.585200e-01 1.859800e-01 -1.591600e-01 3.204100e-02 8 66 1.333100e+01 2.350000e+00 -1.093300e+03 2.913500e+03 0
-2.008100e-01 1.919500e-01 -1.594500e-01 3.204100e-02 9 66 1.272100e+01 2.350000e+00 -1.202900e+03 2.763600e+03 0
-2.480100e-01 1.881100e-01 -1.592600e-01 3.204100e-02 10 66 1.267100e+01 2.350000e+00 -1483 2.806800e+03 0
-2.619200e-01 2.238200e-01 -1.610200e-01 3.204100e-02 11 66 1.212200e+01 2.350000e+00 -1.042400e+03 2.256100e+03 0
-2.911200e-01 2.276900e-01 -1.612100e-01 3.204100e-02 12 66 1.165700e+01 2.350000e+00 -1.104400e+03 2.200400e+03 0
-3.077600e-01 2.777000e-01 -1.636800e-01 3.204100e-02 13 66 1.090700e+01 2.350000e+00 -7.290300e+02 1.773100e+03 0
-3.014900e-01 3.044800e-01 -1.649900e-01 3.204100e-02 14 66 1.027800e+01 2.350000e+00 -5.553600e+02 1.620600e+03 0
-1.184100e-01 3.978300e-01 -1.695900e-01 3.204100e-02 15 66 1.035500e+01 2.350000e+00 1.319500e+02 1.294500e+03 0
3.536000e-01 3.746500e-01 -1.684500e-01 3.204100e-02 28 66 1.203900e+01 2.350000e+00 1.094800e+03 1.418800e+03 0
6.799100e-01 6.334300e-01 -1.811900e-01 3.204100e-02 29 66 1.362500e+01 2.350000e+00 1.296100e+03 9.454800e+02 0
6.725500e-01 7.357600e-01 -1.862300e-01 3.204100e-02 30 66 1.453900e+01 2.350000e+00 1.192100e+03 8.566300e+02 0
6.711800e-01 8.044800e-01 -1.896200e-01 3.204100e-02 31 66 1.467800e+01 2.350000e+00 1.142500e+03 8.114900e+02 0
6.766400e-01 8.346000e-01 -1.911000e-01 3.204100e-02 32 66 1.410100e+01 2.350000e+00 1129 7.944800e+02 0
6.722700e-01 8.816900e-01 -1.934200e-01 3.204100e-02 33 66 1.255300e+01 2.350000e+00 1.099300e+03 7.702500e+02 0
6.864600e-01 9.593900e-01 -1.972500e-01 3.204100e-02 35 66 9.918800e+00 2.350000e+00 1.073500e+03 7.363900e+02 0
-8.212400e-01 9.042300e-01 -1.945300e-01 3.204100e-02 36 66 1.070600e+01 2.350000e+00 -4.176600e+01 7.356400e+02 0
-8.447100e-01 9.064700e-01 -1.946400e-01 3.204100e-02 37 66 1.114100e+01 2.350000e+00 -5.650600e+01 7.343900e+02 0
-8.681700e-01 8.771900e-01 -1.932000e-01 3.204100e-02 38 66 1.066900e+01 2.350000e+00 -1.001100e+02 7.460700e+02 0
0 0 -1.500000e-01 6.408200e-02 1 67 1.002300e+01 2.350000e+00 2167 -3.612800e+03 0
-2.728400e-04 3.492200e-02 -1.517200e-01 6.408200e-02 2 67 9.679200e+00 2.350000e+00 3.490500e+03 -7.198300e+03 0
6.799100e-01 6.571000e-01 -1.823600e-01 6.408200e-02 29 67 1.022100e+01 2.350000e+00 1.270700e+03 9.221000e+02 0
6.725500e-01 7.336000e-01 -1.861300e-01 6.408200e-02 30 67 1.105900e+01 2.350000e+00 1.193800e+03 8.582100e+02 0
6.711800e-01 8.042500e-01 -1.896100e-01 6.408200e-02 31 67 1.120000e+01 2.350000e+00 1.142700e+03 8.116300e+02 0
6.766400e-01 8.311500e-01 -1.909300e-01 6.408200e-02 32 67 1.069500e+01 2.350000e+00 1.131100e+03 7.963700e+02 0
6.897400e-01 8.695300e-01 -1.928200e-01 6.408200e-02 33 67 9.425500e+00 2.350000e+00 1.120400e+03 7.765300e+02 0
2.504700e+00 4.712100e+00 -3.820500e-01 -7.369400e-01 154 42 1.092600e+01 2.350000e+00 1.019500e+03 4.576900e+02 1
2.479000e+00 4.761000e+00 -3.844600e-01 -7.369400e-01 155 42 1.212400e+01 2.350000e+00 1.012400e+03 4.569700e+02 1
2.579700e+00 4.755600e+00 -3.841900e-01 -7.369400e-01 156 42 1.234600e+01 2.350000e+00 1027 4.571300e+02 1
2.638900e+00 4.765800e+00 -3.847000e-01 -7.369400e-01 157 42 1.179800e+01 2.350000e+00 1.034500e+03 4.570300e+02 1
2.613000e+00 4.800600e+00 -3.864100e-01 -7.369400e-01 158 42 1.040300e+01 2.350000e+00 1.028400e+03 4.565200e+02 1
2.462900e+00 4.730800e+00 -3.829700e-01 -7.049000e-01 154 43 1.141000e+01 2.350000e+00 1.012300e+03 4.573900e+02 1
2.479000e+00 4.754400e+00 -3.841300e-01 -7.049000e-01 155 43 1.253900e+01 2.350000e+00 1.012900e+03 4.570600e+02 1
2.537400e+00 4.771600e+00 -3.849800e-01 -7.049000e-01 156 43 1.280800e+01 2.350000e+00 1.019900e+03 4.568700e+02 1
2.638900e+00 4.763000e+00 -3.845600e-01 -7.049000e-01 157 43 1.235800e+01 2.350000e+00 1.034700e+03 4.570700e+02 1
2.741500e+00 4.738600e+00 -3.833600e-01 -7.049000e-01 158 43 1.111800e+01 2.350000e+00 1.051100e+03 4.575000e+02 1
2.479000e+00 4.633900e+00 -3.782000e-01 -6.728600e-01 155 44 1.078200e+01 2.350000e+00 1.021500e+03 4.588200e+02 1
2.537400e+00 4.692400e+00 -3.810800e-01 -6.728600e-01 156 44 1.115700e+01 2.350000e+00 1.025600e+03 458 1
2.638900e+00 4.688600e+00 -3.809000e-01 -6.728600e-01 157 44 1.091400e+01 2.350000e+00 1.040300e+03 4.581400e+02 1
0 0 -1.500000e-01 -6.408200e-02 1 63 1.061200e+01 2.350000e+00 2167 -3.612800e+03 0
1.091400e-03 3.445000e-02 -1.517000e-01 -6.408200e-02 2 63 1.022600e+01 2.350000e+00 3432 -7099 0
6.799100e-01 6.471200e-01 -1.818700e-01 -6.408200e-02 29 63 9.873800e+00 2.350000e+00 1.281100e+03 9.317100e+02 0
6.725500e-01 7.466300e-01 -1.867700e-01 -6.408200e-02 30 63 1.075800e+01 2.350000e+00 1.183800e+03 8.488700e+02 0
6.711800e-01 8.024600e-01 -1.895200e-01 -6.408200e-02 31 63 1.093600e+01 2.350000e+00 1.143800e+03 8.126900e+02 0
6.766400e-01 8.204400e-01 -1.904000e-01 -6.408200e-02 32 63 1.027400e+01 2.350000e+00 1.137500e+03 8.023500e+02 0
0 0 -1.500000e-01 -3.204100e-02 1 64 1.561000e+01 2.350000e+00 2167 -3.612800e+03 0
-7.093800e-02 1.121900e-01 -1.555200e-01 -3.204100e-02 5 64 1.415100e+01 2.350000e+00 -3.098400e+03 7.679800e+03 0
-1.585200e-01 1.861000e-01 -1.591600e-01 -3.204100e-02 8 64 1.327800e+01 2.350000e+00 -1.091500e+03 2.910900e+03 0
-2.008100e-01 1.902800e-01 -1.593700e-01 -3.204100e-02 9 64 1.259400e+01 2.350000e+00 -1.228700e+03 2.795800e+03 0
-2.480100e-01 1.864900e-01 -1.591800e-01 -3.204100e-02 10 64 1.259600e+01 2.350000e+00 -1.512100e+03 2.839200e+03 0
-2.619200e-01 2.232900e-01 -1.610000e-01 -3.204100e-02 11 64 1.211700e+01 2.350000e+00 -1.048200e+03 2.262300e+03 0
-2.851200e-01 2.395900e-01 -1.618000e-01 -3.204100e-02 12 64 1.158900e+01 2.350000e+00 -9.625700e+02 2.079800e+03 0
-3.044900e-01 2.828600e-01 -1.639300e-01 -3.204100e-02 13 64 1.086700e+01 2.350000e+00 -6.867500e+02 1.741300e+03 0
-3.050300e-01 3.053900e-01 -1.650400e-01 -3.204100e-02 14 64 1.033900e+01 2.350000e+00 -5.593400e+02 1.615400e+03 0
-1.107700e-01 3.442300e-01 -1.669500e-01 -3.204100e-02 15 64 1.022100e+01 2.350000e+00 3.921800e+01 1472 0
3.536000e-01 3.186100e-01 -1.656900e-01 -3.204100e-02 28 64 1.202000e+01 2.350000e+00 1.191300e+03 1666 0
6.799100e-01 6.396800e-01 -1.815000e-01 -3.204100e-02 29 64 1.366300e+01 2.350000e+00 1.289200e+03 9.391100e+02 0
6.725500e-01 7.393700e-01 -1.864100e-01 -3.204100e-02 30 64 1.459200e+01 2.350000e+00 1.189300e+03 8.540200e+02 0
6.793700e-01 7.973700e-01 -1.892700e-01 -3.204100e-02 31 64 1.474400e+01 2.350000e+00 1.154700e+03 8.159300e+02 0
6.766400e-01 8.301200e-01 -1.908800e-01 -3.204100e-02 32 64 1.419500e+01 2.350000e+00 1.131700e+03 7.969400e+02 0
6.810000e-01 8.690500e-01 -1.928000e-01 -3.204100e-02 33 64 1.266300e+01 2.350000e+00 1.113300e+03 7.766000e+02 0
6.864600e-01 8.781600e-01 -1.932500e-01 -3.204100e-02 35 64 1.008400e+01 2.350000e+00 1.112900e+03 7.722200e+02 0
-8.307900e-01 8.789200e-01 -1.932800e-01 -3.204100e-02 36 64 1.088000e+01 2.350000e+00 -7.113200e+01 7.459400e+02 0
-8.447100e-01 8.786100e-01 -1.932700e-01 -3.204100e-02 37 64 1.125800e+01 2.350000e+00 -8.160700e+01 7.458500e+02 0
-8.479800e-01 8.693500e-01 -1.928100e-01 -3.204100e-02 38 64 1.075800e+01 2.350000e+00 -9.274600e+01 7.497700e+02 0
