0 0 -1.500000e-01 0 1 65 1.659500e+01 2.730000e+00 2167 -3.612800e+03 0
-7.093800e-02 1.128800e-01 -1.564600e-01 0 5 65 1.517800e+01 2.730000e+00 -3.038100e+03 7.577600e+03 0
-1.585200e-01 1.860600e-01 -1.606500e-01 0 8 65 1.432100e+01 2.730000e+00 -1093 2.920900e+03 0
-2.008100e-01 1.915500e-01 -1.609600e-01 0 9 65 1.367300e+01 2.730000e+00 -1210 2.780100e+03 0
-2.480100e-01 1.865300e-01 -1.606700e-01 0 10 65 1.363100e+01 2.730000e+00 -1.512500e+03 2.847200e+03 0
-2.619200e-01 2.223700e-01 -1.627200e-01 0 11 65 1.308500e+01 2.730000e+00 -1.059100e+03 2281 0
-2.881200e-01 2.331000e-01 -1.633400e-01 0 12 65 1.268800e+01 2.730000e+00 -1.037200e+03 2.151100e+03 0
-3.044900e-01 2.831200e-01 -1.662000e-01 0 13 65 1.193000e+01 2.730000e+00 -6.856000e+02 1.746600e+03 0
-4.291700e-01 1.186800e-01 -1.567900e-01 0 14 65 1.133400e+01 2.730000e+00 -5.769400e+03 5.404500e+03 0
-1.222300e-01 3.795100e-01 -1.717200e-01 0 15 65 1.118500e+01 2.730000e+00 9.093900e+01 1.353900e+03 0
3.536000e-01 3.580400e-01 -1.704900e-01 0 28 65 1.311400e+01 2.730000e+00 1.119600e+03 1.488400e+03 0
6.799100e-01 6.381600e-01 -1.865200e-01 0 29 65 1.465100e+01 2.730000e+00 1.291200e+03 9.466200e+02 0
6.725500e-01 7.378200e-01 -1.922200e-01 0 30 65 1.557700e+01 2.730000e+00 1.190800e+03 8.609300e+02 0
6.711800e-01 8.044500e-01 -1.960300e-01 0 31 65 1.572800e+01 2.730000e+00 1.142800e+03 8.172200e+02 0
6.766400e-01 8.329700e-01 -1.976600e-01 0 32 65 1.519700e+01 2.730000e+00 1.130200e+03 8.010400e+02 0
6.722700e-01 8.764500e-01 -2.001500e-01 0 33 65 1.376200e+01 2.730000e+00 1.102300e+03 7.784200e+02 0
6.482600e-01 9.526100e-01 -2.045100e-01 0 34 65 1.122400e+01 2.730000e+00 1.047800e+03 7.440900e+02 0
-8.534400e-01 8.134800e-01 -1.965500e-01 0 35 65 1.090900e+01 2.730000e+00 -1.545100e+02 7.810100e+02 0
-8.403400e-01 8.645600e-01 -1.994700e-01 0 36 65 1.180500e+01 2.730000e+00 -9.186200e+01 7.572700e+02 0
-8.545300e-01 8.729900e-01 -1.999500e-01 0 37 65 1.225800e+01 2.730000e+00 -9.431300e+01 7.533600e+02 0
-8.782700e-01 8.505700e-01 -1.986700e-01 0 38 65 1.180700e+01 2.730000e+00 -1.341800e+02 7.628800e+02 0
-9.123700e-01 7.840200e-01 -1.948600e-01 0 39 65 1.030600e+01 2.730000e+00 -2.365900e+02 7.951400e+02 0
0 0 -1.500000e-01 3.204100e-02 1 66 1.557200e+01 2.730000e+00 2167 -3.612800e+03 0
-7.093800e-02 1.135300e-01 -1.565000e-01 3.204100e-02 5 66 1.414800e+01 2.730000e+00 -2.980100e+03 7466 0
-1.585200e-01 1.860100e-01 -1.606400e-01 3.204100e-02 8 66 1.329700e+01 2.730000e+00 -1.093700e+03 2.921900e+03 0
-2.008100e-01 1.918400e-01 -1.609800e-01 3.204100e-02 9 66 1.267400e+01 2.730000e+00 -1.205600e+03 2.774500e+03 0
-2.480100e-01 1.867100e-01 -1.606800e-01 3.204100e-02 10 66 1.262300e+01 2.730000e+00 -1.509200e+03 2.843500e+03 0
-2.619200e-01 2.226800e-01 -1.627400e-01 3.204100e-02 11 66 1.214500e+01 2.730000e+00 -1.055600e+03 2.277300e+03 0
-2.881200e-01 2.348100e-01 -1.634400e-01 3.204100e-02 12 66 1.169900e+01 2.730000e+00 -1.019900e+03 2.133600e+03 0
-3.044900e-01 2.843800e-01 -1.662700e-01 3.204100e-02 13 66 1.096800e+01 2.730000e+00 -6.777000e+02 1.738800e+03 0
3.536000e-01 3.380600e-01 -1.693400e-01 3.204100e-02 28 66 1.209300e+01 2.730000e+00 1.153300e+03 1.574800e+03 0
6.722700e-01 6.426100e-01 -1.867700e-01 3.204100e-02 29 66 1.361200e+01 2.730000e+00 1.277100e+03 9.418600e+02 0
6.725500e-01 7.358400e-01 -1.921100e-01 3.204100e-02 30 66 1.454100e+01 2.730000e+00 1.192400e+03 8.623700e+02 0
6.711800e-01 8.044700e-01 -1.960300e-01 3.204100e-02 31 66 1.467200e+01 2.730000e+00 1.142800e+03 8.172000e+02 0
6.766400e-01 8.357100e-01 -1.978200e-01 3.204100e-02 32 66 1.412100e+01 2.730000e+00 1.128600e+03 7.995400e+02 0
6.722700e-01 8.809000e-01 -2.004100e-01 3.204100e-02 33 66 1.269000e+01 2.730000e+00 1.099900e+03 7.762600e+02 0
6.752700e-01 9.226800e-01 -2.028000e-01 3.204100e-02 34 66 1.040800e+01 2.730000e+00 1.081800e+03 7.571100e+02 0
-8.307900e-01 8.792900e-01 -2.003100e-01 3.204100e-02 36 66 1.069400e+01 2.730000e+00 -7.099000e+01 7.510600e+02 0
-8.447100e-01 8.927700e-01 -2.010800e-01 3.204100e-02 37 66 1.120400e+01 2.730000e+00 -6.884200e+01 7.451900e+02 0
-8.782700e-01 8.776100e-01 -2.002200e-01 3.204100e-02 38 66 1.079900e+01 2.730000e+00 -1.073100e+02 751 0
0 0 -1.500000e-01 6.408200e-02 1 67 1.029900e+01 2.730000e+00 2167 -3.612800e+03 0
6.488100e-01 7.670100e-01 -1.938900e-01 6.408200e-02 30 67 9.584900e+00 2.730000e+00 1.146100e+03 8.401400e+02 0
6.711800e-01 7.949000e-01 -1.954800e-01 6.408200e-02 31 67 1.008700e+01 2.730000e+00 1.148900e+03 8.229600e+02 0
6.766400e-01 8.048400e-01 -1.960500e-01 6.408200e-02 32 67 1.006200e+01 2.730000e+00 1.147600e+03 8.171000e+02 0
6.722700e-01 8.534700e-01 -1.988400e-01 6.408200e-02 33 67 9.816200e+00 2.730000e+00 1.114700e+03 7.900100e+02 0
4.201700e-01 2.655800e+00 -3.019600e-01 -7.689800e-01 78 41 9.896300e+00 2.730000e+00 7.555000e+02 5.125000e+02 0
4.256300e-01 2.682000e+00 -3.034600e-01 -7.689800e-01 79 41 1.016800e+01 2.730000e+00 7.562200e+02 5.113400e+02 0
4.411800e-01 2.634700e+00 -3.007600e-01 -7.369400e-01 78 42 1.004200e+01 2.730000e+00 7.612800e+02 5.135000e+02 0
4.469100e-01 2.677000e+00 -3.031800e-01 -7.369400e-01 79 42 1.009400e+01 2.730000e+00 7.615900e+02 5.116100e+02 0
-3.876500e+00 1.282900e+01 -8.840800e-01 -6.728600e-01 385 44 1.050700e+01 2.730000e+00 4.941300e+02 4.192400e+02 1
-3.886600e+00 1.283500e+01 -8.844200e-01 -6.728600e-01 386 44 1.041700e+01 2.730000e+00 4.937300e+02 4.192300e+02 1
-6.550800e-01 1.424700e+00 -2.315200e-01 -6.087800e-01 50 46 9.859700e+00 2.730000e+00 3.110400e+02 612 0
-6.684500e-01 1.518000e+00 -2.368600e-01 -6.087800e-01 51 46 9.835600e+00 2.730000e+00 3.297300e+02 5.982200e+02 0
-1.619000e+00 2.527600e+00 -2.946300e-01 -6.087800e-01 87 46 1.073800e+01 2.730000e+00 2.399200e+02 5.139100e+02 1
-1.661600e+00 2.543700e+00 -2.955500e-01 -6.087800e-01 88 46 1.126500e+01 2.730000e+00 2.323600e+02 5.130700e+02 1
-1.728700e+00 2.539500e+00 -2.953100e-01 -6.087800e-01 89 46 1.104400e+01 2.730000e+00 2.150900e+02 5.131200e+02 1
-1.821200e+00 2.514700e+00 -2.938900e-01 -6.087800e-01 90 46 1.009600e+01 2.730000e+00 1.874300e+02 5.140700e+02 1
-1.767400e+00 2.250500e+00 -2.787800e-01 -5.767400e-01 83 47 1.126400e+01 2.730000e+00 1.424700e+02 5.280700e+02 1
-1.743700e+00 2.313100e+00 -2.823500e-01 -5.767400e-01 84 47 1.244400e+01 2.730000e+00 1.638600e+02 5.245500e+02 1
-1.764700e+00 2.336600e+00 -2.837000e-01 -5.767400e-01 85 47 1.256600e+01 2.730000e+00 1.636300e+02 5.232100e+02 1
-1.716200e+00 2.420700e+00 -2.885100e-01 -5.767400e-01 86 47 1.172900e+01 2.730000e+00 1.946700e+02 5.189000e+02 1
-1.642500e+00 2.512700e+00 -2.937800e-01 -5.767400e-01 87 47 1.284500e+01 2.730000e+00 2.313700e+02 5.145600e+02 1
-1.685300e+00 2.525700e+00 -2.945200e-01 -5.767400e-01 88 47 1.352200e+01 2.730000e+00 2.231700e+02 5.138600e+02 1
-1.752700e+00 2.521700e+00 -2.942900e-01 -5.767400e-01 89 47 1.323600e+01 2.730000e+00 2.057500e+02 5.138900e+02 1
-1.821200e+00 2.515500e+00 -2.939400e-01 -5.767400e-01 90 47 1.198500e+01 2.730000e+00 1.876000e+02 5.140300e+02 1
-1.722700e+00 2.287100e+00 -2.808700e-01 -5.447000e-01 83 48 1.151400e+01 2.730000e+00 1.635200e+02 5.260700e+02 1
-1.743700e+00 2.310700e+00 -2.822200e-01 -5.447000e-01 84 48 1.272900e+01 2.730000e+00 1.633000e+02 5.246900e+02 1
-1.764700e+00 2.337800e+00 -2.837700e-01 -5.447000e-01 85 48 1.282700e+01 2.730000e+00 1.639200e+02 5.231400e+02 1
-1.808900e+00 2.353000e+00 -2.846400e-01 -5.447000e-01 86 48 1.151700e+01 2.730000e+00 1.556700e+02 5.222100e+02 1
-1.642500e+00 2.511900e+00 -2.937300e-01 -5.447000e-01 87 48 1.278400e+01 2.730000e+00 2.312300e+02 5.146000e+02 1
-1.709100e+00 2.509400e+00 -2.935900e-01 -5.447000e-01 88 48 1.351500e+01 2.730000e+00 2.142000e+02 5.145700e+02 1
-1.752700e+00 2.521200e+00 -2.942700e-01 -5.447000e-01 89 48 1.322600e+01 2.730000e+00 2.056600e+02 5.139100e+02 1
-1.796900e+00 2.531500e+00 -2.948500e-01 -5.447000e-01 90 48 1.198500e+01 2.730000e+00 1.967700e+02 5.133400e+02 1
-1.743700e+00 2.310300e+00 -2.822000e-01 -5.126600e-01 84 49 1.087400e+01 2.730000e+00 1.632200e+02 5.247100e+02 1
-1.764700e+00 2.340300e+00 -2.839100e-01 -5.126600e-01 85 49 11 2.730000e+00 1.644800e+02 523 1
-1.619000e+00 2.525100e+00 -2.944900e-01 -5.126600e-01 87 49 1.053500e+01 2.730000e+00 2.394700e+02 5.140300e+02 1
-1.685300e+00 2.523200e+00 -2.943800e-01 -5.126600e-01 88 49 1.124500e+01 2.730000e+00 2.227100e+02 5.139700e+02 1
-1.776700e+00 2.503700e+00 -2.932600e-01 -5.126600e-01 89 49 1.091900e+01 2.730000e+00 1.962500e+02 5.146800e+02 1
0 0 -1.500000e-01 -6.408200e-02 1 63 1.054200e+01 2.730000e+00 2167 -3.612800e+03 0
0 0 -1.500000e-01 -3.204100e-02 1 64 1.558500e+01 2.730000e+00 2167 -3.612800e+03 0
-7.093800e-02 1.120200e-01 -1.564100e-01 -3.204100e-02 5 64 1.416100e+01 2.730000e+00 -3.117300e+03 7730 0
-1.585200e-01 1.860900e-01 -1.606500e-01 -3.204100e-02 8 64 1.330200e+01 2.730000e+00 -1.092400e+03 2.920100e+03 0
-2.008100e-01 1.920800e-01 -1.609900e-01 -3.204100e-02 9 64 1.265100e+01 2.730000e+00 -1.201900e+03 2.769900e+03 0
-2.480100e-01 1.874700e-01 -1.607300e-01 -3.204100e-02 10 64 1.261700e+01 2.730000e+00 -1.495500e+03 2.828300e+03 0
-2.619200e-01 2.229600e-01 -1.627600e-01 -3.204100e-02 11 64 1.208500e+01 2.730000e+00 -1.052500e+03 2.273900e+03 0
-2.911200e-01 2.283900e-01 -1.630700e-01 -3.204100e-02 12 64 1.167200e+01 2.730000e+00 -1.097500e+03 2.200400e+03 0
-3.077600e-01 2.798200e-01 -1.660100e-01 -3.204100e-02 13 64 1.092400e+01 2.730000e+00 -7.155700e+02 1.766400e+03 0
-1.298700e-01 2.651600e-01 -1.651700e-01 -3.204100e-02 15 64 1.062500e+01 2.730000e+00 -2.857300e+02 1.912400e+03 0
3.609700e-01 3.468500e-01 -1.698500e-01 -3.204100e-02 28 64 1.211900e+01 2.730000e+00 1.156200e+03 1.536300e+03 0
6.799100e-01 6.392700e-01 -1.865800e-01 -3.204100e-02 29 64 1.363000e+01 2.730000e+00 1.289900e+03 9.454900e+02 0
6.725500e-01 7.392400e-01 -1.923000e-01 -3.204100e-02 30 64 1.456300e+01 2.730000e+00 1.189700e+03 8.599100e+02 0
6.793700e-01 7.974400e-01 -1.956300e-01 -3.204100e-02 31 64 1.472400e+01 2.730000e+00 1.154900e+03 8.216100e+02 0
6.766400e-01 8.306000e-01 -1.975300e-01 -3.204100e-02 32 64 1.420700e+01 2.730000e+00 1.131600e+03 8.023500e+02 0
6.722700e-01 8.723600e-01 -1.999200e-01 -3.204100e-02 33 64 1.277800e+01 2.730000e+00 1.104400e+03 7.804300e+02 0
-9.543900e-01 3.938300e-01 -1.725300e-01 -3.204100e-02 34 64 1.027700e+01 2.730000e+00 -1.340800e+03 1.235200e+03 0
-8.498900e-01 8.566100e-01 -1.990200e-01 -3.204100e-02 36 64 1.076300e+01 2.730000e+00 -1.067400e+02 7.606400e+02 0
-8.545300e-01 8.626500e-01 -1.993600e-01 -3.204100e-02 37 64 1.126400e+01 2.730000e+00 -1.042800e+02 7.578800e+02 0
-8.782700e-01 7.992400e-01 -1.957300e-01 -3.204100e-02 38 64 1.079800e+01 2.730000e+00 -1.905100e+02 7.877900e+02 0
