0 0 -1.500000e-01 0 1 65 1.657400e+01 3.060000e+00 2167 -3.612800e+03 0
-7.093800e-02 1.130000e-01 -1.572500e-01 0 5 65 1.517600e+01 3.060000e+00 -3.030500e+03 7.575100e+03 0
-1.585200e-01 1.860600e-01 -1.619400e-01 0 8 65 1.433400e+01 3.060000e+00 -1.093700e+03 2.928800e+03 0
-2.008100e-01 1.920700e-01 -1.623200e-01 0 9 65 1.366200e+01 3.060000e+00 -1.202800e+03 2.777700e+03 0
-2.480100e-01 1.871800e-01 -1.620100e-01 0 10 65 1.361700e+01 3.060000e+00 -1.501500e+03 2.841600e+03 0
-2.619200e-01 2.226100e-01 -1.642800e-01 0 11 65 1.302600e+01 3.060000e+00 -1057 2.284900e+03 0
-2.881200e-01 2.320500e-01 -1.648900e-01 0 12 65 1.270500e+01 3.060000e+00 -1.048800e+03 2.168800e+03 0
-3.044900e-01 2.812500e-01 -1.680400e-01 0 13 65 1.200300e+01 3.060000e+00 -6.978900e+02 1.764200e+03 0
-3.014900e-01 2.973200e-01 -1.690700e-01 0 14 65 1.136600e+01 3.060000e+00 -5.945000e+02 1.670900e+03 0
-1.222300e-01 3.369700e-01 -1.716200e-01 0 15 65 1.129900e+01 3.060000e+00 -5.277300e+00 1.512200e+03 0
-3.601500e-01 3.705700e-01 -1.737700e-01 0 16 65 1.119300e+01 3.060000e+00 -4.014000e+02 1.361100e+03 0
3.609700e-01 3.022200e-01 -1.693900e-01 0 28 65 1.309900e+01 3.060000e+00 1.251900e+03 1.778100e+03 0
6.799100e-01 6.360700e-01 -1.908000e-01 0 29 65 1.465000e+01 3.060000e+00 1.293800e+03 9.539500e+02 0
6.725500e-01 7.347400e-01 -1.971300e-01 0 30 65 1.559100e+01 3.060000e+00 1.193500e+03 8.682200e+02 0
6.793700e-01 7.975800e-01 -2.011600e-01 0 31 65 1.575200e+01 3.060000e+00 1155 8.264900e+02 0
6.766400e-01 8.322100e-01 -2.033900e-01 0 32 65 1.525100e+01 3.060000e+00 1.130900e+03 8.064000e+02 0
6.810000e-01 8.654900e-01 -2.055200e-01 0 33 65 1.387900e+01 3.060000e+00 1.115700e+03 7.889300e+02 0
6.752700e-01 9.155200e-01 -2.087300e-01 0 34 65 1.112400e+01 3.060000e+00 1.085400e+03 7.651300e+02 0
-7.606700e-01 9.011700e-01 -2.078100e-01 0 35 65 1.070400e+01 3.060000e+00 -1.327300e+00 7.476700e+02 0
-8.212400e-01 8.799100e-01 -2.064500e-01 0 36 65 1.182400e+01 3.060000e+00 -6.359800e+01 7.555400e+02 0
-8.348900e-01 8.965100e-01 -2.075100e-01 0 37 65 1.233400e+01 3.060000e+00 -5.860500e+01 7.484000e+02 0
-8.580800e-01 9.052400e-01 -2.080700e-01 0 38 65 1.210100e+01 3.060000e+00 -6.744200e+01 7.445100e+02 0
-8.916400e-01 9.257900e-01 -2.093900e-01 0 39 65 1.105900e+01 3.060000e+00 -7.293500e+01 7.359900e+02 0
0 0 -1.500000e-01 3.204100e-02 1 66 1.558300e+01 3.060000e+00 2167 -3.612800e+03 0
-7.093800e-02 1.131800e-01 -1.572600e-01 3.204100e-02 5 66 1.417800e+01 3.060000e+00 -3.014100e+03 7.543400e+03 0
-1.585200e-01 1.859800e-01 -1.619300e-01 3.204100e-02 8 66 1.331300e+01 3.060000e+00 -1095 2.930600e+03 0
-2.008100e-01 1.930400e-01 -1.623800e-01 3.204100e-02 9 66 1.265200e+01 3.060000e+00 -1.188200e+03 2.759400e+03 0
-2.480100e-01 1.887600e-01 -1.621100e-01 3.204100e-02 10 66 1.261200e+01 3.060000e+00 -1.473500e+03 2.810500e+03 0
-2.619200e-01 2.239000e-01 -1.643600e-01 3.204100e-02 11 66 1.210800e+01 3.060000e+00 -1.042800e+03 2.269500e+03 0
-2.911200e-01 2.286700e-01 -1.646700e-01 3.204100e-02 12 66 1.170400e+01 3.060000e+00 -1095 2.203900e+03 0
-3.077600e-01 2.777700e-01 -1.678200e-01 3.204100e-02 13 66 1.106200e+01 3.060000e+00 -7.295300e+02 1.785600e+03 0
-3.050300e-01 3.097100e-01 -1.698700e-01 3.204100e-02 14 66 1.043700e+01 3.060000e+00 -5.381600e+02 1.606300e+03 0
-1.145900e-01 3.380000e-01 -1.716800e-01 3.204100e-02 15 66 1.047000e+01 3.060000e+00 1.488300e+01 1509 0
3.536000e-01 3.621100e-01 -1.732300e-01 3.204100e-02 28 66 1.209100e+01 3.060000e+00 1.113500e+03 1.478300e+03 0
6.722700e-01 6.363000e-01 -1.908200e-01 3.204100e-02 29 66 1.360200e+01 3.060000e+00 1.284200e+03 9.534200e+02 0
6.725500e-01 7.312000e-01 -1.969100e-01 3.204100e-02 30 66 1.457000e+01 3.060000e+00 1.196200e+03 8.708200e+02 0
6.711800e-01 8.044000e-01 -2.016000e-01 3.204100e-02 31 66 1.476300e+01 3.060000e+00 1143 8.222000e+02 0
6.766400e-01 8.341800e-01 -2.035100e-01 3.204100e-02 32 66 1.432700e+01 3.060000e+00 1.129700e+03 8.053100e+02 0
6.810000e-01 8.636300e-01 -2.054000e-01 3.204100e-02 33 66 1.313600e+01 3.060000e+00 1.116700e+03 7.898700e+02 0
7.022900e-01 8.453600e-01 -2.042300e-01 3.204100e-02 34 66 1.123000e+01 3.060000e+00 1.145500e+03 7.998000e+02 0
-7.328400e-01 9.161600e-01 -2.087700e-01 3.204100e-02 35 66 1.021700e+01 3.060000e+00 3.037200e+01 7.421000e+02 0
-8.116900e-01 8.859100e-01 -2.068300e-01 3.204100e-02 36 66 1.104900e+01 3.060000e+00 -5.122600e+01 7.531500e+02 0
-8.250600e-01 9.062000e-01 -2.081300e-01 3.204100e-02 37 66 1.149300e+01 3.060000e+00 -4.314400e+01 7.446300e+02 0
-8.479800e-01 9.308400e-01 -2.097100e-01 3.204100e-02 38 66 1.132000e+01 3.060000e+00 -3.845900e+01 7.347200e+02 0
-8.916400e-01 9.607700e-01 -2.116300e-01 3.204100e-02 39 66 1.040900e+01 3.060000e+00 -4.366700e+01 7.232100e+02 0
0 0 -1.500000e-01 6.408200e-02 1 67 1.021300e+01 3.060000e+00 2167 -3.612800e+03 0
-3.137600e-02 9.976000e-03 -1.506400e-01 6.408200e-02 2 67 9.694400e+00 3.060000e+00 2742 -4.314900e+03 0
6.722700e-01 6.810300e-01 -1.936900e-01 6.408200e-02 29 67 9.507600e+00 3.060000e+00 1239 9.111400e+02 0
6.725500e-01 7.535300e-01 -1.983400e-01 6.408200e-02 30 67 1.034600e+01 3.060000e+00 1.179200e+03 8.548500e+02 0
6.711800e-01 8.030900e-01 -2.015200e-01 6.408200e-02 31 67 1.050300e+01 3.060000e+00 1.143900e+03 8.229900e+02 0
6.597200e-01 8.318600e-01 -2.033600e-01 6.408200e-02 32 67 1.058200e+01 3.060000e+00 1.116100e+03 8.062400e+02 0
6.722700e-01 8.093900e-01 -2.019200e-01 6.408200e-02 33 67 1.057200e+01 3.060000e+00 1.140900e+03 8.192800e+02 0
6.932800e-01 7.254400e-01 -1.965400e-01 6.408200e-02 34 67 9.884100e+00 3.060000e+00 1.222400e+03 8.757100e+02 0
0 0 -1.500000e-01 9.612300e-02 1 68 9.806900e+00 3.060000e+00 2167 -3.612800e+03 0
6.409000e-01 7.813000e-01 -2.001200e-01 9.612300e-02 30 68 1.003900e+01 3.060000e+00 1.129400e+03 8.356900e+02 0
6.711800e-01 8.043300e-01 -2.016000e-01 9.612300e-02 31 68 1.046500e+01 3.060000e+00 1.143100e+03 8.222500e+02 0
6.935500e-01 8.185900e-01 -2.025100e-01 9.612300e-02 32 68 1.016000e+01 3.060000e+00 1.154400e+03 8.144100e+02 0
-1.484000e+00 8.874400e+00 -7.192900e-01 -8.651100e-01 260 38 1.040600e+01 3.060000e+00 5.749800e+02 4.342200e+02 1
-1.560600e+00 8.905600e+00 -7.212900e-01 -8.651100e-01 261 38 1.048700e+01 3.060000e+00 5.699500e+02 4.340800e+02 1
3.313300e+00 1.241500e+01 -9.464500e-01 -8.651100e-01 369 38 1.018200e+01 3.060000e+00 8.573600e+02 4.257400e+02 1
3.523700e+00 1.239600e+01 -9.451700e-01 -8.651100e-01 370 38 1.034000e+01 3.060000e+00 8.686800e+02 4.258200e+02 1
-1.484000e+00 8.921000e+00 -7.222800e-01 -8.330700e-01 260 39 1.073300e+01 3.060000e+00 5.756100e+02 4.340500e+02 1
-1.560600e+00 8.943000e+00 -7.236900e-01 -8.330700e-01 261 39 1.097800e+01 3.060000e+00 5.704700e+02 4.339400e+02 1
-1.566600e+00 8.975300e+00 -7.257600e-01 -8.330700e-01 262 39 1.069100e+01 3.060000e+00 5.704900e+02 4.338200e+02 1
-1.644100e+00 8.956700e+00 -7.245700e-01 -8.330700e-01 263 39 1.050500e+01 3.060000e+00 5.647500e+02 4.338600e+02 1
-1.722200e+00 8.999000e+00 -7.272800e-01 -8.330700e-01 264 39 1.015700e+01 3.060000e+00 5.598700e+02 4.336800e+02 1
3.413800e+00 1.239000e+01 -9.447900e-01 -8.330700e-01 369 39 1.144500e+01 3.060000e+00 8.629800e+02 4.258100e+02 1
3.523700e+00 1.239300e+01 -9.449900e-01 -8.330700e-01 370 39 1.190000e+01 3.060000e+00 8.687200e+02 4.258300e+02 1
3.634200e+00 1.239500e+01 -9.451500e-01 -8.330700e-01 371 39 1.124100e+01 3.060000e+00 8.745000e+02 4.258500e+02 1
3.313300e+00 1.240300e+01 -9.456300e-01 -8.010300e-01 369 40 1.103900e+01 3.060000e+00 8.575300e+02 4.257600e+02 1
3.423000e+00 1.241500e+01 -9.464000e-01 -8.010300e-01 370 40 1.159600e+01 3.060000e+00 8.631200e+02 4.257600e+02 1
3.432300e+00 1.243300e+01 -9.475700e-01 -8.010300e-01 371 40 1.101000e+01 3.060000e+00 8.633600e+02 4.257300e+02 1
0 0 -1.500000e-01 -9.612300e-02 1 62 9.730400e+00 3.060000e+00 2167 -3.612800e+03 0
-1.637000e-03 3.483300e-02 -1.522300e-01 -9.612300e-02 2 62 9.432900e+00 3.060000e+00 3.507900e+03 -7.193700e+03 0
6.711800e-01 7.878900e-01 -2.005400e-01 -9.612300e-02 31 62 1.000600e+01 3.060000e+00 1.153800e+03 8.322600e+02 0
0 0 -1.500000e-01 -3.204100e-02 1 64 1.553400e+01 3.060000e+00 2167 -3.612800e+03 0
-7.093800e-02 1.125800e-01 -1.572200e-01 -3.204100e-02 5 64 1.415000e+01 3.060000e+00 -3.068700e+03 7.648600e+03 0
-1.585200e-01 1.860100e-01 -1.619300e-01 -3.204100e-02 8 64 1.331600e+01 3.060000e+00 -1.094400e+03 2.929800e+03 0
-1.986300e-01 1.948600e-01 -1.625000e-01 -3.204100e-02 9 64 1.263600e+01 3.060000e+00 -1.151500e+03 2.727100e+03 0
-2.480100e-01 1.865900e-01 -1.619700e-01 -3.204100e-02 10 64 1.258100e+01 3.060000e+00 -1.512200e+03 2.853600e+03 0
-2.592000e-01 2.256700e-01 -1.644800e-01 -3.204100e-02 11 64 1.208200e+01 3.060000e+00 -1.013900e+03 2.250100e+03 0
-2.851200e-01 2.334600e-01 -1.649800e-01 -3.204100e-02 12 64 1.166100e+01 3.060000e+00 -1.023900e+03 2155 0
-3.012100e-01 2.835100e-01 -1.681900e-01 -3.204100e-02 13 64 1.096000e+01 3.060000e+00 -6.747800e+02 1.750800e+03 0
-3.972500e-01 2.637000e-01 -1.669200e-01 -3.204100e-02 15 64 1.038300e+01 3.060000e+00 -1.087600e+03 1.860400e+03 0
3.609700e-01 2.541100e-01 -1.663000e-01 -3.204100e-02 28 64 1.205400e+01 3.060000e+00 1.411700e+03 2.172400e+03 0
6.799100e-01 6.401500e-01 -1.910700e-01 -3.204100e-02 29 64 1.364300e+01 3.060000e+00 1.289300e+03 9.498000e+02 0
6.804600e-01 7.301400e-01 -1.968400e-01 -3.204100e-02 30 64 1.457200e+01 3.060000e+00 1.205200e+03 8.718300e+02 0
6.793700e-01 7.975400e-01 -2.011600e-01 -3.204100e-02 31 64 1.472300e+01 3.060000e+00 1155 8.265200e+02 0
6.851000e-01 8.235300e-01 -2.028300e-01 -3.204100e-02 32 64 1.421000e+01 3.060000e+00 1.143700e+03 8.114200e+02 0
6.810000e-01 8.621600e-01 -2.053100e-01 -3.204100e-02 33 64 1.282300e+01 3.060000e+00 1.117500e+03 7.906200e+02 0
-8.403400e-01 8.605300e-01 -2.052000e-01 -3.204100e-02 36 64 1.056100e+01 3.060000e+00 -9.593700e+01 7.636500e+02 0
-8.348900e-01 8.868800e-01 -2.068900e-01 -3.204100e-02 37 64 1.115100e+01 3.060000e+00 -6.722000e+01 7.523700e+02 0
-8.580800e-01 8.741200e-01 -2.060700e-01 -3.204100e-02 38 64 1.090400e+01 3.060000e+00 -9.602800e+01 7.574100e+02 0
