0 0 -1.500000e-01 0 1 65 1.657900e+01 2.010000e+00 2167 -3.612800e+03 0
-7.093800e-02 1.128200e-01 -1.547500e-01 0 5 65 1.517600e+01 2.010000e+00 -3.037700e+03 7551 0
-1.585200e-01 1.860800e-01 -1.578400e-01 0 8 65 1.434200e+01 2.010000e+00 -1.091100e+03 2.903300e+03 0
-2.008100e-01 1.914000e-01 -1.580600e-01 0 9 65 1.366800e+01 2.010000e+00 -1.210600e+03 2.766300e+03 0
-2.480100e-01 1.870100e-01 -1.578800e-01 0 10 65 1.364300e+01 2.010000e+00 -1.501800e+03 2.820800e+03 0
-2.619200e-01 2.226100e-01 -1.593700e-01 0 11 65 1.313400e+01 2.010000e+00 -1.055100e+03 2.263400e+03 0
-2.881200e-01 2.313900e-01 -1.597400e-01 0 12 65 1.272700e+01 2.010000e+00 -1.053600e+03 2.154800e+03 0
-3.077600e-01 2.768600e-01 -1.616600e-01 0 13 65 1.197900e+01 2.010000e+00 -7.341200e+02 1.772300e+03 0
-2.979400e-01 3.038200e-01 -1.628000e-01 0 14 65 1.146400e+01 2.010000e+00 -5.496100e+02 1.618600e+03 0
-1.145900e-01 4.099000e-01 -1.672600e-01 0 15 65 1.135300e+01 2.010000e+00 1.589500e+02 1.257300e+03 0
-3.642400e-01 3.676800e-01 -1.654800e-01 0 16 65 1.119400e+01 2.010000e+00 -4.187800e+02 1.352400e+03 0
3.609700e-01 3.071600e-01 -1.629400e-01 0 28 65 1.310900e+01 2.010000e+00 1.238500e+03 1.726900e+03 0
6.722700e-01 6.439000e-01 -1.771200e-01 0 29 65 1.467800e+01 2.010000e+00 1.275200e+03 9.293000e+02 0
6.725500e-01 7.361300e-01 -1.810000e-01 0 30 65 1.564700e+01 2.010000e+00 1.191600e+03 8.511800e+02 0
6.793700e-01 7.975400e-01 -1.835900e-01 0 31 65 1.583200e+01 2.010000e+00 1.154300e+03 8.107200e+02 0
6.766400e-01 8.299500e-01 -1.849500e-01 0 32 65 1.533800e+01 2.010000e+00 1.131600e+03 7.919600e+02 0
6.810000e-01 8.621300e-01 -1.863100e-01 0 33 65 1.393900e+01 2.010000e+00 1.116900e+03 7.750400e+02 0
6.482600e-01 9.489200e-01 -1.899600e-01 0 34 65 1.122000e+01 2.010000e+00 1.048900e+03 7.350700e+02 0
7.606700e-01 7.147500e-01 -1.801000e-01 0 35 65 1.094000e+01 2.010000e+00 1.302300e+03 8.697100e+02 0
-8.116900e-01 9.124800e-01 -1.884300e-01 0 36 65 1.179400e+01 2.010000e+00 -2.785700e+01 7.278000e+02 0
-8.250600e-01 9.271700e-01 -1.890500e-01 0 37 65 1.212900e+01 2.010000e+00 -2.509600e+01 7.219300e+02 0
-8.378900e-01 9.484300e-01 -1.899400e-01 0 38 65 1.177400e+01 2.010000e+00 -1.685600e+01 7.138800e+02 0
-8.501600e-01 9.883000e-01 -1.916200e-01 0 39 65 1.054500e+01 2.010000e+00 5.230000e+00 6.999100e+02 0
0 0 -1.500000e-01 3.204100e-02 1 66 1.556000e+01 2.010000e+00 2167 -3.612800e+03 0
-7.093800e-02 1.131700e-01 -1.547700e-01 3.204100e-02 5 66 1.417700e+01 2.010000e+00 -3.005700e+03 7.489500e+03 0
-1.604300e-01 1.844000e-01 -1.577700e-01 3.204100e-02 8 66 1.335700e+01 2.010000e+00 -1.126400e+03 2.938300e+03 0
-2.008100e-01 1.923400e-01 -1.581000e-01 3.204100e-02 9 66 1.266000e+01 2.010000e+00 -1.196300e+03 2.748400e+03 0
-2.480100e-01 1.886500e-01 -1.579500e-01 3.204100e-02 10 66 1.260400e+01 2.010000e+00 -1.472500e+03 2.788400e+03 0
-2.619200e-01 2.239700e-01 -1.594300e-01 3.204100e-02 11 66 1.212700e+01 2.010000e+00 -1.040100e+03 2.247300e+03 0
-2.911200e-01 2.277700e-01 -1.595900e-01 3.204100e-02 12 66 1.168300e+01 2.010000e+00 -1.102800e+03 2.192700e+03 0
-3.110400e-01 2.732900e-01 -1.615100e-01 3.204100e-02 13 66 1.095700e+01 2.010000e+00 -7.676500e+02 1.795200e+03 0
-4.125300e-01 2.301300e-01 -1.596900e-01 3.204100e-02 15 66 1.043000e+01 2.010000e+00 -1.488700e+03 2.123500e+03 0
-3.560500e-01 3.772300e-01 -1.658900e-01 3.204100e-02 16 66 1.032000e+01 2.010000e+00 -3.695100e+02 1.324100e+03 0
3.536000e-01 3.630100e-01 -1.652900e-01 3.204100e-02 28 66 1.207400e+01 2.010000e+00 1.111400e+03 1.455800e+03 0
6.722700e-01 6.375800e-01 -1.768500e-01 3.204100e-02 29 66 1.364900e+01 2.010000e+00 1.281900e+03 9.356200e+02 0
6.725500e-01 7.336000e-01 -1.809000e-01 3.204100e-02 30 66 1.461100e+01 2.010000e+00 1.193600e+03 8.530200e+02 0
6.711800e-01 8.044700e-01 -1.838800e-01 3.204100e-02 31 66 1.480800e+01 2.010000e+00 1.142300e+03 8.064000e+02 0
6.766400e-01 8.305300e-01 -1.849800e-01 3.204100e-02 32 66 1.433800e+01 2.010000e+00 1.131200e+03 7.916400e+02 0
6.810000e-01 8.623500e-01 -1.863200e-01 3.204100e-02 33 66 1.297600e+01 2.010000e+00 1.116700e+03 7.749300e+02 0
6.662700e-01 9.346800e-01 -1.893600e-01 3.204100e-02 34 66 1.032900e+01 2.010000e+00 1.068800e+03 7.412500e+02 0
-3.432300e-01 1.041200e+00 -1.938500e-01 3.204100e-02 35 66 9.863800e+00 2.010000e+00 3.596500e+02 6.891300e+02 0
-8.116900e-01 9.100100e-01 -1.883200e-01 3.204100e-02 36 66 1.080500e+01 2.010000e+00 -2.991700e+01 7.287700e+02 0
-8.250600e-01 9.102500e-01 -1.883300e-01 3.204100e-02 37 66 1.112100e+01 2.010000e+00 -3.917700e+01 7.284800e+02 0
-8.378900e-01 9.095100e-01 -1.883000e-01 3.204100e-02 38 66 1.071700e+01 2.010000e+00 -4.887900e+01 7.285800e+02 0
-8.398000e-01 9.299500e-01 -1.891600e-01 3.204100e-02 39 66 9.783100e+00 2.010000e+00 -3.302500e+01 7.206700e+02 0
0 0 -1.500000e-01 6.408200e-02 1 67 1.065600e+01 2.010000e+00 2167 -3.612800e+03 0
6.804600e-01 7.140800e-01 -1.800700e-01 6.408200e-02 30 67 1.013000e+01 2.010000e+00 1.217700e+03 8.679600e+02 0
6.875500e-01 7.856900e-01 -1.830900e-01 6.408200e-02 31 67 1.027600e+01 2.010000e+00 1170 8.181800e+02 0
-2.226400e-01 1.424700e+01 -7.500000e-01 -7.689800e-01 409 41 1.064100e+01 2.010000e+00 6.761000e+02 4.083200e+02 0
-3.347700e-01 1.427500e+01 -7.511700e-01 -7.689800e-01 410 41 1.141400e+01 2.010000e+00 6.711200e+02 4.082600e+02 0
-3.902700e+00 9.644500e+00 -5.561800e-01 -7.369400e-01 299 42 1.004700e+01 2.010000e+00 4.268900e+02 4.174200e+02 1
-3.339500e-01 1.421400e+01 -7.486100e-01 -7.369400e-01 409 42 1.062000e+01 2.010000e+00 6.710600e+02 4.083500e+02 0
-3.347700e-01 1.422600e+01 -7.491400e-01 -7.369400e-01 410 42 1.124900e+01 2.010000e+00 6.710400e+02 4.083300e+02 0
-4.132700e+00 9.513300e+00 -5.506500e-01 -7.049000e-01 298 43 1.017600e+01 2.010000e+00 4.081800e+02 4.177700e+02 1
-4.146600e+00 9.544000e+00 -5.519400e-01 -7.049000e-01 299 43 1.102700e+01 2.010000e+00 4.081900e+02 4.176700e+02 1
-4.160500e+00 9.553500e+00 -5.523400e-01 -7.049000e-01 300 43 1.078000e+01 2.010000e+00 4.075700e+02 4.176400e+02 1
-4.381500e+00 9.620500e+00 -5.551600e-01 -7.049000e-01 304 43 1.037700e+01 2.010000e+00 3.952700e+02 4.173800e+02 1
-4.396000e+00 9.638100e+00 -5.559100e-01 -7.049000e-01 305 43 1.028600e+01 2.010000e+00 3.948900e+02 4.173200e+02 1
0 0 -1.500000e-01 -9.612300e-02 1 62 1.044600e+01 2.010000e+00 2167 -3.612800e+03 0
-1.828000e-02 1.361800e-02 -1.505700e-01 -9.612300e-02 2 62 9.850900e+00 2.010000e+00 2.712800e+03 -4566 0
0 0 -1.500000e-01 -6.408200e-02 1 63 1.042700e+01 2.010000e+00 2167 -3.612800e+03 0
6.646300e-01 7.577300e-01 -1.819100e-01 -6.408200e-02 30 63 9.924000e+00 2.010000e+00 1.167600e+03 8.358500e+02 0
6.711800e-01 7.885000e-01 -1.832100e-01 -6.408200e-02 31 63 1.002100e+01 2.010000e+00 1.152600e+03 8.160600e+02 0
0 0 -1.500000e-01 -3.204100e-02 1 64 1.554200e+01 2.010000e+00 2167 -3.612800e+03 0
-7.093800e-02 1.120900e-01 -1.547200e-01 -3.204100e-02 5 64 1.414700e+01 2.010000e+00 -3.104800e+03 7.679700e+03 0
-1.585200e-01 1.860900e-01 -1.578400e-01 -3.204100e-02 8 64 1.331600e+01 2.010000e+00 -1.090900e+03 2.903100e+03 0
-2.008100e-01 1.911500e-01 -1.580500e-01 -3.204100e-02 9 64 1.264800e+01 2.010000e+00 -1.214400e+03 2771 0
-2.480100e-01 1.861000e-01 -1.578400e-01 -3.204100e-02 10 64 1.259700e+01 2.010000e+00 -1.518400e+03 2.839300e+03 0
-2.592000e-01 2.250700e-01 -1.594800e-01 -3.204100e-02 11 64 1.208900e+01 2.010000e+00 -1.018200e+03 2.235500e+03 0
-2.851200e-01 2.328600e-01 -1.598100e-01 -3.204100e-02 12 64 1.168200e+01 2.010000e+00 -1.028100e+03 2.140400e+03 0
-3.012100e-01 2.830200e-01 -1.619200e-01 -3.204100e-02 13 64 1.091200e+01 2.010000e+00 -6.764700e+02 1.734800e+03 0
-2.908500e-01 3.152200e-01 -1.632800e-01 -3.204100e-02 14 64 1.050400e+01 2.010000e+00 -4.763400e+02 1.563900e+03 0
-1.145900e-01 4.109400e-01 -1.673100e-01 -3.204100e-02 15 64 1.047800e+01 2.010000e+00 1.605800e+02 1.254600e+03 0
3.683300e-01 2.349400e-01 -1.598900e-01 -3.204100e-02 28 64 1.206500e+01 2.010000e+00 1.535500e+03 2.379800e+03 0
6.799100e-01 6.424800e-01 -1.770600e-01 -3.204100e-02 29 64 1.367600e+01 2.010000e+00 1.285800e+03 9.309700e+02 0
6.725500e-01 7.394800e-01 -1.811400e-01 -3.204100e-02 30 64 1.464900e+01 2.010000e+00 1189 8.487700e+02 0
6.793700e-01 7.973300e-01 -1.835800e-01 -3.204100e-02 31 64 1.483200e+01 2.010000e+00 1.154500e+03 8.108500e+02 0
6.766400e-01 8.286800e-01 -1.849000e-01 -3.204100e-02 32 64 1.432000e+01 2.010000e+00 1.132300e+03 7.926600e+02 0
6.810000e-01 8.623500e-01 -1.863200e-01 -3.204100e-02 33 64 1.291100e+01 2.010000e+00 1.116700e+03 7.749300e+02 0
6.302600e-01 9.618100e-01 -1.905100e-01 -3.204100e-02 34 64 1.026100e+01 2.010000e+00 1.030200e+03 7.296300e+02 0
7.699500e-01 6.087900e-01 -1.756400e-01 -3.204100e-02 35 64 9.904000e+00 2.010000e+00 1.440900e+03 9.704000e+02 0
-8.212400e-01 9.022300e-01 -1.880000e-01 -3.204100e-02 36 64 1.066600e+01 2.010000e+00 -4.332300e+01 7.317300e+02 0
-8.250600e-01 9.230900e-01 -1.888800e-01 -3.204100e-02 37 64 1.106300e+01 2.010000e+00 -2.844200e+01 7.234900e+02 0
-8.479800e-01 9.351500e-01 -1.893800e-01 -3.204100e-02 38 64 1.073300e+01 2.010000e+00 -3.440400e+01 7.186100e+02 0
