0 0 -1.500000e-01 0 1 65 1.657800e+01 4.150000e+00 2167 -3.612800e+03 0
-7.093800e-02 1.127900e-01 -1.594600e-01 0 5 65 1.517600e+01 4.150000e+00 -3.057100e+03 7.660500e+03 0
-1.585200e-01 1.860700e-01 -1.656100e-01 0 8 65 1.433100e+01 4.150000e+00 -1.095600e+03 2.951200e+03 0
-2.008100e-01 1.911900e-01 -1.660400e-01 0 9 65 1.365700e+01 4.150000e+00 -1.218500e+03 2.816400e+03 0
-2.480100e-01 1.861100e-01 -1.656200e-01 0 10 65 1.361100e+01 4.150000e+00 -1.523700e+03 2.885400e+03 0
-2.619200e-01 2.217600e-01 -1.686100e-01 0 11 65 1.304800e+01 4.150000e+00 -1.068400e+03 2.314600e+03 0
-2.851200e-01 2.357100e-01 -1.697800e-01 0 12 65 1.269600e+01 4.150000e+00 -1003 2.150700e+03 0
-3.012100e-01 2.844300e-01 -1.738700e-01 0 13 65 1.196500e+01 4.150000e+00 -6.703500e+02 1.762300e+03 0
-4.291700e-01 7.804700e-02 -1.565500e-01 0 14 65 1.136000e+01 4.150000e+00 -20101 16579 0
-1.222300e-01 4.136000e-01 -1.847100e-01 0 15 65 1.107900e+01 4.150000e+00 1.502900e+02 1.279900e+03 0
-3.560500e-01 3.763900e-01 -1.815800e-01 0 16 65 1.112200e+01 4.150000e+00 -3.741900e+02 1.359200e+03 0
3.536000e-01 3.340300e-01 -1.780300e-01 0 28 65 1.310800e+01 4.150000e+00 1.161800e+03 1.617800e+03 0
6.799100e-01 6.366400e-01 -2.034200e-01 0 29 65 1.466400e+01 4.150000e+00 1.293900e+03 9.681900e+02 0
6.725500e-01 7.356300e-01 -2.117300e-01 0 30 65 1.559500e+01 4.150000e+00 1.193400e+03 8.819600e+02 0
6.793700e-01 7.975800e-01 -2.169300e-01 0 31 65 1.575900e+01 4.150000e+00 1.155700e+03 8.406800e+02 0
6.766400e-01 8.328900e-01 -2.198900e-01 0 32 65 1.525700e+01 4.150000e+00 1.131100e+03 8.201100e+02 0
6.810000e-01 8.689800e-01 -2.229200e-01 0 33 65 1.387500e+01 4.150000e+00 1.114400e+03 8.011700e+02 0
7.142900e-01 8.904500e-01 -2.247200e-01 0 35 65 1.099300e+01 4.150000e+00 1.130300e+03 7.913000e+02 0
-8.212400e-01 8.931200e-01 -2.249400e-01 0 36 65 1.178700e+01 4.150000e+00 -5.224300e+01 7.630900e+02 0
-8.447100e-01 8.896500e-01 -2.246500e-01 0 37 65 1.213800e+01 4.150000e+00 -7.232400e+01 7.641400e+02 0
-8.681700e-01 8.888900e-01 -2.245900e-01 0 38 65 1.166000e+01 4.150000e+00 -8.999300e+01 7.640700e+02 0
-9.123700e-01 9.035500e-01 -2.258200e-01 0 39 65 1.014200e+01 4.150000e+00 -108 7.573700e+02 0
0 0 -1.500000e-01 3.204100e-02 1 66 1.556700e+01 4.150000e+00 2167 -3.612800e+03 0
-7.202900e-02 1.123000e-01 -1.594200e-01 3.204100e-02 5 66 1.416100e+01 4.150000e+00 -3.115900e+03 7.740900e+03 0
-1.585200e-01 1.860400e-01 -1.656100e-01 3.204100e-02 8 66 1.334100e+01 4.150000e+00 -1.096100e+03 2.951800e+03 0
-2.008100e-01 1.913300e-01 -1.660500e-01 3.204100e-02 9 66 1.265900e+01 4.150000e+00 -1.216400e+03 2.813800e+03 0
-2.480100e-01 1.868300e-01 -1.656800e-01 3.204100e-02 10 66 1.258900e+01 4.150000e+00 -1.510600e+03 2.870700e+03 0
-2.592000e-01 2.270400e-01 -1.690500e-01 3.204100e-02 11 66 1.208400e+01 4.150000e+00 -1.001100e+03 2.253600e+03 0
-2.851200e-01 2.381600e-01 -1.699800e-01 3.204100e-02 12 66 1.167700e+01 4.150000e+00 -9.791200e+02 2.126200e+03 0
-3.044900e-01 2.827000e-01 -1.737200e-01 3.204100e-02 13 66 1.094500e+01 4.150000e+00 -6.899700e+02 1.772300e+03 0
3.536000e-01 3.459700e-01 -1.790300e-01 3.204100e-02 28 66 1.216900e+01 4.150000e+00 1.140300e+03 1.562500e+03 0
6.799100e-01 6.360300e-01 -2.033700e-01 3.204100e-02 29 66 1.369200e+01 4.150000e+00 1.294600e+03 9.688200e+02 0
6.725500e-01 7.342600e-01 -2.116100e-01 3.204100e-02 30 66 1.461000e+01 4.150000e+00 1.194500e+03 8.829700e+02 0
6.711800e-01 8.044600e-01 -2.175000e-01 3.204100e-02 31 66 1.478400e+01 4.150000e+00 1.143600e+03 8.363400e+02 0
6.766400e-01 8.347500e-01 -2.200500e-01 3.204100e-02 32 66 1.431900e+01 4.150000e+00 1130 8.190900e+02 0
6.810000e-01 8.717600e-01 -2.231500e-01 3.204100e-02 33 66 1.304300e+01 4.150000e+00 1.112900e+03 7.997800e+02 0
6.572700e-01 9.379500e-01 -2.287100e-01 3.204100e-02 34 66 1.063700e+01 4.150000e+00 1.061600e+03 7.689500e+02 0
6.957400e-01 8.572100e-01 -2.219300e-01 3.204100e-02 35 66 9.811100e+00 4.150000e+00 1.133500e+03 8.074800e+02 0
-7.926000e-01 9.226700e-01 -2.274200e-01 3.204100e-02 36 66 1.083700e+01 4.150000e+00 -7.023800e+00 7.517300e+02 0
-8.250600e-01 9.083600e-01 -2.262200e-01 3.204100e-02 37 66 1.118000e+01 4.150000e+00 -4.175900e+01 7.568400e+02 0
-8.479800e-01 9.019000e-01 -2.256800e-01 3.204100e-02 38 66 1.066200e+01 4.150000e+00 -6.369100e+01 7.590700e+02 0
0 0 -1.500000e-01 6.408200e-02 1 67 9.460000e+00 4.150000e+00 2167 -3.612800e+03 0
6.883700e-01 7.194800e-01 -2.103700e-01 6.408200e-02 30 67 9.637900e+00 4.150000e+00 1223 8.945900e+02 0
6.711800e-01 8.039800e-01 -2.174600e-01 6.408200e-02 31 67 9.976000e+00 4.150000e+00 1.143900e+03 8.366200e+02 0
6.851000e-01 8.371200e-01 -2.202400e-01 6.408200e-02 32 67 9.961400e+00 4.150000e+00 1.136100e+03 8.179700e+02 0
6.897400e-01 8.685200e-01 -2.228800e-01 6.408200e-02 33 67 1.000900e+01 4.150000e+00 1122 8.015800e+02 0
7.022900e-01 8.685500e-01 -2.228800e-01 6.408200e-02 34 67 9.502300e+00 4.150000e+00 1.132600e+03 8.018100e+02 0
-9.167400e-01 8.330300e+00 -8.490200e-01 -9.291900e-01 241 36 1.069200e+01 4.150000e+00 6.105500e+02 4.488100e+02 1
-9.863100e-01 8.356600e+00 -8.512200e-01 -9.291900e-01 242 36 1.070700e+01 4.150000e+00 6.055100e+02 4.486700e+02 1
-9.904000e-01 8.387100e+00 -8.537800e-01 -9.291900e-01 243 36 1.045600e+01 4.150000e+00 6.055200e+02 4.485400e+02 1
-9.282000e-01 8.432000e+00 -8.575500e-01 -9.291900e-01 244 36 1.013200e+01 4.150000e+00 6.107000e+02 4.483700e+02 1
-7.988700e-01 8.458500e+00 -8.597700e-01 -9.291900e-01 245 36 1.033200e+01 4.150000e+00 6.207000e+02 4.483100e+02 1
-1.002700e+00 8.487800e+00 -8.622300e-01 -9.291900e-01 246 36 1.020900e+01 4.150000e+00 6.056600e+02 4.481100e+02 1
-1.047700e+00 8.311000e+00 -8.473900e-01 -8.971500e-01 241 37 1.026700e+01 4.150000e+00 6.003200e+02 4.488400e+02 1
-1.052100e+00 8.348200e+00 -8.505100e-01 -8.971500e-01 242 37 1.027200e+01 4.150000e+00 6.004100e+02 4.486800e+02 1
-1.203200e+00 8.417000e+00 -8.562900e-01 -8.971500e-01 246 37 1.011200e+01 4.150000e+00 5.897500e+02 4.483200e+02 1
4.177700e+00 1.141200e+01 -1.107600e+00 -8.971500e-01 349 37 1.047500e+01 4.150000e+00 9.219100e+02 4.405300e+02 1
4.189700e+00 1.144500e+01 -1.110300e+00 -8.971500e-01 350 37 1.053400e+01 4.150000e+00 9.219300e+02 4.404500e+02 1
4.488200e+00 1.136900e+01 -1.104000e+00 -8.971500e-01 351 37 1.059100e+01 4.150000e+00 9.407200e+02 4.407200e+02 1
4.692500e+00 1.132400e+01 -1.100200e+00 -8.971500e-01 352 37 1.016700e+01 4.150000e+00 9.536100e+02 4.408900e+02 1
4.082800e+00 1.144700e+01 -1.110500e+00 -8.651100e-01 349 38 1.093900e+01 4.150000e+00 9.157500e+02 4.404100e+02 1
4.094500e+00 1.147800e+01 -1.113200e+00 -8.651100e-01 350 38 1.110000e+01 4.150000e+00 9.158000e+02 4.403400e+02 1
4.297200e+00 1.143700e+01 -1.109700e+00 -8.651100e-01 351 38 1.089400e+01 4.150000e+00 9.282500e+02 4.405000e+02 1
4.405200e+00 1.138000e+01 -1.104900e+00 -8.651100e-01 352 38 1.057900e+01 4.150000e+00 9.357000e+02 4.406700e+02 1
0 0 -1.500000e-01 -9.612300e-02 1 62 1.019200e+01 4.150000e+00 2167 -3.612800e+03 0
3.465000e-02 4.294800e-03 -1.503600e-01 -9.612300e-02 2 62 9.661200e+00 4.150000e+00 1.921100e+03 -3.791700e+03 0
6.384400e-01 7.933700e-01 -2.165700e-01 -9.612300e-02 31 62 9.696400e+00 4.150000e+00 1.120200e+03 8.422900e+02 0
6.258900e-01 7.576200e-01 -2.135700e-01 -9.612300e-02 32 62 9.857900e+00 4.150000e+00 1.130900e+03 8.651400e+02 0
6.198900e-01 6.605900e-01 -2.054300e-01 -9.612300e-02 33 62 9.687300e+00 4.150000e+00 1.198900e+03 9.424900e+02 0
0 0 -1.500000e-01 -6.408200e-02 1 63 1.051400e+01 4.150000e+00 2167 -3.612800e+03 0
3.274100e-02 1.208200e-02 -1.510100e-01 -6.408200e-02 2 63 9.932700e+00 4.150000e+00 2.093100e+03 -4.315100e+03 0
6.725500e-01 7.547100e-01 -2.133300e-01 -6.408200e-02 30 63 9.631800e+00 4.150000e+00 1179 8.683700e+02 0
6.630000e-01 8.098200e-01 -2.179500e-01 -6.408200e-02 31 63 1.019200e+01 4.150000e+00 1.132800e+03 8.329700e+02 0
6.512600e-01 8.451900e-01 -2.209200e-01 -6.408200e-02 32 63 1.015100e+01 4.150000e+00 1.101900e+03 8.128900e+02 0
6.460800e-01 8.254500e-01 -2.192700e-01 -6.408200e-02 33 63 9.847400e+00 4.150000e+00 1.108300e+03 8.236000e+02 0
0 0 -1.500000e-01 -3.204100e-02 1 64 1.557700e+01 4.150000e+00 2167 -3.612800e+03 0
-7.093800e-02 1.118700e-01 -1.593900e-01 -3.204100e-02 5 64 1.414700e+01 4.150000e+00 -3.143600e+03 7.827600e+03 0
-1.585200e-01 1.861000e-01 -1.656200e-01 -3.204100e-02 8 64 1.330000e+01 4.150000e+00 -1.095200e+03 2.950500e+03 0
-2.008100e-01 1.905700e-01 -1.659900e-01 -3.204100e-02 9 64 1.262400e+01 4.150000e+00 -1228 2.828400e+03 0
-2.480100e-01 1.854100e-01 -1.655600e-01 -3.204100e-02 10 64 1.257400e+01 4.150000e+00 -1.536600e+03 2.899800e+03 0
-2.592000e-01 2.254100e-01 -1.689100e-01 -3.204100e-02 11 64 1.190500e+01 4.150000e+00 -1.018400e+03 2.272400e+03 0
-2.821100e-01 2.392900e-01 -1.700800e-01 -3.204100e-02 12 64 1.167500e+01 4.150000e+00 -9.582900e+02 2.116100e+03 0
-2.946700e-01 2.885600e-01 -1.742100e-01 -3.204100e-02 13 64 1.094500e+01 4.150000e+00 -6.279800e+02 1.738900e+03 0
-4.291700e-01 8.011800e-02 -1.567200e-01 -3.204100e-02 14 64 1.032800e+01 4.150000e+00 -17996 14942 0
-4.010700e-01 2.541800e-01 -1.713300e-01 -3.204100e-02 15 64 1.028200e+01 4.150000e+00 -1.188300e+03 1.948700e+03 0
3.536000e-01 2.887600e-01 -1.742300e-01 -3.204100e-02 28 64 1.198800e+01 4.150000e+00 1.266100e+03 1.886700e+03 0
6.799100e-01 6.372200e-01 -2.034700e-01 -3.204100e-02 29 64 1.360700e+01 4.150000e+00 1.293300e+03 9.676000e+02 0
6.725500e-01 7.371100e-01 -2.118500e-01 -3.204100e-02 30 64 1.454600e+01 4.150000e+00 1.192300e+03 8.808800e+02 0
6.793700e-01 7.974900e-01 -2.169200e-01 -3.204100e-02 31 64 1.471000e+01 4.150000e+00 1.155700e+03 8.407400e+02 0
6.766400e-01 8.307800e-01 -2.197100e-01 -3.204100e-02 32 64 1.420100e+01 4.150000e+00 1.132400e+03 8.212800e+02 0
6.810000e-01 8.678700e-01 -2.228300e-01 -3.204100e-02 33 64 1.279000e+01 4.150000e+00 1115 8.017300e+02 0
7.142900e-01 8.825600e-01 -2.240600e-01 -3.204100e-02 35 64 9.994400e+00 4.150000e+00 1.134700e+03 7.951000e+02 0
-8.307900e-01 8.732900e-01 -2.232800e-01 -3.204100e-02 36 64 1.073400e+01 4.150000e+00 -7.720700e+01 7.713200e+02 0
-8.348900e-01 8.851600e-01 -2.242800e-01 -3.204100e-02 37 64 1.105600e+01 4.150000e+00 -6.927400e+01 7.661900e+02 0
-8.479800e-01 9.016500e-01 -2.256600e-01 -3.204100e-02 38 64 1.055400e+01 4.150000e+00 -6.391500e+01 7.591700e+02 0
