0 0 -1.500000e-01 0 1 65 1.657500e+01 3.830000e+00 2167 -3.612800e+03 0
-7.093800e-02 1.128800e-01 -1.590700e-01 0 5 65 1.518100e+01 3.830000e+00 -3.048100e+03 7.636800e+03 0
-1.585200e-01 1.860900e-01 -1.649500e-01 0 8 65 1.434400e+01 3.830000e+00 -1.094900e+03 2.946500e+03 0
-2.008100e-01 1.909100e-01 -1.653400e-01 0 9 65 1.367600e+01 3.830000e+00 -1.222400e+03 2.817800e+03 0
-2.480100e-01 1.870400e-01 -1.650300e-01 0 10 65 1.365900e+01 3.830000e+00 -1.506200e+03 2.862400e+03 0
-2.619200e-01 2.232800e-01 -1.679400e-01 0 11 65 1.316300e+01 3.830000e+00 -1.051200e+03 2.292800e+03 0
-2.881200e-01 2.345200e-01 -1.688400e-01 0 12 65 1.274000e+01 3.830000e+00 -1.024900e+03 2.158400e+03 0
-3.077600e-01 2.789300e-01 -1.724100e-01 0 13 65 1.196700e+01 3.830000e+00 -7.229400e+02 1.792200e+03 0
-3.050300e-01 3.081000e-01 -1.747500e-01 0 14 65 1.127800e+01 3.830000e+00 -5.471600e+02 1.627800e+03 0
-1.298700e-01 2.910000e-01 -1.733800e-01 0 15 65 1.128100e+01 3.830000e+00 -1.722100e+02 1.755800e+03 0
3.609700e-01 3.130800e-01 -1.751500e-01 0 28 65 1.311800e+01 3.830000e+00 1226 1.727100e+03 0
6.799100e-01 6.372000e-01 -2.011900e-01 0 29 65 1.465300e+01 3.830000e+00 1.293200e+03 9.649300e+02 0
6.725500e-01 7.362900e-01 -2.091500e-01 0 30 65 1.558900e+01 3.830000e+00 1.192800e+03 8.788700e+02 0
6.793700e-01 7.975800e-01 -2.140700e-01 0 31 65 1.574100e+01 3.830000e+00 1.155600e+03 8.381100e+02 0
6.766400e-01 8.336200e-01 -2.169700e-01 0 32 65 1.520800e+01 3.830000e+00 1.130600e+03 8.171600e+02 0
6.810000e-01 8.732200e-01 -2.201500e-01 0 33 65 1.373600e+01 3.830000e+00 1112 7.965200e+02 0
7.606700e-01 7.353700e-01 -2.090800e-01 0 35 65 1.077300e+01 3.830000e+00 1.284100e+03 8.820200e+02 0
-8.307900e-01 8.958700e-01 -2.219700e-01 0 36 65 1.170200e+01 3.830000e+00 -5.662300e+01 7.594300e+02 0
-8.447100e-01 9.008100e-01 -2.223700e-01 0 37 65 1.218000e+01 3.830000e+00 -6.223200e+01 7.571900e+02 0
-8.681700e-01 8.885300e-01 -2.213800e-01 0 38 65 1.184100e+01 3.830000e+00 -9.023900e+01 7.618500e+02 0
-8.916400e-01 8.879000e-01 -2.213300e-01 0 39 65 1.048800e+01 3.830000e+00 -1.078000e+02 7.617300e+02 0
0 0 -1.500000e-01 3.204100e-02 1 66 1.558200e+01 3.830000e+00 2167 -3.612800e+03 0
-7.202900e-02 1.123800e-01 -1.590300e-01 3.204100e-02 5 66 1.417200e+01 3.830000e+00 -3.107600e+03 7.718800e+03 0
-1.585200e-01 1.860800e-01 -1.649500e-01 3.204100e-02 8 66 1.333100e+01 3.830000e+00 -1.095100e+03 2.946900e+03 0
-2.008100e-01 1.912700e-01 -1.653700e-01 3.204100e-02 9 66 1.264300e+01 3.830000e+00 -1.216900e+03 2.810900e+03 0
-2.480100e-01 1.885400e-01 -1.651500e-01 3.204100e-02 10 66 1.263300e+01 3.830000e+00 -1.479400e+03 2.832600e+03 0
-2.592000e-01 2.292600e-01 -1.684200e-01 3.204100e-02 11 66 1.212400e+01 3.830000e+00 -9.779000e+02 2.225200e+03 0
-2.881200e-01 2.384000e-01 -1.691500e-01 3.204100e-02 12 66 1.174000e+01 3.830000e+00 -9.865400e+02 2.119500e+03 0
-3.077600e-01 2.784500e-01 -1.723700e-01 3.204100e-02 13 66 1.098600e+01 3.830000e+00 -7.261400e+02 1.795300e+03 0
-3.896100e-01 2.774900e-01 -1.722900e-01 3.204100e-02 15 66 1.046200e+01 3.830000e+00 -9.550700e+02 1.783100e+03 0
3.609700e-01 3.100400e-01 -1.749100e-01 3.204100e-02 28 66 1.214200e+01 3.830000e+00 1.233200e+03 1745 0
6.799100e-01 6.330300e-01 -2.008500e-01 3.204100e-02 29 66 1.364400e+01 3.830000e+00 1.297800e+03 9.692400e+02 0
6.725500e-01 7.346800e-01 -2.090200e-01 3.204100e-02 30 66 1.459100e+01 3.830000e+00 1.194100e+03 8.800500e+02 0
6.711800e-01 8.044800e-01 -2.146300e-01 3.204100e-02 31 66 1.475900e+01 3.830000e+00 1.143500e+03 8.337600e+02 0
6.766400e-01 8.338300e-01 -2.169900e-01 3.204100e-02 32 66 1.425200e+01 3.830000e+00 1.130400e+03 8.170400e+02 0
6.810000e-01 8.700900e-01 -2.199000e-01 3.204100e-02 33 66 1.286200e+01 3.830000e+00 1.113700e+03 7.980800e+02 0
6.302600e-01 9.646700e-01 -2.275000e-01 3.204100e-02 34 66 1.015100e+01 3.830000e+00 1030 7.550800e+02 0
-8.307900e-01 8.963700e-01 -2.220100e-01 3.204100e-02 36 66 1.089300e+01 3.830000e+00 -5.617800e+01 7.592300e+02 0
-8.545300e-01 8.961500e-01 -2.219900e-01 3.204100e-02 37 66 1.132400e+01 3.830000e+00 -7.343200e+01 7.589300e+02 0
-8.782700e-01 8.645100e-01 -2.194500e-01 3.204100e-02 38 66 1.099200e+01 3.830000e+00 -1.207300e+02 7.719600e+02 0
0 0 -1.500000e-01 6.408200e-02 1 67 1.082100e+01 3.830000e+00 2167 -3.612800e+03 0
-5.456800e-04 3.488000e-02 -1.528000e-01 6.408200e-02 2 67 1.012000e+01 3.830000e+00 3489 -7.199900e+03 0
6.567200e-01 7.160900e-01 -2.075300e-01 6.408200e-02 30 67 9.818600e+00 3.830000e+00 1.192400e+03 8.936600e+02 0
6.793700e-01 7.866600e-01 -2.132000e-01 6.408200e-02 31 67 9.857800e+00 3.830000e+00 1.162900e+03 8.448800e+02 0
-5.574100e-01 7.856600e+00 -7.811600e-01 -9.612300e-01 228 35 1.026700e+01 3.830000e+00 6.346400e+02 4.489200e+02 1
-7.530300e-01 7.992100e+00 -7.920500e-01 -9.612300e-01 231 35 1.005900e+01 3.830000e+00 6.200300e+02 4.481900e+02 1
-6.302600e-01 8.041800e+00 -7.960400e-01 -9.612300e-01 232 35 1.029800e+01 3.830000e+00 6.302300e+02 4.480100e+02 1
-5.696900e-01 8.069100e+00 -7.982300e-01 -9.612300e-01 233 35 9.982200e+00 3.830000e+00 6.352500e+02 4.479100e+02 1
-4.932900e-01 7.835800e+00 -7.794900e-01 -9.291900e-01 227 36 1.057500e+01 3.830000e+00 6.397100e+02 4.490500e+02 1
-6.812800e-01 7.857700e+00 -7.812500e-01 -9.291900e-01 228 36 1.106600e+01 3.830000e+00 6.245800e+02 4.488600e+02 1
-8.086900e-01 7.889700e+00 -7.838200e-01 -9.291900e-01 229 36 1.087400e+01 3.830000e+00 6.145600e+02 4.486500e+02 1
-9.372000e-01 7.931400e+00 -7.871700e-01 -9.291900e-01 230 36 1.057100e+01 3.830000e+00 6.046600e+02 4.484000e+02 1
-8.157900e-01 7.989000e+00 -7.917900e-01 -9.291900e-01 231 36 1.085100e+01 3.830000e+00 6.149900e+02 4.481800e+02 1
-7.563100e-01 8.024700e+00 -7.946700e-01 -9.291900e-01 232 36 1.101900e+01 3.830000e+00 6.200700e+02 4.480300e+02 1
-6.962800e-01 8.035800e+00 -7.955500e-01 -9.291900e-01 233 36 1.063200e+01 3.830000e+00 6.249400e+02 4.480100e+02 1
-6.932800e-01 8.031300e+00 -7.951900e-01 -8.971500e-01 232 37 9.922100e+00 3.830000e+00 6.251400e+02 4.480300e+02 1
4.204400e+00 1.081900e+01 -1.019200e+00 -8.971500e-01 336 37 1.016100e+01 3.830000e+00 9.361800e+02 4.398300e+02 1
4.858700e+00 1.066600e+01 -1.006900e+00 -8.971500e-01 337 37 9.924300e+00 3.830000e+00 9.801800e+02 4.404500e+02 1
4.347100e+00 1.075100e+01 2.381900e+00 -8.971500e-01 340 37 1.011000e+01 3.830000e+00 9.401600e+02 2.446100e+02 0
4.638300e+00 1.072600e+01 2.103400e+00 -8.971500e-01 341 37 1.020700e+01 3.830000e+00 9.589200e+02 2.601200e+02 0
4.478600e+00 1.062500e+01 1.978600e+00 -8.651100e-01 336 38 1.019800e+01 3.830000e+00 9.519200e+02 2.663900e+02 0
4.492000e+00 1.075800e+01 -1.014200e+00 -8.651100e-01 337 38 1.028500e+01 3.830000e+00 9.552000e+02 4.400800e+02 1
-6.017400e+00 1.251500e+01 -1.155400e+00 -8.330700e-01 402 39 1.058900e+01 3.830000e+00 3.825100e+02 4.334300e+02 1
-6.142100e+00 1.253400e+01 -1.156900e+00 -8.330700e-01 403 39 1.083800e+01 3.830000e+00 3.768200e+02 4.333700e+02 1
-6.707200e+00 1.226400e+01 -1.135200e+00 -8.330700e-01 404 39 1.029300e+01 3.830000e+00 3.414300e+02 4.337300e+02 1
0 0 -1.500000e-01 -3.204100e-02 1 64 1.554500e+01 3.830000e+00 2167 -3.612800e+03 0
-7.093800e-02 1.127900e-01 -1.590600e-01 -3.204100e-02 5 64 1.416800e+01 3.830000e+00 -3.055700e+03 7.651600e+03 0
-1.585200e-01 1.861000e-01 -1.649500e-01 -3.204100e-02 8 64 1.332100e+01 3.830000e+00 -1.094800e+03 2.946400e+03 0
-2.008100e-01 1.904800e-01 -1.653000e-01 -3.204100e-02 9 64 1.266000e+01 3.830000e+00 -1.229100e+03 2.826300e+03 0
-2.480100e-01 1.869100e-01 -1.650200e-01 -3.204100e-02 10 64 1.266800e+01 3.830000e+00 -1.508600e+03 2865 0
-2.619200e-01 2.219700e-01 -1.678300e-01 -3.204100e-02 11 64 1.224600e+01 3.830000e+00 -1.065700e+03 2.308400e+03 0
-2.881200e-01 2.302900e-01 -1.685000e-01 -3.204100e-02 12 64 1.176800e+01 3.830000e+00 -1.068700e+03 2203 0
-3.077600e-01 2.766700e-01 -1.722300e-01 -3.204100e-02 13 64 1.100300e+01 3.830000e+00 -7.379900e+02 1.806900e+03 0
-1.260500e-01 2.572100e-01 -1.706600e-01 -3.204100e-02 15 64 1.033500e+01 3.830000e+00 -3.160500e+02 1.999300e+03 0
3.536000e-01 3.074500e-01 -1.747000e-01 -3.204100e-02 28 64 1.209300e+01 3.830000e+00 1.217700e+03 1.759100e+03 0
6.799100e-01 6.414300e-01 -2.015300e-01 -3.204100e-02 29 64 1.361400e+01 3.830000e+00 1.288500e+03 9.606300e+02 0
6.804600e-01 7.320700e-01 -2.088100e-01 -3.204100e-02 30 64 1.455000e+01 3.830000e+00 1.204300e+03 8.822000e+02 0
6.793700e-01 7.975300e-01 -2.140700e-01 -3.204100e-02 31 64 1.469600e+01 3.830000e+00 1.155600e+03 8.381500e+02 0
6.766400e-01 8.334300e-01 -2.169500e-01 -3.204100e-02 32 64 1.415200e+01 3.830000e+00 1.130700e+03 8.172600e+02 0
6.810000e-01 8.763600e-01 -2.204000e-01 -3.204100e-02 33 64 1.265000e+01 3.830000e+00 1.110300e+03 7.949700e+02 0
-8.307900e-01 8.948900e-01 -2.218900e-01 -3.204100e-02 36 64 1.042300e+01 3.830000e+00 -5.748200e+01 7.598300e+02 0
-8.250600e-01 9.110400e-01 -2.231900e-01 -3.204100e-02 37 64 1.091500e+01 3.830000e+00 -3.939900e+01 7.534100e+02 0
-8.378900e-01 9.140100e-01 -2.234300e-01 -3.204100e-02 38 64 1.063400e+01 3.830000e+00 -4.592200e+01 7.520300e+02 0
