0 0 -1.500000e-01 0 1 65 1.658200e+01 3.930000e+00 2167 -3.612800e+03 0
-7.093800e-02 1.127800e-01 -1.593000e-01 0 5 65 1.517200e+01 3.930000e+00 -3.057900e+03 7.659300e+03 0
-1.585200e-01 1.860900e-01 -1.653400e-01 0 8 65 1.434300e+01 3.930000e+00 -1.095200e+03 2.949100e+03 0
-2.008100e-01 1.905700e-01 -1.657100e-01 0 9 65 1.366200e+01 3.930000e+00 -1.227900e+03 2.826800e+03 0
-2.480100e-01 1.861500e-01 -1.653500e-01 0 10 65 1.362900e+01 3.930000e+00 -1.522800e+03 2883 0
-2.619200e-01 2.226000e-01 -1.683500e-01 0 11 65 1.313700e+01 3.930000e+00 -1.058900e+03 2303 0
-2.881200e-01 2.349500e-01 -1.693700e-01 0 12 65 1.273500e+01 3.930000e+00 -1.020600e+03 2156 0
-3.077600e-01 2.796400e-01 -1.730500e-01 0 13 65 1.204600e+01 3.930000e+00 -7.184100e+02 1.789500e+03 0
-3.014900e-01 3.067600e-01 -1.752900e-01 0 14 65 1.137200e+01 3.930000e+00 -5.454600e+02 1637 0
-1.222300e-01 3.958800e-01 -1.826400e-01 0 15 65 1.126100e+01 3.930000e+00 1.207400e+02 1.325800e+03 0
3.536000e-01 3.546400e-01 -1.792400e-01 0 28 65 1.312700e+01 3.930000e+00 1.125800e+03 1.524100e+03 0
6.799100e-01 6.369700e-01 -2.025100e-01 0 29 65 1.465200e+01 3.930000e+00 1.293500e+03 9.667500e+02 0
6.725500e-01 7.365800e-01 -2.107200e-01 0 30 65 1.558300e+01 3.930000e+00 1.192700e+03 8.801900e+02 0
6.793700e-01 7.975700e-01 -2.157500e-01 0 31 65 1.574200e+01 3.930000e+00 1.155600e+03 8.396300e+02 0
6.766400e-01 8.326900e-01 -2.186500e-01 0 32 65 1.521900e+01 3.930000e+00 1.131200e+03 8.191700e+02 0
6.810000e-01 8.710600e-01 -2.218100e-01 0 33 65 1.378600e+01 3.930000e+00 1.113200e+03 7.990900e+02 0
6.752700e-01 8.869400e-01 -2.231200e-01 0 34 65 1.065200e+01 3.930000e+00 1.100100e+03 7.912000e+02 0
7.050100e-01 7.842800e-01 -2.146600e-01 0 35 65 1.066000e+01 3.930000e+00 1.188900e+03 8.485200e+02 0
-8.403400e-01 8.799200e-01 -2.225400e-01 0 36 65 1.163700e+01 3.930000e+00 -7.803200e+01 7.673400e+02 0
-8.447100e-01 8.905900e-01 -2.234200e-01 0 37 65 1.213100e+01 3.930000e+00 -7.143400e+01 7.627800e+02 0
-8.681700e-01 8.793500e-01 -2.224900e-01 0 38 65 1.177100e+01 3.930000e+00 -9.892300e+01 7.671100e+02 0
-9.020000e-01 8.736000e-01 -2.220200e-01 0 39 65 1.033000e+01 3.930000e+00 -1.292800e+02 7.689900e+02 0
0 0 -1.500000e-01 3.204100e-02 1 66 1.556500e+01 3.930000e+00 2167 -3.612800e+03 0
-7.202900e-02 1.119600e-01 -1.592300e-01 3.204100e-02 5 66 1.415900e+01 3.930000e+00 -3.147400e+03 7799 0
-1.585200e-01 1.860700e-01 -1.653400e-01 3.204100e-02 8 66 1.332800e+01 3.930000e+00 -1.095500e+03 2.949500e+03 0
-1.986300e-01 1.920000e-01 -1.658300e-01 3.204100e-02 9 66 1.261400e+01 3.930000e+00 -1.195900e+03 2.800600e+03 0
-2.480100e-01 1.848900e-01 -1.652400e-01 3.204100e-02 10 66 1.261900e+01 3.930000e+00 -1.546200e+03 2909 0
-2.619200e-01 2.214400e-01 -1.682600e-01 3.204100e-02 11 66 1.212100e+01 3.930000e+00 -1.071900e+03 2317 0
-2.881200e-01 2.363100e-01 -1.694800e-01 3.204100e-02 12 66 1.169800e+01 3.930000e+00 -1.007100e+03 2.142200e+03 0
-3.044900e-01 2.855500e-01 -1.735400e-01 3.204100e-02 13 66 1.102900e+01 3.930000e+00 -6.720900e+02 1.753500e+03 0
-3.014900e-01 3.158600e-01 -1.760400e-01 3.204100e-02 14 66 1.045600e+01 3.930000e+00 -5.006800e+02 1.592700e+03 0
-1.107700e-01 4.183200e-01 -1.844900e-01 3.204100e-02 15 66 1.037200e+01 3.930000e+00 1.780500e+02 1268 0
3.536000e-01 3.717800e-01 -1.806500e-01 3.204100e-02 28 66 1.213200e+01 3.930000e+00 1100 1.457500e+03 0
6.799100e-01 6.337500e-01 -2.022500e-01 3.204100e-02 29 66 1.363000e+01 3.930000e+00 1.297100e+03 9.700700e+02 0
6.725500e-01 7.341400e-01 -2.105200e-01 3.204100e-02 30 66 1.454700e+01 3.930000e+00 1.194600e+03 8.819900e+02 0
6.711800e-01 8.044400e-01 -2.163200e-01 3.204100e-02 31 66 1.470000e+01 3.930000e+00 1.143600e+03 8.352900e+02 0
6.766400e-01 8.351600e-01 -2.188500e-01 3.204100e-02 32 66 1.417100e+01 3.930000e+00 1.129700e+03 8.178100e+02 0
6.810000e-01 8.734900e-01 -2.220100e-01 3.204100e-02 33 66 1.272300e+01 3.930000e+00 1.111900e+03 7.978800e+02 0
-8.212400e-01 8.996400e-01 -2.241700e-01 3.204100e-02 36 66 1.069000e+01 3.930000e+00 -4.650500e+01 7.594400e+02 0
-8.250600e-01 9.125400e-01 -2.252300e-01 3.204100e-02 37 66 1.122600e+01 3.930000e+00 -3.817700e+01 7.542100e+02 0
-8.580800e-01 8.880600e-01 -2.232100e-01 3.204100e-02 38 66 1.090400e+01 3.930000e+00 -8.341700e+01 7.636100e+02 0
0 0 -1.500000e-01 6.408200e-02 1 67 9.733800e+00 3.930000e+00 2167 -3.612800e+03 0
-3.383200e-02 2.159400e-03 -1.501800e-01 6.408200e-02 2 67 9.745600e+00 3.930000e+00 2540 -3.799100e+03 0
6.409000e-01 7.836800e-01 -2.146100e-01 6.408200e-02 30 67 9.691700e+00 3.930000e+00 1.128500e+03 8.473400e+02 0
6.548100e-01 7.996400e-01 -2.159200e-01 6.408200e-02 31 67 1.029200e+01 3.930000e+00 1.131500e+03 8.378000e+02 0
6.681800e-01 8.042000e-01 -2.163000e-01 6.408200e-02 32 67 1.018200e+01 3.930000e+00 1141 8.353600e+02 0
-6.248000e-01 7.972800e+00 -8.072700e-01 -9.291900e-01 230 36 1.011300e+01 3.930000e+00 6.301300e+02 4.496400e+02 1
-6.902800e-01 8.002500e+00 -8.097200e-01 -9.291900e-01 231 36 1.035000e+01 3.930000e+00 6.251400e+02 4.494700e+02 1
-8.193300e-01 8.020900e+00 -8.112300e-01 -9.291900e-01 232 36 1.032500e+01 3.930000e+00 6.150400e+02 4.493300e+02 1
-9.494800e-01 8.034000e+00 -8.123100e-01 -9.291900e-01 233 36 1.045500e+01 3.930000e+00 6.048400e+02 4.492100e+02 1
-9.535700e-01 8.077400e+00 -8.158900e-01 -9.291900e-01 234 36 1.061200e+01 3.930000e+00 605 4.490100e+02 1
-9.576600e-01 8.114300e+00 -8.189400e-01 -9.291900e-01 235 36 1.040300e+01 3.930000e+00 6.050900e+02 4.488400e+02 1
-8.900000e-01 8.037400e+00 -8.126000e-01 -8.971500e-01 234 37 1.014000e+01 3.930000e+00 6.096000e+02 4.492200e+02 1
4.611000e+00 1.086400e+01 -1.045600e+00 -8.971500e-01 339 37 1.057100e+01 3.930000e+00 9.598400e+02 4.411400e+02 1
4.624600e+00 1.088500e+01 -1.047400e+00 -8.971500e-01 340 37 1.020600e+01 3.930000e+00 9.601400e+02 4.410900e+02 1
4.518700e+00 1.089500e+01 -1.048200e+00 -8.651100e-01 339 38 1.032000e+01 3.930000e+00 9.535100e+02 4.410300e+02 1
4.624600e+00 1.089800e+01 -1.048400e+00 -8.651100e-01 340 38 1.002700e+01 3.930000e+00 9.598200e+02 4.410500e+02 1
-6.062500e+00 1.273700e+01 -1.200000e+00 -8.330700e-01 405 39 1.037000e+01 3.930000e+00 3.857000e+02 4.343100e+02 1
0 0 -1.500000e-01 -6.408200e-02 1 63 1.058100e+01 3.930000e+00 2167 -3.612800e+03 0
0 3.487000e-02 -1.528700e-01 -6.408200e-02 2 63 1.014100e+01 3.930000e+00 3.477900e+03 -7195 0
0 0 -1.500000e-01 -3.204100e-02 1 64 1.556700e+01 3.930000e+00 2167 -3.612800e+03 0
-7.093800e-02 1.120000e-01 -1.592300e-01 -3.204100e-02 5 64 1.414200e+01 3.930000e+00 -3.130600e+03 7.799800e+03 0
-1.585200e-01 1.861000e-01 -1.653400e-01 -3.204100e-02 8 64 1.331900e+01 3.930000e+00 -1095 2.948800e+03 0
-2.008100e-01 1.904900e-01 -1.657000e-01 -3.204100e-02 9 64 1.265300e+01 3.930000e+00 -1.229300e+03 2.828500e+03 0
-2.480100e-01 1.863700e-01 -1.653600e-01 -3.204100e-02 10 64 1.260900e+01 3.930000e+00 -1.518800e+03 2.878400e+03 0
-2.592000e-01 2.272600e-01 -1.687300e-01 -3.204100e-02 11 64 1.216700e+01 3.930000e+00 -9.987200e+02 2.249700e+03 0
-2.881200e-01 2.360200e-01 -1.694600e-01 -3.204100e-02 12 64 1.173100e+01 3.930000e+00 -1010 2.145200e+03 0
-3.077600e-01 2.790600e-01 -1.730100e-01 -3.204100e-02 13 64 1.104800e+01 3.930000e+00 -7.222600e+02 1.793300e+03 0
3.536000e-01 3.702100e-01 -1.805200e-01 -3.204100e-02 28 64 1.203100e+01 3.930000e+00 1.102200e+03 1.463200e+03 0
6.799100e-01 6.385900e-01 -2.026500e-01 -3.204100e-02 29 64 1.363500e+01 3.930000e+00 1.291700e+03 9.650900e+02 0
6.725500e-01 7.389000e-01 -2.109100e-01 -3.204100e-02 30 64 1.456900e+01 3.930000e+00 1.190900e+03 8.785000e+02 0
6.793700e-01 7.973900e-01 -2.157400e-01 -3.204100e-02 31 64 1.471900e+01 3.930000e+00 1.155700e+03 8.397400e+02 0
6.766400e-01 8.305700e-01 -2.184700e-01 -3.204100e-02 32 64 1.417700e+01 3.930000e+00 1.132400e+03 8.203400e+02 0
6.810000e-01 8.716800e-01 -2.218600e-01 -3.204100e-02 33 64 1.269500e+01 3.930000e+00 1.112900e+03 7.987800e+02 0
-8.307900e-01 8.565900e-01 -2.206200e-01 -3.204100e-02 36 64 1.044500e+01 3.930000e+00 -9.306300e+01 7.777300e+02 0
-8.348900e-01 8.581700e-01 -2.207500e-01 -3.204100e-02 37 64 1.088300e+01 3.930000e+00 -9.460000e+01 7.769400e+02 0
-8.681700e-01 8.219100e-01 -2.177600e-01 -3.204100e-02 38 64 1.049200e+01 3.930000e+00 -1.575500e+02 7.933500e+02 0
