0 0 -1.500000e-01 0 1 65 1.657700e+01 2.670000e+00 2167 -3.612800e+03 0
-7.202900e-02 1.122900e-01 -1.562800e-01 0 5 65 1.518900e+01 2.670000e+00 -3.105700e+03 7.672700e+03 0
-1.585200e-01 1.860400e-01 -1.604100e-01 0 8 65 1.434900e+01 2.670000e+00 -1.093100e+03 2.919800e+03 0
-2.008100e-01 1.914900e-01 -1.607200e-01 0 9 65 1.364700e+01 2.670000e+00 -1.210700e+03 2.779800e+03 0
-2.480100e-01 1.865400e-01 -1.604400e-01 0 10 65 1.362900e+01 2.670000e+00 -1.512200e+03 2.845600e+03 0
-2.619200e-01 2.225800e-01 -1.624600e-01 0 11 65 1.312300e+01 2.670000e+00 -1.056700e+03 2.277300e+03 0
-2.881200e-01 2.336400e-01 -1.630700e-01 0 12 65 1.270200e+01 2.670000e+00 -1.031600e+03 2.144300e+03 0
-3.044900e-01 2.828600e-01 -1.658300e-01 0 13 65 1.192900e+01 2.670000e+00 -6.871800e+02 1.747100e+03 0
-3.014900e-01 3.037300e-01 -1.670000e-01 0 14 65 1.137600e+01 2.670000e+00 -5.596000e+02 1.630100e+03 0
-1.260500e-01 3.777400e-01 -1.711400e-01 0 15 65 1.113600e+01 2.670000e+00 7.985200e+01 1358 0
3.536000e-01 3.645700e-01 -1.704000e-01 0 28 65 1.311300e+01 2.670000e+00 1.109500e+03 1.461700e+03 0
6.799100e-01 6.407400e-01 -1.858600e-01 0 29 65 1.467300e+01 2.670000e+00 1.288300e+03 9.430700e+02 0
6.725500e-01 7.390400e-01 -1.913600e-01 0 30 65 1.561000e+01 2.670000e+00 1.189800e+03 8.591400e+02 0
6.711800e-01 8.043900e-01 -1.950100e-01 0 31 65 1.579500e+01 2.670000e+00 1.142800e+03 8.163500e+02 0
6.766400e-01 8.317400e-01 -1.965500e-01 0 32 65 1.532100e+01 2.670000e+00 1.130900e+03 8.008200e+02 0
6.810000e-01 8.676700e-01 -1.985600e-01 0 33 65 1.400800e+01 2.670000e+00 1.114200e+03 7.820400e+02 0
6.752700e-01 9.318000e-01 -2.021400e-01 0 34 65 1.142000e+01 2.670000e+00 1.077500e+03 7.522900e+02 0
7.328400e-01 9.225200e-01 -2.016200e-01 0 35 65 1.078000e+01 2.670000e+00 1.127100e+03 7.572600e+02 0
-8.021400e-01 9.207900e-01 -2.015300e-01 0 36 65 1.167000e+01 2.670000e+00 -1.462000e+01 7.338400e+02 0
-8.348900e-01 9.093000e-01 -2.008900e-01 0 37 65 1.224700e+01 2.670000e+00 -4.725800e+01 7.378400e+02 0
-8.681700e-01 8.836400e-01 -1.994500e-01 0 38 65 1.190500e+01 2.670000e+00 -9.418100e+01 7.477800e+02 0
-9.434700e-01 8.096600e-01 -1.953100e-01 0 39 65 1.021600e+01 2.670000e+00 -2.299700e+02 7.803900e+02 0
0 0 -1.500000e-01 3.204100e-02 1 66 1.556000e+01 2.670000e+00 2167 -3.612800e+03 0
-7.202900e-02 1.126100e-01 -1.563000e-01 3.204100e-02 5 66 1.418500e+01 2.670000e+00 -3.075500e+03 7.614900e+03 0
-1.585200e-01 1.859700e-01 -1.604100e-01 3.204100e-02 8 66 1.335300e+01 2.670000e+00 -1.094200e+03 2.921400e+03 0
-2.008100e-01 1.919100e-01 -1.607400e-01 3.204100e-02 9 66 1.260700e+01 2.670000e+00 -1.204400e+03 2.771800e+03 0
-2.504700e-01 1.835100e-01 -1.602700e-01 3.204100e-02 10 66 1.261400e+01 2.670000e+00 -1.580500e+03 2.906800e+03 0
-2.619200e-01 2.234600e-01 -1.625100e-01 3.204100e-02 11 66 1.217100e+01 2.670000e+00 -1.046900e+03 2.266800e+03 0
-2.881200e-01 2.359200e-01 -1.632000e-01 3.204100e-02 12 66 1.172400e+01 2.670000e+00 -1.008700e+03 2.121100e+03 0
-3.044900e-01 2.839200e-01 -1.658900e-01 3.204100e-02 13 66 1.091200e+01 2.670000e+00 -6.805100e+02 1.740600e+03 0
3.462300e-01 3.800600e-01 -1.712700e-01 3.204100e-02 28 66 1.208300e+01 2.670000e+00 1.071400e+03 1.404700e+03 0
6.722700e-01 6.430200e-01 -1.859800e-01 3.204100e-02 29 66 1.366200e+01 2.670000e+00 1.276600e+03 9.405000e+02 0
6.725500e-01 7.368700e-01 -1.912400e-01 3.204100e-02 30 66 1.460100e+01 2.670000e+00 1.191500e+03 8.607100e+02 0
6.711800e-01 8.044600e-01 -1.950200e-01 3.204100e-02 31 66 1.478800e+01 2.670000e+00 1.142700e+03 8.163100e+02 0
6.766400e-01 8.326700e-01 -1.966000e-01 3.204100e-02 32 66 1.430800e+01 2.670000e+00 1.130400e+03 8.003100e+02 0
6.810000e-01 8.664700e-01 -1.984900e-01 3.204100e-02 33 66 1.295700e+01 2.670000e+00 1.114900e+03 7.826400e+02 0
6.662700e-01 9.332100e-01 -2.022200e-01 3.204100e-02 34 66 1.007600e+01 2.670000e+00 1.069900e+03 7.515500e+02 0
7.142900e-01 9.467300e-01 -2.029800e-01 3.204100e-02 35 66 9.939900e+00 2.670000e+00 1.100600e+03 7.466500e+02 0
-7.830500e-01 9.371600e-01 -2.024400e-01 3.204100e-02 36 66 1.071800e+01 2.670000e+00 1.156500e+01 7.279000e+02 0
-8.250600e-01 9.166900e-01 -2.013000e-01 3.204100e-02 37 66 1.130900e+01 2.670000e+00 -3.407000e+01 7.350900e+02 0
-8.681700e-01 8.854800e-01 -1.995500e-01 3.204100e-02 38 66 1.101000e+01 2.670000e+00 -9.246100e+01 7.470100e+02 0
-8.466400e+00 4.107800e+00 7.298300e+00 3.204100e-02 342 66 9.783700e+00 2.670000e+00 -5.038600e+02 -555 0
-8.584600e+00 7.498700e+00 -5.696300e-01 3.204100e-02 343 66 9.799200e+00 2.670000e+00 -2.801400e+01 4.325800e+02 0
0 0 -1.500000e-01 6.408200e-02 1 67 1.043700e+01 2.670000e+00 2167 -3.612800e+03 0
-1.418800e-02 1.524000e-02 -1.508500e-01 6.408200e-02 2 67 1.026100e+01 2.670000e+00 2.719300e+03 -4.693900e+03 0
7.042000e-01 7.159100e-01 -1.900600e-01 6.408200e-02 30 67 9.441100e+00 2.670000e+00 1.241800e+03 8.773400e+02 0
6.957400e-01 7.833300e-01 -1.938400e-01 6.408200e-02 31 67 9.668800e+00 2.670000e+00 1.179900e+03 8.298200e+02 0
7.020100e-01 8.171900e-01 -1.957300e-01 6.408200e-02 32 67 9.406700e+00 2.670000e+00 1.162700e+03 8.095400e+02 0
5.937000e-01 2.085800e+00 -2.667200e-01 -1.121400e+00 65 30 1.041800e+01 2.670000e+00 8.286900e+02 5.453000e+02 0
6.029700e-01 2.073600e+00 -2.660400e-01 -1.121400e+00 66 30 1.012400e+01 2.670000e+00 8.325200e+02 5.462500e+02 0
1.871700e+00 4.516300e+00 -4.027400e-01 -8.010300e-01 141 40 1.118800e+01 2.670000e+00 9.407300e+02 4.643500e+02 1
1.885000e+00 4.548700e+00 -4.045500e-01 -8.010300e-01 142 40 1.261700e+01 2.670000e+00 9.408700e+02 4.638600e+02 1
1.898400e+00 4.579500e+00 -4.062700e-01 -8.010300e-01 143 40 1.297000e+01 2.670000e+00 9.411000e+02 4.634000e+02 1
1.872800e+00 4.626700e+00 -4.089100e-01 -8.010300e-01 144 40 1.241000e+01 2.670000e+00 9.348200e+02 4.626700e+02 1
1.925100e+00 4.644400e+00 -4.099100e-01 -8.010300e-01 145 40 1.144800e+01 2.670000e+00 9.413600e+02 4.624600e+02 1
1.938500e+00 4.664700e+00 -4.110400e-01 -8.010300e-01 146 40 1.063700e+01 2.670000e+00 9.421500e+02 4.621700e+02 1
1.795300e+00 4.547100e+00 -4.044600e-01 -7.689800e-01 141 41 1.295400e+01 2.670000e+00 9.278600e+02 4.638100e+02 1
1.846600e+00 4.564400e+00 -4.054300e-01 -7.689800e-01 142 41 1.452100e+01 2.670000e+00 9.344000e+02 4.635900e+02 1
1.898400e+00 4.581300e+00 -4.063800e-01 -7.689800e-01 143 41 1.490200e+01 2.670000e+00 9.409900e+02 4.633800e+02 1
1.872800e+00 4.628000e+00 -4.089900e-01 -7.689800e-01 144 41 1.409900e+01 2.670000e+00 9.347500e+02 4.626500e+02 1
1.885900e+00 4.659500e+00 -4.107500e-01 -7.689800e-01 145 41 1.273000e+01 2.670000e+00 9.349400e+02 4.622000e+02 1
1.899000e+00 4.694300e+00 -4.127000e-01 -7.689800e-01 146 41 1.251500e+01 2.670000e+00 9.349500e+02 4.617100e+02 1
1.832400e+00 4.745300e+00 -4.155500e-01 -7.689800e-01 147 41 1.117000e+01 2.670000e+00 9.229800e+02 4.609200e+02 1
0 0 -1.500000e-01 -7.369400e-01 1 42 9.618700e+00 2.670000e+00 2167 -3.612800e+03 0
1.795300e+00 4.543900e+00 -4.042800e-01 -7.369400e-01 141 42 1.279000e+01 2.670000e+00 9.280300e+02 4.638600e+02 1
1.846600e+00 4.562100e+00 -4.053000e-01 -7.369400e-01 142 42 1.435800e+01 2.670000e+00 9.345200e+02 4.636200e+02 1
1.859700e+00 4.596300e+00 -4.072100e-01 -7.369400e-01 143 42 1.472100e+01 2.670000e+00 9.345700e+02 4.631200e+02 1
1.911800e+00 4.613500e+00 -4.081800e-01 -7.369400e-01 144 42 1.375500e+01 2.670000e+00 9.411400e+02 4.629000e+02 1
1.846600e+00 4.676300e+00 -4.116900e-01 -7.369400e-01 145 42 1.181800e+01 2.670000e+00 9.284700e+02 4.619200e+02 1
1.899000e+00 4.694300e+00 -4.126900e-01 -7.369400e-01 146 42 1.232300e+01 2.670000e+00 9.349500e+02 4.617100e+02 1
1.792500e+00 4.773300e+00 -4.171200e-01 -7.369400e-01 147 42 1.092300e+01 2.670000e+00 9.160700e+02 4.605000e+02 1
1.871700e+00 4.460900e+00 -3.996400e-01 -7.049000e-01 141 43 1.028600e+01 2.670000e+00 9.439000e+02 4.652300e+02 1
1.808100e+00 4.566200e+00 -4.055300e-01 -7.049000e-01 142 43 1.177200e+01 2.670000e+00 9.287200e+02 4.635300e+02 1
1.820900e+00 4.606600e+00 -4.077900e-01 -7.049000e-01 143 43 1.228400e+01 2.670000e+00 9.284400e+02 4.629300e+02 1
1.872800e+00 4.628700e+00 -4.090200e-01 -7.049000e-01 144 43 1.169200e+01 2.670000e+00 9.347100e+02 4.626400e+02 1
-1.920800e-01 1.515300e+00 -2.348000e-01 -5.767400e-01 45 47 1.019200e+01 2.670000e+00 5.342600e+02 6.005400e+02 0
-1.680700e-01 1.519600e+00 -2.350400e-01 -5.447000e-01 45 48 9.896700e+00 2.670000e+00 5.451600e+02 6.000800e+02 0
0 0 -1.500000e-01 -6.408200e-02 1 63 1.089100e+01 2.670000e+00 2167 -3.612800e+03 0
3.355900e-02 7.452700e-03 -1.504200e-01 -6.408200e-02 2 63 1.056800e+01 2.670000e+00 1.989400e+03 -3.988700e+03 0
0 0 -1.500000e-01 -3.204100e-02 1 64 1.555400e+01 2.670000e+00 2167 -3.612800e+03 0
-7.093800e-02 1.131800e-01 -1.563300e-01 -3.204100e-02 5 64 1.416600e+01 2.670000e+00 -3.011200e+03 7.523700e+03 0
-1.585200e-01 1.860500e-01 -1.604100e-01 -3.204100e-02 8 64 1.331200e+01 2.670000e+00 -1.092900e+03 2.919600e+03 0
-1.986300e-01 1.940600e-01 -1.608600e-01 -3.204100e-02 9 64 1.263700e+01 2.670000e+00 -1.162300e+03 2.732900e+03 0
-2.480100e-01 1.861300e-01 -1.604200e-01 -3.204100e-02 10 64 1.262300e+01 2.670000e+00 -1.519600e+03 2.853900e+03 0
-2.619200e-01 2.225300e-01 -1.624500e-01 -3.204100e-02 11 64 1.210000e+01 2.670000e+00 -1.057200e+03 2.277900e+03 0
-2.881200e-01 2.328700e-01 -1.630300e-01 -3.204100e-02 12 64 1.168300e+01 2.670000e+00 -1.039500e+03 2.152400e+03 0
-3.044900e-01 2.823000e-01 -1.658000e-01 -3.204100e-02 13 64 1.087000e+01 2.670000e+00 -6.906700e+02 1.750500e+03 0
-3.014900e-01 2.930600e-01 -1.664000e-01 -3.204100e-02 14 64 1.043300e+01 2.670000e+00 -6.179800e+02 1.687600e+03 0
-1.222300e-01 4.450800e-01 -1.749100e-01 -3.204100e-02 15 64 1.040800e+01 2.670000e+00 1.963200e+02 1.185700e+03 0
3.536000e-01 3.769600e-01 -1.710900e-01 -3.204100e-02 28 64 1.213500e+01 2.670000e+00 1.091900e+03 1.416400e+03 0
6.799100e-01 6.421300e-01 -1.859300e-01 -3.204100e-02 29 64 1.365200e+01 2.670000e+00 1.286800e+03 9.416700e+02 0
6.725500e-01 7.402500e-01 -1.914200e-01 -3.204100e-02 30 64 1.458200e+01 2.670000e+00 1.188900e+03 8.582700e+02 0
6.711800e-01 8.042700e-01 -1.950100e-01 -3.204100e-02 31 64 1.476500e+01 2.670000e+00 1.142900e+03 8.164200e+02 0
6.766400e-01 8.302400e-01 -1.964600e-01 -3.204100e-02 32 64 1.429900e+01 2.670000e+00 1.131800e+03 8.016500e+02 0
6.810000e-01 8.662500e-01 -1.984800e-01 -3.204100e-02 33 64 1.301500e+01 2.670000e+00 1115 7.827500e+02 0
6.752700e-01 9.299500e-01 -2.020400e-01 -3.204100e-02 34 64 1.056800e+01 2.670000e+00 1.078400e+03 7.530900e+02 0
-8.116900e-01 9.107000e-01 -2.009600e-01 -3.204100e-02 36 64 1.057400e+01 2.670000e+00 -2.966100e+01 7.376400e+02 0
-8.545300e-01 8.878200e-01 -1.996800e-01 -3.204100e-02 37 64 1.111500e+01 2.670000e+00 -8.040300e+01 7.462500e+02 0
-8.984600e-01 8.476300e-01 -1.974300e-01 -3.204100e-02 38 64 1.065400e+01 2.670000e+00 -1.524500e+02 7.630400e+02 0
