0 0 -1.500000e-01 0 1 65 1.658500e+01 3.850000e+00 2167 -3.612800e+03 0
-7.093800e-02 1.129300e-01 -1.591200e-01 0 5 65 1.518200e+01 3.850000e+00 -3.043500e+03 7.628600e+03 0
-1.585200e-01 1.860800e-01 -1.650300e-01 0 8 65 1.433900e+01 3.850000e+00 -1.095200e+03 2.947400e+03 0
-2.008100e-01 1.912700e-01 -1.654500e-01 0 9 65 1.367800e+01 3.850000e+00 -1.216800e+03 2.811300e+03 0
-2.480100e-01 1.865200e-01 -1.650600e-01 0 10 65 1.365900e+01 3.850000e+00 -1.515700e+03 2.873400e+03 0
-2.619200e-01 2.222500e-01 -1.679500e-01 0 11 65 1.312100e+01 3.850000e+00 -1.062600e+03 2.305500e+03 0
-2.881200e-01 2.322700e-01 -1.687600e-01 0 12 65 1.269400e+01 3.850000e+00 -1048 2.182300e+03 0
-3.044900e-01 2.818600e-01 -1.727600e-01 0 13 65 1.191900e+01 3.850000e+00 -6.951000e+02 1.774800e+03 0
-3.050300e-01 3.032800e-01 -1.744900e-01 0 14 65 1.134100e+01 3.850000e+00 -5.721500e+02 1.652700e+03 0
-1.184100e-01 3.482700e-01 -1.781200e-01 0 15 65 1.142500e+01 3.850000e+00 3.112600e+01 1.481300e+03 0
3.609700e-01 3.117200e-01 -1.751700e-01 0 28 65 1.307800e+01 3.850000e+00 1.229200e+03 1.735500e+03 0
6.799100e-01 6.397100e-01 -2.016600e-01 0 29 65 1.467000e+01 3.850000e+00 1.290400e+03 9.626900e+02 0
6.725500e-01 7.382600e-01 -2.096200e-01 0 30 65 1.559800e+01 3.850000e+00 1.191300e+03 8.777400e+02 0
6.711800e-01 8.044000e-01 -2.149600e-01 0 31 65 1.574900e+01 3.850000e+00 1.143600e+03 8.341100e+02 0
6.766400e-01 8.309500e-01 -2.171000e-01 0 32 65 1.520500e+01 3.850000e+00 1.132200e+03 8.189300e+02 0
6.722700e-01 8.717400e-01 -2.204000e-01 0 33 65 1.365200e+01 3.850000e+00 1.105400e+03 7.973900e+02 0
7.328400e-01 8.902800e-01 -2.219000e-01 0 35 65 1.104400e+01 3.850000e+00 1.145600e+03 7.894900e+02 0
-8.307900e-01 8.725300e-01 -2.204600e-01 0 36 65 1.174000e+01 3.850000e+00 -7.783400e+01 7.695600e+02 0
-8.643500e-01 8.603900e-01 -2.194800e-01 0 37 65 1.218200e+01 3.850000e+00 -1.144700e+02 7.743100e+02 0
-9.085500e-01 8.149000e-01 -2.158100e-01 0 38 65 1.174600e+01 3.850000e+00 -1.970700e+02 7.949100e+02 0
-9.953100e-01 6.603800e-01 -2.033300e-01 0 39 65 1.048000e+01 3.850000e+00 -5.042000e+02 8.884900e+02 0
0 0 -1.500000e-01 3.204100e-02 1 66 1.558100e+01 3.850000e+00 2167 -3.612800e+03 0
-7.202900e-02 1.125200e-01 -1.590900e-01 3.204100e-02 5 66 1.417500e+01 3.850000e+00 -3.094400e+03 7.694200e+03 0
-1.585200e-01 1.860200e-01 -1.650200e-01 3.204100e-02 8 66 1.333000e+01 3.850000e+00 -1096 2.948500e+03 0
-2.008100e-01 1.921900e-01 -1.655200e-01 3.204100e-02 9 66 1.264400e+01 3.850000e+00 -1.202800e+03 2.793700e+03 0
-2.504700e-01 1.838800e-01 -1.648500e-01 3.204100e-02 10 66 1.264100e+01 3.850000e+00 -1.576700e+03 2.926600e+03 0
-2.619200e-01 2.236000e-01 -1.680600e-01 3.204100e-02 11 66 1.212700e+01 3.850000e+00 -1.047600e+03 2.289400e+03 0
-2.881200e-01 2.360800e-01 -1.690600e-01 3.204100e-02 12 66 1.167100e+01 3.850000e+00 -1.009300e+03 2.142900e+03 0
-3.044900e-01 2.840200e-01 -1.729400e-01 3.204100e-02 13 66 1.097300e+01 3.850000e+00 -6.814600e+02 1.761400e+03 0
-1.184100e-01 2.893700e-01 -1.733700e-01 3.204100e-02 15 66 1.060700e+01 3.850000e+00 -1.469400e+02 1.768700e+03 0
3.609700e-01 3.315200e-01 -1.767700e-01 3.204100e-02 28 66 1.205000e+01 3.850000e+00 1186 1.628600e+03 0
6.799100e-01 6.355400e-01 -2.013200e-01 3.204100e-02 29 66 1.367600e+01 3.850000e+00 1295 9.669600e+02 0
6.725500e-01 7.359100e-01 -2.094300e-01 3.204100e-02 30 66 1.460300e+01 3.850000e+00 1.193100e+03 8.794600e+02 0
6.711800e-01 8.044700e-01 -2.149700e-01 3.204100e-02 31 66 1.475600e+01 3.850000e+00 1.143500e+03 8.340700e+02 0
6.766400e-01 8.318800e-01 -2.171800e-01 3.204100e-02 32 66 1.423000e+01 3.850000e+00 1.131600e+03 8.184200e+02 0
6.722700e-01 8.731800e-01 -2.205100e-01 3.204100e-02 33 66 1.273500e+01 3.850000e+00 1.104700e+03 7.966700e+02 0
-9.904000e-01 2.418100e-01 -1.695300e-01 3.204100e-02 34 66 9.888400e+00 3.850000e+00 -2.985300e+03 1.883100e+03 0
7.514000e-01 8.753000e-01 -2.206900e-01 3.204100e-02 35 66 9.741700e+00 3.850000e+00 1.169900e+03 7.971600e+02 0
-8.498900e-01 8.620400e-01 -2.196100e-01 3.204100e-02 36 66 1.089200e+01 3.850000e+00 -1.020400e+02 7.738300e+02 0
-8.741700e-01 8.598800e-01 -2.194400e-01 3.204100e-02 37 66 1.128900e+01 3.850000e+00 -1.223100e+02 7.743700e+02 0
-9.186500e-01 8.073500e-01 -2.152000e-01 3.204100e-02 38 66 1.093900e+01 3.850000e+00 -2.138900e+02 7.985000e+02 0
-9.849500e-01 6.780600e-01 -2.047600e-01 3.204100e-02 39 66 9.990300e+00 3.850000e+00 -4.612500e+02 8.755400e+02 0
1.418800e-02 1.815900e+00 -2.966500e-01 -9.932700e-01 53 34 1.015400e+01 3.850000e+00 6.366600e+02 5.822600e+02 1
5.784200e-02 1.839000e+00 -2.985100e-01 -9.932700e-01 54 34 1.064400e+01 3.850000e+00 6.531300e+02 5.802200e+02 1
8.840000e-02 1.861800e+00 -3.003500e-01 -9.932700e-01 55 34 1.048200e+01 3.850000e+00 6.645200e+02 5.781900e+02 1
6.957400e-02 1.779300e+00 -2.936900e-01 -9.612300e-01 52 35 1.071600e+01 3.850000e+00 6.560700e+02 5.861900e+02 1
7.093800e-02 1.807700e+00 -2.959800e-01 -9.612300e-01 53 35 1.213700e+01 3.850000e+00 6.571900e+02 5.833300e+02 1
7.230200e-02 1.834900e+00 -2.981800e-01 -9.612300e-01 54 35 1.283900e+01 3.850000e+00 6.582500e+02 5.806800e+02 1
7.366600e-02 1.861800e+00 -3.003500e-01 -9.612300e-01 55 35 1.281200e+01 3.850000e+00 6.592800e+02 5.781300e+02 1
7.503100e-02 1.887800e+00 -3.024500e-01 -9.612300e-01 56 35 1.196500e+01 3.850000e+00 6.602600e+02 5.757400e+02 1
8.021400e-02 1.707700e+00 -2.879100e-01 -9.291900e-01 50 36 1.027100e+01 3.850000e+00 6.585400e+02 5.939300e+02 1
8.185100e-02 1.744200e+00 -2.908600e-01 -9.291900e-01 51 36 1.210300e+01 3.850000e+00 6.599400e+02 5.899400e+02 1
8.348900e-02 1.778100e+00 -2.935900e-01 -9.291900e-01 52 36 1.391200e+01 3.850000e+00 6.612300e+02 5.863900e+02 1
8.512600e-02 1.806700e+00 -2.959000e-01 -9.291900e-01 53 36 1.521100e+01 3.850000e+00 6.623800e+02 5.834900e+02 1
8.676300e-02 1.833800e+00 -2.980900e-01 -9.291900e-01 54 36 1.575700e+01 3.850000e+00 6.634600e+02 5.808400e+02 1
8.840000e-02 1.860400e+00 -3.002400e-01 -9.291900e-01 55 36 1.549900e+01 3.850000e+00 6.645000e+02 5.783200e+02 1
9.003700e-02 1.885300e+00 -3.022500e-01 -9.291900e-01 56 36 1.434900e+01 3.850000e+00 6.654800e+02 5.760300e+02 1
6.111600e-02 1.894300e+00 -3.029700e-01 -9.291900e-01 57 36 1.201500e+01 3.850000e+00 6.555200e+02 5.750900e+02 1
2.139100e-01 1.654800e+00 -2.836400e-01 -8.971500e-01 50 37 1.037700e+01 3.850000e+00 7.113200e+02 6.007800e+02 1
1.091400e-01 1.741800e+00 -2.906600e-01 -8.971500e-01 51 37 1.227300e+01 3.850000e+00 6.703100e+02 5.903400e+02 1
9.740300e-02 1.776100e+00 -2.934300e-01 -8.971500e-01 52 37 1.432300e+01 3.850000e+00 6.664000e+02 5.866600e+02 1
8.512600e-02 1.807000e+00 -2.959300e-01 -8.971500e-01 53 37 1.557400e+01 3.850000e+00 6.623900e+02 5.834600e+02 1
8.676300e-02 1.835600e+00 -2.982300e-01 -8.971500e-01 54 37 1.606700e+01 3.850000e+00 6.634900e+02 5.806700e+02 1
8.840000e-02 1.863800e+00 -3.005100e-01 -8.971500e-01 55 37 1.578100e+01 3.850000e+00 6.645600e+02 578 1
1.050400e-01 1.890200e+00 -3.026400e-01 -8.971500e-01 56 37 1.461700e+01 3.850000e+00 6.708200e+02 5.756400e+02 1
9.167400e-02 1.908200e+00 -3.041000e-01 -8.971500e-01 57 37 1.224500e+01 3.850000e+00 6.664100e+02 5.739700e+02 1
1.637000e-01 1.731300e+00 -2.898100e-01 -8.651100e-01 51 38 1.016500e+01 3.850000e+00 6.911600e+02 5.917400e+02 1
9.740300e-02 1.775000e+00 -2.933400e-01 -8.651100e-01 52 38 1.257100e+01 3.850000e+00 6.663800e+02 5.867700e+02 1
9.931300e-02 1.806000e+00 -2.958400e-01 -8.651100e-01 53 38 1.382800e+01 3.850000e+00 6.675800e+02 5.836300e+02 1
1.012200e-01 1.836100e+00 -2.982700e-01 -8.651100e-01 54 38 1.428200e+01 3.850000e+00 6.687300e+02 5.806900e+02 1
1.031300e-01 1.866600e+00 -3.007400e-01 -8.651100e-01 55 38 1.400400e+01 3.850000e+00 6.698400e+02 5.778100e+02 1
1.050400e-01 1.896800e+00 -3.031800e-01 -8.651100e-01 56 38 1.295400e+01 3.850000e+00 6.709100e+02 5.750500e+02 1
1.069500e-01 1.921700e+00 -3.051900e-01 -8.651100e-01 57 38 1.105500e+01 3.850000e+00 6.718800e+02 5.728400e+02 1
1.418800e-01 1.803500e+00 -2.956400e-01 -8.330700e-01 53 39 1.010200e+01 3.850000e+00 6.832300e+02 5.840800e+02 1
1.156800e-01 1.842800e+00 -2.988100e-01 -8.330700e-01 54 39 1.034800e+01 3.850000e+00 6.740300e+02 5.801100e+02 1
0 0 -1.500000e-01 -6.408200e-02 1 63 9.683700e+00 3.850000e+00 2167 -3.612800e+03 0
-3.328600e-02 7.070900e-03 -1.505700e-01 -6.408200e-02 2 63 9.814100e+00 3.850000e+00 2.671900e+03 -4112 0
6.646300e-01 7.437500e-01 -2.100600e-01 -6.408200e-02 30 63 9.783700e+00 3.850000e+00 1.179100e+03 8.735700e+02 0
6.957400e-01 7.824800e-01 -2.131900e-01 -6.408200e-02 31 63 9.837400e+00 3.850000e+00 1.181300e+03 8.482300e+02 0
6.635400e-01 8.853500e-01 -2.215000e-01 -6.408200e-02 33 63 9.796300e+00 3.850000e+00 1.091200e+03 7.905600e+02 0
6.842800e-01 9.075500e-01 -2.232900e-01 -6.408200e-02 34 63 9.768100e+00 3.850000e+00 1.096900e+03 7.805500e+02 0
0 0 -1.500000e-01 -3.204100e-02 1 64 1.555600e+01 3.850000e+00 2167 -3.612800e+03 0
-7.093800e-02 1.121200e-01 -1.590500e-01 -3.204100e-02 5 64 1.415100e+01 3.850000e+00 -3.118100e+03 7.772800e+03 0
-1.585200e-01 1.861000e-01 -1.650300e-01 -3.204100e-02 8 64 1.334800e+01 3.850000e+00 -1.094800e+03 2.946800e+03 0
-2.008100e-01 1.907800e-01 -1.654100e-01 -3.204100e-02 9 64 1.267900e+01 3.850000e+00 -1.224500e+03 2.820900e+03 0
-2.480100e-01 1.862200e-01 -1.650400e-01 -3.204100e-02 10 64 1.266500e+01 3.850000e+00 -1.521300e+03 2.879600e+03 0
-2.619200e-01 2.223100e-01 -1.679500e-01 -3.204100e-02 11 64 1.212600e+01 3.850000e+00 -1062 2.304800e+03 0
-2.881200e-01 2.309600e-01 -1.686500e-01 -3.204100e-02 12 64 1.169100e+01 3.850000e+00 -1.061600e+03 2.196200e+03 0
-3.044900e-01 2.784200e-01 -1.724800e-01 -3.204100e-02 13 64 1.084000e+01 3.850000e+00 -7.173900e+02 1.796700e+03 0
-1.107700e-01 4.037800e-01 -1.826100e-01 -3.204100e-02 15 64 1.037900e+01 3.850000e+00 1.555600e+02 1304 0
3.609700e-01 2.588200e-01 -1.709000e-01 -3.204100e-02 28 64 1.205300e+01 3.850000e+00 1.393100e+03 2.141200e+03 0
6.799100e-01 6.437500e-01 -2.019900e-01 -3.204100e-02 29 64 1.363600e+01 3.850000e+00 1286 9.586100e+02 0
6.725500e-01 7.408500e-01 -2.098300e-01 -3.204100e-02 30 64 1.456700e+01 3.850000e+00 1.189300e+03 8.758700e+02 0
6.793700e-01 7.972600e-01 -2.143800e-01 -3.204100e-02 31 64 1.471200e+01 3.850000e+00 1.155800e+03 8.386100e+02 0
6.766400e-01 8.282200e-01 -2.168800e-01 -3.204100e-02 32 64 1.413200e+01 3.850000e+00 1.133800e+03 8.204600e+02 0
6.635400e-01 8.722900e-01 -2.204400e-01 -3.204100e-02 33 64 1.244400e+01 3.850000e+00 1.097800e+03 7.969400e+02 0
7.383000e-01 8.369100e-01 -2.175900e-01 -3.204100e-02 34 64 1.047900e+01 3.850000e+00 1183 8.169600e+02 0
7.142900e-01 9.042800e-01 -2.230300e-01 -3.204100e-02 35 64 1.066200e+01 3.850000e+00 1.122700e+03 7.825900e+02 0
-8.021400e-01 8.938300e-01 -2.221800e-01 -3.204100e-02 36 64 1.063900e+01 3.850000e+00 -3.774900e+01 7.610200e+02 0
-8.545300e-01 8.557800e-01 -2.191100e-01 -3.204100e-02 37 64 1.105700e+01 3.850000e+00 -1.116800e+02 7.765500e+02 0
-9.085500e-01 7.850000e-01 -2.133900e-01 -3.204100e-02 38 64 1.057300e+01 3.850000e+00 -2.330200e+02 8.103900e+02 0
