0 0 -1.500000e-01 0 1 65 1.656700e+01 4.010000e+00 2167 -3.612800e+03 0
-7.093800e-02 1.131600e-01 -1.595000e-01 0 5 65 1.518000e+01 4.010000e+00 -3.023700e+03 7.595800e+03 0
-1.585200e-01 1.860900e-01 -1.656200e-01 0 8 65 1.434100e+01 4.010000e+00 -1.095300e+03 2.950600e+03 0
-2.008100e-01 1.913400e-01 -1.660600e-01 0 9 65 1.365900e+01 4.010000e+00 -1.216200e+03 2.813500e+03 0
-2.480100e-01 1.873200e-01 -1.657200e-01 0 10 65 1.362900e+01 4.010000e+00 -1.501600e+03 2.860800e+03 0
-2.619200e-01 2.227700e-01 -1.686900e-01 0 11 65 1.310900e+01 4.010000e+00 -1.057100e+03 2.302400e+03 0
-2.881200e-01 2.318200e-01 -1.694500e-01 0 12 65 1.269600e+01 4.010000e+00 -1.052900e+03 2190 0
-3.077600e-01 2.775900e-01 -1.732900e-01 0 13 65 1.198800e+01 4.010000e+00 -7.321000e+02 1804 0
-1.145900e-01 3.849900e-01 -1.823100e-01 0 15 65 1.138300e+01 4.010000e+00 1.158600e+02 1.359400e+03 0
3.609700e-01 3.077300e-01 -1.758200e-01 0 28 65 1.311600e+01 4.010000e+00 1239 1.762200e+03 0
6.799100e-01 6.397700e-01 -2.036800e-01 0 29 65 1.465300e+01 4.010000e+00 1.290500e+03 9.649900e+02 0
6.725500e-01 7.368300e-01 -2.118300e-01 0 30 65 1.558700e+01 4.010000e+00 1.192500e+03 8.810800e+02 0
6.793700e-01 7.975600e-01 -2.169200e-01 0 31 65 1.573900e+01 4.010000e+00 1.155700e+03 8.407000e+02 0
6.766400e-01 8.314100e-01 -2.197700e-01 0 32 65 1.519900e+01 4.010000e+00 1132 8.209300e+02 0
6.810000e-01 8.696100e-01 -2.229700e-01 0 33 65 1.367500e+01 4.010000e+00 1114 8.008600e+02 0
7.606700e-01 7.905000e-01 -2.163300e-01 0 35 65 1.107700e+01 4.010000e+00 1.237100e+03 8.470100e+02 0
-8.307900e-01 8.922500e-01 -2.248700e-01 0 36 65 1.170300e+01 4.010000e+00 -5.991700e+01 7.632900e+02 0
-8.545300e-01 8.822400e-01 -2.240300e-01 0 37 65 1.214500e+01 4.010000e+00 -8.627500e+01 7.670900e+02 0
-8.782700e-01 8.635200e-01 -2.224600e-01 0 38 65 1.172100e+01 4.010000e+00 -1.218100e+02 7.747700e+02 0
-9.123700e-01 8.569400e-01 -2.219100e-01 0 39 65 1.029400e+01 4.010000e+00 -1.539600e+02 7.771000e+02 0
0 0 -1.500000e-01 3.204100e-02 1 66 1.554700e+01 4.010000e+00 2167 -3.612800e+03 0
-7.202900e-02 1.123400e-01 -1.594300e-01 3.204100e-02 5 66 1.417500e+01 4.010000e+00 -3.112600e+03 7.734600e+03 0
-1.585200e-01 1.860700e-01 -1.656100e-01 3.204100e-02 8 66 1.336300e+01 4.010000e+00 -1.095700e+03 2.951200e+03 0
-2.008100e-01 1.923500e-01 -1.661400e-01 3.204100e-02 9 66 1.265100e+01 4.010000e+00 -1.200800e+03 2.794100e+03 0
-2.480100e-01 1.886400e-01 -1.658300e-01 3.204100e-02 10 66 1.262200e+01 4.010000e+00 -1478 2.834400e+03 0
-2.646500e-01 2.189900e-01 -1.683800e-01 3.204100e-02 11 66 1.215300e+01 4.010000e+00 -1.110400e+03 2.347600e+03 0
-2.911200e-01 2.252800e-01 -1.689000e-01 3.204100e-02 12 66 1.167000e+01 4.010000e+00 -1.134600e+03 2261 0
-3.143100e-01 2.688200e-01 -1.725600e-01 3.204100e-02 13 66 1.096300e+01 4.010000e+00 -8.117700e+02 1.861900e+03 0
-2.979400e-01 3.187700e-01 -1.767500e-01 3.204100e-02 14 66 1.039300e+01 4.010000e+00 -4.787800e+02 1581 0
-1.107700e-01 4.575700e-01 -1.884000e-01 3.204100e-02 15 66 1.030400e+01 4.010000e+00 2.303400e+02 1.182400e+03 0
3.536000e-01 3.410200e-01 -1.786200e-01 3.204100e-02 28 66 1.209200e+01 4.010000e+00 1149 1.584800e+03 0
6.722700e-01 6.409600e-01 -2.037800e-01 3.204100e-02 29 66 1.366300e+01 4.010000e+00 1280 9.634900e+02 0
6.725500e-01 7.340500e-01 -2.116000e-01 3.204100e-02 30 66 1.459300e+01 4.010000e+00 1.194700e+03 8.831200e+02 0
6.711800e-01 8.044800e-01 -2.175100e-01 3.204100e-02 31 66 1.474400e+01 4.010000e+00 1.143600e+03 8.363300e+02 0
6.766400e-01 8.325700e-01 -2.198600e-01 3.204100e-02 32 66 1.420000e+01 4.010000e+00 1.131300e+03 8.202900e+02 0
6.722700e-01 8.762500e-01 -2.235300e-01 3.204100e-02 33 66 1.265100e+01 4.010000e+00 1.103200e+03 7.973900e+02 0
-8.594400e-01 8.628100e-01 -2.224000e-01 3.204100e-02 36 66 1.068000e+01 4.010000e+00 -1.084900e+02 7.754100e+02 0
-8.741700e-01 8.618400e-01 -2.223200e-01 3.204100e-02 37 66 1.111100e+01 4.010000e+00 -1.204400e+02 7.755900e+02 0
-8.883600e-01 8.504200e-01 -2.213600e-01 3.204100e-02 38 66 1.062700e+01 4.010000e+00 -1.427000e+02 7.804700e+02 0
0 0 -1.500000e-01 6.408200e-02 1 67 9.725600e+00 4.010000e+00 2167 -3.612800e+03 0
6.329800e-01 7.883200e-01 -2.161500e-01 6.408200e-02 30 67 9.850900e+00 4.010000e+00 1.118200e+03 8.452900e+02 0
6.548100e-01 8.067700e-01 -2.177000e-01 6.408200e-02 31 67 1.027600e+01 4.010000e+00 1.127200e+03 8.345800e+02 0
6.851000e-01 8.018800e-01 -2.172900e-01 6.408200e-02 32 67 1.015000e+01 4.010000e+00 1.158200e+03 8.382100e+02 0
0 0 -1.500000e-01 9.612300e-02 1 68 9.595200e+00 4.010000e+00 2167 -3.612800e+03 0
6.138900e-01 8.487700e-01 -2.212200e-01 9.612300e-02 31 68 9.734400e+00 4.010000e+00 1.067700e+03 8.102200e+02 0
6.851000e-01 8.268800e-01 -2.193800e-01 9.612300e-02 32 68 9.828500e+00 4.010000e+00 1.142300e+03 8.236500e+02 0
-3.994400e-01 6.332500e+00 -6.813700e-01 -1.025300e+00 184 33 1.052600e+01 4.010000e+00 6.362000e+02 4.604700e+02 1
-4.016200e-01 6.401000e+00 -6.871200e-01 -1.025300e+00 185 33 1.090500e+01 4.010000e+00 6.366100e+02 4.599600e+02 1
-3.533300e-01 6.447400e+00 -6.910200e-01 -1.025300e+00 186 33 1.055600e+01 4.010000e+00 6.418200e+02 4.596500e+02 1
-4.370900e-01 6.199800e+00 -6.702400e-01 -9.932700e-01 179 34 1.044000e+01 4.010000e+00 6.310600e+02 4.614700e+02 1
-3.907000e-01 6.238000e+00 -6.734500e-01 -9.932700e-01 180 34 1.021400e+01 4.010000e+00 6.362100e+02 4.612000e+02 1
-3.928900e-01 6.273000e+00 -6.763800e-01 -9.932700e-01 181 34 1.001400e+01 4.010000e+00 6.363100e+02 4.609300e+02 1
-3.476000e-01 6.330800e+00 -6.812300e-01 -9.932700e-01 183 34 1.105400e+01 4.010000e+00 6.414300e+02 4.605200e+02 1
-4.493600e-01 6.364500e+00 -6.840600e-01 -9.932700e-01 184 34 1.227600e+01 4.010000e+00 6.314700e+02 4.602000e+02 1
-4.518200e-01 6.400300e+00 -6.870600e-01 -9.932700e-01 185 34 1.255200e+01 4.010000e+00 6.315800e+02 4.599300e+02 1
-4.542800e-01 6.434400e+00 -6.899200e-01 -9.932700e-01 186 34 1.205400e+01 4.010000e+00 6.316700e+02 4.596800e+02 1
-4.059800e-01 6.470100e+00 -6.929200e-01 -9.932700e-01 187 34 1.084500e+01 4.010000e+00 6.367900e+02 4.594500e+02 1
-4.469100e-01 6.340100e+00 -6.820100e-01 -9.612300e-01 183 35 1.086100e+01 4.010000e+00 6.314700e+02 4.603900e+02 1
-4.493600e-01 6.374200e+00 -6.848700e-01 -9.612300e-01 184 35 1.193000e+01 4.010000e+00 6.315600e+02 4.601300e+02 1
-4.518200e-01 6.407000e+00 -6.876200e-01 -9.612300e-01 185 35 1.217100e+01 4.010000e+00 6.316400e+02 4.598800e+02 1
-5.047500e-01 6.435800e+00 -6.900400e-01 -9.612300e-01 186 35 1.163600e+01 4.010000e+00 6.266600e+02 4.596400e+02 1
-5.582300e-01 6.459000e+00 -6.919900e-01 -9.612300e-01 187 35 1.026200e+01 4.010000e+00 6.216100e+02 4.594400e+02 1
-5.552000e+00 1.116200e+01 -1.086600e+00 -9.291900e-01 358 36 1.041900e+01 4.010000e+00 3.709600e+02 4.384300e+02 1
-5.665200e+00 1.114300e+01 -1.085100e+00 -9.291900e-01 359 36 1.098900e+01 4.010000e+00 3.641300e+02 4.384400e+02 1
-5.681000e+00 1.117600e+01 -1.087800e+00 -9.291900e-01 360 36 1.072800e+01 4.010000e+00 3.642000e+02 4.383700e+02 1
4.716600e+00 9.050500e+00 -9.094400e-01 -8.971500e-01 294 37 1.003800e+01 4.010000e+00 1.022300e+03 4.480700e+02 1
4.893100e+00 9.018000e+00 -9.067200e-01 -8.971500e-01 295 37 1.065800e+01 4.010000e+00 1.036500e+03 4.482700e+02 1
5.231700e+00 8.871400e+00 -8.944200e-01 -8.971500e-01 296 37 1.003100e+01 4.010000e+00 1.067800e+03 449 1
5.895500e+00 8.365000e+00 -8.519300e-01 -8.971500e-01 297 37 9.901000e+00 4.010000e+00 1.144400e+03 4.515300e+02 0
-5.454600e+00 1.119500e+01 -1.089400e+00 -8.971500e-01 358 37 1.117800e+01 4.010000e+00 3.772800e+02 4.383900e+02 1
-5.567500e+00 1.118800e+01 -1.088800e+00 -8.971500e-01 359 37 1.178500e+01 4.010000e+00 3.708500e+02 4.383700e+02 1
-5.583100e+00 1.122600e+01 -1.092000e+00 -8.971500e-01 360 37 1.142600e+01 4.010000e+00 3.710500e+02 4.382800e+02 1
-5.795100e+00 1.115400e+01 -1.086000e+00 -8.971500e-01 361 37 1.023600e+01 4.010000e+00 3.572400e+02 4.383800e+02 1
4.973300e+00 8.981500e+00 -9.036600e-01 -8.651100e-01 295 38 1.052000e+01 4.010000e+00 1.043900e+03 4.484400e+02 1
4.990200e+00 8.991400e+00 -9.044900e-01 -8.651100e-01 296 38 9.937900e+00 4.010000e+00 1.044700e+03 4.484100e+02 1
-5.410900e+00 8.804500e+00 -8.888000e-01 -8.651100e-01 297 38 9.888000e+00 4.010000e+00 2.953700e+02 4.451900e+02 0
-5.454600e+00 1.119100e+01 -1.089000e+00 -8.651100e-01 358 38 1.023900e+01 4.010000e+00 3.771700e+02 4.383900e+02 1
-5.567500e+00 1.116500e+01 -1.086900e+00 -8.651100e-01 359 38 1.070100e+01 4.010000e+00 3.701800e+02 4.384200e+02 1
-5.779000e+00 1.110300e+01 -1.081600e+00 -8.651100e-01 360 38 1.019200e+01 4.010000e+00 3.565900e+02 4.385000e+02 1
0 0 -1.500000e-01 -6.408200e-02 1 63 9.850200e+00 4.010000e+00 2167 -3.612800e+03 0
-1.391500e-02 1.721600e-02 -1.514400e-01 -6.408200e-02 2 63 9.860200e+00 4.010000e+00 2.786200e+03 -4.875100e+03 0
-2.455500e-02 6.052600e-02 -1.550800e-01 -6.408200e-02 3 63 9.656300e+00 4.010000e+00 10509 -23047 0
6.597200e-01 8.051000e-01 -2.175600e-01 -6.408200e-02 32 63 9.628300e+00 4.010000e+00 1.132700e+03 8.356900e+02 0
0 0 -1.500000e-01 -3.204100e-02 1 64 1.555100e+01 4.010000e+00 2167 -3.612800e+03 0
-7.093800e-02 1.126500e-01 -1.594500e-01 -3.204100e-02 5 64 1.415400e+01 4.010000e+00 -3.069700e+03 7.684800e+03 0
-1.585200e-01 1.861000e-01 -1.656200e-01 -3.204100e-02 8 64 1.328800e+01 4.010000e+00 -1.095100e+03 2.950500e+03 0
-2.008100e-01 1.902600e-01 -1.659600e-01 -3.204100e-02 9 64 1.260700e+01 4.010000e+00 -1233 2.834600e+03 0
-2.480100e-01 1.863000e-01 -1.656300e-01 -3.204100e-02 10 64 1.258800e+01 4.010000e+00 -1.520200e+03 2.881500e+03 0
-2.619200e-01 2.223100e-01 -1.686500e-01 -3.204100e-02 11 64 1.201500e+01 4.010000e+00 -1.062200e+03 2.307900e+03 0
-2.911200e-01 2.292600e-01 -1.692400e-01 -3.204100e-02 12 64 1.163500e+01 4.010000e+00 -1.090500e+03 2.216400e+03 0
-3.110400e-01 2.772300e-01 -1.732600e-01 -3.204100e-02 13 64 1.091200e+01 4.010000e+00 -7.434900e+02 1.805600e+03 0
-4.125300e-01 2.379300e-01 -1.699600e-01 -3.204100e-02 15 64 1.028100e+01 4.010000e+00 -1.397500e+03 2.085700e+03 0
3.609700e-01 2.497500e-01 -1.709600e-01 -3.204100e-02 28 64 1.210800e+01 4.010000e+00 1.432100e+03 2.240500e+03 0
6.799100e-01 6.429700e-01 -2.039500e-01 -3.204100e-02 29 64 1.359000e+01 4.010000e+00 1287 9.617600e+02 0
6.725500e-01 7.396700e-01 -2.120700e-01 -3.204100e-02 30 64 1.454800e+01 4.010000e+00 1.190300e+03 8.790200e+02 0
6.793700e-01 7.972600e-01 -2.169000e-01 -3.204100e-02 31 64 1.471500e+01 4.010000e+00 1.155900e+03 8.408800e+02 0
6.766400e-01 8.285900e-01 -2.195300e-01 -3.204100e-02 32 64 1.419600e+01 4.010000e+00 1.133700e+03 8.225000e+02 0
6.810000e-01 8.664500e-01 -2.227100e-01 -3.204100e-02 33 64 1.272500e+01 4.010000e+00 1.115700e+03 8.024500e+02 0
7.792300e-01 7.983000e-01 -2.169900e-01 -3.204100e-02 35 64 1.014900e+01 4.010000e+00 1.248500e+03 8.426100e+02 0
-8.116900e-01 9.115300e-01 -2.264900e-01 -3.204100e-02 36 64 1.076200e+01 4.010000e+00 -2.959900e+01 7.557900e+02 0
-8.447100e-01 8.841000e-01 -2.241900e-01 -3.204100e-02 37 64 1.114300e+01 4.010000e+00 -7.739700e+01 7.664700e+02 0
-8.782700e-01 8.304400e-01 -2.196800e-01 -3.204100e-02 38 64 1.070800e+01 4.010000e+00 -1.561500e+02 7.899900e+02 0
