0 0 -1.500000e-01 0 1 65 1.656400e+01 3.860000e+00 2167 -3.612800e+03 0
-7.093800e-02 1.130500e-01 -1.591500e-01 0 5 65 1.517300e+01 3.860000e+00 -3.032500e+03 7.607900e+03 0
-1.585200e-01 1.861000e-01 -1.650700e-01 0 8 65 1.435200e+01 3.860000e+00 -1.094800e+03 2.947100e+03 0
-2.008100e-01 1.907900e-01 -1.654500e-01 0 9 65 1.366500e+01 3.860000e+00 -1.224300e+03 2.820900e+03 0
-2.480100e-01 1.864600e-01 -1.651000e-01 0 10 65 1.361000e+01 3.860000e+00 -1517 2875 0
-2.592000e-01 2.260500e-01 -1.683000e-01 0 11 65 1.309000e+01 3.860000e+00 -1.011300e+03 2.262100e+03 0
-2.851200e-01 2.350300e-01 -1.690300e-01 0 12 65 1.271600e+01 3.860000e+00 -1.009500e+03 2.154800e+03 0
-3.044900e-01 2.810500e-01 -1.727600e-01 0 13 65 1.197900e+01 3.860000e+00 -7.003200e+02 1.780100e+03 0
-3.050300e-01 2.966900e-01 -1.740200e-01 0 14 65 1.137400e+01 3.860000e+00 -608 1688 0
-1.260500e-01 2.441900e-01 -1.697700e-01 0 15 65 1.128600e+01 3.860000e+00 -3.915400e+02 2.118600e+03 0
3.536000e-01 3.373100e-01 -1.773100e-01 0 28 65 1.312000e+01 3.860000e+00 1.155500e+03 1.599500e+03 0
6.799100e-01 6.381800e-01 -2.016700e-01 0 29 65 1.466800e+01 3.860000e+00 1.292100e+03 9.644000e+02 0
6.725500e-01 7.367300e-01 -2.096500e-01 0 30 65 1.561100e+01 3.860000e+00 1.192500e+03 8.790100e+02 0
6.711800e-01 8.044600e-01 -2.151300e-01 0 31 65 1.578000e+01 3.860000e+00 1.143500e+03 8.342200e+02 0
6.766400e-01 8.318400e-01 -2.173500e-01 0 32 65 1.524900e+01 3.860000e+00 1.131600e+03 8.185900e+02 0
6.810000e-01 8.677100e-01 -2.202600e-01 0 33 65 1.373100e+01 3.860000e+00 1115 7.997300e+02 0
7.421200e-01 8.277600e-01 -2.170200e-01 0 35 65 1.093100e+01 3.860000e+00 1.192600e+03 8.222900e+02 0
-8.212400e-01 9.037700e-01 -2.231700e-01 0 36 65 1.174300e+01 3.860000e+00 -4.290400e+01 7.567900e+02 0
-8.447100e-01 9.019900e-01 -2.230300e-01 0 37 65 1.224100e+01 3.860000e+00 -6.120300e+01 7.571300e+02 0
-8.681700e-01 8.979100e-01 -2.227000e-01 0 38 65 1.191200e+01 3.860000e+00 -8.162900e+01 7.584100e+02 0
-8.916400e-01 9.151700e-01 -2.241000e-01 0 39 65 1.075100e+01 3.860000e+00 -8.270800e+01 7.511600e+02 0
0 0 -1.500000e-01 3.204100e-02 1 66 1.554800e+01 3.860000e+00 2167 -3.612800e+03 0
-7.093800e-02 1.138500e-01 -1.592200e-01 3.204100e-02 5 66 1.415000e+01 3.860000e+00 -2.962100e+03 7.471900e+03 0
-1.585200e-01 1.861000e-01 -1.650700e-01 3.204100e-02 8 66 1.334700e+01 3.860000e+00 -1.094800e+03 2.947100e+03 0
-2.008100e-01 1.903300e-01 -1.654100e-01 3.204100e-02 9 66 1.263700e+01 3.860000e+00 -1.231600e+03 2830 0
-2.480100e-01 1.867300e-01 -1.651200e-01 3.204100e-02 10 66 1.260400e+01 3.860000e+00 -1.511900e+03 2.869400e+03 0
-2.592000e-01 2.263000e-01 -1.683200e-01 3.204100e-02 11 66 1.205100e+01 3.860000e+00 -1.008700e+03 2.259200e+03 0
-2.851200e-01 2.355100e-01 -1.690700e-01 3.204100e-02 12 66 1.169900e+01 3.860000e+00 -1.004800e+03 2150 0
-3.044900e-01 2.815100e-01 -1.727900e-01 3.204100e-02 13 66 1.098300e+01 3.860000e+00 -6.973700e+02 1.777200e+03 0
-1.336900e-01 1.865100e-01 -1.651000e-01 3.204100e-02 15 66 1.043000e+01 3.860000e+00 -9.661700e+02 2.956700e+03 0
3.536000e-01 3.140900e-01 -1.754300e-01 3.204100e-02 28 66 1.214500e+01 3.860000e+00 1.202500e+03 1.720400e+03 0
6.722700e-01 6.451000e-01 -2.022300e-01 3.204100e-02 29 66 1.367700e+01 3.860000e+00 1.275400e+03 9.571300e+02 0
6.725500e-01 7.358300e-01 -2.095800e-01 3.204100e-02 30 66 1.463700e+01 3.860000e+00 1.193200e+03 8.796700e+02 0
6.711800e-01 8.044400e-01 -2.151300e-01 3.204100e-02 31 66 1.482400e+01 3.860000e+00 1.143600e+03 8.342300e+02 0
6.766400e-01 8.362700e-01 -2.177100e-01 3.204100e-02 32 66 1.431400e+01 3.860000e+00 1129 8.161500e+02 0
6.810000e-01 8.766500e-01 -2.209800e-01 3.204100e-02 33 66 1.284400e+01 3.860000e+00 1.110100e+03 7.952700e+02 0
-4.081700e-01 3.393600e-01 -1.774800e-01 3.204100e-02 35 66 1.012100e+01 3.860000e+00 -6.280100e+02 1.476100e+03 0
-8.212400e-01 9.005500e-01 -2.229100e-01 3.204100e-02 36 66 1.080600e+01 3.860000e+00 -4.568400e+01 7.580900e+02 0
-8.447100e-01 8.910600e-01 -2.221500e-01 3.204100e-02 37 66 1.136300e+01 3.860000e+00 -7.097000e+01 7.616100e+02 0
-8.782700e-01 8.637100e-01 -2.199300e-01 3.204100e-02 38 66 1.110500e+01 3.860000e+00 -1.215400e+02 7.727300e+02 0
-9.020000e-01 8.494600e-01 -2.187800e-01 3.204100e-02 39 66 1.009400e+01 3.860000e+00 -1.539200e+02 7.787100e+02 0
0 0 -1.500000e-01 6.408200e-02 1 67 1.077900e+01 3.860000e+00 2167 -3.612800e+03 0
-3.301300e-02 1.016800e-02 -1.508200e-01 6.408200e-02 2 67 1.023100e+01 3.860000e+00 2.766400e+03 -4.334500e+03 0
-6.548100e-02 4.460400e-03 -1.503600e-01 6.408200e-02 3 67 9.424900e+00 3.860000e+00 2931 -4.008200e+03 0
6.250700e-01 7.745000e-01 -2.127100e-01 6.408200e-02 30 67 9.956600e+00 3.860000e+00 1.119100e+03 8.517600e+02 0
6.466300e-01 8.208100e-01 -2.164600e-01 6.408200e-02 31 67 1.065500e+01 3.860000e+00 1.111300e+03 8.241300e+02 0
6.681800e-01 8.517400e-01 -2.189600e-01 6.408200e-02 32 67 1.074200e+01 3.860000e+00 1.112800e+03 8.076800e+02 0
6.810000e-01 8.847500e-01 -2.216300e-01 6.408200e-02 33 67 1.029900e+01 3.860000e+00 1.105900e+03 7.913200e+02 0
6.842800e-01 9.224200e-01 -2.246900e-01 6.408200e-02 34 67 9.476500e+00 3.860000e+00 1.089700e+03 7.740400e+02 0
-4.321800e-01 6.900400e+00 -7.087000e-01 -9.932700e-01 199 34 9.986200e+00 3.860000e+00 6.379500e+02 4.546900e+02 1
-3.800600e-01 6.931300e+00 -7.112000e-01 -9.932700e-01 200 34 1.067800e+01 3.860000e+00 6.430200e+02 4.545200e+02 1
-4.365400e-01 6.931800e+00 -7.112400e-01 -9.932700e-01 201 34 1.069000e+01 3.860000e+00 6.378000e+02 4.544900e+02 1
-5.402200e-01 6.883600e+00 -7.073400e-01 -9.612300e-01 199 35 1.045700e+01 3.860000e+00 6.277700e+02 4.547400e+02 1
-4.886500e-01 6.898600e+00 -7.085600e-01 -9.612300e-01 200 35 1.128400e+01 3.860000e+00 6.327000e+02 4.546700e+02 1
-4.911100e-01 6.915200e+00 -7.098900e-01 -9.612300e-01 201 35 1.128800e+01 3.860000e+00 6.326200e+02 4.545700e+02 1
-7.058300e-01 6.829600e+00 -7.029700e-01 -9.291900e-01 200 36 1.016600e+01 3.860000e+00 6.117500e+02 455 1
-6.548100e-01 6.902900e+00 -7.089000e-01 -9.291900e-01 201 36 1.030900e+01 3.860000e+00 6.173500e+02 4.545600e+02 1
4.925800e+00 9.387700e+00 -9.100800e-01 -8.971500e-01 307 37 1.085300e+01 3.860000e+00 1.024900e+03 445 1
5.109400e+00 9.335800e+00 -9.058800e-01 -8.971500e-01 308 37 1.088600e+01 3.860000e+00 1.039900e+03 4.452600e+02 1
-5.277800e+00 1.185300e+01 -1.109700e+00 -8.971500e-01 373 37 1.057200e+01 3.860000e+00 404 4.352400e+02 1
-5.292000e+00 1.189800e+01 -1.113300e+00 -8.971500e-01 374 37 1.108500e+01 3.860000e+00 4.043400e+02 4.351500e+02 1
-5.102100e+00 1.201900e+01 -1.123200e+00 -8.971500e-01 375 37 1.071000e+01 3.860000e+00 4.170700e+02 4.349600e+02 1
4.925800e+00 9.387400e+00 -9.100600e-01 -8.651100e-01 307 38 1.047500e+01 3.860000e+00 1.024900e+03 445 1
5.193200e+00 9.302800e+00 -9.032100e-01 -8.651100e-01 308 38 1.062900e+01 3.860000e+00 1.047100e+03 4.454100e+02 1
-5.480800e+00 1.176000e+01 -1.102200e+00 -8.651100e-01 373 38 1.044500e+01 3.860000e+00 3.910200e+02 4.353800e+02 1
-5.597300e+00 1.175200e+01 -1.101500e+00 -8.651100e-01 374 38 1.080600e+01 3.860000e+00 3.846500e+02 4.353700e+02 1
-5.510200e+00 1.184000e+01 -1.108600e+00 -8.651100e-01 375 38 1.038900e+01 3.860000e+00 3.914900e+02 4.352100e+02 1
0 0 -1.500000e-01 -6.408200e-02 1 63 1.031300e+01 3.860000e+00 2167 -3.612800e+03 0
6.810000e-01 8.487800e-01 -2.187200e-01 -6.408200e-02 33 63 9.640100e+00 3.860000e+00 1.125600e+03 8.095100e+02 0
0 0 -1.500000e-01 -3.204100e-02 1 64 1.553900e+01 3.860000e+00 2167 -3.612800e+03 0
-7.093800e-02 1.122000e-01 -1.590800e-01 -3.204100e-02 5 64 1.415600e+01 3.860000e+00 -3.111100e+03 7.759700e+03 0
-1.585200e-01 1.861000e-01 -1.650700e-01 -3.204100e-02 8 64 1.333500e+01 3.860000e+00 -1.094900e+03 2.947200e+03 0
-1.986300e-01 1.929100e-01 -1.656200e-01 -3.204100e-02 9 64 1.265000e+01 3.860000e+00 -1182 2.781600e+03 0
-2.455500e-01 1.895300e-01 -1.653500e-01 -3.204100e-02 10 64 1.259100e+01 3.860000e+00 -1.450800e+03 2.815400e+03 0
-2.592000e-01 2.244700e-01 -1.681700e-01 -3.204100e-02 11 64 1.216800e+01 3.860000e+00 -1.028200e+03 2.280400e+03 0
-2.851200e-01 2.312600e-01 -1.687200e-01 -3.204100e-02 12 64 1.169100e+01 3.860000e+00 -1.048100e+03 2.194300e+03 0
-3.044900e-01 2.794600e-01 -1.726300e-01 -3.204100e-02 13 64 1.093000e+01 3.860000e+00 -7.105400e+02 1.790100e+03 0
-4.163500e-01 2.398200e-01 -1.694200e-01 -3.204100e-02 15 64 1.018800e+01 3.860000e+00 -1.387300e+03 2.064200e+03 0
3.609700e-01 3.249700e-01 -1.763100e-01 -3.204100e-02 28 64 1.210300e+01 3.860000e+00 1.199500e+03 1.662200e+03 0
6.799100e-01 6.379400e-01 -2.016500e-01 -3.204100e-02 29 64 1.363600e+01 3.860000e+00 1.292400e+03 9.646500e+02 0
6.725500e-01 7.371000e-01 -2.096800e-01 -3.204100e-02 30 64 1.457600e+01 3.860000e+00 1.192200e+03 8.787400e+02 0
6.711800e-01 8.043400e-01 -2.151200e-01 -3.204100e-02 31 64 1.474800e+01 3.860000e+00 1.143600e+03 8.343000e+02 0
6.766400e-01 8.282600e-01 -2.170600e-01 -3.204100e-02 32 64 1.422100e+01 3.860000e+00 1.133800e+03 8.205800e+02 0
6.810000e-01 8.614800e-01 -2.197500e-01 -3.204100e-02 33 64 1.267900e+01 3.860000e+00 1.118400e+03 8.028900e+02 0
7.142900e-01 8.233900e-01 -2.166700e-01 -3.204100e-02 35 64 9.923200e+00 3.860000e+00 1.170500e+03 8.241600e+02 0
-8.212400e-01 9.040900e-01 -2.232000e-01 -3.204100e-02 36 64 1.065100e+01 3.860000e+00 -4.263200e+01 7.566600e+02 0
-8.348900e-01 9.145000e-01 -2.240400e-01 -3.204100e-02 37 64 1.109200e+01 3.860000e+00 -4.340800e+01 7.523100e+02 0
-8.681700e-01 9.078100e-01 -2.235000e-01 -3.204100e-02 38 64 1.070800e+01 3.860000e+00 -7.272700e+01 7.544300e+02 0
