0 0 -1.500000e-01 0 1 65 1.656300e+01 3.870000e+00 2167 -3.612800e+03 0
-7.093800e-02 1.129700e-01 -1.591700e-01 0 5 65 1.518200e+01 3.870000e+00 -3.040200e+03 7.623100e+03 0
-1.585200e-01 1.860600e-01 -1.651000e-01 0 8 65 1.431700e+01 3.870000e+00 -1.095400e+03 2.948100e+03 0
-1.986300e-01 1.941100e-01 -1.657600e-01 0 9 65 1.366600e+01 3.870000e+00 -1.164300e+03 2.759500e+03 0
-2.480100e-01 1.872600e-01 -1.652000e-01 0 10 65 1.362300e+01 3.870000e+00 -1.502400e+03 2859 0
-2.592000e-01 2.271100e-01 -1.684400e-01 0 11 65 1.307100e+01 3.870000e+00 -1.000100e+03 2.250100e+03 0
-2.851200e-01 2.379200e-01 -1.693100e-01 0 12 65 1.274400e+01 3.870000e+00 -9.811700e+02 2126 0
-3.012100e-01 2.850000e-01 -1.731400e-01 0 13 65 1.203400e+01 3.870000e+00 -6.666600e+02 1.756500e+03 0
-4.291700e-01 6.898300e-02 -1.556000e-01 0 14 65 1.134900e+01 3.870000e+00 -40290 32261 0
-1.184100e-01 4.129200e-01 -1.835200e-01 0 15 65 1.115700e+01 3.870000e+00 1.561300e+02 1.279800e+03 0
-3.560500e-01 3.797200e-01 -1.808200e-01 0 16 65 1.114000e+01 3.870000e+00 -3.628700e+02 1.347200e+03 0
3.536000e-01 3.412800e-01 -1.777000e-01 0 28 65 1.311100e+01 3.870000e+00 1.148400e+03 1.581200e+03 0
6.799100e-01 6.404800e-01 -2.019900e-01 0 29 65 1.465700e+01 3.870000e+00 1.289600e+03 9.622200e+02 0
6.725500e-01 7.376700e-01 -2.098800e-01 0 30 65 1.558400e+01 3.870000e+00 1.191800e+03 8.784800e+02 0
6.793700e-01 7.975300e-01 -2.147400e-01 0 31 65 1.574100e+01 3.870000e+00 1.155600e+03 8.387500e+02 0
6.766400e-01 8.311300e-01 -2.174700e-01 0 32 65 1.521300e+01 3.870000e+00 1.132100e+03 8.191300e+02 0
6.810000e-01 8.674100e-01 -2.204100e-01 0 33 65 1.376100e+01 3.870000e+00 1.115100e+03 8.000300e+02 0
6.662700e-01 9.345700e-01 -2.258700e-01 0 34 65 1.110500e+01 3.870000e+00 1070 7.686200e+02 0
7.514000e-01 5.800300e-01 -1.970800e-01 0 35 65 1.073400e+01 3.870000e+00 1.462100e+03 1.034500e+03 0
-8.403400e-01 8.776500e-01 -2.212400e-01 0 36 65 1.170000e+01 3.870000e+00 -8.010500e+01 7.674700e+02 0
-8.643500e-01 8.702400e-01 -2.206400e-01 0 37 65 1.210800e+01 3.870000e+00 -1.048200e+02 7.702500e+02 0
-8.883600e-01 8.582700e-01 -2.196700e-01 0 38 65 1.162800e+01 3.870000e+00 -1.345600e+02 7.751100e+02 0
-9.331100e-01 7.705700e-01 -2.125500e-01 0 39 65 1.007900e+01 3.870000e+00 -2.718400e+02 8.180600e+02 0
0 0 -1.500000e-01 3.204100e-02 1 66 1.556400e+01 3.870000e+00 2167 -3.612800e+03 0
-7.202900e-02 1.128400e-01 -1.591600e-01 3.204100e-02 5 66 1.416800e+01 3.870000e+00 -3065 7.638300e+03 0
-1.585200e-01 1.860400e-01 -1.651000e-01 3.204100e-02 8 66 1.331800e+01 3.870000e+00 -1.095800e+03 2.948600e+03 0
-1.986300e-01 1.944700e-01 -1.657900e-01 3.204100e-02 9 66 1.267400e+01 3.870000e+00 -1.158900e+03 2.752700e+03 0
-2.480100e-01 1.883800e-01 -1.652900e-01 3.204100e-02 10 66 1.264000e+01 3.870000e+00 -1.482300e+03 2.836600e+03 0
-2.592000e-01 2.286500e-01 -1.685600e-01 3.204100e-02 11 66 1.211600e+01 3.870000e+00 -9.842300e+02 2.232800e+03 0
-2.851200e-01 2.416000e-01 -1.696100e-01 3.204100e-02 12 66 1.175400e+01 3.870000e+00 -9.463400e+02 2.090300e+03 0
-3.012100e-01 2.867800e-01 -1.732800e-01 3.204100e-02 13 66 1.102100e+01 3.870000e+00 -6.557600e+02 1.745700e+03 0
3.536000e-01 3.802800e-01 -1.808700e-01 3.204100e-02 28 66 1.206900e+01 3.870000e+00 1.088200e+03 1.426200e+03 0
6.722700e-01 6.444500e-01 -2.023100e-01 3.204100e-02 29 66 1.365500e+01 3.870000e+00 1.276100e+03 9.579500e+02 0
6.725500e-01 7.359300e-01 -2.097400e-01 3.204100e-02 30 66 1.457000e+01 3.870000e+00 1.193100e+03 8.797500e+02 0
6.711800e-01 8.044800e-01 -2.153000e-01 3.204100e-02 31 66 1.473500e+01 3.870000e+00 1.143500e+03 8.343600e+02 0
6.766400e-01 8.335200e-01 -2.176600e-01 3.204100e-02 32 66 1.423300e+01 3.870000e+00 1.130700e+03 8.178100e+02 0
6.810000e-01 8.677300e-01 -2.204400e-01 3.204100e-02 33 66 1.285900e+01 3.870000e+00 1115 7.998700e+02 0
6.752700e-01 9.338300e-01 -2.258100e-01 3.204100e-02 34 66 1.017000e+01 3.870000e+00 1.077300e+03 7.690900e+02 0
-8.594400e-01 8.505200e-01 -2.190400e-01 3.204100e-02 36 66 1.060700e+01 3.870000e+00 -1.206700e+02 7.791300e+02 0
-8.741700e-01 8.398200e-01 -2.181700e-01 3.204100e-02 37 66 1.105300e+01 3.870000e+00 -1.429200e+02 7.838100e+02 0
-8.984600e-01 8.232300e-01 -2.168300e-01 3.204100e-02 38 66 1.064300e+01 3.870000e+00 -1.796900e+02 7.912800e+02 0
0 0 -1.500000e-01 6.408200e-02 1 67 1.015300e+01 3.870000e+00 2167 -3.612800e+03 0
0 3.490100e-02 -1.528300e-01 6.408200e-02 2 67 1.004200e+01 3.870000e+00 3.480300e+03 -7.200700e+03 0
6.875500e-01 6.811700e-01 -2.053000e-01 6.408200e-02 31 67 9.748400e+00 3.870000e+00 1.256700e+03 9.241200e+02 0
-3.186800e-01 5.041700e+00 -5.592700e-01 -1.057400e+00 147 32 1.052300e+01 3.870000e+00 6.314500e+02 4.711200e+02 1
-3.609700e-01 5.081300e+00 -5.624800e-01 -1.057400e+00 148 32 1.145200e+01 3.870000e+00 6.266000e+02 4.706100e+02 1
-4.038000e-01 5.096200e+00 -5.636900e-01 -1.057400e+00 149 32 1.171600e+01 3.870000e+00 6.214100e+02 4.704000e+02 1
-4.471800e-01 5.100500e+00 -5.640400e-01 -1.057400e+00 150 32 1.145000e+01 3.870000e+00 6.160100e+02 4.703100e+02 1
-4.911100e-01 5.140400e+00 -5.672800e-01 -1.057400e+00 151 32 1.102500e+01 3.870000e+00 6.111500e+02 4.698200e+02 1
-4.531800e-01 5.226700e+00 -5.742800e-01 -1.057400e+00 152 32 1.117700e+01 3.870000e+00 6.171800e+02 4.688700e+02 1
-4.561900e-01 5.274900e+00 -5.782000e-01 -1.057400e+00 153 32 1.186900e+01 3.870000e+00 6.175300e+02 4.683400e+02 1
-5.009300e-01 5.307500e+00 -5.808400e-01 -1.057400e+00 154 32 1.197100e+01 3.870000e+00 6.126000e+02 4.679500e+02 1
-5.042100e-01 5.346300e+00 -5.839900e-01 -1.057400e+00 155 32 1.124700e+01 3.870000e+00 6.128100e+02 4.675300e+02 1
-2.788400e-01 5.056600e+00 -5.604800e-01 -1.025300e+00 147 33 1.078100e+01 3.870000e+00 6.367100e+02 4.709700e+02 1
-3.609700e-01 5.084900e+00 -5.627700e-01 -1.025300e+00 148 33 1.172200e+01 3.870000e+00 6.266500e+02 4.705700e+02 1
-4.441800e-01 5.104300e+00 -5.643500e-01 -1.025300e+00 149 33 1.206100e+01 3.870000e+00 6.164500e+02 4.702700e+02 1
-4.878300e-01 5.122900e+00 -5.658600e-01 -1.025300e+00 150 33 1.195500e+01 3.870000e+00 6.112700e+02 4.700200e+02 1
-4.911100e-01 5.127900e+00 -5.662700e-01 -1.025300e+00 151 33 1.153700e+01 3.870000e+00 6.109400e+02 4.699600e+02 1
-4.531800e-01 5.192700e+00 -5.715300e-01 -1.025300e+00 152 33 1.134600e+01 3.870000e+00 6.166800e+02 4.692500e+02 1
-4.561900e-01 5.278500e+00 -5.784900e-01 -1.025300e+00 153 33 1.240400e+01 3.870000e+00 6.175800e+02 4.683000e+02 1
-4.591900e-01 5.314200e+00 -5.813900e-01 -1.025300e+00 154 33 1.265700e+01 3.870000e+00 6.177400e+02 4.679100e+02 1
-4.621900e-01 5.352100e+00 -5.844700e-01 -1.025300e+00 155 33 1.197300e+01 3.870000e+00 6.179300e+02 4.675000e+02 1
-3.806100e-01 5.399000e+00 -5.882800e-01 -1.025300e+00 156 33 1.050500e+01 3.870000e+00 6.282900e+02 4.670700e+02 1
-5.249400e-01 5.043100e+00 -5.593800e-01 -9.932700e-01 149 34 1.033200e+01 3.870000e+00 6.052300e+02 4.709300e+02 1
-5.284900e-01 5.088700e+00 -5.630800e-01 -9.932700e-01 150 34 1.048300e+01 3.870000e+00 6.055900e+02 4.703900e+02 1
-4.911100e-01 5.064900e+00 -5.611500e-01 -9.932700e-01 151 34 1.016500e+01 3.870000e+00 6.099000e+02 4.707000e+02 1
-4.976600e-01 5.282600e+00 -5.788200e-01 -9.932700e-01 153 34 1.098700e+01 3.870000e+00 6.126100e+02 4.682200e+02 1
-4.591900e-01 5.315300e+00 -5.814700e-01 -9.932700e-01 154 34 1.139100e+01 3.870000e+00 6.177600e+02 4.679000e+02 1
-3.781500e-01 5.363400e+00 -5.853800e-01 -9.932700e-01 155 34 1.076000e+01 3.870000e+00 6.281400e+02 4.674500e+02 1
5.114100e+00 7.642300e+00 -7.703700e-01 -9.291900e-01 265 36 1.067300e+01 3.870000e+00 1.119500e+03 4.531700e+02 1
5.133500e+00 7.648000e+00 -7.708400e-01 -9.291900e-01 266 36 1.106300e+01 3.870000e+00 1.120800e+03 4.531500e+02 1
5.152800e+00 7.623000e+00 -7.688100e-01 -9.291900e-01 267 36 1.061300e+01 3.870000e+00 1124 4.533000e+02 1
5.026500e+00 7.804200e+00 -7.835200e-01 -9.291900e-01 268 36 1.032500e+01 3.870000e+00 1.102800e+03 4.522400e+02 1
4.899100e+00 7.950300e+00 -7.953700e-01 -9.291900e-01 269 36 1.041600e+01 3.870000e+00 1.084300e+03 4.514100e+02 1
-5.042100e+00 1.036300e+01 -9.912300e-01 -9.291900e-01 331 36 1.062800e+01 3.870000e+00 3.767900e+02 4.388500e+02 1
-5.057300e+00 1.035300e+01 -9.903900e-01 -9.291900e-01 332 36 1.052500e+01 3.870000e+00 3.755600e+02 4.388800e+02 1
4.970000e+00 7.755800e+00 -7.795900e-01 -8.971500e-01 265 37 1.123700e+01 3.870000e+00 1.100600e+03 4.524800e+02 1
4.988800e+00 7.761500e+00 -7.800500e-01 -8.971500e-01 266 37 1.162500e+01 3.870000e+00 1.101900e+03 4.524500e+02 1
4.935100e+00 7.808100e+00 -7.838300e-01 -8.971500e-01 267 37 1.129500e+01 3.870000e+00 1.094800e+03 4.521800e+02 1
4.808000e+00 7.953900e+00 -7.956700e-01 -8.971500e-01 268 37 1.113600e+01 3.870000e+00 1.076500e+03 4.513500e+02 1
4.826000e+00 7.979300e+00 -7.977300e-01 -8.971500e-01 269 37 1.117600e+01 3.870000e+00 1.076700e+03 4.512200e+02 1
4.844000e+00 7.936000e+00 -7.942100e-01 -8.971500e-01 270 37 1.040800e+01 3.870000e+00 1.080400e+03 4.514600e+02 1
-4.937000e+00 1.037100e+01 -9.918900e-01 -8.971500e-01 330 37 1.046200e+01 3.870000e+00 3.833200e+02 4.388600e+02 1
-5.042100e+00 1.036200e+01 -9.911800e-01 -8.971500e-01 331 37 1.135400e+01 3.870000e+00 3.767700e+02 4.388500e+02 1
-5.057300e+00 1.039200e+01 -9.935800e-01 -8.971500e-01 332 37 1.114100e+01 3.870000e+00 3.767500e+02 4.387700e+02 1
0 0 -1.500000e-01 -8.651100e-01 1 38 9.102500e+00 3.870000e+00 2167 -3.612800e+03 0
4.916500e+00 7.837600e+00 -7.862300e-01 -8.651100e-01 266 38 1.030900e+01 3.870000e+00 1.091600e+03 4.520100e+02 1
4.789900e+00 7.943600e+00 -7.948300e-01 -8.651100e-01 267 38 1.011800e+01 3.870000e+00 1.075500e+03 4.513900e+02 1
4.443700e+00 8.148100e+00 -8.114400e-01 -8.651100e-01 268 38 1.000100e+01 3.870000e+00 1.037300e+03 4.502100e+02 1
4.460400e+00 8.125300e+00 -8.095900e-01 -8.651100e-01 269 38 1.005400e+01 3.870000e+00 1.039600e+03 4.503300e+02 1
-5.312200e+00 1.022700e+01 -9.802200e-01 -8.651100e-01 331 38 1.003900e+01 3.870000e+00 3.562600e+02 4.391300e+02 1
0 0 -1.500000e-01 -6.408200e-02 1 63 1.034100e+01 3.870000e+00 2167 -3.612800e+03 0
2.728400e-04 3.486100e-02 -1.528300e-01 -6.408200e-02 2 63 9.790200e+00 3.870000e+00 3.472300e+03 -7.191200e+03 0
6.711800e-01 7.897000e-01 -2.141100e-01 -6.408200e-02 31 63 1.007000e+01 3.870000e+00 1.153100e+03 8.433800e+02 0
6.766400e-01 8.221300e-01 -2.167400e-01 -6.408200e-02 32 63 1.022900e+01 3.870000e+00 1.137500e+03 8.241900e+02 0
0 0 -1.500000e-01 -3.204100e-02 1 64 1.551700e+01 3.870000e+00 2167 -3.612800e+03 0
-7.093800e-02 1.125900e-01 -1.591400e-01 -3.204100e-02 5 64 1.415400e+01 3.870000e+00 -3.074900e+03 7690 0
-1.585200e-01 1.861000e-01 -1.651100e-01 -3.204100e-02 8 64 1.325300e+01 3.870000e+00 -1.094800e+03 2.947300e+03 0
-1.986300e-01 1.927400e-01 -1.656500e-01 -3.204100e-02 9 64 1.261300e+01 3.870000e+00 -1.184500e+03 2.785100e+03 0
-2.455500e-01 1.898300e-01 -1.654100e-01 -3.204100e-02 10 64 1.256500e+01 3.870000e+00 -1.445700e+03 2.809900e+03 0
-2.592000e-01 2.257100e-01 -1.683200e-01 -3.204100e-02 11 64 1.213700e+01 3.870000e+00 -1015 2.266200e+03 0
-2.851200e-01 2.340600e-01 -1.690000e-01 -3.204100e-02 12 64 1.174500e+01 3.870000e+00 -1.019300e+03 2165 0
-3.044900e-01 2.772900e-01 -1.725100e-01 -3.204100e-02 13 64 1.109900e+01 3.870000e+00 -7.248400e+02 1.804300e+03 0
-4.291700e-01 7.228300e-02 -1.558700e-01 -3.204100e-02 14 64 1.033000e+01 3.870000e+00 -29580 23938 0
-1.145900e-01 4.296900e-01 -1.848800e-01 -3.204100e-02 15 64 1.027600e+01 3.870000e+00 1.878000e+02 1.239600e+03 0
3.536000e-01 2.998000e-01 -1.743400e-01 -3.204100e-02 28 64 1.207600e+01 3.870000e+00 1.236500e+03 1.808100e+03 0
6.722700e-01 6.532500e-01 -2.030300e-01 -3.204100e-02 29 64 1.364600e+01 3.870000e+00 1.266900e+03 9.493000e+02 0
6.725500e-01 7.403900e-01 -2.101000e-01 -3.204100e-02 30 64 1.456000e+01 3.870000e+00 1.189700e+03 8.765000e+02 0
6.793700e-01 7.973800e-01 -2.147300e-01 -3.204100e-02 31 64 1.470200e+01 3.870000e+00 1.155700e+03 8.388400e+02 0
6.766400e-01 8.297100e-01 -2.173500e-01 -3.204100e-02 32 64 1.413800e+01 3.870000e+00 1.132900e+03 8.199200e+02 0
6.810000e-01 8.668300e-01 -2.203700e-01 -3.204100e-02 33 64 1.262900e+01 3.870000e+00 1.115500e+03 8.003200e+02 0
7.112900e-01 8.643700e-01 -2.201700e-01 -3.204100e-02 34 64 1.019500e+01 3.870000e+00 1.142500e+03 8.021700e+02 0
7.514000e-01 4.281000e-01 -1.847500e-01 -3.204100e-02 35 64 9.850800e+00 3.870000e+00 1.816900e+03 1.322400e+03 0
-8.403400e-01 8.681200e-01 -2.204700e-01 -3.204100e-02 36 64 1.074100e+01 3.870000e+00 -8.908000e+01 7.716000e+02 0
-8.545300e-01 8.774600e-01 -2.212300e-01 -3.204100e-02 37 64 1.108300e+01 3.870000e+00 -9.069500e+01 7.673100e+02 0
-8.782700e-01 8.732200e-01 -2.208800e-01 -3.204100e-02 38 64 1.061700e+01 3.870000e+00 -1.121900e+02 7.687300e+02 0
