0 0 -1.500000e-01 0 1 65 1.658900e+01 4.110000e+00 2167 -3.612800e+03 0
-7.093800e-02 1.130700e-01 -1.594900e-01 0 5 65 1.517800e+01 4.110000e+00 -3.032100e+03 7.612200e+03 0
-1.585200e-01 1.860800e-01 -1.656100e-01 0 8 65 1.432800e+01 4.110000e+00 -1.095500e+03 2.950900e+03 0
-2.008100e-01 1.914000e-01 -1.660600e-01 0 9 65 1.365900e+01 4.110000e+00 -1.215300e+03 2.812400e+03 0
-2.480100e-01 1.869000e-01 -1.656800e-01 0 10 65 1.363200e+01 4.110000e+00 -1.509300e+03 2.869300e+03 0
-2.592000e-01 2.272700e-01 -1.690700e-01 0 11 65 1.299900e+01 4.110000e+00 -9.987500e+02 2251 0
-2.881200e-01 2.346700e-01 -1.696900e-01 0 12 65 1.267400e+01 4.110000e+00 -1.023700e+03 2.160300e+03 0
-3.110400e-01 2.769500e-01 -1.732400e-01 0 13 65 1.191500e+01 4.110000e+00 -7.454100e+02 1.807500e+03 0
-3.050300e-01 3.081500e-01 -1.758600e-01 0 14 65 1.143500e+01 4.110000e+00 -5.470900e+02 1.630600e+03 0
-1.222300e-01 3.643000e-01 -1.805700e-01 0 15 65 1.138400e+01 4.110000e+00 5.920400e+01 1425 0
3.536000e-01 3.335900e-01 -1.779900e-01 0 28 65 1.310600e+01 4.110000e+00 1.162600e+03 1620 0
6.799100e-01 6.362200e-01 -2.033900e-01 0 29 65 1.465600e+01 4.110000e+00 1.294400e+03 9.686300e+02 0
6.725500e-01 7.355100e-01 -2.117200e-01 0 30 65 1.558000e+01 4.110000e+00 1.193500e+03 8.820500e+02 0
6.793700e-01 7.975800e-01 -2.169300e-01 0 31 65 1.573000e+01 4.110000e+00 1.155700e+03 8.406900e+02 0
6.766400e-01 8.318100e-01 -2.198000e-01 0 32 65 1.519800e+01 4.110000e+00 1.131800e+03 8.207100e+02 0
6.810000e-01 8.667400e-01 -2.227300e-01 0 33 65 1.371000e+01 4.110000e+00 1.115600e+03 8.023000e+02 0
6.572700e-01 9.362200e-01 -2.285600e-01 0 34 65 1.108700e+01 4.110000e+00 1.062300e+03 7.696800e+02 0
7.142900e-01 9.182300e-01 -2.270500e-01 0 35 65 1.104500e+01 4.110000e+00 1.115500e+03 7.784900e+02 0
-8.212400e-01 8.928000e-01 -2.249200e-01 0 36 65 1.175700e+01 4.110000e+00 -5.252500e+01 7.632200e+02 0
-8.545300e-01 8.714900e-01 -2.231300e-01 0 37 65 1.217000e+01 4.110000e+00 -9.643100e+01 7.716900e+02 0
-8.782700e-01 8.433600e-01 -2.207700e-01 0 38 65 1.177500e+01 4.110000e+00 -1.424000e+02 7.839000e+02 0
-9.123700e-01 7.922200e-01 -2.164800e-01 0 39 65 1.043900e+01 4.110000e+00 -2.272600e+02 8.085600e+02 0
0 0 -1.500000e-01 3.204100e-02 1 66 1.558800e+01 4.110000e+00 2167 -3.612800e+03 0
-7.202900e-02 1.124400e-01 -1.594400e-01 3.204100e-02 5 66 1.416500e+01 4.110000e+00 -3.102800e+03 7.715700e+03 0
-1.585200e-01 1.859200e-01 -1.656000e-01 3.204100e-02 8 66 1.329900e+01 4.110000e+00 -1.097900e+03 2.954400e+03 0
-2.008100e-01 1.920400e-01 -1.661100e-01 3.204100e-02 9 66 1.265500e+01 4.110000e+00 -1.205400e+03 2800 0
-2.480100e-01 1.875800e-01 -1.657400e-01 3.204100e-02 10 66 1.264500e+01 4.110000e+00 -1.496900e+03 2.855500e+03 0
-2.619200e-01 2.244300e-01 -1.688300e-01 3.204100e-02 11 66 1.213100e+01 4.110000e+00 -1.038800e+03 2.282600e+03 0
-2.881200e-01 2.388200e-01 -1.700400e-01 3.204100e-02 12 66 1.168700e+01 4.110000e+00 -9.827700e+02 2.118700e+03 0
-3.110400e-01 2.796100e-01 -1.734600e-01 3.204100e-02 13 66 1.093800e+01 4.110000e+00 -7.276300e+02 1.790200e+03 0
-3.085800e-01 2.953300e-01 -1.747800e-01 3.204100e-02 14 66 1.044800e+01 4.110000e+00 -6.249400e+02 1.697300e+03 0
-1.222300e-01 3.528600e-01 -1.796100e-01 3.204100e-02 15 66 1.046200e+01 4.110000e+00 3.352600e+01 1466 0
3.609700e-01 3.313600e-01 -1.778100e-01 3.204100e-02 28 66 1.211800e+01 4.110000e+00 1.186500e+03 1.632200e+03 0
6.799100e-01 6.308600e-01 -2.029400e-01 3.204100e-02 29 66 1.363400e+01 4.110000e+00 1.300400e+03 9.742100e+02 0
6.725500e-01 7.325700e-01 -2.114700e-01 3.204100e-02 30 66 1.455500e+01 4.110000e+00 1.195900e+03 8.842200e+02 0
6.711800e-01 8.044300e-01 -2.175000e-01 3.204100e-02 31 66 1.469700e+01 4.110000e+00 1.143700e+03 8.363600e+02 0
6.766400e-01 8.335900e-01 -2.199500e-01 3.204100e-02 32 66 1.416400e+01 4.110000e+00 1.130700e+03 8.197300e+02 0
6.722700e-01 8.722700e-01 -2.231900e-01 3.204100e-02 33 66 1.272000e+01 4.110000e+00 1.105300e+03 7.993600e+02 0
6.842800e-01 8.793600e-01 -2.237900e-01 3.204100e-02 34 66 1.040600e+01 4.110000e+00 1.111500e+03 7.960900e+02 0
7.235700e-01 8.750000e-01 -2.234200e-01 3.204100e-02 35 66 1.041700e+01 4.110000e+00 1.146800e+03 799 0
-8.212400e-01 8.969100e-01 -2.252600e-01 3.204100e-02 36 66 1.101500e+01 4.110000e+00 -4.891700e+01 7.615300e+02 0
-8.447100e-01 8.890000e-01 -2.246000e-01 3.204100e-02 37 66 1.136900e+01 4.110000e+00 -7.291100e+01 7.644100e+02 0
-8.580800e-01 8.784600e-01 -2.237100e-01 3.204100e-02 38 66 1.097300e+01 4.110000e+00 -9.242000e+01 7.686300e+02 0
0 0 -1.500000e-01 6.408200e-02 1 67 9.749100e+00 4.110000e+00 2167 -3.612800e+03 0
6.804600e-01 7.455300e-01 -2.125600e-01 6.408200e-02 30 67 1.009500e+01 4.110000e+00 1.193800e+03 8.750300e+02 0
6.711800e-01 8.030700e-01 -2.173900e-01 6.408200e-02 31 67 1.062900e+01 4.110000e+00 1.144500e+03 8.371700e+02 0
6.851000e-01 8.311000e-01 -2.197400e-01 6.408200e-02 32 67 1.044000e+01 4.110000e+00 1.139700e+03 8.212900e+02 0
-7.142900e-01 8.272000e+00 -8.441200e-01 -9.291900e-01 239 36 1.099500e+01 4.110000e+00 6.255600e+02 4.491500e+02 1
-8.477100e-01 8.299200e+00 -8.464000e-01 -9.291900e-01 240 36 1.126000e+01 4.110000e+00 6.155300e+02 4.489700e+02 1
-8.512600e-01 8.336400e+00 -8.495300e-01 -9.291900e-01 241 36 1.109200e+01 4.110000e+00 6.156200e+02 4.488100e+02 1
-9.205600e-01 8.337200e+00 -8.496000e-01 -9.291900e-01 242 36 1.037500e+01 4.110000e+00 6.103300e+02 4.487800e+02 1
-9.740300e-01 8.232400e+00 -8.408000e-01 -8.971500e-01 239 37 1.027000e+01 4.110000e+00 6.051200e+02 4.492100e+02 1
-8.477100e-01 8.284500e+00 -8.451700e-01 -8.971500e-01 240 37 1.051400e+01 4.110000e+00 6.153900e+02 4.490400e+02 1
-7.857700e-01 8.324400e+00 -8.485200e-01 -8.971500e-01 241 37 1.044400e+01 4.110000e+00 6.205200e+02 4.488900e+02 1
-7.232900e-01 8.279000e+00 -8.447100e-01 -8.971500e-01 242 37 1.003400e+01 4.110000e+00 6.249300e+02 4.491100e+02 1
4.304800e+00 1.116900e+01 -1.087200e+00 -8.971500e-01 344 37 1.085500e+01 4.110000e+00 9.344400e+02 4.411700e+02 1
4.223500e+00 1.124600e+01 -1.093600e+00 -8.971500e-01 345 37 1.141800e+01 4.110000e+00 9.280100e+02 4.409500e+02 1
4.329900e+00 1.124300e+01 -1.093400e+00 -8.971500e-01 346 37 1.125900e+01 4.110000e+00 9.342800e+02 4.409900e+02 1
4.342500e+00 1.127600e+01 -1.096200e+00 -8.971500e-01 347 37 1.058100e+01 4.110000e+00 9.343000e+02 4.409100e+02 1
4.260400e+00 1.134200e+01 -1.101800e+00 -8.971500e-01 348 37 1.036500e+01 4.110000e+00 9.281200e+02 4.407200e+02 1
4.462500e+00 1.124600e+01 -1.093600e+00 -8.971500e-01 349 37 1.005900e+01 4.110000e+00 9.419900e+02 4.410200e+02 1
4.585600e+00 1.106000e+01 -1.078100e+00 -8.651100e-01 344 38 1.133700e+01 4.110000e+00 9.535600e+02 4.415400e+02 1
4.505100e+00 1.112200e+01 -1.083300e+00 -8.651100e-01 345 38 1.193400e+01 4.110000e+00 9.473200e+02 4.413500e+02 1
4.518200e+00 1.114600e+01 -1.085300e+00 -8.651100e-01 346 38 1.189400e+01 4.110000e+00 9.475300e+02 4.412900e+02 1
4.436900e+00 1.121500e+01 -1.091100e+00 -8.651100e-01 347 38 1.147400e+01 4.110000e+00 9.411700e+02 4.410900e+02 1
4.260400e+00 1.133500e+01 -1.101100e+00 -8.651100e-01 348 38 1.116400e+01 4.110000e+00 9.282700e+02 4.407400e+02 1
4.272600e+00 1.137700e+01 -1.104700e+00 -8.651100e-01 349 38 1.053100e+01 4.110000e+00 9.281000e+02 4.406400e+02 1
4.692800e+00 1.101900e+01 -1.074700e+00 -8.330700e-01 345 39 1.052600e+01 4.110000e+00 9.609500e+02 4.416800e+02 1
4.706500e+00 1.096100e+01 1.696400e+00 -8.330700e-01 346 39 1.057000e+01 4.110000e+00 9.579800e+02 2.850900e+02 0
4.625700e+00 1.104400e+01 1.627400e+00 -8.330700e-01 347 39 1.021000e+01 4.110000e+00 9.513200e+02 2.895200e+02 0
-6.345100e+00 1.271000e+01 -1.216500e+00 -8.330700e-01 409 39 9.945400e+00 4.110000e+00 3.712600e+02 4.351900e+02 1
-6.472300e+00 1.269600e+01 -1.215400e+00 -8.330700e-01 410 39 1.012500e+01 4.110000e+00 3.647200e+02 4.351800e+02 1
6.793700e-01 7.969300e-01 -2.168700e-01 -6.408200e-02 31 63 9.532300e+00 4.110000e+00 1.156100e+03 8.410800e+02 0
6.935500e-01 8.237400e-01 -2.191200e-01 -6.408200e-02 32 63 9.759100e+00 4.110000e+00 1.151800e+03 8.256100e+02 0
7.072000e-01 8.635100e-01 -2.224600e-01 -6.408200e-02 33 63 9.727900e+00 4.110000e+00 1.139600e+03 8.044700e+02 0
-2.611100e-01 1.030900e+00 -2.365100e-01 -6.408200e-02 34 63 9.383900e+00 4.110000e+00 4.090400e+02 7.212200e+02 0
0 0 -1.500000e-01 -3.204100e-02 1 64 1.557200e+01 4.110000e+00 2167 -3.612800e+03 0
-7.093800e-02 1.127300e-01 -1.594600e-01 -3.204100e-02 5 64 1.416000e+01 4.110000e+00 -3.062900e+03 7.671600e+03 0
-1.585200e-01 1.861000e-01 -1.656200e-01 -3.204100e-02 8 64 1.329700e+01 4.110000e+00 -1.095200e+03 2.950500e+03 0
-1.986300e-01 1.931600e-01 -1.662100e-01 -3.204100e-02 9 64 1.261700e+01 4.110000e+00 -1.178600e+03 2.780200e+03 0
-2.480100e-01 1.857400e-01 -1.655900e-01 -3.204100e-02 10 64 1.260600e+01 4.110000e+00 -1.530600e+03 2.893100e+03 0
-2.592000e-01 2.256900e-01 -1.689400e-01 -3.204100e-02 11 64 1.202100e+01 4.110000e+00 -1.015400e+03 2.269100e+03 0
-2.881200e-01 2.313000e-01 -1.694100e-01 -3.204100e-02 12 64 1.160400e+01 4.110000e+00 -1.058300e+03 2.195500e+03 0
-3.110400e-01 2.761000e-01 -1.731700e-01 -3.204100e-02 13 64 1.087900e+01 4.110000e+00 -7.511600e+02 1813 0
-3.050300e-01 3.136600e-01 -1.763200e-01 -3.204100e-02 14 64 1.051500e+01 4.110000e+00 -5.197400e+02 1.603700e+03 0
-1.107700e-01 4.592900e-01 -1.885400e-01 -3.204100e-02 15 64 1.038300e+01 4.110000e+00 2.323800e+02 1179 0
3.536000e-01 3.402600e-01 -1.785500e-01 -3.204100e-02 28 64 1.206500e+01 4.110000e+00 1.150300e+03 1.588300e+03 0
6.799100e-01 6.390900e-01 -2.036300e-01 -3.204100e-02 29 64 1.363900e+01 4.110000e+00 1.291200e+03 9.656900e+02 0
6.804600e-01 7.299300e-01 -2.112500e-01 -3.204100e-02 30 64 1.456000e+01 4.110000e+00 1.206100e+03 8.864000e+02 0
6.793700e-01 7.975200e-01 -2.169200e-01 -3.204100e-02 31 64 1.470200e+01 4.110000e+00 1.155700e+03 8.407200e+02 0
6.766400e-01 8.302700e-01 -2.196700e-01 -3.204100e-02 32 64 1.416200e+01 4.110000e+00 1.132700e+03 8.215600e+02 0
6.810000e-01 8.677800e-01 -2.228200e-01 -3.204100e-02 33 64 1.265400e+01 4.110000e+00 1115 8.017800e+02 0
-8.307900e-01 8.694900e-01 -2.229600e-01 -3.204100e-02 36 64 1.063800e+01 4.110000e+00 -8.076000e+01 7.729700e+02 0
-8.545300e-01 8.613000e-01 -2.222700e-01 -3.204100e-02 37 64 1.102400e+01 4.110000e+00 -1.063000e+02 7.761700e+02 0
-8.782700e-01 8.488200e-01 -2.212300e-01 -3.204100e-02 38 64 1.056000e+01 4.110000e+00 -1.367200e+02 7.813800e+02 0
