0 0 -1.500000e-01 0 1 65 1.656100e+01 3.980000e+00 2167 -3.612800e+03 0
-7.093800e-02 1.130100e-01 -1.594400e-01 0 5 65 1.517800e+01 3.980000e+00 -3.036900e+03 7.620700e+03 0
-1.585200e-01 1.860500e-01 -1.655300e-01 0 8 65 1.434300e+01 3.980000e+00 -1.095900e+03 2.951100e+03 0
-2.008100e-01 1.917200e-01 -1.660100e-01 0 9 65 1.365800e+01 3.980000e+00 -1.210300e+03 2.805700e+03 0
-2.480100e-01 1.871200e-01 -1.656200e-01 0 10 65 1.363500e+01 3.980000e+00 -1.505100e+03 2.864200e+03 0
-2.619200e-01 2.229900e-01 -1.686200e-01 0 11 65 1.312400e+01 3.980000e+00 -1.054700e+03 2.299400e+03 0
-2.881200e-01 2.338200e-01 -1.695200e-01 0 12 65 1.273800e+01 3.980000e+00 -1.032300e+03 2.168700e+03 0
-3.077600e-01 2.791400e-01 -1.733100e-01 0 13 65 1.201400e+01 3.980000e+00 -7.217800e+02 1.793600e+03 0
-3.050300e-01 3.058700e-01 -1.755400e-01 0 14 65 1.138100e+01 3.980000e+00 -5.587900e+02 1.641700e+03 0
-1.184100e-01 3.768000e-01 -1.814600e-01 0 15 65 1.134900e+01 3.980000e+00 9.274900e+01 1.383900e+03 0
3.609700e-01 3.163600e-01 -1.764100e-01 0 28 65 1.310200e+01 3.980000e+00 1.218500e+03 1.711300e+03 0
6.799100e-01 6.364600e-01 -2.031400e-01 0 29 65 1.464200e+01 3.980000e+00 1.294100e+03 9.680600e+02 0
6.725500e-01 7.358000e-01 -2.114300e-01 0 30 65 1.559100e+01 3.980000e+00 1.193300e+03 8.815300e+02 0
6.793700e-01 7.975700e-01 -2.165900e-01 0 31 65 1.574600e+01 3.980000e+00 1.155700e+03 8.403900e+02 0
6.766400e-01 8.309400e-01 -2.193800e-01 0 32 65 1.518400e+01 3.980000e+00 1.132300e+03 8.208900e+02 0
6.810000e-01 8.667300e-01 -2.223600e-01 0 33 65 1.356100e+01 3.980000e+00 1.115600e+03 8.020100e+02 0
7.142900e-01 8.693900e-01 -2.225900e-01 0 35 65 1.084100e+01 3.980000e+00 1.142200e+03 8.013300e+02 0
-8.307900e-01 8.892300e-01 -2.242400e-01 0 36 65 1.166000e+01 3.980000e+00 -6.260500e+01 7.642700e+02 0
-8.447100e-01 8.923300e-01 -2.245000e-01 0 37 65 1.213500e+01 3.980000e+00 -6.988400e+01 7.627500e+02 0
-8.681700e-01 8.944600e-01 -2.246800e-01 0 38 65 1.173800e+01 3.980000e+00 -8.484300e+01 7.614900e+02 0
-9.020000e-01 9.266000e-01 -2.273600e-01 0 39 65 1.023100e+01 3.980000e+00 -7.987900e+01 7.482600e+02 0
0 0 -1.500000e-01 3.204100e-02 1 66 1.555100e+01 3.980000e+00 2167 -3.612800e+03 0
-7.093800e-02 1.135800e-01 -1.594800e-01 3.204100e-02 5 66 1.417300e+01 3.980000e+00 -2.986900e+03 7524 0
-1.585200e-01 1.860300e-01 -1.655300e-01 3.204100e-02 8 66 1.331900e+01 3.980000e+00 -1.096200e+03 2.951600e+03 0
-2.008100e-01 1.915500e-01 -1.659900e-01 3.204100e-02 9 66 1.263800e+01 3.980000e+00 -1213 2.809100e+03 0
-2.480100e-01 1.878800e-01 -1.656900e-01 3.204100e-02 10 66 1.264600e+01 3.980000e+00 -1.491500e+03 2.849100e+03 0
-2.619200e-01 2.245400e-01 -1.687500e-01 3.204100e-02 11 66 1.214300e+01 3.980000e+00 -1.037700e+03 2281 0
-2.881200e-01 2.377800e-01 -1.698500e-01 3.204100e-02 12 66 1.174600e+01 3.980000e+00 -9.927400e+02 2.128500e+03 0
-3.077600e-01 2.807200e-01 -1.734400e-01 3.204100e-02 13 66 1.100700e+01 3.980000e+00 -7.114400e+02 1.783600e+03 0
-1.222300e-01 3.331800e-01 -1.778200e-01 3.204100e-02 15 66 1.037300e+01 3.980000e+00 -1.586300e+01 1.544300e+03 0
3.609700e-01 3.298100e-01 -1.775400e-01 3.204100e-02 28 66 1.206300e+01 3.980000e+00 1.189600e+03 1.639600e+03 0
6.799100e-01 6.329500e-01 -2.028500e-01 3.204100e-02 29 66 1.364900e+01 3.980000e+00 1.298100e+03 9.717000e+02 0
6.725500e-01 7.346200e-01 -2.113300e-01 3.204100e-02 30 66 1.458400e+01 3.980000e+00 1.194200e+03 8.824000e+02 0
6.711800e-01 8.044800e-01 -2.171700e-01 3.204100e-02 31 66 1.475900e+01 3.980000e+00 1.143600e+03 8.360200e+02 0
6.766400e-01 8.316800e-01 -2.194400e-01 3.204100e-02 32 66 1.421400e+01 3.980000e+00 1.131800e+03 8.204800e+02 0
6.810000e-01 8.645100e-01 -2.221800e-01 3.204100e-02 33 66 1.263000e+01 3.980000e+00 1.116800e+03 8.031400e+02 0
6.957400e-01 8.666400e-01 -2.223600e-01 3.204100e-02 35 66 9.909700e+00 3.980000e+00 1.128100e+03 8.023500e+02 0
-8.403400e-01 8.824100e-01 -2.236700e-01 3.204100e-02 36 66 1.050000e+01 3.980000e+00 -7.575200e+01 7.669700e+02 0
-8.447100e-01 9.048200e-01 -2.255400e-01 3.204100e-02 37 66 1.096300e+01 3.980000e+00 -5.877400e+01 7.576600e+02 0
-8.681700e-01 9.082600e-01 -2.258300e-01 3.204100e-02 38 66 1.045900e+01 3.980000e+00 -7.238900e+01 7.559200e+02 0
0 0 -1.500000e-01 6.408200e-02 1 67 9.640000e+00 3.980000e+00 2167 -3.612800e+03 0
6.548100e-01 8.175100e-01 -2.182500e-01 6.408200e-02 31 67 9.924200e+00 3.980000e+00 1.120700e+03 8.280100e+02 0
6.766400e-01 8.398600e-01 -2.201200e-01 6.408200e-02 32 67 1.019300e+01 3.980000e+00 1127 8.159900e+02 0
6.984700e-01 8.570700e-01 -2.215600e-01 6.408200e-02 33 67 1.011400e+01 3.980000e+00 1.135900e+03 8.073100e+02 0
7.202900e-01 8.840900e-01 -2.238100e-01 6.408200e-02 34 67 9.511600e+00 3.980000e+00 1.138800e+03 7.941800e+02 0
-4.340900e+00 4.650200e+00 -5.382500e-01 -1.025300e+00 186 33 9.967500e+00 3.980000e+00 8.578400e+01 4.739300e+02 0
-4.059800e-01 6.406600e+00 -6.848900e-01 -1.025300e+00 187 33 1.035600e+01 3.980000e+00 6.362200e+02 4.596500e+02 1
-4.081700e-01 6.478200e+00 -6.908700e-01 -1.025300e+00 188 33 1.007400e+01 3.980000e+00 6.366500e+02 4.591300e+02 1
-3.437800e-01 6.217800e+00 -6.691400e-01 -9.932700e-01 181 34 1.007700e+01 3.980000e+00 6.408600e+02 4.611300e+02 1
-3.950700e-01 6.260100e+00 -6.726600e-01 -9.932700e-01 182 34 1.035300e+01 3.980000e+00 6.359700e+02 4.607700e+02 1
-4.518200e-01 6.373800e+00 -6.821500e-01 -9.932700e-01 185 34 1.032800e+01 3.980000e+00 6.313100e+02 4.598700e+02 1
-4.542800e-01 6.385800e+00 -6.831600e-01 -9.932700e-01 186 34 1.135000e+01 3.980000e+00 6.311800e+02 4.597800e+02 1
-4.567300e-01 6.434100e+00 -6.871900e-01 -9.932700e-01 187 34 1.184600e+01 3.980000e+00 6.314200e+02 4.594200e+02 1
-4.081700e-01 6.485300e+00 -6.914600e-01 -9.932700e-01 188 34 1.160600e+01 3.980000e+00 6.367100e+02 4.590800e+02 1
-4.103500e-01 6.528600e+00 -6.950800e-01 -9.932700e-01 189 34 1.068700e+01 3.980000e+00 6.368800e+02 4.587700e+02 1
-4.518200e-01 6.406900e+00 -6.849200e-01 -9.612300e-01 185 35 1.014400e+01 3.980000e+00 6.316400e+02 4.596200e+02 1
-4.038000e-01 6.434500e+00 -6.872300e-01 -9.612300e-01 186 35 1.105600e+01 3.980000e+00 6.366900e+02 4.594500e+02 1
-4.567300e-01 6.461900e+00 -6.895100e-01 -9.612300e-01 187 35 1.147200e+01 3.980000e+00 6.316900e+02 4.592200e+02 1
-4.081700e-01 6.499000e+00 -6.926100e-01 -9.612300e-01 188 35 1.113700e+01 3.980000e+00 6.368300e+02 4.589800e+02 1
-3.077600e-01 6.515600e+00 -6.939900e-01 -9.612300e-01 189 35 1.009300e+01 3.980000e+00 6.468600e+02 4.589200e+02 1
4.507300e+00 9.263400e+00 -9.234200e-01 -9.291900e-01 296 36 9.987600e+00 3.980000e+00 9.995300e+02 4.469000e+02 1
-5.107500e+00 1.143400e+01 -1.104600e+00 -9.291900e-01 361 36 1.049900e+01 3.980000e+00 4.027000e+02 4.377000e+02 1
-5.318700e+00 1.139500e+01 -1.101400e+00 -9.291900e-01 362 36 1.068000e+01 3.980000e+00 3.902000e+02 4.377200e+02 1
4.732700e+00 9.106100e+00 -9.102800e-01 -8.971500e-01 295 37 1.099400e+01 3.980000e+00 1.021400e+03 4.475900e+02 1
4.748700e+00 9.138700e+00 -9.130000e-01 -8.971500e-01 296 37 1.118600e+01 3.980000e+00 1.021300e+03 4.474700e+02 1
4.684100e+00 9.215000e+00 -9.193700e-01 -8.971500e-01 297 37 1.056200e+01 3.980000e+00 1.013900e+03 4.471500e+02 1
-5.289200e+00 1.136500e+01 -1.098900e+00 -8.971500e-01 360 37 1.053500e+01 3.980000e+00 3.910100e+02 4.378000e+02 1
-5.402200e+00 1.134800e+01 -1.097500e+00 -8.971500e-01 361 37 1.153800e+01 3.980000e+00 3.843900e+02 4.378000e+02 1
-5.417200e+00 1.137900e+01 -1.100000e+00 -8.971500e-01 362 37 1.161000e+01 3.980000e+00 3.844000e+02 4.377300e+02 1
-5.333400e+00 1.145800e+01 -1.106600e+00 -8.971500e-01 363 37 1.068100e+01 3.980000e+00 3.910600e+02 4.375800e+02 1
4.812900e+00 9.067400e+00 -9.070500e-01 -8.651100e-01 295 38 1.076400e+01 3.980000e+00 1.028700e+03 4.477700e+02 1
4.829200e+00 9.093800e+00 -9.092500e-01 -8.651100e-01 296 38 1.087200e+01 3.980000e+00 1.028900e+03 4.476800e+02 1
4.845600e+00 9.127900e+00 -9.121000e-01 -8.651100e-01 297 38 1.019300e+01 3.980000e+00 1.028800e+03 4.475500e+02 1
-5.205800e+00 1.142300e+01 -1.103800e+00 -8.651100e-01 361 38 1.069500e+01 3.980000e+00 3.970900e+02 4.376900e+02 1
-5.220200e+00 1.146300e+01 -1.107100e+00 -8.651100e-01 362 38 1.071000e+01 3.980000e+00 3.973200e+02 4.376000e+02 1
0 0 -1.500000e-01 -3.204100e-02 1 64 1.553400e+01 3.980000e+00 2167 -3.612800e+03 0
-7.093800e-02 1.124200e-01 -1.593900e-01 -3.204100e-02 5 64 1.415000e+01 3.980000e+00 -3.091300e+03 7.725700e+03 0
-1.585200e-01 1.860500e-01 -1.655300e-01 -3.204100e-02 8 64 1.332900e+01 3.980000e+00 -1.095900e+03 2.951200e+03 0
-2.008100e-01 1.920400e-01 -1.660300e-01 -3.204100e-02 9 64 1.265300e+01 3.980000e+00 -1.205400e+03 2.799600e+03 0
-2.480100e-01 1.866500e-01 -1.655800e-01 -3.204100e-02 10 64 1.259200e+01 3.980000e+00 -1.513700e+03 2.873800e+03 0
-2.592000e-01 2.262600e-01 -1.688900e-01 -3.204100e-02 11 64 1.204400e+01 3.980000e+00 -1.009300e+03 2.262100e+03 0
-2.851200e-01 2.351200e-01 -1.696300e-01 -3.204100e-02 12 64 1.169400e+01 3.980000e+00 -1.008800e+03 2.156300e+03 0
-3.077600e-01 2.765300e-01 -1.730900e-01 -3.204100e-02 13 64 1.093800e+01 3.980000e+00 -7.391800e+02 1.810600e+03 0
-1.145900e-01 3.485200e-01 -1.791000e-01 -3.204100e-02 15 64 1.047500e+01 3.980000e+00 4.010100e+01 1.483100e+03 0
3.609700e-01 2.992500e-01 -1.749900e-01 -3.204100e-02 28 64 1.209200e+01 3.980000e+00 1.260600e+03 1.815500e+03 0
6.799100e-01 6.375500e-01 -2.032300e-01 -3.204100e-02 29 64 1.359500e+01 3.980000e+00 1.292900e+03 9.669400e+02 0
6.725500e-01 7.369700e-01 -2.115300e-01 -3.204100e-02 30 64 1.456900e+01 3.980000e+00 1.192400e+03 8.806700e+02 0
6.793700e-01 7.975100e-01 -2.165900e-01 -3.204100e-02 31 64 1.471900e+01 3.980000e+00 1.155700e+03 8.404200e+02 0
6.851000e-01 8.238900e-01 -2.187900e-01 -3.204100e-02 32 64 1.414700e+01 3.980000e+00 1.144100e+03 8.250400e+02 0
6.810000e-01 8.684500e-01 -2.225100e-01 -3.204100e-02 33 64 1.250800e+01 3.980000e+00 1.114600e+03 8.011400e+02 0
7.050100e-01 8.779700e-01 -2.233000e-01 -3.204100e-02 35 64 1.006100e+01 3.980000e+00 1.129500e+03 7.968800e+02 0
-8.594400e-01 8.643200e-01 -2.221600e-01 -3.204100e-02 36 64 1.076500e+01 3.980000e+00 -107 7.744700e+02 0
-8.545300e-01 8.721200e-01 -2.228100e-01 -3.204100e-02 37 64 1.126500e+01 3.980000e+00 -9.581900e+01 7.711400e+02 0
-8.681700e-01 8.828100e-01 -2.237100e-01 -3.204100e-02 38 64 1.098000e+01 3.980000e+00 -9.567100e+01 7.663400e+02 0
