0 0 -1.500000e-01 0 1 65 1.658600e+01 2.100000e+00 2167 -3.612800e+03 0
-7.093800e-02 1.129100e-01 -1.549700e-01 0 5 65 1.518200e+01 2.100000e+00 -3030 7.539400e+03 0
-1.585200e-01 1.860100e-01 -1.581800e-01 0 8 65 1.433500e+01 2.100000e+00 -1.092300e+03 2.906900e+03 0
-2.008100e-01 1.919400e-01 -1.584500e-01 0 9 65 1.365600e+01 2.100000e+00 -1.202500e+03 2758 0
-2.480100e-01 1.869900e-01 -1.582300e-01 0 10 65 1.364200e+01 2.100000e+00 -1.502500e+03 2.823400e+03 0
-2.592000e-01 2.264200e-01 -1.599600e-01 0 11 65 1.309000e+01 2.100000e+00 -1.004100e+03 2.221900e+03 0
-2.851200e-01 2.369200e-01 -1.604200e-01 0 12 65 1.272000e+01 2.100000e+00 -9.877200e+02 2.100900e+03 0
-3.044900e-01 2.826500e-01 -1.624400e-01 0 13 65 1.194700e+01 2.100000e+00 -6.877300e+02 1.738100e+03 0
-3.014900e-01 3.102800e-01 -1.636500e-01 0 14 65 1.138900e+01 2.100000e+00 -5.256300e+02 1.587300e+03 0
-1.222300e-01 3.821900e-01 -1.668200e-01 0 15 65 1.109300e+01 2.100000e+00 9.636900e+01 1.335200e+03 0
3.536000e-01 3.633600e-01 -1.659900e-01 0 28 65 1.309400e+01 2.100000e+00 1.110900e+03 1.456100e+03 0
6.799100e-01 6.417100e-01 -1.782400e-01 0 29 65 1.465600e+01 2.100000e+00 1.286700e+03 9.331500e+02 0
6.725500e-01 7.380900e-01 -1.824800e-01 0 30 65 1.555600e+01 2.100000e+00 1.190100e+03 8.511400e+02 0
6.711800e-01 8.044600e-01 -1.854000e-01 0 31 65 1.570700e+01 2.100000e+00 1.142400e+03 8.077500e+02 0
6.766400e-01 8.331800e-01 -1.866600e-01 0 32 65 1.520800e+01 2.100000e+00 1.129700e+03 7.915300e+02 0
6.722700e-01 8.749800e-01 -1.885000e-01 0 33 65 1.389600e+01 2.100000e+00 1.102600e+03 7.698100e+02 0
6.662700e-01 9.366400e-01 -1.912100e-01 0 34 65 1.121400e+01 2.100000e+00 1068 7.417400e+02 0
-8.441600e-01 8.133300e-01 -1.857900e-01 0 35 65 1.059600e+01 2.100000e+00 -1.469700e+02 7.724700e+02 0
-8.212400e-01 8.829000e-01 -1.888500e-01 0 36 65 1.174300e+01 2.100000e+00 -6.040200e+01 7.409400e+02 0
-8.447100e-01 8.820500e-01 -1.888100e-01 0 37 65 1.222300e+01 2.100000e+00 -7.828700e+01 7.409200e+02 0
-8.782700e-01 8.474500e-01 -1.872900e-01 0 38 65 1.181600e+01 2.100000e+00 -1.370300e+02 7.555500e+02 0
-9.227400e-01 7.525200e-01 -1.831100e-01 0 39 65 1.022100e+01 2.100000e+00 -2.862900e+02 8.037900e+02 0
0 0 -1.500000e-01 3.204100e-02 1 66 1.558100e+01 2.100000e+00 2167 -3.612800e+03 0
-7.202900e-02 1.123400e-01 -1.549400e-01 3.204100e-02 5 66 1.417600e+01 2.100000e+00 -3.096100e+03 7.633600e+03 0
-1.585200e-01 1.858500e-01 -1.581800e-01 3.204100e-02 8 66 1.335300e+01 2.100000e+00 -1.094700e+03 2.910300e+03 0
-2.008100e-01 1.926600e-01 -1.584800e-01 3.204100e-02 9 66 1.266300e+01 2.100000e+00 -1.191800e+03 2.744600e+03 0
-2.480100e-01 1.880700e-01 -1.582800e-01 3.204100e-02 10 66 1.266300e+01 2.100000e+00 -1483 2.801800e+03 0
-2.619200e-01 2.235100e-01 -1.598300e-01 3.204100e-02 11 66 1.211000e+01 2.100000e+00 -1.045300e+03 2.254500e+03 0
-2.881200e-01 2.336300e-01 -1.602800e-01 3.204100e-02 12 66 1.174100e+01 2.100000e+00 -1.030700e+03 2.133200e+03 0
-3.077600e-01 2.810700e-01 -1.623700e-01 3.204100e-02 13 66 1.097400e+01 2.100000e+00 -7.066300e+02 1.747200e+03 0
3.536000e-01 4.190500e-01 -1.684400e-01 3.204100e-02 28 66 1.200300e+01 2.100000e+00 1.041200e+03 1.277700e+03 0
6.799100e-01 6.377100e-01 -1.780600e-01 3.204100e-02 29 66 1.362200e+01 2.100000e+00 1.291100e+03 9.371800e+02 0
6.725500e-01 7.355900e-01 -1.823700e-01 3.204100e-02 30 66 1.448400e+01 2.100000e+00 1.192100e+03 8.529500e+02 0
6.711800e-01 8.044500e-01 -1.854000e-01 3.204100e-02 31 66 1.462300e+01 2.100000e+00 1.142400e+03 8.077600e+02 0
6.681800e-01 8.420000e-01 -1.870500e-01 3.204100e-02 32 66 1.414500e+01 2.100000e+00 1.117200e+03 7.865900e+02 0
6.722700e-01 8.790500e-01 -1.886800e-01 3.204100e-02 33 66 1.293800e+01 2.100000e+00 1.100500e+03 7.678300e+02 0
6.662700e-01 9.345400e-01 -1.911200e-01 3.204100e-02 34 66 1.067400e+01 2.100000e+00 1.068900e+03 7.426300e+02 0
-8.403400e-01 8.633700e-01 -1.879900e-01 3.204100e-02 36 66 1.089200e+01 2.100000e+00 -9.266900e+01 7.490400e+02 0
-8.545300e-01 8.696200e-01 -1.882700e-01 3.204100e-02 37 66 1.127500e+01 2.100000e+00 -9.718900e+01 7.460800e+02 0
-8.782700e-01 8.418000e-01 -1.870400e-01 3.204100e-02 38 66 1.079100e+01 2.100000e+00 -1.429200e+02 7.581500e+02 0
0 0 -1.500000e-01 6.408200e-02 1 67 1.018500e+01 2.100000e+00 2167 -3.612800e+03 0
-3.437800e-02 4.669900e-03 -1.502100e-01 6.408200e-02 2 67 9.571800e+00 2.100000e+00 2.613700e+03 -3.954100e+03 0
6.488100e-01 7.605800e-01 -1.834700e-01 6.408200e-02 30 67 9.713800e+00 2.100000e+00 1.150100e+03 8.348900e+02 0
6.630000e-01 8.105400e-01 -1.856700e-01 6.408200e-02 31 67 1.003200e+01 2.100000e+00 1.131100e+03 8.040100e+02 0
3.418100e+00 5.024200e+00 -3.710700e-01 -6.728600e-01 175 44 1.058100e+01 2.100000e+00 1.120500e+03 4.507900e+02 1
3.485500e+00 5.017100e+00 -3.707600e-01 -6.728600e-01 176 44 1.068900e+01 2.100000e+00 1.130100e+03 4.509300e+02 1
3.573600e+00 5.032400e+00 -3.714400e-01 -6.728600e-01 178 44 1.113700e+01 2.100000e+00 1.140600e+03 4.508000e+02 1
3.691000e+00 4.981300e+00 -3.691900e-01 -6.728600e-01 179 44 1.098800e+01 2.100000e+00 1.161300e+03 4.515500e+02 1
3.513100e+00 4.958100e+00 -3.681700e-01 -6.408200e-01 175 45 1.065700e+01 2.100000e+00 1.139300e+03 4.517200e+02 1
3.533300e+00 4.981900e+00 -3.692100e-01 -6.408200e-01 176 45 1.081200e+01 2.100000e+00 1.139800e+03 4.514200e+02 1
3.573600e+00 5.011500e+00 -3.705200e-01 -6.408200e-01 178 45 1.103600e+01 2.100000e+00 1.142500e+03 4.510700e+02 1
3.691000e+00 4.945400e+00 -3.676100e-01 -6.408200e-01 179 45 1.088000e+01 2.100000e+00 1.164900e+03 4.520200e+02 1
7.366600e-01 9.971400e-01 -1.938800e-01 -5.767400e-01 37 47 1.022200e+01 2.100000e+00 1.093600e+03 719 0
7.268400e-01 1.009300e+00 -1.944100e-01 -5.767400e-01 38 47 1.052900e+01 2.100000e+00 1.081200e+03 7.144600e+02 0
7.257500e-01 1.045700e+00 -1.960200e-01 -5.767400e-01 39 47 1.019000e+01 2.100000e+00 1.065600e+03 7.019100e+02 0
7.464900e-01 9.781100e-01 -1.930400e-01 -5.447000e-01 37 48 1.010000e+01 2.100000e+00 1.109500e+03 7.262900e+02 0
7.268400e-01 1.028700e+00 -1.952700e-01 -5.447000e-01 38 48 1.020200e+01 2.100000e+00 1.073200e+03 7.076600e+02 0
7.153800e-01 1.089800e+00 -1.979500e-01 -5.447000e-01 39 48 9.829400e+00 2.100000e+00 1.042300e+03 6.878700e+02 0
-1.200200e+00 1.375300e+00 -2.105200e-01 -4.806200e-01 54 50 1.113600e+01 2.100000e+00 4.401200e+01 6.079100e+02 0
-1.208100e+00 1.407800e+00 -2.119500e-01 -4.806200e-01 55 50 1.225100e+01 2.100000e+00 5.585900e+01 6.026600e+02 1
-1.245500e+00 1.413400e+00 -2.121900e-01 -4.806200e-01 56 50 1.223500e+01 2.100000e+00 4.179100e+01 6.015800e+02 0
-1.344500e+00 1.334600e+00 -2.087200e-01 -4.806200e-01 57 50 1.090300e+01 2.100000e+00 -4.408600e+01 6.137700e+02 0
-1.276900e+00 1.273400e+00 -2.060300e-01 -4.485700e-01 53 51 9.872900e+00 2.100000e+00 -4.717500e+01 6.253600e+02 0
-1.200200e+00 1.386700e+00 -2.110200e-01 -4.485700e-01 54 51 1.164100e+01 2.100000e+00 4.947000e+01 6.060600e+02 1
-1.222900e+00 1.400000e+00 -2.116000e-01 -4.485700e-01 55 51 1.277000e+01 2.100000e+00 4.558200e+01 6.038000e+02 0
-1.245500e+00 1.416400e+00 -2.123200e-01 -4.485700e-01 56 51 1.274600e+01 2.100000e+00 4.323100e+01 6.011100e+02 0
-1.314000e+00 1.364200e+00 -2.100300e-01 -4.485700e-01 57 51 1.137100e+01 2.100000e+00 -1.374400e+01 6.089900e+02 0
-1.185800e+00 1.397700e+00 -2.115000e-01 -4.165300e-01 54 52 9.961200e+00 2.100000e+00 6.118900e+01 6.044000e+02 1
-1.208100e+00 1.422000e+00 -2.125700e-01 -4.165300e-01 55 52 1.114100e+01 2.100000e+00 6.239200e+01 6.004700e+02 1
-1.230500e+00 1.434300e+00 -2.131100e-01 -4.165300e-01 56 52 1.117100e+01 2.100000e+00 5.808500e+01 5.984900e+02 1
-1.252900e+00 1.411000e+00 -2.120900e-01 -4.165300e-01 57 52 1.016800e+01 2.100000e+00 3.742100e+01 6.018900e+02 0
-6.739100e+00 5.384500e+00 -3.869300e-01 -4.165300e-01 248 52 1.013800e+01 2.100000e+00 -9.950600e+01 4.403800e+02 0
-6.834100e+00 5.316700e+00 -3.839400e-01 -4.165300e-01 249 52 1.052800e+01 2.100000e+00 -1.199100e+02 4.409700e+02 0
-6.536900e+00 5.612000e+00 -3.969400e-01 -3.844900e-01 248 53 1.052000e+01 2.100000e+00 -4.678100e+01 4.384400e+02 0
-6.698700e+00 5.479800e+00 -3.911200e-01 -3.844900e-01 249 53 1.074100e+01 2.100000e+00 -8.171000e+01 4.395300e+02 0
-6.929500e+00 5.252800e+00 -3.811300e-01 -3.844900e-01 250 53 1.010600e+01 2.100000e+00 -1.402500e+02 4.415300e+02 0
0 0 -1.500000e-01 -6.408200e-02 1 63 1.043200e+01 2.100000e+00 2167 -3.612800e+03 0
6.875500e-01 7.498800e-01 -1.830000e-01 -6.408200e-02 31 63 9.587300e+00 2.100000e+00 1.196200e+03 8.431800e+02 0
0 0 -1.500000e-01 -3.204100e-02 1 64 1.557400e+01 2.100000e+00 2167 -3.612800e+03 0
-7.093800e-02 1.124700e-01 -1.549500e-01 -3.204100e-02 5 64 1.415000e+01 2.100000e+00 -3.069900e+03 7616 0
-1.585200e-01 1.860500e-01 -1.581900e-01 -3.204100e-02 8 64 1.327100e+01 2.100000e+00 -1.091700e+03 2.906100e+03 0
-2.008100e-01 1.922200e-01 -1.584600e-01 -3.204100e-02 9 64 1.262800e+01 2.100000e+00 -1.198400e+03 2.752900e+03 0
-2.480100e-01 1.866700e-01 -1.582100e-01 -3.204100e-02 10 64 1.261100e+01 2.100000e+00 -1.508200e+03 2.829800e+03 0
-2.592000e-01 2.251000e-01 -1.599100e-01 -3.204100e-02 11 64 1.205100e+01 2.100000e+00 -1.018100e+03 2237 0
-2.851200e-01 2.340000e-01 -1.603000e-01 -3.204100e-02 12 64 1.171400e+01 2.100000e+00 -1.016700e+03 2.130400e+03 0
-3.012100e-01 2.828200e-01 -1.624400e-01 -3.204100e-02 13 64 1.095000e+01 2.100000e+00 -6.778400e+02 1.737700e+03 0
3.462300e-01 3.430900e-01 -1.651000e-01 -3.204100e-02 28 64 1.209600e+01 2.100000e+00 1.125200e+03 1539 0
6.799100e-01 6.454300e-01 -1.784000e-01 -3.204100e-02 29 64 1.366700e+01 2.100000e+00 1.282700e+03 9.294700e+02 0
6.725500e-01 7.402400e-01 -1.825700e-01 -3.204100e-02 30 64 1.458000e+01 2.100000e+00 1.188500e+03 8.495900e+02 0
6.711800e-01 8.043000e-01 -1.853900e-01 -3.204100e-02 31 64 1.473200e+01 2.100000e+00 1.142500e+03 8.078500e+02 0
6.766400e-01 8.296900e-01 -1.865100e-01 -3.204100e-02 32 64 1.421300e+01 2.100000e+00 1.131800e+03 7.934400e+02 0
6.722700e-01 8.679400e-01 -1.881900e-01 -3.204100e-02 33 64 1.282700e+01 2.100000e+00 1.106400e+03 7.732900e+02 0
6.482600e-01 9.506000e-01 -1.918300e-01 -3.204100e-02 34 64 1.018400e+01 2.100000e+00 1.048200e+03 7.357000e+02 0
-8.021400e-01 9.031400e-01 -1.897400e-01 -3.204100e-02 36 64 1.064300e+01 2.100000e+00 -2.894900e+01 7.329000e+02 0
-8.348900e-01 8.969200e-01 -1.894700e-01 -3.204100e-02 37 64 1.116300e+01 2.100000e+00 -5.775800e+01 7.349200e+02 0
-8.681700e-01 8.646700e-01 -1.880500e-01 -3.204100e-02 38 64 1.075200e+01 2.100000e+00 -1.121000e+02 7.480100e+02 0
