0 0 -1.500000e-01 0 1 65 1.663800e+01 1.300000e+00 2167 -3.612800e+03 0
-7.202900e-02 1.119700e-01 -1.530500e-01 0 5 65 1.529700e+01 1.300000e+00 -3.123500e+03 7.656800e+03 0
-1.585200e-01 1.860900e-01 -1.550700e-01 0 8 65 1.443700e+01 1.300000e+00 -1.089300e+03 2.886100e+03 0
-2.008100e-01 1.915100e-01 -1.552200e-01 0 9 65 1.376500e+01 1.300000e+00 -1.207200e+03 2.747900e+03 0
-2.480100e-01 1.872100e-01 -1.551000e-01 0 10 65 1.372400e+01 1.300000e+00 -1.496200e+03 2.800500e+03 0
-2.619200e-01 2.229600e-01 -1.560700e-01 0 11 65 1.317500e+01 1.300000e+00 -1.049800e+03 2.244700e+03 0
-2.851200e-01 2.363400e-01 -1.564400e-01 0 12 65 1.279200e+01 1.300000e+00 -9.919900e+02 2091 0
-3.044900e-01 2.812900e-01 -1.576600e-01 0 13 65 1.207800e+01 1.300000e+00 -6.953000e+02 1732 0
-3.050300e-01 3.075200e-01 -1.583700e-01 0 14 65 1.155800e+01 1.300000e+00 -5.471800e+02 1.586300e+03 0
-1.184100e-01 4.271500e-01 -1.616300e-01 0 15 65 1.128900e+01 1.300000e+00 1.784100e+02 1.203400e+03 0
3.609700e-01 3.368100e-01 -1.591700e-01 0 28 65 1.318000e+01 1.300000e+00 1.173500e+03 1.555300e+03 0
6.799100e-01 6.378900e-01 -1.673700e-01 0 29 65 1.474400e+01 1.300000e+00 1.290200e+03 9.244700e+02 0
6.804600e-01 7.279500e-01 -1.698200e-01 0 30 65 1.563300e+01 1.300000e+00 1.205700e+03 8.465800e+02 0
6.793700e-01 7.975800e-01 -1.717200e-01 0 31 65 1.575800e+01 1.300000e+00 1.153800e+03 8.000500e+02 0
6.766400e-01 8.328900e-01 -1.726800e-01 0 32 65 1.518300e+01 1.300000e+00 1.129300e+03 7.797700e+02 0
6.722700e-01 8.776500e-01 -1.739000e-01 0 33 65 1.362500e+01 1.300000e+00 1.100700e+03 7.567000e+02 0
-8.441600e-01 7.939700e-01 -1.716200e-01 0 35 65 1.097000e+01 1.300000e+00 -1.682200e+02 7.712300e+02 0
-8.212400e-01 8.745900e-01 -1.738200e-01 0 36 65 1.200100e+01 1.300000e+00 -6.755400e+01 7.333800e+02 0
-8.250600e-01 9.014900e-01 -1.745500e-01 0 37 65 1.235600e+01 1.300000e+00 -4.633800e+01 7.221600e+02 0
-8.479800e-01 8.984600e-01 -1.744700e-01 0 38 65 1.194700e+01 1.300000e+00 -6.535900e+01 7.230400e+02 0
-8.916400e-01 8.876700e-01 -1.741700e-01 0 39 65 1.056000e+01 1.300000e+00 -1.066200e+02 7.268000e+02 0
0 0 -1.500000e-01 3.204100e-02 1 66 1.563200e+01 1.300000e+00 2167 -3.612800e+03 0
-7.202900e-02 1.123900e-01 -1.530600e-01 3.204100e-02 5 66 1.428200e+01 1.300000e+00 -3.084300e+03 7.582200e+03 0
-1.604300e-01 1.843500e-01 -1.550200e-01 3.204100e-02 8 66 1.344100e+01 1.300000e+00 -1.125500e+03 2.922300e+03 0
-2.008100e-01 1.922900e-01 -1.552400e-01 3.204100e-02 9 66 1.278000e+01 1.300000e+00 -1.195400e+03 2.733100e+03 0
-2.504700e-01 1.843000e-01 -1.550200e-01 3.204100e-02 10 66 1.271200e+01 1.300000e+00 -1.561400e+03 2858 0
-2.619200e-01 2.242300e-01 -1.561100e-01 3.204100e-02 11 66 1.212500e+01 1.300000e+00 -1.035900e+03 2.229800e+03 0
-2.851200e-01 2.373700e-01 -1.564600e-01 3.204100e-02 12 66 1.176300e+01 1.300000e+00 -9.819100e+02 2.080700e+03 0
-3.044900e-01 2.806600e-01 -1.576400e-01 3.204100e-02 13 66 1.106300e+01 1.300000e+00 -6.993000e+02 1.735900e+03 0
-3.085800e-01 3.147800e-01 -1.585700e-01 3.204100e-02 14 66 1.060200e+01 1.300000e+00 -5.197000e+02 1.550800e+03 0
3.609700e-01 3.686900e-01 -1.600400e-01 3.204100e-02 28 66 1.218300e+01 1.300000e+00 1.119400e+03 1.422600e+03 0
6.799100e-01 6.362000e-01 -1.673200e-01 3.204100e-02 29 66 1.376400e+01 1.300000e+00 1.292100e+03 9.261700e+02 0
6.725500e-01 7.341300e-01 -1.699900e-01 3.204100e-02 30 66 1.466300e+01 1.300000e+00 1.192600e+03 8.418300e+02 0
6.711800e-01 8.044700e-01 -1.719100e-01 3.204100e-02 31 66 1.480400e+01 1.300000e+00 1.141800e+03 7.957700e+02 0
6.766400e-01 8.334300e-01 -1.727000e-01 3.204100e-02 32 66 1.424800e+01 1.300000e+00 1129 7.794800e+02 0
6.722700e-01 8.776400e-01 -1.739000e-01 3.204100e-02 33 66 1.273100e+01 1.300000e+00 1.100800e+03 7.567000e+02 0
6.662700e-01 9.384600e-01 -1.755600e-01 3.204100e-02 34 66 1.036800e+01 1.300000e+00 1.066700e+03 7.292900e+02 0
-8.627100e-01 7.237600e-01 -1.697100e-01 3.204100e-02 35 66 1.028700e+01 1.300000e+00 -2.739400e+02 8.114800e+02 0
-8.403400e-01 8.528400e-01 -1.732200e-01 3.204100e-02 36 66 1.114500e+01 1.300000e+00 -1.024900e+02 7.426500e+02 0
-8.348900e-01 9.000500e-01 -1.745100e-01 3.204100e-02 37 66 1.144900e+01 1.300000e+00 -5.459700e+01 7.225900e+02 0
-8.479800e-01 9.140000e-01 -1.748900e-01 3.204100e-02 38 66 1.092800e+01 1.300000e+00 -5.177900e+01 7.168800e+02 0
0 0 -1.500000e-01 6.408200e-02 1 67 1.019300e+01 1.300000e+00 2167 -3.612800e+03 0
6.725500e-01 7.569700e-01 -1.706100e-01 6.408200e-02 30 67 9.689600e+00 1.300000e+00 1.175400e+03 8.258100e+02 0
6.793700e-01 7.975700e-01 -1.717200e-01 6.408200e-02 31 67 9.869100e+00 1.300000e+00 1.153800e+03 8.000500e+02 0
6.935500e-01 8.308700e-01 -1.726300e-01 6.408200e-02 32 67 9.451700e+00 1.300000e+00 1.145500e+03 7.812100e+02 0
0 0 -1.500000e-01 9.612300e-02 1 68 1.036200e+01 1.300000e+00 2167 -3.612800e+03 0
-3.328900e+00 8.018000e+00 -3.683400e-01 -5.447000e-01 250 48 1.019100e+01 1.300000e+00 4.176700e+02 4.145600e+02 1
-3.205800e+00 8.105700e+00 -3.707300e-01 -5.447000e-01 251 48 1.114300e+01 1.300000e+00 4.301000e+02 4.142100e+02 1
-3.218700e+00 8.132400e+00 -3.714600e-01 -5.447000e-01 252 48 1.116700e+01 1.300000e+00 4.299800e+02 4.140900e+02 1
-3.231500e+00 8.163800e+00 -3.723100e-01 -5.447000e-01 253 48 1.048900e+01 1.300000e+00 4.300100e+02 4.139500e+02 1
0 0 -1.500000e-01 -5.126600e-01 1 49 9.132500e+00 1.300000e+00 2167 -3.612800e+03 0
-3.125100e+00 8.093200e+00 -3.703900e-01 -5.126600e-01 250 49 1.106300e+01 1.300000e+00 4.359200e+02 4.142800e+02 1
-3.069400e+00 8.152600e+00 -3.720100e-01 -5.126600e-01 251 49 1.205200e+01 1.300000e+00 4.420500e+02 4.140400e+02 1
-3.081700e+00 8.183800e+00 -3.728600e-01 -5.126600e-01 252 49 1.203600e+01 1.300000e+00 4.420700e+02 4.139000e+02 1
-3.094000e+00 8.217200e+00 -3.737700e-01 -5.126600e-01 253 49 1.129100e+01 1.300000e+00 4.421600e+02 4.137500e+02 1
-3.037200e+00 8.253900e+00 -3.747700e-01 -5.126600e-01 254 49 1.040500e+01 1.300000e+00 4.475700e+02 4.136100e+02 1
-2.979900e+00 8.172700e+00 1.735600e+00 -5.126600e-01 255 49 1.014100e+01 1.300000e+00 4.498400e+02 2.583100e+02 0
-6.016100e+00 9.957400e+00 3.750100e+00 -5.126600e-01 351 49 1.056200e+01 1.300000e+00 3.070100e+02 1.583700e+02 0
-6.320600e+00 9.954100e+00 3.350600e+00 -5.126600e-01 352 49 1.050400e+01 1.300000e+00 2.881200e+02 1.819100e+02 0
-6.146500e+00 9.739100e+00 4.299900e+00 -5.126600e-01 353 49 1.064200e+01 1.300000e+00 2.909700e+02 1.212200e+02 0
-5.875000e+00 9.884600e+00 4.444800e+00 -5.126600e-01 354 49 1.081200e+01 1.300000e+00 3.133400e+02 1.159400e+02 0
-5.988300e+00 9.987200e+00 4.151600e+00 -5.126600e-01 355 49 1.039800e+01 1.300000e+00 3.100900e+02 1.355200e+02 0
-5.925000e+00 1.008500e+01 4.215100e+00 -5.126600e-01 357 49 1.077600e+01 1.300000e+00 3.175200e+02 1.339400e+02 0
-5.583100e+00 1.000800e+01 5.084100e+00 -5.126600e-01 360 49 1.152700e+01 1.300000e+00 3.358700e+02 8.166200e+01 0
-5.402200e+00 9.730200e+00 5.848400e+00 -5.126600e-01 361 49 1.155000e+01 1.300000e+00 3.376400e+02 2.855000e+01 0
-6.417200e+00 1.177800e+01 2.741700e+00 -5.126600e-01 393 49 1.113300e+01 1.300000e+00 3.441100e+02 2.396100e+02 0
-6.433500e+00 1.157900e+01 3.593500e+00 -5.126600e-01 394 49 1.147300e+01 1.300000e+00 3.378100e+02 1.942700e+02 0
0 0 -1.500000e-01 -4.806200e-01 1 50 9.329400e+00 1.300000e+00 2167 -3.612800e+03 0
8.381600e-01 2.051900e+00 -2.058800e-01 -4.806200e-01 65 50 1.029800e+01 1.300000e+00 9.107600e+02 5.300500e+02 0
-3.001200e+00 8.159000e+00 -3.721800e-01 -4.806200e-01 251 50 1.100400e+01 1.300000e+00 4.474700e+02 4.140300e+02 1
-3.013200e+00 8.186700e+00 -3.729400e-01 -4.806200e-01 252 50 1.096200e+01 1.300000e+00 4.473900e+02 4.139100e+02 1
-2.956500e+00 8.248900e+00 -3.746300e-01 -4.806200e-01 253 50 1.019000e+01 1.300000e+00 4.535400e+02 4.136500e+02 0
-6.364800e+00 8.628600e+00 3.615300e+00 -4.806200e-01 325 50 1.087100e+01 1.300000e+00 2.251200e+02 1.374000e+02 0
-6.207100e+00 8.545200e+00 4.156400e+00 -4.806200e-01 326 50 1.137100e+01 1.300000e+00 2.323800e+02 9.855200e+01 0
-6.226200e+00 8.322900e+00 4.645700e+00 -4.806200e-01 327 50 1.126000e+01 1.300000e+00 2.197700e+02 5.802900e+01 0
-5.775200e+00 8.481000e+00 6.447900e+00 -4.806200e-01 348 50 1.135100e+01 1.300000e+00 2.618600e+02 -5.804800e+01 0
-5.791800e+00 8.736200e+00 6.151100e+00 -4.806200e-01 349 50 1.156300e+01 1.300000e+00 2.725000e+02 -2.703800e+01 0
-5.713200e+00 8.991200e+00 5.922000e+00 -4.806200e-01 350 50 1.158300e+01 1.300000e+00 2.889500e+02 -2.060100e+00 0
-5.598600e+00 9.284700e+00 6.365100e+00 -4.806200e-01 361 50 1.271100e+01 1.300000e+00 3.089400e+02 -1.835700e+01 0
-6.662700e+00 9.843500e+00 5.067700e+00 -4.806200e-01 371 50 1.280200e+01 1.300000e+00 2.643100e+02 7.903600e+01 0
-6.883200e+00 9.987100e+00 4.555400e+00 -4.806200e-01 372 50 1.270700e+01 1.300000e+00 2.566000e+02 1.127300e+02 0
0 0 -1.500000e-01 -4.485700e-01 1 51 9.566100e+00 1.300000e+00 2167 -3.612800e+03 0
-7.477100e+00 5.316000e+00 6.070500e+00 -4.485700e-01 316 51 1.075200e+01 1.300000e+00 -1.593100e+02 -2.461200e+02 0
-6.638700e+00 7.156300e+00 5.148000e+00 -4.485700e-01 317 51 1.112800e+01 1.300000e+00 1.132500e+02 -2.827800e+01 0
-6.486700e+00 7.757300e+00 4.506400e+00 -4.485700e-01 318 51 1.154200e+01 1.300000e+00 1.666100e+02 4.738500e+01 0
-6.594000e+00 7.982100e+00 4.017500e+00 -4.485700e-01 319 51 1.154200e+01 1.300000e+00 1.721200e+02 9.108800e+01 0
-7.049900e+00 8.045600e+00 3.111100e+00 -4.485700e-01 320 51 1.127200e+01 1.300000e+00 1.409700e+02 1.585200e+02 0
-7.770400e+00 7.862900e+00 1.638900e+00 -4.485700e-01 321 51 1.090800e+01 1.300000e+00 7.132500e+01 2.633100e+02 0
-6.237600e+00 8.776700e+00 3.243100e+00 -4.485700e-01 323 51 1.135500e+01 1.300000e+00 2.410200e+02 1.656100e+02 0
-6.697600e+00 8.466500e+00 3.271600e+00 -4.485700e-01 324 51 1.160000e+01 1.300000e+00 1.925300e+02 1.570300e+02 0
-6.806800e+00 8.428900e+00 3.264100e+00 -4.485700e-01 325 51 1.180900e+01 1.300000e+00 1.826400e+02 1.567400e+02 0
-6.650400e+00 8.456900e+00 3.616200e+00 -4.485700e-01 326 51 1.216700e+01 1.300000e+00 1.957800e+02 1.331700e+02 0
-6.493000e+00 8.352700e+00 4.206100e+00 -4.485700e-01 327 51 1.205800e+01 1.300000e+00 2.018300e+02 8.956800e+01 0
-5.964500e+00 8.357200e+00 6.437100e+00 -4.485700e-01 348 51 1.194600e+01 1.300000e+00 2.423600e+02 -6.295200e+01 0
-6.171600e+00 8.365500e+00 6.295400e+00 -4.485700e-01 349 51 1.194600e+01 1.300000e+00 228 -5.268100e+01 0
-5.991500e+00 9.077700e+00 6.305600e+00 -4.485700e-01 361 51 1.221500e+01 1.300000e+00 2.747400e+02 -2.242700e+01 0
-6.572700e+00 8.057000e+00 7.373600e+00 -4.485700e-01 366 51 1.272200e+01 1.300000e+00 1.833800e+02 -1.418900e+02 0
-6.662700e+00 9.785400e+00 5.179100e+00 -4.485700e-01 371 51 1.289200e+01 1.300000e+00 2.619500e+02 7.087300e+01 0
-7.692400e+00 1.009600e+01 3.992700e+00 -4.485700e-01 382 51 1.263900e+01 1.300000e+00 2.126700e+02 1.481400e+02 0
-9.244900e+00 9.873800e+00 2.524400e+00 -4.485700e-01 395 51 1.247300e+01 1.300000e+00 1.067000e+02 2.306900e+02 0
-9.052800e+00 1.024500e+01 1.840300e+00 -4.485700e-01 396 51 1.241600e+01 1.300000e+00 1.374700e+02 2.743300e+02 0
-8.211300e+00 1.065100e+01 3.222000e+00 -4.485700e-01 397 51 1.243500e+01 1.300000e+00 2.069700e+02 2.013000e+02 0
-8.730800e+00 1.009000e+01 4.135400e+00 -4.485700e-01 401 51 1.270000e+01 1.300000e+00 1.513600e+02 1.405100e+02 0
-7.438700e+00 6.255800e+00 1.975300e+00 -4.165300e-01 285 52 1.087400e+01 1.300000e+00 -4.987000e+01 2.076900e+02 0
-7.464900e+00 6.216400e+00 2.167300e+00 -4.165300e-01 286 52 1.102200e+01 1.300000e+00 -5.618100e+01 1.889500e+02 0
-7.950500e+00 7.075900e+00 1.981800e+00 -4.165300e-01 311 52 1.129100e+01 1.300000e+00 -9.408700e+00 2.246600e+02 0
-8.061000e+00 6.965700e+00 2.112800e+00 -4.165300e-01 312 52 1.171300e+01 1.300000e+00 -2.901100e+01 2.117500e+02 0
-8.172100e+00 7.043900e+00 1.525100e+00 -4.165300e-01 313 52 1.123100e+01 1.300000e+00 -3.229000e+01 2.618400e+02 0
-7.833200e+00 7.744300e+00 1.666900e+00 -4.165300e-01 320 52 1.206400e+01 1.300000e+00 5.736700e+01 2.597500e+02 0
-8.119700e+00 7.625300e+00 -3.576500e-01 -4.165300e-01 321 52 1.223800e+01 1.300000e+00 2.056400e+01 415 0
-7.100600e+00 8.557800e+00 4.816600e+00 -4.165300e-01 348 52 1.201000e+01 1.300000e+00 1.718900e+02 5.556100e+01 0
-7.500900e+00 8.450700e+00 4.475100e+00 -4.165300e-01 349 52 1.199200e+01 1.300000e+00 1.370700e+02 7.535400e+01 0
-6.473100e+00 6.617200e+00 8.763400e+00 -4.165300e-01 366 52 1.206400e+01 1.300000e+00 9.157300e+01 -3.581400e+02 0
-6.191200e+00 6.425200e+00 9.152200e+00 -4.165300e-01 367 52 1.192100e+01 1.300000e+00 1.007700e+02 -4.113300e+02 0
-6.408400e+00 7.349800e+00 8.317700e+00 -4.165300e-01 368 52 1.172800e+01 1.300000e+00 1.518600e+02 -2.583000e+02 0
-9.732700e+00 9.352500e+00 2.284600e+00 -4.165300e-01 393 52 1.222300e+01 1.300000e+00 4.391200e+01 2.387500e+02 0
-9.244900e+00 9.939000e+00 2.254100e+00 -4.165300e-01 395 52 1.234700e+01 1.300000e+00 110 2.473900e+02 0
-8.535500e+00 1.033200e+01 3.414200e+00 -4.165300e-01 397 52 1.197100e+01 1.300000e+00 1.739200e+02 1.858300e+02 0
-8.817900e+00 9.327400e+00 5.423400e+00 -4.165300e-01 400 52 1.294800e+01 1.300000e+00 1.054500e+02 4.439100e+01 0
-8.949100e+00 9.161800e+00 5.578300e+00 -4.165300e-01 401 52 1.313000e+01 1.300000e+00 8.721900e+01 2.948800e+01 0
-9.080900e+00 9.309500e+00 5.195100e+00 -4.165300e-01 402 52 1.263700e+01 1.300000e+00 8.744900e+01 5.800100e+01 0
7.391200e-01 1.242700e+00 -1.838400e-01 -3.844900e-01 44 53 1.014900e+01 1.300000e+00 1.008700e+03 6.367800e+02 0
7.803200e-01 1.241400e+00 -1.838100e-01 -3.844900e-01 45 53 9.933900e+00 1.300000e+00 1.032400e+03 6.374300e+02 0
-7.022900e+00 5.351000e+00 2.119800e+00 -3.844900e-01 261 53 1.050100e+01 1.300000e+00 -1.240200e+02 1.669600e+02 0
-7.437600e+00 5.835000e+00 3.634100e+00 -3.844900e-01 291 53 1.137100e+01 1.300000e+00 -9.441600e+01 3.519300e+01 0
-8.204200e+00 6.802400e+00 1.904000e+00 -3.844900e-01 311 53 1.202400e+01 1.300000e+00 -5.861500e+01 2.261300e+02 0
-8.315600e+00 6.679700e+00 2.048700e+00 -3.844900e-01 312 53 1.252300e+01 1.300000e+00 -8.108200e+01 2.113000e+02 0
-8.512600e+00 6.579800e+00 1.722600e+00 -3.844900e-01 313 53 1.218400e+01 1.300000e+00 -1.109300e+02 2.378400e+02 0
-9.185400e+00 7.300000e+00 4.708000e+00 -3.844900e-01 363 53 1.158700e+01 1.300000e+00 -7.922000e+01 1.677900e+01 0
-9.309800e+00 7.325400e+00 4.514000e+00 -3.844900e-01 364 53 1.156300e+01 1.300000e+00 -8.703600e+01 3.294400e+01 0
-9.832000e+00 6.992100e+00 4.004900e+00 -3.844900e-01 365 53 1.117100e+01 1.300000e+00 -1.665200e+02 5.973000e+01 0
-9.362200e+00 8.589500e+00 5.721700e+00 -3.844900e-01 400 53 1.158800e+01 1.300000e+00 2.132500e+01 -3.770600e-01 0
-9.276500e+00 8.532600e+00 6.023600e+00 -3.844900e-01 401 53 1.193000e+01 1.300000e+00 2.354300e+01 -2.261900e+01 0
-9.409100e+00 8.113000e+00 6.462800e+00 -3.844900e-01 402 53 1.142500e+01 1.300000e+00 -1.742400e+01 -7.126200e+01 0
7.156500e-01 1.232400e+00 -1.835600e-01 -3.524500e-01 44 54 1.020700e+01 1.300000e+00 9.982600e+02 6.389500e+02 0
7.323000e-01 1.241700e+00 -1.838100e-01 -3.524500e-01 45 54 1.002000e+01 1.300000e+00 1.005200e+03 6.369700e+02 0
-7.625300e+00 5.667700e+00 -3.043400e-01 -3.524500e-01 275 54 1.025500e+01 1.300000e+00 -1.529300e+02 4.274400e+02 0
-8.028300e+00 5.052000e+00 1.502900e+00 -3.524500e-01 276 54 1.045200e+01 1.300000e+00 -2.877400e+02 2.268500e+02 0
-8.208100e+00 4.664800e+00 1.942800e+00 -3.524500e-01 277 54 1.059200e+01 1.300000e+00 -3.833700e+02 1.628800e+02 0
-8.086700e+00 5.008000e+00 1.762900e+00 -3.524500e-01 278 54 1.065100e+01 1.300000e+00 -3.009600e+02 1.961000e+02 0
-7.964100e+00 5.324400e+00 1.575400e+00 -3.524500e-01 279 54 1.107700e+01 1.300000e+00 -2.326200e+02 2.255600e+02 0
-7.992800e+00 5.370700e+00 -2.962500e-01 -3.524500e-01 280 54 1.146000e+01 1.300000e+00 -2.381900e+02 4.298800e+02 0
-8.097800e+00 5.314900e+00 -2.947300e-01 -3.524500e-01 281 54 1.141300e+01 1.300000e+00 -2.591300e+02 4.303500e+02 0
-8.594400e+00 5.884200e+00 -3.102400e-01 -3.524500e-01 301 54 1.200700e+01 1.300000e+00 -2.193100e+02 4.252700e+02 0
-8.787300e+00 5.605100e+00 -3.026400e-01 -3.524500e-01 302 54 1.230700e+01 1.300000e+00 -2.830500e+02 4.274300e+02 0
-8.485300e+00 6.075600e+00 3.008700e+00 -3.524500e-01 312 54 1.193900e+01 1.300000e+00 -1.664900e+02 1.071300e+02 0
-8.682800e+00 6.079800e+00 2.523800e+00 -3.524500e-01 313 54 1.199900e+01 1.300000e+00 -1.866700e+02 1.528000e+02 0
-8.710600e+00 6.126500e+00 2.465300e+00 -3.524500e-01 314 54 1.195100e+01 1.300000e+00 -1.831700e+02 1.597800e+02 0
-8.738500e+00 5.644800e+00 3.468000e+00 -3.524500e-01 315 54 1.166200e+01 1.300000e+00 -2.514600e+02 4.355100e+01 0
-9.064200e+00 7.008600e+00 2.980100e+00 -3.524500e-01 340 54 1.068800e+01 1.300000e+00 -1.053200e+02 1.423100e+02 0
-8.677900e+00 5.650500e+00 5.951400e+00 -3.524500e-01 343 54 1.048400e+01 1.300000e+00 -2.320300e+02 -1.977000e+02 0
-9.599000e+00 5.731200e+00 5.674600e+00 -3.524500e-01 360 54 1.079600e+01 1.300000e+00 -3.106600e+02 -1.617200e+02 0
-9.527500e+00 6.245100e+00 5.318900e+00 -3.524500e-01 361 54 1.138600e+01 1.300000e+00 -2.292900e+02 -9.083000e+01 0
-9.554000e+00 6.180700e+00 5.428100e+00 -3.524500e-01 362 54 1.122100e+01 1.300000e+00 -2.401100e+02 -1.048100e+02 0
-9.086600e+00 5.755600e+00 6.643200e+00 -3.524500e-01 363 54 1.097400e+01 1.300000e+00 -2.525100e+02 -2.516900e+02 0
-9.012700e+00 5.036800e+00 7.356200e+00 -3.524500e-01 364 54 1.090000e+01 1.300000e+00 -3.623600e+02 -4.054100e+02 0
-9.564300e+00 6.388400e+00 5.811900e+00 -3.524500e-01 370 54 1.093700e+01 1.300000e+00 -2.111600e+02 -1.235500e+02 0
-9.287400e+00 6.651700e+00 6.038800e+00 -3.524500e-01 371 54 1.104200e+01 1.300000e+00 -1.535300e+02 -1.249600e+02 0
-8.328400e+00 4.507800e+00 1.597700e+00 -3.204100e-01 276 55 1.081700e+01 1.300000e+00 -4.363700e+02 1.998100e+02 0
-8.434000e+00 4.423300e+00 -2.704500e-01 -3.204100e-01 277 55 1.107300e+01 1.300000e+00 -4.863100e+02 4.401500e+02 0
-8.601800e+00 4.576700e+00 -2.746300e-01 -3.204100e-01 280 55 1.070200e+01 1.300000e+00 -4.693900e+02 4.380600e+02 0
-8.403400e+00 4.935500e+00 -2.844000e-01 -3.204100e-01 281 55 1.084500e+01 1.300000e+00 -3.652600e+02 4.340200e+02 0
-8.505500e+00 4.583900e+00 2.531000e+00 -3.204100e-01 287 55 1.174000e+01 1.300000e+00 -4.329800e+02 8.799000e+01 0
-8.951600e+00 5.286800e+00 1.555500e+00 -3.204100e-01 302 55 1.163600e+01 1.300000e+00 -3.456400e+02 2.275100e+02 0
-8.570100e+00 5.864900e+00 3.181300e+00 -3.204100e-01 312 55 1.066800e+01 1.300000e+00 -2.031300e+02 8.199800e+01 0
-8.767900e+00 6.124000e+00 2.084300e+00 -3.204100e-01 313 55 1.072100e+01 1.300000e+00 -1.905500e+02 1.952900e+02 0
-8.796000e+00 6.321600e+00 -3.221500e-01 -3.204100e-01 314 55 1.046900e+01 1.300000e+00 -1.768900e+02 4.220600e+02 0
-9.024100e+00 5.401600e+00 3.225800e+00 -3.204100e-01 316 55 1.021000e+01 1.300000e+00 -3.223800e+02 5.564100e+01 0
-9.139000e+00 5.289300e+00 3.207900e+00 -3.204100e-01 317 55 1.035800e+01 1.300000e+00 -3.548200e+02 5.165400e+01 0
-9.724000e+00 6.290100e+00 4.893300e+00 -3.204100e-01 361 55 1.062300e+01 1.300000e+00 -2.425900e+02 -5.023000e+01 0
-9.560300e+00 7.117500e+00 4.519800e+00 -3.204100e-01 366 55 1.072700e+01 1.300000e+00 -1.286200e+02 2.379600e+01 0
-1.034100e+01 6.352700e+00 5.282500e+00 -3.204100e-01 380 55 1.136100e+01 1.300000e+00 -2.865400e+02 -7.885400e+01 0
-1.047200e+01 6.676000e+00 4.679000e+00 -3.204100e-01 381 55 1.107000e+01 1.300000e+00 -2.560200e+02 -8.908700e+00 0
0 0 -1.500000e-01 -2.883700e-01 1 56 9.413900e+00 1.300000e+00 2167 -3.612800e+03 0
-8.228800e+00 3.081700e+00 2.288500e+00 -2.883700e-01 261 56 1.037500e+01 1.300000e+00 -8.866500e+02 8.617800e+00 0
-8.833400e+00 3.624700e+00 2.684000e+00 -2.883700e-01 285 56 1.124200e+01 1.300000e+00 -7.532400e+02 -5.505600e-01 0
-8.709000e+00 3.868400e+00 2.872900e+00 -2.883700e-01 286 56 1.169600e+01 1.300000e+00 -6.499100e+02 -6.559000e+00 0
-8.583500e+00 4.122600e+00 3.014800e+00 -2.883700e-01 287 56 1.183700e+01 1.300000e+00 -5.554500e+02 -4.776600e+00 0
-8.613500e+00 4.035300e+00 3.159800e+00 -2.883700e-01 288 56 1.135800e+01 1.300000e+00 -5.828900e+02 -3.159100e+01 0
-8.883600e+00 4.981300e+00 1.768400e+00 -2.883700e-01 297 56 1.071100e+01 1.300000e+00 -3.965700e+02 1.953900e+02 0
-8.994700e+00 4.853800e+00 1.766200e+00 -2.883700e-01 298 56 1.059500e+01 1.300000e+00 -4.363700e+02 1.916500e+02 0
-9.331100e+00 4.714400e+00 -2.783800e-01 -2.883700e-01 301 56 1.045600e+01 1.300000e+00 -5.248400e+02 4.359500e+02 0
-9.115800e+00 4.948500e+00 1.707300e+00 -2.883700e-01 302 56 1.023900e+01 1.300000e+00 -4.302100e+02 2.015700e+02 0
-1.110500e+01 2.144100e+00 6.249900e+00 -2.883700e-01 371 56 1.098400e+01 1.300000e+00 -1.964500e+03 -9.689200e+02 0
-1.034100e+01 5.836700e+00 5.847700e+00 -2.883700e-01 380 56 1.135900e+01 1.300000e+00 -3.631200e+02 -1.670300e+02 0
-1.057500e+01 6.303500e+00 4.954400e+00 -2.883700e-01 381 56 1.148300e+01 1.300000e+00 -3.159600e+02 -5.306500e+01 0
-1.088600e+01 7.499700e+00 4.405900e+00 -2.883700e-01 400 56 1.065900e+01 1.300000e+00 -1.904400e+02 5.025600e+01 0
-5.138100e+00 3.256300e+00 -2.386800e-01 -2.563300e-01 177 57 1.047000e+01 1.300000e+00 -3.116100e+02 4.646900e+02 0
-5.215600e+00 2.991600e+00 -2.314700e-01 -2.563300e-01 178 57 1.084900e+01 1.300000e+00 -4.127500e+02 4.719800e+02 0
-5.245000e+00 2.647900e+00 2.030000e+00 -2.563300e-01 179 57 1.060600e+01 1.300000e+00 -5.225600e+02 -3.131900e+00 0
-8.512600e+00 2.948100e+00 -2.302800e-01 -2.563300e-01 261 57 1.059900e+01 1.300000e+00 -1.052100e+03 4.689100e+02 0
-8.741700e+00 2.842100e+00 1.565700e+00 -2.563300e-01 268 57 1.095600e+01 1.300000e+00 -1.116100e+03 1.205000e+02 0
-9.082200e+00 3.610800e+00 2.909600e+00 -2.563300e-01 293 57 1.059600e+01 1.300000e+00 -7.920300e+02 -3.483200e+01 0
-1.130600e+01 6.421000e-01 6.222600e+00 -2.563300e-01 371 57 1.105100e+01 1.300000e+00 -5339 -2.592300e+03 0
-1.143800e+01 2.813900e+00 5.396500e+00 -2.563300e-01 372 57 1.076500e+01 1.300000e+00 -1.514900e+03 -5.586700e+02 0
4.755600e-01 2.736100e+00 -2.245100e-01 -2.242900e-01 84 58 1.008900e+01 1.300000e+00 7.666100e+02 490 0
5.271200e-01 2.769000e+00 -2.254000e-01 -2.242900e-01 85 58 1.021800e+01 1.300000e+00 7.779900e+02 4.887200e+02 0
-5.282100e+00 3.033500e+00 -2.326100e-01 -2.242900e-01 177 58 1.048100e+01 1.300000e+00 -4.106500e+02 4.706400e+02 0
-5.312200e+00 2.708500e+00 1.629400e+00 -2.242900e-01 178 58 1.078200e+01 1.300000e+00 -5.167500e+02 8.713800e+01 0
-5.293600e+00 2.241900e+00 2.365200e+00 -2.242900e-01 179 58 1.051700e+01 1.300000e+00 -7.298500e+02 -1.444900e+02 0
-8.840000e+00 3.242300e+00 -2.382900e-01 -2.242900e-01 271 58 1.079600e+01 1.300000e+00 -9.583800e+02 4.608400e+02 0
-8.503000e+00 3.831400e+00 1.609600e+00 -2.242900e-01 272 58 1.080600e+01 1.300000e+00 -6.472100e+02 1.716700e+02 0
-1.208100e+01 4.032500e+00 -2.598100e-01 -1.922500e-01 370 59 1.004100e+01 1.300000e+00 -1.089900e+03 4.430800e+02 0
0 0 -1.500000e-01 -1.281600e-01 1 61 9.204600e+00 1.300000e+00 2167 -3.612800e+03 0
-8.038900e+00 4.262100e-01 -1.616100e-01 -1.281600e-01 233 61 1.025800e+01 1.300000e+00 -7.699100e+03 8.394700e+02 0
0 0 -1.500000e-01 -6.408200e-02 1 63 1.064600e+01 1.300000e+00 2167 -3.612800e+03 0
-3.355900e-02 6.446600e-03 -1.501800e-01 -6.408200e-02 2 63 1.039700e+01 1.300000e+00 2.656600e+03 -4.067900e+03 0
-6.493600e-02 6.564900e-03 -1.501800e-01 -6.408200e-02 3 63 9.559200e+00 1.300000e+00 2.997700e+03 -4.147100e+03 0
6.488100e-01 7.747800e-01 -1.711000e-01 -6.408200e-02 30 63 9.906600e+00 1.300000e+00 1140 8.135200e+02 0
6.630000e-01 7.893100e-01 -1.714900e-01 -6.408200e-02 31 63 1.041700e+01 1.300000e+00 1.143900e+03 8.047200e+02 0
6.851000e-01 7.889400e-01 -1.714800e-01 -6.408200e-02 32 63 1.021200e+01 1.300000e+00 1.164900e+03 8.054300e+02 0
0 0 -1.500000e-01 -3.204100e-02 1 64 1.559800e+01 1.300000e+00 2167 -3.612800e+03 0
-7.093800e-02 1.125000e-01 -1.530600e-01 -3.204100e-02 5 64 1.427800e+01 1.300000e+00 -3.060200e+03 7.568500e+03 0
-1.585200e-01 1.861000e-01 -1.550700e-01 -3.204100e-02 8 64 1.338900e+01 1.300000e+00 -1.089100e+03 2.885800e+03 0
-2.008100e-01 1.917100e-01 -1.552200e-01 -3.204100e-02 9 64 1.274000e+01 1.300000e+00 -1.204200e+03 2744 0
-2.480100e-01 1.871000e-01 -1.551000e-01 -3.204100e-02 10 64 1.268900e+01 1.300000e+00 -1.498200e+03 2.802700e+03 0
-2.619200e-01 2.215800e-01 -1.560300e-01 -3.204100e-02 11 64 1.218400e+01 1.300000e+00 -1.065100e+03 2.261100e+03 0
-2.851200e-01 2.339300e-01 -1.563700e-01 -3.204100e-02 12 64 1.177400e+01 1.300000e+00 -1.015900e+03 2.115300e+03 0
-3.044900e-01 2.817200e-01 -1.576700e-01 -3.204100e-02 13 64 1.106600e+01 1.300000e+00 -6.925100e+02 1.729300e+03 0
-3.085800e-01 2.889000e-01 -1.578700e-01 -3.204100e-02 14 64 1.065300e+01 1.300000e+00 -6.590500e+02 1.685400e+03 0
3.536000e-01 3.037100e-01 -1.582700e-01 -3.204100e-02 28 64 1.213300e+01 1.300000e+00 1.224400e+03 1.732600e+03 0
6.799100e-01 6.408200e-01 -1.674500e-01 -3.204100e-02 29 64 1.370600e+01 1.300000e+00 1287 9.215300e+02 0
6.804600e-01 7.284500e-01 -1.698400e-01 -3.204100e-02 30 64 1.457600e+01 1.300000e+00 1.205300e+03 8.462100e+02 0
6.793700e-01 7.975500e-01 -1.717200e-01 -3.204100e-02 31 64 1.467500e+01 1.300000e+00 1.153800e+03 8.000600e+02 0
6.766400e-01 8.338300e-01 -1.727100e-01 -3.204100e-02 32 64 1.408200e+01 1.300000e+00 1.128800e+03 7.792600e+02 0
6.722700e-01 8.789900e-01 -1.739400e-01 -3.204100e-02 33 64 1.249600e+01 1.300000e+00 1.100100e+03 7.560500e+02 0
-8.719900e-01 7.790800e-01 -1.712200e-01 -3.204100e-02 35 64 1.010900e+01 1.300000e+00 -2.086700e+02 7.786600e+02 0
-8.116900e-01 8.739100e-01 -1.738000e-01 -3.204100e-02 36 64 1.086500e+01 1.300000e+00 -6.113800e+01 7.338200e+02 0
-8.250600e-01 8.784300e-01 -1.739200e-01 -3.204100e-02 37 64 1.126800e+01 1.300000e+00 -6.683700e+01 7.316900e+02 0
-8.479800e-01 8.549200e-01 -1.732800e-01 -3.204100e-02 38 64 1.087500e+01 1.300000e+00 -1.061900e+02 7.415900e+02 0
