0 0 -1.500000e-01 0 1 65 1.665500e+01 3.830000e+00 2167 -3.612800e+03 0
-7.093800e-02 1.128100e-01 -1.590600e-01 0 5 65 1.527100e+01 3.830000e+00 -3.054100e+03 7.648400e+03 0
-1.585200e-01 1.859900e-01 -1.649400e-01 0 8 65 1.441200e+01 3.830000e+00 -1.096500e+03 2.948800e+03 0
-2.008100e-01 1.928000e-01 -1.654900e-01 0 9 65 1.392100e+01 3.830000e+00 -1.193500e+03 2.781600e+03 0
-2.480100e-01 1.866500e-01 -1.649900e-01 0 10 65 1.373200e+01 3.830000e+00 -1.513300e+03 2.870300e+03 0
-2.619200e-01 2.223400e-01 -1.678600e-01 0 11 65 1.320400e+01 3.830000e+00 -1.061600e+03 2.304100e+03 0
-2.881200e-01 2.331900e-01 -1.687300e-01 0 12 65 1.274400e+01 3.830000e+00 -1.038400e+03 2.172200e+03 0
-3.077600e-01 2.801900e-01 -1.725100e-01 0 13 65 1.195300e+01 3.830000e+00 -7.147300e+02 1.784200e+03 0
-3.085800e-01 3.059200e-01 -1.745800e-01 0 14 65 1.144600e+01 3.830000e+00 -5.670200e+02 1.638100e+03 0
-1.222300e-01 3.902800e-01 -1.813500e-01 0 15 65 1.131600e+01 3.830000e+00 1.107600e+02 1.340100e+03 0
3.536000e-01 3.485200e-01 -1.780000e-01 0 28 65 1.314300e+01 3.830000e+00 1.135800e+03 1.548200e+03 0
6.799100e-01 6.407000e-01 -2.014700e-01 0 29 65 1.472700e+01 3.830000e+00 1.289300e+03 9.613700e+02 0
6.725500e-01 7.382700e-01 -2.093100e-01 0 30 65 1.564600e+01 3.830000e+00 1.191300e+03 8.774300e+02 0
6.711800e-01 8.043300e-01 -2.146200e-01 0 31 65 1.579800e+01 3.830000e+00 1.143600e+03 8.338500e+02 0
6.766400e-01 8.296200e-01 -2.166500e-01 0 32 65 1.526600e+01 3.830000e+00 1133 8.193700e+02 0
6.722700e-01 8.713400e-01 -2.200000e-01 0 33 65 1.378800e+01 3.830000e+00 1.105600e+03 7.972900e+02 0
6.864600e-01 9.165900e-01 -2.236300e-01 0 35 65 1.074500e+01 3.830000e+00 1.094200e+03 7.762200e+02 0
-8.116900e-01 9.018500e-01 -2.224500e-01 0 36 65 1.173700e+01 3.830000e+00 -3.771200e+01 7.573000e+02 0
-8.250600e-01 9.090000e-01 -2.230200e-01 0 37 65 1.221600e+01 3.830000e+00 -4.113400e+01 7.542200e+02 0
-8.479800e-01 9.195300e-01 -2.238700e-01 0 38 65 1.193700e+01 3.830000e+00 -4.831800e+01 7.497200e+02 0
-8.605300e-01 9.790700e-01 -2.286500e-01 0 39 65 1.078200e+01 3.830000e+00 -9.206700e+00 7.279400e+02 0
0 0 -1.500000e-01 3.204100e-02 1 66 1.563800e+01 3.830000e+00 2167 -3.612800e+03 0
-7.202900e-02 1.122700e-01 -1.590200e-01 3.204100e-02 5 66 1.425700e+01 3.830000e+00 -3.117100e+03 7.737100e+03 0
-1.604300e-01 1.841900e-01 -1.648000e-01 3.204100e-02 8 66 1.341300e+01 3.830000e+00 -1.133900e+03 2.986900e+03 0
-2.008100e-01 1.932000e-01 -1.655200e-01 3.204100e-02 9 66 1.291700e+01 3.830000e+00 -1.187500e+03 2774 0
-2.480100e-01 1.871700e-01 -1.650400e-01 3.204100e-02 10 66 1.271500e+01 3.830000e+00 -1.503800e+03 2.859700e+03 0
-2.619200e-01 2.233400e-01 -1.679400e-01 3.204100e-02 11 66 1.220800e+01 3.830000e+00 -1.050500e+03 2.292100e+03 0
-2.881200e-01 2.352200e-01 -1.689000e-01 3.204100e-02 12 66 1.167300e+01 3.830000e+00 -1.017800e+03 2.151200e+03 0
-3.044900e-01 2.849500e-01 -1.728900e-01 3.204100e-02 13 66 1.091200e+01 3.830000e+00 -6.756300e+02 1.755300e+03 0
-1.184100e-01 3.902800e-01 -1.813500e-01 3.204100e-02 15 66 1.042500e+01 3.830000e+00 1.181100e+02 1.340500e+03 0
3.536000e-01 3.642900e-01 -1.792600e-01 3.204100e-02 28 66 1.214700e+01 3.830000e+00 1.110800e+03 1.483800e+03 0
6.799100e-01 6.387000e-01 -2.013100e-01 3.204100e-02 29 66 1.373000e+01 3.830000e+00 1.291500e+03 9.634000e+02 0
6.725500e-01 7.370500e-01 -2.092100e-01 3.204100e-02 30 66 1.462300e+01 3.830000e+00 1.192200e+03 8.783200e+02 0
6.711800e-01 8.043600e-01 -2.146200e-01 3.204100e-02 31 66 1.475300e+01 3.830000e+00 1.143600e+03 8.338300e+02 0
6.766400e-01 8.287300e-01 -2.165800e-01 3.204100e-02 32 66 1.421600e+01 3.830000e+00 1.133500e+03 8.198700e+02 0
6.722700e-01 8.696300e-01 -2.198600e-01 3.204100e-02 33 66 1.278400e+01 3.830000e+00 1.106600e+03 7.981400e+02 0
-9.814000e-01 3.505500e-01 -1.781600e-01 3.204100e-02 34 66 1.020300e+01 3.830000e+00 -1.677300e+03 1367 0
-8.021400e-01 9.162000e-01 -2.236000e-01 3.204100e-02 36 66 1.060000e+01 3.830000e+00 -1.890300e+01 7.517300e+02 0
-8.152400e-01 9.260200e-01 -2.243900e-01 3.204100e-02 37 66 1.108900e+01 3.830000e+00 -2.006700e+01 7.477300e+02 0
-8.378900e-01 9.376900e-01 -2.253300e-01 3.204100e-02 38 66 1.082600e+01 3.830000e+00 -2.627800e+01 7.429800e+02 0
0 0 -1.500000e-01 6.408200e-02 1 67 9.485100e+00 3.830000e+00 2167 -3.612800e+03 0
6.567200e-01 6.861400e-01 -2.051200e-01 6.408200e-02 30 67 9.857900e+00 3.830000e+00 1.217700e+03 9.181600e+02 0
6.630000e-01 8.010100e-01 -2.143500e-01 6.408200e-02 31 67 1.013700e+01 3.830000e+00 1.138200e+03 8.356500e+02 0
6.935500e-01 8.113800e-01 -2.151800e-01 6.408200e-02 32 67 9.661200e+00 3.830000e+00 1.159600e+03 8.301900e+02 0
-1.007300e+00 9.851900e+00 -9.414500e-01 -8.971500e-01 285 37 1.023400e+01 3.830000e+00 6.176400e+02 4.410300e+02 0
2.463700e-01 1.018700e+01 2.580900e+00 -8.971500e-01 302 37 1.027600e+01 3.830000e+00 6.956000e+02 2.277600e+02 0
7.514000e-01 1.058500e+01 -1.000300e+00 -8.971500e-01 307 37 1.039000e+01 3.830000e+00 7.293100e+02 4.394500e+02 0
1.088900e+00 1.065900e+01 -1.006300e+00 -8.971500e-01 308 37 1.111100e+01 3.830000e+00 7.494700e+02 4.393500e+02 0
1.176500e+00 1.068000e+01 -1.008000e+00 -8.971500e-01 309 37 1.132900e+01 3.830000e+00 7.546500e+02 4.393200e+02 0
1.096000e+00 1.073400e+01 -1.012300e+00 -8.971500e-01 310 37 1.092800e+01 3.830000e+00 7.495000e+02 4.391500e+02 0
-6.024300e-01 1.253400e+01 2.775500e+00 -8.971500e-01 369 37 1.124600e+01 3.830000e+00 6.523200e+02 2.436700e+02 0
-5.033900e-01 1.266400e+01 2.329800e+00 -8.971500e-01 370 37 1.134200e+01 3.830000e+00 6.579300e+02 2.660300e+02 0
-5.047500e-01 1.268800e+01 2.392500e+00 -8.971500e-01 371 37 1.092300e+01 3.830000e+00 6.578900e+02 2.632300e+02 0
4.059800e-01 1.276400e+01 2.385500e+00 -8.971500e-01 373 37 1.078400e+01 3.830000e+00 7.032100e+02 2.639500e+02 0
1.017700e-01 1.283800e+01 2.207300e+00 -8.971500e-01 374 37 1.117600e+01 3.830000e+00 6.882700e+02 2.729500e+02 0
-4.125300e-01 1.303000e+01 2.077700e+00 -8.971500e-01 379 37 1.133400e+01 3.830000e+00 6.634700e+02 2.803600e+02 0
-4.136200e-01 1.308800e+01 1.927600e+00 -8.971500e-01 380 37 1.143300e+01 3.830000e+00 6.636400e+02 2.876600e+02 0
-2.133600e-01 1.356700e+01 1.532700e+00 -8.971500e-01 392 37 1.126800e+01 3.830000e+00 6.742600e+02 3.078700e+02 0
1.069500e-01 1.353900e+01 2.023400e+00 -8.971500e-01 393 37 1.118500e+01 3.830000e+00 6.889000e+02 2.857600e+02 0
2.144500e-01 1.348800e+01 2.530500e+00 -8.971500e-01 394 37 1.135200e+01 3.830000e+00 6.935900e+02 2.627300e+02 0
4.299900e-01 1.356800e+01 2.250800e+00 -8.971500e-01 395 37 1.134100e+01 3.830000e+00 7.038400e+02 2.757300e+02 0
3.257700e-01 1.379600e+01 1.661500e+00 -8.971500e-01 399 37 1.111000e+01 3.830000e+00 6.992800e+02 3.030500e+02 0
4.354500e-01 1.388200e+01 -1.265200e+00 -8.971500e-01 400 37 1.120200e+01 3.830000e+00 7.062900e+02 4.325500e+02 0
-1.094100e-01 1.395200e+01 -1.270800e+00 -8.971500e-01 402 37 1.104200e+01 3.830000e+00 6.812300e+02 4.323300e+02 0
1.558500e+00 5.652200e+00 -6.040700e-01 -8.651100e-01 169 38 1.105000e+01 3.830000e+00 8.538800e+02 4.654000e+02 1
1.613800e+00 5.674900e+00 -6.059000e-01 -8.651100e-01 170 38 1.155000e+01 3.830000e+00 8.596300e+02 4.652200e+02 1
1.669800e+00 5.696300e+00 -6.076100e-01 -8.651100e-01 171 38 1.102900e+01 3.830000e+00 8.654500e+02 4.650500e+02 1
-2.377800e+00 8.320500e+00 -8.184200e-01 -8.651100e-01 250 38 1.125800e+01 3.830000e+00 4.992300e+02 4.460500e+02 0
-2.319100e+00 8.303200e+00 -8.170400e-01 -8.651100e-01 251 38 1.133600e+01 3.830000e+00 5.032700e+02 4.461500e+02 0
-1.917500e+00 8.433700e+00 -8.275200e-01 -8.651100e-01 252 38 1.098600e+01 3.830000e+00 5.362700e+02 4.457600e+02 0
-8.973700e-01 8.328500e+00 2.810400e+00 -8.651100e-01 254 38 1.203600e+01 3.830000e+00 6.095700e+02 1.822200e+02 0
-7.623100e-01 8.400800e+00 2.744300e+00 -8.651100e-01 255 38 1.292200e+01 3.830000e+00 6.203900e+02 1.883500e+02 0
-8.348900e-01 8.430000e+00 2.746900e+00 -8.651100e-01 256 38 1.285200e+01 3.830000e+00 6.152500e+02 1.888000e+02 0
-9.080100e-01 8.300000e+00 3.196200e+00 -8.651100e-01 257 38 1.180400e+01 3.830000e+00 6.082300e+02 1.539800e+02 0
-1.761400e+00 9.211200e+00 -8.899800e-01 -8.651100e-01 270 38 1.201500e+01 3.830000e+00 5.603200e+02 4.428700e+02 0
6.875500e-01 9.327700e+00 2.853300e+00 -8.651100e-01 281 38 1.266200e+01 3.830000e+00 7.254400e+02 1.976900e+02 0
5.366700e-01 9.219200e+00 3.319900e+00 -8.651100e-01 282 38 1.288300e+01 3.830000e+00 7.149600e+02 1.655700e+02 0
7.694000e-02 9.477100e+00 2.677500e+00 -8.651100e-01 283 38 1.288200e+01 3.830000e+00 6.843800e+02 2.117100e+02 0
-9.265600e-01 9.623600e+00 2.051200e+00 -8.651100e-01 284 38 1.323800e+01 3.830000e+00 6.193100e+02 2.534700e+02 0
-1.317300e+00 9.752700e+00 -9.334800e-01 -8.651100e-01 285 38 1.333900e+01 3.830000e+00 5.966500e+02 4.412400e+02 0
-8.376100e-02 1.040700e+01 2.576300e+00 -8.651100e-01 308 38 1.269300e+01 3.830000e+00 6.755200e+02 2.309700e+02 0
9.243800e-01 1.065100e+01 -1.005700e+00 -8.651100e-01 309 38 1.298000e+01 3.830000e+00 7.395500e+02 4.393200e+02 0
6.744600e-01 1.063800e+01 1.681100e+00 -8.651100e-01 310 38 1.271000e+01 3.830000e+00 7.218500e+02 2.844100e+02 0
-1.370700e+00 1.006600e+01 4.129300e+00 -8.651100e-01 315 38 1.328300e+01 3.830000e+00 5.938500e+02 1.353700e+02 0
-1.718900e+00 1.036600e+01 3.257800e+00 -8.651100e-01 316 38 1.320400e+01 3.830000e+00 5.761600e+02 1.918700e+02 0
-1.908000e+00 1.112100e+01 2.815200e+00 -8.651100e-01 334 38 1.329300e+01 3.830000e+00 5.736000e+02 2.270800e+02 0
-9.494800e-01 1.205900e+01 -1.118700e+00 -8.651100e-01 349 38 1.325300e+01 3.830000e+00 6.347300e+02 4.355100e+02 0
-8.569800e-01 1.213600e+01 -1.124900e+00 -8.651100e-01 350 38 1.300300e+01 3.830000e+00 6.399600e+02 4.353700e+02 0
-6.024300e-01 1.244300e+01 3.160400e+00 -8.651100e-01 369 38 1.306700e+01 3.830000e+00 6.518000e+02 2.242500e+02 0
-8.054200e-01 1.257700e+01 2.688600e+00 -8.651100e-01 370 38 1.290300e+01 3.830000e+00 6.423600e+02 2.482800e+02 0
-9.085500e-01 1.250900e+01 3.108800e+00 -8.651100e-01 371 38 1.273200e+01 3.830000e+00 6.366700e+02 2.275400e+02 0
-2.035400e-01 1.280800e+01 2.365100e+00 -8.651100e-01 374 38 1.305100e+01 3.830000e+00 6.730800e+02 2.653700e+02 0
-4.081700e-01 1.282700e+01 2.429800e+00 -8.651100e-01 375 38 1.320700e+01 3.830000e+00 663 2.625200e+02 0
-5.115700e-01 1.279500e+01 2.745400e+00 -8.651100e-01 376 38 1.326100e+01 3.830000e+00 6.576400e+02 2.474500e+02 0
-7.219300e-01 1.299500e+01 2.207900e+00 -8.651100e-01 379 38 1.365400e+01 3.830000e+00 6.482900e+02 2.741500e+02 0
-6.204300e-01 1.303000e+01 2.239300e+00 -8.651100e-01 380 38 1.352300e+01 3.830000e+00 6.533100e+02 2.729200e+02 0
2.144500e-01 1.343100e+01 2.815400e+00 -8.651100e-01 394 38 1.299100e+01 3.830000e+00 6.934000e+02 2.495300e+02 0
1.549200e+00 5.622500e+00 -6.016800e-01 -8.330700e-01 168 39 1.077400e+01 3.830000e+00 8.536600e+02 4.656900e+02 1
1.604300e+00 5.643400e+00 -6.033600e-01 -8.330700e-01 169 39 1.245300e+01 3.830000e+00 8.594700e+02 4.655200e+02 1
1.659900e+00 5.662900e+00 -6.049300e-01 -8.330700e-01 170 39 1.306500e+01 3.830000e+00 8.653400e+02 4.653700e+02 1
1.669800e+00 5.694600e+00 -6.074800e-01 -8.330700e-01 171 39 1.277800e+01 3.830000e+00 8.655000e+02 4.650600e+02 1
1.726200e+00 5.714800e+00 -6.091000e-01 -8.330700e-01 172 39 1.206900e+01 3.830000e+00 8.713800e+02 4.649100e+02 1
1.736300e+00 5.750200e+00 -6.119400e-01 -8.330700e-01 173 39 1.180100e+01 3.830000e+00 8.714200e+02 4.645800e+02 1
1.793600e+00 5.768700e+00 -6.134300e-01 -8.330700e-01 174 39 1.157400e+01 3.830000e+00 8.773700e+02 4.644400e+02 1
1.804000e+00 5.802700e+00 -6.161600e-01 -8.330700e-01 175 39 1.093400e+01 3.830000e+00 8.774400e+02 4.641300e+02 1
-2.181300e+00 6.699600e+00 -6.882100e-01 -8.330700e-01 206 39 1.131700e+01 3.830000e+00 4.705500e+02 4.546600e+02 0
-2.248200e+00 6.713200e+00 -6.893000e-01 -8.330700e-01 207 39 1.185200e+01 3.830000e+00 4.647400e+02 4.545400e+02 0
-2.372100e+00 6.697000e+00 -6.880000e-01 -8.330700e-01 208 39 1.167500e+01 3.830000e+00 4.525600e+02 4.545800e+02 0
-2.610500e+00 6.634100e+00 -6.829500e-01 -8.330700e-01 209 39 1.143300e+01 3.830000e+00 4.277300e+02 4.548600e+02 0
-2.623100e+00 6.620100e+00 1.602600e+00 -8.330700e-01 210 39 1.131400e+01 3.830000e+00 4.267600e+02 2.461900e+02 0
-1.911500e+00 7.448400e+00 1.778200e+00 -8.330700e-01 227 39 1.156600e+01 3.830000e+00 5.153500e+02 2.445000e+02 0
-1.981900e+00 7.468800e+00 1.770800e+00 -8.330700e-01 228 39 1.136800e+01 3.830000e+00 5.099700e+02 2.454300e+02 0
-3.141700e+00 7.569100e+00 -7.580600e-01 -8.330700e-01 236 39 1.189400e+01 3.830000e+00 4.166400e+02 4.492000e+02 0
-2.446800e+00 7.766700e+00 -7.739400e-01 -8.330700e-01 237 39 1.236500e+01 3.830000e+00 4.797500e+02 4.485300e+02 0
-2.069200e+00 7.724000e+00 2.136300e+00 -8.330700e-01 238 39 1.273300e+01 3.830000e+00 5.088800e+02 2.210200e+02 0
-1.948100e+00 7.708500e+00 2.422600e+00 -8.330700e-01 239 39 1.228700e+01 3.830000e+00 5.182200e+02 1.985700e+02 0
-2.455500e+00 8.319300e+00 -8.183300e-01 -8.330700e-01 251 39 1.335200e+01 3.830000e+00 4.933200e+02 4.460300e+02 0
-2.670800e+00 8.261500e+00 -8.136900e-01 -8.330700e-01 252 39 1.346800e+01 3.830000e+00 4.755400e+02 4.461900e+02 0
-5.544100e-01 8.158400e+00 3.438000e+00 -8.330700e-01 255 39 1.399000e+01 3.830000e+00 6.336600e+02 1.325600e+02 0
-6.957400e-01 8.599000e+00 2.209200e+00 -8.330700e-01 256 39 1.393000e+01 3.830000e+00 6.272900e+02 2.295100e+02 0
5.366700e-01 9.100000e+00 3.634000e+00 -8.330700e-01 282 39 1.361400e+01 3.830000e+00 7.149000e+02 1.424400e+02 0
-1.538800e-01 9.401000e+00 2.930500e+00 -8.330700e-01 283 39 1.381600e+01 3.830000e+00 6.686100e+02 1.945000e+02 0
-9.265600e-01 9.552800e+00 2.359200e+00 -8.330700e-01 284 39 1.402400e+01 3.830000e+00 6.185800e+02 2.333100e+02 0
-1.394700e+00 9.708800e+00 -9.299600e-01 -8.330700e-01 285 39 1.382500e+01 3.830000e+00 5.911400e+02 4.413500e+02 0
-1.507700e+00 1.000600e+01 3.543400e+00 -8.330700e-01 308 39 1.355700e+01 3.830000e+00 5.850200e+02 1.687800e+02 0
-2.227500e+00 1.038900e+01 2.710900e+00 -8.330700e-01 315 39 1.515800e+01 3.830000e+00 5.461400e+02 2.238100e+02 0
-2.234500e+00 1.043100e+01 2.687600e+00 -8.330700e-01 316 39 1.530300e+01 3.830000e+00 5.463000e+02 2.256900e+02 0
-2.241600e+00 1.046700e+01 2.682500e+00 -8.330700e-01 317 39 1.450600e+01 3.830000e+00 5.463900e+02 2.264500e+02 0
-1.926800e+00 1.063900e+01 2.962900e+00 -8.330700e-01 322 39 1.415500e+01 3.830000e+00 5.670700e+02 2.127700e+02 0
-1.844900e+00 1.082600e+01 2.417500e+00 -8.330700e-01 323 39 1.434500e+01 3.830000e+00 5.741500e+02 2.453900e+02 0
-1.635400e+00 1.110600e+01 3.036200e+00 -8.330700e-01 334 39 1.459900e+01 3.830000e+00 5.886700e+02 2.149300e+02 0
-4.651900e-01 1.134500e+01 3.591000e+00 -8.330700e-01 342 39 1.400200e+01 3.830000e+00 6.551200e+02 1.883200e+02 0
-7.574000e-01 1.199800e+01 1.525300e+00 -8.330700e-01 348 39 1.293600e+01 3.830000e+00 6.430900e+02 3.012700e+02 0
-8.545300e-01 1.206800e+01 -1.119500e+00 -8.330700e-01 349 39 1.327900e+01 3.830000e+00 6.397900e+02 4.355100e+02 0
-8.569800e-01 1.214300e+01 -1.125500e+00 -8.330700e-01 350 39 1.298800e+01 3.830000e+00 6.399900e+02 4.353600e+02 0
-5.006600e-01 1.202700e+01 4.400500e+00 -8.330700e-01 368 39 1.302000e+01 3.830000e+00 6.549300e+02 1.580200e+02 0
-4.016200e-01 1.225700e+01 3.843800e+00 -8.330700e-01 369 39 1.323400e+01 3.830000e+00 6.610500e+02 1.887800e+02 0
-7.142900e-01 1.276500e+01 2.674900e+00 -8.330700e-01 375 39 1.349000e+01 3.830000e+00 6.476000e+02 2.505500e+02 0
-7.162000e-01 1.267100e+01 3.231800e+00 -8.330700e-01 376 39 1.363600e+01 3.830000e+00 6.468600e+02 2.233700e+02 0
-8.228800e-01 1.289500e+01 2.528900e+00 -8.330700e-01 378 39 1.321500e+01 3.830000e+00 6.428400e+02 2.585000e+02 0
-8.250600e-01 1.291800e+01 2.590900e+00 -8.330700e-01 379 39 1.388000e+01 3.830000e+00 6.427900e+02 2.558000e+02 0
-7.238400e-01 1.296400e+01 2.568700e+00 -8.330700e-01 380 39 1.362200e+01 3.830000e+00 6.478900e+02 2.571800e+02 0
-4.245400e-01 1.322700e+01 3.068300e+00 -8.330700e-01 390 39 1.310400e+01 3.830000e+00 6.627600e+02 2.364800e+02 0
-6.384400e-01 1.326100e+01 3.041300e+00 -8.330700e-01 391 39 1.301300e+01 3.830000e+00 6.527000e+02 2.380700e+02 0
2.144500e-01 1.341400e+01 2.896900e+00 -8.330700e-01 394 39 1.255100e+01 3.830000e+00 6.933400e+02 2.457300e+02 0
6.482600e-01 1.343800e+01 3.202500e+00 -8.330700e-01 397 39 1.261600e+01 3.830000e+00 7.135500e+02 2.321400e+02 0
-4.430900e-01 1.770100e+00 -2.922000e-01 -8.010300e-01 57 40 1.016900e+01 3.830000e+00 4.655200e+02 5.844600e+02 0
-4.354500e-01 1.833100e+00 -2.972600e-01 -8.010300e-01 58 40 1.064000e+01 3.830000e+00 4.763400e+02 5.783300e+02 0
-4.272600e-01 1.881800e+00 -3.011800e-01 -8.010300e-01 59 40 1.020800e+01 3.830000e+00 4.849900e+02 5.738900e+02 0
1.594700e+00 5.609700e+00 -6.006500e-01 -8.010300e-01 168 40 1.015700e+01 3.830000e+00 8.593700e+02 4.658500e+02 1
1.604300e+00 5.643300e+00 -6.033600e-01 -8.010300e-01 169 40 1.192600e+01 3.830000e+00 8.594700e+02 4.655200e+02 1
1.659900e+00 5.661800e+00 -6.048400e-01 -8.010300e-01 170 40 1.259300e+01 3.830000e+00 8.653800e+02 4.653800e+02 1
1.716200e+00 5.680300e+00 -6.063200e-01 -8.010300e-01 171 40 1.243500e+01 3.830000e+00 8.713100e+02 4.652400e+02 1
1.726200e+00 5.716800e+00 -6.092600e-01 -8.010300e-01 172 40 1.195800e+01 3.830000e+00 8.713100e+02 4.648900e+02 1
1.830200e+00 5.716200e+00 -6.092100e-01 -8.010300e-01 173 40 1.174800e+01 3.830000e+00 8.833000e+02 4.649700e+02 1
1.840800e+00 5.744200e+00 -6.114600e-01 -8.010300e-01 174 40 1.160300e+01 3.830000e+00 8.835800e+02 4.647100e+02 1
1.899000e+00 5.766400e+00 -6.132400e-01 -8.010300e-01 175 40 1.111800e+01 3.830000e+00 8.894700e+02 4.645400e+02 1
-1.978600e+00 5.884000e+00 2.883900e+00 -8.010300e-01 197 40 1.035900e+01 3.830000e+00 4.616800e+02 1.027400e+02 0
-2.117500e+00 6.181500e+00 2.367300e+00 -8.010300e-01 200 40 1.049900e+01 3.830000e+00 4.587400e+02 1.643500e+02 0
-2.449000e+00 6.364200e+00 2.062900e+00 -8.010300e-01 205 40 1.110300e+01 3.830000e+00 4.332100e+02 1.985100e+02 0
-2.349100e+00 6.593400e+00 1.504600e+00 -8.010300e-01 206 40 1.224000e+01 3.830000e+00 4.513500e+02 2.544700e+02 0
-2.360600e+00 6.645600e+00 -6.838700e-01 -8.010300e-01 207 40 1.264900e+01 3.830000e+00 4.517800e+02 4.549200e+02 0
-2.485000e+00 6.631800e+00 -6.827600e-01 -8.010300e-01 208 40 1.232500e+01 3.830000e+00 4.395000e+02 4.549500e+02 0
-2.894300e+00 6.503300e+00 -6.724400e-01 -8.010300e-01 209 40 1.179000e+01 3.830000e+00 3.951100e+02 4.555900e+02 0
-2.623100e+00 6.574000e+00 1.782600e+00 -8.010300e-01 210 40 1.218500e+01 3.830000e+00 4.249800e+02 2.290900e+02 0
-2.660700e+00 6.593200e+00 2.065200e+00 -8.010300e-01 213 40 1.275100e+01 3.830000e+00 4.223300e+02 2.040400e+02 0
-2.673300e+00 6.708700e+00 1.783300e+00 -8.010300e-01 214 40 1.322400e+01 3.830000e+00 4.256800e+02 2.316800e+02 0
-2.685800e+00 6.772700e+00 1.664800e+00 -8.010300e-01 215 40 1.283400e+01 3.830000e+00 4.269900e+02 2.433200e+02 0
-3.151300e+00 7.418000e+00 -7.459200e-01 -8.010300e-01 232 40 1.378600e+01 3.830000e+00 4.102100e+02 4.499700e+02 0
-3.164900e+00 7.448200e+00 -7.483500e-01 -8.010300e-01 233 40 1.361500e+01 3.830000e+00 4.102100e+02 4.498100e+02 0
-2.575600e+00 7.733100e+00 -7.712400e-01 -8.010300e-01 237 40 1.380800e+01 3.830000e+00 4.683600e+02 4.486400e+02 0
-2.198500e+00 7.766600e+00 1.830700e+00 -8.010300e-01 238 40 1.393400e+01 3.830000e+00 4.995900e+02 2.453400e+02 0
-2.739300e+00 8.244600e+00 -8.123300e-01 -8.010300e-01 252 40 1.385200e+01 3.830000e+00 4.698800e+02 4.462300e+02 0
-2.933600e+00 8.184400e+00 2.083200e+00 -8.010300e-01 257 40 1.405700e+01 3.830000e+00 4.537300e+02 2.331300e+02 0
-1.836700e+00 9.753300e+00 3.962400e+00 -8.010300e-01 307 40 1.329100e+01 3.830000e+00 5.611400e+02 1.386600e+02 0
-1.759000e+00 9.856500e+00 3.834800e+00 -8.010300e-01 308 40 1.382900e+01 3.830000e+00 5.674400e+02 1.485500e+02 0
-1.512600e+00 9.929600e+00 3.849000e+00 -8.010300e-01 309 40 1.329300e+01 3.830000e+00 5.837500e+02 1.490900e+02 0
-1.964200e+00 1.065700e+01 -1.006200e+00 -8.010300e-01 314 40 1.415300e+01 3.830000e+00 5.664600e+02 4.384700e+02 0
-2.227500e+00 1.049400e+01 2.271200e+00 -8.010300e-01 315 40 1.521900e+01 3.830000e+00 5.477100e+02 2.502100e+02 0
-2.234500e+00 1.047900e+01 2.494800e+00 -8.010300e-01 316 40 1.534800e+01 3.830000e+00 5.470200e+02 2.372800e+02 0
-2.327900e+00 1.051200e+01 2.420600e+00 -8.010300e-01 317 40 1.439800e+01 3.830000e+00 5.419700e+02 2.419300e+02 0
-2.357300e+00 1.039500e+01 3.358200e+00 -8.010300e-01 321 40 1.323900e+01 3.830000e+00 5.383000e+02 1.869200e+02 0
-2.364700e+00 1.058900e+01 2.818800e+00 -8.010300e-01 322 40 1.386000e+01 3.830000e+00 5.408000e+02 2.203700e+02 0
-2.459900e+00 1.065100e+01 2.639500e+00 -8.010300e-01 323 40 1.424000e+01 3.830000e+00 5.361500e+02 2.312400e+02 0
-2.555700e+00 1.065000e+01 2.699200e+00 -8.010300e-01 324 40 1.434400e+01 3.830000e+00 5.305400e+02 2.279300e+02 0
-2.563600e+00 1.066200e+01 2.790700e+00 -8.010300e-01 325 40 1.386200e+01 3.830000e+00 5.302400e+02 2.229600e+02 0
-9.276500e-02 1.093700e+01 4.621700e+00 -8.010300e-01 341 40 1.353900e+01 3.830000e+00 6.743200e+02 1.257100e+02 0
-3.721500e-01 1.113200e+01 4.213100e+00 -8.010300e-01 342 40 1.378500e+01 3.830000e+00 6.592200e+02 1.517400e+02 0
0 1.112500e+01 4.346000e+00 -8.010300e-01 343 40 1.333300e+01 3.830000e+00 6.800700e+02 1.442900e+02 0
-7.219300e-01 1.273000e+01 3.418900e+00 -8.010300e-01 379 40 1.257700e+01 3.830000e+00 6.466900e+02 2.152100e+02 0
-8.272500e-01 1.267700e+01 3.713300e+00 -8.010300e-01 380 40 1.246600e+01 3.830000e+00 6.411200e+02 2.007800e+02 0
-4.510000e-01 1.797900e+00 -2.944300e-01 -7.689800e-01 58 41 1.023700e+01 3.830000e+00 4.663100e+02 5.816500e+02 0
-2.616000e+00 5.724700e+00 1.868400e+00 -7.689800e-01 189 41 1.122200e+01 3.830000e+00 3.866400e+02 2.008400e+02 0
-2.733000e+00 5.746800e+00 1.752500e+00 -7.689800e-01 190 41 1.197900e+01 3.830000e+00 3.752200e+02 2.134900e+02 0
-2.799300e+00 5.779800e+00 1.669200e+00 -7.689800e-01 191 41 1.156200e+01 3.830000e+00 3.699100e+02 2.229200e+02 0
-2.671600e+00 5.448600e+00 2.852400e+00 -7.689800e-01 193 41 1.105500e+01 3.830000e+00 3.659700e+02 8.695300e+01 0
-2.541500e+00 6.428400e+00 2.116000e+00 -7.689800e-01 208 41 1.183600e+01 3.830000e+00 4.269200e+02 1.953000e+02 0
-2.545000e+00 6.631800e+00 2.087500e+00 -7.689800e-01 213 41 1.298400e+01 3.830000e+00 4.346300e+02 2.028700e+02 0
-2.673300e+00 6.690500e+00 1.850400e+00 -7.689800e-01 214 41 1.355400e+01 3.830000e+00 4.249800e+02 2.253600e+02 0
-2.685800e+00 6.788300e+00 1.600000e+00 -7.689800e-01 215 41 1.311400e+01 3.830000e+00 4.275700e+02 2.492700e+02 0
-2.346400e+00 7.043800e+00 -7.158600e-01 -7.689800e-01 216 41 1.295500e+01 3.830000e+00 4.667300e+02 4.524400e+02 0
-2.475200e+00 7.011100e+00 -7.132400e-01 -7.689800e-01 217 41 1.286000e+01 3.830000e+00 4.541400e+02 4.525700e+02 0
-2.786200e+00 6.933600e+00 2.066600e+00 -7.689800e-01 223 41 1.362600e+01 3.830000e+00 4.242900e+02 2.116200e+02 0
-3.163800e+00 7.015100e+00 -7.135600e-01 -7.689800e-01 224 41 1.416800e+01 3.830000e+00 3.928600e+02 4.522000e+02 0
-3.178000e+00 7.095300e+00 -7.200000e-01 -7.689800e-01 225 41 1.423700e+01 3.830000e+00 395 4.517300e+02 0
-3.253600e+00 7.137900e+00 -7.234300e-01 -7.689800e-01 226 41 1.410300e+01 3.830000e+00 3.901800e+02 4.514500e+02 0
-3.576400e+00 7.035900e+00 -7.152300e-01 -7.689800e-01 227 41 1.379000e+01 3.830000e+00 3.572500e+02 4.518700e+02 0
-3.436400e+00 7.138900e+00 -7.235000e-01 -7.689800e-01 230 41 1.406500e+01 3.830000e+00 3.742700e+02 4.513500e+02 0
-3.325900e+00 7.280300e+00 -7.348600e-01 -7.689800e-01 231 41 1.440100e+01 3.830000e+00 3.899000e+02 4.506200e+02 0
-3.257100e+00 8.068100e+00 1.726900e+00 -7.689800e-01 255 41 1.364700e+01 3.830000e+00 4.255100e+02 2.577300e+02 0
-3.200400e+00 7.983200e+00 2.309200e+00 -7.689800e-01 256 41 1.393800e+01 3.830000e+00 4.272500e+02 2.132600e+02 0
-3.003400e+00 8.007000e+00 2.607400e+00 -7.689800e-01 257 41 1.387700e+01 3.830000e+00 4.432200e+02 1.915400e+02 0
-3.031500e+00 8.068300e+00 3.909500e+00 -7.689800e-01 272 41 1.354500e+01 3.830000e+00 4.431900e+02 9.803500e+01 0
-3.191100e+00 8.076100e+00 3.850600e+00 -7.689800e-01 273 41 1.315700e+01 3.830000e+00 4.313500e+02 1.027000e+02 0
5.290300e-01 7.695600e+00 5.837800e+00 -7.689800e-01 278 41 1.266600e+01 3.830000e+00 7.153200e+02 -6.496400e+01 0
2.275500e-01 8.368500e+00 4.916800e+00 -7.689800e-01 279 41 1.317400e+01 3.830000e+00 6.921500e+02 3.331600e+01 0
1.522400e-01 8.589500e+00 4.597200e+00 -7.689800e-01 280 41 1.314200e+01 3.830000e+00 6.870300e+02 6.357500e+01 0
-2.148600e+00 1.073700e+01 -1.012600e+00 -7.689800e-01 316 41 1.320400e+01 3.830000e+00 5.565500e+02 4.382100e+02 0
-2.555700e+00 1.045300e+01 3.382100e+00 -7.689800e-01 324 41 1.275400e+01 3.830000e+00 5.273900e+02 1.866300e+02 0
-2.033200e+00 1.016300e+01 4.540200e+00 -7.689800e-01 325 41 1.288200e+01 3.830000e+00 5.542300e+02 1.141700e+02 0
-1.950800e+00 1.013500e+01 4.723400e+00 -7.689800e-01 326 41 1.284100e+01 3.830000e+00 5.588100e+02 1.028100e+02 0
-1.778900e+00 1.024200e+01 4.641900e+00 -7.689800e-01 327 41 1.273400e+01 3.830000e+00 5.706100e+02 1.100300e+02 0
-1.516700e+00 1.018200e+01 4.944600e+00 -7.689800e-01 328 41 1.249900e+01 3.830000e+00 5.857000e+02 9.089400e+01 0
-2.394200e+00 1.073400e+01 5.413600e+00 -7.689800e-01 352 41 1.283400e+01 3.830000e+00 5.405100e+02 7.967600e+01 0
-2.401000e+00 1.104100e+01 4.842900e+00 -7.689800e-01 353 41 1.285400e+01 3.830000e+00 5.444200e+02 1.176300e+02 0
-4.203100e+00 1.157100e+01 6.223800e+00 -7.689800e-01 396 41 1.213000e+01 3.830000e+00 4.555000e+02 6.024100e+01 0
-4.105700e+00 1.143700e+01 6.602400e+00 -7.689800e-01 397 41 1.268500e+01 3.830000e+00 458 3.758100e+01 0
-3.791100e+00 1.079500e+01 7.830800e+00 -7.689800e-01 398 41 1.213100e+01 3.830000e+00 4.622100e+02 -4.669400e+01 0
-2.667300e+00 5.722100e+00 1.802700e+00 -7.369400e-01 189 42 1.195300e+01 3.830000e+00 3.809600e+02 2.076100e+02 0
-2.733000e+00 5.745400e+00 1.757200e+00 -7.369400e-01 190 42 1.268200e+01 3.830000e+00 3.751500e+02 2.129700e+02 0
-2.851200e+00 5.760900e+00 1.646800e+00 -7.369400e-01 191 42 1.203900e+01 3.830000e+00 3.633300e+02 2.248100e+02 0
-2.671600e+00 5.789700e+00 2.074300e+00 -7.369400e-01 193 42 1.193400e+01 3.830000e+00 3.842600e+02 1.816400e+02 0
-2.738200e+00 5.944600e+00 1.610700e+00 -7.369400e-01 194 42 1.182300e+01 3.830000e+00 385 2.325000e+02 0
-2.752400e+00 6.027700e+00 -6.342300e-01 -7.369400e-01 195 42 1.164600e+01 3.830000e+00 3.862900e+02 4.591900e+02 0
-2.873000e+00 6.005500e+00 -6.324500e-01 -7.369400e-01 196 42 1.175300e+01 3.830000e+00 3.726300e+02 4.592900e+02 0
-3.163800e+00 7.108900e+00 -7.211000e-01 -7.369400e-01 224 42 1.369000e+01 3.830000e+00 3.968200e+02 4.516600e+02 0
-3.178000e+00 7.148100e+00 -7.242400e-01 -7.369400e-01 225 42 1.358700e+01 3.830000e+00 3.972000e+02 4.514300e+02 0
-3.437800e+00 7.065800e+00 -7.176300e-01 -7.369400e-01 226 42 1.370900e+01 3.830000e+00 3.708700e+02 4.517700e+02 0
-3.699700e+00 6.929400e+00 -7.066700e-01 -7.369400e-01 227 42 1.418900e+01 3.830000e+00 3.410700e+02 4.524400e+02 0
-3.778000e+00 6.844000e+00 -6.998100e-01 -7.369400e-01 228 42 1.371300e+01 3.830000e+00 3.296000e+02 4.529100e+02 0
-3.436400e+00 7.004700e+00 1.756400e+00 -7.369400e-01 230 42 1.382500e+01 3.830000e+00 3.698200e+02 2.397700e+02 0
-3.831200e+00 7.076900e+00 2.079600e+00 -7.369400e-01 239 42 1.388900e+01 3.830000e+00 3.392000e+02 2.141800e+02 0
-3.847300e+00 7.016700e+00 2.373100e+00 -7.369400e-01 240 42 1.398900e+01 3.830000e+00 3.350700e+02 1.883000e+02 0
-3.094000e+00 8.252900e+00 3.350900e+00 -7.369400e-01 271 42 1.334900e+01 3.830000e+00 4.439300e+02 1.434800e+02 0
-3.179400e+00 8.244000e+00 3.391100e+00 -7.369400e-01 272 42 1.335200e+01 3.830000e+00 4.373300e+02 1.404600e+02 0
-3.339500e+00 8.240700e+00 3.342400e+00 -7.369400e-01 273 42 1.281300e+01 3.830000e+00 4.253200e+02 1.439700e+02 0
-1.362000e+00 8.847400e+00 6.212300e+00 -7.369400e-01 313 42 1.253700e+01 3.830000e+00 580 -3.236700e+01 0
-1.537200e+00 9.128000e+00 5.814000e+00 -7.369400e-01 314 42 1.276400e+01 3.830000e+00 5.717800e+02 4.898600e+00 0
-5.242600e+00 9.264000e+00 2.776900e+00 -7.369400e-01 316 42 1.302400e+01 3.830000e+00 3.286800e+02 2.045600e+02 0
-5.345400e+00 9.262000e+00 2.725600e+00 -7.369400e-01 317 42 1.278700e+01 3.830000e+00 3.218300e+02 2.078400e+02 0
-9.058200e-01 1.008800e+01 5.643700e+00 -7.369400e-01 333 42 1.181300e+01 3.830000e+00 6.218600e+02 4.731100e+01 0
-9.085500e-01 9.633800e+00 6.450600e+00 -7.369400e-01 334 42 1.223200e+01 3.830000e+00 6.179000e+02 -1.584700e+01 0
-3.315500e+00 1.197800e+01 5.740600e+00 -7.369400e-01 393 42 1.226500e+01 3.830000e+00 5.086700e+02 9.303300e+01 0
-4.849700e+00 1.192400e+01 4.958300e+00 -7.369400e-01 396 42 1.198800e+01 3.830000e+00 4.291400e+02 1.311600e+02 0
-4.537800e+00 1.204900e+01 5.049700e+00 -7.369400e-01 397 42 1.204800e+01 3.830000e+00 4.476100e+02 1.288600e+02 0
-2.667300e+00 5.629000e+00 2.075400e+00 -7.049000e-01 189 43 1.093600e+01 3.830000e+00 3.760800e+02 1.764700e+02 0
-2.733000e+00 5.711000e+00 1.866100e+00 -7.049000e-01 190 43 1.153400e+01 3.830000e+00 3.733400e+02 2.008000e+02 0
-2.799300e+00 5.793700e+00 1.620600e+00 -7.049000e-01 191 43 1.086700e+01 3.830000e+00 3.706300e+02 2.282200e+02 0
-2.776400e+00 5.909500e+00 1.526400e+00 -7.049000e-01 193 43 1.085500e+01 3.830000e+00 3.791700e+02 2.402500e+02 0
-2.896200e+00 6.025100e+00 -6.340200e-01 -7.049000e-01 194 43 1.076500e+01 3.830000e+00 3.712700e+02 4.591200e+02 0
-3.323200e+00 5.815800e+00 2.322400e+00 -7.049000e-01 204 43 1.145200e+01 3.830000e+00 3.175500e+02 1.579900e+02 0
-3.339500e+00 5.837100e+00 2.352100e+00 -7.049000e-01 205 43 1.197400e+01 3.830000e+00 3.172200e+02 1.557500e+02 0
-3.411800e+00 5.844800e+00 2.335100e+00 -7.049000e-01 206 43 1.182600e+01 3.830000e+00 3.101800e+02 1.578000e+02 0
-3.597100e+00 5.852100e+00 2.137800e+00 -7.049000e-01 207 43 1.106200e+01 3.830000e+00 2.912100e+02 178 0
-4.583700e+00 5.666400e+00 -6.052100e-01 -7.049000e-01 211 43 1.201800e+01 3.830000e+00 1.673600e+02 4.610300e+02 0
-4.202500e+00 6.052100e+00 -6.361900e-01 -7.049000e-01 212 43 1.295400e+01 3.830000e+00 2.391200e+02 4.581000e+02 0
-4.164600e+00 6.112500e+00 -6.410500e-01 -7.049000e-01 213 43 1.334100e+01 3.830000e+00 2.473800e+02 4.576700e+02 0
-4.126100e+00 6.187300e+00 -6.470600e-01 -7.049000e-01 214 43 1.342800e+01 3.830000e+00 2.565500e+02 4.571300e+02 0
-4.262300e+00 6.137800e+00 -6.430800e-01 -7.049000e-01 215 43 1.332700e+01 3.830000e+00 2.394200e+02 4.574200e+02 0
-4.458200e+00 6.016500e+00 -6.333400e-01 -7.049000e-01 216 43 1.284100e+01 3.830000e+00 2.103900e+02 4.582200e+02 0
-3.946300e+00 6.546500e+00 1.965800e+00 -7.049000e-01 227 43 1.363900e+01 3.830000e+00 3.003300e+02 2.128100e+02 0
-4.285700e+00 6.649400e+00 1.580900e+00 -7.049000e-01 232 43 1.373100e+01 3.830000e+00 2.748100e+02 2.494500e+02 0
-4.173300e+00 6.655200e+00 2.821100e+00 -7.049000e-01 240 43 1.321100e+01 3.830000e+00 2.869200e+02 1.400300e+02 0
-4.321800e+00 6.633900e+00 2.750500e+00 -7.049000e-01 241 43 1.309000e+01 3.830000e+00 2.720700e+02 1.456800e+02 0
-4.142500e+00 6.772300e+00 2.795300e+00 -7.049000e-01 242 43 1.275500e+01 3.830000e+00 2.964700e+02 1.459400e+02 0
-4.093700e+00 6.936100e+00 2.561100e+00 -7.049000e-01 243 43 1.267300e+01 3.830000e+00 3.096200e+02 1.706200e+02 0
-4.426800e+00 8.432500e+00 3.928800e+00 -7.049000e-01 296 43 1.249500e+01 3.830000e+00 3.530700e+02 1.091100e+02 0
-4.603300e+00 8.565400e+00 3.507500e+00 -7.049000e-01 297 43 1.239900e+01 3.830000e+00 3.454500e+02 1.417300e+02 0
-4.486800e+00 8.392400e+00 4.298000e+00 -7.049000e-01 300 43 1.222700e+01 3.830000e+00 3.474000e+02 8.247300e+01 0
-4.174400e+00 8.323100e+00 4.802900e+00 -7.049000e-01 301 43 1.230300e+01 3.830000e+00 3.675600e+02 4.483100e+01 0
-5.311600e+00 9.167200e+00 2.828400e+00 -7.049000e-01 315 43 1.229000e+01 3.830000e+00 3.203900e+02 1.996800e+02 0
-5.242600e+00 9.232800e+00 2.879100e+00 -7.049000e-01 316 43 1.325200e+01 3.830000e+00 3.275500e+02 1.975400e+02 0
-5.173000e+00 9.160700e+00 3.333200e+00 -7.049000e-01 317 43 1.332300e+01 3.830000e+00 3.296500e+02 1.671800e+02 0
-4.929900e+00 8.997600e+00 4.159200e+00 -7.049000e-01 318 43 1.230400e+01 3.830000e+00 3.401400e+02 1.100700e+02 0
-6.437600e+00 9.717600e+00 4.983600e+00 -7.049000e-01 364 43 1.182500e+01 3.830000e+00 2.727200e+02 8.028700e+01 0
-6.157400e+00 9.753800e+00 5.343000e+00 -7.049000e-01 365 43 1.258300e+01 3.830000e+00 2.917100e+02 5.983800e+01 0
-5.975200e+00 9.834100e+00 5.484000e+00 -7.049000e-01 366 43 1.261200e+01 3.830000e+00 3.060800e+02 5.379800e+01 0
-5.692000e+00 1.034000e+01 4.906500e+00 -7.049000e-01 367 43 1.215500e+01 3.830000e+00 3.405200e+02 1.003800e+02 0
-6.024300e+00 1.045700e+01 4.418800e+00 -7.049000e-01 369 43 1.219400e+01 3.830000e+00 3.249000e+02 1.305500e+02 0
-5.839300e+00 1.005400e+01 5.557600e+00 -7.049000e-01 370 43 1.208300e+01 3.830000e+00 3.224100e+02 5.596300e+01 0
-4.574400e+00 5.344400e+00 -5.793400e-01 -6.728600e-01 203 44 1.000500e+01 3.830000e+00 1.371500e+02 4.640100e+02 0
-4.320100e+00 5.308600e+00 1.848100e+00 -6.728600e-01 204 44 1.001700e+01 3.830000e+00 1.686200e+02 1.923500e+02 0
-4.118800e+00 5.803200e+00 -6.162000e-01 -6.728600e-01 205 44 1.072400e+01 3.830000e+00 2.286800e+02 4.601600e+02 0
-4.362700e+00 5.670000e+00 -6.055000e-01 -6.728600e-01 206 44 1.155700e+01 3.830000e+00 1.915200e+02 4.611400e+02 0
-4.608800e+00 5.455300e+00 -5.882500e-01 -6.728600e-01 207 44 1.142700e+01 3.830000e+00 1.444700e+02 4.629200e+02 0
-5.026500e+00 4.315500e+00 -4.966900e-01 -6.728600e-01 208 44 1.062300e+01 3.830000e+00 -5.611900e+01 476 0
-4.675900e+00 5.548900e+00 -5.957700e-01 -6.728600e-01 210 44 1.160300e+01 3.830000e+00 1.462400e+02 4.620100e+02 0
-4.469100e+00 5.801900e+00 -6.161000e-01 -6.728600e-01 211 44 1.306000e+01 3.830000e+00 1.915800e+02 4.599500e+02 0
-4.432800e+00 5.885100e+00 -6.227800e-01 -6.728600e-01 212 44 1.357800e+01 3.830000e+00 2.023600e+02 4.592800e+02 0
-4.396000e+00 5.957200e+00 -6.285700e-01 -6.728600e-01 213 44 1.336400e+01 3.830000e+00 2.120300e+02 4.587300e+02 0
-4.184200e+00 6.145800e+00 -6.437300e-01 -6.728600e-01 214 44 1.274200e+01 3.830000e+00 2.478100e+02 4.574000e+02 0
-4.087100e+00 6.256900e+00 -6.526500e-01 -6.728600e-01 215 44 1.256000e+01 3.830000e+00 2.652100e+02 4.566400e+02 0
-4.282200e+00 6.160600e+00 -6.449100e-01 -6.728600e-01 216 44 1.266100e+01 3.830000e+00 2.391000e+02 4.572300e+02 0
-4.469100e+00 6.225900e+00 2.836800e+00 -6.728600e-01 235 44 1.357500e+01 3.830000e+00 2.312400e+02 1.240700e+02 0
-4.616400e+00 6.132500e+00 2.904300e+00 -6.728600e-01 236 44 1.299000e+01 3.830000e+00 2.101700e+02 1.143700e+02 0
-4.629800e+00 6.397200e+00 2.703400e+00 -6.728600e-01 240 44 1.284300e+01 3.830000e+00 2.279500e+02 1.425300e+02 0
-4.518200e+00 6.617400e+00 2.458900e+00 -6.728600e-01 241 44 1.274200e+01 3.830000e+00 2.527800e+02 1.710600e+02 0
-4.591900e+00 7.015200e+00 3.001500e+00 -6.728600e-01 256 44 1.156100e+01 3.830000e+00 2.714200e+02 1.365000e+02 0
-4.819400e+00 7.012500e+00 2.743600e+00 -6.728600e-01 257 44 1.174600e+01 3.830000e+00 2.514200e+02 1.580500e+02 0
-3.529400e+00 7.039600e+00 6.588500e+00 -6.728600e-01 295 44 1.152600e+01 3.830000e+00 3.665300e+02 -1.555700e+02 0
-4.346300e+00 8.065100e+00 4.712000e+00 -6.728600e-01 296 44 1.219800e+01 3.830000e+00 3.445900e+02 4.173000e+01 0
-4.684100e+00 8.454400e+00 3.666400e+00 -6.728600e-01 297 44 1.204300e+01 3.830000e+00 3.353300e+02 1.280300e+02 0
-4.553100e+00 8.109200e+00 4.671000e+00 -6.728600e-01 299 44 1.198200e+01 3.830000e+00 3.310500e+02 4.657500e+01 0
-4.568400e+00 8.085200e+00 4.774500e+00 -6.728600e-01 300 44 1.260300e+01 3.830000e+00 3.289600e+02 3.832600e+01 0
-4.174400e+00 8.137700e+00 5.110700e+00 -6.728600e-01 301 44 1.219000e+01 3.830000e+00 3.605700e+02 1.610200e+01 0
-4.812900e+00 9.003100e+00 4.098600e+00 -6.728600e-01 316 44 1.227100e+01 3.830000e+00 3.481700e+02 1.140300e+02 0
-5.086800e+00 8.698600e+00 4.499700e+00 -6.728600e-01 317 44 1.283300e+01 3.830000e+00 3.177500e+02 7.917800e+01 0
-5.102900e+00 8.633500e+00 4.688700e+00 -6.728600e-01 318 44 1.277100e+01 3.830000e+00 3.140400e+02 6.450700e+01 0
-4.945500e+00 8.503300e+00 5.154700e+00 -6.728600e-01 319 44 1.200100e+01 3.830000e+00 3.199100e+02 2.843600e+01 0
-6.507700e+00 9.752700e+00 4.136000e+00 -6.728600e-01 357 44 1.219400e+01 3.830000e+00 2.691300e+02 1.315400e+02 0
-6.623400e+00 9.469100e+00 4.680700e+00 -6.728600e-01 358 44 1.244800e+01 3.830000e+00 2.500700e+02 9.174900e+01 0
-5.744300e+00 1.005400e+01 5.160000e+00 -6.728600e-01 364 44 1.215700e+01 3.830000e+00 3.278400e+02 7.867400e+01 0
-5.958800e+00 9.911900e+00 5.276700e+00 -6.728600e-01 365 44 1.294500e+01 3.830000e+00 3.098600e+02 6.815400e+01 0
-6.074700e+00 9.889400e+00 5.270900e+00 -6.728600e-01 366 44 1.297800e+01 3.830000e+00 3.019800e+02 6.794800e+01 0
-5.991500e+00 1.013500e+01 4.976200e+00 -6.728600e-01 367 44 1.222000e+01 3.830000e+00 3.158700e+02 9.154000e+01 0
-6.108000e+00 1.073500e+01 3.423600e+00 -6.728600e-01 368 44 1.128900e+01 3.830000e+00 3.288800e+02 1.905700e+02 0
-6.526300e+00 1.055600e+01 3.339800e+00 -6.728600e-01 369 44 1.111000e+01 3.830000e+00 2.988100e+02 1.925900e+02 0
-5.940000e+00 1.002500e+01 5.503100e+00 -6.728600e-01 370 44 1.136600e+01 3.830000e+00 3.153100e+02 5.832900e+01 0
-5.956100e+00 9.569900e+00 6.317500e+00 -6.728600e-01 371 44 1.118500e+01 3.830000e+00 2.976200e+02 -4.211400e+00 0
-5.238500e+00 7.954500e+00 9.440700e+00 -6.728600e-01 385 44 1.083600e+01 3.830000e+00 2.775900e+02 -2.941200e+02 0
-5.567300e+00 9.359700e+00 7.885500e+00 -6.728600e-01 386 44 1.064000e+01 3.830000e+00 3.149900e+02 -1.073600e+02 0
-4.802000e+00 5.063000e+00 -5.567400e-01 -6.408200e-01 201 45 9.837800e+00 3.830000e+00 7.942600e+01 4.667400e+02 0
-4.771100e+00 5.132700e+00 -5.623300e-01 -6.408200e-01 202 45 1.158400e+01 3.830000e+00 9.126600e+01 4.660200e+02 0
-4.739700e+00 5.222200e+00 -5.695200e-01 -6.408200e-01 203 45 1.259500e+01 3.830000e+00 1.050800e+02 4.651100e+02 0
-4.763200e+00 5.250200e+00 -5.717700e-01 -6.408200e-01 204 45 1.257800e+01 3.830000e+00 1.054600e+02 4.648100e+02 0
-4.508400e+00 5.510000e+00 -5.926500e-01 -6.408200e-01 205 45 1.165800e+01 3.830000e+00 1.609600e+02 4.624800e+02 0
-4.474500e+00 5.588700e+00 -5.989700e-01 -6.408200e-01 206 45 1.248200e+01 3.830000e+00 1.720700e+02 4.617900e+02 0
-4.608800e+00 5.523300e+00 -5.937200e-01 -6.408200e-01 207 45 1.256500e+01 3.830000e+00 1.511500e+02 4.622900e+02 0
-4.857100e+00 5.280300e+00 -5.741900e-01 -6.408200e-01 208 45 1.157000e+01 3.830000e+00 9.798000e+01 4.644400e+02 0
-5.225400e+00 5.723100e+00 1.828500e+00 -6.408200e-01 229 45 1.293800e+01 3.830000e+00 1.108800e+02 2.070200e+02 0
-5.248300e+00 5.845300e+00 -6.195900e-01 -6.408200e-01 230 45 1.279000e+01 3.830000e+00 1.140600e+02 4.590900e+02 0
-5.271200e+00 6.000300e+00 -6.320400e-01 -6.408200e-01 231 45 1.277700e+01 3.830000e+00 1.264700e+02 4.578500e+02 0
-5.105100e+00 6.139500e+00 -6.432100e-01 -6.408200e-01 232 45 1.283100e+01 3.830000e+00 1.555800e+02 4.569000e+02 0
-5.190500e+00 6.088600e+00 -6.391300e-01 -6.408200e-01 233 45 1.229000e+01 3.830000e+00 1.426200e+02 4.572300e+02 0
-4.704300e+00 6.441900e+00 1.607700e+00 -6.408200e-01 234 45 1.191700e+01 3.830000e+00 2.223500e+02 2.436700e+02 0
-4.788300e+00 6.220800e+00 2.270600e+00 -6.408200e-01 235 45 1.293500e+01 3.830000e+00 1.991200e+02 1.771700e+02 0
-4.872900e+00 6.121600e+00 2.477000e+00 -6.408200e-01 236 45 1.271300e+01 3.830000e+00 1.834800e+02 1.547100e+02 0
-5.151500e+00 5.847700e+00 2.989000e+00 -6.408200e-01 240 45 1.161600e+01 3.830000e+00 1.332800e+02 9.512000e+01 0
-4.959700e+00 7.059500e+00 5.820200e+00 -6.408200e-01 299 45 1.104700e+01 3.830000e+00 2.465100e+02 -9.001000e+01 0
-5.221000e+00 7.056600e+00 5.655300e+00 -6.408200e-01 300 45 1.135500e+01 3.830000e+00 2.242400e+02 -7.653500e+01 0
-5.438200e+00 8.208400e+00 3.779400e+00 -6.408200e-01 303 45 1.160900e+01 3.830000e+00 2.697100e+02 1.139200e+02 0
-4.842300e+00 6.981200e+00 6.482000e+00 -6.408200e-01 307 45 1.185900e+01 3.830000e+00 2.525300e+02 -1.481600e+02 0
-5.672300e+00 7.813800e+00 5.271500e+00 -6.408200e-01 316 45 1.255700e+01 3.830000e+00 2.330500e+02 -7.301100e+00 0
-5.776500e+00 7.810200e+00 5.236500e+00 -6.408200e-01 317 45 1.285000e+01 3.830000e+00 2.249000e+02 -4.764800e+00 0
-5.362400e+00 8.117000e+00 5.283900e+00 -6.408200e-01 318 45 1.271400e+01 3.830000e+00 2.722800e+02 4.635800e+00 0
-7.174600e+00 8.607400e+00 4.521900e+00 -6.408200e-01 347 45 1.260900e+01 3.830000e+00 1.692600e+02 7.691100e+01 0
-6.739700e+00 8.798900e+00 5.785300e+00 -6.408200e-01 359 45 1.162100e+01 3.830000e+00 2.111300e+02 4.547800e-01 0
-5.515700e+00 9.995500e+00 5.348900e+00 -6.408200e-01 362 45 1.098000e+01 3.830000e+00 3.396400e+02 6.595800e+01 0
-4.938400e+00 1.041800e+01 5.186900e+00 -6.408200e-01 363 45 1.078300e+01 3.830000e+00 3.869500e+02 8.609700e+01 0
-4.654900e+00 1.051000e+01 5.345700e+00 -6.408200e-01 364 45 1.078400e+01 3.830000e+00 4.059600e+02 7.945600e+01 0
-5.263600e+00 9.892600e+00 6.002300e+00 -6.408200e-01 365 45 1.127000e+01 3.830000e+00 3.517700e+02 2.475600e+01 0
-5.875600e+00 9.605800e+00 5.974400e+00 -6.408200e-01 366 45 1.151900e+01 3.830000e+00 3.037800e+02 1.740100e+01 0
-5.891700e+00 9.872400e+00 5.585800e+00 -6.408200e-01 367 45 1.087600e+01 3.830000e+00 3.126700e+02 4.895000e+01 0
-4.744900e+00 4.332300e+00 -4.980400e-01 -6.087800e-01 188 46 1.103600e+01 3.830000e+00 -1.430400e+01 4.760300e+02 0
-4.770300e+00 4.370500e+00 -5.011100e-01 -6.087800e-01 189 46 1.129100e+01 3.830000e+00 -1.171400e+01 4.754500e+02 0
-4.795700e+00 4.391800e+00 -5.028100e-01 -6.087800e-01 190 46 1.041400e+01 3.830000e+00 -1.184000e+01 4.751200e+02 0
-4.690100e+00 4.669000e+00 -5.250900e-01 -6.087800e-01 192 46 1.041300e+01 3.830000e+00 4.296300e+01 4.714700e+02 0
-4.819400e+00 4.523600e+00 -5.134100e-01 -6.087800e-01 193 46 1.051100e+01 3.830000e+00 5.192600e+00 4.732600e+02 0
-4.716300e+00 5.140600e+00 -5.629700e-01 -6.087800e-01 202 46 1.204800e+01 3.830000e+00 9.865500e+01 4.659800e+02 0
-4.739700e+00 5.220500e+00 -5.693900e-01 -6.087800e-01 203 46 1.290400e+01 3.830000e+00 1.048900e+02 4.651300e+02 0
-4.818600e+00 5.182900e+00 -5.663700e-01 -6.087800e-01 204 46 1.289500e+01 3.830000e+00 9.145700e+01 4.654600e+02 0
-5.009300e+00 4.874000e+00 -5.415500e-01 -6.087800e-01 205 46 1.169200e+01 3.830000e+00 3.032600e+01 4.687000e+02 0
-5.816900e+00 3.721700e+00 1.888800e+00 -6.087800e-01 206 46 1.091100e+01 3.830000e+00 -2.781700e+02 1.196500e+02 0
-5.058400e+00 5.114300e+00 -5.608600e-01 -6.087800e-01 207 46 1.137900e+01 3.830000e+00 5.515800e+01 4.659900e+02 0
-5.365400e+00 4.841000e+00 -5.389000e-01 -6.087800e-01 208 46 1.166100e+01 3.830000e+00 -1.831200e+01 4.687900e+02 0
-5.056000e+00 5.360800e+00 -5.806600e-01 -6.087800e-01 214 46 1.313000e+01 3.830000e+00 8.429600e+01 4.635100e+02 0
-5.302900e+00 5.703100e+00 -6.081600e-01 -6.087800e-01 227 46 1.267100e+01 3.830000e+00 9.404900e+01 4.602400e+02 0
-5.264400e+00 5.750100e+00 -6.119400e-01 -6.087800e-01 228 46 1.355600e+01 3.830000e+00 1.029200e+02 4.598700e+02 0
-5.287600e+00 5.742100e+00 1.572000e+00 -6.087800e-01 229 46 1.373400e+01 3.830000e+00 1.056100e+02 2.336800e+02 0
-5.373300e+00 5.691700e+00 1.640500e+00 -6.087800e-01 230 46 1.345900e+01 3.830000e+00 9.178900e+01 2.256000e+02 0
-5.271200e+00 5.789700e+00 1.792300e+00 -6.087800e-01 231 46 1.296700e+01 3.830000e+00 1.125600e+02 2.124400e+02 0
-5.105100e+00 6.010600e+00 1.700700e+00 -6.087800e-01 232 46 1.235400e+01 3.830000e+00 1.495900e+02 2.265700e+02 0
-5.507000e+00 5.743600e+00 1.526400e+00 -6.087800e-01 233 46 1.238900e+01 3.830000e+00 8.288300e+01 2.385000e+02 0
-5.848600e+00 5.407900e+00 1.661800e+00 -6.087800e-01 234 46 1.177800e+01 3.830000e+00 9.327900e+00 2.167500e+02 0
-5.193500e+00 5.970400e+00 2.176400e+00 -6.087800e-01 236 46 1.121500e+01 3.830000e+00 1.383000e+02 1.792300e+02 0
-5.640100e+00 6.848900e+00 5.830600e+00 -6.087800e-01 305 46 1.076400e+01 3.830000e+00 1.750900e+02 -1.026600e+02 0
-5.908300e+00 6.859700e+00 5.611900e+00 -6.087800e-01 306 46 1.114800e+01 3.830000e+00 1.525800e+02 -8.357900e+01 0
-5.844200e+00 7.329700e+00 5.130600e+00 -6.087800e-01 307 46 1.142400e+01 3.830000e+00 1.899700e+02 -1.941800e+01 0
-5.612000e+00 7.642000e+00 5.005400e+00 -6.087800e-01 308 46 1.153100e+01 3.830000e+00 2.274700e+02 4.462900e+00 0
-5.714300e+00 7.978400e+00 4.403500e+00 -6.087800e-01 309 46 1.137200e+01 3.830000e+00 2.379700e+02 6.223500e+01 0
-6.257000e+00 6.586200e+00 6.687000e+00 -6.087800e-01 324 46 1.222300e+01 3.830000e+00 1.029600e+02 -1.907300e+02 0
-6.188000e+00 6.738900e+00 6.658000e+00 -6.087800e-01 325 46 1.233500e+01 3.830000e+00 1.214100e+02 -1.767500e+02 0
-7.268400e+00 8.587400e+00 2.944600e+00 -6.087800e-01 334 46 1.293900e+01 3.830000e+00 1.592300e+02 1.823100e+02 0
-7.016900e+00 8.623700e+00 3.528900e+00 -6.087800e-01 335 46 1.303500e+01 3.830000e+00 1.796300e+02 1.435800e+02 0
-6.946500e+00 8.381700e+00 4.285700e+00 -6.087800e-01 336 46 1.302700e+01 3.830000e+00 1.714700e+02 8.547000e+01 0
-6.967200e+00 8.193700e+00 4.691800e+00 -6.087800e-01 337 46 1.262100e+01 3.830000e+00 1.591400e+02 5.107600e+01 0
-7.257000e+00 8.630200e+00 3.831000e+00 -6.087800e-01 342 46 1.259200e+01 3.830000e+00 1.639100e+02 1.237200e+02 0
-7.278200e+00 8.716500e+00 3.701700e+00 -6.087800e-01 343 46 1.273600e+01 3.830000e+00 1.673200e+02 1.345600e+02 0
-7.205900e+00 8.612100e+00 4.170700e+00 -6.087800e-01 344 46 1.268000e+01 3.830000e+00 1.668600e+02 1.004900e+02 0
-7.133100e+00 8.396000e+00 4.790900e+00 -6.087800e-01 345 46 1.230500e+01 3.830000e+00 1.599500e+02 5.169000e+01 0
-6.965600e+00 8.811400e+00 4.359700e+00 -6.087800e-01 346 46 1.201300e+01 3.830000e+00 1.947700e+02 9.361800e+01 0
-7.080200e+00 8.726500e+00 4.441800e+00 -6.087800e-01 347 46 1.253300e+01 3.830000e+00 1.824300e+02 8.581600e+01 0
-7.290000e+00 8.528600e+00 4.579800e+00 -6.087800e-01 348 46 1.195900e+01 3.830000e+00 1.567100e+02 7.062200e+01 0
-7.187700e+00 8.667000e+00 5.271900e+00 -6.087800e-01 357 46 1.073900e+01 3.830000e+00 1.729000e+02 2.939400e+01 0
-4.516600e+00 4.629000e+00 -5.218700e-01 -5.767400e-01 187 47 1.025300e+01 3.830000e+00 6.009400e+01 4.721300e+02 0
-4.693900e+00 4.436000e+00 -5.063600e-01 -5.767400e-01 188 47 1.135600e+01 3.830000e+00 8.865600e+00 4.745900e+02 0
-4.719000e+00 4.441500e+00 -5.068100e-01 -5.767400e-01 189 47 1.159400e+01 3.830000e+00 6.294100e+00 4.744900e+02 0
-4.795700e+00 4.453100e+00 -5.077400e-01 -5.767400e-01 190 47 1.054800e+01 3.830000e+00 -2.297600e+00 4.742500e+02 0
-4.924700e+00 4.117500e+00 1.679800e+00 -5.767400e-01 191 47 1.012400e+01 3.830000e+00 -6.473400e+01 1.696200e+02 0
-4.742200e+00 4.546000e+00 -5.152100e-01 -5.767400e-01 192 47 1.124700e+01 3.830000e+00 1.875300e+01 4.730300e+02 0
-4.767000e+00 4.612200e+00 -5.205200e-01 -5.767400e-01 193 47 1.112100e+01 3.830000e+00 2.501500e+01 4.721300e+02 0
-5.020200e+00 4.728800e+00 -5.298900e-01 -5.767400e-01 201 47 1.222500e+01 3.830000e+00 8.962000e+00 4.704300e+02 0
-5.100200e+00 4.707700e+00 -5.281900e-01 -5.767400e-01 202 47 1.234900e+01 3.830000e+00 -4.262600e+00 4.706200e+02 0
-5.125500e+00 4.662500e+00 -5.245600e-01 -5.767400e-01 203 47 1.253400e+01 3.830000e+00 -1.415400e+01 4.711700e+02 0
-5.206300e+00 4.614600e+00 -5.207100e-01 -5.767400e-01 204 47 1.284700e+01 3.830000e+00 -3.185000e+01 4.717100e+02 0
-5.176300e+00 4.714700e+00 -5.287600e-01 -5.767400e-01 205 47 1.299600e+01 3.830000e+00 -1.293800e+01 4.704700e+02 0
-5.145700e+00 4.853300e+00 -5.398900e-01 -5.767400e-01 206 47 1.314200e+01 3.830000e+00 1.062800e+01 4.688300e+02 0
-5.170800e+00 4.942400e+00 -5.470500e-01 -5.767400e-01 207 47 1.328100e+01 3.830000e+00 1.965900e+01 4.677800e+02 0
-5.252400e+00 4.914600e+00 -5.448100e-01 -5.767400e-01 208 47 1.300400e+01 3.830000e+00 5.936200e+00 4.680300e+02 0
-5.487900e+00 5.372900e+00 1.819300e+00 -5.767400e-01 227 47 1.274100e+01 3.830000e+00 4.520900e+01 1.985000e+02 0
-5.512200e+00 5.375500e+00 1.888600e+00 -5.767400e-01 228 47 1.344700e+01 3.830000e+00 4.307800e+01 1.911200e+02 0
-5.536400e+00 5.375100e+00 1.964300e+00 -5.767400e-01 229 47 1.354600e+01 3.830000e+00 4.060700e+01 1.829500e+02 0
-5.498200e+00 5.441300e+00 2.030000e+00 -5.767400e-01 230 47 1.326400e+01 3.830000e+00 5.263000e+01 1.780100e+02 0
-5.396700e+00 5.365100e+00 2.571000e+00 -5.767400e-01 231 47 1.274100e+01 3.830000e+00 5.678000e+01 1.171800e+02 0
-5.168100e+00 5.459500e+00 2.926700e+00 -5.767400e-01 232 47 1.193100e+01 3.830000e+00 9.310700e+01 8.350100e+01 0
-5.570300e+00 5.654000e+00 1.627800e+00 -5.767400e-01 233 47 1.245700e+01 3.830000e+00 6.715900e+01 2.261600e+02 0
-5.721400e+00 5.440200e+00 1.970500e+00 -5.767400e-01 234 47 1.231800e+01 3.830000e+00 2.809000e+01 1.845300e+02 0
-5.746000e+00 5.470900e+00 1.958400e+00 -5.767400e-01 235 47 1.142100e+01 3.830000e+00 2.900600e+01 1.868000e+02 0
-5.321700e+00 5.790700e+00 2.345500e+00 -5.767400e-01 236 47 1.121300e+01 3.830000e+00 1.089200e+02 1.569300e+02 0
-6.512600e+00 7.330500e+00 4.588700e+00 -5.767400e-01 311 47 1.089700e+01 3.830000e+00 1.353800e+02 2.354400e+01 0
-6.533700e+00 5.851600e+00 6.405800e+00 -5.767400e-01 312 47 1.072500e+01 3.830000e+00 6.024700e+00 -2.283800e+02 0
-6.453200e+00 7.177200e+00 5.905600e+00 -5.767400e-01 325 47 1.159900e+01 3.830000e+00 1.314600e+02 -8.676100e+01 0
-6.384400e+00 7.725900e+00 5.326700e+00 -5.767400e-01 326 47 1.164800e+01 3.830000e+00 1.737000e+02 -1.430800e+01 0
-6.980300e+00 7.442000e+00 5.206300e+00 -5.767400e-01 329 47 1.184700e+01 3.830000e+00 1.077000e+02 -1.791000e+01 0
-7.360600e+00 7.300800e+00 4.953100e+00 -5.767400e-01 330 47 1.239200e+01 3.830000e+00 6.602100e+01 -4.751600e+00 0
-7.293000e+00 7.465900e+00 4.887900e+00 -5.767400e-01 331 47 1.265500e+01 3.830000e+00 8.435500e+01 7.789400e+00 0
-7.425600e+00 7.684800e+00 4.847400e+00 -5.767400e-01 337 47 1.232400e+01 3.830000e+00 9.069900e+01 2.055500e+01 0
-7.514000e+00 8.080400e+00 4.386000e+00 -5.767400e-01 341 47 1.186800e+01 3.830000e+00 1.115900e+02 6.911100e+01 0
-7.536100e+00 8.001700e+00 4.582700e+00 -5.767400e-01 342 47 1.213300e+01 3.830000e+00 1.048700e+02 5.238600e+01 0
-7.558200e+00 8.110300e+00 4.444200e+00 -5.767400e-01 343 47 1.212700e+01 3.830000e+00 1.105400e+02 6.609800e+01 0
-7.299500e+00 8.688400e+00 3.836400e+00 -5.767400e-01 344 47 1.193200e+01 3.830000e+00 1.644300e+02 1.249300e+02 0
-7.039200e+00 9.083100e+00 3.503400e+00 -5.767400e-01 345 47 1.148600e+01 3.830000e+00 2.032400e+02 1.558900e+02 0
-6.951100e+00 6.985000e+00 7.172500e+00 -5.767400e-01 350 47 1.100900e+01 3.830000e+00 7.836000e+01 -1.976400e+02 0
-7.162000e+00 6.946400e+00 7.061000e+00 -5.767400e-01 351 47 1.109800e+01 3.830000e+00 5.745800e+01 -1.912400e+02 0
-7.469800e+00 7.432500e+00 6.262600e+00 -5.767400e-01 352 47 1.102300e+01 3.830000e+00 7.092600e+01 -9.709100e+01 0
-4.693900e+00 4.285300e+00 1.500800e+00 -5.447000e-01 188 48 1.023400e+01 3.830000e+00 -5.332700e+00 2.008100e+02 0
-4.872900e+00 4.032000e+00 1.762000e+00 -5.447000e-01 189 48 1.047800e+01 3.830000e+00 -7.220200e+01 1.538800e+02 0
-4.976600e+00 4.044700e+00 1.703900e+00 -5.447000e-01 191 48 1.038200e+01 3.830000e+00 -8.519400e+01 1.629400e+02 0
-4.950700e+00 4.261300e+00 -4.923300e-01 -5.447000e-01 192 48 1.069800e+01 3.830000e+00 -5.481300e+01 4.768900e+02 0
-5.129400e+00 4.737000e+00 -5.305400e-01 -5.447000e-01 201 48 1.150900e+01 3.830000e+00 -3.732500e+00 4.702400e+02 0
-5.206300e+00 4.728500e+00 -5.298600e-01 -5.447000e-01 204 48 1.190300e+01 3.830000e+00 -1.472700e+01 4.702700e+02 0
-5.231900e+00 4.785100e+00 -5.344100e-01 -5.447000e-01 205 48 1.214000e+01 3.830000e+00 -9.725700e+00 4.695600e+02 0
-5.033900e+00 4.939900e+00 -5.468500e-01 -5.447000e-01 206 48 1.230100e+01 3.830000e+00 3.602300e+01 4.679200e+02 0
-5.114600e+00 4.866700e+00 -5.409600e-01 -5.447000e-01 207 48 1.283700e+01 3.830000e+00 1.631800e+01 4.687000e+02 0
-5.252400e+00 4.811300e+00 -5.365100e-01 -5.447000e-01 208 48 1.289600e+01 3.830000e+00 -8.536000e+00 4.692300e+02 0
-5.448000e+00 4.607900e+00 -5.201800e-01 -5.447000e-01 209 48 1.220700e+01 3.830000e+00 -6.425300e+01 4.715800e+02 0
-5.667900e+00 4.723800e+00 2.264600e+00 -5.447000e-01 222 48 1.291000e+01 3.830000e+00 -6.058500e+01 1.229800e+02 0
-5.463600e+00 4.969600e+00 2.682700e+00 -5.447000e-01 226 48 1.283600e+01 3.830000e+00 8.469800e-01 8.580200e+01 0
-5.549500e+00 4.964300e+00 2.617800e+00 -5.447000e-01 227 48 1.244300e+01 3.830000e+00 -1.022300e+01 9.313600e+01 0
-5.698000e+00 5.002200e+00 2.314700e+00 -5.447000e-01 228 48 1.262500e+01 3.830000e+00 -2.368000e+01 130 0
-5.723100e+00 5.020100e+00 2.333700e+00 -5.447000e-01 229 48 1.276500e+01 3.830000e+00 -2.406900e+01 1.286600e+02 0
-5.623200e+00 5.107100e+00 2.501300e+00 -5.447000e-01 230 48 1.248900e+01 3.830000e+00 -2.758100e-01 1.135000e+02 0
-5.334000e+00 5.200500e+00 3.003700e+00 -5.447000e-01 231 48 1.208500e+01 3.830000e+00 4.601700e+01 6.205900e+01 0
-5.231100e+00 5.299600e+00 3.103300e+00 -5.447000e-01 232 48 1.169800e+01 3.830000e+00 6.931200e+01 5.652500e+01 0
-5.633600e+00 5.424400e+00 2.117600e+00 -5.447000e-01 233 48 1.171600e+01 3.830000e+00 3.627500e+01 1.682500e+02 0
-5.975700e+00 5.225900e+00 1.787200e+00 -5.447000e-01 234 48 1.166900e+01 3.830000e+00 -2.743500e+01 1.980800e+02 0
-8.389500e+00 6.714300e+00 2.663500e+00 -5.447000e-01 318 48 1.101800e+01 3.830000e+00 -8.158700e+01 1.594600e+02 0
-8.242400e+00 6.874200e+00 2.853500e+00 -5.447000e-01 319 48 1.131000e+01 3.830000e+00 -5.133900e+01 1.479800e+02 0
-8.442400e+00 6.797300e+00 2.575500e+00 -5.447000e-01 320 48 1.112500e+01 3.830000e+00 -7.737300e+01 1.692800e+02 0
-7.532000e+00 7.317000e+00 3.924700e+00 -5.447000e-01 322 48 1.128200e+01 3.830000e+00 5.128400e+01 7.588700e+01 0
-7.819000e+00 7.255300e+00 3.561000e+00 -5.447000e-01 323 48 1.143000e+01 3.830000e+00 2.205700e+01 1.024800e+02 0
-7.951900e+00 6.993100e+00 4.973800e+00 -5.447000e-01 336 48 1.169700e+01 3.830000e+00 -9.004300e+00 -2.070900e+01 0
-8.159000e+00 6.988800e+00 4.720200e+00 -5.447000e-01 337 48 1.126400e+01 3.830000e+00 -2.722900e+01 -2.556800e-01 0
-7.945100e+00 7.980000e+00 5.898500e+00 -5.447000e-01 365 48 1.086500e+01 3.830000e+00 7.601200e+01 -4.097500e+01 0
-8.166000e+00 8.022500e+00 5.607300e+00 -5.447000e-01 366 48 1.070000e+01 3.830000e+00 6.250000e+01 -1.825000e+01 0
-4.478900e+00 3.927400e+00 -4.655100e-01 -5.126600e-01 172 49 9.971200e+00 3.830000e+00 -4.522900e+01 4.829100e+02 0
-4.645900e+00 3.761700e+00 -4.522000e-01 -5.126600e-01 173 49 1.043500e+01 3.830000e+00 -1.036800e+02 4.858200e+02 0
-4.917900e+00 3.501900e+00 -4.313200e-01 -5.126600e-01 176 49 1.030400e+01 3.830000e+00 -2.075400e+02 4.908800e+02 0
-5.042100e+00 3.317400e+00 -4.165000e-01 -5.126600e-01 177 49 1.067200e+01 3.830000e+00 -2.783400e+02 4.950300e+02 0
-5.022400e+00 3.432000e+00 -4.257100e-01 -5.126600e-01 178 49 1.130400e+01 3.830000e+00 -2.433700e+02 4.923200e+02 0
-5.050800e+00 3.395500e+00 -4.227700e-01 -5.126600e-01 179 49 1.137200e+01 3.830000e+00 -2.581100e+02 4.931400e+02 0
-5.030300e+00 3.445600e+00 -4.268000e-01 -5.126600e-01 180 49 1.133000e+01 3.830000e+00 -2.411400e+02 492 0
-5.058400e+00 3.447400e+00 -4.269500e-01 -5.126600e-01 181 49 1.119800e+01 3.830000e+00 -2.454600e+02 4.919200e+02 0
-4.949800e+00 4.488800e+00 -5.106100e-01 -5.126600e-01 194 49 1.044300e+01 3.830000e+00 -1.750900e+01 4.736100e+02 0
-5.026800e+00 4.460300e+00 -5.083200e-01 -5.126600e-01 197 49 1.046500e+01 3.830000e+00 -3.230600e+01 4.739300e+02 0
-5.267400e+00 4.151900e+00 1.532700e+00 -5.126600e-01 198 49 1.104300e+01 3.830000e+00 -1.077500e+02 1.920600e+02 0
-5.456200e+00 4.057900e+00 -4.759900e-01 -5.126600e-01 199 49 1.134700e+01 3.830000e+00 -1.655600e+02 4.795800e+02 0
-5.483800e+00 4.219600e+00 -4.889800e-01 -5.126600e-01 200 49 1.197700e+01 3.830000e+00 -1.373200e+02 4.769900e+02 0
-5.456800e+00 4.347800e+00 -4.992800e-01 -5.126600e-01 201 49 1.222200e+01 3.830000e+00 -1.097000e+02 4.751100e+02 0
-5.484000e+00 4.374200e+00 -5.014000e-01 -5.126600e-01 202 49 1.243500e+01 3.830000e+00 -1.086900e+02 4.747100e+02 0
-5.566400e+00 4.326700e+00 -4.975800e-01 -5.126600e-01 203 49 1.260600e+01 3.830000e+00 -1.286000e+02 4.753200e+02 0
-5.538600e+00 4.419900e+00 -5.050700e-01 -5.126600e-01 204 49 1.212700e+01 3.830000e+00 -1.079300e+02 4.740200e+02 0
-5.893300e+00 4.084200e+00 2.343400e+00 -5.126600e-01 217 49 1.310700e+01 3.830000e+00 -2.038000e+02 7.701000e+01 0
-5.979800e+00 4.149900e+00 2.110000e+00 -5.126600e-01 218 49 1.302500e+01 3.830000e+00 -2.038200e+02 1.133500e+02 0
-5.806000e+00 4.395100e+00 2.858300e+00 -5.126600e-01 225 49 1.213600e+01 3.830000e+00 -1.291400e+02 2.970900e+01 0
-5.647800e+00 4.553500e+00 3.018700e+00 -5.126600e-01 226 49 1.236500e+01 3.830000e+00 -8.115500e+01 2.044200e+01 0
-6.131500e+00 3.957300e+00 3.096900e+00 -5.126600e-01 228 49 1.205800e+01 3.830000e+00 -2.596200e+02 -3.746600e+01 0
-5.971900e+00 4.323000e+00 3.008300e+00 -5.126600e-01 229 49 1.186200e+01 3.830000e+00 -1.632000e+02 5.390700e+00 0
-5.748200e+00 4.670500e+00 3.017300e+00 -5.126600e-01 230 49 1.178500e+01 3.830000e+00 -7.516600e+01 2.894400e+01 0
-8.363000e+00 6.942300e+00 1.911100e+00 -5.126600e-01 317 49 1.103900e+01 3.830000e+00 -5.742200e+01 2.282500e+02 0
-8.303000e+00 6.680500e+00 2.998600e+00 -5.126600e-01 318 49 1.165300e+01 3.830000e+00 -7.669000e+01 1.297300e+02 0
-8.242400e+00 6.735000e+00 3.168000e+00 -5.126600e-01 319 49 1.177600e+01 3.830000e+00 -6.498100e+01 1.171100e+02 0
-8.268400e+00 6.813900e+00 3.052300e+00 -5.126600e-01 320 49 1.154700e+01 3.830000e+00 -5.920000e+01 1.295200e+02 0
-8.556200e+00 6.705000e+00 2.593400e+00 -5.126600e-01 321 49 1.109400e+01 3.830000e+00 -9.727600e+01 1.653200e+02 0
-7.827200e+00 5.987000e+00 5.701700e+00 -5.126600e-01 327 49 1.200400e+01 3.830000e+00 -1.048200e+02 -1.480500e+02 0
-7.940400e+00 5.762400e+00 5.844500e+00 -5.126600e-01 328 49 1.207700e+01 3.830000e+00 -1.441900e+02 -1.797000e+02 0
-8.449500e+00 5.394400e+00 5.895000e+00 -5.126600e-01 334 49 1.122400e+01 3.830000e+00 -2.492700e+02 -2.172300e+02 0
-8.474900e+00 5.174400e+00 6.120400e+00 -5.126600e-01 335 49 1.136900e+01 3.830000e+00 -2.874300e+02 -263 0
-8.226100e+00 5.840600e+00 5.923900e+00 -5.126600e-01 336 49 1.117400e+01 3.830000e+00 -1.609700e+02 -1.795700e+02 0
-4.996200e+00 3.061500e+00 -3.959500e-01 -4.806200e-01 169 50 1.017200e+01 3.830000e+00 -3.484500e+02 5.019300e+02 0
-5.026000e+00 3.092300e+00 -3.984200e-01 -4.806200e-01 170 50 1.115100e+01 3.830000e+00 -3.439700e+02 501 0
-5.055700e+00 3.112500e+00 -4.000400e-01 -4.806200e-01 171 50 1.088400e+01 3.830000e+00 -3.430400e+02 5.003900e+02 0
-4.984800e+00 3.232600e+00 -4.096900e-01 -4.806200e-01 175 50 1.155800e+01 3.830000e+00 -2.927400e+02 4.972600e+02 0
-5.013400e+00 3.280300e+00 -4.135200e-01 -4.806200e-01 176 50 1.248100e+01 3.830000e+00 -2.839300e+02 496 0
-5.042100e+00 3.340900e+00 -4.183900e-01 -4.806200e-01 177 50 1.275000e+01 3.830000e+00 -2.717000e+02 4.944600e+02 0
-5.070700e+00 3.372800e+00 -4.209500e-01 -4.806200e-01 178 50 1.256300e+01 3.830000e+00 -2.678100e+02 4.936500e+02 0
-5.050800e+00 3.437800e+00 -4.261800e-01 -4.806200e-01 179 50 1.222500e+01 3.830000e+00 -2.466900e+02 4.921500e+02 0
-5.079200e+00 3.427600e+00 -4.253600e-01 -4.806200e-01 180 50 1.218300e+01 3.830000e+00 -2.542900e+02 4.923500e+02 0
-5.107500e+00 3.462200e+00 -4.281300e-01 -4.806200e-01 181 50 1.225300e+01 3.830000e+00 -2.499100e+02 4.915200e+02 0
-5.234700e+00 3.363500e+00 -4.202100e-01 -4.806200e-01 182 50 1.165200e+01 3.830000e+00 -2.989700e+02 4.936400e+02 0
-4.998700e+00 4.234700e+00 2.100700e+00 -4.806200e-01 198 50 1.117200e+01 3.830000e+00 -5.262800e+01 1.176300e+02 0
-5.186100e+00 4.251600e+00 1.686100e+00 -4.806200e-01 199 50 1.149400e+01 3.830000e+00 -7.769500e+01 1.749300e+02 0
-5.483800e+00 4.194200e+00 -4.869400e-01 -4.806200e-01 200 50 1.187800e+01 3.830000e+00 -1.422300e+02 4.773800e+02 0
-5.620500e+00 4.134200e+00 -4.821200e-01 -4.806200e-01 201 50 1.192100e+01 3.830000e+00 -1.736200e+02 4.781800e+02 0
-5.648600e+00 4.167400e+00 -4.847900e-01 -4.806200e-01 202 50 1.181900e+01 3.830000e+00 -1.708700e+02 4.776300e+02 0
-5.731800e+00 4.096200e+00 -4.790700e-01 -4.806200e-01 203 50 1.178900e+01 3.830000e+00 -1.974800e+02 4.786700e+02 0
-5.649100e+00 4.092400e+00 1.610800e+00 -4.806200e-01 206 50 1.176200e+01 3.830000e+00 -1.725700e+02 1.791800e+02 0
-5.924700e+00 3.888800e+00 2.480600e+00 -4.806200e-01 216 50 1.274700e+01 3.830000e+00 -2.499400e+02 4.373400e+01 0
-6.011200e+00 3.887000e+00 2.379100e+00 -4.806200e-01 217 50 1.284100e+01 3.830000e+00 -2.637500e+02 5.846800e+01 0
-6.023500e+00 3.919300e+00 3.001500e+00 -4.806200e-01 224 50 1.172200e+01 3.830000e+00 -2.534500e+02 -2.791800e+01 0
-6.172700e+00 4.257500e+00 2.228900e+00 -4.806200e-01 225 50 1.287400e+01 3.830000e+00 -2.075100e+02 1.037800e+02 0
-6.200200e+00 4.351000e+00 2.090400e+00 -4.806200e-01 226 50 1.321800e+01 3.830000e+00 -1.936300e+02 1.271900e+02 0
-6.227800e+00 4.229200e+00 2.371200e+00 -4.806200e-01 227 50 1.310900e+01 3.830000e+00 -2.197400e+02 8.321800e+01 0
-6.069600e+00 4.081200e+00 3.057900e+00 -4.806200e-01 228 50 1.263900e+01 3.830000e+00 -2.241600e+02 -2.096000e+01 0
-6.509600e+00 5.154500e+00 -5.640900e-01 -4.806200e-01 242 50 1.092900e+01 3.830000e+00 -1.084500e+02 4.644800e+02 0
-6.536700e+00 5.231900e+00 -5.703000e-01 -4.806200e-01 243 50 1.109700e+01 3.830000e+00 -9.997200e+01 4.636900e+02 0
-8.655000e+00 5.489100e+00 3.595300e+00 -4.806200e-01 312 50 1.091400e+01 3.830000e+00 -2.672900e+02 2.203400e+01 0
-8.540400e+00 4.277300e+00 6.634100e+00 -4.806200e-01 334 50 1.094600e+01 3.830000e+00 -4.763800e+02 -4.427100e+02 0
-8.748300e+00 4.831000e+00 6.015600e+00 -4.806200e-01 335 50 1.098900e+01 3.830000e+00 -3.824600e+02 -2.908600e+02 0
-4.996200e+00 3.072700e+00 -3.968400e-01 -4.485700e-01 169 51 1.064300e+01 3.830000e+00 -3.447700e+02 5.016100e+02 0
-5.026000e+00 3.072700e+00 -3.968500e-01 -4.485700e-01 170 51 1.135600e+01 3.830000e+00 -3.504100e+02 5.015600e+02 0
-5.009300e+00 3.162000e+00 -4.040200e-01 -4.485700e-01 171 51 1.102800e+01 3.830000e+00 -3.187000e+02 4.991000e+02 0
-4.805500e+00 3.428500e+00 -4.254300e-01 -4.485700e-01 172 51 1.083500e+01 3.830000e+00 -2.069800e+02 4.927100e+02 0
-4.927500e+00 3.307500e+00 -4.157100e-01 -4.485700e-01 173 51 1.112200e+01 3.830000e+00 -2.608100e+02 4.954400e+02 0
-5.050500e+00 3.143800e+00 -4.025600e-01 -4.485700e-01 174 51 1.152100e+01 3.830000e+00 -3.320400e+02 4.995300e+02 0
-5.032200e+00 3.100300e+00 -3.990600e-01 -4.485700e-01 175 51 1.188200e+01 3.830000e+00 -3.425700e+02 5.007700e+02 0
-5.013400e+00 3.252700e+00 -4.113100e-01 -4.485700e-01 176 51 1.259100e+01 3.830000e+00 -2.919700e+02 4.967000e+02 0
-5.090100e+00 3.283700e+00 -4.137900e-01 -4.485700e-01 177 51 1.277400e+01 3.830000e+00 -2.966300e+02 4.958000e+02 0
-5.119000e+00 3.327600e+00 -4.173300e-01 -4.485700e-01 178 51 1.224600e+01 3.830000e+00 -2.890100e+02 4.946700e+02 0
-5.147900e+00 3.306100e+00 -4.155900e-01 -4.485700e-01 179 51 1.185100e+01 3.830000e+00 -3.003600e+02 4.951600e+02 0
-5.128000e+00 3.375100e+00 -4.211400e-01 -4.485700e-01 180 51 1.201500e+01 3.830000e+00 -2.771300e+02 4.935100e+02 0
-5.205800e+00 3.319000e+00 -4.166300e-01 -4.485700e-01 181 51 1.228900e+01 3.830000e+00 -3.068000e+02 4.947600e+02 0
-5.333400e+00 3.229900e+00 -4.094800e-01 -4.485700e-01 182 51 1.207000e+01 3.830000e+00 -3.566200e+02 4.968100e+02 0
-5.321400e+00 3.191400e+00 1.670200e+00 -4.485700e-01 185 51 1.160100e+01 3.830000e+00 -3.446200e+02 1.192600e+02 0
-5.400800e+00 3.232400e+00 -4.096700e-01 -4.485700e-01 186 51 1.146100e+01 3.830000e+00 -3.679800e+02 4.966400e+02 0
-5.758300e+00 3.938600e+00 -4.664000e-01 -4.485700e-01 202 51 1.125700e+01 3.830000e+00 -2.360700e+02 4.812700e+02 0
-5.676700e+00 4.158100e+00 -4.840400e-01 -4.485700e-01 203 51 1.134900e+01 3.830000e+00 -1.767500e+02 4.777500e+02 0
-5.816900e+00 4.110800e+00 -4.802400e-01 -4.485700e-01 206 51 1.221300e+01 3.830000e+00 -2.066100e+02 4.783500e+02 0
-5.957700e+00 3.975400e+00 -4.693600e-01 -4.485700e-01 207 51 1.238700e+01 3.830000e+00 -2.571600e+02 4.804200e+02 0
-6.172700e+00 4.248100e+00 2.246700e+00 -4.485700e-01 225 51 1.221600e+01 3.830000e+00 -2.092800e+02 1.008700e+02 0
-6.200200e+00 4.262700e+00 2.265100e+00 -4.485700e-01 226 51 1.266700e+01 3.830000e+00 -2.099400e+02 9.932200e+01 0
-6.227800e+00 4.174600e+00 2.466100e+00 -4.485700e-01 227 51 1.241800e+01 3.830000e+00 -2.303800e+02 6.694900e+01 0
-6.069600e+00 3.884100e+00 3.304700e+00 -4.485700e-01 228 51 1.128400e+01 3.830000e+00 -2.658700e+02 -7.426900e+01 0
-6.793700e+00 4.474600e+00 3.072800e+00 -4.485700e-01 250 51 1.043500e+01 3.830000e+00 -2.400400e+02 1.065600e+01 0
-8.485300e+00 5.737500e+00 3.611900e+00 -4.485700e-01 312 51 1.075100e+01 3.830000e+00 -2.113900e+02 3.392900e+01 0
-8.682800e+00 5.489900e+00 3.632300e+00 -4.485700e-01 313 51 1.076200e+01 3.830000e+00 -2.698100e+02 1.837900e+01 0
-8.966800e+00 5.710000e+00 2.545400e+00 -4.485700e-01 314 51 1.082400e+01 3.830000e+00 -2.687600e+02 1.381900e+02 0
-8.909800e+00 6.002500e+00 2.199300e+00 -4.485700e-01 315 51 1.125300e+01 3.830000e+00 -2.205800e+02 1.812700e+02 0
-8.680300e+00 6.079700e+00 2.950700e+00 -4.485700e-01 316 51 1.155000e+01 3.830000e+00 -1.845600e+02 1.129300e+02 0
-8.707900e+00 5.802800e+00 3.505500e+00 -4.485700e-01 317 51 1.167900e+01 3.830000e+00 -2.241100e+02 4.803500e+01 0
-8.822000e+00 5.505800e+00 3.797200e+00 -4.485700e-01 318 51 1.160500e+01 3.830000e+00 -2.805300e+02 2.932700e+00 0
-8.936500e+00 5.187100e+00 4.070200e+00 -4.485700e-01 319 51 1.122500e+01 3.830000e+00 -3.468100e+02 -4.628700e+01 0
-8.512600e+00 5.855200e+00 4.698700e+00 -4.485700e-01 326 51 1.093000e+01 3.830000e+00 -1.919600e+02 -6.300500e+01 0
-8.716600e+00 6.484000e+00 3.405300e+00 -4.485700e-01 327 51 1.113600e+01 3.830000e+00 -1.341000e+02 8.794900e+01 0
-5.239300e+00 2.468600e+00 1.719900e+00 -4.165300e-01 174 52 1.007900e+01 3.830000e+00 -6.085500e+02 4.162900e+01 0
-5.222100e+00 2.713700e+00 1.513500e+00 -4.165300e-01 175 52 1.043900e+01 3.830000e+00 -4.977200e+02 1.113600e+02 0
-5.061100e+00 3.213400e+00 -4.081500e-01 -4.165300e-01 176 52 1.060000e+01 3.830000e+00 -3.123800e+02 4.976500e+02 0
-5.090100e+00 3.343800e+00 -4.186300e-01 -4.165300e-01 177 52 1.068700e+01 3.830000e+00 -2.793100e+02 4.943200e+02 0
-5.176800e+00 3.432300e+00 -4.257300e-01 -4.165300e-01 180 52 1.069000e+01 3.830000e+00 -2.697600e+02 4.921100e+02 0
-5.254900e+00 3.300300e+00 -4.151300e-01 -4.165300e-01 181 52 1.117000e+01 3.830000e+00 -3.210100e+02 4.951500e+02 0
-5.432200e+00 3.034700e+00 -3.937900e-01 -4.165300e-01 182 52 1.122700e+01 3.830000e+00 -4.407900e+02 5.019900e+02 0
-5.867900e+00 3.556200e+00 -4.356900e-01 -4.165300e-01 202 52 1.147200e+01 3.830000e+00 -3.507900e+02 4.884600e+02 0
-6.040600e+00 3.842600e+00 -4.587000e-01 -4.165300e-01 206 52 1.174400e+01 3.830000e+00 -3.015900e+02 4.826600e+02 0
-6.954100e+00 2.922800e+00 -3.848100e-01 -4.165300e-01 217 52 1.095700e+01 3.830000e+00 -7.775100e+02 5.027300e+02 0
-6.808700e+00 3.295800e+00 -4.147600e-01 -4.165300e-01 218 52 1.160200e+01 3.830000e+00 -5.936900e+02 4.930200e+02 0
-6.661600e+00 3.508400e+00 -4.318500e-01 -4.165300e-01 219 52 1.171400e+01 3.830000e+00 -4.949700e+02 4.884400e+02 0
-6.572700e+00 3.472900e+00 1.798400e+00 -4.165300e-01 220 52 1.132100e+01 3.830000e+00 -4.671700e+02 1.195400e+02 0
-7.594500e+00 6.675200e+00 1.571800e+00 -4.165300e-01 294 52 1.041200e+01 3.830000e+00 -1.989600e+01 2.522100e+02 0
-7.700600e+00 5.993400e+00 3.193900e+00 -4.165300e-01 295 52 1.050000e+01 3.830000e+00 -1.016700e+02 8.528200e+01 0
-7.565800e+00 5.540200e+00 4.266500e+00 -4.165300e-01 296 52 1.031800e+01 3.830000e+00 -1.443200e+02 -4.460600e+01 0
-7.349200e+00 5.855100e+00 4.308900e+00 -4.165300e-01 297 52 1.020300e+01 3.830000e+00 -8.057100e+01 -2.850800e+01 0
-9.619200e+00 4.464600e+00 2.502600e+00 -4.165300e-01 313 52 1.055800e+01 3.830000e+00 -5.988000e+02 8.674100e+01 0
-9.479200e+00 4.992700e+00 2.168800e+00 -4.165300e-01 314 52 1.108200e+01 3.830000e+00 -4.582100e+02 1.511300e+02 0
-9.252500e+00 5.579600e+00 1.873700e+00 -4.165300e-01 315 52 1.123800e+01 3.830000e+00 -3.227800e+02 2.018400e+02 0
-8.852200e+00 5.919400e+00 2.759800e+00 -4.165300e-01 316 52 1.115500e+01 3.830000e+00 -2.244900e+02 1.250100e+02 0
-8.449300e+00 5.652600e+00 4.295000e+00 -4.165300e-01 317 52 1.093100e+01 3.830000e+00 -2.171900e+02 -3.793100e+01 0
-8.735500e+00 4.923100e+00 4.692000e+00 -4.165300e-01 318 52 1.106900e+01 3.830000e+00 -3.715500e+02 -1.357500e+02 0
-9.023300e+00 4.447000e+00 4.705200e+00 -4.165300e-01 319 52 1.141800e+01 3.830000e+00 -5.106300e+02 -1.849100e+02 0
-9.225800e+00 3.591000e+00 5.109000e+00 -4.165300e-01 320 52 1.146200e+01 3.830000e+00 -7.907100e+02 -3.580400e+02 0
-9.254700e+00 2.838600e+00 5.584300e+00 -4.165300e-01 321 52 1.142400e+01 3.830000e+00 -1.124700e+03 -6.039900e+02 0
-8.928400e+00 5.091800e+00 4.731800e+00 -4.165300e-01 325 52 1.060500e+01 3.830000e+00 -3.596600e+02 -1.242200e+02 0
-8.512600e+00 6.064300e+00 4.425400e+00 -4.165300e-01 326 52 1.147000e+01 3.830000e+00 -1.645400e+02 -2.430300e+01 0
-8.627700e+00 6.210300e+00 4.075900e+00 -4.165300e-01 327 52 1.182400e+01 3.830000e+00 -1.575800e+02 1.581600e+01 0
-8.832600e+00 6.232500e+00 3.681900e+00 -4.165300e-01 328 52 1.164700e+01 3.830000e+00 -1.751100e+02 5.271600e+01 0
-9.128100e+00 5.796500e+00 3.780500e+00 -4.165300e-01 329 52 1.097500e+01 3.830000e+00 -2.646600e+02 2.193900e+01 0
-5.533200e+00 3.891600e+00 -4.626300e-01 -3.844900e-01 196 53 1.041100e+01 3.830000e+00 -2.129500e+02 4.823500e+02 0
-5.828900e+00 3.535200e+00 -4.340000e-01 -3.844900e-01 197 53 1.000800e+01 3.830000e+00 -3.503800e+02 4.889500e+02 0
-5.618300e+00 4.012800e+00 -4.723700e-01 -3.844900e-01 199 53 1.021900e+01 3.830000e+00 -1.988100e+02 4.801600e+02 0
-5.592400e+00 3.115800e+00 2.704900e+00 -3.844900e-01 200 53 1.072400e+01 3.830000e+00 -4.057400e+02 -7.053600e+01 0
-5.620500e+00 2.176900e+00 3.529500e+00 -3.844900e-01 201 53 1.060700e+01 3.830000e+00 -8.216600e+02 -4.353200e+02 0
-5.977600e+00 3.220000e+00 1.781700e+00 -3.844900e-01 202 53 1.096800e+01 3.830000e+00 -4.496000e+02 1.032700e+02 0
-6.302600e+00 3.534200e+00 -4.339200e-01 -3.844900e-01 211 53 1.178900e+01 3.830000e+00 -4.282500e+02 4.883600e+02 0
-6.718400e+00 3.316400e+00 -4.164200e-01 -3.844900e-01 217 53 1.095600e+01 3.830000e+00 -5.705700e+02 4.926600e+02 0
-6.867900e+00 3.097000e+00 -3.988000e-01 -3.844900e-01 218 53 1.108100e+01 3.830000e+00 -6.831500e+02 4.979500e+02 0
-6.959000e+00 2.979900e+00 -3.893900e-01 -3.844900e-01 219 53 1.100700e+01 3.830000e+00 -7.516900e+02 5.010500e+02 0
-6.572400e+00 3.847700e+00 -4.591000e-01 -3.844900e-01 222 53 1.061000e+01 3.830000e+00 -3.806300e+02 4.819600e+02 0
-7.672200e+00 5.549300e+00 4.147600e+00 -3.844900e-01 297 53 1.068800e+01 3.830000e+00 -1.544800e+02 -3.184400e+01 0
-9.789400e+00 4.690300e+00 -5.268000e-01 -3.844900e-01 313 53 1.123200e+01 3.830000e+00 -5.881600e+02 4.669000e+02 0
-9.650000e+00 4.969500e+00 -5.492200e-01 -3.844900e-01 314 53 1.131800e+01 3.830000e+00 -5.037200e+02 4.640200e+02 0
-9.766500e+00 4.761700e+00 -5.325300e-01 -3.844900e-01 315 53 1.076800e+01 3.830000e+00 -5.672100e+02 4.661300e+02 0
-9.711700e+00 5.117600e+00 -5.611200e-01 -3.844900e-01 316 53 1.103500e+01 3.830000e+00 -4.775300e+02 4.625100e+02 0
-9.742500e+00 5.175800e+00 -5.658000e-01 -3.844900e-01 317 53 1.078500e+01 3.830000e+00 -4.683500e+02 4.619300e+02 0
-8.900800e+00 4.593000e+00 5.188800e+00 -3.844900e-01 324 53 1.157800e+01 3.830000e+00 -4.573200e+02 -2.257000e+02 0
-8.928400e+00 5.239200e+00 4.568100e+00 -3.844900e-01 325 53 1.193900e+01 3.830000e+00 -3.333000e+02 -9.457300e+01 0
-8.955900e+00 5.493000e+00 4.294500e+00 -3.844900e-01 326 53 1.218300e+01 3.830000e+00 -2.935800e+02 -4.757100e+01 0
-8.894500e+00 5.933600e+00 3.911300e+00 -3.844900e-01 327 53 1.211300e+01 3.830000e+00 -2.210300e+02 1.661400e+01 0
-9.011000e+00 6.142500e+00 3.389100e+00 -3.844900e-01 328 53 1.171100e+01 3.830000e+00 -2.049000e+02 7.548300e+01 0
-9.128100e+00 6.270100e+00 2.928600e+00 -3.844900e-01 329 53 1.104400e+01 3.830000e+00 -2.003000e+02 1.226000e+02 0
-3.457400e+00 2.872400e+00 -3.807600e-01 -3.524500e-01 133 54 1.019200e+01 3.830000e+00 -9.845600e+01 5.105800e+02 0
-4.116300e+00 1.355500e+00 2.338000e+00 -3.524500e-01 142 54 1.061100e+01 3.830000e+00 -1.105100e+03 -4.409700e+02 0
-4.106800e+00 1.395200e+00 2.404300e+00 -3.524500e-01 143 54 1.117200e+01 3.830000e+00 -1.053300e+03 -4.451800e+02 0
-4.174700e+00 1.741500e+00 2.116400e+00 -3.524500e-01 144 54 1.128500e+01 3.830000e+00 -7.658000e+02 -2.104400e+02 0
-4.282500e+00 1.974100e+00 1.747600e+00 -3.524500e-01 145 54 1.070300e+01 3.830000e+00 -6.449400e+02 -4.528100e+01 0
-6.181200e+00 2.959500e+00 -3.877500e-01 -3.524500e-01 198 54 1.009700e+01 3.830000e+00 -6.133200e+02 5.029400e+02 0
-6.369400e+00 3.071600e+00 -3.967500e-01 -3.524500e-01 204 54 1.127000e+01 3.830000e+00 -6.024400e+02 4.994200e+02 0
-6.345100e+00 3.021500e+00 -3.927300e-01 -3.524500e-01 205 54 1.141800e+01 3.830000e+00 -6.184300e+02 5.008700e+02 0
-6.432200e+00 2.762900e+00 -3.719600e-01 -3.524500e-01 206 54 1.196500e+01 3.830000e+00 -7.530300e+02 5.087200e+02 0
-6.575900e+00 2.731000e+00 -3.693900e-01 -3.524500e-01 207 54 1.186800e+01 3.830000e+00 -7.984700e+02 5.095400e+02 0
-6.583000e+00 2.939700e+00 -3.861600e-01 -3.524500e-01 209 54 1.166100e+01 3.830000e+00 -6.988800e+02 5.028500e+02 0
-6.735600e+00 2.901700e+00 -3.831000e-01 -3.524500e-01 212 54 1.160200e+01 3.830000e+00 -7.456900e+02 5.037400e+02 0
-7.137400e+00 2.426300e+00 -3.449200e-01 -3.524500e-01 219 54 1.107700e+01 3.830000e+00 -1101 5.199600e+02 0
-7.170200e+00 2.544800e+00 -3.544300e-01 -3.524500e-01 220 54 1.120100e+01 3.830000e+00 -1.029500e+03 5.151200e+02 0
-7.022900e+00 3.081700e+00 -3.975700e-01 -3.524500e-01 221 54 1.055900e+01 3.830000e+00 -7.178500e+02 4.981200e+02 0
-8.262100e+00 3.883300e+00 4.698800e+00 -3.524500e-01 295 54 1.051100e+01 3.830000e+00 -5.634700e+02 -259 0
-8.048700e+00 4.735100e+00 4.351500e+00 -3.524500e-01 296 54 1.066800e+01 3.830000e+00 -3.327400e+02 -1.170700e+02 0
-7.995300e+00 5.544000e+00 3.492800e+00 -3.524500e-01 297 54 1.067400e+01 3.830000e+00 -1.914500e+02 3.433200e+01 0
-9.673200e+00 4.675400e+00 1.591800e+00 -3.524500e-01 312 54 1.049800e+01 3.830000e+00 -5.590300e+02 2.072800e+02 0
-9.704300e+00 4.736000e+00 -5.304700e-01 -3.524500e-01 313 54 1.110800e+01 3.830000e+00 -5.662800e+02 4.664600e+02 0
-9.735400e+00 4.010500e+00 2.936700e+00 -3.524500e-01 314 54 1.105100e+01 3.830000e+00 -7.434900e+02 -5.006600e-01 0
-9.766500e+00 3.092700e+00 3.911700e+00 -3.524500e-01 315 54 1.104100e+01 3.830000e+00 -1.109200e+03 -2.594800e+02 0
-9.711700e+00 4.324800e+00 2.828000e+00 -3.524500e-01 316 54 1.072000e+01 3.830000e+00 -6.456800e+02 3.738300e+01 0
-8.812700e+00 4.913600e+00 5.043500e+00 -3.524500e-01 324 54 1.074100e+01 3.830000e+00 -3.797000e+02 -1.749900e+02 0
-9.105200e+00 5.022900e+00 4.460800e+00 -3.524500e-01 325 54 1.109400e+01 3.830000e+00 -3.941900e+02 -1.005900e+02 0
-9.221900e+00 5.022400e+00 4.307700e+00 -3.524500e-01 326 54 1.169200e+01 3.830000e+00 -4.081700e+02 -8.373900e+01 0
-9.161400e+00 5.290700e+00 4.206600e+00 -3.524500e-01 327 54 1.179800e+01 3.830000e+00 -3.507000e+02 -5.249600e+01 0
-9.189500e+00 5.547200e+00 3.898300e+00 -3.524500e-01 328 54 1.142900e+01 3.830000e+00 -3.103700e+02 -3.944600e+00 0
-9.128100e+00 6.042400e+00 3.373600e+00 -3.524500e-01 329 54 1.086700e+01 3.830000e+00 -2.299800e+02 7.262900e+01 0
-9.155900e+00 6.294700e+00 2.925900e+00 -3.524500e-01 330 54 1.040900e+01 3.830000e+00 -1.995400e+02 1.237600e+02 0
0 0 -1.500000e-01 -3.204100e-01 1 55 9.507000e+00 3.830000e+00 2167 -3.612800e+03 0
-3.565500e+00 2.705400e+00 -3.673400e-01 -3.204100e-01 133 55 9.863200e+00 3.830000e+00 -1.705300e+02 5.164200e+02 0
-4.223000e+00 8.317800e-01 2.463200e+00 -3.204100e-01 143 55 1.116600e+01 3.830000e+00 -2090 -9.257700e+02 0
-4.330800e+00 1.667900e+00 1.844700e+00 -3.204100e-01 144 55 1.136300e+01 3.830000e+00 -8.827200e+02 -1.448100e+02 0
-4.400300e+00 2.291000e+00 -3.340500e-01 -3.204100e-01 145 55 1.095900e+01 3.830000e+00 -5.365900e+02 5.329100e+02 0
-4.470500e+00 1.541400e+00 1.811700e+00 -3.204100e-01 146 55 1.060900e+01 3.830000e+00 -1.048900e+03 -1.697400e+02 0
-4.501300e+00 1.754700e+00 1.630100e+00 -3.204100e-01 147 55 1.072800e+01 3.830000e+00 -8.694600e+02 -5.412800e+01 0
-4.309200e+00 2.253600e+00 1.851800e+00 -3.204100e-01 150 55 1.118600e+01 3.830000e+00 -4.941000e+02 -2.350100e+01 0
-4.338100e+00 2.506500e+00 1.529700e+00 -3.204100e-01 151 55 1.150900e+01 3.830000e+00 -3.922500e+02 8.549500e+01 0
-4.284700e+00 2.715200e+00 -3.681300e-01 -3.204100e-01 152 55 1.075400e+01 3.830000e+00 -3.243900e+02 5.145800e+02 0
-6.400800e+00 2.859400e+00 -3.797100e-01 -3.204100e-01 205 55 1.098200e+01 3.830000e+00 -7.003400e+02 5.056300e+02 0
-6.600000e+00 2.502300e+00 -3.510200e-01 -3.204100e-01 206 55 1.171500e+01 3.830000e+00 -9.326300e+02 5.180100e+02 0
-6.688400e+00 2.567000e+00 -3.562200e-01 -3.204100e-01 207 55 1.159600e+01 3.830000e+00 -9.128100e+02 5.152700e+02 0
-6.325500e+00 3.441900e+00 -4.265100e-01 -3.204100e-01 208 55 1.085300e+01 3.830000e+00 -4.610200e+02 4.903300e+02 0
-6.583000e+00 2.918000e+00 -3.844200e-01 -3.204100e-01 209 55 1.184800e+01 3.830000e+00 -7.087300e+02 5.035000e+02 0
-6.614700e+00 2.981800e+00 -3.895400e-01 -3.204100e-01 210 55 1.158900e+01 3.830000e+00 -6.860900e+02 5.015600e+02 0
-7.163900e+00 2.094600e+00 -3.182700e-01 -3.204100e-01 218 55 1.108200e+01 3.830000e+00 -1.371100e+03 5.358900e+02 0
-7.078000e+00 2.587000e+00 -3.578300e-01 -3.204100e-01 219 55 1.147200e+01 3.830000e+00 -9.836300e+02 5.137100e+02 0
-6.990900e+00 2.990700e+00 -3.902500e-01 -3.204100e-01 220 55 1.127500e+01 3.830000e+00 -7.527000e+02 5.006900e+02 0
0 0 -1.500000e-01 -2.883700e-01 1 56 9.609400e+00 3.830000e+00 2167 -3.612800e+03 0
1.473300e-02 1.749100e-02 -1.514100e-01 -2.883700e-01 2 56 9.257800e+00 3.830000e+00 2.441500e+03 -4.812200e+03 0
-4.512500e+00 1.353600e+00 2.209600e+00 -2.883700e-01 150 56 1.080100e+01 3.830000e+00 -1.261600e+03 -3.869700e+02 0
-4.460900e+00 2.180900e+00 1.669100e+00 -2.883700e-01 151 56 1.114400e+01 3.830000e+00 -573 1.170900e+01 0
-4.842300e+00 1.807400e+00 -2.952000e-01 -2.883700e-01 154 56 1.026800e+01 3.830000e+00 -9.892700e+02 5.625800e+02 0
-6.583000e+00 2.718000e+00 -3.683500e-01 -2.883700e-01 209 56 1.089800e+01 3.830000e+00 -8.066700e+02 5.099700e+02 0
-6.728700e+00 2.686900e+00 -3.658500e-01 -2.883700e-01 210 56 1.088700e+01 3.830000e+00 -8.532100e+02 5.107800e+02 0
-6.875500e+00 2.496400e+00 -3.505500e-01 -2.883700e-01 211 56 1.139200e+01 3.830000e+00 -9.966900e+02 5.176500e+02 0
-6.850700e+00 2.416800e+00 -3.441500e-01 -2.883700e-01 212 56 1.136400e+01 3.830000e+00 -1.043400e+03 5.210100e+02 0
-6.589000e+00 4.438000e+00 -5.065300e-01 -2.883700e-01 231 56 1.061400e+01 3.830000e+00 -2.444300e+02 4.727900e+02 0
-3.592500e+00 7.195000e-01 -2.078000e-01 -2.883700e-01 232 56 1.065100e+01 3.830000e+00 -2.433900e+03 7.898500e+02 0
0 0 -1.500000e-01 -2.563300e-01 1 57 9.608600e+00 3.830000e+00 2167 -3.612800e+03 0
-6.946700e+00 1.929600e+00 -3.050100e-01 -2.563300e-01 208 57 1.071500e+01 3.830000e+00 -1.475300e+03 5.464300e+02 0
-6.866800e+00 2.185400e+00 -3.255700e-01 -2.563300e-01 209 57 1.090400e+01 3.830000e+00 -1.219100e+03 5.318500e+02 0
-4.947900e+00 5.972300e+00 5.898100e+00 -2.563300e-01 280 57 1.050900e+01 3.830000e+00 1.709200e+02 -1.750200e+02 0
-5.813100e+00 5.420000e+00 -5.854200e-01 -2.563300e-01 319 57 1.032600e+01 3.830000e+00 6.637800e+00 4.624100e+02 0
0 0 -1.500000e-01 -9.612300e-02 1 62 9.671000e+00 3.830000e+00 2167 -3.612800e+03 0
-6.361500e+00 2.792800e+00 -3.743600e-01 -9.612300e-02 202 62 1.054300e+01 3.830000e+00 -7.240800e+02 5.078500e+02 0
-6.338000e+00 2.930900e+00 -3.854600e-01 -9.612300e-02 203 62 1.098900e+01 3.830000e+00 -6.557700e+02 5.035300e+02 0
-6.258600e+00 3.090900e+00 -3.983100e-01 -9.612300e-02 204 62 1.063000e+01 3.830000e+00 -5.742900e+02 4.990700e+02 0
0 0 -1.500000e-01 -6.408200e-02 1 63 1.000400e+01 3.830000e+00 2167 -3.612800e+03 0
-3.301300e-02 9.409200e-03 -1.507600e-01 -6.408200e-02 2 63 9.776300e+00 3.830000e+00 2.741600e+03 -4.277800e+03 0
-6.361500e+00 2.822000e+00 -3.767000e-01 -6.408200e-02 202 63 1.026800e+01 3.830000e+00 -7.101200e+02 5.069000e+02 0
-6.227800e+00 3.183000e+00 -4.057000e-01 -6.408200e-02 203 63 1.023300e+01 3.830000e+00 -5.335900e+02 4.966700e+02 0
0 0 -1.500000e-01 -3.204100e-02 1 64 1.564000e+01 3.830000e+00 2167 -3.612800e+03 0
-7.093800e-02 1.126100e-01 -1.590500e-01 -3.204100e-02 5 64 1.424800e+01 3.830000e+00 -3.072800e+03 7.684400e+03 0
-1.585200e-01 1.860600e-01 -1.649500e-01 -3.204100e-02 8 64 1.336600e+01 3.830000e+00 -1.095300e+03 2.947100e+03 0
-1.986300e-01 1.946400e-01 -1.656400e-01 -3.204100e-02 9 64 1.287300e+01 3.830000e+00 -1.156500e+03 2.748800e+03 0
-2.480100e-01 1.855900e-01 -1.649100e-01 -3.204100e-02 10 64 1.271800e+01 3.830000e+00 -1.532800e+03 2.892100e+03 0
-2.619200e-01 2.210900e-01 -1.677600e-01 -3.204100e-02 11 64 1.223700e+01 3.830000e+00 -1.075600e+03 2.319200e+03 0
-2.851200e-01 2.350700e-01 -1.688800e-01 -3.204100e-02 12 64 1.174400e+01 3.830000e+00 -1.009200e+03 2.153900e+03 0
-3.044900e-01 2.815500e-01 -1.726200e-01 -3.204100e-02 13 64 1.087300e+01 3.830000e+00 -6.970600e+02 1.776400e+03 0
-4.220800e-01 8.868500e-02 -1.571200e-01 -3.204100e-02 14 64 1.044200e+01 3.830000e+00 -12424 10727 0
3.536000e-01 2.523300e-01 -1.702700e-01 -3.204100e-02 28 64 1.206200e+01 3.830000e+00 1.391100e+03 2.205600e+03 0
6.799100e-01 6.469400e-01 -2.019700e-01 -3.204100e-02 29 64 1.367400e+01 3.830000e+00 1.282600e+03 9.551200e+02 0
6.725500e-01 7.408600e-01 -2.095200e-01 -3.204100e-02 30 64 1.461900e+01 3.830000e+00 1.189300e+03 8.755500e+02 0
6.793700e-01 7.971600e-01 -2.140400e-01 -3.204100e-02 31 64 1.478900e+01 3.830000e+00 1.155800e+03 8.383700e+02 0
6.766400e-01 8.279900e-01 -2.165200e-01 -3.204100e-02 32 64 1.427400e+01 3.830000e+00 1.133900e+03 8.202900e+02 0
6.810000e-01 8.626100e-01 -2.193000e-01 -3.204100e-02 33 64 1.281500e+01 3.830000e+00 1.117800e+03 8.018700e+02 0
7.022900e-01 9.126600e-01 -2.233200e-01 -3.204100e-02 34 64 9.971300e+00 3.830000e+00 1.108700e+03 7.782600e+02 0
-8.212400e-01 8.851900e-01 -2.211100e-01 -3.204100e-02 36 64 1.076700e+01 3.830000e+00 -5.921800e+01 7.640300e+02 0
-8.348900e-01 8.906800e-01 -2.215500e-01 -3.204100e-02 37 64 1.132500e+01 3.830000e+00 -6.419300e+01 7.615100e+02 0
-8.580800e-01 9.013200e-01 -2.224100e-01 -3.204100e-02 38 64 1.113900e+01 3.830000e+00 -7.132800e+01 7.567700e+02 0
-8.709000e-01 9.627200e-01 -2.273400e-01 -3.204100e-02 39 64 1.012100e+01 3.830000e+00 -2.865300e+01 7.334400e+02 0
