0 0 -1.500000e-01 0 1 65 1.660400e+01 1.590000e+00 2167 -3.612800e+03 0
-7.093800e-02 1.130000e-01 -1.537600e-01 0 5 65 1.528400e+01 1.590000e+00 -3.017800e+03 7.497600e+03 0
-1.585200e-01 1.860900e-01 -1.562000e-01 0 8 65 1.444300e+01 1.590000e+00 -1.089900e+03 2893 0
-2.008100e-01 1.913700e-01 -1.563700e-01 0 9 65 1.374400e+01 1.590000e+00 -1.210100e+03 2.757200e+03 0
-2.480100e-01 1.871800e-01 -1.562300e-01 0 10 65 1.369700e+01 1.590000e+00 -1.497600e+03 2.807800e+03 0
-2.592000e-01 2.269700e-01 -1.575600e-01 0 11 65 1.319500e+01 1.590000e+00 -9.974000e+02 2.205400e+03 0
-2.851200e-01 2.357300e-01 -1.578500e-01 0 12 65 1.277500e+01 1.590000e+00 -9.984400e+02 2.102700e+03 0
-3.044900e-01 2.803800e-01 -1.593400e-01 0 13 65 1.202600e+01 1.590000e+00 -7.014800e+02 1.742900e+03 0
-3.014900e-01 3.142300e-01 -1.604700e-01 0 14 65 1.158900e+01 1.590000e+00 -5.058700e+02 1.559600e+03 0
-1.184100e-01 4.185400e-01 -1.639400e-01 0 15 65 1.138100e+01 1.590000e+00 1.655800e+02 1.228500e+03 0
3.536000e-01 3.414000e-01 -1.613700e-01 0 28 65 1.314800e+01 1.590000e+00 1.146400e+03 1.538400e+03 0
6.799100e-01 6.422300e-01 -1.713900e-01 0 29 65 1.470600e+01 1.590000e+00 1.285700e+03 9.246600e+02 0
6.804600e-01 7.314800e-01 -1.743700e-01 0 30 65 1.560900e+01 1.590000e+00 1.203100e+03 8.483900e+02 0
6.793700e-01 7.974900e-01 -1.765600e-01 0 31 65 1.574900e+01 1.590000e+00 1.154100e+03 8.044500e+02 0
6.766400e-01 8.302800e-01 -1.776600e-01 0 32 65 1.520900e+01 1.590000e+00 1.131100e+03 7.855200e+02 0
6.722700e-01 8.727200e-01 -1.790700e-01 0 33 65 1.371200e+01 1.590000e+00 1.103500e+03 7.633800e+02 0
-9.633900e-01 2.474300e-01 -1.582400e-01 0 34 65 1.112200e+01 1.590000e+00 -2.809500e+03 1.811300e+03 0
-8.534400e-01 7.588800e-01 -1.752800e-01 0 35 65 1.085400e+01 1.590000e+00 -2.186800e+02 7.944300e+02 0
-8.594400e-01 7.976700e-01 -1.765700e-01 0 36 65 1.171600e+01 1.590000e+00 -1.764800e+02 7.730500e+02 0
-8.741700e-01 7.815500e-01 -1.760300e-01 0 37 65 1.169400e+01 1.590000e+00 -2.076300e+02 7.813200e+02 0
8.076000e-01 9.975200e-01 -1.832300e-01 0 38 65 1.052900e+01 1.590000e+00 1.144400e+03 7.124100e+02 0
0 0 -1.500000e-01 3.204100e-02 1 66 1.559400e+01 1.590000e+00 2167 -3.612800e+03 0
-7.202900e-02 1.127300e-01 -1.537600e-01 3.204100e-02 5 66 1.427600e+01 1.590000e+00 -3.055100e+03 7537 0
-1.585200e-01 1.860800e-01 -1.562000e-01 3.204100e-02 8 66 1.344500e+01 1.590000e+00 -1.090100e+03 2.893300e+03 0
-2.008100e-01 1.918700e-01 -1.563900e-01 3.204100e-02 9 66 1.275800e+01 1.590000e+00 -1.202500e+03 2.747800e+03 0
-2.504700e-01 1.845400e-01 -1.561500e-01 3.204100e-02 10 66 1.271600e+01 1.590000e+00 -1.557800e+03 2.859900e+03 0
-2.619200e-01 2.249700e-01 -1.574900e-01 3.204100e-02 11 66 1.222500e+01 1.590000e+00 -1.028400e+03 2.227100e+03 0
-2.851200e-01 2.403100e-01 -1.580000e-01 3.204100e-02 12 66 1.177300e+01 1.590000e+00 -9.544300e+02 2058 0
-3.012100e-01 2.860200e-01 -1.595300e-01 3.204100e-02 13 66 1.100600e+01 1.590000e+00 -6.574200e+02 1.709100e+03 0
-1.184100e-01 4.721500e-01 -1.657300e-01 3.204100e-02 15 66 1.047000e+01 1.590000e+00 2.359700e+02 1.115700e+03 0
3.536000e-01 3.422700e-01 -1.614000e-01 3.204100e-02 28 66 1.208600e+01 1.590000e+00 1.144800e+03 1.534500e+03 0
6.799100e-01 6.418600e-01 -1.713800e-01 3.204100e-02 29 66 1.369900e+01 1.590000e+00 1.286100e+03 9.250200e+02 0
6.725500e-01 7.384500e-01 -1.746000e-01 3.204100e-02 30 66 1.462400e+01 1.590000e+00 1.189500e+03 8.431200e+02 0
6.711800e-01 8.044500e-01 -1.768000e-01 3.204100e-02 31 66 1.478000e+01 1.590000e+00 1142 8.001200e+02 0
6.766400e-01 8.316500e-01 -1.777000e-01 3.204100e-02 32 66 1.426100e+01 1.590000e+00 1.130300e+03 7.847600e+02 0
6.722700e-01 8.728500e-01 -1.790700e-01 3.204100e-02 33 66 1.284900e+01 1.590000e+00 1.103400e+03 7.633200e+02 0
-9.363800e-01 3.800300e-01 -1.626600e-01 3.204100e-02 34 66 1.035500e+01 1.590000e+00 -1.391600e+03 1.253600e+03 0
-8.627100e-01 7.499700e-01 -1.749800e-01 3.204100e-02 35 66 1.026000e+01 1.590000e+00 -2.381700e+02 7.994400e+02 0
-8.594400e-01 7.598400e-01 -1.753100e-01 3.204100e-02 36 66 1.071000e+01 1.590000e+00 -2.225300e+02 7.937400e+02 0
8.250600e-01 9.465700e-01 -1.815300e-01 3.204100e-02 37 66 1.039400e+01 1.590000e+00 1185 7.325800e+02 0
0 0 -1.500000e-01 6.408200e-02 1 67 1.019200e+01 1.590000e+00 2167 -3.612800e+03 0
-3.437800e-02 5.907100e-03 -1.502000e-01 6.408200e-02 2 67 9.571100e+00 1.590000e+00 2.649300e+03 -4034 0
6.409000e-01 7.812900e-01 -1.760200e-01 6.408200e-02 30 67 9.749200e+00 1.590000e+00 1.128500e+03 8.135700e+02 0
6.630000e-01 8.032000e-01 -1.767500e-01 6.408200e-02 31 67 1.034400e+01 1.590000e+00 1.135300e+03 8.006800e+02 0
6.766400e-01 8.302500e-01 -1.776600e-01 6.408200e-02 32 67 1.017200e+01 1.590000e+00 1.131100e+03 7.855300e+02 0
7.072000e-01 8.396000e-01 -1.779700e-01 6.408200e-02 33 67 9.507100e+00 1.590000e+00 1.152300e+03 7.810500e+02 0
7.383000e-01 8.699000e-01 -1.789800e-01 6.408200e-02 34 67 9.457300e+00 1.590000e+00 1.160600e+03 7.659700e+02 0
6.646300e-01 7.614800e-01 -1.753600e-01 9.612300e-02 30 68 9.858600e+00 1.590000e+00 1.164600e+03 8.269700e+02 0
6.711800e-01 8.020200e-01 -1.767100e-01 9.612300e-02 31 68 1.009000e+01 1.590000e+00 1.143600e+03 8.015600e+02 0
6.766400e-01 8.331100e-01 -1.777500e-01 9.612300e-02 32 68 9.958100e+00 1.590000e+00 1.129400e+03 7.839700e+02 0
-5.696900e-01 1.115100e+00 -1.871400e-01 -1.986500e+00 37 3 9.811600e+00 1.590000e+00 2.496800e+02 6.599000e+02 0
-5.956100e-01 1.139400e+00 -1.879500e-01 -1.986500e+00 38 3 1.035300e+01 1.590000e+00 2.448100e+02 6.534300e+02 0
-6.324400e-01 1.157400e+00 -1.885500e-01 -1.986500e+00 39 3 1.022700e+01 1.590000e+00 2.314100e+02 6.486800e+02 0
-6.490800e-01 1.176500e+00 -1.891900e-01 -1.986500e+00 40 3 9.591900e+00 1.590000e+00 2.301100e+02 644 0
-5.696900e-01 1.120700e+00 -1.873300e-01 -1.954500e+00 37 4 1.022200e+01 1.590000e+00 2.520300e+02 6.584300e+02 0
-5.855100e-01 1.148900e+00 -1.882700e-01 -1.954500e+00 38 4 1.095100e+01 1.590000e+00 2.544400e+02 6.511600e+02 0
-6.117000e-01 1.167200e+00 -1.888800e-01 -1.954500e+00 39 4 1.089700e+01 1.590000e+00 2.470300e+02 6.465200e+02 0
-6.384400e-01 1.182800e+00 -1.894000e-01 -1.954500e+00 40 4 1.005900e+01 1.590000e+00 2.385100e+02 6.426400e+02 0
-5.956100e-01 1.146700e+00 -1.882000e-01 -1.922500e+00 38 5 1.006700e+01 1.590000e+00 2.478000e+02 6.516200e+02 0
-6.324400e-01 1.159400e+00 -1.886200e-01 -1.922500e+00 39 5 9.976500e+00 1.590000e+00 2.322700e+02 6.481900e+02 0
-1.085400e+00 8.086400e+00 -4.193500e-01 -5.447000e-01 235 48 1.102500e+01 1.590000e+00 5.944900e+02 4.186200e+02 1
-1.154100e+00 8.114100e+00 -4.202800e-01 -5.447000e-01 236 48 1.194200e+01 1.590000e+00 5.894500e+02 4.184800e+02 1
-1.223400e+00 8.134800e+00 -4.209700e-01 -5.447000e-01 237 48 1.195200e+01 1.590000e+00 5.843100e+02 4.183600e+02 1
-1.163900e+00 8.173400e+00 -4.222500e-01 -5.447000e-01 238 48 1.119200e+01 1.590000e+00 5.894500e+02 4.182100e+02 1
-3.012100e+00 1.079100e+01 4.433600e+00 -5.447000e-01 346 48 1.111600e+01 1.590000e+00 5.062100e+02 1.347700e+02 0
-3.304100e+00 1.088400e+01 4.078200e+00 -5.447000e-01 347 48 1.170900e+01 1.590000e+00 4.913000e+02 1.560500e+02 0
-3.408300e+00 1.099100e+01 3.798600e+00 -5.447000e-01 348 48 1.206900e+01 1.590000e+00 4.874100e+02 1.730800e+02 0
-3.418100e+00 1.106800e+01 3.676700e+00 -5.447000e-01 349 48 1.205300e+01 1.590000e+00 4.882700e+02 1.808600e+02 0
-3.523200e+00 1.115400e+01 3.424100e+00 -5.447000e-01 350 48 1.178500e+01 1.590000e+00 4.840300e+02 1.956800e+02 0
-3.628700e+00 1.131400e+01 2.869200e+00 -5.447000e-01 351 48 1.135200e+01 1.590000e+00 4.811800e+02 2.271100e+02 0
-4.079500e+00 1.104600e+01 3.990000e+00 -5.447000e-01 357 48 1.071600e+01 1.590000e+00 4.510800e+02 1.641400e+02 0
-3.735200e+00 1.093500e+01 5.782500e+00 -5.447000e-01 371 48 1.063400e+01 1.590000e+00 4.680800e+02 6.619100e+01 0
-3.947700e+00 1.138100e+01 4.769700e+00 -5.447000e-01 372 48 1.114600e+01 1.590000e+00 4.652300e+02 1.295500e+02 0
-4.059800e+00 1.156500e+01 4.307300e+00 -5.447000e-01 373 48 1.113800e+01 1.590000e+00 4.628000e+02 1.566800e+02 0
-4.681400e+00 1.183900e+01 2.760400e+00 -5.447000e-01 374 48 1.072700e+01 1.590000e+00 4.356100e+02 2.387700e+02 0
-3.896700e+00 1.271800e+01 2.191100e+00 -5.447000e-01 387 48 1.188800e+01 1.590000e+00 4.912700e+02 2.736600e+02 0
-4.552000e+00 1.232800e+01 3.301100e+00 -5.447000e-01 389 48 1.211000e+01 1.590000e+00 4.522000e+02 2.175300e+02 0
-4.457600e+00 1.238400e+01 3.364800e+00 -5.447000e-01 390 48 1.208500e+01 1.590000e+00 4.579600e+02 2.150800e+02 0
-4.068300e+00 1.288100e+01 3.951300e+00 -5.447000e-01 404 48 1.164900e+01 1.590000e+00 4.855100e+02 1.935500e+02 0
2.073600e-02 2.575400e+00 -2.357800e-01 -5.126600e-01 77 49 9.889900e+00 1.590000e+00 6.554000e+02 5.001600e+02 0
-1.213000e+00 8.079000e+00 -4.191100e-01 -5.126600e-01 235 49 1.218700e+01 1.590000e+00 5.843700e+02 4.186200e+02 1
-1.218200e+00 8.110200e+00 -4.201400e-01 -5.126600e-01 236 49 1.304900e+01 1.590000e+00 5.843800e+02 4.184700e+02 1
-1.287800e+00 8.134400e+00 -4.209500e-01 -5.126600e-01 237 49 1.303000e+01 1.590000e+00 5.792900e+02 4.183500e+02 1
-1.293300e+00 8.166800e+00 -4.220300e-01 -5.126600e-01 238 49 1.225500e+01 1.590000e+00 5.793200e+02 4.182000e+02 1
-1.428600e+00 8.140600e+00 -4.211600e-01 -5.126600e-01 239 49 1.044700e+01 1.590000e+00 5.684200e+02 4.182800e+02 1
-1.108500e+00 8.268900e+00 -4.254300e-01 -5.126600e-01 240 49 1.035600e+01 1.590000e+00 5.949100e+02 4.178100e+02 1
-1.113200e+00 8.306500e+00 -4.266800e-01 -5.126600e-01 241 49 1.078900e+01 1.590000e+00 595 4.176400e+02 1
-1.183600e+00 8.326900e+00 -4.273700e-01 -5.126600e-01 242 49 1.008500e+01 1.590000e+00 5.898800e+02 4.175300e+02 1
-4.743300e+00 8.878800e+00 3.482100e+00 -5.126600e-01 306 49 1.045300e+01 1.590000e+00 3.478400e+02 1.510700e+02 0
-5.092800e+00 8.903300e+00 2.999500e+00 -5.126600e-01 307 49 1.092600e+01 1.590000e+00 3.246300e+02 1.835900e+02 0
-5.360700e+00 8.915400e+00 2.593600e+00 -5.126600e-01 308 49 1.042600e+01 1.590000e+00 3.066000e+02 2.107100e+02 0
-4.299700e+00 9.050900e+00 4.005700e+00 -5.126600e-01 310 49 1.115900e+01 1.590000e+00 3.842600e+02 1.208500e+02 0
-4.567300e+00 8.727500e+00 4.492000e+00 -5.126600e-01 311 49 1.106200e+01 1.590000e+00 3.548300e+02 8.008100e+01 0
-4.338100e+00 9.555200e+00 3.635000e+00 -5.126600e-01 319 49 1.173000e+01 1.590000e+00 3.975900e+02 1.559900e+02 0
-4.177700e+00 9.685700e+00 3.584100e+00 -5.126600e-01 320 49 1.208500e+01 1.590000e+00 4.115700e+02 1.616800e+02 0
-4.365400e+00 9.530500e+00 3.873500e+00 -5.126600e-01 321 49 1.217000e+01 1.590000e+00 3.951800e+02 1.408300e+02 0
-3.270800e+00 9.894800e+00 5.161300e+00 -5.126600e-01 334 49 1.203400e+01 1.590000e+00 4.736300e+02 7.196600e+01 0
-2.504700e+00 1.032900e+01 5.294200e+00 -5.126600e-01 341 49 1.258500e+01 1.590000e+00 5.281000e+02 7.570400e+01 0
-2.512000e+00 1.034000e+01 5.347800e+00 -5.126600e-01 342 49 1.273500e+01 1.590000e+00 5.278200e+02 7.297800e+01 0
-2.721800e+00 1.035600e+01 5.447600e+00 -5.126600e-01 345 49 1.235500e+01 1.590000e+00 5.156200e+02 6.798300e+01 0
-2.823900e+00 1.025500e+01 5.660100e+00 -5.126600e-01 346 49 1.278700e+01 1.590000e+00 5.077800e+02 5.319700e+01 0
-3.587300e+00 1.074700e+01 4.200800e+00 -5.126600e-01 347 49 1.320600e+01 1.590000e+00 4.725800e+02 1.469500e+02 0
-3.503000e+00 1.102900e+01 3.599000e+00 -5.126600e-01 348 49 1.356600e+01 1.590000e+00 4.828200e+02 1.844400e+02 0
-3.323200e+00 1.107900e+01 3.730900e+00 -5.126600e-01 349 49 1.352900e+01 1.590000e+00 4.937500e+02 1.781000e+02 0
-3.332700e+00 1.105700e+01 3.897900e+00 -5.126600e-01 350 49 1.332500e+01 1.590000e+00 4.928200e+02 1.688400e+02 0
-3.151300e+00 1.129500e+01 3.448900e+00 -5.126600e-01 351 49 1.262100e+01 1.590000e+00 5.069200e+02 1.962500e+02 0
-3.265300e+00 1.129100e+01 3.600400e+00 -5.126600e-01 353 49 1.219400e+01 1.590000e+00 5.006100e+02 1.883100e+02 0
-4.105400e+00 1.068900e+01 5.759100e+00 -5.126600e-01 368 49 1.251200e+01 1.590000e+00 4.419400e+02 6.115700e+01 0
-4.116600e+00 1.081500e+01 5.590400e+00 -5.126600e-01 369 49 1.267400e+01 1.590000e+00 4.441400e+02 7.363100e+01 0
-4.027100e+00 1.095500e+01 5.463000e+00 -5.126600e-01 370 49 1.271600e+01 1.590000e+00 4.521900e+02 8.388100e+01 0
-3.634200e+00 1.113400e+01 5.458900e+00 -5.126600e-01 371 49 1.239900e+01 1.590000e+00 4.775200e+02 8.815000e+01 0
-3.745300e+00 1.156000e+01 4.495700e+00 -5.126600e-01 372 49 1.222600e+01 1.590000e+00 4.794100e+02 1.468400e+02 0
-4.284400e+00 1.210000e+01 3.761700e+00 -5.126600e-01 384 49 1.315000e+01 1.590000e+00 4.613600e+02 1.922400e+02 0
-5.252100e+00 1.177300e+01 3.819900e+00 -5.126600e-01 386 49 1.298000e+01 1.590000e+00 4.047200e+02 1.851500e+02 0
-4.949800e+00 1.212200e+01 3.204000e+00 -5.126600e-01 387 49 1.331300e+01 1.590000e+00 4.280100e+02 220 0
-4.434700e+00 1.230100e+01 3.419200e+00 -5.126600e-01 388 49 1.331300e+01 1.590000e+00 4.575400e+02 2.114800e+02 0
-4.446200e+00 1.239300e+01 3.202100e+00 -5.126600e-01 389 49 1.369900e+01 1.590000e+00 4.586800e+02 2.229600e+02 0
-4.351500e+00 1.248400e+01 3.127800e+00 -5.126600e-01 390 49 1.345900e+01 1.590000e+00 4.650200e+02 2.274500e+02 0
0 0 -1.500000e-01 -4.806200e-01 1 50 9.362200e+00 1.590000e+00 2167 -3.612800e+03 0
0 2.599000e+00 -2.365700e-01 -4.806200e-01 77 50 1.033700e+01 1.590000e+00 6.505600e+02 4.990100e+02 0
-2.100900e-02 2.636300e+00 -2.378100e-01 -4.806200e-01 78 50 1.021800e+01 1.590000e+00 6.459900e+02 4.972700e+02 0
-1.340700e+00 8.061300e+00 -4.185200e-01 -4.806200e-01 235 50 1.134300e+01 1.590000e+00 5.740900e+02 4.186600e+02 1
-1.282300e+00 8.102900e+00 -4.199000e-01 -4.806200e-01 236 50 1.214200e+01 1.590000e+00 5.792700e+02 4.184900e+02 1
-1.352200e+00 8.127100e+00 -4.207100e-01 -4.806200e-01 237 50 1.210000e+01 1.590000e+00 5.741700e+02 4.183600e+02 1
-1.357900e+00 8.158900e+00 -4.217700e-01 -4.806200e-01 238 50 1.135400e+01 1.590000e+00 5.741900e+02 4.182200e+02 1
-1.428600e+00 8.124200e+00 -4.206100e-01 -4.806200e-01 239 50 1.005700e+01 1.590000e+00 5.681700e+02 4.183500e+02 1
-5.377600e+00 7.273500e+00 2.662400e+00 -4.806200e-01 271 50 1.129900e+01 1.590000e+00 2.205700e+02 1.721200e+02 0
-5.397600e+00 7.368300e+00 2.478900e+00 -4.806200e-01 272 50 1.189100e+01 1.590000e+00 2.245900e+02 1.890300e+02 0
-5.417500e+00 7.541500e+00 2.002600e+00 -4.806200e-01 273 50 1.179800e+01 1.590000e+00 2.328200e+02 2.299500e+02 0
-5.437400e+00 7.718400e+00 -4.070900e-01 -4.806200e-01 274 50 1.071400e+01 1.590000e+00 2.384400e+02 4.190100e+02 0
-5.382600e+00 7.597900e+00 2.205900e+00 -4.806200e-01 275 50 1.144900e+01 1.590000e+00 2.391900e+02 2.151600e+02 0
-5.402200e+00 7.718000e+00 1.866400e+00 -4.806200e-01 276 50 1.150600e+01 1.590000e+00 2.441100e+02 2.432700e+02 0
-5.945400e+00 7.612900e+00 2.091600e+00 -4.806200e-01 284 50 1.152800e+01 1.590000e+00 1.954200e+02 2.245600e+02 0
-5.935300e+00 8.371300e+00 1.732500e+00 -4.806200e-01 299 50 1.164000e+01 1.590000e+00 2.396800e+02 2.619500e+02 0
-5.792100e+00 8.341700e+00 2.430000e+00 -4.806200e-01 300 50 1.181800e+01 1.590000e+00 2.492900e+02 2.123300e+02 0
-5.658700e+00 8.690600e+00 2.431100e+00 -4.806200e-01 306 50 1.246000e+01 1.590000e+00 2.759400e+02 2.180400e+02 0
-5.593700e+00 8.780300e+00 2.412000e+00 -4.806200e-01 307 50 1.287200e+01 1.590000e+00 2.845600e+02 2.207200e+02 0
-5.695800e+00 8.782300e+00 2.319100e+00 -4.806200e-01 308 50 1.247500e+01 1.590000e+00 2.775300e+02 2.270200e+02 0
-4.721200e+00 8.881700e+00 3.908800e+00 -4.806200e-01 310 50 1.229100e+01 1.590000e+00 3.497100e+02 1.230900e+02 0
-4.714600e+00 9.293100e+00 4.037500e+00 -4.806200e-01 321 50 1.280300e+01 1.590000e+00 3.650100e+02 1.253000e+02 0
-5.254900e+00 8.815200e+00 4.511200e+00 -4.806200e-01 322 50 1.256800e+01 1.590000e+00 3.111000e+02 8.221100e+01 0
-4.318200e+00 9.478500e+00 4.330600e+00 -4.806200e-01 324 50 1.264000e+01 1.590000e+00 3.967800e+02 1.114700e+02 0
-4.381800e+00 1.016700e+01 6.317400e+00 -4.806200e-01 366 50 1.336500e+01 1.590000e+00 4.131000e+02 1.484000e+01 0
-4.094200e+00 1.004100e+01 6.766400e+00 -4.806200e-01 367 50 1.332800e+01 1.590000e+00 4.271100e+02 -1.533700e+01 0
-4.105400e+00 1.015300e+01 6.657800e+00 -4.806200e-01 368 50 1.326000e+01 1.590000e+00 4.292600e+02 -5.175800e+00 0
-4.417800e+00 1.049400e+01 5.961300e+00 -4.806200e-01 369 50 1.322600e+01 1.590000e+00 4.193700e+02 4.487100e+01 0
-4.530500e+00 1.091900e+01 5.129600e+00 -4.806200e-01 370 50 1.291700e+01 1.590000e+00 4.233000e+02 1.011500e+02 0
-7.135000e+00 1.063300e+01 3.348400e+00 -4.806200e-01 380 50 1.391200e+01 1.590000e+00 2.670800e+02 1.936100e+02 0
-5.002800e+00 1.147000e+01 4.625200e+00 -4.806200e-01 383 50 1.331000e+01 1.590000e+00 4.107300e+02 1.393100e+02 0
-5.015900e+00 1.158200e+01 4.427800e+00 -4.806200e-01 384 50 1.340800e+01 1.590000e+00 4.126700e+02 1.513900e+02 0
-6.108300e+00 1.180000e+01 2.275900e+00 -4.806200e-01 387 50 1.322300e+01 1.590000e+00 3.605000e+02 2.631200e+02 0
-5.616100e+00 6.557100e+00 -3.684100e-01 -4.485700e-01 249 51 1.034200e+01 1.590000e+00 1.425800e+02 4.253700e+02 0
-5.910500e+00 6.316400e+00 -3.604000e-01 -4.485700e-01 250 51 1.015800e+01 1.590000e+00 9.379900e+01 4.268700e+02 0
-5.821000e+00 6.403600e+00 -3.633000e-01 -4.485700e-01 252 51 1.054600e+01 1.590000e+00 1.102500e+02 4.263000e+02 0
-5.706700e+00 6.449900e+00 1.812200e+00 -4.485700e-01 253 51 1.089300e+01 1.590000e+00 1.300100e+02 2.257500e+02 0
-5.729300e+00 6.521000e+00 1.649100e+00 -4.485700e-01 254 51 1.058300e+01 1.590000e+00 1.335300e+02 2.418600e+02 0
-5.682700e+00 6.596900e+00 1.695300e+00 -4.485700e-01 255 51 1.092300e+01 1.590000e+00 1.441200e+02 2.390600e+02 0
-5.705000e+00 6.446300e+00 2.281400e+00 -4.485700e-01 256 51 1.090400e+01 1.590000e+00 1.309000e+02 1.832100e+02 0
-5.451300e+00 7.262800e+00 2.539100e+00 -4.485700e-01 271 51 1.183700e+01 1.590000e+00 2.136300e+02 1.818000e+02 0
-5.545400e+00 7.282300e+00 2.405700e+00 -4.485700e-01 272 51 1.256300e+01 1.590000e+00 2.069200e+02 1.930300e+02 0
-5.565900e+00 7.382600e+00 2.179700e+00 -4.485700e-01 273 51 1.262200e+01 1.590000e+00 2.113300e+02 2.131800e+02 0
-5.511900e+00 7.597300e+00 1.672800e+00 -4.485700e-01 274 51 1.199600e+01 1.590000e+00 2.281800e+02 2.565100e+02 0
-5.457300e+00 7.740300e+00 -4.078200e-01 -4.485700e-01 275 51 1.237600e+01 1.590000e+00 2.381400e+02 4.189000e+02 0
-5.627300e+00 7.711700e+00 -4.068700e-01 -4.485700e-01 276 51 1.249500e+01 1.590000e+00 2.230100e+02 4.189800e+02 0
-6.409000e+00 7.692300e+00 1.524800e+00 -4.485700e-01 291 51 1.287800e+01 1.590000e+00 1.633300e+02 2.694300e+02 0
-6.074700e+00 8.660500e+00 -4.384800e-01 -4.485700e-01 306 51 1.307600e+01 1.590000e+00 2.422800e+02 4.148800e+02 0
-6.094700e+00 8.685500e+00 -4.393100e-01 -4.485700e-01 307 51 1.319500e+01 1.590000e+00 2.421500e+02 4.147800e+02 0
-6.365900e+00 8.402600e+00 1.954900e+00 -4.485700e-01 308 51 1.279500e+01 1.590000e+00 2.107000e+02 2.468700e+02 0
-6.466300e+00 8.645000e+00 2.288800e+00 -4.485700e-01 317 51 1.319800e+01 1.590000e+00 2.173100e+02 2.273400e+02 0
-5.222100e+00 8.006400e+00 7.505400e+00 -4.485700e-01 349 51 1.250000e+01 1.590000e+00 2.793800e+02 -1.567200e+02 0
-5.427600e+00 8.497000e+00 6.848000e+00 -4.485700e-01 350 51 1.305900e+01 1.590000e+00 2.872600e+02 -8.439400e+01 0
-5.538600e+00 8.125500e+00 7.259900e+00 -4.485700e-01 351 51 1.284000e+01 1.590000e+00 2.619400e+02 -1.320200e+02 0
-4.282200e+00 9.619200e+00 7.184600e+00 -4.485700e-01 366 51 1.284500e+01 1.590000e+00 4.042100e+02 -5.583800e+01 0
-4.194100e+00 9.449400e+00 7.516400e+00 -4.485700e-01 367 51 1.279400e+01 1.590000e+00 4.049200e+02 -8.310200e+01 0
-4.405800e+00 9.383600e+00 7.537200e+00 -4.485700e-01 368 51 1.265700e+01 1.590000e+00 3.894700e+02 -8.703600e+01 0
-4.719000e+00 9.753700e+00 6.911100e+00 -4.485700e-01 369 51 1.235500e+01 1.590000e+00 3.810400e+02 -3.376400e+01 0
-6.497400e+00 1.098500e+01 3.372100e+00 -4.485700e-01 379 51 1.307100e+01 1.590000e+00 3.154600e+02 1.973000e+02 0
-6.824800e+00 1.093900e+01 2.991700e+00 -4.485700e-01 380 51 1.363700e+01 1.590000e+00 2.955300e+02 2.171600e+02 0
-7.050100e+00 1.088500e+01 2.817500e+00 -4.485700e-01 381 51 1.303200e+01 1.590000e+00 2.809500e+02 2.259500e+02 0
-5.925200e+00 1.100100e+01 4.573600e+00 -4.485700e-01 382 51 1.233400e+01 1.590000e+00 3.481200e+02 1.333900e+02 0
-5.628100e+00 1.126900e+01 4.395400e+00 -4.485700e-01 383 51 1.254400e+01 1.590000e+00 3.720100e+02 1.477200e+02 0
-5.433800e+00 1.122000e+01 4.847100e+00 -4.485700e-01 384 51 1.252800e+01 1.590000e+00 3.813300e+02 1.232200e+02 0
-5.548400e+00 6.570400e+00 -3.688600e-01 -4.165300e-01 249 52 1.042000e+01 1.590000e+00 1.499300e+02 4.253100e+02 0
-5.842600e+00 6.313300e+00 -3.602900e-01 -4.165300e-01 250 52 1.027800e+01 1.590000e+00 100 4.269200e+02 0
-6.070700e+00 6.057000e+00 1.639400e+00 -4.165300e-01 251 52 1.019100e+01 1.590000e+00 5.847100e+01 2.341000e+02 0
-5.889500e+00 6.188900e+00 1.961900e+00 -4.165300e-01 252 52 1.064900e+01 1.590000e+00 8.981200e+01 2.062100e+02 0
-5.775400e+00 6.257500e+00 2.222600e+00 -4.165300e-01 253 52 1.089700e+01 1.590000e+00 1.076800e+02 1.835300e+02 0
-5.798400e+00 6.316900e+00 2.131600e+00 -4.165300e-01 254 52 1.062200e+01 1.590000e+00 1.106300e+02 1.935400e+02 0
-5.821300e+00 6.319300e+00 2.205800e+00 -4.165300e-01 255 52 1.104000e+01 1.590000e+00 1.088600e+02 1.868000e+02 0
-6.651800e+00 6.277400e+00 -3.591000e-01 -4.165300e-01 266 52 1.209400e+01 1.590000e+00 1.919100e+01 4.268300e+02 0
-6.531700e+00 6.436700e+00 -3.644000e-01 -4.165300e-01 267 52 1.226000e+01 1.590000e+00 4.669200e+01 4.258000e+02 0
-6.410600e+00 6.624700e+00 -3.706600e-01 -4.165300e-01 268 52 1.191400e+01 1.590000e+00 7.565300e+01 4.246300e+02 0
-6.242000e+00 7.257400e+00 1.818100e+00 -4.165300e-01 280 52 1.279800e+01 1.590000e+00 1.468000e+02 2.402600e+02 0
-6.417200e+00 7.228500e+00 -3.907800e-01 -4.165300e-01 281 52 1.261000e+01 1.590000e+00 1.257500e+02 4.211400e+02 0
-6.586300e+00 7.365500e+00 -3.953400e-01 -4.165300e-01 285 52 1.294100e+01 1.590000e+00 1.222300e+02 4.203700e+02 0
-6.544600e+00 7.353200e+00 2.228200e+00 -4.165300e-01 290 52 1.319000e+01 1.590000e+00 1.299200e+02 2.093400e+02 0
-6.646300e+00 7.406600e+00 1.881500e+00 -4.165300e-01 291 52 1.333400e+01 1.590000e+00 1.249900e+02 2.378100e+02 0
-6.990100e+00 7.975200e+00 -4.156500e-01 -4.165300e-01 306 52 1.254900e+01 1.590000e+00 1.344800e+02 4.173800e+02 0
-7.263500e+00 7.640800e+00 1.749800e+00 -4.165300e-01 307 52 1.311600e+01 1.590000e+00 9.347700e+01 2.518600e+02 0
-7.203500e+00 7.498300e+00 2.614300e+00 -4.165300e-01 308 52 1.282000e+01 1.590000e+00 8.905400e+01 1.826800e+02 0
-5.618000e+00 6.344800e+00 8.759800e+00 -4.165300e-01 350 52 1.230500e+01 1.590000e+00 1.444000e+02 -3.894700e+02 0
-5.538600e+00 7.225200e+00 8.156300e+00 -4.165300e-01 351 52 1.222200e+01 1.590000e+00 2.125000e+02 -2.584100e+02 0
-6.934500e+00 8.780100e+00 5.176900e+00 -4.165300e-01 354 52 1.228500e+01 1.590000e+00 1.962400e+02 3.937800e+01 0
-7.147300e+00 9.001100e+00 4.553700e+00 -4.165300e-01 355 52 1.221000e+01 1.590000e+00 1.931400e+02 8.683800e+01 0
-8.322700e+00 8.929400e+00 4.447100e+00 -4.165300e-01 373 52 1.190500e+01 1.590000e+00 1.113400e+02 9.264300e+01 0
-8.548600e+00 8.986600e+00 3.981200e+00 -4.165300e-01 374 52 1.230100e+01 1.590000e+00 9.929300e+01 1.242000e+02 0
-8.775600e+00 9.021000e+00 3.494100e+00 -4.165300e-01 375 52 1.183100e+01 1.590000e+00 8.578400e+01 1.563000e+02 0
-5.646700e+00 5.454800e+00 1.147000e+01 -4.165300e-01 399 52 1.120700e+01 1.590000e+00 6.726200e+01 -7.576400e+02 0
-7.011900e+00 5.473700e+00 -3.323300e-01 -3.844900e-01 258 53 1.103000e+01 1.590000e+00 -1.161800e+02 4.330400e+02 0
-7.109600e+00 5.447100e+00 -3.314400e-01 -3.844900e-01 259 53 1.098900e+01 1.590000e+00 -1.306100e+02 4.332300e+02 0
-7.103900e+00 5.822000e+00 -3.439300e-01 -3.844900e-01 264 53 1.161500e+01 1.590000e+00 -7.839700e+01 4.300300e+02 0
-7.130900e+00 5.835000e+00 -3.443600e-01 -3.844900e-01 265 53 1.231300e+01 1.590000e+00 -7.946900e+01 4.299100e+02 0
-7.085600e+00 5.865900e+00 -3.453900e-01 -3.844900e-01 266 53 1.245400e+01 1.590000e+00 -7.092600e+01 4.296900e+02 0
-6.894600e+00 6.048200e+00 -3.514600e-01 -3.844900e-01 267 53 1.198300e+01 1.590000e+00 -2.969500e+01 4.283800e+02 0
-7.150500e+00 6.144400e+00 -3.546700e-01 -3.844900e-01 274 53 1.262500e+01 1.590000e+00 -4.345200e+01 4.275600e+02 0
-7.326300e+00 6.058400e+00 -3.518000e-01 -3.844900e-01 275 53 1.268800e+01 1.590000e+00 -7.085400e+01 4.281100e+02 0
-7.428000e+00 5.895300e+00 1.518200e+00 -3.844900e-01 276 53 1.271000e+01 1.590000e+00 -9.412500e+01 2.434900e+02 0
-7.530300e+00 5.534500e+00 2.360200e+00 -3.844900e-01 277 53 1.254700e+01 1.590000e+00 -1.501200e+02 1.488100e+02 0
-7.274700e+00 7.129400e+00 -3.874800e-01 -3.844900e-01 294 53 1.208500e+01 1.590000e+00 4.563700e+01 4.213800e+02 0
-7.379700e+00 6.980300e+00 -3.825100e-01 -3.844900e-01 295 53 1.230700e+01 1.590000e+00 2.312100e+01 4.221600e+02 0
-7.485300e+00 6.806000e+00 1.946100e+00 -3.844900e-01 296 53 1.242000e+01 1.590000e+00 3.842800e+00 2.222000e+02 0
-7.510700e+00 6.774300e+00 2.135100e+00 -3.844900e-01 297 53 1.246500e+01 1.590000e+00 -9.222400e-01 2.054100e+02 0
-7.455000e+00 6.943800e+00 1.946400e+00 -3.844900e-01 298 53 1.202700e+01 1.590000e+00 1.959700e+01 2.248200e+02 0
-7.323000e+00 7.655300e+00 -4.049900e-01 -3.844900e-01 306 53 1.150900e+01 1.590000e+00 8.539600e+01 4.187300e+02 0
-7.430500e+00 7.421700e+00 1.977000e+00 -3.844900e-01 307 53 1.206100e+01 1.590000e+00 6.351700e+01 2.309300e+02 0
-7.371000e+00 7.191600e+00 2.983100e+00 -3.844900e-01 308 53 1.157000e+01 1.590000e+00 5.142000e+01 1.458900e+02 0
-6.851000e+00 7.604000e+00 3.528500e+00 -3.844900e-01 311 53 1.112100e+01 1.590000e+00 1.263900e+02 1.153600e+02 0
-7.127600e+00 7.344800e+00 3.635300e+00 -3.844900e-01 312 53 1.133900e+01 1.590000e+00 8.523500e+01 9.897300e+01 0
-7.683100e+00 7.603300e+00 5.854700e+00 -3.844900e-01 353 53 1.155000e+01 1.590000e+00 6.698700e+01 -5.703700e+01 0
-7.897600e+00 7.617200e+00 5.620000e+00 -3.844900e-01 354 53 1.157800e+01 1.590000e+00 5.122000e+01 -3.872200e+01 0
-8.039200e+00 7.331800e+00 5.943100e+00 -3.844900e-01 356 53 1.172000e+01 1.590000e+00 1.729100e+01 -7.774000e+01 0
-8.450300e+00 7.364900e+00 5.377900e+00 -3.844900e-01 357 53 1.178500e+01 1.590000e+00 -1.347800e+01 -3.238900e+01 0
-9.438000e+00 6.314600e+00 6.593700e+00 -3.844900e-01 377 53 1.180500e+01 1.590000e+00 -2.064100e+02 -1.963200e+02 0
-9.360300e+00 7.265400e+00 5.739800e+00 -3.844900e-01 378 53 1.186300e+01 1.590000e+00 -9.323300e+01 -6.360300e+01 0
-1.009100e+01 8.765300e+00 4.295000e+00 -3.844900e-01 403 53 1.166000e+01 1.590000e+00 -1.722500e+01 9.934800e+01 0
-1.000600e+01 8.361400e+00 5.296300e+00 -3.844900e-01 404 53 1.144000e+01 1.590000e+00 -4.140800e+01 1.966200e+01 0
0 0 -1.500000e-01 -3.524500e-01 1 54 9.259900e+00 1.590000e+00 2167 -3.612800e+03 0
-6.760900e+00 4.279600e+00 1.975800e+00 -3.524500e-01 237 54 1.026000e+01 1.590000e+00 -2.833500e+02 1.395800e+02 0
-6.854200e+00 4.200500e+00 1.970100e+00 -3.524500e-01 238 54 1.039200e+01 1.590000e+00 -3.134000e+02 1.365400e+02 0
-6.818200e+00 3.836100e+00 2.807300e+00 -3.524500e-01 239 54 1.027600e+01 1.590000e+00 -3.904300e+02 -5.423000e+00 0
-6.716500e+00 4.383200e+00 2.311600e+00 -3.524500e-01 240 54 1.061200e+01 1.590000e+00 -2.534200e+02 1.010600e+02 0
-7.219300e+00 4.969000e+00 -3.155100e-01 -3.524500e-01 253 54 1.144300e+01 1.590000e+00 -2.203000e+02 4.379300e+02 0
-7.317000e+00 4.937300e+00 -3.144600e-01 -3.524500e-01 254 54 1.147800e+01 1.590000e+00 -2.375300e+02 4.382200e+02 0
-7.403700e+00 4.789900e+00 -3.095500e-01 -3.524500e-01 257 54 1.132200e+01 1.590000e+00 -2.757500e+02 4.398300e+02 0
-7.222300e+00 5.219500e+00 -3.238600e-01 -3.524500e-01 258 54 1.176400e+01 1.590000e+00 -1.781400e+02 4.353300e+02 0
-7.180000e+00 5.322600e+00 -3.272900e-01 -3.524500e-01 259 54 1.168200e+01 1.590000e+00 -1.571000e+02 4.343500e+02 0
-7.462700e+00 5.270900e+00 -3.255700e-01 -3.524500e-01 264 54 1.215900e+01 1.590000e+00 -1.966600e+02 4.347000e+02 0
-7.503100e+00 5.505300e+00 2.372900e+00 -3.524500e-01 276 54 1.216500e+01 1.590000e+00 -1.514600e+02 1.463800e+02 0
-7.605600e+00 5.297900e+00 2.644500e+00 -3.524500e-01 277 54 1.270600e+01 1.590000e+00 -1.925800e+02 1.094100e+02 0
-7.784300e+00 5.162500e+00 2.516700e+00 -3.524500e-01 278 54 1.188500e+01 1.590000e+00 -2.349900e+02 1.174100e+02 0
-7.486700e+00 5.842300e+00 2.331600e+00 -3.524500e-01 281 54 1.168800e+01 1.590000e+00 -1.035300e+02 1.622700e+02 0
-7.666800e+00 5.695500e+00 2.255200e+00 -3.524500e-01 282 54 1.185900e+01 1.590000e+00 -1.417100e+02 1.652300e+02 0
-7.387100e+00 6.146000e+00 2.592800e+00 -3.524500e-01 286 54 1.102200e+01 1.590000e+00 -5.551500e+01 1.472100e+02 0
-7.569100e+00 5.520300e+00 3.463600e+00 -3.524500e-01 287 54 1.085700e+01 1.590000e+00 -1.511400e+02 3.521200e+01 0
-7.830500e+00 4.779300e+00 4.037600e+00 -3.524500e-01 288 54 1.097800e+01 1.590000e+00 -3.005800e+02 -7.770200e+01 0
-7.622000e+00 5.319400e+00 3.843200e+00 -3.524500e-01 289 54 1.086900e+01 1.590000e+00 -1.849300e+02 -1.611900e+01 0
-8.475400e+00 5.960200e+00 6.679800e+00 -3.524500e-01 354 54 1.071200e+01 1.590000e+00 -1.653500e+02 -2.374500e+02 0
-9.382900e+00 6.358200e+00 5.600000e+00 -3.524500e-01 363 54 1.151500e+01 1.590000e+00 -2.000400e+02 -1.078900e+02 0
-9.564300e+00 6.653900e+00 5.506000e+00 -3.524500e-01 370 54 1.223000e+01 1.590000e+00 -1.787800e+02 -8.029600e+01 0
-9.691200e+00 6.446700e+00 5.611500e+00 -3.524500e-01 371 54 1.229400e+01 1.590000e+00 -2.154500e+02 -1.022000e+02 0
-9.818600e+00 6.563500e+00 5.327900e+00 -3.524500e-01 372 54 1.193700e+01 1.590000e+00 -2.124900e+02 -7.053100e+01 0
-1.050300e+01 8.520900e+00 3.632600e+00 -3.524500e-01 402 54 1.130300e+01 1.590000e+00 -6.628300e+01 1.367800e+02 0
-1.031000e+01 8.463900e+00 4.377700e+00 -3.524500e-01 403 54 1.174600e+01 1.590000e+00 -5.602400e+01 8.515300e+01 0
-1.022600e+01 8.142700e+00 5.216500e+00 -3.524500e-01 404 54 1.159600e+01 1.590000e+00 -7.573900e+01 1.677400e+01 0
-4.328600e+00 3.380600e+00 1.962000e+00 -3.204100e-01 168 55 1.017400e+01 1.590000e+00 -1.181400e+02 8.074200e+01 0
-4.492000e+00 2.945600e+00 2.359700e+00 -3.204100e-01 169 55 1.082400e+01 1.590000e+00 -2.594700e+02 -3.378600e+01 0
-4.611000e+00 2.722100e+00 2.482600e+00 -3.204100e-01 170 55 1.080300e+01 1.590000e+00 -3.558400e+02 -8.859800e+01 0
-4.444300e+00 3.943900e+00 1.942300e+00 -3.204100e-01 180 55 1.089000e+01 1.590000e+00 -2.406600e+01 1.224100e+02 0
-6.954100e+00 3.907700e+00 2.073400e+00 -3.204100e-01 237 55 1.093000e+01 1.590000e+00 -3.978100e+02 1.059800e+02 0
-6.983600e+00 4.044900e+00 1.837000e+00 -3.204100e-01 238 55 1.087600e+01 1.590000e+00 -3.690800e+02 1.471900e+02 0
-7.122200e+00 4.982600e+00 -3.159700e-01 -3.204100e-01 252 55 1.149800e+01 1.590000e+00 -2.064700e+02 4.378400e+02 0
-7.150500e+00 5.063200e+00 -3.186500e-01 -3.204100e-01 253 55 1.183200e+01 1.590000e+00 -1.958800e+02 4.369600e+02 0
-7.109900e+00 5.205900e+00 -3.234000e-01 -3.204100e-01 254 55 1.153600e+01 1.590000e+00 -1.676600e+02 4.355300e+02 0
-7.349200e+00 4.560700e+00 2.646500e+00 -3.204100e-01 260 55 1.200700e+01 1.590000e+00 -2.952300e+02 7.038800e+01 0
-7.863200e+00 4.282300e+00 1.884900e+00 -3.204100e-01 263 55 1.232800e+01 1.590000e+00 -4.289300e+02 1.533400e+02 0
-7.606200e+00 4.539200e+00 2.429500e+00 -3.204100e-01 264 55 1.259400e+01 1.590000e+00 -3.331100e+02 9.640300e+01 0
-7.491000e+00 4.842000e+00 2.333100e+00 -3.204100e-01 265 55 1.258600e+01 1.590000e+00 -2.596200e+02 1.231500e+02 0
-7.458300e+00 4.447300e+00 3.492000e+00 -3.204100e-01 269 55 1.182000e+01 1.590000e+00 -3.266000e+02 -4.191500e+01 0
-7.743400e+00 5.436100e+00 2.606100e+00 -3.204100e-01 282 55 1.140400e+01 1.590000e+00 -1.859500e+02 1.196800e+02 0
-7.875700e+00 5.213100e+00 2.911300e+00 -3.204100e-01 284 55 1.095200e+01 1.590000e+00 -2.343000e+02 7.708200e+01 0
-7.748600e+00 4.986200e+00 3.669900e+00 -3.204100e-01 285 55 1.117600e+01 1.590000e+00 -2.550900e+02 -2.017300e+01 0
-8.009200e+00 4.237600e+00 4.118400e+00 -3.204100e-01 286 55 1.041500e+01 1.590000e+00 -4.400300e+02 -1.391100e+02 0
-7.517200e+00 6.418800e+00 1.658300e+00 -3.204100e-01 288 55 1.073300e+01 1.590000e+00 -3.996000e+01 2.401300e+02 0
-7.700600e+00 5.965100e+00 2.506000e+00 -3.204100e-01 289 55 1.071100e+01 1.590000e+00 -1.079700e+02 1.496600e+02 0
-9.794900e+00 6.169800e+00 4.814700e+00 -3.204100e-01 360 55 1.082700e+01 1.590000e+00 -2.663600e+02 -5.054200e+01 0
-9.136800e+00 7.646200e+00 4.818900e+00 -3.204100e-01 369 55 1.150200e+01 1.590000e+00 -4.216800e+01 2.333200e+01 0
-9.463700e+00 6.833900e+00 5.459200e+00 -3.204100e-01 370 55 1.178500e+01 1.590000e+00 -1.491600e+02 -6.583500e+01 0
-9.691200e+00 6.409200e+00 5.654200e+00 -3.204100e-01 371 55 1.173600e+01 1.590000e+00 -2.202000e+02 -1.083700e+02 0
-1.031000e+01 8.493600e+00 4.319700e+00 -3.204100e-01 403 55 1.043000e+01 1.590000e+00 -5.368300e+01 8.993800e+01 0
-1.022600e+01 7.360400e+00 6.272100e+00 -3.204100e-01 404 55 1.060700e+01 1.590000e+00 -1.487400e+02 -9.680800e+01 0
-4.510800e+00 3.213800e+00 1.827100e+00 -2.883700e-01 168 56 1.101400e+01 1.590000e+00 -1.920600e+02 9.120100e+01 0
-4.583700e+00 2.943500e+00 2.179200e+00 -2.883700e-01 169 56 1.174500e+01 1.590000e+00 -2.796400e+02 5.634000e-01 0
-4.611000e+00 2.707500e+00 2.498400e+00 -2.883700e-01 170 56 1.176100e+01 1.590000e+00 -3.609000e+02 -9.406700e+01 0
-4.591900e+00 3.068900e+00 2.178000e+00 -2.883700e-01 171 56 1.094800e+01 1.590000e+00 -2.435600e+02 1.476500e+01 0
-4.572200e+00 3.343300e+00 1.892200e+00 -2.883700e-01 172 56 1.094000e+01 1.590000e+00 -1.694200e+02 9.026300e+01 0
-4.505100e+00 3.074500e+00 2.516600e+00 -2.883700e-01 173 56 1.087500e+01 1.590000e+00 -2.227600e+02 -4.657600e+01 0
-7.558200e+00 3.640100e+00 -2.712500e-01 -2.883700e-01 244 56 1.112600e+01 1.590000e+00 -5.919900e+02 4.570800e+02 0
-7.456100e+00 3.949900e+00 -2.815700e-01 -2.883700e-01 245 56 1.109200e+01 1.590000e+00 -4.807800e+02 4.515400e+02 0
-8.331700e+00 3.576400e+00 -2.691300e-01 -2.883700e-01 262 56 1.216000e+01 1.590000e+00 -7.347800e+02 4.575900e+02 0
-8.292100e+00 3.672000e+00 -2.723100e-01 -2.883700e-01 263 56 1.207100e+01 1.590000e+00 -6.935400e+02 4.557700e+02 0
-7.563100e+00 4.720300e+00 2.350000e+00 -2.883700e-01 265 56 1.220500e+01 1.590000e+00 -2.913600e+02 1.154200e+02 0
-7.591700e+00 4.833400e+00 2.157000e+00 -2.883700e-01 266 56 1.164800e+01 1.590000e+00 -2.741600e+02 1.435300e+02 0
-7.940400e+00 2.452600e+00 4.228600e+00 -2.883700e-01 268 56 1.136600e+01 1.590000e+00 -1.138900e+03 -4.783300e+02 0
-7.531400e+00 3.665300e+00 4.176400e+00 -2.883700e-01 269 56 1.176200e+01 1.590000e+00 -5.297700e+02 -2.206900e+02 0
-6.972400e+00 4.122600e+00 4.758600e+00 -2.883700e-01 270 56 1.148200e+01 1.590000e+00 -3.257600e+02 -2.394900e+02 0
-7.953000e+00 4.652500e+00 3.575400e+00 -2.883700e-01 284 56 1.089200e+01 1.590000e+00 -3.435500e+02 -3.394400e+01 0
-8.058600e+00 4.388400e+00 3.764600e+00 -2.883700e-01 285 56 1.115900e+01 1.590000e+00 -4.131400e+02 -7.925400e+01 0
-8.475700e+00 4.112000e+00 3.212300e+00 -2.883700e-01 286 56 1.112400e+01 1.590000e+00 -5.421700e+02 -3.218700e+01 0
-8.242400e+00 6.738100e+00 3.161400e+00 -2.883700e-01 319 56 1.077600e+01 1.590000e+00 -6.467000e+01 1.177800e+02 0
-8.181300e+00 6.848800e+00 3.205000e+00 -2.883700e-01 320 56 1.044700e+01 1.590000e+00 -4.769000e+01 1.178400e+02 0
-4.583700e+00 3.117400e+00 1.922200e+00 -2.563300e-01 169 57 1.048600e+01 1.590000e+00 -2.306300e+02 6.615700e+01 0
-4.611000e+00 2.762800e+00 2.437300e+00 -2.563300e-01 170 57 1.058200e+01 1.590000e+00 -3.419200e+02 -7.332200e+01 0
-4.545500e+00 3.386600e+00 1.765600e+00 -2.563300e-01 171 57 9.870600e+00 1.590000e+00 -1.553200e+02 1.148400e+02 0
-8.402900e+00 3.427000e+00 -2.641500e-01 -2.563300e-01 262 57 1.113100e+01 1.590000e+00 -8.050200e+02 4.606300e+02 0
-1.136400e+01 3.652100e+00 2.633100e+00 -2.563300e-01 351 57 1.023700e+01 1.590000e+00 -1.107900e+03 1.650400e+01 0
-1.171700e+01 2.389800e+00 2.850300e+00 -2.563300e-01 353 57 1.064100e+01 1.590000e+00 -1.976300e+03 -1.814000e+02 0
-1.146100e+01 3.751000e+00 2.559500e+00 -2.563300e-01 354 57 1.049800e+01 1.590000e+00 -1.079800e+03 3.542700e+01 0
0 0 -1.500000e-01 -2.242900e-01 1 58 9.488500e+00 1.590000e+00 2167 -3.612800e+03 0
-7.630200e+00 3.012800e+00 -2.503500e-01 -2.242900e-01 238 58 1.141500e+01 1.590000e+00 -8.578100e+02 4.717300e+02 0
-7.662400e+00 3.127300e+00 -2.541700e-01 -2.242900e-01 239 58 1.126900e+01 1.590000e+00 -8.097900e+02 4.685800e+02 0
-9.576100e+00 4.755900e+00 3.483900e+00 -2.242900e-01 323 58 1.029400e+01 1.590000e+00 -5.121600e+02 -1.148700e+01 0
-9.517700e+00 4.334000e+00 4.227700e+00 -2.242900e-01 324 58 1.028200e+01 1.590000e+00 -6.050500e+02 -1.373100e+02 0
-1.139600e+01 2.553800e+00 4.364200e+00 -2.242900e-01 358 58 1.091400e+01 1.590000e+00 -1.723900e+03 -4.447200e+02 0
0 0 -1.500000e-01 -1.922500e-01 1 59 9.763800e+00 1.590000e+00 2167 -3.612800e+03 0
-7.370200e+00 2.824400e+00 -2.440800e-01 -1.922500e-01 228 59 1.057900e+01 1.590000e+00 -9.047200e+02 4.777200e+02 0
-7.824200e+00 2.698100e+00 -2.398700e-01 -1.922500e-01 238 59 1.102500e+01 1.590000e+00 -1.066200e+03 4.812200e+02 0
0 0 -1.500000e-01 -1.602100e-01 1 60 9.821000e+00 1.590000e+00 2167 -3.612800e+03 0
-7.214400e+00 3.183900e+00 -2.560500e-01 -1.602100e-01 227 60 1.067600e+01 1.590000e+00 -7.062300e+02 4.676700e+02 0
-7.432100e+00 2.758500e+00 -2.418800e-01 -1.602100e-01 228 60 1.072400e+01 1.590000e+00 -9.529300e+02 4.797800e+02 0
0 0 -1.500000e-01 -1.281600e-01 1 61 9.797100e+00 1.590000e+00 2167 -3.612800e+03 0
0 0 -1.500000e-01 -9.612300e-02 1 62 9.906500e+00 1.590000e+00 2167 -3.612800e+03 0
2.728400e-04 3.420100e-02 -1.511400e-01 -9.612300e-02 2 62 9.451700e+00 1.590000e+00 3.431500e+03 -7053 0
-6.867900e+00 3.165000e+00 -2.554200e-01 -9.612300e-02 218 62 1.054300e+01 1.590000e+00 -6.528100e+02 4.685800e+02 0
-6.840100e+00 3.279300e+00 -2.592300e-01 -9.612300e-02 219 62 1.046300e+01 1.590000e+00 -6.032100e+02 4.657300e+02 0
-7.207800e+00 2.852100e+00 -2.450000e-01 -9.612300e-02 223 62 1.046200e+01 1.590000e+00 -8.588100e+02 4.770800e+02 0
-7.362000e+00 2.518200e+00 -2.338800e-01 -9.612300e-02 224 62 1.047500e+01 1.590000e+00 -1.084800e+03 4.886100e+02 0
0 0 -1.500000e-01 -6.408200e-02 1 63 9.941500e+00 1.590000e+00 2167 -3.612800e+03 0
0 0 -1.500000e-01 -3.204100e-02 1 64 1.557400e+01 1.590000e+00 2167 -3.612800e+03 0
-7.093800e-02 1.123900e-01 -1.537400e-01 -3.204100e-02 5 64 1.425500e+01 1.590000e+00 -3.072800e+03 7.603100e+03 0
-1.585200e-01 1.861000e-01 -1.562000e-01 -3.204100e-02 8 64 1.338900e+01 1.590000e+00 -1.089800e+03 2.892700e+03 0
-1.986300e-01 1.931600e-01 -1.564300e-01 -3.204100e-02 9 64 1.265000e+01 1.590000e+00 -1.173200e+03 2.724900e+03 0
-2.480100e-01 1.858800e-01 -1.561900e-01 -3.204100e-02 10 64 1.262500e+01 1.590000e+00 -1.521200e+03 2834 0
-2.592000e-01 2.248300e-01 -1.574900e-01 -3.204100e-02 11 64 1.217100e+01 1.590000e+00 -1.020100e+03 2.229800e+03 0
-2.851200e-01 2.304000e-01 -1.576700e-01 -3.204100e-02 12 64 1.172700e+01 1.590000e+00 -1.052800e+03 2158 0
-3.012100e-01 2.787600e-01 -1.592900e-01 -3.204100e-02 13 64 1.106500e+01 1.590000e+00 -7.030600e+02 1.753900e+03 0
-2.873000e-01 3.195600e-01 -1.606400e-01 -3.204100e-02 14 64 1.065400e+01 1.590000e+00 -4.477300e+02 1.537200e+03 0
-4.163500e-01 2.252100e-01 -1.575000e-01 -3.204100e-02 15 64 1.062500e+01 1.590000e+00 -1.565700e+03 2.165600e+03 0
3.536000e-01 3.225900e-01 -1.607500e-01 -3.204100e-02 28 64 1.216900e+01 1.590000e+00 1.182300e+03 1.630200e+03 0
6.799100e-01 6.436400e-01 -1.714400e-01 -3.204100e-02 29 64 1.368800e+01 1.590000e+00 1.284200e+03 9.232500e+02 0
6.804600e-01 7.323900e-01 -1.744000e-01 -3.204100e-02 30 64 1.457700e+01 1.590000e+00 1.202300e+03 8.477200e+02 0
6.793700e-01 7.973500e-01 -1.765600e-01 -3.204100e-02 31 64 1.470600e+01 1.590000e+00 1.154200e+03 8.045300e+02 0
6.766400e-01 8.292400e-01 -1.776200e-01 -3.204100e-02 32 64 1.414700e+01 1.590000e+00 1.131700e+03 7.860900e+02 0
6.722700e-01 8.751000e-01 -1.791500e-01 -3.204100e-02 33 64 1.259600e+01 1.590000e+00 1.102300e+03 7.622100e+02 0
-8.998200e-01 6.453100e-01 -1.714900e-01 -3.204100e-02 35 64 9.826600e+00 1.590000e+00 -4.375700e+02 8.711200e+02 0
-8.689900e-01 7.708800e-01 -1.756800e-01 -3.204100e-02 36 64 1.073100e+01 1.590000e+00 -2.165600e+02 7.872900e+02 0
-8.545300e-01 8.376500e-01 -1.779000e-01 -3.204100e-02 37 64 1.083700e+01 1.590000e+00 -1.288200e+02 7.534200e+02 0
-8.177000e-01 9.116200e-01 -1.803700e-01 -3.204100e-02 38 64 1.000700e+01 1.590000e+00 -3.260900e+01 7.222400e+02 0
