0 0 -1.500000e-01 0 1 65 1.662300e+01 3.550000e+00 2167 -3.612800e+03 0
-7.202900e-02 1.118100e-01 -1.583200e-01 0 5 65 1.526300e+01 3.550000e+00 -3.158900e+03 7807 0
-1.585200e-01 1.859900e-01 -1.638500e-01 0 8 65 1.439500e+01 3.550000e+00 -1.095800e+03 2942 0
-2.008100e-01 1.929200e-01 -1.643600e-01 0 9 65 1.392300e+01 3.550000e+00 -1.191200e+03 2773 0
-2.480100e-01 1.865900e-01 -1.638900e-01 0 10 65 1.372900e+01 3.550000e+00 -1.513700e+03 2.865100e+03 0
-2.619200e-01 2.214400e-01 -1.664900e-01 0 11 65 1.321700e+01 3.550000e+00 -1.071100e+03 2.309100e+03 0
-2.881200e-01 2.305500e-01 -1.671600e-01 0 12 65 1.273300e+01 3.550000e+00 -1.065400e+03 2.194500e+03 0
-3.077600e-01 2.791300e-01 -1.707800e-01 0 13 65 1.196400e+01 3.550000e+00 -7.212200e+02 1.785800e+03 0
-3.085800e-01 3.064900e-01 -1.728200e-01 0 14 65 1.155200e+01 3.550000e+00 -5.637700e+02 1.630300e+03 0
-1.184100e-01 3.952200e-01 -1.794200e-01 0 15 65 1.135000e+01 3.550000e+00 1.269700e+02 1.321700e+03 0
3.609700e-01 3.335400e-01 -1.748300e-01 0 28 65 1.318900e+01 3.550000e+00 1.181700e+03 1613 0
6.799100e-01 6.398800e-01 -1.976400e-01 0 29 65 1.472000e+01 3.550000e+00 1290 9.577800e+02 0
6.725500e-01 7.373500e-01 -2.048900e-01 0 30 65 1.564900e+01 3.550000e+00 1.191800e+03 8.738100e+02 0
6.793700e-01 7.975500e-01 -2.093700e-01 0 31 65 1.580400e+01 3.550000e+00 1.155400e+03 8.339000e+02 0
6.766400e-01 8.317100e-01 -2.119200e-01 0 32 65 1.526300e+01 3.550000e+00 1.131500e+03 8.140100e+02 0
6.810000e-01 8.676000e-01 -2.145900e-01 0 33 65 1.377600e+01 3.550000e+00 1.114800e+03 7.951600e+02 0
6.572700e-01 9.466500e-01 -2.204700e-01 0 34 65 1.121900e+01 3.550000e+00 1.057600e+03 7.586900e+02 0
7.699500e-01 8.740800e-01 -2.150700e-01 0 35 65 1.067000e+01 3.550000e+00 1186 7.936400e+02 0
-8.021400e-01 9.199500e-01 -2.184900e-01 0 36 65 1.175900e+01 3.550000e+00 -1.571300e+01 7.463800e+02 0
-8.348900e-01 9.121000e-01 -2.179000e-01 0 37 65 1.229200e+01 3.550000e+00 -4.530000e+01 7.489400e+02 0
-8.681700e-01 8.973000e-01 -2.168000e-01 0 38 65 1.191200e+01 3.550000e+00 -8.201600e+01 7.543500e+02 0
-9.020000e-01 8.580800e-01 -2.138800e-01 0 39 65 1.028600e+01 3.550000e+00 -1.447600e+02 7.705000e+02 0
0 0 -1.500000e-01 3.204100e-02 1 66 1.560900e+01 3.550000e+00 2167 -3.612800e+03 0
-7.202900e-02 1.124000e-01 -1.583700e-01 3.204100e-02 5 66 1.425700e+01 3.550000e+00 -3.102700e+03 7.699200e+03 0
-1.585200e-01 1.858800e-01 -1.638400e-01 3.204100e-02 8 66 1.341000e+01 3.550000e+00 -1.097500e+03 2.944400e+03 0
-2.008100e-01 1.931100e-01 -1.643800e-01 3.204100e-02 9 66 1.290100e+01 3.550000e+00 -1.188300e+03 2.769300e+03 0
-2.480100e-01 1.866300e-01 -1.638900e-01 3.204100e-02 10 66 1.273300e+01 3.550000e+00 -1513 2.864300e+03 0
-2.646500e-01 2.179600e-01 -1.662300e-01 3.204100e-02 11 66 1.224400e+01 3.550000e+00 -1.121600e+03 2.351200e+03 0
-2.881200e-01 2.338500e-01 -1.674100e-01 3.204100e-02 12 66 1.176200e+01 3.550000e+00 -1.031100e+03 2.159700e+03 0
-3.110400e-01 2.775700e-01 -1.706600e-01 3.204100e-02 13 66 1.105200e+01 3.550000e+00 -7.406000e+02 1.795200e+03 0
-3.156700e-01 3.086900e-01 -1.729800e-01 3.204100e-02 14 66 1.049800e+01 3.550000e+00 -5.696600e+02 1.618100e+03 0
3.609700e-01 2.886900e-01 -1.714900e-01 3.204100e-02 28 66 1.220200e+01 3.550000e+00 1.289700e+03 1880 0
6.799100e-01 6.378400e-01 -1.974800e-01 3.204100e-02 29 66 1.369800e+01 3.550000e+00 1.292200e+03 9.598600e+02 0
6.725500e-01 7.354800e-01 -2.047500e-01 3.204100e-02 30 66 1.462200e+01 3.550000e+00 1.193200e+03 8.751700e+02 0
6.793700e-01 7.975700e-01 -2.093800e-01 3.204100e-02 31 66 1.476900e+01 3.550000e+00 1.155400e+03 8.338900e+02 0
6.766400e-01 8.335200e-01 -2.120500e-01 3.204100e-02 32 66 1.422300e+01 3.550000e+00 1.130400e+03 8.130100e+02 0
6.635400e-01 8.782400e-01 -2.153800e-01 3.204100e-02 33 66 1.282800e+01 3.550000e+00 1.094600e+03 7.895500e+02 0
6.572700e-01 9.320000e-01 -2.193800e-01 3.204100e-02 34 66 1.075100e+01 3.550000e+00 1.063900e+03 7.648500e+02 0
7.699500e-01 8.634500e-01 -2.142800e-01 3.204100e-02 35 66 1.008200e+01 3.550000e+00 1.192900e+03 7.990200e+02 0
-7.926000e-01 9.304500e-01 -2.192700e-01 3.204100e-02 36 66 1.063600e+01 3.550000e+00 -6.473400e-01 7.424900e+02 0
-8.348900e-01 9.187500e-01 -2.184000e-01 3.204100e-02 37 66 1.125500e+01 3.550000e+00 -3.966700e+01 7.463400e+02 0
-8.681700e-01 8.881200e-01 -2.161200e-01 3.204100e-02 38 66 1.097600e+01 3.550000e+00 -9.046600e+01 7.581300e+02 0
0 0 -1.500000e-01 6.408200e-02 1 67 9.854700e+00 3.550000e+00 2167 -3.612800e+03 0
3.083100e-02 1.640000e-02 -1.512200e-01 6.408200e-02 2 67 9.810400e+00 3.550000e+00 2.218400e+03 -4667 0
6.466300e-01 8.024200e-01 -2.097400e-01 6.408200e-02 31 67 9.984100e+00 3.550000e+00 1122 8.302000e+02 0
6.428100e-01 8.217400e-01 -2.111800e-01 6.408200e-02 32 67 1.059800e+01 3.550000e+00 1.107200e+03 8.188700e+02 0
6.635400e-01 8.219400e-01 -2.111900e-01 6.408200e-02 33 67 1.077400e+01 3.550000e+00 1.125700e+03 8.192100e+02 0
7.022900e-01 8.302800e-01 -2.118100e-01 6.408200e-02 34 67 1.034600e+01 3.550000e+00 1.155200e+03 8.153500e+02 0
0 0 -1.500000e-01 9.612300e-02 1 68 9.544700e+00 3.550000e+00 2167 -3.612800e+03 0
6.766400e-01 8.196700e-01 -2.110200e-01 9.612300e-02 32 68 9.818600e+00 3.550000e+00 1.138800e+03 8.207900e+02 0
6.722700e-01 7.916400e-01 -2.089300e-01 9.612300e-02 33 68 9.899800e+00 3.550000e+00 1.152600e+03 8.373600e+02 0
7.022900e-01 7.993900e-01 -2.095100e-01 9.612300e-02 34 68 9.820100e+00 3.550000e+00 1.175500e+03 8.333100e+02 0
-7.639500e-02 4.828400e-01 -1.859500e-01 -1.185500e+00 15 28 9.817400e+00 3.550000e+00 3.108100e+02 1.130300e+03 0
-6.957400e-02 5.182500e-01 -1.885800e-01 -1.185500e+00 16 28 9.539000e+00 3.550000e+00 3.507300e+02 1.073400e+03 0
-9.221900e-02 4.433700e-01 -1.830100e-01 -1.153500e+00 14 29 9.944800e+00 3.550000e+00 2.437000e+02 1.205800e+03 0
-9.167400e-02 4.799300e-01 -1.857300e-01 -1.153500e+00 15 29 1.038700e+01 3.550000e+00 2.847900e+02 1.134500e+03 0
-9.003700e-02 5.160300e-01 -1.884200e-01 -1.153500e+00 16 29 9.719100e+00 3.550000e+00 3.202800e+02 1.075600e+03 0
-8.512600e-02 4.459000e-01 -1.832000e-01 -1.121400e+00 14 30 1.020300e+01 3.550000e+00 2.585100e+02 1201 0
-8.785400e-02 4.809600e-01 -1.858100e-01 -1.121400e+00 15 30 1.051500e+01 3.550000e+00 2.916200e+02 1.132900e+03 0
-9.822200e-02 5.145400e-01 -1.883100e-01 -1.121400e+00 16 30 9.575600e+00 3.550000e+00 3.075200e+02 1.077400e+03 0
-7.803200e-02 4.471200e-01 -1.832900e-01 -1.089400e+00 14 31 1.033100e+01 3.550000e+00 2.716600e+02 1.198900e+03 0
-7.639500e-02 4.829200e-01 -1.859500e-01 -1.089400e+00 15 31 1.043500e+01 3.550000e+00 3.108900e+02 1.130200e+03 0
-6.548100e-02 4.138700e-01 -1.808100e-01 -1.057400e+00 13 32 9.325900e+00 3.550000e+00 2.534300e+02 1.276900e+03 0
-7.093800e-02 4.482800e-01 -1.833700e-01 -1.057400e+00 14 32 1.031200e+01 3.550000e+00 2.846800e+02 1197 0
-7.257500e-02 4.830100e-01 -1.859600e-01 -1.057400e+00 15 32 1.026500e+01 3.550000e+00 3.167600e+02 1.130200e+03 0
-7.093800e-02 4.476300e-01 -1.833200e-01 -1.025300e+00 14 33 1.028800e+01 3.550000e+00 2.839700e+02 1.198400e+03 0
-7.639500e-02 4.829100e-01 -1.859500e-01 -1.025300e+00 15 33 1.016900e+01 3.550000e+00 3.108800e+02 1.130200e+03 0
-7.093800e-02 4.476800e-01 -1.833300e-01 -9.932700e-01 14 34 9.800100e+00 3.550000e+00 2.840300e+02 1.198300e+03 0
-7.639500e-02 4.813600e-01 -1.858400e-01 -9.932700e-01 15 34 9.662300e+00 3.550000e+00 3.094200e+02 1.132900e+03 0
2.973900e-01 7.181900e+00 2.508900e+00 -9.612300e-01 219 35 1.054000e+01 3.550000e+00 7.011100e+02 1.778900e+02 0
3.585100e-01 7.288400e+00 2.290400e+00 -9.612300e-01 220 35 1.153600e+01 3.550000e+00 7.065800e+02 1.985100e+02 0
4.201700e-01 7.384500e+00 2.079300e+00 -9.612300e-01 221 35 1.143600e+01 3.550000e+00 7.119800e+02 2.177900e+02 0
3.617800e-01 7.489700e+00 1.828200e+00 -9.612300e-01 222 35 1.069500e+01 3.550000e+00 7.071000e+02 2.400700e+02 0
4.867400e-01 7.383200e+00 2.429600e+00 -9.612300e-01 224 35 1.094300e+01 3.550000e+00 7.172300e+02 1.891900e+02 0
6.722700e-01 7.406700e+00 2.426000e+00 -9.612300e-01 225 35 1.198500e+01 3.550000e+00 7.330400e+02 1.899000e+02 0
7.366600e-01 7.487900e+00 2.265500e+00 -9.612300e-01 226 35 1.196800e+01 3.550000e+00 7.383000e+02 2.046100e+02 0
8.670800e-01 7.589200e+00 2.121000e+00 -9.612300e-01 228 35 1.175900e+01 3.550000e+00 7.488500e+02 2.181100e+02 0
3.879800e-01 7.959800e+00 2.235500e+00 -9.612300e-01 238 35 1.243300e+01 3.550000e+00 7.078800e+02 2.163800e+02 0
3.246800e-01 8.014000e+00 2.180800e+00 -9.612300e-01 239 35 1.261700e+01 3.550000e+00 7.028400e+02 2.215100e+02 0
6.657300e-01 8.254000e+00 2.010300e+00 -9.612300e-01 245 35 1.242000e+01 3.550000e+00 729 2.378800e+02 0
8.021400e-01 8.214400e+00 2.255900e+00 -9.612300e-01 246 35 1.237000e+01 3.550000e+00 7.394100e+02 2.191700e+02 0
6.335300e-01 8.841500e+00 1.615900e+00 -9.612300e-01 259 35 1.176400e+01 3.550000e+00 7.247800e+02 2.731400e+02 0
2.826600e-01 8.897500e+00 1.602600e+00 -9.612300e-01 260 35 1.208200e+01 3.550000e+00 6.995200e+02 2.747000e+02 0
-7.093800e-02 8.954300e+00 1.504500e+00 -9.612300e-01 261 35 1.211300e+01 3.550000e+00 6.745200e+02 2.819800e+02 0
-3.942500e-01 9.934800e+00 1.734600e+00 -9.612300e-01 290 35 1.221100e+01 3.550000e+00 6.556100e+02 2.759200e+02 0
-7.966900e-01 9.711800e+00 3.006300e+00 -9.612300e-01 293 35 1.262400e+01 3.550000e+00 6.277800e+02 1.954800e+02 0
-7.194700e-01 9.827100e+00 2.759500e+00 -9.612300e-01 294 35 1.270900e+01 3.550000e+00 6.336300e+02 2.123900e+02 0
-4.845600e-01 1.002100e+01 2.491800e+00 -9.612300e-01 297 35 1.248200e+01 3.550000e+00 6.496900e+02 2.311700e+02 0
-3.241300e-01 1.006200e+01 2.494800e+00 -9.612300e-01 298 35 1.262300e+01 3.550000e+00 6.599100e+02 2.314700e+02 0
-1.626100e-01 1.014300e+01 2.322500e+00 -9.612300e-01 299 35 1.298300e+01 3.550000e+00 6.703500e+02 2.426600e+02 0
-1.631600e-01 1.017900e+01 2.321800e+00 -9.612300e-01 300 35 1.280800e+01 3.550000e+00 6.704000e+02 2.431200e+02 0
-4.338100e-01 1.092100e+01 1.970100e+00 -9.612300e-01 319 35 1.262700e+01 3.550000e+00 6.565600e+02 2.706400e+02 0
-4.351800e-01 1.097600e+01 1.857300e+00 -9.612300e-01 320 35 1.276000e+01 3.550000e+00 6.567400e+02 2.773000e+02 0
-4.365400e-01 1.095200e+01 2.179600e+00 -9.612300e-01 321 35 1.254600e+01 3.550000e+00 6.563600e+02 2.593600e+02 0
9.412900e-02 1.189900e+01 1.892200e+00 -9.612300e-01 346 35 1.253200e+01 3.550000e+00 6.877000e+02 2.819700e+02 0
0 1.195600e+01 1.975700e+00 -9.612300e-01 348 35 1.259000e+01 3.550000e+00 6.826800e+02 2.781500e+02 0
0 1.203100e+01 1.718600e+00 -9.612300e-01 349 35 1.243600e+01 3.550000e+00 6.829300e+02 2.916000e+02 0
3.044900e-01 1.260400e+01 3.136100e+00 -9.612300e-01 373 35 1.259500e+01 3.550000e+00 6.976800e+02 2.268600e+02 0
3.053100e-01 1.272200e+01 2.783300e+00 -9.612300e-01 374 35 1.286300e+01 3.550000e+00 6.979400e+02 2.447900e+02 0
1.020400e-01 1.278300e+01 2.678800e+00 -9.612300e-01 375 35 1.282200e+01 3.550000e+00 6.879400e+02 2.503300e+02 0
0 1.286300e+01 2.461800e+00 -9.612300e-01 376 35 1.227500e+01 3.550000e+00 6.831000e+02 2.612000e+02 0
3.094000e-01 1.289800e+01 2.793300e+00 -9.612300e-01 379 35 1.239700e+01 3.550000e+00 6.980700e+02 2.459100e+02 0
9.478400e-01 1.328700e+01 2.071500e+00 -9.612300e-01 387 35 1.208800e+01 3.550000e+00 7.289500e+02 2.819900e+02 0
1.443600e+00 1.406500e+01 -1.197100e+00 -9.612300e-01 408 35 1.265400e+01 3.550000e+00 7.521200e+02 4.288300e+02 0
1.447100e+00 1.408500e+01 1.596800e+00 -9.612300e-01 409 35 1.287600e+01 3.550000e+00 7.498900e+02 3.069400e+02 0
1.450700e+00 1.405300e+01 2.107200e+00 -9.612300e-01 410 35 1.245000e+01 3.550000e+00 7.497600e+02 2.847300e+02 0
-6.384400e-02 2.680700e+00 -3.495700e-01 -9.291900e-01 79 36 9.967100e+00 3.550000e+00 6.366800e+02 5.212900e+02 0
-3.743300e-01 6.273200e+00 2.713000e+00 -9.291900e-01 197 36 1.016600e+01 3.550000e+00 6.346100e+02 1.327400e+02 0
0 6.438000e+00 2.425800e+00 -9.291900e-01 198 36 1.089100e+01 3.550000e+00 6.729600e+02 1.647400e+02 0
-5.402200e-02 6.436700e+00 2.525900e+00 -9.291900e-01 199 36 1.136900e+01 3.550000e+00 6.675500e+02 1.554700e+02 0
1.085900e-01 6.337600e+00 2.849800e+00 -9.291900e-01 200 36 1.168000e+01 3.550000e+00 6.828700e+02 1.216600e+02 0
1.091400e-01 6.441400e+00 2.698500e+00 -9.291900e-01 201 36 1.243900e+01 3.550000e+00 6.832900e+02 1.394800e+02 0
1.096800e-01 6.560500e+00 2.494500e+00 -9.291900e-01 202 36 1.274100e+01 3.550000e+00 6.837900e+02 1.620500e+02 0
5.511300e-02 6.682200e+00 2.260700e+00 -9.291900e-01 203 36 1.233500e+01 3.550000e+00 6.791100e+02 1.866500e+02 0
0 6.834100e+00 1.885500e+00 -9.291900e-01 204 36 1.175200e+01 3.550000e+00 6.747900e+02 2.235400e+02 0
5.328500e-01 6.857100e+00 3.182300e+00 -9.291900e-01 218 36 1.171200e+01 3.550000e+00 7.221900e+02 1.104300e+02 0
4.758300e-01 7.049900e+00 2.834400e+00 -9.291900e-01 219 36 1.199100e+01 3.550000e+00 7.168000e+02 1.467100e+02 0
3.585100e-01 7.445400e+00 1.712300e+00 -9.291900e-01 220 36 1.241700e+01 3.550000e+00 7.070500e+02 2.487500e+02 0
3.601500e-01 7.583600e+00 -7.145700e-01 -9.291900e-01 221 36 1.203200e+01 3.550000e+00 7.100700e+02 4.470600e+02 0
5.475900e-01 7.235700e+00 2.827700e+00 -9.291900e-01 224 36 1.231800e+01 3.550000e+00 7.224800e+02 1.527000e+02 0
7.333900e-01 7.235200e+00 2.882700e+00 -9.291900e-01 225 36 1.299100e+01 3.550000e+00 7.386500e+02 1.479700e+02 0
9.208300e-01 7.080300e+00 3.281100e+00 -9.291900e-01 226 36 1.289900e+01 3.550000e+00 7.557500e+02 1.095800e+02 0
9.290100e-01 7.867100e+00 -7.356800e-01 -9.291900e-01 228 36 1.298900e+01 3.550000e+00 7.561600e+02 4.458500e+02 0
-1.741800e+00 7.568800e+00 1.755200e+00 -9.291900e-01 229 36 1.337000e+01 3.550000e+00 5.321400e+02 2.480900e+02 0
-1.499500e+00 7.640000e+00 1.827800e+00 -9.291900e-01 230 36 1.388900e+01 3.550000e+00 5.533900e+02 2.433400e+02 0
-1.443300e+00 7.642700e+00 2.006100e+00 -9.291900e-01 231 36 1.401200e+01 3.550000e+00 5.579600e+02 2.293900e+02 0
-1.260500e+00 7.501700e+00 2.686400e+00 -9.291900e-01 232 36 1.370800e+01 3.550000e+00 5.703100e+02 1.727500e+02 0
-3.860700e-01 9.518200e+00 2.633400e+00 -9.291900e-01 284 36 1.330000e+01 3.550000e+00 6.538000e+02 2.153500e+02 0
-1.035700e+00 9.709300e+00 2.940600e+00 -9.291900e-01 293 36 1.438600e+01 3.550000e+00 6.123900e+02 1.996000e+02 0
-1.039200e+00 9.738500e+00 2.964300e+00 -9.291900e-01 294 36 1.443700e+01 3.550000e+00 6.123900e+02 1.986300e+02 0
-3.252200e-01 1.003000e+01 2.758700e+00 -9.291900e-01 299 36 1.415600e+01 3.550000e+00 6.595300e+02 2.152600e+02 0
-2.447400e-01 1.008500e+01 2.694800e+00 -9.291900e-01 300 36 1.414500e+01 3.550000e+00 6.647900e+02 2.198300e+02 0
-4.976600e-01 1.027500e+01 2.625600e+00 -9.291900e-01 305 36 1.375100e+01 3.550000e+00 6.498700e+02 2.265700e+02 0
-5.238500e-01 1.092300e+01 2.305400e+00 -9.291900e-01 321 36 1.391400e+01 3.550000e+00 6.511400e+02 2.521700e+02 0
2.701100e-01 1.085900e+01 3.851900e+00 -9.291900e-01 331 36 1.336300e+01 3.550000e+00 6.957700e+02 1.659100e+02 0
0 1.092200e+01 3.785700e+00 -9.291900e-01 332 36 1.370800e+01 3.550000e+00 6.802600e+02 1.707900e+02 0
-2.717500e-01 1.106400e+01 3.456800e+00 -9.291900e-01 333 36 1.370200e+01 3.550000e+00 6.652300e+02 1.910900e+02 0
-2.725700e-01 1.120100e+01 3.115700e+00 -9.291900e-01 334 36 1.379800e+01 3.550000e+00 6.657600e+02 2.113700e+02 0
-1.822600e-01 1.126200e+01 3.033500e+00 -9.291900e-01 335 36 1.359800e+01 3.550000e+00 6.710200e+02 2.165100e+02 0
0 1.193400e+01 2.106800e+00 -9.291900e-01 348 36 1.329500e+01 3.550000e+00 6.825600e+02 2.713500e+02 0
0 1.204200e+01 1.640800e+00 -9.291900e-01 349 36 1.342100e+01 3.550000e+00 6.829900e+02 2.955800e+02 0
4.829200e-01 1.219800e+01 1.951300e+00 -9.291900e-01 355 36 1.394400e+01 3.550000e+00 7.080100e+02 2.809200e+02 0
4.842900e-01 1.223000e+01 1.973400e+00 -9.291900e-01 356 36 1.401000e+01 3.550000e+00 7.080200e+02 2.800400e+02 0
4.059800e-01 1.241100e+01 3.817300e+00 -9.291900e-01 373 36 1.348900e+01 3.550000e+00 7.024000e+02 1.918500e+02 0
5.088400e-01 1.259500e+01 3.287100e+00 -9.291900e-01 374 36 1.378300e+01 3.550000e+00 7.078300e+02 2.195000e+02 0
1.020400e-01 1.275300e+01 2.820200e+00 -9.291900e-01 375 36 1.370700e+01 3.550000e+00 6.878300e+02 2.433800e+02 0
-3.069400e-01 1.280200e+01 2.742300e+00 -9.291900e-01 376 36 1.336700e+01 3.550000e+00 6.677400e+02 2.476100e+02 0
6.188000e-01 1.285100e+01 2.955900e+00 -9.291900e-01 379 36 1.334500e+01 3.550000e+00 7.132000e+02 2.377900e+02 0
7.238400e-01 1.274900e+01 3.481300e+00 -9.291900e-01 380 36 1.339500e+01 3.550000e+00 7.181600e+02 212 0
9.331100e-01 1.257200e+01 4.145000e+00 -9.291900e-01 381 36 1.285300e+01 3.550000e+00 7.284900e+02 1.782100e+02 0
1.053200e+00 1.320500e+01 2.495300e+00 -9.291900e-01 387 36 1.274600e+01 3.550000e+00 7.339000e+02 2.620500e+02 0
9.846700e-01 1.372700e+01 2.590600e+00 -9.291900e-01 402 36 1.233600e+01 3.550000e+00 7.291100e+02 2.616600e+02 0
6.580900e-01 1.358500e+01 3.481000e+00 -9.291900e-01 403 36 1.257400e+01 3.550000e+00 7.135800e+02 2.212100e+02 0
1.447100e+00 1.410400e+01 -1.200000e+00 -9.291900e-01 409 36 1.335800e+01 3.550000e+00 7.521100e+02 4.287700e+02 0
1.339100e+00 1.402700e+01 2.336300e+00 -9.291900e-01 410 36 1.326700e+01 3.550000e+00 7.446100e+02 2.747000e+02 0
1.205900e-01 1.172600e+00 -2.372900e-01 -8.971500e-01 35 37 9.664000e+00 3.550000e+00 6.645400e+02 6.793900e+02 0
9.549300e-02 1.197300e+00 -2.391300e-01 -8.971500e-01 36 37 9.682400e+00 3.550000e+00 6.509500e+02 6.731400e+02 0
-1.470600e-01 2.653100e+00 -3.475100e-01 -8.971500e-01 78 37 1.030800e+01 3.550000e+00 6.156300e+02 5.223200e+02 0
-1.064100e-01 2.685500e+00 -3.499200e-01 -8.971500e-01 79 37 1.056700e+01 3.550000e+00 6.264600e+02 5.209900e+02 0
0 2.729100e+00 -3.531700e-01 -8.971500e-01 80 37 1.008000e+01 3.550000e+00 6.529800e+02 5.193600e+02 0
-1.073100e+00 5.123700e+00 2.873900e+00 -8.971500e-01 172 37 1.060500e+01 3.550000e+00 5.367100e+02 6.470700e+01 0
-1.173200e+00 5.091900e+00 2.962700e+00 -8.971500e-01 173 37 1.159000e+01 3.550000e+00 5.235700e+02 5.285800e+01 0
-1.274400e+00 4.842900e+00 3.380100e+00 -8.971500e-01 174 37 1.127100e+01 3.550000e+00 5.020600e+02 -1.257900e+01 0
-1.241400e+00 5.606700e+00 2.091700e+00 -8.971500e-01 176 37 1.178600e+01 3.550000e+00 5.317100e+02 1.725900e+02 0
-1.200500e+00 5.503000e+00 2.460700e+00 -8.971500e-01 177 37 1.179400e+01 3.550000e+00 5.331700e+02 1.292800e+02 0
-1.207300e+00 5.395900e+00 2.763400e+00 -8.971500e-01 178 37 1.152000e+01 3.550000e+00 5.291400e+02 9.168300e+01 0
-1.262700e+00 5.357600e+00 2.888700e+00 -8.971500e-01 179 37 1.144400e+01 3.550000e+00 5.215500e+02 7.615600e+01 0
5.183900e-01 5.470400e+00 3.719500e+00 -8.971500e-01 191 37 1.161200e+01 3.550000e+00 7.267400e+02 -1.041200e+01 0
4.169000e-01 5.500500e+00 3.750200e+00 -8.971500e-01 192 37 1.148000e+01 3.550000e+00 7.149400e+02 -1.144700e+01 0
-8.951800e-01 6.335900e+00 2.117800e+00 -8.971500e-01 194 37 1.182400e+01 3.550000e+00 5.842400e+02 1.914200e+02 0
-1.270300e+00 6.532200e+00 -6.363000e-01 -8.971500e-01 195 37 1.245300e+01 3.550000e+00 5.529200e+02 4.526600e+02 0
-1.755700e+00 6.535700e+00 -6.365600e-01 -8.971500e-01 196 37 1.260200e+01 3.550000e+00 5.059800e+02 4.523700e+02 0
-1.978600e+00 6.423000e+00 -6.281700e-01 -8.971500e-01 197 37 1.256800e+01 3.550000e+00 4.807900e+02 4.530400e+02 0
2.150000e-01 6.608200e+00 1.902100e+00 -8.971500e-01 198 37 1.302300e+01 3.550000e+00 6.947300e+02 2.171800e+02 0
-5.402200e-02 6.570500e+00 2.154100e+00 -8.971500e-01 199 37 1.323900e+01 3.550000e+00 6.685200e+02 1.934900e+02 0
0 6.377700e+00 2.761200e+00 -8.971500e-01 200 37 1.337900e+01 3.550000e+00 6.723400e+02 1.315500e+02 0
1.091400e-01 6.245100e+00 3.126100e+00 -8.971500e-01 201 37 1.389700e+01 3.550000e+00 6.823900e+02 9.190800e+01 0
1.096800e-01 6.330000e+00 3.032100e+00 -8.971500e-01 202 37 1.410200e+01 3.550000e+00 6.827200e+02 1.042800e+02 0
5.511300e-02 6.442300e+00 2.873900e+00 -8.971500e-01 203 37 1.343600e+01 3.550000e+00 6.777900e+02 1.233800e+02 0
-1.664900e+00 7.644600e+00 -7.191200e-01 -8.971500e-01 227 37 1.335900e+01 3.550000e+00 5.408300e+02 4.458500e+02 0
-1.858000e+00 7.519000e+00 1.691000e+00 -8.971500e-01 228 37 1.418700e+01 3.550000e+00 5.214600e+02 2.525000e+02 0
-1.866200e+00 7.537000e+00 1.764000e+00 -8.971500e-01 229 37 1.482600e+01 3.550000e+00 5.211700e+02 2.469700e+02 0
-1.749400e+00 7.592200e+00 1.804700e+00 -8.971500e-01 230 37 1.511400e+01 3.550000e+00 5.319900e+02 2.445300e+02 0
-1.631600e+00 7.624400e+00 1.930000e+00 -8.971500e-01 231 37 1.484100e+01 3.550000e+00 5.422600e+02 2.351400e+02 0
-2.033500e+00 8.634200e+00 -7.927800e-01 -8.971500e-01 258 37 1.432000e+01 3.550000e+00 5.314400e+02 4.412900e+02 0
-2.041400e+00 8.669500e+00 -7.954100e-01 -8.971500e-01 259 37 1.429500e+01 3.550000e+00 5.315300e+02 4.411500e+02 0
-2.190600e+00 8.671100e+00 -7.955300e-01 -8.971500e-01 260 37 1.402200e+01 3.550000e+00 5.207000e+02 4.410800e+02 0
-2.199100e+00 8.679100e+00 1.511600e+00 -8.971500e-01 261 37 1.388900e+01 3.550000e+00 5.197900e+02 2.795200e+02 0
-1.851500e+00 8.737100e+00 1.821500e+00 -8.971500e-01 262 37 1.395100e+01 3.550000e+00 5.456700e+02 2.586600e+02 0
-1.667300e+00 9.560100e+00 3.017400e+00 -8.971500e-01 292 37 1.396600e+01 3.550000e+00 5.698700e+02 1.926400e+02 0
-1.354400e+00 9.678200e+00 2.913700e+00 -8.971500e-01 293 37 1.413800e+01 3.550000e+00 5.915600e+02 2.009000e+02 0
-1.438900e+00 9.618500e+00 3.180800e+00 -8.971500e-01 294 37 1.422100e+01 3.550000e+00 5.853300e+02 1.834300e+02 0
-4.927500e-01 1.006600e+01 2.988800e+00 -8.971500e-01 302 37 1.368200e+01 3.550000e+00 6.490200e+02 2.021800e+02 0
-8.239700e-02 1.022100e+01 2.600700e+00 -8.971500e-01 303 37 1.368600e+01 3.550000e+00 6.752600e+02 2.271600e+02 0
-1.653400e-01 1.027000e+01 2.544800e+00 -8.971500e-01 304 37 1.379200e+01 3.550000e+00 6.702900e+02 2.311000e+02 0
-4.976600e-01 1.031800e+01 2.448600e+00 -8.971500e-01 305 37 1.353900e+01 3.550000e+00 6.501800e+02 2.374400e+02 0
-6.962800e-01 1.097900e+01 1.760100e+00 -8.971500e-01 320 37 1.339200e+01 3.550000e+00 6.418000e+02 2.827200e+02 0
-5.238500e-01 1.094300e+01 2.208400e+00 -8.971500e-01 321 37 1.353900e+01 3.550000e+00 6.512800e+02 2.577100e+02 0
0 1.074400e+01 4.170700e+00 -8.971500e-01 331 37 1.368200e+01 3.550000e+00 6.797400e+02 1.463300e+02 0
-9.030900e-02 1.081200e+01 4.088300e+00 -8.971500e-01 332 37 1.390900e+01 3.550000e+00 6.746500e+02 1.522700e+02 0
-2.717500e-01 1.093900e+01 3.833500e+00 -8.971500e-01 333 37 1.383000e+01 3.550000e+00 6.646400e+02 1.686300e+02 0
-3.634200e-01 1.102600e+01 3.679800e+00 -8.971500e-01 334 37 1.396200e+01 3.550000e+00 6.597600e+02 1.784900e+02 0
-2.733800e-01 1.104900e+01 3.729800e+00 -8.971500e-01 335 37 1.376600e+01 3.550000e+00 6.649000e+02 1.761200e+02 0
6.089800e-01 1.213200e+01 4.607400e+00 -8.971500e-01 373 37 1.324500e+01 3.550000e+00 7.125200e+02 1.490300e+02 0
9.159200e-01 1.225400e+01 4.323400e+00 -8.971500e-01 374 37 1.350700e+01 3.550000e+00 7.283500e+02 1.647800e+02 0
1.158500e+00 1.146000e+01 7.004100e+00 -8.971500e-01 387 37 1.265100e+01 3.550000e+00 7.415400e+02 1.300300e+01 0
-2.428500e+00 1.311300e+01 2.196100e+00 -8.971500e-01 388 37 1.251400e+01 3.550000e+00 5.670100e+02 2.757900e+02 0
-1.102300e-01 1.389900e+01 2.424800e+00 -8.971500e-01 405 37 1.257300e+01 3.550000e+00 6.788800e+02 2.703100e+02 0
-2.210000e-01 1.389700e+01 2.621800e+00 -8.971500e-01 406 37 1.272500e+01 3.550000e+00 6.737200e+02 2.617700e+02 0
1.415200e+00 2.832900e+00 -3.609000e-01 -8.651100e-01 92 38 1.082000e+01 3.550000e+00 9.859700e+02 5.180800e+02 1
1.455900e+00 2.863200e+00 -3.631600e-01 -8.651100e-01 93 38 1.054700e+01 3.550000e+00 9.923300e+02 5.169400e+02 1
-1.200800e+00 4.876900e+00 2.679300e+00 -8.651100e-01 164 38 1.102900e+01 3.550000e+00 5.128300e+02 7.355700e+01 0
-1.208100e+00 4.949800e+00 2.616000e+00 -8.651100e-01 165 38 1.158300e+01 3.550000e+00 5.145400e+02 8.525000e+01 0
-1.170500e+00 5.081400e+00 2.452400e+00 -8.651100e-01 166 38 1.099000e+01 3.550000e+00 5.237400e+02 1.111900e+02 0
-1.446300e+00 5.421200e+00 2.045000e+00 -8.651100e-01 172 38 1.139300e+01 3.550000e+00 5.027900e+02 1.715300e+02 0
-1.595600e+00 5.597000e+00 -5.666700e-01 -8.651100e-01 173 38 1.243900e+01 3.550000e+00 4.924200e+02 4.600600e+02 0
-1.935200e+00 5.682600e+00 -5.730500e-01 -8.651100e-01 174 38 1.237000e+01 3.550000e+00 4.577700e+02 4.590400e+02 0
-8.070600e-01 5.079900e+00 3.235600e+00 -8.651100e-01 175 38 1.235900e+01 3.550000e+00 5.675400e+02 2.002400e+01 0
-1.098200e+00 5.233400e+00 2.959300e+00 -8.651100e-01 176 38 1.311800e+01 3.550000e+00 5.369300e+02 6.130700e+01 0
-1.152500e+00 5.298800e+00 2.893700e+00 -8.651100e-01 177 38 1.298100e+01 3.550000e+00 5.325300e+02 7.229400e+01 0
-1.255600e+00 5.363300e+00 2.805100e+00 -8.651100e-01 178 38 1.257700e+01 3.550000e+00 5.225700e+02 8.557900e+01 0
-1.311300e+00 5.391200e+00 2.803200e+00 -8.651100e-01 179 38 1.260100e+01 3.550000e+00 5.170700e+02 8.728400e+01 0
-9.767600e-01 4.970600e+00 3.662900e+00 -8.651100e-01 180 38 1.254400e+01 3.550000e+00 5.435200e+02 -3.684900e+01 0
-1.164500e+00 6.606100e+00 -6.418000e-01 -8.651100e-01 195 38 1.260500e+01 3.550000e+00 5.646900e+02 4.522000e+02 0
-2.074900e+00 6.425500e+00 -6.283500e-01 -8.651100e-01 196 38 1.337300e+01 3.550000e+00 4.714300e+02 4.529700e+02 0
-2.246000e+00 6.354900e+00 -6.231000e-01 -8.651100e-01 197 38 1.369900e+01 3.550000e+00 4.520300e+02 4.533800e+02 0
-2.257500e+00 6.299000e+00 1.599800e+00 -8.651100e-01 198 38 1.342100e+01 3.550000e+00 4.492000e+02 2.404400e+02 0
0 6.675600e+00 1.803000e+00 -8.651100e-01 199 38 1.310500e+01 3.550000e+00 6.744500e+02 2.277200e+02 0
-4.343600e-01 6.631100e+00 2.034400e+00 -8.651100e-01 200 38 1.310300e+01 3.550000e+00 6.327400e+02 2.061200e+02 0
1.096800e-01 6.086500e+00 3.495200e+00 -8.651100e-01 202 38 1.369500e+01 3.550000e+00 6.816500e+02 4.917400e+01 0
-2.360600e+00 6.537000e+00 1.857700e+00 -8.651100e-01 207 38 1.409200e+01 3.550000e+00 4.482700e+02 2.213500e+02 0
-2.315600e+00 6.587800e+00 1.870500e+00 -8.651100e-01 208 38 1.433900e+01 3.550000e+00 4.543600e+02 2.212400e+02 0
-2.270000e+00 6.570400e+00 2.107800e+00 -8.651100e-01 209 38 1.386100e+01 3.550000e+00 4.580600e+02 1.993800e+02 0
-1.990600e+00 7.522100e+00 1.690400e+00 -8.651100e-01 229 38 1.442600e+01 3.550000e+00 5.105500e+02 2.526500e+02 0
-1.936900e+00 7.584700e+00 1.636900e+00 -8.651100e-01 230 38 1.467600e+01 3.550000e+00 5.164700e+02 2.577500e+02 0
-1.819800e+00 7.617500e+00 1.783400e+00 -8.651100e-01 231 38 1.429200e+01 3.550000e+00 5.267600e+02 2.466200e+02 0
-2.004500e+00 7.565800e+00 2.691800e+00 -8.651100e-01 238 38 1.416200e+01 3.550000e+00 5.102800e+02 1.744700e+02 0
-2.488300e+00 7.914200e+00 -7.391900e-01 -8.651100e-01 241 38 1.383600e+01 3.550000e+00 4.804500e+02 4.442000e+02 0
-2.103600e+00 8.596100e+00 -7.899500e-01 -8.651100e-01 258 38 1.378300e+01 3.550000e+00 5.255700e+02 4.414100e+02 0
-2.182200e+00 8.537700e+00 1.878900e+00 -8.651100e-01 259 38 1.368500e+01 3.550000e+00 5.181000e+02 2.523600e+02 0
-2.190600e+00 8.528500e+00 2.068700e+00 -8.651100e-01 260 38 1.372600e+01 3.550000e+00 5.172600e+02 2.389500e+02 0
-2.057200e+00 8.472600e+00 2.535700e+00 -8.651100e-01 261 38 1.423100e+01 3.550000e+00 5.258000e+02 2.052300e+02 0
-1.993900e+00 8.580000e+00 2.343300e+00 -8.651100e-01 262 38 1.425000e+01 3.550000e+00 5.325000e+02 2.204900e+02 0
-1.930100e+00 8.854900e+00 -8.092100e-01 -8.651100e-01 263 38 1.333500e+01 3.550000e+00 5.428700e+02 4.404800e+02 0
-5.786900e-01 1.012400e+01 3.024200e+00 -8.651100e-01 304 38 1.258600e+01 3.550000e+00 6.439200e+02 2.010300e+02 0
-8.177000e-01 1.095300e+01 3.820800e+00 -8.651100e-01 334 38 1.239100e+01 3.550000e+00 6.334700e+02 1.698600e+02 0
-2.933600e+00 1.223200e+01 4.648900e+00 -8.651100e-01 385 38 1.284700e+01 3.550000e+00 5.318100e+02 1.506300e+02 0
-3.046200e+00 1.233700e+01 4.394400e+00 -8.651100e-01 386 38 1.335500e+01 3.550000e+00 5.275500e+02 1.646000e+02 0
-2.843500e+00 1.258000e+01 3.921600e+00 -8.651100e-01 387 38 1.341700e+01 3.550000e+00 5.407700e+02 1.905000e+02 0
-2.639700e+00 1.284000e+01 3.290600e+00 -8.651100e-01 388 38 1.299400e+01 3.550000e+00 5.538100e+02 2.230500e+02 0
-1.718900e-01 1.561200e+00 -2.662300e-01 -8.330700e-01 46 39 1.009900e+01 3.550000e+00 5.477500e+02 6.063700e+02 0
-1.757100e-01 1.579800e+00 -2.676100e-01 -8.330700e-01 47 39 1.031200e+01 3.550000e+00 5.479500e+02 6.039000e+02 0
1.457000e+00 2.701500e+00 -3.511200e-01 -8.330700e-01 90 39 1.034600e+01 3.550000e+00 1.011300e+03 5.238200e+02 1
1.424200e+00 2.752100e+00 -3.548900e-01 -8.330700e-01 91 39 1.199600e+01 3.550000e+00 9.971500e+02 5.215000e+02 1
1.415200e+00 2.807100e+00 -3.589700e-01 -8.330700e-01 92 39 1.248900e+01 3.550000e+00 9.887800e+02 5.191500e+02 1
1.430800e+00 2.862300e+00 -3.630900e-01 -8.330700e-01 93 39 1.190200e+01 3.550000e+00 9.865100e+02 5.169200e+02 1
1.471700e+00 2.884500e+00 -3.647400e-01 -8.330700e-01 94 39 1.040100e+01 3.550000e+00 9.937400e+02 5.161300e+02 1
1.555200e+00 2.927100e+00 -3.679100e-01 -8.330700e-01 96 39 1.096700e+01 3.550000e+00 1.008400e+03 5.146400e+02 1
1.519200e+00 2.986700e+00 -3.723500e-01 -8.330700e-01 97 39 1.139300e+01 3.550000e+00 9.937500e+02 5.123300e+02 1
1.508500e+00 3.028000e+00 -3.754200e-01 -8.330700e-01 98 39 1.106100e+01 3.550000e+00 9.871200e+02 5.108200e+02 1
-2.241400e+00 4.461200e+00 2.091800e+00 -8.330700e-01 156 39 1.049400e+01 3.550000e+00 3.530900e+02 1.262900e+02 0
-2.383500e+00 4.304000e+00 2.339900e+00 -8.330700e-01 157 39 1.068800e+01 3.550000e+00 3.212200e+02 8.448400e+01 0
-1.200800e+00 5.070300e+00 2.292300e+00 -8.330700e-01 164 39 1.125600e+01 3.550000e+00 5.197300e+02 1.293400e+02 0
-1.342400e+00 4.921200e+00 2.604500e+00 -8.330700e-01 165 39 1.203500e+01 3.550000e+00 4.966800e+02 8.527200e+01 0
-1.350500e+00 4.584500e+00 3.219200e+00 -8.330700e-01 166 39 1.147600e+01 3.550000e+00 4.814000e+02 -1.266700e+01 0
-2.762800e+00 5.055100e+00 -5.263400e-01 -8.330700e-01 167 39 1.175600e+01 3.550000e+00 3.260500e+02 4.648300e+02 0
-3.007200e+00 4.953800e+00 -5.187900e-01 -8.330700e-01 168 39 1.231800e+01 3.550000e+00 2.879300e+02 4.658100e+02 0
-3.437800e+00 4.537200e+00 -4.877800e-01 -8.330700e-01 169 39 1.142000e+01 3.550000e+00 1.924200e+02 4.707600e+02 0
-2.213300e+00 5.454800e+00 -5.560900e-01 -8.330700e-01 170 39 1.138500e+01 3.550000e+00 4.158700e+02 4.610100e+02 0
-2.299500e+00 5.508400e+00 -5.600800e-01 -8.330700e-01 173 39 1.266900e+01 3.550000e+00 4.087600e+02 4.604300e+02 0
-2.643300e+00 5.423500e+00 -5.537600e-01 -8.330700e-01 174 39 1.310600e+01 3.550000e+00 3.646900e+02 4.610200e+02 0
-2.943400e+00 5.163600e+00 -5.344100e-01 -8.330700e-01 175 39 1.288900e+01 3.550000e+00 3.120200e+02 4.634900e+02 0
-2.824700e+00 6.369300e+00 -6.241700e-01 -8.330700e-01 204 39 1.345200e+01 3.550000e+00 3.956800e+02 4.529500e+02 0
-2.125400e+00 6.533800e+00 2.011800e+00 -8.330700e-01 206 39 1.343900e+01 3.550000e+00 4.704200e+02 2.071000e+02 0
-2.248200e+00 6.547800e+00 1.956600e+00 -8.330700e-01 207 39 1.410700e+01 3.550000e+00 4.592900e+02 2.125300e+02 0
-2.202600e+00 6.585100e+00 2.011400e+00 -8.330700e-01 208 39 1.407800e+01 3.550000e+00 4.648800e+02 2.083800e+02 0
-1.816000e+00 6.559400e+00 2.538400e+00 -8.330700e-01 209 39 1.319800e+01 3.550000e+00 5.004300e+02 1.598400e+02 0
-6.057000e-01 7.024400e+00 3.224900e+00 -8.330700e-01 223 39 1.322700e+01 3.550000e+00 6.197700e+02 1.140300e+02 0
-3.042100e-01 6.806100e+00 3.773000e+00 -8.330700e-01 224 39 1.337700e+01 3.550000e+00 6.445500e+02 5.837200e+01 0
-3.666900e-01 6.114800e+00 4.865300e+00 -8.330700e-01 225 39 1.315100e+01 3.550000e+00 6.316400e+02 -7.892600e+01 0
-9.208300e-01 4.857400e+00 6.107500e+00 -8.330700e-01 226 39 1.280900e+01 3.550000e+00 5.458100e+02 -3.308400e+02 0
-2.987000e+00 7.146100e+00 3.016000e+00 -8.330700e-01 239 39 1.352300e+01 3.550000e+00 4.152300e+02 1.378100e+02 0
-2.804000e+00 7.785200e+00 -7.295800e-01 -8.330700e-01 240 39 1.346900e+01 3.550000e+00 4.514700e+02 4.446800e+02 0
-2.422800e+00 7.792000e+00 1.914500e+00 -8.330700e-01 241 39 1.336800e+01 3.550000e+00 4.823500e+02 2.393800e+02 0
-2.662900e+00 7.556300e+00 2.902200e+00 -8.330700e-01 245 39 1.315200e+01 3.550000e+00 4.563200e+02 1.583000e+02 0
-2.607000e+00 7.564500e+00 3.031700e+00 -8.330700e-01 246 39 1.332400e+01 3.550000e+00 4.611300e+02 1.483900e+02 0
-1.773400e+00 7.878200e+00 4.151700e+00 -8.330700e-01 261 39 1.319600e+01 3.550000e+00 5.352000e+02 7.250500e+01 0
-1.851500e+00 7.787400e+00 4.360200e+00 -8.330700e-01 262 39 1.334100e+01 3.550000e+00 5.271700e+02 5.367200e+01 0
1.170500e+00 9.124200e+00 3.891000e+00 -8.330700e-01 287 39 1.186900e+01 3.550000e+00 7.583900e+02 1.257600e+02 0
-3.511400e+00 9.567400e+00 5.380800e+00 -8.330700e-01 331 39 1.184200e+01 3.550000e+00 451 4.924900e+01 0
-4.237700e+00 1.103800e+01 3.490600e+00 -8.330700e-01 354 39 1.260500e+01 3.550000e+00 4.420600e+02 1.907300e+02 0
-4.346300e+00 1.111400e+01 3.230300e+00 -8.330700e-01 355 39 1.264100e+01 3.550000e+00 4.377000e+02 2.057500e+02 0
-3.247900e+00 1.214600e+01 4.666100e+00 -8.330700e-01 385 39 1.209600e+01 3.550000e+00 5.147200e+02 1.484900e+02 0
-3.256300e+00 1.208300e+01 4.916700e+00 -8.330700e-01 386 39 1.278800e+01 3.550000e+00 5.133500e+02 1.352200e+02 0
-3.054200e+00 1.218200e+01 4.899100e+00 -8.330700e-01 387 39 1.282600e+01 3.550000e+00 525 1.377500e+02 0
-2.956500e+00 1.233700e+01 4.661900e+00 -8.330700e-01 388 39 1.235700e+01 3.550000e+00 532 1.517700e+02 0
1.399700e+00 2.764000e+00 -3.557700e-01 -8.010300e-01 91 40 1.156300e+01 3.550000e+00 9.897900e+02 5.209400e+02 1
1.415200e+00 2.801700e+00 -3.585800e-01 -8.010300e-01 92 40 1.206000e+01 3.550000e+00 9.893700e+02 5.193700e+02 1
1.405700e+00 2.850700e+00 -3.622200e-01 -8.010300e-01 93 40 1.140300e+01 3.550000e+00 9.818100e+02 5.173400e+02 1
1.529300e+00 2.939800e+00 -3.688600e-01 -8.010300e-01 96 40 1.093500e+01 3.550000e+00 1.001100e+03 5.141000e+02 1
1.493000e+00 3.001900e+00 -3.734800e-01 -8.010300e-01 97 40 1.125200e+01 3.550000e+00 9.862900e+02 5.117300e+02 1
1.455600e+00 3.058600e+00 -3.777000e-01 -8.010300e-01 98 40 1.080600e+01 3.550000e+00 9.724200e+02 5.096400e+02 1
-2.235900e+00 3.832300e+00 2.718700e+00 -8.010300e-01 150 40 1.036100e+01 3.550000e+00 3.006800e+02 -6.125100e+00 0
-2.210000e+00 4.212200e+00 2.194400e+00 -8.010300e-01 151 40 1.155900e+01 3.550000e+00 3.380900e+02 9.838600e+01 0
-2.265900e+00 4.309900e+00 2.024700e+00 -8.010300e-01 152 40 1.198000e+01 3.550000e+00 3.378400e+02 1.273800e+02 0
-2.405300e+00 4.321300e+00 1.928600e+00 -8.010300e-01 153 40 1.157100e+01 3.550000e+00 3.189700e+02 1.412400e+02 0
-2.796900e+00 4.401500e+00 -4.776800e-01 -8.010300e-01 154 40 1.039100e+01 3.550000e+00 2.668300e+02 4.733100e+02 0
-2.353000e+00 4.386600e+00 2.036200e+00 -8.010300e-01 155 40 1.154200e+01 3.550000e+00 3.318600e+02 130 0
-2.325900e+00 4.305800e+00 2.313400e+00 -8.010300e-01 156 40 1.246000e+01 3.550000e+00 3.294400e+02 8.807600e+01 0
-2.341000e+00 4.344000e+00 2.308900e+00 -8.010300e-01 157 40 1.258700e+01 3.550000e+00 3.304600e+02 9.105900e+01 0
-2.398800e+00 4.475800e+00 2.067800e+00 -8.010300e-01 158 40 1.221500e+01 3.550000e+00 3.327100e+02 1.304400e+02 0
-2.808100e+00 5.037000e+00 -5.249900e-01 -8.010300e-01 167 40 1.364400e+01 3.550000e+00 3.191400e+02 465 0
-2.870500e+00 5.074900e+00 -5.278000e-01 -8.010300e-01 168 40 1.435300e+01 3.550000e+00 3.142800e+02 4.645200e+02 0
-2.979400e+00 5.053100e+00 -5.261900e-01 -8.010300e-01 169 40 1.425500e+01 3.550000e+00 2.992900e+02 4.646800e+02 0
-3.089300e+00 5.021500e+00 -5.238300e-01 -8.010300e-01 170 40 1.358300e+01 3.550000e+00 2.832500e+02 4.649600e+02 0
-2.939300e+00 5.007200e+00 -5.227700e-01 -8.010300e-01 172 40 1.364900e+01 3.550000e+00 3.006500e+02 4.652400e+02 0
-3.003400e+00 5.069700e+00 -5.274200e-01 -8.010300e-01 173 40 1.412200e+01 3.550000e+00 2.976300e+02 4.644800e+02 0
-3.115300e+00 5.046600e+00 -5.257000e-01 -8.010300e-01 174 40 1.430200e+01 3.550000e+00 2.821000e+02 4.646500e+02 0
-3.180700e+00 5.042900e+00 -5.254200e-01 -8.010300e-01 175 40 1.435300e+01 3.550000e+00 2.737700e+02 4.646400e+02 0
-3.151300e+00 5.130800e+00 -5.319700e-01 -8.010300e-01 176 40 1.423800e+01 3.550000e+00 2.844800e+02 4.636900e+02 0
-2.979100e+00 5.264800e+00 1.576500e+00 -8.010300e-01 180 40 1.393600e+01 3.550000e+00 3.178700e+02 2.201500e+02 0
-2.994100e+00 5.580500e+00 -5.654500e-01 -8.010300e-01 187 40 1.380800e+01 3.550000e+00 3.347800e+02 4.592700e+02 0
-2.645400e+00 6.361700e+00 1.515400e+00 -8.010300e-01 203 40 1.291400e+01 3.550000e+00 4.138700e+02 2.497400e+02 0
-2.658500e+00 6.373900e+00 1.601900e+00 -8.010300e-01 204 40 1.288400e+01 3.550000e+00 4.131700e+02 2.418700e+02 0
1.011700e+00 5.690800e+00 4.283400e+00 -8.010300e-01 207 40 1.255900e+01 3.550000e+00 7.787500e+02 -5.519000e+01 0
-2.909800e+00 7.180900e+00 2.911000e+00 -8.010300e-01 238 40 1.298100e+01 3.550000e+00 4.230900e+02 1.473800e+02 0
-2.792200e+00 7.344300e+00 2.711200e+00 -8.010300e-01 239 40 1.299700e+01 3.550000e+00 4.387500e+02 1.679700e+02 0
-2.750200e+00 7.042600e+00 4.504500e+00 -8.010300e-01 253 40 1.254700e+01 3.550000e+00 4.322200e+02 1.142400e+01 0
-2.830200e+00 7.065000e+00 4.488100e+00 -8.010300e-01 254 40 1.328000e+01 3.550000e+00 4.261500e+02 1.396100e+01 0
-3.049200e+00 7.064300e+00 4.414100e+00 -8.010300e-01 255 40 1.323500e+01 3.550000e+00 4.073000e+02 2.030500e+01 0
-3.200400e+00 6.966100e+00 4.531900e+00 -8.010300e-01 256 40 1.249500e+01 3.550000e+00 3.903300e+02 6.141000e+00 0
-2.778600e+00 7.831000e+00 4.307500e+00 -8.010300e-01 269 40 1.180600e+01 3.550000e+00 4.555700e+02 6.038600e+01 0
-2.568800e+00 7.880800e+00 4.421300e+00 -8.010300e-01 270 40 1.165700e+01 3.550000e+00 4.733100e+02 5.359900e+01 0
-4.392700e+00 9.312600e+00 4.520700e+00 -8.010300e-01 323 40 1.200600e+01 3.550000e+00 3.868600e+02 9.533200e+01 0
-4.582600e+00 9.195300e+00 4.657100e+00 -8.010300e-01 324 40 1.265800e+01 3.550000e+00 3.706300e+02 8.359700e+01 0
-4.773600e+00 9.275800e+00 4.382400e+00 -8.010300e-01 325 40 1.257100e+01 3.550000e+00 3.607500e+02 1.032900e+02 0
-5.320300e+00 9.233400e+00 3.906700e+00 -8.010300e-01 326 40 1.205200e+01 3.550000e+00 3.231800e+02 1.325300e+02 0
-5.085400e+00 9.986700e+00 2.195300e+00 -8.010300e-01 328 40 1.193800e+01 3.550000e+00 3.638000e+02 2.500500e+02 0
-5.369500e+00 9.778600e+00 2.600100e+00 -8.010300e-01 329 40 1.244000e+01 3.550000e+00 3.394400e+02 2.233700e+02 0
-4.334300e+00 8.905600e+00 6.421900e+00 -8.010300e-01 339 40 1.282200e+01 3.550000e+00 3.781300e+02 -3.923000e+01 0
-4.552300e+00 1.046000e+01 4.854200e+00 -8.010300e-01 356 40 1.282300e+01 3.550000e+00 4.104400e+02 1.053600e+02 0
-4.919800e+00 1.041400e+01 5.701300e+00 -8.010300e-01 369 40 1.242500e+01 3.550000e+00 3.881100e+02 5.741300e+01 0
-4.933200e+00 1.045900e+01 5.686500e+00 -8.010300e-01 370 40 1.274300e+01 3.550000e+00 3.886000e+02 5.950500e+01 0
-4.845600e+00 1.040900e+01 5.928000e+00 -8.010300e-01 371 40 1.260000e+01 3.550000e+00 3.923400e+02 4.462700e+01 0
-4.858700e+00 1.030300e+01 6.174300e+00 -8.010300e-01 372 40 1.223700e+01 3.550000e+00 3.886600e+02 2.771000e+01 0
-4.331600e+00 1.138500e+01 5.088100e+00 -8.010300e-01 379 40 1.163800e+01 3.550000e+00 4.447100e+02 1.135200e+02 0
-4.653300e+00 1.088300e+01 5.925200e+00 -8.010300e-01 380 40 1.191400e+01 3.550000e+00 4.157500e+02 5.798700e+01 0
-2.270000e+00 3.794700e+00 -4.325000e-01 -7.689800e-01 131 41 9.965700e+00 3.550000e+00 2.848600e+02 4.844500e+02 0
-2.323200e+00 3.874200e+00 -4.384200e-01 -7.689800e-01 132 41 9.956700e+00 3.550000e+00 2.847100e+02 4.828000e+02 0
-2.629100e+00 3.658600e+00 -4.223700e-01 -7.689800e-01 133 41 9.729600e+00 3.550000e+00 2.088400e+02 4.868600e+02 0
-3.436700e+00 3.121800e+00 -3.824100e-01 -7.689800e-01 135 41 9.918200e+00 3.550000e+00 -3.184300e+01 4.991700e+02 0
-2.836200e+00 3.734700e+00 -4.280400e-01 -7.689800e-01 136 41 1.063500e+01 3.550000e+00 1.844800e+02 4.849800e+02 0
-2.671600e+00 3.832600e+00 -4.353200e-01 -7.689800e-01 137 41 1.133400e+01 3.550000e+00 2.239100e+02 4.832100e+02 0
-2.616500e+00 3.926300e+00 -4.423000e-01 -7.689800e-01 138 41 1.169900e+01 3.550000e+00 2.437700e+02 4.814600e+02 0
-2.598000e+00 3.981900e+00 -4.464400e-01 -7.689800e-01 139 41 1.145200e+01 3.550000e+00 2.529300e+02 4.804500e+02 0
-2.414600e+00 4.160700e+00 2.073700e+00 -7.689800e-01 151 41 1.214200e+01 3.550000e+00 3.037500e+02 1.125400e+02 0
-2.389500e+00 4.222800e+00 2.065700e+00 -7.689800e-01 152 41 1.244200e+01 3.550000e+00 3.129400e+02 1.171700e+02 0
-2.405300e+00 4.242900e+00 2.095400e+00 -7.689800e-01 153 41 1.197400e+01 3.550000e+00 3.124800e+02 1.142400e+02 0
-2.479000e+00 4.226400e+00 2.217500e+00 -7.689800e-01 155 41 1.159400e+01 3.550000e+00 3.006700e+02 9.658400e+01 0
-2.368200e+00 4.142300e+00 2.556200e+00 -7.689800e-01 156 41 1.226000e+01 3.550000e+00 3.096700e+02 4.362300e+01 0
-2.255800e+00 4.297200e+00 2.475200e+00 -7.689800e-01 157 41 1.216900e+01 3.550000e+00 3.388500e+02 6.547700e+01 0
-2.924800e+00 4.706700e+00 -5.003900e-01 -7.689800e-01 161 41 1.282300e+01 3.550000e+00 2.775600e+02 4.689300e+02 0
-3.031000e+00 4.719300e+00 -5.013300e-01 -7.689800e-01 162 41 1.317000e+01 3.550000e+00 2.647500e+02 4.686800e+02 0
-3.024100e+00 4.790100e+00 -5.066000e-01 -7.689800e-01 164 41 1.331700e+01 3.550000e+00 2.719400e+02 4.677800e+02 0
-3.132200e+00 4.791200e+00 -5.066900e-01 -7.689800e-01 165 41 1.390200e+01 3.550000e+00 2.581000e+02 4.676800e+02 0
-3.196300e+00 4.794400e+00 -5.069300e-01 -7.689800e-01 166 41 1.384400e+01 3.550000e+00 2.501300e+02 4.675800e+02 0
-3.125100e+00 4.882700e+00 -5.135000e-01 -7.689800e-01 167 41 1.386400e+01 3.550000e+00 2.671200e+02 4.665600e+02 0
-3.052800e+00 4.969400e+00 -5.199500e-01 -7.689800e-01 168 41 1.424600e+01 3.550000e+00 2.835200e+02 4.655900e+02 0
-3.162700e+00 4.938200e+00 -5.176300e-01 -7.689800e-01 169 41 1.433400e+01 3.550000e+00 2.671700e+02 4.658600e+02 0
-3.181600e+00 4.952100e+00 -5.186700e-01 -7.689800e-01 170 41 1.406700e+01 3.550000e+00 2.660100e+02 4.656900e+02 0
-3.097300e+00 4.996900e+00 -5.220000e-01 -7.689800e-01 173 41 1.417700e+01 3.550000e+00 2.802600e+02 4.652300e+02 0
-3.162500e+00 4.954800e+00 -5.188700e-01 -7.689800e-01 174 41 1.453800e+01 3.550000e+00 2.686300e+02 4.656700e+02 0
-3.180700e+00 4.977000e+00 -5.205200e-01 -7.689800e-01 175 41 1.467100e+01 3.550000e+00 2.682400e+02 4.654000e+02 0
-3.151300e+00 5.056300e+00 -5.264300e-01 -7.689800e-01 176 41 1.451200e+01 3.550000e+00 2.784900e+02 4.645100e+02 0
-3.230400e+00 5.329300e+00 1.704400e+00 -7.689800e-01 186 41 1.357600e+01 3.550000e+00 2.937700e+02 2.078500e+02 0
-3.247900e+00 5.427700e+00 -5.540800e-01 -7.689800e-01 187 41 1.359500e+01 3.550000e+00 2.957300e+02 4.605500e+02 0
-3.367400e+00 5.414800e+00 -5.531100e-01 -7.689800e-01 188 41 1.334400e+01 3.550000e+00 2.811400e+02 4.605900e+02 0
-3.385400e+00 5.358400e+00 1.712800e+00 -7.689800e-01 189 41 1.326600e+01 3.550000e+00 2.783300e+02 2.078700e+02 0
-3.369600e+00 5.516800e+00 -5.607100e-01 -7.689800e-01 191 41 1.303100e+01 3.550000e+00 2.884800e+02 4.596100e+02 0
-3.335200e+00 5.492500e+00 1.789700e+00 -7.689800e-01 192 41 1.307100e+01 3.550000e+00 2.939200e+02 2.032500e+02 0
-6.572700e-01 4.024100e+00 6.470700e+00 -7.689800e-01 220 41 1.138000e+01 3.550000e+00 5.556600e+02 -5.174500e+02 0
-5.402200e-01 4.088800e+00 6.482300e+00 -7.689800e-01 221 41 1.141500e+01 3.550000e+00 5.748000e+02 -5.065700e+02 0
-3.218700e+00 6.122200e+00 5.384900e+00 -7.689800e-01 252 41 1.194500e+01 3.550000e+00 3.490300e+02 -1.200700e+02 0
-2.956500e+00 6.584300e+00 5.035600e+00 -7.689800e-01 253 41 1.354700e+01 3.550000e+00 3.959600e+02 -5.796100e+01 0
-2.899200e+00 6.561700e+00 5.158200e+00 -7.689800e-01 254 41 1.404000e+01 3.550000e+00 4.002900e+02 -7.010800e+01 0
-2.841300e+00 6.504500e+00 5.320200e+00 -7.689800e-01 255 41 1.372400e+01 3.550000e+00 4.032300e+02 -8.804300e+01 0
-2.643800e+00 6.370100e+00 5.633800e+00 -7.689800e-01 256 41 1.282600e+01 3.550000e+00 4.161100e+02 -1.255000e+02 0
-2.235100e+00 6.314700e+00 5.921100e+00 -7.689800e-01 257 41 1.175300e+01 3.550000e+00 4.527600e+02 -1.563100e+02 0
-4.041300e+00 9.399900e+00 4.665500e+00 -7.689800e-01 323 41 1.249000e+01 3.550000e+00 4.123800e+02 8.847800e+01 0
-4.406300e+00 9.315200e+00 4.588400e+00 -7.689800e-01 324 41 1.276500e+01 3.550000e+00 3.860900e+02 9.119200e+01 0
-4.950400e+00 9.304100e+00 4.118200e+00 -7.689800e-01 325 41 1.258200e+01 3.550000e+00 3.500900e+02 1.207100e+02 0
-5.497700e+00 9.143300e+00 3.872800e+00 -7.689800e-01 326 41 1.241700e+01 3.550000e+00 3.079100e+02 1.326300e+02 0
-5.085400e+00 9.951600e+00 2.349400e+00 -7.689800e-01 328 41 1.210800e+01 3.550000e+00 3.627300e+02 2.405000e+02 0
-5.101000e+00 9.681000e+00 3.387000e+00 -7.689800e-01 329 41 1.272600e+01 3.550000e+00 3.532600e+02 1.740800e+02 0
-4.413400e+00 9.053200e+00 6.088800e+00 -7.689800e-01 338 41 1.241900e+01 3.550000e+00 3.776800e+02 -1.181800e+01 0
-4.703200e+00 8.907000e+00 6.154800e+00 -7.689800e-01 339 41 1.280600e+01 3.550000e+00 3.532000e+02 -2.157000e+01 0
-4.261700e+00 9.715900e+00 6.414300e+00 -7.689800e-01 356 41 1.175100e+01 3.550000e+00 4.080100e+02 -6.585800e+00 0
-4.468000e+00 9.880700e+00 6.081200e+00 -7.689800e-01 357 41 1.164200e+01 3.550000e+00 3.999000e+02 1.893000e+01 0
-5.020200e+00 1.053500e+01 5.383600e+00 -7.689800e-01 369 41 1.100900e+01 3.550000e+00 3.856100e+02 7.831100e+01 0
-5.033900e+00 1.064500e+01 5.236200e+00 -7.689800e-01 370 41 1.147800e+01 3.550000e+00 3.878600e+02 8.918600e+01 0
-5.148500e+00 1.069400e+01 5.108500e+00 -7.689800e-01 371 41 1.136700e+01 3.550000e+00 3.827000e+02 9.743000e+01 0
-2.323200e+00 3.848200e+00 -4.364800e-01 -7.369400e-01 132 42 1.036100e+01 3.550000e+00 2.819500e+02 4.833100e+02 0
-2.737100e+00 3.566800e+00 -4.155400e-01 -7.369400e-01 133 42 1.167000e+01 3.550000e+00 1.777200e+02 4.887500e+02 0
-2.866700e+00 3.565000e+00 -4.154000e-01 -7.369400e-01 134 42 1.294400e+01 3.550000e+00 1.550900e+02 4.886200e+02 0
-2.888300e+00 3.612300e+00 -4.189200e-01 -7.369400e-01 135 42 1.338000e+01 3.550000e+00 1.584400e+02 4.875400e+02 0
-2.909800e+00 3.650700e+00 -4.217800e-01 -7.369400e-01 136 42 1.297900e+01 3.550000e+00 1.604100e+02 4.866700e+02 0
-2.820100e+00 3.733100e+00 -4.279200e-01 -7.369400e-01 137 42 1.241300e+01 3.550000e+00 1.869100e+02 4.850400e+02 0
-2.766000e+00 3.800500e+00 -4.329300e-01 -7.369400e-01 138 42 1.222700e+01 3.550000e+00 2.046200e+02 4.837300e+02 0
-2.673300e+00 3.952000e+00 -4.442200e-01 -7.369400e-01 139 42 1.141400e+01 3.550000e+00 2.378100e+02 4.809200e+02 0
-2.962200e+00 3.799400e+00 -4.328600e-01 -7.369400e-01 142 42 1.251000e+01 3.550000e+00 1.726900e+02 4.835200e+02 0
-2.905700e+00 3.822700e+00 -4.345800e-01 -7.369400e-01 143 42 1.270200e+01 3.550000e+00 1.849300e+02 4.831200e+02 0
-2.926200e+00 3.827900e+00 -4.349700e-01 -7.369400e-01 144 42 1.216000e+01 3.550000e+00 1.823300e+02 483 0
-3.469700e+00 4.240600e+00 -4.657000e-01 -7.369400e-01 158 42 1.247200e+01 3.550000e+00 1.530600e+02 4.751200e+02 0
-3.405600e+00 4.319800e+00 -4.715900e-01 -7.369400e-01 159 42 1.396800e+01 3.550000e+00 1.719800e+02 4.739500e+02 0
-3.383700e+00 4.388500e+00 -4.767000e-01 -7.369400e-01 160 42 1.467900e+01 3.550000e+00 1.831300e+02 4.729400e+02 0
-3.361400e+00 4.458100e+00 -4.818900e-01 -7.369400e-01 161 42 1.451600e+01 3.550000e+00 1.941200e+02 4.719400e+02 0
-3.206700e+00 4.616100e+00 -4.936500e-01 -7.369400e-01 162 42 1.343800e+01 3.550000e+00 2.317200e+02 4.698900e+02 0
-3.246500e+00 4.653500e+00 -4.964300e-01 -7.369400e-01 164 42 1.379000e+01 3.550000e+00 2.301300e+02 4.693500e+02 0
-3.221700e+00 4.684800e+00 -4.987700e-01 -7.369400e-01 165 42 1.461800e+01 3.550000e+00 2.364800e+02 4.689600e+02 0
-3.331400e+00 4.647100e+00 -4.959600e-01 -7.369400e-01 166 42 1.473900e+01 3.550000e+00 2.182600e+02 4.693600e+02 0
-3.442100e+00 4.631000e+00 -4.947600e-01 -7.369400e-01 167 42 1.445600e+01 3.550000e+00 2.019100e+02 4.694800e+02 0
-3.599600e+00 4.580200e+00 -4.909800e-01 -7.369400e-01 168 42 1.411600e+01 3.550000e+00 1.754200e+02 4.700200e+02 0
-3.628700e+00 5.348800e+00 1.500500e+00 -7.369400e-01 191 42 1.350400e+01 3.550000e+00 2.496500e+02 2.312100e+02 0
-3.647800e+00 5.220600e+00 1.982900e+00 -7.369400e-01 192 42 1.347100e+01 3.550000e+00 2.377100e+02 1.737700e+02 0
-3.666900e+00 5.008900e+00 2.534800e+00 -7.369400e-01 193 42 1.354200e+01 3.550000e+00 2.178600e+02 1.019500e+02 0
-3.738700e+00 4.956100e+00 2.624800e+00 -7.369400e-01 194 42 1.337400e+01 3.550000e+00 2.045000e+02 8.888300e+01 0
-3.863900e+00 4.997800e+00 2.448200e+00 -7.369400e-01 195 42 1.236500e+01 3.550000e+00 1.930700e+02 1.117400e+02 0
-3.529400e+00 5.581600e+00 1.800600e+00 -7.369400e-01 197 42 1.236200e+01 3.550000e+00 2.790400e+02 2.047400e+02 0
-3.601200e+00 5.601900e+00 1.727300e+00 -7.369400e-01 198 42 1.229700e+01 3.550000e+00 2.726200e+02 2.130700e+02 0
-5.819600e-01 5.829800e+00 -5.840100e-01 -7.369400e-01 238 42 1.145500e+01 3.550000e+00 6.110400e+02 4.586000e+02 0
-5.194800e-01 5.835300e+00 -5.844200e-01 -7.369400e-01 239 42 1.148500e+01 3.550000e+00 6.179700e+02 4.585900e+02 0
-4.564600e-01 6.055400e+00 -6.008000e-01 -7.369400e-01 240 42 1.122000e+01 3.550000e+00 6.274300e+02 4.567500e+02 0
-2.956500e+00 6.466900e+00 5.185500e+00 -7.369400e-01 253 42 1.311600e+01 3.550000e+00 3.908400e+02 -7.848700e+01 0
-2.899200e+00 6.338000e+00 5.430700e+00 -7.369400e-01 254 42 1.349700e+01 3.550000e+00 3.904900e+02 -1.091500e+02 0
-2.772000e+00 6.335700e+00 5.555200e+00 -7.369400e-01 255 42 1.291700e+01 3.550000e+00 4.024900e+02 -1.207300e+02 0
-2.643800e+00 7.266200e+00 4.418100e+00 -7.369400e-01 256 42 1.177800e+01 3.550000e+00 4.489200e+02 2.861900e+01 0
-3.331900e+00 7.112200e+00 6.056900e+00 -7.369400e-01 285 42 1.104500e+01 3.550000e+00 386 -1.088400e+02 0
-5.658700e+00 7.683200e+00 4.733400e+00 -7.369400e-01 306 42 1.149300e+01 3.550000e+00 2.259000e+02 2.654500e+01 0
-5.593700e+00 7.844500e+00 4.623400e+00 -7.369400e-01 307 42 1.149700e+01 3.550000e+00 2.399200e+02 4.110200e+01 0
-5.280000e+00 9.347400e+00 3.995200e+00 -7.369400e-01 329 42 1.163900e+01 3.550000e+00 3.302300e+02 1.297000e+02 0
-5.026800e+00 9.169000e+00 4.762000e+00 -7.369400e-01 330 42 1.208400e+01 3.550000e+00 3.405400e+02 7.662200e+01 0
-4.862000e+00 9.294700e+00 4.773700e+00 -7.369400e-01 331 42 1.200600e+01 3.550000e+00 3.558600e+02 7.947500e+01 0
-4.876700e+00 9.145900e+00 5.118100e+00 -7.369400e-01 332 42 1.198300e+01 3.550000e+00 3.497700e+02 5.330400e+01 0
-8.512600e-01 4.458600e+00 -4.819200e-01 -7.049000e-01 131 43 1.023900e+01 3.550000e+00 5.465900e+02 4.743200e+02 0
-2.809100e+00 3.524500e+00 -4.123800e-01 -7.049000e-01 133 43 1.184700e+01 3.550000e+00 1.589700e+02 4.896300e+02 0
-2.830400e+00 3.574400e+00 -4.161000e-01 -7.049000e-01 134 43 1.342700e+01 3.550000e+00 1.627300e+02 4.884600e+02 0
-2.851700e+00 3.615900e+00 -4.191900e-01 -7.049000e-01 135 43 1.381800e+01 3.550000e+00 1.651900e+02 4.875000e+02 0
-2.909800e+00 3.625900e+00 -4.199400e-01 -7.049000e-01 136 43 1.325900e+01 3.550000e+00 1.567800e+02 4.872100e+02 0
-2.931400e+00 3.624600e+00 -4.198400e-01 -7.049000e-01 137 43 1.230700e+01 3.550000e+00 1.529400e+02 4.872100e+02 0
-2.915500e+00 3.626400e+00 -4.199700e-01 -7.049000e-01 138 43 1.182700e+01 3.550000e+00 1.558900e+02 4.871900e+02 0
-2.962200e+00 3.740900e+00 -4.285000e-01 -7.049000e-01 142 43 1.305200e+01 3.550000e+00 1.645900e+02 4.847000e+02 0
-3.512500e+00 4.206300e+00 -4.631400e-01 -7.049000e-01 158 43 1.471100e+01 3.550000e+00 1.424600e+02 4.756300e+02 0
-3.491800e+00 4.269900e+00 -4.678800e-01 -7.049000e-01 159 43 1.589000e+01 3.550000e+00 1.535700e+02 4.746400e+02 0
-3.470500e+00 4.332500e+00 -4.725400e-01 -7.049000e-01 160 43 1.615900e+01 3.550000e+00 1.643100e+02 4.737000e+02 0
-3.536000e+00 4.323500e+00 -4.718700e-01 -7.049000e-01 161 43 1.545800e+01 3.550000e+00 1.539400e+02 4.737700e+02 0
-3.355900e+00 4.551500e+00 -4.888400e-01 -7.049000e-01 165 43 1.433100e+01 3.550000e+00 2.050300e+02 4.706300e+02 0
-3.466400e+00 4.515800e+00 -4.861800e-01 -7.049000e-01 166 43 1.478000e+01 3.550000e+00 1.861700e+02 4.710300e+02 0
-3.578000e+00 4.492600e+00 -4.844600e-01 -7.049000e-01 167 43 1.470500e+01 3.550000e+00 1.683400e+02 4.712500e+02 0
-3.736200e+00 4.410400e+00 -4.783400e-01 -7.049000e-01 168 43 1.444500e+01 3.550000e+00 1.367100e+02 4.722800e+02 0
-3.896100e+00 4.308500e+00 -4.707500e-01 -7.049000e-01 169 43 1.370700e+01 3.550000e+00 1.010800e+02 4.736500e+02 0
-3.809400e+00 4.623600e+00 1.785900e+00 -7.049000e-01 180 43 1.303900e+01 3.550000e+00 1.591100e+02 1.752700e+02 0
-3.879800e+00 4.711000e+00 1.506600e+00 -7.049000e-01 181 43 1.357000e+01 3.550000e+00 1.590100e+02 2.134300e+02 0
-3.950700e+00 4.697000e+00 1.512300e+00 -7.049000e-01 182 43 1.345500e+01 3.550000e+00 1.484100e+02 2.123500e+02 0
-3.939800e+00 5.250800e+00 -5.409100e-01 -7.049000e-01 191 43 1.286900e+01 3.550000e+00 2.012600e+02 4.618300e+02 0
-3.908400e+00 5.124200e+00 1.720600e+00 -7.049000e-01 192 43 1.290100e+01 3.550000e+00 1.981800e+02 2.005900e+02 0
-3.824100e+00 4.866500e+00 2.579500e+00 -7.049000e-01 193 43 1.322000e+01 3.550000e+00 1.852200e+02 8.955400e+01 0
-3.738700e+00 4.805700e+00 2.891000e+00 -7.049000e-01 194 43 1.334900e+01 3.550000e+00 1.903800e+02 4.875600e+01 0
-3.652200e+00 4.663200e+00 3.289000e+00 -7.049000e-01 195 43 1.274000e+01 3.550000e+00 1.876300e+02 -9.426700e+00 0
-4.264700e+00 5.485300e+00 -5.583600e-01 -7.049000e-01 204 43 1.211300e+01 3.550000e+00 1.858100e+02 4.593000e+02 0
-4.341400e+00 5.641300e+00 -5.699700e-01 -7.049000e-01 205 43 1.207600e+01 3.550000e+00 1.913700e+02 4.578300e+02 0
-2.681500e+00 7.440600e+00 -7.039200e-01 -7.049000e-01 253 43 1.130800e+01 3.550000e+00 4.505800e+02 4.464600e+02 0
-2.899200e+00 6.446100e+00 5.301900e+00 -7.049000e-01 254 43 1.125000e+01 3.550000e+00 3.953000e+02 -9.023600e+01 0
-6.220700e+00 7.605500e+00 4.021600e+00 -7.049000e-01 305 43 1.156000e+01 3.550000e+00 1.764100e+02 7.749600e+01 0
-6.074700e+00 7.723100e+00 4.112000e+00 -7.049000e-01 306 43 1.212600e+01 3.550000e+00 1.953400e+02 7.478100e+01 0
-6.094700e+00 7.861100e+00 3.906400e+00 -7.049000e-01 307 43 1.194400e+01 3.550000e+00 2.019500e+02 9.468600e+01 0
-2.428500e+00 3.481600e+00 1.508900e+00 -6.728600e-01 130 44 1.026500e+01 3.550000e+00 2.258000e+02 1.599800e+02 0
-2.721600e+00 3.698200e+00 -4.253100e-01 -6.728600e-01 134 44 1.127300e+01 3.550000e+00 1.985600e+02 4.858900e+02 0
-2.851700e+00 3.605500e+00 -4.184200e-01 -6.728600e-01 135 44 1.198700e+01 3.550000e+00 1.636700e+02 4.877300e+02 0
-2.836200e+00 3.596400e+00 -4.177400e-01 -6.728600e-01 136 44 1.185200e+01 3.550000e+00 1.649900e+02 4.879600e+02 0
-2.820100e+00 3.505600e+00 1.522000e+00 -6.728600e-01 137 44 1.118300e+01 3.550000e+00 1.616100e+02 1.598200e+02 0
-2.671600e+00 3.358300e+00 2.621900e+00 -6.728600e-01 145 44 1.204400e+01 3.550000e+00 1.696400e+02 -3.814600e+01 0
-2.742000e+00 3.693900e+00 2.505600e+00 -6.728600e-01 151 44 1.253100e+01 3.550000e+00 2.038500e+02 1.519700e+01 0
-2.925100e+00 3.681500e+00 2.387400e+00 -6.728600e-01 152 44 1.317600e+01 3.550000e+00 1.722100e+02 3.302400e+01 0
-3.068900e+00 3.715200e+00 2.226700e+00 -6.728600e-01 153 44 1.346300e+01 3.550000e+00 1.531700e+02 6.117700e+01 0
-3.172600e+00 3.735000e+00 2.129600e+00 -6.728600e-01 154 44 1.326300e+01 3.550000e+00 1.390500e+02 7.794700e+01 0
-3.235300e+00 3.631100e+00 2.296200e+00 -6.728600e-01 155 44 1.270400e+01 3.550000e+00 1.141700e+02 4.389300e+01 0
-3.512500e+00 4.210000e+00 -4.634200e-01 -6.728600e-01 158 44 1.503900e+01 3.550000e+00 1.429400e+02 4.755700e+02 0
-3.534900e+00 4.236100e+00 -4.653600e-01 -6.728600e-01 159 44 1.617000e+01 3.550000e+00 1.430800e+02 4.751300e+02 0
-3.557300e+00 4.262400e+00 -4.673200e-01 -6.728600e-01 160 44 1.631800e+01 3.550000e+00 1.432300e+02 4.746900e+02 0
-3.623300e+00 4.253300e+00 -4.666400e-01 -6.728600e-01 161 44 1.541200e+01 3.550000e+00 1.325800e+02 4.747700e+02 0
-3.601500e+00 4.384700e+00 -4.764300e-01 -6.728600e-01 166 44 1.363900e+01 3.550000e+00 1.522700e+02 4.727900e+02 0
-3.668600e+00 4.394800e+00 -4.771700e-01 -6.728600e-01 167 44 1.384800e+01 3.550000e+00 1.441600e+02 4.725800e+02 0
-3.599600e+00 4.466400e+00 -4.825000e-01 -6.728600e-01 168 44 1.359400e+01 3.550000e+00 1.623300e+02 4.716000e+02 0
-4.102400e+00 4.507000e+00 -4.855300e-01 -6.728600e-01 180 44 1.295600e+01 3.550000e+00 9.901200e+01 4.705700e+02 0
-4.027100e+00 4.603500e+00 -4.927200e-01 -6.728600e-01 181 44 1.367400e+01 3.550000e+00 1.212800e+02 4.693300e+02 0
-4.098800e+00 4.590300e+00 -4.917300e-01 -6.728600e-01 182 44 1.358700e+01 3.550000e+00 1.101300e+02 4.694400e+02 0
-4.121500e+00 4.569900e+00 1.590100e+00 -6.728600e-01 183 44 1.309100e+01 3.550000e+00 1.115800e+02 1.985200e+02 0
-3.765200e+00 3.862800e+00 4.437000e+00 -6.728600e-01 201 44 1.188900e+01 3.550000e+00 7.561400e+01 -2.471500e+02 0
-3.838800e+00 4.631200e+00 3.618100e+00 -6.728600e-01 202 44 1.208200e+01 3.550000e+00 1.613400e+02 -5.171300e+01 0
-3.857900e+00 5.041300e+00 3.077000e+00 -6.728600e-01 203 44 1.200700e+01 3.550000e+00 1.993900e+02 4.189800e+01 0
-5.367000e+00 6.288800e+00 2.695400e+00 -6.728600e-01 250 44 1.199200e+01 3.550000e+00 1.501800e+02 1.404000e+02 0
-5.525000e+00 6.258300e+00 2.556400e+00 -6.728600e-01 251 44 1.321700e+01 3.550000e+00 1.323100e+02 1.523800e+02 0
-5.615600e+00 6.239900e+00 2.523400e+00 -6.728600e-01 252 44 1.334100e+01 3.550000e+00 1.220200e+02 1.549300e+02 0
-5.569200e+00 6.294300e+00 2.611100e+00 -6.728600e-01 253 44 1.230800e+01 3.550000e+00 1.313600e+02 1.485400e+02 0
-6.795000e+00 7.071900e+00 2.919000e+00 -6.728600e-01 294 44 1.133000e+01 3.550000e+00 8.880300e+01 1.470700e+02 0
-6.738000e+00 7.282700e+00 2.642500e+00 -6.728600e-01 295 44 1.206300e+01 3.550000e+00 1.097100e+02 1.749800e+02 0
-6.760900e+00 7.416500e+00 2.329000e+00 -6.728600e-01 296 44 1.209500e+01 3.550000e+00 1.174100e+02 2.028100e+02 0
-7.026100e+00 7.446500e+00 -7.043600e-01 -6.728600e-01 297 44 1.119600e+01 3.550000e+00 9.203200e+01 4.445300e+02 0
-6.324400e+00 7.266400e+00 4.545200e+00 -6.728600e-01 306 44 1.175900e+01 3.550000e+00 1.458300e+02 2.382700e+01 0
-6.345100e+00 7.536300e+00 4.140800e+00 -6.728600e-01 307 44 1.171600e+01 3.550000e+00 1.622800e+02 6.608000e+01 0
-6.005400e+00 7.853600e+00 5.135000e+00 -6.728600e-01 320 44 1.076100e+01 3.550000e+00 2.099800e+02 4.845500e+00 0
-6.111600e+00 7.665900e+00 5.364000e+00 -6.728600e-01 321 44 1.091300e+01 3.550000e+00 1.908400e+02 -2.028400e+01 0
-2.989200e+00 2.885900e+00 1.996700e+00 -6.408200e-01 133 45 1.089400e+01 3.550000e+00 1.929500e+01 2.358000e+01 0
-3.011900e+00 3.176800e+00 1.552800e+00 -6.408200e-01 134 45 1.111200e+01 3.550000e+00 7.226000e+01 1.342800e+02 0
-3.034500e+00 3.259500e+00 -3.926600e-01 -6.408200e-01 135 45 1.086600e+01 3.550000e+00 7.344000e+01 4.959400e+02 0
-3.248700e+00 3.375700e+00 2.099000e+00 -6.408200e-01 148 45 1.220900e+01 3.550000e+00 6.875600e+01 5.428300e+01 0
-3.270800e+00 3.432400e+00 2.058100e+00 -6.408200e-01 149 45 1.266100e+01 3.550000e+00 7.468200e+01 6.607200e+01 0
-3.414800e+00 3.393400e+00 1.975100e+00 -6.408200e-01 150 45 1.265200e+01 3.550000e+00 4.234400e+01 7.723100e+01 0
-3.276200e+00 3.607500e+00 2.105000e+00 -6.408200e-01 153 45 1.278500e+01 3.550000e+00 1.029800e+02 7.245700e+01 0
-3.641000e+00 4.097400e+00 -4.550400e-01 -6.408200e-01 158 45 1.373600e+01 3.550000e+00 1.088200e+02 4.772900e+02 0
-3.664200e+00 4.115300e+00 -4.563700e-01 -6.408200e-01 159 45 1.492900e+01 3.550000e+00 1.079100e+02 4.769600e+02 0
-3.687400e+00 4.133100e+00 -4.576900e-01 -6.408200e-01 160 45 1.503500e+01 3.550000e+00 1.069700e+02 4.766400e+02 0
-3.797900e+00 4.065000e+00 -4.526200e-01 -6.408200e-01 161 45 1.404000e+01 3.550000e+00 8.071800e+01 4.776700e+02 0
-4.273700e+00 4.320500e+00 -4.716400e-01 -6.408200e-01 177 45 1.280800e+01 3.550000e+00 4.966600e+01 4.731000e+02 0
-4.151200e+00 4.480600e+00 -4.835600e-01 -6.408200e-01 180 45 1.344200e+01 3.550000e+00 8.893000e+01 4.709000e+02 0
-4.174400e+00 4.514600e+00 -4.860900e-01 -6.408200e-01 181 45 1.382200e+01 3.550000e+00 9.030300e+01 4.704000e+02 0
-4.197600e+00 4.540300e+00 -4.880100e-01 -6.408200e-01 182 45 1.340500e+01 3.550000e+00 9.057300e+01 4.700300e+02 0
-4.270500e+00 4.382500e+00 1.719200e+00 -6.408200e-01 183 45 1.231300e+01 3.550000e+00 6.775100e+01 1.747800e+02 0
-4.468000e+00 3.990600e+00 2.324700e+00 -6.408200e-01 185 45 1.178800e+01 3.550000e+00 -1.755500e+01 7.021100e+01 0
-4.904000e+00 5.403600e+00 -5.522800e-01 -6.408200e-01 210 45 1.170000e+01 3.550000e+00 1.061800e+02 4.596400e+02 0
-5.042100e+00 5.308000e+00 -5.451600e-01 -6.408200e-01 211 45 1.205600e+01 3.550000e+00 8.002300e+01 4.604700e+02 0
-5.434900e+00 6.213400e+00 2.733800e+00 -6.408200e-01 250 45 1.170500e+01 3.550000e+00 1.374100e+02 1.343000e+02 0
-5.593200e+00 6.200700e+00 2.548500e+00 -6.408200e-01 251 45 1.294700e+01 3.550000e+00 1.207300e+02 1.513000e+02 0
-5.615600e+00 6.291800e+00 2.391200e+00 -6.408200e-01 252 45 1.304600e+01 3.550000e+00 1.262600e+02 1.687700e+02 0
-5.500400e+00 6.523900e+00 2.153100e+00 -6.408200e-01 253 45 1.186600e+01 3.550000e+00 1.558100e+02 1.965700e+02 0
-6.555200e+00 7.389200e+00 2.671000e+00 -6.408200e-01 294 45 1.120300e+01 3.550000e+00 1.325700e+02 1.752000e+02 0
-6.577600e+00 7.306800e+00 2.960900e+00 -6.408200e-01 295 45 1.242900e+01 3.550000e+00 1.252200e+02 1.502200e+02 0
-6.680400e+00 7.292200e+00 2.887000e+00 -6.408200e-01 296 45 1.240400e+01 3.550000e+00 1.156200e+02 1.557600e+02 0
-6.258900e+00 5.212000e+00 7.132200e+00 -6.408200e-01 311 45 1.062900e+01 3.550000e+00 -3.942500e+01 -3.710500e+02 0
-6.364000e+00 5.783800e+00 6.634200e+00 -6.408200e-01 312 45 1.073000e+01 3.550000e+00 1.596100e+01 -2.568300e+02 0
-3.035300e+00 2.259500e+00 2.176700e+00 -6.087800e-01 126 46 1.090100e+01 3.550000e+00 -1.680300e+02 -1.098800e+02 0
-3.025200e+00 2.535700e+00 1.944500e+00 -6.087800e-01 127 46 1.164700e+01 3.550000e+00 -7.842600e+01 -9.235700e+00 0
-3.083900e+00 2.622600e+00 1.812000e+00 -6.087800e-01 128 46 1.167100e+01 3.550000e+00 -6.811500e+01 3.155100e+01 0
-3.352600e+00 2.601200e+00 -3.436500e-01 -6.087800e-01 129 46 1.066300e+01 3.550000e+00 -1.555200e+02 5.174500e+02 0
-3.050300e+00 3.129800e+00 -3.830000e-01 -6.087800e-01 131 46 1.086400e+01 3.550000e+00 4.486100e+01 4.995600e+02 0
-3.293200e+00 2.944900e+00 2.252800e+00 -6.087800e-01 143 46 1.151100e+01 3.550000e+00 -2.649800e+01 -1.828800e+01 0
-3.277300e+00 3.153300e+00 2.063100e+00 -6.087800e-01 144 46 1.236200e+01 3.550000e+00 2.088500e+01 4.004200e+01 0
-3.300300e+00 3.146700e+00 2.120600e+00 -6.087800e-01 145 46 1.256500e+01 3.550000e+00 1.560700e+01 2.903200e+01 0
-3.323200e+00 2.878600e+00 2.512600e+00 -6.087800e-01 146 46 1.225200e+01 3.550000e+00 -4.647400e+01 -7.735000e+01 0
-3.545300e+00 2.650300e+00 2.530700e+00 -6.087800e-01 147 46 1.182100e+01 3.550000e+00 -1.546500e+02 -1.157200e+02 0
-3.649800e+00 2.844500e+00 2.223300e+00 -6.087800e-01 148 46 1.202400e+01 3.550000e+00 -1.235600e+02 -2.374400e+01 0
-3.513100e+00 3.130900e+00 2.137900e+00 -6.087800e-01 149 46 1.241400e+01 3.550000e+00 -2.734900e+01 2.496800e+01 0
-3.455500e+00 3.321900e+00 2.025300e+00 -6.087800e-01 150 46 1.279300e+01 3.550000e+00 2.194200e+01 6.278500e+01 0
-3.519600e+00 3.383700e+00 1.898700e+00 -6.087800e-01 151 46 1.284400e+01 3.550000e+00 2.188300e+01 8.970200e+01 0
-3.947700e+00 3.842000e+00 -4.360300e-01 -6.087800e-01 160 46 1.328600e+01 3.550000e+00 2.201400e+01 4.815300e+02 0
-3.885200e+00 3.853000e+00 -4.368400e-01 -6.087800e-01 161 46 1.279900e+01 3.550000e+00 3.370600e+01 4.813900e+02 0
-3.889600e+00 3.987000e+00 -4.468200e-01 -6.087800e-01 163 46 1.264200e+01 3.550000e+00 5.492700e+01 4.789300e+02 0
-3.913600e+00 4.077600e+00 -4.535600e-01 -6.087800e-01 164 46 1.281800e+01 3.550000e+00 6.536300e+01 4.773400e+02 0
-3.982300e+00 4.070400e+00 -4.530300e-01 -6.087800e-01 165 46 1.275700e+01 3.550000e+00 5.402700e+01 4.773900e+02 0
-4.374100e+00 3.770800e+00 -4.307300e-01 -6.087800e-01 168 46 1.260500e+01 3.550000e+00 -5.854100e+01 4.824100e+02 0
-4.395400e+00 4.339400e+00 -4.730500e-01 -6.087800e-01 180 46 1.218800e+01 3.550000e+00 3.547400e+01 4.727000e+02 0
-4.420000e+00 4.384100e+00 -4.763800e-01 -6.087800e-01 181 46 1.253800e+01 3.550000e+00 3.869300e+01 4.720200e+02 0
-4.543300e+00 4.330700e+00 -4.724100e-01 -6.087800e-01 182 46 1.233600e+01 3.550000e+00 1.358100e+01 4.726900e+02 0
-4.667700e+00 4.257200e+00 -4.669300e-01 -6.087800e-01 183 46 1.172800e+01 3.550000e+00 -1.553600e+01 4.736800e+02 0
-4.643400e+00 4.086000e+00 1.608600e+00 -6.087800e-01 184 46 1.140600e+01 3.550000e+00 -3.037400e+01 1.778900e+02 0
-4.618600e+00 3.857900e+00 2.253300e+00 -6.087800e-01 185 46 1.174900e+01 3.550000e+00 -6.403700e+01 7.152800e+01 0
-4.542800e+00 4.003000e+00 2.254100e+00 -6.087800e-01 186 46 1.150300e+01 3.550000e+00 -2.670300e+01 8.131700e+01 0
-5.018000e+00 5.291000e+00 -5.439000e-01 -6.087800e-01 210 46 1.147000e+01 3.550000e+00 8.083400e+01 4.606500e+02 0
-5.099300e+00 5.253600e+00 -5.411100e-01 -6.087800e-01 211 46 1.182100e+01 3.550000e+00 6.719300e+01 4.609700e+02 0
-5.181200e+00 5.173900e+00 -5.351800e-01 -6.087800e-01 212 46 1.114400e+01 3.550000e+00 4.815900e+01 4.617200e+02 0
-2.342000e+00 7.671200e+00 -7.210900e-01 -6.087800e-01 233 46 1.127700e+01 3.550000e+00 4.856700e+02 4.454300e+02 0
-6.577600e+00 7.401400e+00 2.715700e+00 -6.087800e-01 295 46 1.099100e+01 3.550000e+00 1.317500e+02 1.720100e+02 0
-6.519500e+00 7.655500e+00 2.242400e+00 -6.087800e-01 296 46 1.083400e+01 3.550000e+00 1.534600e+02 2.140800e+02 0
-6.852600e+00 6.326700e+00 4.695900e+00 -6.087800e-01 300 46 1.095200e+01 3.550000e+00 2.056000e+01 -3.620100e+01 0
-6.957400e+00 5.961600e+00 5.081500e+00 -6.087800e-01 301 46 1.067500e+01 3.550000e+00 -2.709400e+01 -9.490500e+01 0
-3.180200e+00 2.339200e+00 1.779800e+00 -5.767400e-01 125 47 1.060300e+01 3.550000e+00 -1.802800e+02 1.625200e+00 0
-3.103500e+00 2.457700e+00 1.839800e+00 -5.767400e-01 126 47 1.140500e+01 3.550000e+00 -1.213400e+02 4.027000e+00 0
-3.059600e+00 2.562300e+00 1.853700e+00 -5.767400e-01 127 47 1.200900e+01 3.550000e+00 -7.937400e+01 1.473600e+01 0
-3.083900e+00 2.626600e+00 1.806100e+00 -5.767400e-01 128 47 1.191900e+01 3.550000e+00 -6.703500e+01 3.332200e+01 0
-3.317700e+00 2.619300e+00 -3.449900e-01 -5.767400e-01 129 47 1.129000e+01 3.550000e+00 -1.417500e+02 5.167800e+02 0
-3.273200e+00 2.624100e+00 1.641900e+00 -5.767400e-01 130 47 1.131400e+01 3.550000e+00 -1.112700e+02 6.946600e+01 0
-3.121300e+00 2.545700e+00 2.095000e+00 -5.767400e-01 131 47 1.185200e+01 3.550000e+00 -9.608700e+01 -4.084700e+01 0
-3.109500e+00 2.391700e+00 2.353800e+00 -5.767400e-01 132 47 1.214100e+01 3.550000e+00 -1.388400e+02 -1.260300e+02 0
-3.205300e+00 2.315800e+00 2.369400e+00 -5.767400e-01 133 47 1.201200e+01 3.550000e+00 -1.880500e+02 -1.442300e+02 0
-3.511400e+00 3.072500e+00 1.780400e+00 -5.767400e-01 144 47 1.240100e+01 3.550000e+00 -4.260200e+01 8.530400e+01 0
-3.536000e+00 3.038600e+00 1.885200e+00 -5.767400e-01 145 47 1.264600e+01 3.550000e+00 -5.446100e+01 6.267000e+01 0
-3.560500e+00 2.945200e+00 2.071600e+00 -5.767400e-01 146 47 1.245100e+01 3.550000e+00 -8.060600e+01 1.763900e+01 0
-3.704600e+00 3.112100e+00 1.609000e+00 -5.767400e-01 147 47 1.201800e+01 3.550000e+00 -7.117500e+01 1.208400e+02 0
-3.810200e+00 3.108500e+00 -3.814100e-01 -5.767400e-01 148 47 1.210600e+01 3.550000e+00 -1.071900e+02 4.989500e+02 0
-3.755300e+00 3.016800e+00 1.873800e+00 -5.767400e-01 149 47 1.205500e+01 3.550000e+00 -1.020900e+02 6.340700e+01 0
-4.278100e+00 3.566100e+00 -4.154900e-01 -5.767400e-01 161 47 1.250100e+01 3.550000e+00 -8.477600e+01 4.867600e+02 0
-4.304800e+00 3.600000e+00 -4.180100e-01 -5.767400e-01 162 47 1.281400e+01 3.550000e+00 -8.203400e+01 4.859900e+02 0
-4.331600e+00 3.630300e+00 -4.202600e-01 -5.767400e-01 163 47 1.293100e+01 3.550000e+00 -8.009800e+01 4.853100e+02 0
-4.402800e+00 3.606900e+00 -4.185200e-01 -5.767400e-01 164 47 1.276200e+01 3.550000e+00 -9.682600e+01 4.857200e+02 0
-4.519300e+00 3.508400e+00 -4.111800e-01 -5.767400e-01 165 47 1.277600e+01 3.550000e+00 -1.383700e+02 4.877200e+02 0
-4.636900e+00 3.420800e+00 -4.046600e-01 -5.767400e-01 166 47 1.269900e+01 3.550000e+00 -1.796200e+02 4.895800e+02 0
-4.438500e+00 3.647600e+00 -4.215500e-01 -5.767400e-01 167 47 1.302100e+01 3.550000e+00 -9.402400e+01 4.848100e+02 0
-4.374100e+00 3.732100e+00 -4.278400e-01 -5.767400e-01 168 47 1.355400e+01 3.550000e+00 -6.621100e+01 4.831700e+02 0
-4.354500e+00 3.728100e+00 -4.275400e-01 -5.767400e-01 169 47 1.303600e+01 3.550000e+00 -6.384300e+01 4.832700e+02 0
-4.452700e+00 3.528100e+00 1.724300e+00 -5.767400e-01 171 47 1.252900e+01 3.550000e+00 -1.077400e+02 1.308500e+02 0
-4.432300e+00 3.541700e+00 1.864100e+00 -5.767400e-01 172 47 1.317900e+01 3.550000e+00 -1.005000e+02 1.090200e+02 0
-4.458200e+00 3.403100e+00 2.150700e+00 -5.767400e-01 173 47 1.239300e+01 3.550000e+00 -1.337000e+02 5.132400e+01 0
-4.924200e+00 4.222500e+00 -4.643500e-01 -5.767400e-01 189 47 1.220900e+01 3.550000e+00 -5.767400e+01 4.739600e+02 0
-5.105100e+00 4.128200e+00 -4.573300e-01 -5.767400e-01 190 47 1.214100e+01 3.550000e+00 -1.006000e+02 4.752700e+02 0
-5.267100e+00 4.124400e+00 -4.570400e-01 -5.767400e-01 196 47 1.084500e+01 3.550000e+00 -1.247100e+02 4.751600e+02 0
-5.106200e+00 3.723500e+00 2.719500e+00 -5.767400e-01 198 47 1.123400e+01 3.550000e+00 -1.624500e+02 -7.803800e+00 0
-5.132100e+00 4.039900e+00 2.270600e+00 -5.767400e-01 199 47 1.124000e+01 3.550000e+00 -1.051800e+02 8.265800e+01 0
-5.610600e+00 4.774000e+00 -5.054100e-01 -5.767400e-01 213 47 1.086800e+01 3.550000e+00 -5.867700e+01 4.658400e+02 0
-5.637100e+00 4.811400e+00 -5.081900e-01 -5.767400e-01 214 47 1.106100e+01 3.550000e+00 -5.624600e+01 4.653700e+02 0
-7.015800e+00 5.713200e+00 5.213000e+00 -5.767400e-01 300 47 1.085000e+01 3.550000e+00 -6.180400e+01 -1.260700e+02 0
-6.957400e+00 5.790000e+00 5.276200e+00 -5.767400e-01 301 47 1.077800e+01 3.550000e+00 -4.642800e+01 -1.261700e+02 0
-3.069400e+00 2.294600e+00 2.090500e+00 -5.447000e-01 126 48 1.024500e+01 3.550000e+00 -1.650700e+02 -8.183600e+01 0
-3.025200e+00 2.322300e+00 2.195000e+00 -5.447000e-01 127 48 1.096600e+01 3.550000e+00 -1.432600e+02 -1.022400e+02 0
-2.979900e+00 2.413700e+00 2.228400e+00 -5.447000e-01 128 48 1.052000e+01 3.550000e+00 -1.020100e+02 -9.357400e+01 0
-3.282800e+00 2.695000e+00 -3.506300e-01 -5.447000e-01 129 48 1.047000e+01 3.550000e+00 -1.108100e+02 5.138200e+02 0
-3.167700e+00 2.631900e+00 1.826200e+00 -5.447000e-01 130 48 1.121500e+01 3.550000e+00 -8.395700e+01 2.993000e+01 0
-3.085800e+00 2.504600e+00 2.194700e+00 -5.447000e-01 131 48 1.149700e+01 3.550000e+00 -9.928700e+01 -6.970800e+01 0
-3.145300e+00 2.245300e+00 2.448700e+00 -5.447000e-01 132 48 1.144200e+01 3.550000e+00 -1.979500e+02 -1.791200e+02 0
-3.241300e+00 2.068400e+00 2.542900e+00 -5.447000e-01 133 48 1.119200e+01 3.550000e+00 -294 -2.464000e+02 0
-3.229600e+00 2.285000e+00 2.433700e+00 -5.447000e-01 134 48 1.114200e+01 3.550000e+00 -2.045300e+02 -1.660400e+02 0
-3.575300e+00 3.072500e+00 1.751500e+00 -5.447000e-01 145 48 1.135200e+01 3.550000e+00 -5.497800e+01 9.088100e+01 0
-3.639700e+00 3.082900e+00 1.700400e+00 -5.447000e-01 146 48 1.133800e+01 3.550000e+00 -6.512900e+01 1.014500e+02 0
-3.744400e+00 3.297600e+00 -3.954900e-01 -5.447000e-01 147 48 1.091700e+01 3.550000e+00 -4.998200e+01 4.938800e+02 0
-3.810200e+00 3.398300e+00 -4.029900e-01 -5.447000e-01 148 48 1.074800e+01 3.550000e+00 -3.992500e+01 4.912600e+02 0
-4.077800e+00 3.597400e+00 -4.178200e-01 -5.447000e-01 160 48 1.163500e+01 3.550000e+00 -4.472400e+01 4.863300e+02 0
-4.217000e+00 3.694300e+00 -4.250300e-01 -5.447000e-01 162 48 1.165100e+01 3.550000e+00 -4.831900e+01 4.841200e+02 0
-4.287400e+00 3.680400e+00 -4.240000e-01 -5.447000e-01 163 48 1.221300e+01 3.550000e+00 -6.254500e+01 4.843200e+02 0
-4.313800e+00 3.699800e+00 -4.254400e-01 -5.447000e-01 164 48 1.208200e+01 3.550000e+00 -6.294500e+01 4.838900e+02 0
-4.385100e+00 3.655400e+00 -4.221300e-01 -5.447000e-01 165 48 1.207300e+01 3.550000e+00 -8.363300e+01 4.847200e+02 0
-4.348000e+00 3.601100e+00 -4.180900e-01 -5.447000e-01 167 48 1.227700e+01 3.550000e+00 -8.897400e+01 4.859100e+02 0
-4.328600e+00 3.615100e+00 -4.191300e-01 -5.447000e-01 168 48 1.244500e+01 3.550000e+00 -8.279400e+01 4.856400e+02 0
-4.446200e+00 3.690500e+00 -4.247400e-01 -5.447000e-01 169 48 1.220000e+01 3.550000e+00 -8.629900e+01 4.839200e+02 0
-4.545500e+00 3.428600e+00 1.682600e+00 -5.447000e-01 171 48 1.219200e+01 3.550000e+00 -146 1.316000e+02 0
-4.478900e+00 3.397700e+00 2.014600e+00 -5.447000e-01 172 48 1.304000e+01 3.550000e+00 -1.394800e+02 7.365600e+01 0
-4.458200e+00 3.479500e+00 2.024800e+00 -5.447000e-01 173 48 1.290900e+01 3.550000e+00 -1.172800e+02 7.840400e+01 0
-5.240100e+00 4.122700e+00 -4.569200e-01 -5.447000e-01 195 48 1.134700e+01 3.550000e+00 -1.211400e+02 4.752200e+02 0
-5.320300e+00 4.092300e+00 -4.546600e-01 -5.447000e-01 196 48 1.156500e+01 3.550000e+00 -1.386700e+02 4.756300e+02 0
-5.052400e+00 3.520700e+00 3.067700e+00 -5.447000e-01 198 48 1.108400e+01 3.550000e+00 -1.975000e+02 -8.300600e+01 0
-5.294200e+00 3.595500e+00 2.619000e+00 -5.447000e-01 199 48 1.136400e+01 3.550000e+00 -2.217200e+02 -3.994300e+00 0
-5.429500e+00 3.639700e+00 2.360600e+00 -5.447000e-01 200 48 1.088200e+01 3.550000e+00 -2.344200e+02 4.042100e+01 0
-5.552800e+00 4.874600e+00 -5.129000e-01 -5.447000e-01 213 48 1.065500e+01 3.550000e+00 -3.640700e+01 4.647000e+02 0
-5.637100e+00 4.832000e+00 -5.097200e-01 -5.447000e-01 214 48 1.084500e+01 3.550000e+00 -5.312900e+01 4.651300e+02 0
-5.663600e+00 4.848000e+00 -5.109200e-01 -5.447000e-01 215 48 1.041900e+01 3.550000e+00 -5.397700e+01 4.649200e+02 0
-6.476100e+00 4.886200e+00 3.920400e+00 -5.447000e-01 259 48 1.072100e+01 3.550000e+00 -1.243900e+02 -5.906300e+01 0
-6.147900e+00 4.863800e+00 4.512300e+00 -5.447000e-01 260 48 1.072700e+01 3.550000e+00 -8.662400e+01 -1.291200e+02 0
-6.171600e+00 5.376900e+00 3.930400e+00 -5.447000e-01 261 48 1.076800e+01 3.550000e+00 -2.120600e+01 -2.449500e+01 0
-7.517200e+00 4.656200e+00 4.719200e+00 -5.447000e-01 288 48 1.098800e+01 3.550000e+00 -2.830200e+02 -1.691600e+02 0
-7.754100e+00 3.908900e+00 5.212100e+00 -5.447000e-01 291 48 1.148000e+01 3.550000e+00 -4.811300e+02 -3.269200e+02 0
-7.622000e+00 4.414500e+00 5.069300e+00 -5.447000e-01 292 48 1.204100e+01 3.550000e+00 -3.427600e+02 -2.380600e+02 0
-7.648200e+00 4.805800e+00 4.732900e+00 -5.447000e-01 293 48 1.158900e+01 3.550000e+00 -2.699900e+02 -1.549900e+02 0
-5.492200e+00 9.100500e+00 -8.275000e-01 -5.447000e-01 306 48 1.047200e+01 3.550000e+00 3.027600e+02 4.383800e+02 0
-6.094700e+00 8.696800e+00 -7.974500e-01 -5.447000e-01 307 48 1.026400e+01 3.550000e+00 2.423300e+02 4.395900e+02 0
-3.724200e+00 2.988000e+00 2.154900e+00 -5.126600e-01 151 49 9.897900e+00 3.550000e+00 -1.011500e+02 7.127000e+00 0
-3.749100e+00 3.142300e+00 1.969700e+00 -5.126600e-01 152 49 1.025600e+01 3.550000e+00 -6.982000e+01 5.738000e+01 0
-3.773900e+00 3.321900e+00 1.703300e+00 -5.126600e-01 153 49 1.006900e+01 3.550000e+00 -3.629100e+01 1.192800e+02 0
-4.017500e+00 3.435700e+00 -4.057800e-01 -5.126600e-01 156 49 1.075700e+01 3.550000e+00 -6.834200e+01 4.900700e+02 0
-4.086000e+00 3.517200e+00 -4.118500e-01 -5.126600e-01 157 49 1.167400e+01 3.550000e+00 -6.266900e+01 4.880900e+02 0
-4.197900e+00 3.510200e+00 -4.113200e-01 -5.126600e-01 158 49 1.162800e+01 3.550000e+00 -8.327600e+01 4.881000e+02 0
-4.397100e+00 3.308900e+00 -3.963300e-01 -5.126600e-01 159 49 1.069400e+01 3.550000e+00 -1.654800e+02 4.926400e+02 0
-4.452700e+00 3.175900e+00 -3.864400e-01 -5.126600e-01 161 49 1.100500e+01 3.550000e+00 -2.110200e+02 4.960400e+02 0
-4.524500e+00 3.312300e+00 -3.965900e-01 -5.126600e-01 162 49 1.181400e+01 3.550000e+00 -1.874400e+02 4.923700e+02 0
-4.817000e+00 3.031000e+00 -3.756500e-01 -5.126600e-01 166 49 1.221400e+01 3.550000e+00 -3.238700e+02 4.995900e+02 0
-4.891400e+00 3.011100e+00 -3.741600e-01 -5.126600e-01 167 49 1.230200e+01 3.550000e+00 -3.448700e+02 5.000600e+02 0
-4.905100e+00 3.298500e+00 1.924300e+00 -5.126600e-01 179 49 1.206700e+01 3.550000e+00 -2.382700e+02 8.204900e+01 0
-4.932600e+00 3.451200e+00 1.684300e+00 -5.126600e-01 180 49 1.249500e+01 3.550000e+00 -2.055900e+02 1.335200e+02 0
-5.009300e+00 3.618700e+00 -4.194000e-01 -5.126600e-01 181 49 1.180400e+01 3.550000e+00 -1.939300e+02 4.847100e+02 0
-5.047500e+00 3.448300e+00 2.091400e+00 -5.126600e-01 186 49 1.175200e+01 3.550000e+00 -2.221100e+02 6.650000e+01 0
-5.074800e+00 3.517700e+00 2.016600e+00 -5.126600e-01 187 49 1.142200e+01 3.550000e+00 -2.100100e+02 8.413600e+01 0
-5.187200e+00 4.316400e+00 -4.713400e-01 -5.126600e-01 195 49 1.055800e+01 3.550000e+00 -7.808800e+01 4.722900e+02 0
-5.373500e+00 3.943000e+00 -4.435400e-01 -5.126600e-01 196 49 1.116300e+01 3.550000e+00 -1.773800e+02 4.780900e+02 0
-6.281600e+00 5.069600e+00 3.592900e+00 -5.126600e-01 254 49 1.053300e+01 3.550000e+00 -7.598200e+01 -9.074800e+00 0
-6.635400e+00 4.814200e+00 3.567100e+00 -5.126600e-01 257 49 1.073100e+01 3.550000e+00 -1.565400e+02 -2.376200e+01 0
-6.451000e+00 4.207100e+00 4.608800e+00 -5.126600e-01 258 49 1.120600e+01 3.550000e+00 -2.392000e+02 -2.113800e+02 0
-6.264900e+00 3.545200e+00 5.419100e+00 -5.126600e-01 259 49 1.101100e+01 3.550000e+00 -3.618200e+02 -4.300800e+02 0
-7.358400e+00 4.468300e+00 5.334700e+00 -5.126600e-01 291 49 1.147500e+01 3.550000e+00 -2.969800e+02 -2.642800e+02 0
-7.383800e+00 4.295000e+00 5.505700e+00 -5.126600e-01 292 49 1.169500e+01 3.550000e+00 -3.354800e+02 -3.083700e+02 0
-7.329500e+00 4.114000e+00 5.774400e+00 -5.126600e-01 293 49 1.080500e+01 3.550000e+00 -3.673000e+02 -3.697700e+02 0
-6.400800e-01 5.034000e-01 -1.874800e-01 -4.806200e-01 35 50 9.128700e+00 3.550000e+00 -4.513000e+02 1.064500e+03 0
-4.326400e+00 3.235000e+00 -3.908400e-01 -4.806200e-01 158 50 1.054400e+01 3.550000e+00 -1.716800e+02 4.946500e+02 0
-4.526400e+00 3.137000e+00 -3.835400e-01 -4.806200e-01 159 50 1.064800e+01 3.550000e+00 -2.358600e+02 497 0
-4.815300e+00 2.698600e+00 -3.509000e-01 -4.806200e-01 160 50 1.033000e+01 3.550000e+00 -4.449600e+02 5.106000e+02 0
-4.568400e+00 3.262600e+00 -3.928900e-01 -4.806200e-01 162 50 1.025400e+01 3.550000e+00 -2.085300e+02 4.935700e+02 0
-4.994600e+00 2.596300e+00 -3.432800e-01 -4.806200e-01 163 50 1.040300e+01 3.550000e+00 -5.281700e+02 5.141700e+02 0
-4.787800e+00 3.026100e+00 -3.752800e-01 -4.806200e-01 165 50 1.155900e+01 3.550000e+00 -3.198300e+02 4.997800e+02 0
-4.862000e+00 2.933900e+00 -3.684200e-01 -4.806200e-01 166 50 1.225900e+01 3.550000e+00 -3.655400e+02 5.024800e+02 0
-4.891400e+00 2.938900e+00 -3.687900e-01 -4.806200e-01 167 50 1.200300e+01 3.550000e+00 -3.696400e+02 5.022700e+02 0
-4.950400e+00 2.798600e+00 -3.583500e-01 -4.806200e-01 169 50 1.141100e+01 3.550000e+00 -4.335000e+02 5.067700e+02 0
-4.933700e+00 2.819900e+00 1.593900e+00 -4.806200e-01 170 50 1.205700e+01 3.550000e+00 -3.968100e+02 1.033900e+02 0
-4.962900e+00 2.863200e+00 1.555300e+00 -4.806200e-01 171 50 1.223800e+01 3.550000e+00 -3.874600e+02 1.147900e+02 0
-4.905100e+00 3.241300e+00 2.019200e+00 -4.806200e-01 179 50 1.183500e+01 3.550000e+00 -2.529900e+02 6.083200e+01 0
-4.786100e+00 3.133000e+00 2.521100e+00 -4.806200e-01 180 50 1.174600e+01 3.550000e+00 -2.575600e+02 -3.910400e+01 0
-5.148500e+00 3.225600e+00 2.197900e+00 -4.806200e-01 186 50 1.119000e+01 3.550000e+00 -2.985400e+02 2.901200e+01 0
-5.227000e+00 3.023700e+00 2.393700e+00 -4.806200e-01 187 50 1.139900e+01 3.550000e+00 -3.731100e+02 -2.755600e+01 0
-5.306200e+00 2.931200e+00 2.429400e+00 -4.806200e-01 188 50 1.110200e+01 3.550000e+00 -4.191500e+02 -4.543600e+01 0
-5.334500e+00 2.756100e+00 2.655900e+00 -4.806200e-01 189 50 1.078400e+01 3.550000e+00 -4.873200e+02 -1.142200e+02 0
-6.463000e+00 4.205900e+00 4.241700e+00 -4.806200e-01 253 50 1.040600e+01 3.550000e+00 -2.435100e+02 -1.641400e+02 0
-6.419600e+00 4.500400e+00 4.074600e+00 -4.806200e-01 254 50 1.086100e+01 3.550000e+00 -1.819000e+02 -1.118100e+02 0
-6.306400e+00 5.024200e+00 3.697700e+00 -4.806200e-01 255 50 1.078200e+01 3.550000e+00 -8.491200e+01 -2.385300e+01 0
-6.400800e+00 5.147000e+00 3.441700e+00 -4.806200e-01 256 50 1.058900e+01 3.550000e+00 -7.903300e+01 1.295400e+01 0
-6.495700e+00 5.026000e+00 3.532000e+00 -4.806200e-01 257 50 1.063900e+01 3.550000e+00 -1.070300e+02 -4.847800e+00 0
-6.310700e+00 4.890400e+00 4.100500e+00 -4.806200e-01 258 50 1.044400e+01 3.550000e+00 -1.035700e+02 -7.960200e+01 0
-6.597200e+00 5.458900e+00 3.020600e+00 -4.806200e-01 261 50 1.095600e+01 3.550000e+00 -5.961800e+01 7.589300e+01 0
-6.622600e+00 5.288600e+00 3.354800e+00 -4.806200e-01 262 50 1.162900e+01 3.550000e+00 -8.398100e+01 3.149500e+01 0
-6.648000e+00 5.160000e+00 3.591600e+00 -4.806200e-01 263 50 1.139800e+01 3.550000e+00 -1.040600e+02 -2.011600e+00 0
-6.702000e+00 5.297900e+00 4.463500e+00 -4.806200e-01 277 50 1.085700e+01 3.550000e+00 -8.656700e+01 -8.471500e+01 0
-6.726300e+00 5.641800e+00 4.063100e+00 -4.806200e-01 278 50 1.120800e+01 3.550000e+00 -4.573500e+01 -1.937600e+01 0
-6.750600e+00 5.329500e+00 4.503800e+00 -4.806200e-01 279 50 1.072600e+01 3.550000e+00 -8.725200e+01 -8.629500e+01 0
-7.307700e+00 5.275200e+00 3.702400e+00 -4.806200e-01 280 50 1.095600e+01 3.550000e+00 -1.586600e+02 -4.881100e+00 0
-7.410300e+00 5.274700e+00 3.589500e+00 -4.806200e-01 281 50 1.142200e+01 3.550000e+00 -1.703700e+02 7.244200e+00 0
-7.590100e+00 4.935500e+00 3.786200e+00 -4.806200e-01 282 50 1.113800e+01 3.550000e+00 -2.454100e+02 -3.724900e+01 0
-7.807500e+00 5.252600e+00 3.929800e+00 -4.806200e-01 293 50 1.131500e+01 3.550000e+00 -2.149500e+02 -2.936300e+01 0
-7.594500e+00 5.674500e+00 3.850800e+00 -4.806200e-01 294 50 1.132000e+01 3.550000e+00 -1.303600e+02 5.353900e+00 0
-7.780800e+00 5.661100e+00 3.582100e+00 -4.806200e-01 295 50 1.095800e+01 3.550000e+00 -1.521800e+02 3.148600e+01 0
-8.048700e+00 5.371900e+00 3.535500e+00 -4.806200e-01 296 50 1.064200e+01 3.550000e+00 -2.235000e+02 2.013800e+01 0
-4.398200e+00 3.038700e+00 -3.762200e-01 -4.485700e-01 156 51 1.059700e+01 3.550000e+00 -2.403100e+02 5.000500e+02 0
-4.858700e+00 2.683100e+00 -3.497500e-01 -4.485700e-01 160 51 1.070200e+01 3.550000e+00 -4.606900e+02 5.111000e+02 0
-4.889300e+00 2.686100e+00 -3.499700e-01 -4.485700e-01 161 51 1.088700e+01 3.550000e+00 -4.660300e+02 5.109200e+02 0
-4.907000e+00 2.785300e+00 -3.573600e-01 -4.485700e-01 166 51 1.142900e+01 3.550000e+00 -4.296900e+02 5.073100e+02 0
-4.846200e+00 2.905400e+00 -3.663000e-01 -4.485700e-01 167 51 1.185900e+01 3.550000e+00 -3.724500e+02 5.034100e+02 0
-4.875300e+00 2.912400e+00 -3.668200e-01 -4.485700e-01 168 51 1.194400e+01 3.550000e+00 -3.757900e+02 5.031300e+02 0
-4.950400e+00 2.696400e+00 1.626700e+00 -4.485700e-01 169 51 1.186100e+01 3.550000e+00 -4.468800e+02 8.543500e+01 0
-4.979800e+00 2.442700e+00 2.017000e+00 -4.485700e-01 170 51 1.215000e+01 3.550000e+00 -5.578300e+02 -2.989300e+01 0
-5.009300e+00 2.403800e+00 2.091900e+00 -4.485700e-01 171 51 1.220700e+01 3.550000e+00 -5.820500e+02 -5.271800e+01 0
-5.156600e+00 1.857000e+00 3.078400e+00 -4.485700e-01 181 51 1.122300e+01 3.550000e+00 -9.357700e+02 -4.389700e+02 0
-5.070400e+00 2.390300e+00 3.141500e+00 -4.485700e-01 185 51 1.119300e+01 3.550000e+00 -5.843700e+02 -291 0
-5.198900e+00 2.485800e+00 2.921300e+00 -4.485700e-01 186 51 1.099400e+01 3.550000e+00 -5.711300e+02 -2.199200e+02 0
-5.328500e+00 2.814400e+00 2.424900e+00 -4.485700e-01 187 51 1.103100e+01 3.550000e+00 -4.665100e+02 -6.015700e+01 0
-5.408200e+00 2.917700e+00 2.210900e+00 -4.485700e-01 188 51 1.093800e+01 3.550000e+00 -4.461300e+02 -5.380800e+00 0
-6.622600e+00 4.725400e+00 4.110300e+00 -4.485700e-01 262 51 1.070500e+01 3.550000e+00 -1.670300e+02 -9.426800e+01 0
-6.576500e+00 4.923700e+00 4.028400e+00 -4.485700e-01 263 51 1.061100e+01 3.550000e+00 -1.296300e+02 -6.796200e+01 0
-6.626700e+00 5.443500e+00 4.400300e+00 -4.485700e-01 277 51 1.052900e+01 3.550000e+00 -5.927800e+01 -6.721500e+01 0
-6.726300e+00 5.760600e+00 3.892800e+00 -4.485700e-01 278 51 1.109300e+01 3.550000e+00 -3.191600e+01 4.676300e+00 0
-7.459900e+00 4.776200e+00 4.058900e+00 -4.485700e-01 280 51 1.135100e+01 3.550000e+00 -2.576300e+02 -8.144600e+01 0
-7.639500e+00 4.576200e+00 4.039300e+00 -4.485700e-01 281 51 1.210900e+01 3.550000e+00 -3.182100e+02 -9.654500e+01 0
-7.743400e+00 4.662200e+00 3.821900e+00 -4.485700e-01 282 51 1.205000e+01 3.550000e+00 -3.147800e+02 -6.282100e+01 0
-7.924900e+00 4.639500e+00 3.558300e+00 -4.485700e-01 283 51 1.145500e+01 3.550000e+00 -3.429900e+02 -3.301700e+01 0
-7.833200e+00 5.324300e+00 3.586800e+00 -4.485700e-01 291 51 1.118300e+01 3.550000e+00 -2.079800e+02 1.148000e+01 0
-7.860200e+00 4.983900e+00 4.081400e+00 -4.485700e-01 292 51 1.146300e+01 3.550000e+00 -2.656500e+02 -6.565200e+01 0
-7.807500e+00 4.905300e+00 4.355600e+00 -4.485700e-01 293 51 1.157000e+01 3.550000e+00 -2.722800e+02 -1.028200e+02 0
-7.754300e+00 5.079600e+00 4.332800e+00 -4.485700e-01 294 51 1.148100e+01 3.550000e+00 -2.356900e+02 -8.565700e+01 0
-7.700600e+00 5.718000e+00 3.664100e+00 -4.485700e-01 295 51 1.097400e+01 3.550000e+00 -1.358700e+02 2.640000e+01 0
-7.887800e+00 5.949300e+00 2.920200e+00 -4.485700e-01 296 51 1.069700e+01 3.550000e+00 -1.264800e+02 1.096800e+02 0
-4.863300e+00 2.298800e+00 -3.211400e-01 -4.165300e-01 156 52 1.062000e+01 3.550000e+00 -6.476800e+02 5.277900e+02 0
-4.809600e+00 2.532000e+00 -3.385000e-01 -4.165300e-01 157 52 1.083300e+01 3.550000e+00 -5.161200e+02 5.171900e+02 0
-4.754800e+00 2.703200e+00 -3.512500e-01 -4.165300e-01 158 52 1.075500e+01 3.550000e+00 -4.300800e+02 5.105500e+02 0
-4.828100e+00 2.649500e+00 -3.472400e-01 -4.165300e-01 159 52 1.069100e+01 3.550000e+00 -4.682100e+02 5.124300e+02 0
-4.988800e+00 2.423200e+00 -3.304000e-01 -4.165300e-01 160 52 1.022100e+01 3.550000e+00 -6.108700e+02 5.215300e+02 0
-5.536400e+00 2.749300e+00 -3.546700e-01 -4.165300e-01 179 52 1.168400e+01 3.550000e+00 -5.755600e+02 5.073900e+02 0
-5.518700e+00 2.919700e+00 -3.673600e-01 -4.165300e-01 180 52 1.159300e+01 3.550000e+00 -5.006900e+02 5.017900e+02 0
-4.819400e+00 2.788800e+00 3.207400e+00 -4.165300e-01 185 52 1.031700e+01 3.550000e+00 -3.655000e+02 -2.192900e+02 0
-7.459900e+00 4.644000e+00 4.209600e+00 -4.165300e-01 280 52 1.114100e+01 3.550000e+00 -2.818200e+02 -1.109300e+02 0
-7.563100e+00 4.261400e+00 4.501100e+00 -4.165300e-01 281 52 1.169300e+01 3.550000e+00 -3.736200e+02 -1.866200e+02 0
-7.820100e+00 3.583600e+00 4.723100e+00 -4.165300e-01 282 52 1.171100e+01 3.550000e+00 -5.920700e+02 -3.115800e+02 0
-8.001800e+00 2.815400e+00 5.003500e+00 -4.165300e-01 283 52 1.156000e+01 3.550000e+00 -9.273900e+02 -5.210700e+02 0
-8.107400e+00 2.860700e+00 4.875100e+00 -4.165300e-01 284 52 1.163000e+01 3.550000e+00 -9.260100e+02 -4.854500e+02 0
-8.058600e+00 3.537500e+00 4.573500e+00 -4.165300e-01 285 52 1.135300e+01 3.550000e+00 -6.447400e+02 -2.960800e+02 0
-7.914200e+00 5.200200e+00 3.876500e+00 -4.165300e-01 294 52 1.087300e+01 3.550000e+00 -2.353700e+02 -2.713100e+01 0
0 0 -1.500000e-01 -3.844900e-01 1 53 9.217800e+00 3.550000e+00 2167 -3.612800e+03 0
-4.747900e+00 2.526200e+00 -3.380700e-01 -3.844900e-01 155 53 1.074700e+01 3.550000e+00 -5.047100e+02 5.175700e+02 0
-4.736500e+00 2.618800e+00 -3.449600e-01 -3.844900e-01 156 53 1.142500e+01 3.550000e+00 -4.611500e+02 5.138100e+02 0
-4.724500e+00 2.708700e+00 -3.516600e-01 -3.844900e-01 157 53 1.142200e+01 3.550000e+00 -4.213700e+02 5.104100e+02 0
-4.711900e+00 2.801600e+00 -3.585700e-01 -3.844900e-01 158 53 1.114600e+01 3.550000e+00 -3.828900e+02 5.071100e+02 0
-4.741900e+00 2.821500e+00 -3.600500e-01 -3.844900e-01 159 53 1.108100e+01 3.550000e+00 -3.817000e+02 5.063700e+02 0
-4.815300e+00 2.744900e+00 -3.543500e-01 -3.844900e-01 160 53 1.074400e+01 3.550000e+00 -4.263300e+02 5.089100e+02 0
-5.746800e+00 2.246800e+00 -3.172600e-01 -3.844900e-01 178 53 1.104300e+01 3.550000e+00 -8.981000e+02 5.281800e+02 0
-5.633600e+00 2.529300e+00 -3.383000e-01 -3.844900e-01 179 53 1.188400e+01 3.550000e+00 -7.029900e+02 5.155200e+02 0
-5.616400e+00 2.557800e+00 -3.404200e-01 -3.844900e-01 180 53 1.173200e+01 3.550000e+00 -6.843300e+02 5.144100e+02 0
-5.696900e+00 2.101700e+00 1.626400e+00 -3.844900e-01 181 53 1.108200e+01 3.550000e+00 -9.366000e+02 1.672600e+01 0
-5.679100e+00 1.347000e+00 2.426800e+00 -3.844900e-01 182 53 1.106700e+01 3.550000e+00 -1.681800e+03 -4.516400e+02 0
-7.887200e+00 5.232400e+00 3.795300e+00 -3.844900e-01 293 53 1.071800e+01 3.550000e+00 -2.275400e+02 -1.634100e+01 0
-7.994200e+00 5.342300e+00 3.501100e+00 -3.844900e-01 294 53 1.049900e+01 3.550000e+00 -2.226600e+02 2.185000e+01 0
0 0 -1.500000e-01 -3.524500e-01 1 54 9.308500e+00 3.550000e+00 2167 -3.612800e+03 0
-4.821100e+00 2.417400e+00 -3.299600e-01 -3.524500e-01 156 54 1.008400e+01 3.550000e+00 -5.742200e+02 5.221900e+02 0
-4.767000e+00 2.594000e+00 -3.431200e-01 -3.524500e-01 157 54 1.006300e+01 3.550000e+00 -4.786300e+02 5.147300e+02 0
-5.292200e+00 1.645100e+00 -2.724700e-01 -3.524500e-01 164 54 1.067700e+01 3.550000e+00 -1.294400e+03 5.713600e+02 0
-4.216700e+00 5.745700e+00 -5.777400e-01 -3.524500e-01 282 54 1.031900e+01 3.550000e+00 2.136800e+02 457 0
-8.065400e+00 4.545100e+00 3.840900e+00 -3.524500e-01 288 54 1.082500e+01 3.550000e+00 -3.780800e+02 -7.433100e+01 0
-8.329200e+00 4.210800e+00 3.749000e+00 -3.524500e-01 289 54 1.095200e+01 3.550000e+00 -4.914800e+02 -9.350900e+01 0
-8.594700e+00 3.930900e+00 3.541800e+00 -3.524500e-01 290 54 1.087900e+01 3.550000e+00 -6.072700e+02 -9.381600e+01 0
-5.658700e+00 1.796000e+00 -2.837100e-01 -2.563300e-01 171 57 1.062400e+01 3.550000e+00 -1.246700e+03 5.569800e+02 0
0 0 -1.500000e-01 -2.242900e-01 1 58 9.079900e+00 3.550000e+00 2167 -3.612800e+03 0
-6.071500e+00 1.213100e+00 2.077300e+00 -2.242900e-01 188 58 1.083500e+01 3.550000e+00 -2.077100e+03 -3.804100e+02 0
-6.840100e+00 3.139400e+00 -3.837200e-01 -2.242900e-01 219 58 1.010500e+01 3.550000e+00 -6.601900e+02 4.934100e+02 0
-5.026200e+00 7.839000e+00 -7.335900e-01 -2.242900e-01 303 58 1.013700e+01 3.550000e+00 2.771500e+02 4.435100e+02 0
-4.960200e+00 2.844700e+00 -3.617800e-01 -2.242900e-01 304 58 1.057600e+01 3.550000e+00 -4.178100e+02 5.051900e+02 0
-4.826500e+00 2.453000e+00 -3.326200e-01 -2.242900e-01 306 58 1.044200e+01 3.550000e+00 -5.577000e+02 5.205700e+02 0
0 0 -1.500000e-01 -3.204100e-02 1 64 1.559700e+01 3.550000e+00 2167 -3.612800e+03 0
-7.202900e-02 1.110400e-01 -1.582700e-01 -3.204100e-02 5 64 1.423700e+01 3.550000e+00 -3234 7.951200e+03 0
-1.585200e-01 1.860500e-01 -1.638500e-01 -3.204100e-02 8 64 1.337500e+01 3.550000e+00 -1.094900e+03 2.940700e+03 0
-2.008100e-01 1.927300e-01 -1.643500e-01 -3.204100e-02 9 64 1.290800e+01 3.550000e+00 -1.193900e+03 2.776400e+03 0
-2.480100e-01 1.859600e-01 -1.638400e-01 -3.204100e-02 10 64 1.270100e+01 3.550000e+00 -1.525200e+03 2.877900e+03 0
-2.619200e-01 2.187900e-01 -1.662900e-01 -3.204100e-02 11 64 1.221900e+01 3.550000e+00 -1.101600e+03 2342 0
-2.881200e-01 2.228600e-01 -1.665900e-01 -3.204100e-02 12 64 1.170900e+01 3.550000e+00 -1.150700e+03 2.281200e+03 0
-3.012100e-01 2.826500e-01 -1.710400e-01 -3.204100e-02 13 64 1.088000e+01 3.550000e+00 -6.808600e+02 1.765100e+03 0
-3.014900e-01 3.108700e-01 -1.731400e-01 -3.204100e-02 14 64 1.059700e+01 3.550000e+00 -5.243800e+02 1.609900e+03 0
3.536000e-01 3.654200e-01 -1.772000e-01 -3.204100e-02 28 64 1.216900e+01 3.550000e+00 1.108900e+03 1.474400e+03 0
6.799100e-01 6.446100e-01 -1.979900e-01 -3.204100e-02 29 64 1.370000e+01 3.550000e+00 1.284800e+03 9.530300e+02 0
6.725500e-01 7.396500e-01 -2.050600e-01 -3.204100e-02 30 64 1.464200e+01 3.550000e+00 1190 8.721400e+02 0
6.793700e-01 7.974300e-01 -2.093700e-01 -3.204100e-02 31 64 1.479900e+01 3.550000e+00 1.155500e+03 8.339700e+02 0
6.766400e-01 8.305200e-01 -2.118300e-01 -3.204100e-02 32 64 1.424600e+01 3.550000e+00 1.132200e+03 8.146700e+02 0
6.810000e-01 8.666100e-01 -2.145200e-01 -3.204100e-02 33 64 1.269500e+01 3.550000e+00 1.115400e+03 7.956600e+02 0
-9.363800e-01 2.012600e-01 -1.649800e-01 -3.204100e-02 34 64 1.000400e+01 3.550000e+00 -3.749900e+03 2.271500e+03 0
-7.926000e-01 9.265100e-01 -2.189800e-01 -3.204100e-02 36 64 1.070500e+01 3.550000e+00 -3.755900e+00 7.439900e+02 0
-8.348900e-01 9.092500e-01 -2.176900e-01 -3.204100e-02 37 64 1.122900e+01 3.550000e+00 -4.774000e+01 7.500700e+02 0
-8.782700e-01 8.934400e-01 -2.165100e-01 -3.204100e-02 38 64 1.090300e+01 3.550000e+00 -9.280300e+01 7.557600e+02 0
-9.227400e-01 8.695000e-01 -2.147300e-01 -3.204100e-02 39 64 9.723000e+00 3.550000e+00 -1.484300e+02 7.651200e+02 0
