0 0 -1.500000e-01 0 1 65 1.657700e+01 9.100000e-01 2167 -3.612800e+03 0
-7.202900e-02 1.119900e-01 -1.521300e-01 0 5 65 1.538900e+01 9.100000e-01 -3.118100e+03 7.632400e+03 0
-1.585200e-01 1.861000e-01 -1.535500e-01 0 8 65 1.452500e+01 9.100000e-01 -1.088300e+03 2.876600e+03 0
-2.008100e-01 1.908100e-01 -1.536400e-01 0 9 65 1.383400e+01 9.100000e-01 -1.217100e+03 2.752300e+03 0
-2.480100e-01 1.868600e-01 -1.535600e-01 0 10 65 1.379800e+01 9.100000e-01 -1.501400e+03 2.798400e+03 0
-2.619200e-01 2.224800e-01 -1.542400e-01 0 11 65 1.327900e+01 9.100000e-01 -1.054300e+03 2.242400e+03 0
-2.851200e-01 2.358800e-01 -1.545000e-01 0 12 65 1.285400e+01 9.100000e-01 -9.957800e+02 2.087900e+03 0
-3.044900e-01 2.813800e-01 -1.553600e-01 0 13 65 1.206800e+01 9.100000e-01 -6.941700e+02 1.724400e+03 0
-3.050300e-01 3.092900e-01 -1.559000e-01 0 14 65 1.152800e+01 9.100000e-01 -5.378000e+02 1.570800e+03 0
-1.222300e-01 4.233300e-01 -1.580700e-01 0 15 65 1.144200e+01 9.100000e-01 1.663000e+02 1.205700e+03 0
3.609700e-01 3.429000e-01 -1.565400e-01 0 28 65 1.324900e+01 9.100000e-01 1.161800e+03 1.520200e+03 0
6.799100e-01 6.417200e-01 -1.622300e-01 0 29 65 1.472800e+01 9.100000e-01 1.285700e+03 9.145400e+02 0
6.804600e-01 7.308200e-01 -1.639300e-01 0 30 65 1.561200e+01 9.100000e-01 1.203100e+03 8.385300e+02 0
6.711800e-01 8.044700e-01 -1.653300e-01 0 31 65 1.575900e+01 9.100000e-01 1.141600e+03 7.899400e+02 0
6.766400e-01 8.342900e-01 -1.659000e-01 0 32 65 1.523200e+01 9.100000e-01 1.128300e+03 7.732100e+02 0
6.722700e-01 8.807500e-01 -1.667900e-01 0 33 65 1.378200e+01 9.100000e-01 1.098900e+03 7.494500e+02 0
6.842800e-01 9.270200e-01 -1.676700e-01 0 34 65 1.166200e+01 9.100000e-01 1.085700e+03 7.286900e+02 0
6.957400e-01 9.489300e-01 -1.680900e-01 0 35 65 1.139100e+01 9.100000e-01 1.084300e+03 7.197300e+02 0
-7.926000e-01 9.127300e-01 -1.674000e-01 0 36 65 1.185100e+01 9.100000e-01 -1.364400e+01 7.127800e+02 0
-8.152400e-01 9.027500e-01 -1.672100e-01 0 37 65 1.230100e+01 9.100000e-01 -3.805500e+01 7.164200e+02 0
-8.378900e-01 9.034800e-01 -1.672200e-01 0 38 65 1.197200e+01 9.100000e-01 -5.354900e+01 7.158000e+02 0
-8.501600e-01 9.321000e-01 -1.677700e-01 0 39 65 1.072700e+01 9.100000e-01 -3.788200e+01 7.045800e+02 0
-3.863400e-01 1.974400e+00 -1.876300e-01 0 60 65 1.060200e+01 9.100000e-01 5.084900e+02 5.270800e+02 0
-5.238500e-01 2.007400e+00 -1.882600e-01 0 61 65 1.082200e+01 9.100000e-01 4.673200e+02 5.240500e+02 0
-5.991500e-01 2.023000e+00 -1.885600e-01 0 62 65 1.077900e+01 9.100000e-01 4.451300e+02 5.226300e+02 0
-5.754200e+00 7.297400e-01 3.222700e+00 0 191 65 1.042300e+01 9.100000e-01 -3.129100e+03 -1.417400e+03 0
-5.657600e+00 1.066900e+00 3.437200e+00 0 193 65 1.032500e+01 9.100000e-01 -2102 -1.057900e+03 0
-8.454400e+00 6.839800e+00 -2.803700e-01 0 314 65 1.168000e+01 9.100000e-01 -8.334400e+01 4.141100e+02 0
-8.395800e+00 6.919100e+00 -2.818800e-01 0 315 65 1.184200e+01 9.100000e-01 -6.968100e+01 4.136800e+02 0
-8.422500e+00 6.905500e+00 1.547100e+00 0 316 65 1.185600e+01 9.100000e-01 -6.746100e+01 2.581700e+02 0
-9.959700e+00 6.302200e+00 -2.701200e-01 0 339 65 1.224300e+01 9.100000e-01 -2.866800e+02 4.169400e+02 0
-7.986800e+00 1.044200e+01 4.826000e+00 0 402 65 1.286400e+01 9.100000e-01 2.121000e+02 1.090400e+02 0
-8.116400e+00 1.051400e+01 4.546600e+00 0 403 65 1.289300e+01 9.100000e-01 2.076500e+02 1.261300e+02 0
0 0 -1.500000e-01 3.204100e-02 1 66 1.556200e+01 9.100000e-01 2167 -3.612800e+03 0
-5.402200e-02 7.105500e-02 -1.513500e-01 3.204100e-02 4 66 1.535700e+01 9.100000e-01 145280 -296990 0
-7.202900e-02 1.126300e-01 -1.521500e-01 3.204100e-02 5 66 1.437900e+01 9.100000e-01 -3.058400e+03 7.518800e+03 0
-1.585200e-01 1.860400e-01 -1.535500e-01 3.204100e-02 8 66 1.351400e+01 9.100000e-01 -1.089200e+03 2.877900e+03 0
-2.008100e-01 1.918200e-01 -1.536600e-01 3.204100e-02 9 66 1.284800e+01 9.100000e-01 -1.201600e+03 2733 0
-2.480100e-01 1.878400e-01 -1.535800e-01 3.204100e-02 10 66 1.278400e+01 9.100000e-01 -1484 2.779100e+03 0
-2.592000e-01 2.271600e-01 -1.543300e-01 3.204100e-02 11 66 1.229500e+01 9.100000e-01 -9.941800e+02 2.189500e+03 0
-2.851200e-01 2.371800e-01 -1.545200e-01 3.204100e-02 12 66 1.186600e+01 9.100000e-01 -9.830300e+02 2.074900e+03 0
-3.044900e-01 2.825700e-01 -1.553900e-01 3.204100e-02 13 66 1.110000e+01 9.100000e-01 -6.866200e+02 1717 0
-1.222300e-01 4.298400e-01 -1.581900e-01 3.204100e-02 15 66 1.048200e+01 9.100000e-01 1.758200e+02 1.190700e+03 0
3.609700e-01 3.555500e-01 -1.567800e-01 3.204100e-02 28 66 1.220000e+01 9.100000e-01 1.139800e+03 1.466400e+03 0
6.875500e-01 6.313300e-01 -1.620300e-01 3.204100e-02 29 66 1.366700e+01 9.100000e-01 1.306600e+03 9.253300e+02 0
6.804600e-01 7.285900e-01 -1.638900e-01 3.204100e-02 30 66 1.452800e+01 9.100000e-01 1.204900e+03 8.401700e+02 0
6.711800e-01 8.044700e-01 -1.653300e-01 3.204100e-02 31 66 1.467100e+01 9.100000e-01 1.141600e+03 7.899400e+02 0
6.681800e-01 8.421400e-01 -1.660500e-01 3.204100e-02 32 66 1.416400e+01 9.100000e-01 1.116300e+03 7.688400e+02 0
6.722700e-01 8.810300e-01 -1.667900e-01 3.204100e-02 33 66 1.275100e+01 9.100000e-01 1.098800e+03 7.493200e+02 0
6.842800e-01 9.273000e-01 -1.676700e-01 3.204100e-02 34 66 1.067400e+01 9.100000e-01 1.085500e+03 7.285700e+02 0
6.957400e-01 9.486700e-01 -1.680800e-01 3.204100e-02 35 66 1.069600e+01 9.100000e-01 1.084400e+03 7.198300e+02 0
-7.830500e-01 9.254700e-01 -1.676400e-01 3.204100e-02 36 66 1.077500e+01 9.100000e-01 3.267800e+00 7.079900e+02 0
-8.152400e-01 9.140600e-01 -1.674200e-01 3.204100e-02 37 66 1.120200e+01 9.100000e-01 -2.851900e+01 7.119400e+02 0
-8.277900e-01 9.360000e-01 -1.678400e-01 3.204100e-02 38 66 1.090000e+01 9.100000e-01 -1.933000e+01 7.034300e+02 0
-9.959700e+00 6.308700e+00 -2.702500e-01 3.204100e-02 339 66 1.137400e+01 9.100000e-01 -2.857000e+02 4.168900e+02 0
-8.226100e+00 1.048700e+01 4.409300e+00 3.204100e-02 403 66 1.171100e+01 9.100000e-01 2.000800e+02 1.331800e+02 0
0 0 -1.500000e-01 -9.612300e-02 1 62 9.774100e+00 9.100000e-01 2167 -3.612800e+03 0
0 0 -1.500000e-01 -6.408200e-02 1 63 9.691900e+00 9.100000e-01 2167 -3.612800e+03 0
-3.219500e-02 3.038200e-03 -1.500600e-01 -6.408200e-02 2 63 9.651200e+00 9.100000e-01 2.547100e+03 -3.847600e+03 0
-2.073600e-02 3.641900e-02 -1.506900e-01 -6.408200e-02 3 63 9.707000e+00 9.100000e-01 4.013800e+03 -7639 0
0 0 -1.500000e-01 -3.204100e-02 1 64 1.555500e+01 9.100000e-01 2167 -3.612800e+03 0
-7.202900e-02 1.115400e-01 -1.521300e-01 -3.204100e-02 5 64 1.437000e+01 9.100000e-01 -3.160400e+03 7.712900e+03 0
-1.585200e-01 1.860900e-01 -1.535500e-01 -3.204100e-02 8 64 1.352000e+01 9.100000e-01 -1.088400e+03 2.876800e+03 0
-1.986300e-01 1.924600e-01 -1.536700e-01 -3.204100e-02 9 64 1.282000e+01 9.100000e-01 -1.181900e+03 2.722300e+03 0
-2.480100e-01 1.859200e-01 -1.535400e-01 -3.204100e-02 10 64 1.278700e+01 9.100000e-01 -1.518600e+03 2.817400e+03 0
-2.619200e-01 2.214700e-01 -1.542200e-01 -3.204100e-02 11 64 1.228200e+01 9.100000e-01 -1.065700e+03 2.254500e+03 0
-2.881200e-01 2.311400e-01 -1.544100e-01 -3.204100e-02 12 64 1.181000e+01 9.100000e-01 -1.054200e+03 2.135500e+03 0
-3.077600e-01 2.784300e-01 -1.553100e-01 -3.204100e-02 13 64 1.100800e+01 9.100000e-01 -7.221800e+02 1.742200e+03 0
-1.260500e-01 4.004100e-01 -1.576300e-01 -3.204100e-02 15 64 1.061500e+01 9.100000e-01 1.226300e+02 1.263100e+03 0
3.683300e-01 3.158500e-01 -1.560200e-01 -3.204100e-02 28 64 1.228000e+01 9.100000e-01 1.237800e+03 1.656500e+03 0
6.799100e-01 6.466500e-01 -1.623300e-01 -3.204100e-02 29 64 1.371900e+01 9.100000e-01 1.280400e+03 9.096800e+02 0
6.804600e-01 7.332300e-01 -1.639800e-01 -3.204100e-02 30 64 1.462000e+01 9.100000e-01 1.201200e+03 8.367600e+02 0
6.793700e-01 7.974900e-01 -1.652000e-01 -3.204100e-02 31 64 1.477300e+01 9.100000e-01 1.153600e+03 7.942600e+02 0
6.766400e-01 8.331300e-01 -1.658800e-01 -3.204100e-02 32 64 1.423600e+01 9.100000e-01 1.128900e+03 7.738500e+02 0
6.722700e-01 8.822200e-01 -1.668200e-01 -3.204100e-02 33 64 1.277300e+01 9.100000e-01 1.098100e+03 7.487500e+02 0
6.932800e-01 9.172600e-01 -1.674800e-01 -3.204100e-02 34 64 1.074200e+01 9.100000e-01 1.097500e+03 7.330600e+02 0
7.235700e-01 9.367800e-01 -1.678600e-01 -3.204100e-02 35 64 1.044200e+01 9.100000e-01 1.111500e+03 7.251600e+02 0
-8.021400e-01 8.911300e-01 -1.669900e-01 -3.204100e-02 36 64 1.087800e+01 9.100000e-01 -3.865900e+01 7.213300e+02 0
-8.152400e-01 8.928700e-01 -1.670200e-01 -3.204100e-02 37 64 1.131000e+01 9.100000e-01 -4.659600e+01 7.204200e+02 0
-8.277900e-01 9.149000e-01 -1.674400e-01 -3.204100e-02 38 64 1.103100e+01 9.100000e-01 -3.664000e+01 7.114400e+02 0
-3.863400e-01 1.959900e+00 -1.873600e-01 -3.204100e-02 60 64 1.013700e+01 9.100000e-01 5.070900e+02 5.282500e+02 0
-4.747400e-01 1.980900e+00 -1.877600e-01 -3.204100e-02 61 64 1.043700e+01 9.100000e-01 4.802200e+02 5.262800e+02 0
-5.991500e-01 2.002500e+00 -1.881700e-01 -3.204100e-02 62 64 1.033900e+01 9.100000e-01 4.425100e+02 5.242100e+02 0
-7.986800e+00 1.041400e+01 4.885800e+00 -3.204100e-02 402 64 1.204200e+01 9.100000e-01 2.109200e+02 1.050800e+02 0
-8.226100e+00 1.038400e+01 4.648000e+00 -3.204100e-02 403 64 1.204000e+01 9.100000e-01 1.956000e+02 1.177200e+02 0
