0 0 -1.500000e-01 0 1 65 1.664000e+01 4.690000e+00 2167 -3.612800e+03 0
-7.093800e-02 1.128300e-01 -1.594700e-01 0 5 65 1.526000e+01 4.690000e+00 -3.054100e+03 7.654600e+03 0
-1.585200e-01 1.859700e-01 -1.656000e-01 0 8 65 1.439800e+01 4.690000e+00 -1.097200e+03 2.953400e+03 0
-2.008100e-01 1.928100e-01 -1.661800e-01 0 9 65 1.390300e+01 4.690000e+00 -1.193800e+03 2.785400e+03 0
-2.480100e-01 1.866700e-01 -1.656600e-01 0 10 65 1.372600e+01 4.690000e+00 -1.513500e+03 2874 0
-2.619200e-01 2.223400e-01 -1.686600e-01 0 11 65 1.315100e+01 4.690000e+00 -1.061900e+03 2.307500e+03 0
-2.881200e-01 2.335000e-01 -1.695900e-01 0 12 65 1.270800e+01 4.690000e+00 -1.035500e+03 2.172400e+03 0
-3.077600e-01 2.809400e-01 -1.735700e-01 0 13 65 1.197900e+01 4.690000e+00 -7.100900e+02 1.782600e+03 0
-3.121300e-01 3.042600e-01 -1.755300e-01 0 14 65 1.155300e+01 4.690000e+00 -5.846800e+02 1649 0
-1.184100e-01 3.963900e-01 -1.832600e-01 0 15 65 1.135100e+01 4.690000e+00 1.288300e+02 1326 0
3.536000e-01 3.431400e-01 -1.787900e-01 0 28 65 1.316200e+01 4.690000e+00 1.145200e+03 1.575200e+03 0
6.799100e-01 6.404900e-01 -2.037500e-01 0 29 65 1.472100e+01 4.690000e+00 1.289700e+03 9.642600e+02 0
6.725500e-01 7.380100e-01 -2.119300e-01 0 30 65 1.564400e+01 4.690000e+00 1.191600e+03 8.802200e+02 0
6.793700e-01 7.975100e-01 -2.169200e-01 0 31 65 1.580100e+01 4.690000e+00 1.155700e+03 8.407200e+02 0
6.766400e-01 8.311700e-01 -2.197500e-01 0 32 65 1.526900e+01 4.690000e+00 1.132100e+03 8.210700e+02 0
6.722700e-01 8.718000e-01 -2.231500e-01 0 33 65 1.380800e+01 4.690000e+00 1.105500e+03 7.995900e+02 0
6.932800e-01 9.193900e-01 -2.271500e-01 0 34 65 1.131800e+01 4.690000e+00 1.098300e+03 7.776100e+02 0
7.606700e-01 9.095300e-01 -2.263200e-01 0 35 65 1.101800e+01 4.690000e+00 1.157300e+03 7.832400e+02 0
-7.926000e-01 9.243800e-01 -2.275700e-01 0 36 65 1.167800e+01 4.690000e+00 -5.657500e+00 7.510700e+02 0
-8.250600e-01 8.997000e-01 -2.255000e-01 0 37 65 1.216800e+01 4.690000e+00 -4.923000e+01 7.603300e+02 0
-8.479800e-01 8.893500e-01 -2.246300e-01 0 38 65 1.176900e+01 4.690000e+00 -7.496100e+01 7.642100e+02 0
-8.709000e-01 8.865200e-01 -2.243900e-01 0 39 65 1.007500e+01 4.690000e+00 -9.418100e+01 7.650100e+02 0
0 0 -1.500000e-01 3.204100e-02 1 66 1.562500e+01 4.690000e+00 2167 -3.612800e+03 0
-7.093800e-02 1.131300e-01 -1.594900e-01 3.204100e-02 5 66 1.424800e+01 4.690000e+00 -3.026200e+03 7.600700e+03 0
-1.585200e-01 1.858400e-01 -1.655900e-01 3.204100e-02 8 66 1.337500e+01 4.690000e+00 -1.099200e+03 2.956200e+03 0
-2.008100e-01 1.932700e-01 -1.662200e-01 3.204100e-02 9 66 1.287100e+01 4.690000e+00 -1.186900e+03 2.776800e+03 0
-2.480100e-01 1.879200e-01 -1.657700e-01 3.204100e-02 10 66 1.270200e+01 4.690000e+00 -1.490800e+03 2.848600e+03 0
-2.619200e-01 2.238600e-01 -1.687800e-01 3.204100e-02 11 66 1.219700e+01 4.690000e+00 -1045 2.289300e+03 0
-2.881200e-01 2.351200e-01 -1.697300e-01 3.204100e-02 12 66 1.176300e+01 4.690000e+00 -1.019100e+03 2.155600e+03 0
-3.110400e-01 2.762000e-01 -1.731800e-01 3.204100e-02 13 66 1.105700e+01 4.690000e+00 -7.504500e+02 1.812300e+03 0
-3.121300e-01 3.041400e-01 -1.755200e-01 3.204100e-02 14 66 1.060200e+01 4.690000e+00 -5.853300e+02 1.649600e+03 0
3.536000e-01 3.461500e-01 -1.790500e-01 3.204100e-02 28 66 1.215300e+01 4.690000e+00 1140 1.561700e+03 0
6.799100e-01 6.360800e-01 -2.033700e-01 3.204100e-02 29 66 1.367300e+01 4.690000e+00 1.294600e+03 9.687700e+02 0
6.725500e-01 7.363100e-01 -2.117900e-01 3.204100e-02 30 66 1.461800e+01 4.690000e+00 1.192900e+03 8.814600e+02 0
6.711800e-01 8.044600e-01 -2.175000e-01 3.204100e-02 31 66 1.479000e+01 4.690000e+00 1.143600e+03 8.363400e+02 0
6.766400e-01 8.328000e-01 -2.198800e-01 3.204100e-02 32 66 1.427600e+01 4.690000e+00 1.131200e+03 8.201600e+02 0
6.810000e-01 8.717400e-01 -2.231500e-01 3.204100e-02 33 66 1.283000e+01 4.690000e+00 1.112900e+03 7.997900e+02 0
-8.021400e-01 9.202300e-01 -2.272200e-01 3.204100e-02 36 66 1.064700e+01 4.690000e+00 -1.569300e+01 7.525300e+02 0
-8.348900e-01 9.020900e-01 -2.257000e-01 3.204100e-02 37 66 1.124800e+01 4.690000e+00 -5.416900e+01 7.592000e+02 0
-8.580800e-01 8.945900e-01 -2.250700e-01 3.204100e-02 38 66 1.092300e+01 4.690000e+00 -7.747500e+01 7.618800e+02 0
5.083000e-01 6.993400e+00 1.759100e+00 -1.025300e+00 208 33 1.102700e+01 4.690000e+00 7.214900e+02 2.373200e+02 0
4.540000e-01 7.060900e+00 1.644300e+00 -1.025300e+00 209 33 1.137900e+01 4.690000e+00 7.164900e+02 2.483800e+02 0
5.132100e-01 7.057200e+00 1.791100e+00 -1.025300e+00 210 33 1.145100e+01 4.690000e+00 7.216300e+02 2.357000e+02 0
5.729600e-01 7.075800e+00 1.841500e+00 -1.025300e+00 211 33 1.145400e+01 4.690000e+00 7.268500e+02 2.317000e+02 0
5.756900e-01 7.126100e+00 1.785300e+00 -1.025300e+00 212 33 1.113600e+01 4.690000e+00 7.269400e+02 2.373800e+02 0
7.519400e-01 7.199800e+00 1.553400e+00 -1.025300e+00 213 33 1.044600e+01 4.690000e+00 7.425500e+02 2.580900e+02 0
7.399400e-01 7.520800e+00 2.276900e+00 -1.025300e+00 227 33 1.068000e+01 4.690000e+00 7.383700e+02 2.043800e+02 0
8.051500e-01 7.595400e+00 2.123400e+00 -1.025300e+00 228 33 1.086000e+01 4.690000e+00 7.436100e+02 2.180700e+02 0
8.086900e-01 7.700100e+00 1.859200e+00 -1.025300e+00 229 33 1.063600e+01 4.690000e+00 7.436000e+02 2.407600e+02 0
9.412900e-01 7.642900e+00 2.284400e+00 -1.025300e+00 231 33 1.064900e+01 4.690000e+00 7.543900e+02 2.061800e+02 0
9.453800e-01 7.747100e+00 2.042000e+00 -1.025300e+00 232 33 1.084000e+01 4.690000e+00 7.542700e+02 2.271500e+02 0
-7.366600e-01 9.169400e+00 2.071300e+00 -1.025300e+00 271 33 1.098900e+01 4.690000e+00 6.286700e+02 2.467500e+02 0
-5.194800e-01 9.484000e+00 -9.458300e-01 -1.025300e+00 273 33 1.121500e+01 4.690000e+00 6.474800e+02 4.445800e+02 0
-4.469100e-01 9.518400e+00 -9.487100e-01 -1.025300e+00 274 33 1.166700e+01 4.690000e+00 6.525300e+02 4.444900e+02 0
-4.485500e-01 9.556400e+00 -9.518900e-01 -1.025300e+00 275 33 1.153600e+01 4.690000e+00 6.525800e+02 4.443600e+02 0
-3.751500e-01 9.575100e+00 -9.534700e-01 -1.025300e+00 276 33 1.141400e+01 4.690000e+00 6.575700e+02 4.443300e+02 0
0 1.029100e+01 -1.013600e+00 -1.025300e+00 297 33 1.167500e+01 4.690000e+00 6.834600e+02 4.422600e+02 0
-8.103300e-02 1.032000e+01 -1.016000e+00 -1.025300e+00 298 33 1.173900e+01 4.690000e+00 6.784600e+02 4.421500e+02 0
-1.626100e-01 1.032000e+01 -1.015900e+00 -1.025300e+00 299 33 1.187400e+01 4.690000e+00 6.734000e+02 4.421300e+02 0
-1.631600e-01 1.029600e+01 1.731500e+00 -1.025300e+00 300 33 1.196500e+01 4.690000e+00 6.711200e+02 2.790500e+02 0
-2.455500e-01 1.029300e+01 1.940600e+00 -1.025300e+00 301 33 1.193100e+01 4.690000e+00 6.658900e+02 2.667700e+02 0
0 1.085200e+01 -1.060600e+00 -1.025300e+00 313 33 1.172100e+01 4.690000e+00 6.840100e+02 4.407400e+02 0
-1.708000e-01 1.087200e+01 -1.062300e+00 -1.025300e+00 314 33 1.163700e+01 4.690000e+00 6.739700e+02 4.406400e+02 0
-2.570100e-01 1.080100e+01 1.875900e+00 -1.025300e+00 315 33 1.159400e+01 4.690000e+00 6.665600e+02 2.748500e+02 0
-3.437800e-01 1.070700e+01 2.500400e+00 -1.025300e+00 316 33 1.158400e+01 4.690000e+00 6.607600e+02 2.389700e+02 0
8.703500e-02 1.103300e+01 1.541700e+00 -1.025300e+00 320 33 1.218700e+01 4.690000e+00 6.871200e+02 2.949600e+02 0
4.515500e-01 1.143200e+01 1.649600e+00 -1.025300e+00 332 33 1.219100e+01 4.690000e+00 7.075000e+02 2.915000e+02 0
5.434900e-01 1.148000e+01 1.532900e+00 -1.025300e+00 333 33 1.218000e+01 4.690000e+00 7.126300e+02 2.979500e+02 0
6.608100e-01 1.197100e+01 1.503600e+00 -1.025300e+00 347 33 1.228500e+01 4.690000e+00 7.181000e+02 3.020500e+02 0
7.574000e-01 1.199300e+01 1.566800e+00 -1.025300e+00 348 33 1.225500e+01 4.690000e+00 7.231300e+02 2.989500e+02 0
7.901400e-01 1.244200e+01 2.097600e+00 -1.025300e+00 363 33 1.212400e+01 4.690000e+00 7.232900e+02 2.753300e+02 0
5.942400e-01 1.253500e+01 1.795400e+00 -1.025300e+00 364 33 1.191400e+01 4.690000e+00 7.133800e+02 2.906200e+02 0
1.240900e+00 1.308000e+01 1.603900e+00 -1.025300e+00 380 33 1.143400e+01 4.690000e+00 7.441800e+02 3.024000e+02 0
1.555200e+00 1.308300e+01 1.594400e+00 -1.025300e+00 381 33 1.160700e+01 4.690000e+00 7.595100e+02 3.028200e+02 0
1.559300e+00 1.306700e+01 1.963000e+00 -1.025300e+00 382 33 1.199100e+01 4.690000e+00 7.594600e+02 2.855900e+02 0
1.459100e+00 1.311200e+01 1.979000e+00 -1.025300e+00 383 33 1.209800e+01 4.690000e+00 7.543400e+02 2.851300e+02 0
1.463000e+00 1.317900e+01 1.758000e+00 -1.025300e+00 384 33 1.184000e+01 4.690000e+00 7.544100e+02 2.957000e+02 0
1.332500e+00 1.414600e+01 -1.337000e+00 -1.025300e+00 408 33 1.135400e+01 4.690000e+00 7.468400e+02 4.345400e+02 0
2.714700e-01 6.563300e+00 2.268900e+00 -9.932700e-01 200 34 1.064900e+01 4.690000e+00 6.996800e+02 1.825600e+02 0
3.819700e-01 6.682600e+00 1.995500e+00 -9.932700e-01 201 34 1.180000e+01 4.690000e+00 7.104300e+02 2.102600e+02 0
3.838800e-01 6.834800e+00 1.553100e+00 -9.932700e-01 202 34 1.222800e+01 4.690000e+00 7.108600e+02 2.527300e+02 0
4.409100e-01 7.013300e+00 -7.385000e-01 -9.932700e-01 203 34 1.086400e+01 4.690000e+00 7.189200e+02 4.562700e+02 0
3.323200e-01 6.577500e+00 2.624100e+00 -9.932700e-01 204 34 1.203300e+01 4.690000e+00 705 1.505800e+02 0
3.896100e-01 6.769500e+00 2.185800e+00 -9.932700e-01 205 34 1.283300e+01 4.690000e+00 7.106500e+02 1.952800e+02 0
4.474500e-01 6.804900e+00 2.179100e+00 -9.932700e-01 206 34 1.266200e+01 4.690000e+00 7.159600e+02 1.967000e+02 0
5.058400e-01 6.861600e+00 2.102200e+00 -9.932700e-01 207 34 1.260700e+01 4.690000e+00 7.212900e+02 2.047600e+02 0
4.518200e-01 6.977100e+00 1.837500e+00 -9.932700e-01 208 34 1.312800e+01 4.690000e+00 7.162900e+02 2.302700e+02 0
4.540000e-01 7.057700e+00 1.658000e+00 -9.932700e-01 209 34 1.345200e+01 4.690000e+00 7.164800e+02 2.471500e+02 0
4.561900e-01 7.109500e+00 1.588100e+00 -9.932700e-01 210 34 1.339700e+01 4.690000e+00 7.166100e+02 2.539300e+02 0
5.729600e-01 7.136200e+00 1.591500e+00 -9.932700e-01 211 34 1.325700e+01 4.690000e+00 7.269400e+02 254 0
-5.819600e-01 8.124800e+00 -8.317700e-01 -9.932700e-01 238 34 1.330200e+01 4.690000e+00 6.347100e+02 4.498600e+02 0
-1.222900e+00 8.425700e+00 1.769200e+00 -9.932700e-01 250 34 1.249700e+01 4.690000e+00 5.869500e+02 2.583800e+02 0
-8.185100e-01 8.480700e+00 1.906700e+00 -9.932700e-01 251 34 1.284300e+01 4.690000e+00 6.174900e+02 2.491500e+02 0
-6.848200e-01 8.560900e+00 1.755300e+00 -9.932700e-01 252 34 1.257700e+01 4.690000e+00 6.281400e+02 2.608100e+02 0
-8.938200e-01 8.687600e+00 -8.790000e-01 -9.932700e-01 253 34 1.288500e+01 4.690000e+00 6.156800e+02 4.473400e+02 0
-8.283400e-01 8.756100e+00 -8.847500e-01 -9.932700e-01 254 34 1.299300e+01 4.690000e+00 6.210700e+02 4.471000e+02 0
-8.709000e-01 9.016700e+00 2.058600e+00 -9.932700e-01 267 34 1.265200e+01 4.690000e+00 6.182300e+02 2.457100e+02 0
-1.019900e+00 8.986100e+00 2.270900e+00 -9.932700e-01 268 34 1.300300e+01 4.690000e+00 6.074400e+02 2.312000e+02 0
-9.505700e-01 8.909300e+00 2.705700e+00 -9.932700e-01 269 34 1.303800e+01 4.690000e+00 6.113100e+02 2.008600e+02 0
-7.339300e-01 8.945800e+00 2.772800e+00 -9.932700e-01 270 34 1.310600e+01 4.690000e+00 6.267700e+02 1.969100e+02 0
-5.893300e-01 9.069500e+00 2.511600e+00 -9.932700e-01 271 34 1.294500e+01 4.690000e+00 6.378600e+02 2.163000e+02 0
-4.469100e-01 9.280000e+00 2.140300e+00 -9.932700e-01 274 34 1.344000e+01 4.690000e+00 6.490500e+02 2.435400e+02 0
-8.223300e-01 8.759800e+00 3.762300e+00 -9.932700e-01 275 34 1.377600e+01 4.690000e+00 6.183800e+02 1.264100e+02 0
-9.003700e-01 8.488600e+00 4.400800e+00 -9.932700e-01 276 34 1.377300e+01 4.690000e+00 6.098900e+02 7.480600e+01 0
-6.777300e-01 8.781300e+00 3.916200e+00 -9.932700e-01 277 34 1.379500e+01 4.690000e+00 6.287200e+02 1.165000e+02 0
-7.557600e-01 9.183300e+00 2.945800e+00 -9.932700e-01 278 34 1.391300e+01 4.690000e+00 6.268700e+02 1.899100e+02 0
-6.177100e-01 9.566600e+00 2.403800e+00 -9.932700e-01 284 34 1.347500e+01 4.690000e+00 6.389400e+02 2.305800e+02 0
-2.447400e-01 1.017000e+01 2.357000e+00 -9.932700e-01 300 34 1.339900e+01 4.690000e+00 6.652900e+02 2.409500e+02 0
-2.455500e-01 1.013100e+01 2.658700e+00 -9.932700e-01 301 34 1.379100e+01 4.690000e+00 6.649000e+02 2.226000e+02 0
-3.285000e-01 1.013100e+01 2.784000e+00 -9.932700e-01 302 34 1.401000e+01 4.690000e+00 6.596500e+02 2.152200e+02 0
-4.119900e-01 1.009800e+01 3.015500e+00 -9.932700e-01 303 34 1.403300e+01 4.690000e+00 6.541700e+02 2.010600e+02 0
-4.960200e-01 1.014500e+01 2.968500e+00 -9.932700e-01 304 34 1.389000e+01 4.690000e+00 6.491800e+02 2.046100e+02 0
-4.297200e-01 1.072200e+01 2.421800e+00 -9.932700e-01 316 34 1.367800e+01 4.690000e+00 6.558100e+02 2.435800e+02 0
-5.173000e-01 1.072100e+01 2.566800e+00 -9.932700e-01 317 34 1.343000e+01 4.690000e+00 6.505600e+02 2.354600e+02 0
-4.324500e-01 1.074600e+01 2.624700e+00 -9.932700e-01 318 34 1.304900e+01 4.690000e+00 6.555900e+02 2.325000e+02 0
-1.735300e-01 1.087300e+01 2.254100e+00 -9.932700e-01 319 34 1.315300e+01 4.690000e+00 6.713100e+02 2.544200e+02 0
-8.703500e-02 1.098500e+01 1.851600e+00 -9.932700e-01 320 34 1.359800e+01 4.690000e+00 6.768100e+02 2.776100e+02 0
0 1.101700e+01 1.875500e+00 -9.932700e-01 321 34 1.374800e+01 4.690000e+00 6.818400e+02 2.765200e+02 0
-1.795300e-01 1.128500e+01 2.149800e+00 -9.932700e-01 330 34 1.323000e+01 4.690000e+00 6.718500e+02 2.639100e+02 0
-9.003700e-02 1.134400e+01 2.029700e+00 -9.932700e-01 331 34 1.338500e+01 4.690000e+00 6.770400e+02 2.707800e+02 0
2.709300e-01 1.142500e+01 1.737200e+00 -9.932700e-01 332 34 1.359900e+01 4.690000e+00 6.974000e+02 2.868500e+02 0
5.434900e-01 1.146100e+01 1.669300e+00 -9.932700e-01 333 34 1.345900e+01 4.690000e+00 7.125500e+02 2.906200e+02 0
4.720100e-01 1.194300e+01 1.776500e+00 -9.932700e-01 347 34 1.344600e+01 4.690000e+00 7.078800e+02 2.880700e+02 0
7.574000e-01 1.198700e+01 1.611700e+00 -9.932700e-01 348 34 1.336300e+01 4.690000e+00 7.231100e+02 2.966400e+02 0
6.760900e-01 1.196800e+01 3.023500e+00 -9.932700e-01 355 34 1.386900e+01 4.690000e+00 7.176300e+02 2.252500e+02 0
6.780000e-01 1.201600e+01 2.978200e+00 -9.932700e-01 356 34 1.411900e+01 4.690000e+00 7.176800e+02 2.280600e+02 0
6.799100e-01 1.212800e+01 2.648400e+00 -9.932700e-01 357 34 1.376300e+01 4.690000e+00 7.178300e+02 2.456800e+02 0
5.926000e-01 1.236700e+01 2.553900e+00 -9.932700e-01 363 34 1.361600e+01 4.690000e+00 7.129600e+02 2.525500e+02 0
3.961600e-01 1.243400e+01 2.437400e+00 -9.932700e-01 364 34 1.342900e+01 4.690000e+00 7.029300e+02 2.588400e+02 0
1.658900e+00 1.302300e+01 1.939000e+00 -9.932700e-01 381 34 1.240400e+01 4.690000e+00 7.645900e+02 2.864300e+02 0
1.663200e+00 1.298500e+01 2.378600e+00 -9.932700e-01 382 34 1.295500e+01 4.690000e+00 7.646000e+02 2.656700e+02 0
1.563400e+00 1.308300e+01 2.086800e+00 -9.932700e-01 383 34 1.312700e+01 4.690000e+00 7.594600e+02 2.799400e+02 0
1.463000e+00 1.319300e+01 1.644700e+00 -9.932700e-01 384 34 1.301600e+01 4.690000e+00 7.544500e+02 301 0
1.505000e+00 1.365800e+01 -1.296000e+00 -9.932700e-01 395 34 1.244600e+01 4.690000e+00 7.568700e+02 4.353500e+02 0
-2.829300e-01 2.016200e+00 -3.191900e-01 -9.612300e-01 62 35 9.907400e+00 4.690000e+00 5.459600e+02 5.655200e+02 0
-2.199100e-01 2.121500e+00 -3.280200e-01 -9.612300e-01 63 35 9.972400e+00 4.690000e+00 5.729200e+02 5.579400e+02 0
-1.080400e+00 4.038600e+00 -4.888900e-01 -9.612300e-01 121 35 9.919500e+00 4.690000e+00 4.949500e+02 487 0
-1.188500e+00 4.037400e+00 -4.887900e-01 -9.612300e-01 122 35 9.892800e+00 4.690000e+00 4.778900e+02 4.869000e+02 0
-1.883400e+00 5.886200e+00 -6.439300e-01 -9.612300e-01 178 35 1.059000e+01 4.690000e+00 4.715000e+02 4.631100e+02 0
-1.894000e+00 5.919700e+00 -6.467400e-01 -9.612300e-01 179 35 1.103100e+01 4.690000e+00 4.716300e+02 4.628200e+02 0
-1.904700e+00 5.944400e+00 -6.488000e-01 -9.612300e-01 180 35 1.081700e+01 4.690000e+00 4.714200e+02 4.626100e+02 0
-2.135200e+00 5.977600e+00 -6.515900e-01 -9.612300e-01 183 35 1.062500e+01 4.690000e+00 4.483800e+02 4.621800e+02 0
-2.296800e+00 5.963200e+00 -6.503800e-01 -9.612300e-01 184 35 1.092100e+01 4.690000e+00 4.307800e+02 4.622000e+02 0
-5.047500e-02 6.040400e+00 2.291900e+00 -9.612300e-01 186 35 1.215600e+01 4.690000e+00 6.665400e+02 1.651400e+02 0
-5.074800e-02 6.099600e+00 2.233200e+00 -9.612300e-01 187 35 1.249900e+01 4.690000e+00 6.668500e+02 1.727900e+02 0
-5.102100e-02 6.180100e+00 2.110100e+00 -9.612300e-01 188 35 1.201200e+01 4.690000e+00 6.673200e+02 1.871700e+02 0
3.323200e-01 6.468100e+00 2.883300e+00 -9.612300e-01 204 35 1.278700e+01 4.690000e+00 7.048200e+02 1.231400e+02 0
3.896100e-01 6.675800e+00 2.457300e+00 -9.612300e-01 205 35 1.320500e+01 4.690000e+00 7.105000e+02 1.685500e+02 0
4.474500e-01 6.637700e+00 2.645100e+00 -9.612300e-01 206 35 1.291100e+01 4.690000e+00 7.158300e+02 1.504700e+02 0
3.953400e-01 6.941100e+00 1.981200e+00 -9.612300e-01 208 35 1.308500e+01 4.690000e+00 7.110400e+02 2.171300e+02 0
3.405000e-01 7.119400e+00 -7.474000e-01 -9.612300e-01 209 35 1.339600e+01 4.690000e+00 7.094400e+02 4.555700e+02 0
-1.784600e+00 6.894000e+00 1.894100e+00 -9.612300e-01 212 35 1.366100e+01 4.690000e+00 5.126000e+02 2.250500e+02 0
-1.735300e+00 7.006700e+00 1.646200e+00 -9.612300e-01 213 35 1.385800e+01 4.690000e+00 5.199300e+02 2.483600e+02 0
-1.091400e+00 8.451100e+00 1.901200e+00 -9.612300e-01 251 35 1.363400e+01 4.690000e+00 5.969500e+02 2.492600e+02 0
-1.095700e+00 8.549200e+00 1.596400e+00 -9.612300e-01 252 35 1.364500e+01 4.690000e+00 5.979100e+02 272 0
-1.237600e+00 8.636600e+00 -8.747100e-01 -9.612300e-01 253 35 1.362700e+01 4.690000e+00 5.898900e+02 4.474100e+02 0
-1.238400e+00 8.965100e+00 2.245000e+00 -9.612300e-01 268 35 1.339300e+01 4.690000e+00 5.919800e+02 2.327200e+02 0
-1.316200e+00 8.862400e+00 2.706600e+00 -9.612300e-01 269 35 1.365100e+01 4.690000e+00 5.850900e+02 2.001500e+02 0
-1.100900e+00 8.897200e+00 2.807600e+00 -9.612300e-01 270 35 1.379000e+01 4.690000e+00 6.005700e+02 1.938900e+02 0
-8.840000e-01 9.021200e+00 2.597600e+00 -9.612300e-01 271 35 1.360000e+01 4.690000e+00 6.170100e+02 2.099600e+02 0
-4.469100e-01 8.988200e+00 3.148000e+00 -9.612300e-01 274 35 1.437800e+01 4.690000e+00 6.468200e+02 1.726100e+02 0
-6.728200e-01 8.827400e+00 3.631900e+00 -9.612300e-01 275 35 1.500800e+01 4.690000e+00 6.296100e+02 1.368100e+02 0
-7.503100e-01 8.843600e+00 3.669200e+00 -9.612300e-01 276 35 1.509600e+01 4.690000e+00 6.242300e+02 1.347900e+02 0
-6.777300e-01 8.966200e+00 3.472100e+00 -9.612300e-01 277 35 1.483900e+01 4.690000e+00 6.303500e+02 1.508200e+02 0
-8.313400e-01 9.159600e+00 2.998600e+00 -9.612300e-01 278 35 1.467400e+01 4.690000e+00 6.215000e+02 1.860800e+02 0
-1.137700e+00 9.236700e+00 2.765400e+00 -9.612300e-01 279 35 1.452200e+01 4.690000e+00 6.014800e+02 2.027500e+02 0
-1.522400e+00 9.266200e+00 2.599400e+00 -9.612300e-01 280 35 1.420500e+01 4.690000e+00 5.759100e+02 2.141300e+02 0
-1.833500e+00 9.329400e+00 2.284700e+00 -9.612300e-01 281 35 1.344800e+01 4.690000e+00 5.560200e+02 2.354100e+02 0
-3.847000e-01 9.515300e+00 2.510400e+00 -9.612300e-01 283 35 1.360000e+01 4.690000e+00 6.539800e+02 2.230500e+02 0
-3.088500e-01 9.516500e+00 2.649500e+00 -9.612300e-01 284 35 1.404400e+01 4.690000e+00 6.588900e+02 2.142700e+02 0
-4.649200e-01 9.566700e+00 2.575500e+00 -9.612300e-01 285 35 1.344400e+01 4.690000e+00 6.488600e+02 2.197500e+02 0
-4.092600e-01 9.996800e+00 3.108700e+00 -9.612300e-01 301 35 1.359600e+01 4.690000e+00 6.538800e+02 1.938700e+02 0
-3.285000e-01 1.008000e+01 2.965000e+00 -9.612300e-01 302 35 1.414800e+01 4.690000e+00 6.593400e+02 2.037300e+02 0
-3.295900e-01 1.014200e+01 2.876400e+00 -9.612300e-01 303 35 1.438400e+01 4.690000e+00 6.595500e+02 2.099200e+02 0
-4.133500e-01 1.020800e+01 2.755800e+00 -9.612300e-01 304 35 1.425500e+01 4.690000e+00 6.546900e+02 2.180100e+02 0
-3.317700e-01 1.020800e+01 2.899200e+00 -9.612300e-01 305 35 1.370400e+01 4.690000e+00 6.596100e+02 2.095600e+02 0
-4.269900e-01 1.050400e+01 2.994800e+00 -9.612300e-01 314 35 1.393000e+01 4.690000e+00 6.547900e+02 2.084200e+02 0
-5.140300e-01 1.066500e+01 2.497400e+00 -9.612300e-01 315 35 1.388300e+01 4.690000e+00 6.505700e+02 2.387200e+02 0
-6.875500e-01 1.075400e+01 2.211800e+00 -9.612300e-01 316 35 1.359500e+01 4.690000e+00 6.409500e+02 2.557500e+02 0
-2.692900e-01 1.113400e+01 2.823500e+00 -9.612300e-01 330 35 1.297200e+01 4.690000e+00 6.659900e+02 2.262000e+02 0
-1.800700e-01 1.125300e+01 2.482400e+00 -9.612300e-01 331 35 1.342600e+01 4.690000e+00 6.715200e+02 2.458100e+02 0
9.030900e-02 1.139300e+01 1.950600e+00 -9.612300e-01 332 35 1.334000e+01 4.690000e+00 6.871900e+02 2.753300e+02 0
3.623300e-01 1.143500e+01 1.879700e+00 -9.612300e-01 333 35 1.303100e+01 4.690000e+00 7.023500e+02 2.793500e+02 0
3.634200e-01 1.144800e+01 2.011200e+00 -9.612300e-01 334 35 1.277400e+01 4.690000e+00 7.022900e+02 2.724800e+02 0
3.645100e-01 1.150800e+01 1.869000e+00 -9.612300e-01 335 35 1.269100e+01 4.690000e+00 7.024200e+02 2.804300e+02 0
0 1.145100e+01 4.274600e+00 -9.612300e-01 351 35 1.247900e+01 4.690000e+00 6.805000e+02 1.541300e+02 0
9.603900e-02 1.197000e+01 2.799000e+00 -9.612300e-01 353 35 1.285000e+01 4.690000e+00 6.871700e+02 2.367300e+02 0
5.778700e-01 1.194300e+01 3.000600e+00 -9.612300e-01 354 35 1.358600e+01 4.690000e+00 7.125000e+02 2.261500e+02 0
7.726800e-01 1.188000e+01 3.332700e+00 -9.612300e-01 355 35 1.470000e+01 4.690000e+00 7.227000e+02 2.085700e+02 0
7.748600e-01 1.193600e+01 3.261500e+00 -9.612300e-01 356 35 1.491800e+01 4.690000e+00 7.227400e+02 2.128700e+02 0
6.799100e-01 1.205900e+01 2.948700e+00 -9.612300e-01 357 35 1.430300e+01 4.690000e+00 7.177200e+02 2.300100e+02 0
1.283400e+00 1.337000e+01 2.650000e+00 -9.612300e-01 393 35 1.272000e+01 4.690000e+00 7.442200e+02 2.562300e+02 0
1.393900e+00 1.337100e+01 2.763600e+00 -9.612300e-01 394 35 1.251300e+01 4.690000e+00 7.493700e+02 2.510800e+02 0
1.827500e+00 1.355300e+01 1.523300e+00 -9.612300e-01 395 35 1.221100e+01 4.690000e+00 7.701200e+02 3.080400e+02 0
1.887800e+00 1.322600e+01 4.852400e+00 -9.612300e-01 408 35 1.233900e+01 4.690000e+00 7.718100e+02 1.548400e+02 0
-1.047700e+00 4.021700e+00 -4.874700e-01 -9.291900e-01 121 36 9.883000e+00 4.690000e+00 4.992800e+02 4.873500e+02 0
-1.242200e+00 4.870200e+00 2.191100e+00 -9.291900e-01 158 36 1.074700e+01 4.690000e+00 5.074500e+02 1.322700e+02 0
-1.336400e+00 4.905200e+00 2.144900e+00 -9.291900e-01 159 36 1.091600e+01 4.690000e+00 4.968800e+02 1.395800e+02 0
-1.475000e+00 4.853500e+00 2.258700e+00 -9.291900e-01 160 36 1.063100e+01 4.690000e+00 4.771600e+02 1.236100e+02 0
-1.527900e+00 4.773800e+00 2.469600e+00 -9.291900e-01 161 36 1.028300e+01 4.690000e+00 4.667900e+02 9.380200e+01 0
-2.196300e+00 5.702600e+00 -6.285200e-01 -9.291900e-01 176 36 1.148500e+01 4.690000e+00 4.298000e+02 4.645100e+02 0
-2.064800e+00 5.788900e+00 -6.357600e-01 -9.291900e-01 177 36 1.236000e+01 4.690000e+00 4.480200e+02 4.638300e+02 0
-1.980000e+00 5.855400e+00 -6.413400e-01 -9.291900e-01 178 36 1.319600e+01 4.690000e+00 4.599300e+02 4.633100e+02 0
-1.942600e+00 5.905000e+00 -6.455000e-01 -9.291900e-01 179 36 1.350200e+01 4.690000e+00 4.658900e+02 4.629100e+02 0
-1.953500e+00 5.938200e+00 -6.482800e-01 -9.291900e-01 180 36 1.313900e+01 4.690000e+00 4.660100e+02 4.626300e+02 0
-2.210000e+00 5.883800e+00 -6.437200e-01 -9.291900e-01 181 36 1.209500e+01 4.690000e+00 4.364800e+02 4.629200e+02 0
-2.321000e+00 5.867100e+00 -6.423200e-01 -9.291900e-01 182 36 1.260300e+01 4.690000e+00 4.238700e+02 4.629900e+02 0
-2.234500e+00 5.949900e+00 -6.492700e-01 -9.291900e-01 183 36 1.319500e+01 4.690000e+00 4.367500e+02 4.623500e+02 0
-2.296800e+00 5.939700e+00 -6.484200e-01 -9.291900e-01 184 36 1.322600e+01 4.690000e+00 4.297400e+02 4.623900e+02 0
5.047500e-02 5.917700e+00 2.592500e+00 -9.291900e-01 186 36 1.351600e+01 4.690000e+00 6.763200e+02 1.306800e+02 0
5.074800e-02 5.901000e+00 2.714900e+00 -9.291900e-01 187 36 1.394500e+01 4.690000e+00 6.761300e+02 1.176900e+02 0
5.102100e-02 5.901700e+00 2.795800e+00 -9.291900e-01 188 36 1.373900e+01 4.690000e+00 6.760500e+02 1.095900e+02 0
-1.899800e+00 6.938600e+00 1.595900e+00 -9.291900e-01 212 36 1.417400e+01 4.690000e+00 5.034800e+02 2.516800e+02 0
-1.850900e+00 6.997600e+00 1.556400e+00 -9.291900e-01 213 36 1.464700e+01 4.690000e+00 5.094300e+02 2.559600e+02 0
-1.801600e+00 7.034200e+00 1.614900e+00 -9.291900e-01 214 36 1.461800e+01 4.690000e+00 5.147300e+02 2.515000e+02 0
-1.810000e+00 7.059500e+00 1.655800e+00 -9.291900e-01 215 36 1.441000e+01 4.690000e+00 5.146100e+02 2.484300e+02 0
-1.877100e+00 7.208900e+00 -7.549200e-01 -9.291900e-01 216 36 1.348700e+01 4.690000e+00 5.129600e+02 4.539200e+02 0
-2.312000e+00 6.996100e+00 2.522100e+00 -9.291900e-01 224 36 1.427800e+01 4.690000e+00 4.684900e+02 1.740500e+02 0
-1.946400e+00 8.231000e+00 1.506300e+00 -9.291900e-01 247 36 1.394300e+01 4.690000e+00 5.295600e+02 2.753900e+02 0
-2.021700e+00 8.083500e+00 2.231300e+00 -9.291900e-01 248 36 1.375800e+01 4.690000e+00 5.206200e+02 2.201800e+02 0
-5.980600e-01 8.777300e+00 3.764000e+00 -9.291900e-01 275 36 1.411100e+01 4.690000e+00 6.344700e+02 1.265800e+02 0
-6.752700e-01 8.945500e+00 3.428900e+00 -9.291900e-01 276 36 1.430000e+01 4.690000e+00 6.304100e+02 1.532000e+02 0
-6.024300e-01 9.136000e+00 3.013000e+00 -9.291900e-01 277 36 1.392700e+01 4.690000e+00 637 1.845500e+02 0
-1.213600e+00 9.112500e+00 3.122200e+00 -9.291900e-01 279 36 1.360100e+01 4.690000e+00 5.948400e+02 1.773300e+02 0
-1.522400e+00 9.294000e+00 2.498200e+00 -9.291900e-01 280 36 1.339800e+01 4.690000e+00 5.763100e+02 2.210700e+02 0
-1.538800e-01 9.393600e+00 2.954300e+00 -9.291900e-01 283 36 1.282100e+01 4.690000e+00 6.685700e+02 1.928600e+02 0
-1.544300e-01 9.539300e+00 2.580000e+00 -9.291900e-01 284 36 1.303900e+01 4.690000e+00 6.692300e+02 2.189200e+02 0
-4.256300e-01 1.036400e+01 3.335100e+00 -9.291900e-01 313 36 1.326300e+01 4.690000e+00 6.541100e+02 1.867500e+02 0
-4.269900e-01 1.040800e+01 3.314200e+00 -9.291900e-01 314 36 1.384000e+01 4.690000e+00 6.542100e+02 1.886700e+02 0
-4.283600e-01 1.046000e+01 3.263200e+00 -9.291900e-01 315 36 1.370500e+01 4.690000e+00 6.543600e+02 1.924500e+02 0
-4.297200e-01 1.019200e+01 4.116900e+00 -9.291900e-01 316 36 1.309700e+01 4.690000e+00 6.526500e+02 1.382300e+02 0
-1.724300e-01 1.008000e+01 4.488900e+00 -9.291900e-01 317 36 1.291700e+01 4.690000e+00 6.678800e+02 1.137400e+02 0
-3.459600e-01 1.056000e+01 3.305400e+00 -9.291900e-01 318 36 1.272300e+01 4.690000e+00 6.595900e+02 1.916100e+02 0
-1.746200e-01 1.079200e+01 2.896500e+00 -9.291900e-01 321 36 1.284200e+01 4.690000e+00 6.706000e+02 2.178400e+02 0
7.726800e-01 1.187000e+01 3.368800e+00 -9.291900e-01 355 36 1.351700e+01 4.690000e+00 7.226900e+02 2.066200e+02 0
6.780000e-01 1.204200e+01 2.869400e+00 -9.291900e-01 356 36 1.378500e+01 4.690000e+00 7.177200e+02 2.337900e+02 0
2.913900e-01 1.224300e+01 2.144500e+00 -9.291900e-01 357 36 1.329000e+01 4.690000e+00 6.978800e+02 2.717100e+02 0
7.467600e-01 1.268000e+01 5.012500e+00 -9.291900e-01 392 36 1.269700e+01 4.690000e+00 7.182200e+02 1.390800e+02 0
-1.138300e+00 4.220700e+00 2.822700e+00 -8.971500e-01 150 37 1.068600e+01 4.690000e+00 4.944100e+02 9.707300e+00 0
-1.227800e+00 4.198700e+00 2.881800e+00 -8.971500e-01 151 37 1.118400e+01 4.690000e+00 4.803000e+02 -4.681800e-02 0
-1.277200e+00 4.168600e+00 2.966600e+00 -8.971500e-01 152 37 1.062900e+01 4.690000e+00 4.715400e+02 -1.425300e+01 0
-1.064100e+00 4.566100e+00 2.774800e+00 -8.971500e-01 157 37 1.108000e+01 4.690000e+00 5.192000e+02 4.178500e+01 0
-1.156600e+00 4.722700e+00 2.533900e+00 -8.971500e-01 158 37 1.205000e+01 4.690000e+00 5.128600e+02 8.228900e+01 0
-1.207000e+00 4.878600e+00 2.278000e+00 -8.971500e-01 159 37 1.208300e+01 4.690000e+00 5.122100e+02 1.220700e+02 0
-1.301400e+00 4.735800e+00 2.590800e+00 -8.971500e-01 160 37 1.137800e+01 4.690000e+00 4.944500e+02 7.626800e+01 0
-1.571500e+00 4.903300e+00 2.170500e+00 -8.971500e-01 161 37 1.213900e+01 4.690000e+00 4.671500e+02 1.367400e+02 0
-1.669200e+00 5.048600e+00 1.827400e+00 -8.971500e-01 162 37 1.271800e+01 4.690000e+00 4.615800e+02 1.834900e+02 0
-1.768000e+00 5.091700e+00 1.719500e+00 -8.971500e-01 163 37 1.265500e+01 4.690000e+00 4.515000e+02 1.976700e+02 0
-1.912300e+00 5.216100e+00 -5.876900e-01 -8.971500e-01 164 37 1.253300e+01 4.690000e+00 4.393400e+02 4.695300e+02 0
-2.237300e+00 5.241500e+00 -5.898200e-01 -8.971500e-01 165 37 1.266700e+01 4.690000e+00 4.016500e+02 469 0
-2.386000e+00 5.230600e+00 -5.889100e-01 -8.971500e-01 166 37 1.261100e+01 4.690000e+00 3.832400e+02 469 0
-2.269700e+00 5.749300e+00 -6.324300e-01 -8.971500e-01 178 37 1.332700e+01 4.690000e+00 4.239300e+02 4.640400e+02 0
-2.088300e+00 5.853500e+00 -6.411800e-01 -8.971500e-01 179 37 1.359800e+01 4.690000e+00 4.482100e+02 4.632600e+02 0
-2.295400e+00 5.793100e+00 -6.361100e-01 -8.971500e-01 180 37 1.360100e+01 4.690000e+00 4.232000e+02 4.636400e+02 0
-2.553800e+00 5.686000e+00 -6.271300e-01 -8.971500e-01 181 37 1.355200e+01 4.690000e+00 3.896500e+02 4.644100e+02 0
-2.580200e+00 6.038600e+00 1.519000e+00 -8.971500e-01 194 37 1.360900e+01 4.690000e+00 4.057800e+02 2.434300e+02 0
-2.245200e+00 6.779000e+00 1.817700e+00 -8.971500e-01 212 37 1.374400e+01 4.690000e+00 4.674300e+02 2.297500e+02 0
-2.198000e+00 6.872800e+00 1.657800e+00 -8.971500e-01 213 37 1.417000e+01 4.690000e+00 4.747300e+02 2.453900e+02 0
-2.034000e+00 6.999000e+00 -7.373000e-01 -8.971500e-01 214 37 1.409600e+01 4.690000e+00 4.933700e+02 4.550700e+02 0
-1.693200e+00 7.057800e+00 1.781700e+00 -8.971500e-01 215 37 1.373500e+01 4.690000e+00 5.248500e+02 2.376600e+02 0
-2.362200e+00 7.087100e+00 2.073900e+00 -8.971500e-01 223 37 1.507200e+01 4.690000e+00 4.669300e+02 2.139500e+02 0
-2.372900e+00 7.035000e+00 2.351500e+00 -8.971500e-01 224 37 1.527400e+01 4.690000e+00 4.643700e+02 1.894700e+02 0
-2.322400e+00 7.027300e+00 2.533600e+00 -8.971500e-01 225 37 1.436100e+01 4.690000e+00 4.685700e+02 1.739100e+02 0
-2.096500e+00 7.008600e+00 2.962800e+00 -8.971500e-01 227 37 1.393300e+01 4.690000e+00 4.878500e+02 1.370900e+02 0
-2.043800e+00 7.006500e+00 3.094900e+00 -8.971500e-01 228 37 1.401600e+01 4.690000e+00 4.924100e+02 1.258800e+02 0
-1.914800e+00 7.440200e+00 3.521900e+00 -8.971500e-01 243 37 1.381000e+01 4.690000e+00 5.145400e+02 1.055200e+02 0
-1.819600e+00 7.975300e+00 2.737300e+00 -8.971500e-01 248 37 1.353600e+01 4.690000e+00 5.339200e+02 1.804400e+02 0
1.218000e+00 6.015800e+00 6.110600e+00 -8.971500e-01 249 37 1.305200e+01 4.690000e+00 7.918000e+02 -2.088700e+02 0
7.473000e-01 5.676500e+00 6.545000e+00 -8.971500e-01 250 37 1.303200e+01 4.690000e+00 7.453300e+02 -2.837600e+02 0
-8.610800e-01 8.044700e+00 4.347700e+00 -8.971500e-01 264 37 1.341500e+01 4.690000e+00 6.084300e+02 6.308100e+01 0
-7.202900e-01 7.853800e+00 4.775300e+00 -8.971500e-01 265 37 1.374800e+01 4.690000e+00 6.172100e+02 2.397200e+01 0
-5.784200e-01 7.838600e+00 4.885800e+00 -8.971500e-01 266 37 1.307500e+01 4.690000e+00 6.281900e+02 1.492300e+01 0
-1.088600e+00 9.441000e+00 2.957700e+00 -8.971500e-01 286 37 1.224500e+01 4.690000e+00 6.065900e+02 1.939800e+02 0
-2.521000e-01 9.624000e+00 4.797500e+00 -8.971500e-01 309 37 1.249000e+01 4.690000e+00 6.612700e+02 8.332000e+01 0
-4.269900e-01 1.014600e+01 4.045100e+00 -8.971500e-01 314 37 1.265500e+01 4.690000e+00 6.526800e+02 1.414100e+02 0
-2.039700e+00 1.131600e+01 4.728300e+00 -8.971500e-01 357 37 1.283100e+01 4.690000e+00 5.677500e+02 1.291900e+02 0
-2.240300e+00 1.102600e+01 5.370300e+00 -8.971500e-01 358 37 1.305100e+01 4.690000e+00 5.530800e+02 8.917300e+01 0
-2.475200e+00 1.236000e+01 3.920400e+00 -8.971500e-01 379 37 1.310300e+01 4.690000e+00 5.565700e+02 1.874000e+02 0
-2.585100e+00 1.220100e+01 4.432900e+00 -8.971500e-01 380 37 1.342300e+01 4.690000e+00 5.491000e+02 1.603500e+02 0
-2.384600e+00 1.200800e+01 5.121400e+00 -8.971500e-01 381 37 1.350900e+01 4.690000e+00 5.569800e+02 1.233000e+02 0
-2.183000e+00 1.202000e+01 5.271900e+00 -8.971500e-01 382 37 1.321800e+01 4.690000e+00 5.674400e+02 1.160500e+02 0
-3.556400e+00 1.279000e+01 3.751200e+00 -8.971500e-01 396 37 1.206400e+01 4.690000e+00 5.087500e+02 2.014400e+02 0
1.268700e+00 2.284200e+00 -3.416800e-01 -8.651100e-01 76 38 1.040700e+01 4.690000e+00 1.016400e+03 5.519100e+02 1
1.327100e+00 2.265100e+00 -3.400700e-01 -8.651100e-01 77 38 1.148200e+01 4.690000e+00 1.036900e+03 5.533400e+02 1
1.344500e+00 2.281300e+00 -3.414300e-01 -8.651100e-01 78 38 1.161400e+01 4.690000e+00 1.039600e+03 5.523400e+02 1
1.383300e+00 2.262600e+00 -3.398600e-01 -8.651100e-01 79 38 1.101900e+01 4.690000e+00 1.054300e+03 5.536900e+02 1
1.444100e+00 2.233700e+00 -3.374400e-01 -8.651100e-01 80 38 1.024800e+01 4.690000e+00 1.077900e+03 5.558000e+02 1
1.502800e+00 2.312400e+00 -3.440400e-01 -8.651100e-01 82 38 1.202700e+01 4.690000e+00 1.081500e+03 5.508600e+02 1
1.499000e+00 2.372100e+00 -3.490500e-01 -8.651100e-01 83 38 1.300700e+01 4.690000e+00 1.070100e+03 5.471900e+02 1
1.517300e+00 2.402600e+00 -3.516100e-01 -8.651100e-01 84 38 1.286800e+01 4.690000e+00 1.070300e+03 5.454500e+02 1
1.535500e+00 2.396100e+00 -3.510600e-01 -8.651100e-01 85 38 1.161800e+01 4.690000e+00 1.076600e+03 5.458800e+02 1
-1.130600e+00 4.062200e+00 2.989200e+00 -8.651100e-01 149 38 1.087900e+01 4.690000e+00 4.879500e+02 -2.751100e+01 0
-1.219600e+00 4.234600e+00 2.767400e+00 -8.651100e-01 150 38 1.261500e+01 4.690000e+00 4.832500e+02 1.864400e+01 0
-1.227800e+00 4.355400e+00 2.639200e+00 -8.651100e-01 151 38 1.307800e+01 4.690000e+00 4.878200e+02 4.515700e+01 0
-1.318400e+00 4.436400e+00 2.527800e+00 -8.651100e-01 152 38 1.250600e+01 4.690000e+00 4.789400e+02 6.571700e+01 0
-1.575900e+00 4.440400e+00 2.445000e+00 -8.651100e-01 153 38 1.088600e+01 4.690000e+00 4.434600e+02 7.741900e+01 0
-2.713400e+00 4.600100e+00 -5.360000e-01 -8.651100e-01 154 38 1.093300e+01 4.690000e+00 2.963800e+02 4.763500e+02 0
-2.689100e+00 4.655200e+00 -5.406200e-01 -8.651100e-01 155 38 1.182900e+01 4.690000e+00 3.043100e+02 4.756300e+02 0
-2.741500e+00 4.723600e+00 -5.463700e-01 -8.651100e-01 158 38 1.287400e+01 4.690000e+00 3.030500e+02 4.746800e+02 0
-2.758900e+00 4.764300e+00 -5.497800e-01 -8.651100e-01 159 38 1.302100e+01 4.690000e+00 3.040900e+02 4.741400e+02 0
-2.686100e+00 5.524300e+00 -6.135600e-01 -8.651100e-01 180 38 1.350600e+01 4.690000e+00 3.658000e+02 4.658200e+02 0
-2.701100e+00 5.510900e+00 -6.124300e-01 -8.651100e-01 181 38 1.388300e+01 4.690000e+00 3.633000e+02 4.659300e+02 0
-2.632900e+00 6.054000e+00 -6.580000e-01 -8.651100e-01 194 38 1.361200e+01 4.690000e+00 3.999400e+02 4.612500e+02 0
-2.646500e+00 6.035300e+00 1.572700e+00 -8.651100e-01 195 38 1.382000e+01 4.690000e+00 3.988900e+02 2.381100e+02 0
-2.665100e+00 7.028600e+00 1.898800e+00 -8.651100e-01 223 38 1.428300e+01 4.690000e+00 4.384400e+02 2.277400e+02 0
-2.312000e+00 7.020600e+00 2.453000e+00 -8.651100e-01 224 38 1.469000e+01 4.690000e+00 4.692600e+02 1.805100e+02 0
-2.139100e+00 6.945000e+00 2.896200e+00 -8.651100e-01 225 38 1.394100e+01 4.690000e+00 4.822200e+02 1.407600e+02 0
-2.394200e+00 6.406200e+00 3.869500e+00 -8.651100e-01 226 38 1.374600e+01 4.690000e+00 4.406200e+02 3.426300e+01 0
-2.281500e+00 6.602100e+00 3.674400e+00 -8.651100e-01 227 38 1.410700e+01 4.690000e+00 4.583100e+02 6.073600e+01 0
-2.229600e+00 6.771900e+00 3.466500e+00 -8.651100e-01 228 38 1.423200e+01 4.690000e+00 4.687300e+02 8.594100e+01 0
-2.363900e+00 6.906100e+00 3.181100e+00 -8.651100e-01 229 38 1.411300e+01 4.690000e+00 4.610600e+02 1.155300e+02 0
-2.561700e+00 6.957700e+00 2.997900e+00 -8.651100e-01 230 38 1.344100e+01 4.690000e+00 4.452800e+02 1.329800e+02 0
-1.543700e+00 7.428400e+00 4.030300e+00 -8.651100e-01 247 38 1.379700e+01 4.690000e+00 5.449100e+02 6.462300e+01 0
-1.617400e+00 7.704200e+00 3.526800e+00 -8.651100e-01 248 38 1.395800e+01 4.690000e+00 5.444000e+02 1.134700e+02 0
-1.556300e+00 8.080500e+00 2.701200e+00 -8.651100e-01 249 38 1.316900e+01 4.690000e+00 5.562300e+02 1.852400e+02 0
-1.494600e+00 7.720800e+00 3.711300e+00 -8.651100e-01 250 38 1.283700e+01 4.690000e+00 5.544800e+02 9.982200e+01 0
-1.705200e+00 7.055200e+00 4.852200e+00 -8.651100e-01 251 38 1.259000e+01 4.690000e+00 5.229300e+02 -1.808300e+01 0
-1.722200e+00 8.105200e+00 3.962400e+00 -8.651100e-01 264 38 1.248900e+01 4.690000e+00 5.435000e+02 9.406400e+01 0
-1.728700e+00 7.965900e+00 4.308100e+00 -8.651100e-01 265 38 1.266900e+01 4.690000e+00 5.403100e+02 6.409800e+01 0
-2.384600e+00 1.187200e+01 5.431000e+00 -8.651100e-01 381 38 1.238000e+01 4.690000e+00 5.553500e+02 1.053000e+02 0
-3.801200e+00 1.195200e+01 5.037200e+00 -8.651100e-01 388 38 1.180900e+01 4.690000e+00 4.833900e+02 1.271900e+02 0
-3.916900e+00 1.156600e+01 5.872400e+00 -8.651100e-01 389 38 1.230100e+01 4.690000e+00 4.704600e+02 7.752500e+01 0
-4.245400e+00 1.093500e+01 6.853000e+00 -8.651100e-01 390 38 1.199200e+01 4.690000e+00 4.398100e+02 1.009200e+01 0
1.289200e+00 2.260100e+00 -3.396500e-01 -8.330700e-01 76 39 1.050300e+01 4.690000e+00 1.026200e+03 5.535400e+02 1
1.327100e+00 2.263200e+00 -3.399100e-01 -8.330700e-01 77 39 1.143800e+01 4.690000e+00 1.037200e+03 5.534600e+02 1
1.344500e+00 2.270900e+00 -3.405600e-01 -8.330700e-01 78 39 1.150700e+01 4.690000e+00 1.041200e+03 5.530100e+02 1
1.383300e+00 2.263400e+00 -3.399300e-01 -8.330700e-01 79 39 1.090700e+01 4.690000e+00 1.054200e+03 5.536300e+02 1
1.465700e+00 2.284000e+00 -3.416500e-01 -8.330700e-01 80 39 1.043200e+01 4.690000e+00 1.075500e+03 5.525500e+02 1
1.502800e+00 2.330400e+00 -3.455500e-01 -8.330700e-01 82 39 1.262000e+01 4.690000e+00 1.078400e+03 5.497400e+02 1
1.499000e+00 2.381500e+00 -3.498400e-01 -8.330700e-01 83 39 1.355600e+01 4.690000e+00 1.068600e+03 5.466300e+02 1
1.494600e+00 2.428500e+00 -3.537800e-01 -8.330700e-01 84 39 1.340100e+01 4.690000e+00 1.059700e+03 5.438900e+02 1
1.512600e+00 2.448200e+00 -3.554300e-01 -8.330700e-01 85 39 1.217800e+01 4.690000e+00 1.061600e+03 5.428400e+02 1
-1.372900e+00 4.198400e+00 2.683900e+00 -8.330700e-01 149 39 1.072600e+01 4.690000e+00 4.590700e+02 2.770500e+01 0
-1.260200e+00 4.249000e+00 2.726700e+00 -8.330700e-01 150 39 1.246300e+01 4.690000e+00 4.780800e+02 2.546100e+01 0
-1.227800e+00 4.343100e+00 2.659300e+00 -8.330700e-01 151 39 1.300600e+01 4.690000e+00 4.872500e+02 4.157200e+01 0
-1.277200e+00 4.366300e+00 2.667100e+00 -8.330700e-01 152 39 1.262400e+01 4.690000e+00 4.813600e+02 4.230600e+01 0
-1.285600e+00 4.018800e+00 3.221000e+00 -8.330700e-01 153 39 1.115400e+01 4.690000e+00 4.622400e+02 -6.438600e+01 0
-2.629900e+00 4.645900e+00 -5.398500e-01 -8.330700e-01 154 39 1.262600e+01 4.690000e+00 3.114500e+02 4.758100e+02 0
-2.689100e+00 4.653000e+00 -5.404400e-01 -8.330700e-01 155 39 1.385600e+01 4.690000e+00 3.041300e+02 4.756600e+02 0
-2.748800e+00 4.651800e+00 -5.403400e-01 -8.330700e-01 156 39 1.374700e+01 4.690000e+00 2.960500e+02 4.756200e+02 0
-2.655800e+00 4.747200e+00 -5.483500e-01 -8.330700e-01 158 39 1.248000e+01 4.690000e+00 3.162000e+02 4.744500e+02 0
-2.888300e+00 4.525400e+00 -5.297400e-01 -8.330700e-01 159 39 1.269800e+01 4.690000e+00 2.658800e+02 4.772200e+02 0
-2.784600e+00 4.517800e+00 1.960500e+00 -8.330700e-01 163 39 1.364400e+01 4.690000e+00 2.839600e+02 1.470500e+02 0
-2.911700e+00 5.460800e+00 1.730200e+00 -8.330700e-01 185 39 1.361500e+01 4.690000e+00 3.388200e+02 2.084300e+02 0
-2.821100e+00 5.722300e+00 1.550400e+00 -8.330700e-01 189 39 1.351900e+01 4.690000e+00 3.642700e+02 2.338800e+02 0
-2.405100e+00 6.144000e+00 3.584000e+00 -8.330700e-01 216 39 1.390800e+01 4.690000e+00 4.289500e+02 4.760400e+01 0
-2.416300e+00 6.167600e+00 3.609100e+00 -8.330700e-01 217 39 1.455200e+01 4.690000e+00 4.288400e+02 4.643000e+01 0
-2.486600e+00 6.249300e+00 3.492000e+00 -8.330700e-01 218 39 1.425400e+01 4.690000e+00 4.253100e+02 6.143300e+01 0
-1.500600e+00 6.271000e+00 4.177800e+00 -8.330700e-01 221 39 1.375000e+01 4.690000e+00 5.223400e+02 -2.604900e+00 0
-1.326500e+00 6.268100e+00 4.303400e+00 -8.330700e-01 222 39 1.418100e+01 4.690000e+00 5.392600e+02 -1.468300e+01 0
-1.635400e+00 6.456400e+00 3.968500e+00 -8.330700e-01 223 39 1.337400e+01 4.690000e+00 5.143800e+02 2.664500e+01 0
-2.798800e+00 6.682500e+00 2.857000e+00 -8.330700e-01 224 39 1.331100e+01 4.690000e+00 4.135200e+02 1.363700e+02 0
-2.750200e+00 6.263700e+00 3.794600e+00 -8.330700e-01 225 39 1.348500e+01 4.690000e+00 4.004600e+02 3.451400e+01 0
-2.578300e+00 6.127000e+00 4.190000e+00 -8.330700e-01 226 39 1.367200e+01 4.690000e+00 4.113100e+02 -1.005300e+01 0
-2.528100e+00 6.055500e+00 4.385600e+00 -8.330700e-01 227 39 1.305700e+01 4.690000e+00 4.132000e+02 -3.293600e+01 0
-2.733600e+00 7.191800e+00 2.649300e+00 -8.330700e-01 234 39 1.243000e+01 4.690000e+00 4.384500e+02 1.689700e+02 0
-2.873000e+00 7.292200e+00 2.313500e+00 -8.330700e-01 235 39 1.237900e+01 4.690000e+00 4.300600e+02 1.988800e+02 0
-1.476600e+00 7.497600e+00 3.926000e+00 -8.330700e-01 247 39 1.249100e+01 4.690000e+00 5.518100e+02 7.536700e+01 0
-1.550000e+00 7.596100e+00 3.782300e+00 -8.330700e-01 248 39 1.251200e+01 4.690000e+00 5.477000e+02 9.017600e+01 0
-2.798500e+00 7.893000e+00 3.772200e+00 -8.330700e-01 264 39 1.138100e+01 4.690000e+00 4.557900e+02 1.022300e+02 0
-2.304900e+00 7.857100e+00 4.237600e+00 -8.330700e-01 265 39 1.185000e+01 4.690000e+00 4.932100e+02 6.597500e+01 0
-2.458300e+00 7.618200e+00 4.644200e+00 -8.330700e-01 266 39 1.169000e+01 4.690000e+00 4.747800e+02 2.616000e+01 0
-2.316400e-01 8.585600e+00 4.890100e+00 -8.330700e-01 284 39 1.121000e+01 4.690000e+00 6.588600e+02 4.385200e+01 0
-4.638300e+00 9.518800e+00 5.373000e+00 -8.330700e-01 341 39 1.328200e+01 4.690000e+00 3.780500e+02 4.931800e+01 0
-4.908900e+00 9.807000e+00 5.073000e+00 -8.330700e-01 347 39 1.239100e+01 4.690000e+00 3.702200e+02 7.615400e+01 0
-5.017800e+00 9.778300e+00 5.105100e+00 -8.330700e-01 348 39 1.256600e+01 4.690000e+00 3.625900e+02 7.353900e+01 0
-5.032200e+00 1.032100e+01 3.982800e+00 -8.330700e-01 349 39 1.229500e+01 4.690000e+00 3.781500e+02 1.515700e+02 0
-4.951500e+00 1.053600e+01 3.610200e+00 -8.330700e-01 350 39 1.278100e+01 4.690000e+00 3.889600e+02 1.764400e+02 0
-4.965700e+00 1.050400e+01 3.797700e+00 -8.330700e-01 351 39 1.281500e+01 4.690000e+00 3.872900e+02 1.654100e+02 0
-4.788300e+00 1.059500e+01 3.881900e+00 -8.330700e-01 352 39 1.210600e+01 4.690000e+00 4.001100e+02 1.623200e+02 0
-3.634200e+00 1.185300e+01 3.643200e+00 -8.330700e-01 371 39 1.102500e+01 4.690000e+00 4.903800e+02 1.944100e+02 0
-3.846500e+00 1.167400e+01 4.096800e+00 -8.330700e-01 372 39 1.126200e+01 4.690000e+00 4.761300e+02 1.690700e+02 0
1.480700e+00 2.369900e+00 -3.488600e-01 -8.010300e-01 82 40 1.128100e+01 4.690000e+00 1.065200e+03 5.472700e+02 1
1.476600e+00 2.406100e+00 -3.519000e-01 -8.010300e-01 83 40 1.211000e+01 4.690000e+00 1.058200e+03 5.451300e+02 1
1.472000e+00 2.449600e+00 -3.555500e-01 -8.010300e-01 84 40 1.196000e+01 4.690000e+00 1.050100e+03 5.426400e+02 1
1.466800e+00 2.485900e+00 -3.585900e-01 -8.010300e-01 85 40 1.086600e+01 4.690000e+00 1.043200e+03 5.406400e+02 1
-1.602700e+00 2.660600e+00 -3.732500e-01 -8.010300e-01 90 40 1.019000e+01 4.690000e+00 2.663900e+02 5.246600e+02 0
-2.226400e+00 3.660900e+00 2.049300e+00 -8.010300e-01 137 40 1.109500e+01 4.690000e+00 2.829900e+02 8.285400e+01 0
-2.205400e+00 3.728800e+00 2.030800e+00 -8.010300e-01 138 40 1.141600e+01 4.690000e+00 2.936500e+02 9.065400e+01 0
-2.221400e+00 3.897900e+00 1.760300e+00 -8.010300e-01 139 40 1.061500e+01 4.690000e+00 3.075800e+02 1.428300e+02 0
-2.223900e+00 3.864700e+00 2.249200e+00 -8.010300e-01 144 40 1.154500e+01 4.690000e+00 3.048700e+02 6.708100e+01 0
-2.278700e+00 3.790800e+00 2.393200e+00 -8.010300e-01 145 40 1.127100e+01 4.690000e+00 2.890600e+02 3.962000e+01 0
-3.192200e+00 4.147100e+00 -4.979900e-01 -8.010300e-01 151 40 1.229900e+01 4.690000e+00 1.818800e+02 4.827100e+02 0
-3.172300e+00 4.187800e+00 -5.014000e-01 -8.010300e-01 152 40 1.228400e+01 4.690000e+00 1.897400e+02 4.820600e+02 0
-2.944500e+00 4.396300e+00 -5.189100e-01 -8.010300e-01 153 40 1.267000e+01 4.690000e+00 2.454700e+02 4.790400e+02 0
-2.838600e+00 4.524500e+00 -5.296600e-01 -8.010300e-01 154 40 1.316600e+01 4.690000e+00 2.726000e+02 4.772800e+02 0
-2.857200e+00 4.555800e+00 -5.322900e-01 -8.010300e-01 155 40 1.402700e+01 4.690000e+00 2.729500e+02 4.768300e+02 0
-2.918000e+00 4.543400e+00 -5.312400e-01 -8.010300e-01 156 40 1.396400e+01 4.690000e+00 2.635100e+02 4.769400e+02 0
-3.022000e+00 4.493400e+00 -5.270500e-01 -8.010300e-01 157 40 1.286000e+01 4.690000e+00 2.444500e+02 4.775500e+02 0
-3.103800e+00 4.460500e+00 -5.242900e-01 -8.010300e-01 159 40 1.340200e+01 4.690000e+00 2.298200e+02 4.779400e+02 0
-3.166800e+00 4.444000e+00 -5.229000e-01 -8.010300e-01 160 40 1.387100e+01 4.690000e+00 2.193700e+02 4.781200e+02 0
-3.143100e+00 4.470900e+00 -5.251600e-01 -8.010300e-01 161 40 1.403800e+01 4.690000e+00 2.254800e+02 4.777500e+02 0
-3.074900e+00 4.532900e+00 -5.303700e-01 -8.010300e-01 162 40 1.420300e+01 4.690000e+00 2.411300e+02 4.769400e+02 0
-2.961400e+00 4.580300e+00 1.503200e+00 -8.010300e-01 163 40 1.415800e+01 4.690000e+00 2.651400e+02 2.088400e+02 0
-2.846200e+00 4.671800e+00 1.574000e+00 -8.010300e-01 164 40 1.387900e+01 4.690000e+00 2.884800e+02 2.027300e+02 0
-3.071100e+00 4.797900e+00 -5.526000e-01 -8.010300e-01 169 40 1.414300e+01 4.690000e+00 2.664900e+02 4.734400e+02 0
-3.294500e+00 4.915400e+00 1.528400e+00 -8.010300e-01 176 40 1.308400e+01 4.690000e+00 2.526400e+02 2.163400e+02 0
-3.217300e+00 5.019400e+00 -5.711900e-01 -8.010300e-01 177 40 1.363700e+01 4.690000e+00 2.672300e+02 4.706700e+02 0
-3.187300e+00 5.084000e+00 -5.766100e-01 -8.010300e-01 178 40 1.371300e+01 4.690000e+00 2.762700e+02 4.699700e+02 0
-3.108200e+00 5.141700e+00 1.595500e+00 -8.010300e-01 179 40 1.356400e+01 4.690000e+00 2.937800e+02 2.147400e+02 0
-2.979100e+00 5.208500e+00 1.753600e+00 -8.010300e-01 180 40 1.303700e+01 4.690000e+00 3.141200e+02 1.985500e+02 0
-2.911700e+00 5.411300e+00 1.879400e+00 -8.010300e-01 185 40 1.266000e+01 4.690000e+00 3.358000e+02 1.907600e+02 0
-1.102300e-01 5.596900e+00 4.292900e+00 -8.010300e-01 203 40 1.273800e+01 4.690000e+00 6.550600e+02 -6.038700e+01 0
-2.215400e-01 5.660200e+00 4.263000e+00 -8.010300e-01 204 40 1.257100e+01 4.690000e+00 6.433300e+02 -5.244600e+01 0
-2.475200e+00 6.255700e+00 3.412100e+00 -8.010300e-01 217 40 1.319000e+01 4.690000e+00 4.266700e+02 6.914700e+01 0
-2.486600e+00 6.304500e+00 3.391400e+00 -8.010300e-01 218 40 1.290000e+01 4.690000e+00 4.275600e+02 7.327700e+01 0
-1.085400e+00 5.453700e+00 5.352300e+00 -8.010300e-01 222 40 1.259200e+01 4.690000e+00 5.434300e+02 -1.795800e+02 0
-2.639700e+00 6.085400e+00 4.212300e+00 -8.010300e-01 226 40 1.284500e+01 4.690000e+00 4.033500e+02 -1.450600e+01 0
-2.651400e+00 6.136100e+00 4.196800e+00 -8.010300e-01 227 40 1.285500e+01 4.690000e+00 4.045100e+02 -1.001900e+01 0
-3.128400e+00 6.862600e+00 3.146600e+00 -8.010300e-01 235 40 1.163100e+01 4.690000e+00 3.915100e+02 1.177900e+02 0
-2.692900e+00 7.021700e+00 3.286000e+00 -8.010300e-01 236 40 1.143300e+01 4.690000e+00 4.361100e+02 1.111100e+02 0
-2.511200e+00 7.165000e+00 3.207200e+00 -8.010300e-01 237 40 1.122500e+01 4.690000e+00 4.566600e+02 1.222600e+02 0
-2.999600e+00 6.692700e+00 3.984700e+00 -8.010300e-01 240 40 1.173400e+01 4.690000e+00 3.961900e+02 3.885000e+01 0
-3.012100e+00 6.720200e+00 4.002200e+00 -8.010300e-01 241 40 1.195100e+01 4.690000e+00 3.962400e+02 3.864400e+01 0
-3.395700e+00 6.889500e+00 4.437400e+00 -8.010300e-01 255 40 1.118900e+01 4.690000e+00 3.699000e+02 1.051000e+01 0
-3.478700e+00 7.161100e+00 3.990600e+00 -8.010300e-01 256 40 1.126500e+01 4.690000e+00 3.745200e+02 5.954300e+01 0
-1.524100e+00 8.259800e+00 5.905300e+00 -8.010300e-01 295 40 1.103500e+01 4.690000e+00 5.602800e+02 -3.798500e+01 0
-1.851200e+00 8.139100e+00 6.038800e+00 -8.010300e-01 296 40 1.136700e+01 4.690000e+00 5.337500e+02 -5.265700e+01 0
-2.342000e+00 8.098600e+00 5.982200e+00 -8.010300e-01 297 40 1.143000e+01 4.690000e+00 4.960800e+02 -4.987100e+01 0
-2.593100e+00 8.201400e+00 5.796200e+00 -8.010300e-01 298 40 1.151700e+01 4.690000e+00 4.798800e+02 -3.148300e+01 0
-2.764400e+00 8.383000e+00 5.512900e+00 -8.010300e-01 299 40 1.121300e+01 4.690000e+00 4.719300e+02 -3.551800e+00 0
-5.636300e+00 9.342900e+00 -9.339800e-01 -8.010300e-01 314 40 1.197500e+01 4.690000e+00 3.032200e+02 4.432800e+02 0
-5.483000e+00 9.246400e+00 2.166400e+00 -8.010300e-01 315 40 1.259600e+01 4.690000e+00 3.117700e+02 2.432900e+02 0
-5.586400e+00 9.115500e+00 2.592100e+00 -8.010300e-01 316 40 1.235500e+01 4.690000e+00 2.998700e+02 2.141500e+02 0
-4.731000e+00 9.647300e+00 5.053500e+00 -8.010300e-01 341 40 1.295500e+01 4.690000e+00 3.761700e+02 7.257400e+01 0
-4.838000e+00 9.624400e+00 5.078000e+00 -8.010300e-01 342 40 1.288100e+01 4.690000e+00 3.687300e+02 7.053300e+01 0
-5.141900e+00 1.023300e+01 4.170700e+00 -8.010300e-01 350 40 1.241700e+01 4.690000e+00 3.691000e+02 1.391600e+02 0
-4.965700e+00 1.032900e+01 4.249100e+00 -8.010300e-01 351 40 1.230300e+01 4.690000e+00 3.824300e+02 1.366200e+02 0
-5.033900e+00 1.032800e+01 5.836500e+00 -8.010300e-01 370 40 1.156700e+01 4.690000e+00 3.790100e+02 4.749900e+01 0
-4.441800e+00 1.092600e+01 5.277400e+00 -8.010300e-01 371 40 1.172600e+01 4.690000e+00 4.284400e+02 9.338100e+01 0
-4.150100e+00 1.130200e+01 4.786000e+00 -8.010300e-01 372 40 1.123000e+01 4.690000e+00 4.527100e+02 1.272500e+02 0
-2.848400e+00 2.880400e+00 -3.917000e-01 -7.689800e-01 121 41 1.015000e+01 4.690000e+00 3.164900e+01 5.136500e+02 0
-2.872200e+00 2.799000e+00 -3.848700e-01 -7.689800e-01 122 41 1.038500e+01 4.690000e+00 7.382400e+00 5.165000e+02 0
-2.962500e+00 2.846800e+00 -3.888800e-01 -7.689800e-01 123 41 1.033300e+01 4.690000e+00 -4.845800e-01 5.146000e+02 0
-2.612700e+00 3.457100e+00 -4.401000e-01 -7.689800e-01 127 41 1.050100e+01 4.690000e+00 1.834700e+02 4.973100e+02 0
-2.633400e+00 3.445300e+00 -4.391000e-01 -7.689800e-01 128 41 1.067100e+01 4.690000e+00 1.780100e+02 4.975700e+02 0
-2.226400e+00 3.599500e+00 2.155300e+00 -7.689800e-01 137 41 1.150600e+01 4.690000e+00 2.764100e+02 6.111100e+01 0
-2.242700e+00 3.631700e+00 2.161600e+00 -7.689800e-01 138 41 1.198300e+01 4.690000e+00 2.773000e+02 6.273300e+01 0
-2.296800e+00 3.690100e+00 2.082100e+00 -7.689800e-01 139 41 1.161200e+01 4.690000e+00 2.746900e+02 8.000400e+01 0
-2.654700e+00 3.839500e+00 -4.721800e-01 -7.689800e-01 140 41 1.047200e+01 4.690000e+00 2.273800e+02 4.889000e+02 0
-2.826600e+00 3.788700e+00 -4.679200e-01 -7.689800e-01 141 41 1.059800e+01 4.690000e+00 1.931300e+02 4.897000e+02 0
-2.808300e+00 3.767800e+00 -4.661600e-01 -7.689800e-01 142 41 1.072500e+01 4.690000e+00 1.933600e+02 4.901500e+02 0
-2.262900e+00 3.797600e+00 2.323200e+00 -7.689800e-01 144 41 1.215500e+01 4.690000e+00 2.921300e+02 5.080300e+01 0
-2.318000e+00 3.769700e+00 2.388800e+00 -7.689800e-01 145 41 12 4.690000e+00 2.805600e+02 3.863700e+01 0
-2.629100e+00 4.021800e+00 1.706200e+00 -7.689800e-01 147 41 1.220100e+01 4.690000e+00 2.575400e+02 1.579900e+02 0
-2.988100e+00 4.198400e+00 -5.023000e-01 -7.689800e-01 149 41 1.294800e+01 4.690000e+00 2.180200e+02 4.820900e+02 0
-3.089600e+00 4.151400e+00 -4.983600e-01 -7.689800e-01 150 41 1.403800e+01 4.690000e+00 1.976100e+02 4.827500e+02 0
-3.192200e+00 4.113700e+00 -4.951900e-01 -7.689800e-01 151 41 1.434400e+01 4.690000e+00 1.777600e+02 4.832700e+02 0
-3.213500e+00 4.159400e+00 -4.990200e-01 -7.689800e-01 152 41 1.390900e+01 4.690000e+00 1.802300e+02 4.824800e+02 0
-3.068900e+00 4.329300e+00 -5.132800e-01 -7.689800e-01 153 41 1.335700e+01 4.690000e+00 2.208300e+02 4.799300e+02 0
-3.214300e+00 4.253000e+00 -5.068800e-01 -7.689800e-01 154 41 1.346000e+01 4.690000e+00 1.913400e+02 4.809700e+02 0
-3.193300e+00 4.283200e+00 -5.094100e-01 -7.689800e-01 155 41 1.374500e+01 4.690000e+00 1.978800e+02 4.805100e+02 0
-3.214000e+00 4.303500e+00 -5.111100e-01 -7.689800e-01 156 41 1.376300e+01 4.690000e+00 1.972300e+02 4.801800e+02 0
-3.253600e+00 4.295000e+00 -5.104000e-01 -7.689800e-01 160 41 1.427800e+01 4.690000e+00 1.905900e+02 4.802700e+02 0
-3.230400e+00 4.348500e+00 -5.148900e-01 -7.689800e-01 161 41 1.412000e+01 4.690000e+00 2.000200e+02 4.794700e+02 0
-3.254400e+00 4.682600e+00 -5.429300e-01 -7.689800e-01 169 41 1.435900e+01 4.690000e+00 2.318600e+02 4.747500e+02 0
-3.319900e+00 4.659000e+00 -5.409500e-01 -7.689800e-01 170 41 1.418900e+01 4.690000e+00 2.208800e+02 475 0
-3.370600e+00 4.859300e+00 -5.577500e-01 -7.689800e-01 175 41 1.311700e+01 4.690000e+00 2.337900e+02 4.724200e+02 0
-3.342300e+00 4.842400e+00 1.652900e+00 -7.689800e-01 176 41 1.376100e+01 4.690000e+00 2.404200e+02 1.990800e+02 0
-3.361400e+00 4.842900e+00 1.739700e+00 -7.689800e-01 177 41 1.385400e+01 4.690000e+00 2.382700e+02 1.885900e+02 0
-3.380500e+00 4.849100e+00 1.808000e+00 -7.689800e-01 178 41 1.340200e+01 4.690000e+00 2.365900e+02 1.805600e+02 0
-3.302400e+00 4.873000e+00 1.997600e+00 -7.689800e-01 179 41 1.260500e+01 4.690000e+00 2.488300e+02 1.585400e+02 0
-3.857900e-01 4.645400e+00 5.295000e+00 -7.689800e-01 203 41 1.186100e+01 4.690000e+00 6.097100e+02 -2.660300e+02 0
-2.215400e-01 3.812500e+00 5.972900e+00 -7.689800e-01 204 41 1.135500e+01 4.690000e+00 6.172800e+02 -4.959800e+02 0
-2.927800e+00 5.562200e+00 4.357200e+00 -7.689800e-01 220 41 1.153900e+01 4.690000e+00 3.460200e+02 -6.285300e+01 0
-2.761100e+00 5.669300e+00 4.389200e+00 -7.689800e-01 221 41 1.211700e+01 4.690000e+00 3.700300e+02 -5.872400e+01 0
-2.653100e+00 5.427000e+00 4.803800e+00 -7.689800e-01 222 41 1.183300e+01 4.690000e+00 3.684300e+02 -1.203800e+02 0
-2.253600e+00 6.185300e+00 4.959000e+00 -7.689800e-01 237 41 1.169100e+01 4.690000e+00 4.459100e+02 -7.852800e+01 0
-2.263200e+00 6.200300e+00 4.994000e+00 -7.689800e-01 238 41 1.166600e+01 4.690000e+00 4.455700e+02 -8.069000e+01 0
-2.727300e+00 6.504300e+00 4.397800e+00 -7.689800e-01 239 41 1.181500e+01 4.690000e+00 4.133900e+02 -7.255700e+00 0
-2.999600e+00 6.601500e+00 4.133900e+00 -7.689800e-01 240 41 1.250600e+01 4.690000e+00 3.922900e+02 2.147500e+01 0
-2.946700e+00 6.666200e+00 4.138900e+00 -7.689800e-01 241 41 1.254500e+01 4.690000e+00 3.999300e+02 2.416500e+01 0
-2.630200e+00 7.069700e+00 3.733600e+00 -7.689800e-01 242 41 1.151500e+01 4.690000e+00 4.433400e+02 7.573900e+01 0
-5.888900e+00 7.962700e+00 3.824900e+00 -7.689800e-01 305 41 1.151800e+01 4.690000e+00 2.232800e+02 1.036700e+02 0
-6.074700e+00 8.394900e+00 2.465800e+00 -7.689800e-01 306 41 1.180100e+01 4.690000e+00 2.317900e+02 2.109000e+02 0
-6.261600e+00 8.483700e+00 1.737800e+00 -7.689800e-01 307 41 1.169300e+01 4.690000e+00 2.223300e+02 2.629700e+02 0
-4.847000e+00 8.643800e+00 5.388400e+00 -7.689800e-01 324 41 1.316400e+01 4.690000e+00 3.327700e+02 1.803500e+01 0
-4.773600e+00 8.663600e+00 5.494300e+00 -7.689800e-01 325 41 1.292000e+01 4.690000e+00 3.387200e+02 1.170600e+01 0
-5.385800e+00 8.457900e+00 5.610000e+00 -7.689800e-01 330 41 1.248200e+01 4.690000e+00 2.872500e+02 -3.498300e+00 0
-5.222100e+00 8.827700e+00 5.255400e+00 -7.689800e-01 331 41 1.265300e+01 4.690000e+00 3.144300e+02 3.402900e+01 0
-4.965100e+00 7.747000e+00 7.337900e+00 -7.689800e-01 338 41 1.174800e+01 4.690000e+00 2.856000e+02 -1.616800e+02 0
-5.164300e+00 7.544300e+00 7.466600e+00 -7.689800e-01 339 41 1.180300e+01 4.690000e+00 2.598300e+02 -1.840600e+02 0
-4.911900e+00 9.672900e+00 5.855500e+00 -7.689800e-01 354 41 1.119600e+01 4.690000e+00 3.660700e+02 2.570300e+01 0
-5.033900e+00 1.062700e+01 5.272600e+00 -7.689800e-01 370 41 1.101200e+01 4.690000e+00 3.873800e+02 8.675500e+01 0
-4.744700e+00 1.137800e+01 3.871700e+00 -7.689800e-01 371 41 1.105200e+01 4.690000e+00 4.221900e+02 1.762400e+02 0
-2.727300e+00 2.978500e+00 -3.999300e-01 -7.369400e-01 120 42 1.137600e+01 4.690000e+00 7.819000e+01 5.105800e+02 0
-2.684700e+00 3.010200e+00 -4.025900e-01 -7.369400e-01 121 42 1.194700e+01 4.690000e+00 9.329900e+01 5.096400e+02 0
-2.674100e+00 2.916500e+00 -3.947300e-01 -7.369400e-01 122 42 1.122000e+01 4.690000e+00 7.635500e+01 5.127400e+02 0
-2.862600e+00 3.029800e+00 -4.042400e-01 -7.369400e-01 123 42 1.052500e+01 4.690000e+00 6.123500e+01 5.087000e+02 0
-2.886100e+00 2.991200e+00 -4.010000e-01 -7.369400e-01 124 42 1.043800e+01 4.690000e+00 4.834100e+01 5.098800e+02 0
-2.762500e+00 3.359500e+00 -4.319000e-01 -7.369400e-01 126 42 1.106100e+01 4.690000e+00 1.412400e+02 4.995300e+02 0
-2.715800e+00 3.414600e+00 -4.365300e-01 -7.369400e-01 127 42 1.176800e+01 4.690000e+00 1.585300e+02 4.982100e+02 0
-2.702700e+00 3.426000e+00 -4.374800e-01 -7.369400e-01 128 42 1.193900e+01 4.690000e+00 1.626500e+02 4.979500e+02 0
-3.067200e+00 4.070000e+00 -4.915200e-01 -7.369400e-01 147 42 1.246200e+01 4.690000e+00 1.911300e+02 4.841600e+02 0
-3.288800e+00 3.933400e+00 -4.800600e-01 -7.369400e-01 148 42 1.370400e+01 4.690000e+00 1.392400e+02 4.863500e+02 0
-3.311200e+00 3.960600e+00 -4.823400e-01 -7.369400e-01 149 42 1.414200e+01 4.690000e+00 1.395500e+02 4.858300e+02 0
-3.252200e+00 4.038800e+00 -4.889100e-01 -7.369400e-01 150 42 1.418100e+01 4.690000e+00 1.591400e+02 4.844900e+02 0
-3.233100e+00 4.090500e+00 -4.932400e-01 -7.369400e-01 151 42 1.411000e+01 4.690000e+00 1.687000e+02 4.836200e+02 0
-3.213500e+00 4.181000e+00 -5.008300e-01 -7.369400e-01 152 42 1.376300e+01 4.690000e+00 1.828700e+02 4.821300e+02 0
-3.317700e+00 4.097700e+00 -4.938500e-01 -7.369400e-01 153 42 1.401000e+01 4.690000e+00 1.569600e+02 4.834100e+02 0
-3.464800e+00 4.044800e+00 -4.894100e-01 -7.369400e-01 154 42 1.381200e+01 4.690000e+00 1.277500e+02 4.841500e+02 0
-3.319400e+00 4.090100e+00 -4.932100e-01 -7.369400e-01 155 42 1.356500e+01 4.690000e+00 1.557200e+02 4.835300e+02 0
-3.256300e+00 4.078500e+00 -4.922400e-01 -7.369400e-01 156 42 1.371200e+01 4.690000e+00 1.636900e+02 4.838000e+02 0
-3.234800e+00 4.164200e+00 -4.994300e-01 -7.369400e-01 157 42 1.345700e+01 4.690000e+00 1.776900e+02 4.823800e+02 0
-3.613500e+00 4.496500e+00 1.675100e+00 -7.369400e-01 173 42 1.407700e+01 4.690000e+00 1.702300e+02 1.843100e+02 0
-3.681700e+00 4.483600e+00 1.686700e+00 -7.369400e-01 174 42 1.365400e+01 4.690000e+00 1.596700e+02 1.823800e+02 0
-3.516300e+00 4.587900e+00 2.380000e+00 -7.369400e-01 180 42 1.295400e+01 4.690000e+00 1.949100e+02 9.814000e+01 0
-3.585100e+00 4.411700e+00 2.683300e+00 -7.369400e-01 181 42 1.271900e+01 4.690000e+00 1.672500e+02 4.850600e+01 0
-3.545000e+00 4.642500e+00 2.593200e+00 -7.369400e-01 184 42 1.296200e+01 4.690000e+00 1.974300e+02 7.464600e+01 0
-3.614600e+00 4.484500e+00 2.848900e+00 -7.369400e-01 185 42 1.292900e+01 4.690000e+00 1.720400e+02 3.228300e+01 0
-5.882400e-01 5.945400e+00 -6.488900e-01 -7.369400e-01 197 42 1.158900e+01 4.690000e+00 6.120500e+02 4.634700e+02 0
-3.195200e+00 7.179800e+00 2.812200e+00 -7.369400e-01 240 42 1.152900e+01 4.690000e+00 3.987000e+02 1.556900e+02 0
-2.815700e+00 7.330800e+00 2.929500e+00 -7.369400e-01 241 42 1.138400e+01 4.690000e+00 4.363800e+02 1.501100e+02 0
-1.716700e+00 3.756500e+00 7.373500e+00 -7.369400e-01 243 42 1.127600e+01 4.690000e+00 3.815100e+02 -6.950300e+02 0
-1.458600e+00 4.255400e+00 7.196000e+00 -7.369400e-01 244 42 1.108300e+01 4.690000e+00 4.510600e+02 -5.588600e+02 0
-2.540100e+00 7.848300e+00 2.271600e+00 -7.369400e-01 246 42 1.086200e+01 4.690000e+00 4.745900e+02 2.132200e+02 0
-4.939500e+00 7.032400e+00 5.489900e+00 -7.369400e-01 293 42 1.167800e+01 4.690000e+00 2.461200e+02 -6.524800e+01 0
-5.111400e+00 7.908300e+00 6.211000e+00 -7.369400e-01 324 42 1.246400e+01 4.690000e+00 2.814600e+02 -7.125800e+01 0
-5.038800e+00 7.882500e+00 6.364700e+00 -7.369400e-01 325 42 1.248700e+01 4.690000e+00 2.857800e+02 -8.373000e+01 0
-5.054300e+00 7.777900e+00 6.540800e+00 -7.369400e-01 326 42 1.218000e+01 4.690000e+00 2.795500e+02 -1.021600e+02 0
-5.402200e+00 8.987000e+00 4.782100e+00 -7.369400e-01 331 42 1.141900e+01 4.690000e+00 3.085300e+02 7.011800e+01 0
-2.662400e+00 3.011200e+00 -4.026700e-01 -7.049000e-01 120 43 1.112600e+01 4.690000e+00 9.805600e+01 5.096400e+02 0
-2.783000e+00 2.926200e+00 -3.955400e-01 -7.049000e-01 121 43 1.191200e+01 4.690000e+00 5.561100e+01 5.122100e+02 0
-2.872200e+00 2.992100e+00 -4.010700e-01 -7.049000e-01 122 43 1.346800e+01 4.690000e+00 5.136300e+01 5.098800e+02 0
-2.895900e+00 3.023900e+00 -4.037400e-01 -7.049000e-01 123 43 1.400800e+01 4.690000e+00 5.327800e+01 5.088200e+02 0
-2.919600e+00 3.029300e+00 -4.041900e-01 -7.049000e-01 124 43 1.336400e+01 4.690000e+00 4.963100e+01 5.086100e+02 0
-2.841900e+00 3.124000e+00 -4.121400e-01 -7.049000e-01 125 43 1.236200e+01 4.690000e+00 8.425100e+01 5.058700e+02 0
-2.830700e+00 3.259300e+00 -4.235000e-01 -7.049000e-01 126 43 1.215000e+01 4.690000e+00 1.115100e+02 5.020600e+02 0
-2.784600e+00 3.369400e+00 -4.327400e-01 -7.049000e-01 127 43 1.194100e+01 4.690000e+00 1.388400e+02 4.992400e+02 0
-2.939300e+00 3.405700e+00 -4.357800e-01 -7.049000e-01 134 43 1.192700e+01 4.690000e+00 1.168300e+02 4.981000e+02 0
-3.465600e+00 3.734100e+00 -4.633400e-01 -7.049000e-01 147 43 1.340500e+01 4.690000e+00 8.101700e+01 490 0
-3.569500e+00 3.689000e+00 -4.595500e-01 -7.049000e-01 148 43 1.485600e+01 4.690000e+00 5.646300e+01 4.907900e+02 0
-3.593800e+00 3.714700e+00 -4.617100e-01 -7.049000e-01 149 43 1.522000e+01 4.690000e+00 5.685300e+01 4.902300e+02 0
-3.658800e+00 3.700100e+00 -4.604800e-01 -7.049000e-01 150 43 1.459100e+01 4.690000e+00 4.370300e+01 4.904500e+02 0
-3.601500e+00 3.798600e+00 -4.687500e-01 -7.049000e-01 151 43 1.348700e+01 4.690000e+00 6.952300e+01 4.885400e+02 0
-3.378300e+00 4.012000e+00 -4.866600e-01 -7.049000e-01 152 43 1.345500e+01 4.690000e+00 1.363500e+02 4.848200e+02 0
-3.442100e+00 4.005700e+00 -4.861300e-01 -7.049000e-01 153 43 1.404300e+01 4.690000e+00 1.257400e+02 4.848600e+02 0
-3.673500e+00 3.867300e+00 -4.745100e-01 -7.049000e-01 154 43 1.366300e+01 4.690000e+00 6.916400e+01 4.871300e+02 0
-3.566500e+00 4.505400e+00 1.750100e+00 -7.049000e-01 173 43 1.399500e+01 4.690000e+00 1.776900e+02 1.748500e+02 0
-3.634500e+00 4.495500e+00 1.756000e+00 -7.049000e-01 174 43 1.400200e+01 4.690000e+00 1.675400e+02 1.737800e+02 0
-3.703000e+00 4.467200e+00 1.804900e+00 -7.049000e-01 175 43 1.378900e+01 4.690000e+00 1.552700e+02 1.663100e+02 0
-3.724200e+00 4.432100e+00 1.959100e+00 -7.049000e-01 176 43 1.335600e+01 4.690000e+00 1.487300e+02 1.445700e+02 0
-3.683300e+00 4.411600e+00 2.547000e+00 -7.049000e-01 181 43 1.324600e+01 4.690000e+00 1.536100e+02 6.647400e+01 0
-3.654400e+00 4.584200e+00 2.363600e+00 -7.049000e-01 182 43 1.299200e+01 4.690000e+00 1.764900e+02 1.002500e+02 0
-3.426300e+00 4.793000e+00 2.384700e+00 -7.049000e-01 183 43 1.282500e+01 4.690000e+00 2.268700e+02 1.083700e+02 0
-3.594900e+00 4.484200e+00 2.795100e+00 -7.049000e-01 184 43 1.356900e+01 4.690000e+00 1.744600e+02 3.910100e+01 0
-3.664800e+00 4.450800e+00 2.837500e+00 -7.049000e-01 185 43 1.351100e+01 4.690000e+00 1.615200e+02 3.147300e+01 0
-3.836100e+00 4.535700e+00 2.540400e+00 -7.049000e-01 186 43 1.280100e+01 4.690000e+00 1.478100e+02 7.540600e+01 0
-3.367400e+00 3.882000e+00 4.029900e+00 -7.049000e-01 188 43 1.224000e+01 4.690000e+00 1.363700e+02 -1.882800e+02 0
-3.488000e+00 3.904800e+00 3.961500e+00 -7.049000e-01 189 43 1.202700e+01 4.690000e+00 1.211900e+02 -175 0
-4.043500e+00 4.885400e+00 1.952500e+00 -7.049000e-01 191 43 1.156100e+01 4.690000e+00 1.586800e+02 1.653500e+02 0
-4.481600e+00 4.704500e+00 1.508700e+00 -7.049000e-01 192 43 1.185200e+01 4.690000e+00 8.180800e+01 2.135200e+02 0
-4.609900e+00 4.719600e+00 -5.460300e-01 -7.049000e-01 193 43 1.171900e+01 4.690000e+00 6.003200e+01 4.730600e+02 0
-6.752700e-01 6.575000e+00 -7.017200e-01 -7.049000e-01 226 43 1.168400e+01 4.690000e+00 6.115200e+02 4.585500e+02 0
-5.549500e-01 6.790100e+00 -7.197700e-01 -7.049000e-01 227 43 1.181300e+01 4.690000e+00 6.254800e+02 4.571600e+02 0
-1.875200e+00 6.356500e+00 -6.833900e-01 -7.049000e-01 238 43 1.117900e+01 4.690000e+00 4.888100e+02 4.594100e+02 0
-1.493500e+00 7.522600e+00 -7.812400e-01 -7.049000e-01 239 43 1.151600e+01 4.690000e+00 5.527900e+02 4.524000e+02 0
-1.434600e+00 7.802400e+00 -8.047100e-01 -7.049000e-01 240 43 1.121500e+01 4.690000e+00 5.626700e+02 4.510100e+02 0
-2.958100e+00 9.114900e+00 1.557500e+00 -7.049000e-01 279 43 1.103300e+01 4.690000e+00 4.762100e+02 2.805700e+02 0
-4.154800e+00 3.171500e+00 8.346800e+00 -7.049000e-01 283 43 1.116500e+01 4.690000e+00 -9.094900e+01 -9.959600e+02 0
-5.356100e+00 6.652400e+00 5.635900e+00 -7.049000e-01 294 43 1.209300e+01 4.690000e+00 1.852100e+02 -9.992200e+01 0
-5.775400e+00 7.041100e+00 4.742200e+00 -7.049000e-01 295 43 1.233300e+01 4.690000e+00 1.753600e+02 -3.213000e+00 0
-6.197500e+00 7.300000e+00 3.800000e+00 -7.049000e-01 296 43 1.204600e+01 4.690000e+00 1.571400e+02 8.344900e+01 0
-5.534800e+00 8.048600e+00 5.571600e+00 -7.049000e-01 323 43 1.105200e+01 4.690000e+00 2.564200e+02 -1.837700e+01 0
0 0 -1.500000e-01 -6.728600e-01 1 44 9.309600e+00 4.690000e+00 2167 -3.612800e+03 0
-2.913900e+00 2.899400e+00 -3.932900e-01 -6.728600e-01 121 44 1.192100e+01 4.690000e+00 2.219300e+01 5.128700e+02 0
-2.872200e+00 2.990200e+00 -4.009100e-01 -6.728600e-01 122 44 1.363900e+01 4.690000e+00 5.095500e+01 5.099400e+02 0
-2.895900e+00 3.013700e+00 -4.028800e-01 -6.728600e-01 123 44 1.410300e+01 4.690000e+00 5.112600e+01 5.091500e+02 0
-2.919600e+00 3.032700e+00 -4.044800e-01 -6.728600e-01 124 44 1.336500e+01 4.690000e+00 5.034700e+01 5.085100e+02 0
-2.706600e+00 3.113700e+00 -4.112800e-01 -6.728600e-01 125 44 1.105600e+01 4.690000e+00 1.088800e+02 5.064000e+02 0
-2.864800e+00 3.149200e+00 -4.142500e-01 -6.728600e-01 126 44 1.161700e+01 4.690000e+00 8.463400e+01 5.050900e+02 0
-2.922100e+00 3.197800e+00 -4.183400e-01 -6.728600e-01 127 44 1.108500e+01 4.690000e+00 8.287900e+01 5.036100e+02 0
-3.545300e+00 3.646600e+00 -4.560000e-01 -6.728600e-01 147 44 1.444700e+01 4.690000e+00 5.319100e+01 4.917200e+02 0
-3.609700e+00 3.637200e+00 -4.552100e-01 -6.728600e-01 148 44 1.547800e+01 4.690000e+00 4.079600e+01 4.918300e+02 0
-3.674600e+00 3.623200e+00 -4.540300e-01 -6.728600e-01 149 44 1.561500e+01 4.690000e+00 2.743500e+01 4.920500e+02 0
-3.780700e+00 3.562800e+00 -4.489600e-01 -6.728600e-01 150 44 1.491000e+01 4.690000e+00 -1.734000e+00 4.932300e+02 0
-3.806100e+00 3.565700e+00 -4.492100e-01 -6.728600e-01 151 44 1.363700e+01 4.690000e+00 -5.470600e+00 4.931300e+02 0
-3.163300e+00 3.125600e+00 4.782700e+00 -6.728600e-01 188 44 1.208900e+01 4.690000e+00 5.180300e+01 -4.439100e+02 0
-3.180200e+00 3.565800e+00 4.503100e+00 -6.728600e-01 189 44 1.181200e+01 4.690000e+00 1.221400e+02 -3.080100e+02 0
-3.764300e+00 4.672500e+00 2.750300e+00 -6.728600e-01 190 44 1.195900e+01 4.690000e+00 1.729300e+02 5.749500e+01 0
-3.784300e+00 4.805500e+00 2.572100e+00 -6.728600e-01 191 44 1.245800e+01 4.690000e+00 1.839100e+02 8.703200e+01 0
-4.012600e+00 4.755400e+00 2.403800e+00 -6.728600e-01 192 44 1.222300e+01 4.690000e+00 1.496700e+02 1.050600e+02 0
-4.505100e+00 4.625800e+00 1.807400e+00 -6.728600e-01 193 44 1.140400e+01 4.690000e+00 6.979500e+01 1.734800e+02 0
-1.293300e+00 5.784000e+00 -6.353400e-01 -6.728600e-01 238 44 1.100600e+01 4.690000e+00 5.320700e+02 4.644000e+02 0
-8.441600e-01 7.084100e+00 -7.444400e-01 -6.728600e-01 239 44 1.123200e+01 4.690000e+00 6.022800e+02 4.551700e+02 0
-5.738300e+00 5.461500e+00 2.628800e+00 -6.728600e-01 240 44 1.148800e+01 4.690000e+00 3.097400e+01 1.157000e+02 0
-5.696900e+00 4.717300e+00 3.942600e+00 -6.728600e-01 241 44 1.111400e+01 4.690000e+00 -5.740300e+01 -7.799300e+01 0
-5.995600e+00 6.569900e+00 5.059000e+00 -6.728600e-01 294 44 1.197400e+01 4.690000e+00 1.210300e+02 -5.488700e+01 0
-6.176500e+00 6.732700e+00 4.684200e+00 -6.728600e-01 295 44 1.248500e+01 4.690000e+00 1.176700e+02 -1.359800e+01 0
-6.439000e+00 6.991800e+00 3.974100e+00 -6.728600e-01 296 44 1.247800e+01 4.690000e+00 1.144900e+02 5.778000e+01 0
-6.622300e+00 7.226400e+00 3.283900e+00 -6.728600e-01 297 44 1.190600e+01 4.690000e+00 1.161300e+02 1.222200e+02 0
-6.241200e+00 5.889500e+00 6.310200e+00 -6.728600e-01 306 44 1.095300e+01 4.690000e+00 3.824200e+01 -2.168500e+02 0
-6.428600e+00 5.660400e+00 6.390200e+00 -6.728600e-01 307 44 1.112100e+01 4.690000e+00 -5.090800e+00 -2.457800e+02 0
-6.533400e+00 5.750900e+00 6.260300e+00 -6.728600e-01 308 44 1.108600e+01 4.690000e+00 -5.643900e+00 -2.242300e+02 0
-6.470600e+00 5.912500e+00 6.234800e+00 -6.728600e-01 309 44 1.094500e+01 4.690000e+00 1.818600e+01 -2.071000e+02 0
-2.839200e+00 3.052000e+00 -4.061000e-01 -6.408200e-01 122 45 1.133600e+01 4.690000e+00 7.049500e+01 5.080500e+02 0
-2.862600e+00 3.061200e+00 -4.068700e-01 -6.408200e-01 123 45 1.174700e+01 4.690000e+00 6.768200e+01 5.077200e+02 0
-2.886100e+00 3.080900e+00 -4.085300e-01 -6.408200e-01 124 45 1.118100e+01 4.690000e+00 6.700400e+01 5.070800e+02 0
-2.943400e+00 3.015600e+00 -4.030500e-01 -6.408200e-01 125 45 1.036100e+01 4.690000e+00 4.193600e+01 509 0
-3.132500e+00 3.086900e+00 -4.090300e-01 -6.408200e-01 130 45 1.173700e+01 4.690000e+00 1.955900e+01 5.064800e+02 0
-3.065100e+00 3.229700e+00 1.750900e+00 -6.408200e-01 138 45 1.256900e+01 4.690000e+00 7.336400e+01 1.024400e+02 0
-3.162700e+00 3.179900e+00 1.764000e+00 -6.408200e-01 139 45 1.267000e+01 4.690000e+00 4.585700e+01 9.636700e+01 0
-3.261500e+00 3.199200e+00 1.640900e+00 -6.408200e-01 140 45 1.237600e+01 4.690000e+00 3.065200e+01 1.204000e+02 0
-3.094000e+00 3.317900e+00 1.823000e+00 -6.408200e-01 141 45 1.228800e+01 4.690000e+00 8.449100e+01 9.659300e+01 0
-3.545300e+00 3.652700e+00 -4.565000e-01 -6.408200e-01 147 45 1.377600e+01 4.690000e+00 5.423400e+01 4.915900e+02 0
-3.649800e+00 3.586800e+00 -4.509800e-01 -6.408200e-01 148 45 1.479300e+01 4.690000e+00 2.495700e+01 4.928700e+02 0
-3.755300e+00 3.528000e+00 -4.460400e-01 -6.408200e-01 149 45 1.504100e+01 4.690000e+00 -4.150600e+00 4.940400e+02 0
-3.821400e+00 3.511000e+00 -4.446200e-01 -6.408200e-01 150 45 1.462500e+01 4.690000e+00 -1.883300e+01 4.943300e+02 0
-3.928900e+00 3.424600e+00 -4.373600e-01 -6.408200e-01 151 45 1.328500e+01 4.690000e+00 -5.544900e+01 4.962000e+02 0
-3.898300e+00 3.575000e+00 -4.499900e-01 -6.408200e-01 153 45 1.399000e+01 4.690000e+00 -1.925200e+01 4.928000e+02 0
-4.007400e+00 3.511500e+00 -4.446500e-01 -6.408200e-01 154 45 1.366000e+01 4.690000e+00 -5.066600e+01 4.940700e+02 0
-3.958300e+00 3.676500e+00 -4.585000e-01 -6.408200e-01 157 45 1.331800e+01 4.690000e+00 -9.721800e+00 4.905500e+02 0
-4.026500e+00 3.650000e+00 -4.562800e-01 -6.408200e-01 158 45 1.355200e+01 4.690000e+00 -2.601000e+01 4.910200e+02 0
-4.052200e+00 3.641600e+00 -4.555700e-01 -6.408200e-01 159 45 1.357100e+01 4.690000e+00 -3.188600e+01 4.911600e+02 0
-3.904300e+00 3.750300e+00 -4.646900e-01 -6.408200e-01 160 45 1.308800e+01 4.690000e+00 1.262100e+01 4.891200e+02 0
-4.129100e+00 3.688800e+00 -4.595300e-01 -6.408200e-01 162 45 1.278000e+01 4.690000e+00 -3.531100e+01 4.900800e+02 0
-4.022200e+00 3.786800e+00 -4.677600e-01 -6.408200e-01 163 45 1.298700e+01 4.690000e+00 2.927100e-01 4.882500e+02 0
-3.869100e+00 3.913400e+00 -4.783800e-01 -6.408200e-01 164 45 1.309100e+01 4.690000e+00 4.607200e+01 4.860400e+02 0
-3.848100e+00 3.998300e+00 -4.855100e-01 -6.408200e-01 165 45 1.299000e+01 4.690000e+00 6.283900e+01 4.845300e+02 0
-4.452700e+00 3.858500e+00 -4.737800e-01 -6.408200e-01 171 45 1.217400e+01 4.690000e+00 -5.418400e+01 4.863600e+02 0
-4.385600e+00 3.981100e+00 -4.840700e-01 -6.408200e-01 172 45 1.234100e+01 4.690000e+00 -2.143000e+01 4.842200e+02 0
-4.129700e+00 4.077900e+00 1.548600e+00 -6.408200e-01 173 45 1.190700e+01 4.690000e+00 4.230900e+01 1.854000e+02 0
-4.012100e+00 3.602500e+00 2.725400e+00 -6.408200e-01 174 45 1.182700e+01 4.690000e+00 -1.466700e+01 -2.396400e+01 0
-3.421400e+00 4.508500e+00 3.463600e+00 -6.408200e-01 191 45 1.170500e+01 4.690000e+00 2.017500e+02 -4.425100e+01 0
-5.649400e+00 5.355000e+00 2.914400e+00 -6.408200e-01 239 45 1.134400e+01 4.690000e+00 2.907200e+01 8.037000e+01 0
-5.607900e+00 5.521800e+00 2.779900e+00 -6.408200e-01 240 45 1.219000e+01 4.690000e+00 5.227400e+01 1.024000e+02 0
-5.565900e+00 5.396300e+00 3.186200e+00 -6.408200e-01 241 45 1.240900e+01 4.690000e+00 4.389500e+01 5.357200e+01 0
-5.589100e+00 5.160600e+00 3.601100e+00 -6.408200e-01 242 45 1.189800e+01 4.690000e+00 1.451400e+01 -5.278400e+00 0
-6.663800e+00 6.156100e+00 4.008400e+00 -6.408200e-01 285 45 1.229500e+01 4.690000e+00 1.860500e+01 1.576000e+01 0
-6.765000e+00 6.083000e+00 4.036900e+00 -6.408200e-01 286 45 1.242900e+01 4.690000e+00 1.344100e+00 9.348800e+00 0
-6.866800e+00 5.945200e+00 4.154900e+00 -6.408200e-01 287 45 1.153100e+01 4.690000e+00 -2.335200e+01 -9.358000e+00 0
-6.336900e+00 6.487500e+00 4.814200e+00 -6.408200e-01 295 45 1.141300e+01 4.690000e+00 8.286800e+01 -3.806300e+01 0
-6.519500e+00 6.906500e+00 3.991900e+00 -6.408200e-01 296 45 1.152300e+01 4.690000e+00 1.008500e+02 5.282700e+01 0
-6.783900e+00 7.047100e+00 3.343300e+00 -6.408200e-01 297 45 1.102000e+01 4.690000e+00 8.865600e+01 1.116900e+02 0
-3.038100e+00 2.995200e+00 1.652100e+00 -6.087800e-01 132 46 1.104300e+01 4.690000e+00 3.123800e+01 1.018000e+02 0
-3.399600e+00 2.878500e+00 2.015500e+00 -6.087800e-01 141 46 1.142900e+01 4.690000e+00 -6.565600e+01 2.050400e+01 0
-3.270000e+00 2.910200e+00 2.255100e+00 -6.087800e-01 142 46 1.127400e+01 4.690000e+00 -3.003700e+01 -2.315400e+01 0
-3.339500e+00 2.539200e+00 2.773200e+00 -6.087800e-01 145 46 1.138900e+01 4.690000e+00 -1.409900e+02 -1.894100e+02 0
-3.402300e+00 2.945200e+00 2.322300e+00 -6.087800e-01 146 46 1.202600e+01 4.690000e+00 -4.750800e+01 -3.115500e+01 0
-3.425800e+00 3.026700e+00 2.258600e+00 -6.087800e-01 147 46 1.173600e+01 4.690000e+00 -3.342200e+01 -9.046700e+00 0
-3.649800e+00 3.514000e+00 -4.448700e-01 -6.087800e-01 148 46 1.302600e+01 4.690000e+00 1.127700e+01 4.945000e+02 0
-3.795700e+00 3.469100e+00 -4.411000e-01 -6.087800e-01 149 46 1.400300e+01 4.690000e+00 -2.285100e+01 4.953400e+02 0
-3.902700e+00 3.416200e+00 -4.366600e-01 -6.087800e-01 150 46 1.402100e+01 4.690000e+00 -5.263800e+01 4.964400e+02 0
-4.010700e+00 3.333600e+00 -4.297300e-01 -6.087800e-01 151 46 1.295500e+01 4.690000e+00 -9.027900e+01 4.983000e+02 0
-3.898300e+00 3.576100e+00 -4.500800e-01 -6.087800e-01 153 46 1.351100e+01 4.690000e+00 -1.904200e+01 4.927700e+02 0
-4.049200e+00 3.463500e+00 -4.406300e-01 -6.087800e-01 154 46 1.324100e+01 4.690000e+00 -6.803300e+01 4.951100e+02 0
-4.112200e+00 3.550300e+00 -4.479200e-01 -6.087800e-01 158 46 1.358100e+01 4.690000e+00 -6.038300e+01 4.930500e+02 0
-4.138400e+00 3.558200e+00 -4.485800e-01 -6.087800e-01 159 46 1.354100e+01 4.690000e+00 -6.316600e+01 4.928400e+02 0
-4.257400e+00 3.667200e+00 -4.577200e-01 -6.087800e-01 167 46 1.223400e+01 4.690000e+00 -6.053900e+01 4.903600e+02 0
-4.191900e+00 3.719200e+00 1.615700e+00 -6.087800e-01 168 46 1.220700e+01 4.690000e+00 -2.774400e+01 1.586500e+02 0
-4.171200e+00 3.526100e+00 2.142700e+00 -6.087800e-01 169 46 1.229300e+01 4.690000e+00 -5.897900e+01 6.219300e+01 0
-4.149900e+00 3.233500e+00 2.675300e+00 -6.087800e-01 170 46 1.280600e+01 4.690000e+00 -1.160300e+02 -5.642500e+01 0
-4.267200e+00 3.194000e+00 2.614700e+00 -6.087800e-01 171 46 1.278000e+01 4.690000e+00 -147 -5.023800e+01 0
-4.852200e+00 3.363100e+00 -4.322000e-01 -6.087800e-01 172 46 1.239000e+01 4.690000e+00 -2.323600e+02 4.963400e+02 0
-4.200900e+00 3.370400e+00 2.737700e+00 -6.087800e-01 174 46 1.215500e+01 4.690000e+00 -9.314900e+01 -5.052000e+01 0
-5.477500e+00 5.497400e+00 3.072900e+00 -6.087800e-01 240 46 1.142200e+01 4.690000e+00 6.438900e+01 7.059900e+01 0
-5.500400e+00 5.405100e+00 3.283400e+00 -6.087800e-01 241 46 1.198000e+01 4.690000e+00 5.231500e+01 4.370300e+01 0
-5.457600e+00 5.433500e+00 3.395500e+00 -6.087800e-01 242 46 1.186400e+01 4.690000e+00 6.047500e+01 3.348000e+01 0
-5.414200e+00 5.260200e+00 3.800400e+00 -6.087800e-01 243 46 1.132200e+01 4.690000e+00 4.677100e+01 -2.041200e+01 0
-2.956500e+00 5.993600e+00 -6.529400e-01 -6.087800e-01 259 46 1.104400e+01 4.690000e+00 3.633000e+02 4.615300e+02 0
-6.717600e+00 5.775300e+00 4.381800e+00 -6.087800e-01 284 46 1.115300e+01 4.690000e+00 -2.757800e+01 -4.196200e+01 0
-6.663800e+00 6.127400e+00 4.052100e+00 -6.087800e-01 285 46 1.277500e+01 4.690000e+00 1.573800e+01 1.019600e+01 0
-6.765000e+00 6.246200e+00 3.779500e+00 -6.087800e-01 286 46 1.287500e+01 4.690000e+00 1.774700e+01 4.139700e+01 0
-6.866800e+00 6.479700e+00 3.259200e+00 -6.087800e-01 287 46 1.203300e+01 4.690000e+00 3.032900e+01 9.828500e+01 0
-6.812500e+00 7.106400e+00 1.883900e+00 -6.087800e-01 288 46 1.093300e+01 4.690000e+00 8.785000e+01 2.326300e+02 0
-6.569900e+00 7.149900e+00 4.026900e+00 -6.087800e-01 302 46 1.046000e+01 4.690000e+00 1.160700e+02 6.016800e+01 0
-2.809100e+00 1.781100e+00 2.373200e+00 -5.767400e-01 118 47 1.015400e+01 4.690000e+00 -3.094200e+02 -2.906100e+02 0
-2.929700e+00 1.918200e+00 2.172400e+00 -5.767400e-01 119 47 1.038900e+01 4.690000e+00 -2.808200e+02 -1.883000e+02 0
-3.052000e+00 2.037100e+00 1.951200e+00 -5.767400e-01 120 47 1.038800e+01 4.690000e+00 -2.645300e+02 -9.679500e+01 0
-3.110400e+00 2.452000e+00 -3.557500e-01 -5.767400e-01 121 47 1.037800e+01 4.690000e+00 -1.475000e+02 5.304100e+02 0
-2.938200e+00 2.610500e+00 1.552100e+00 -5.767400e-01 122 47 1.034300e+01 4.690000e+00 -4.097700e+01 8.662600e+01 0
-3.364100e+00 3.134900e+00 -4.130600e-01 -5.767400e-01 138 47 1.145800e+01 4.690000e+00 -1.504300e+01 5.046700e+02 0
-3.876500e+00 3.222600e+00 -4.204100e-01 -5.767400e-01 149 47 1.259600e+01 4.690000e+00 -9.185600e+01 5.014000e+02 0
-3.943300e+00 3.323600e+00 -4.288900e-01 -5.767400e-01 150 47 1.278800e+01 4.690000e+00 -8.045000e+01 4.986600e+02 0
-4.092600e+00 3.253300e+00 -4.229900e-01 -5.767400e-01 151 47 1.253900e+01 4.690000e+00 -1.243500e+02 5.002400e+02 0
-4.161100e+00 3.228700e+00 -4.209300e-01 -5.767400e-01 152 47 1.210300e+01 4.690000e+00 -1.431100e+02 5.007900e+02 0
-4.033600e+00 3.381300e+00 -4.337400e-01 -5.767400e-01 155 47 1.263500e+01 4.690000e+00 -8.346900e+01 4.970900e+02 0
-4.186700e+00 3.366300e+00 -4.324800e-01 -5.767400e-01 156 47 1.291800e+01 4.690000e+00 -1.140900e+02 4.972300e+02 0
-4.328600e+00 3.653900e+00 -4.566100e-01 -5.767400e-01 168 47 1.240400e+01 4.690000e+00 -7.490400e+01 4.905400e+02 0
-4.262800e+00 3.687400e+00 1.629200e+00 -5.767400e-01 169 47 1.237100e+01 4.690000e+00 -4.494100e+01 1.549600e+02 0
-4.242100e+00 3.430200e+00 2.252100e+00 -5.767400e-01 170 47 1.299300e+01 4.690000e+00 -9.031700e+01 3.627900e+01 0
-4.313600e+00 3.410900e+00 2.237500e+00 -5.767400e-01 171 47 1.341800e+01 4.690000e+00 -1.067900e+02 3.715000e+01 0
-4.665500e+00 3.478200e+00 -4.418700e-01 -5.767400e-01 172 47 1.319100e+01 4.690000e+00 -1.706600e+02 4.939100e+02 0
-4.739700e+00 3.632400e+00 -4.548100e-01 -5.767400e-01 173 47 1.238200e+01 4.690000e+00 -1.469100e+02 4.904600e+02 0
-4.343900e+00 3.689000e+00 2.892600e+00 -5.767400e-01 184 47 1.187400e+01 4.690000e+00 -5.012000e+01 -3.981400e+01 0
-6.951900e+00 5.315300e+00 4.363200e+00 -5.767400e-01 281 47 1.163700e+01 4.690000e+00 -1.114200e+02 -7.225700e+01 0
-6.976700e+00 5.662400e+00 3.945400e+00 -5.767400e-01 282 47 1.188700e+01 4.690000e+00 -6.909800e+01 -5.909200e+00 0
-6.586300e+00 6.358700e+00 3.815500e+00 -5.767400e-01 285 47 1.134200e+01 4.690000e+00 4.563300e+01 4.332300e+01 0
-6.920500e+00 6.314700e+00 3.360800e+00 -5.767400e-01 286 47 1.152600e+01 4.690000e+00 9.136900e+00 8.261300e+01 0
-7.100900e+00 6.211700e+00 3.279300e+00 -5.767400e-01 287 47 1.098700e+01 4.690000e+00 -1.883700e+01 8.591400e+01 0
-2.975000e+00 1.476800e+00 2.319400e+00 -5.447000e-01 117 48 1.056700e+01 4.690000e+00 -5.623900e+02 -3.924600e+02 0
-2.968800e+00 1.669400e+00 2.257200e+00 -5.447000e-01 118 48 1.071300e+01 4.690000e+00 -4.272500e+02 -2.917300e+02 0
-3.058500e+00 1.971400e+00 1.934300e+00 -5.447000e-01 119 48 1.061500e+01 4.690000e+00 -2.968100e+02 -1.064000e+02 0
-3.116900e+00 1.948800e+00 1.938700e+00 -5.447000e-01 120 48 1.038300e+01 4.690000e+00 -3.245400e+02 -1.123400e+02 0
-3.572800e+00 2.332700e+00 2.005300e+00 -5.447000e-01 136 48 1.156600e+01 4.690000e+00 -2.762100e+02 -5.170600e+01 0
-4.243500e+00 3.122800e+00 -4.120400e-01 -5.447000e-01 152 48 1.221200e+01 4.690000e+00 -1.866200e+02 5.035700e+02 0
-4.188600e+00 3.251800e+00 -4.228700e-01 -5.447000e-01 153 48 1.242800e+01 4.690000e+00 -1.423400e+02 5.001300e+02 0
-4.174400e+00 3.301800e+00 -4.270700e-01 -5.447000e-01 154 48 1.223800e+01 4.690000e+00 -1.273500e+02 4.988600e+02 0
-4.243700e+00 3.295700e+00 -4.265500e-01 -5.447000e-01 155 48 1.202200e+01 4.690000e+00 -1.414000e+02 4.989100e+02 0
-4.271300e+00 3.324100e+00 -4.289400e-01 -5.447000e-01 156 48 1.185600e+01 4.690000e+00 -1.393300e+02 4.981500e+02 0
-4.569500e+00 3.033100e+00 -4.045100e-01 -5.447000e-01 159 48 1.240400e+01 4.690000e+00 -2.756100e+02 5.056300e+02 0
-4.468300e+00 3.205800e+00 -4.190100e-01 -5.447000e-01 160 48 1.290100e+01 4.690000e+00 -2.059200e+02 5.009200e+02 0
-4.545500e+00 3.339800e+00 1.852500e+00 -5.447000e-01 171 48 1.246000e+01 4.690000e+00 -1.659800e+02 9.668500e+01 0
-4.618900e+00 3.489100e+00 -4.427700e-01 -5.447000e-01 172 48 1.280500e+01 4.690000e+00 -1.601000e+02 4.937300e+02 0
-4.692800e+00 3.539200e+00 -4.469800e-01 -5.447000e-01 173 48 1.229100e+01 4.690000e+00 -1.606700e+02 4.925100e+02 0
-3.405000e+00 7.126200e+00 -7.479800e-01 -5.447000e-01 241 48 1.063700e+01 4.690000e+00 3.764300e+02 4.536300e+02 0
-7.595500e+00 3.689200e+00 5.399800e+00 -5.447000e-01 288 48 1.064700e+01 4.690000e+00 -5.191700e+02 -3.911800e+02 0
-7.411900e+00 4.889100e+00 4.798400e+00 -5.447000e-01 290 48 1.040700e+01 4.690000e+00 -2.273900e+02 -1.548700e+02 0
-7.042000e+00 5.441200e+00 4.834800e+00 -5.447000e-01 291 48 1.040600e+01 4.690000e+00 -1.013700e+02 -1.105500e+02 0
-6.748700e+00 6.089700e+00 4.544300e+00 -5.447000e-01 292 48 1.021500e+01 4.690000e+00 5.218000e+00 -3.712200e+01 0
-3.101600e+00 1.343300e+00 2.233100e+00 -5.126600e-01 117 49 1.056100e+01 4.690000e+00 -7.295600e+02 -4.248700e+02 0
-3.160300e+00 1.267100e+00 2.258900e+00 -5.126600e-01 118 49 1.068500e+01 4.690000e+00 -8.305800e+02 -4.771600e+02 0
-3.202300e+00 2.504100e+00 -3.601300e-01 -5.126600e-01 122 49 1.042600e+01 4.690000e+00 -1.522700e+02 5.277800e+02 0
-3.154600e+00 2.425300e+00 1.618200e+00 -5.126600e-01 124 49 1.068400e+01 4.690000e+00 -1.462200e+02 5.165300e+01 0
-3.462300e+00 2.459500e+00 2.047200e+00 -5.126600e-01 136 49 1.188900e+01 4.690000e+00 -2.026600e+02 -4.159900e+01 0
-3.488000e+00 2.404400e+00 2.147400e+00 -5.126600e-01 137 49 1.206200e+01 4.690000e+00 -2.270300e+02 -7.353900e+01 0
-3.438900e+00 2.188900e+00 2.504900e+00 -5.126600e-01 138 49 1.116900e+01 4.690000e+00 -2.944500e+02 -2.039700e+02 0
-3.906200e+00 2.485800e+00 -3.585900e-01 -5.126600e-01 140 49 1.147500e+01 4.690000e+00 -3.267500e+02 5.269300e+02 0
-3.857900e+00 2.466400e+00 1.714000e+00 -5.126600e-01 141 49 1.160600e+01 4.690000e+00 -2.959200e+02 3.728300e+01 0
-4.354500e+00 2.964400e+00 -3.987500e-01 -5.126600e-01 153 49 1.171300e+01 4.690000e+00 -2.547700e+02 5.081000e+02 0
-4.626200e+00 2.852300e+00 -3.893400e-01 -5.126600e-01 158 49 1.225600e+01 4.690000e+00 -3.470500e+02 5.112300e+02 0
-4.612600e+00 2.951600e+00 -3.976700e-01 -5.126600e-01 159 49 1.271500e+01 4.690000e+00 -3.102600e+02 5.080400e+02 0
-4.598400e+00 3.049100e+00 -4.058600e-01 -5.126600e-01 160 49 1.270100e+01 4.690000e+00 -2.762100e+02 5.051000e+02 0
-4.627300e+00 3.075900e+00 -4.081000e-01 -5.126600e-01 161 49 1.198400e+01 4.690000e+00 -2.735300e+02 5.042700e+02 0
-4.447300e+00 3.119800e+00 1.701000e+00 -5.126600e-01 164 49 1.152700e+01 4.690000e+00 -2.068400e+02 1.062900e+02 0
-4.572200e+00 3.240100e+00 2.063900e+00 -5.126600e-01 172 49 1.145400e+01 4.690000e+00 -1.941200e+02 5.198200e+01 0
-5.051100e+00 3.843000e+00 1.538800e+00 -5.126600e-01 188 49 1.103300e+01 4.690000e+00 -1.366400e+02 1.777800e+02 0
-4.872900e+00 3.706400e+00 2.371500e+00 -5.126600e-01 189 49 1.127400e+01 4.690000e+00 -1.324100e+02 4.278900e+01 0
-4.898800e+00 3.418600e+00 2.807400e+00 -5.126600e-01 190 49 1.113100e+01 4.690000e+00 -1.990400e+02 -5.384600e+01 0
-7.200200e+00 6.180700e+00 3.539400e+00 -5.126600e-01 291 49 1.043300e+01 4.690000e+00 -3.070500e+01 6.084500e+01 0
-2.922100e+00 2.739400e+00 -3.798700e-01 -4.806200e-01 120 50 1.071000e+01 4.690000e+00 -1.853400e+01 5.186300e+02 0
-3.077600e+00 2.576200e+00 -3.661800e-01 -4.806200e-01 121 50 1.107200e+01 4.690000e+00 -9.972700e+01 5.249000e+02 0
-3.136300e+00 2.496000e+00 -3.594500e-01 -4.806200e-01 122 50 1.133700e+01 4.690000e+00 -1.390900e+02 5.283100e+02 0
-3.162200e+00 2.433000e+00 -3.541600e-01 -4.806200e-01 123 50 1.123200e+01 4.690000e+00 -1.667900e+02 5.311900e+02 0
-4.058200e+00 2.152100e+00 -3.305900e-01 -4.806200e-01 135 50 1.063500e+01 4.690000e+00 -5.219300e+02 5.436700e+02 0
-4.104000e+00 2.334700e+00 -3.459100e-01 -4.806200e-01 139 50 1.096800e+01 4.690000e+00 -4.407700e+02 5.336100e+02 0
-4.724500e+00 2.580200e+00 -3.665100e-01 -4.806200e-01 157 50 1.115300e+01 4.690000e+00 -4.755500e+02 5.210400e+02 0
-4.797600e+00 2.578200e+00 -3.663400e-01 -4.806200e-01 158 50 1.149900e+01 4.690000e+00 -4.928300e+02 5.209700e+02 0
-4.785000e+00 2.689500e+00 -3.756800e-01 -4.806200e-01 159 50 1.148400e+01 4.690000e+00 -4.425500e+02 5.166700e+02 0
-4.728600e+00 2.814700e+00 -3.861900e-01 -4.806200e-01 160 50 1.194300e+01 4.690000e+00 -3.817900e+02 5.123000e+02 0
-4.671000e+00 2.902400e+00 -3.935500e-01 -4.806200e-01 161 50 1.246300e+01 4.690000e+00 -3.385900e+02 5.095000e+02 0
-4.656300e+00 2.956300e+00 -3.980700e-01 -4.806200e-01 162 50 1.271200e+01 4.690000e+00 -3.173700e+02 5.078100e+02 0
-4.685200e+00 2.970400e+00 -3.992500e-01 -4.806200e-01 163 50 1.255000e+01 4.690000e+00 -3.183900e+02 5.073200e+02 0
-4.580700e+00 3.213200e+00 -4.196300e-01 -4.806200e-01 164 50 1.207400e+01 4.690000e+00 -2.246000e+02 5.005400e+02 0
-4.684600e+00 3.089200e+00 1.938700e+00 -4.806200e-01 171 50 1.120600e+01 4.690000e+00 -2.571600e+02 6.085400e+01 0
-4.758800e+00 3.110200e+00 1.828500e+00 -4.806200e-01 172 50 1.159200e+01 4.690000e+00 -2.657500e+02 8.304400e+01 0
-5.074800e+00 3.398000e+00 2.212300e+00 -4.806200e-01 187 50 1.030200e+01 4.690000e+00 -2.385000e+02 4.236700e+01 0
-5 3.175800e+00 2.750100e+00 -4.806200e-01 188 50 1.037300e+01 4.690000e+00 -2.814300e+02 -7.320600e+01 0
-4.821600e+00 2.980000e+00 3.313400e+00 -4.806200e-01 189 50 1.022100e+01 4.690000e+00 -3.017400e+02 -2.039700e+02 0
-6.132600e+00 5.314200e+00 2.925700e+00 -4.806200e-01 248 50 1.100900e+01 4.690000e+00 -2.879800e+01 7.786800e+01 0
-6.428100e+00 4.942600e+00 3.043500e+00 -4.806200e-01 249 50 1.137300e+01 4.690000e+00 -1.142700e+02 4.468800e+01 0
-6.589900e+00 4.655700e+00 3.243000e+00 -4.806200e-01 250 50 1.110500e+01 4.690000e+00 -1.799700e+02 2.612500e+00 0
-6.548100e+00 4.910600e+00 3.039000e+00 -4.806200e-01 251 50 1.064200e+01 4.690000e+00 -1.333200e+02 4.349100e+01 0
-7.383800e+00 4.535200e+00 4.455200e+00 -4.806200e-01 280 50 1.078500e+01 4.690000e+00 -2.924800e+02 -1.511500e+02 0
-7.257500e+00 5.334000e+00 3.807500e+00 -4.806200e-01 281 50 1.093400e+01 4.690000e+00 -1.439700e+02 -1.219400e+01 0
-3.044900e+00 2.587800e+00 -3.671500e-01 -4.485700e-01 121 51 1.013900e+01 4.690000e+00 -8.857100e+01 5.244700e+02 0
-3.136300e+00 2.395300e+00 1.511000e+00 -4.485700e-01 122 51 1.049500e+01 4.690000e+00 -1.530100e+02 7.344500e+01 0
-4.441800e+00 2.548300e+00 -3.638300e-01 -4.485700e-01 149 51 1.114600e+01 4.690000e+00 -4.254000e+02 5.229900e+02 0
-4.471800e+00 2.655300e+00 -3.728100e-01 -4.485700e-01 150 51 1.125000e+01 4.690000e+00 -3.881500e+02 5.186200e+02 0
-4.542800e+00 2.596600e+00 -3.678900e-01 -4.485700e-01 151 51 1.100100e+01 4.690000e+00 -4.278000e+02 5.207800e+02 0
-4.696600e+00 2.385000e+00 -3.501300e-01 -4.485700e-01 152 51 1.114500e+01 4.690000e+00 -5.613000e+02 5.296500e+02 0
-4.810700e+00 2.231300e+00 -3.372300e-01 -4.485700e-01 153 51 1.124700e+01 4.690000e+00 -6.737900e+02 5.370800e+02 0
-4.842300e+00 2.148500e+00 -3.302900e-01 -4.485700e-01 154 51 1.086500e+01 4.690000e+00 -7.327700e+02 5.415700e+02 0
-4.671000e+00 2.874000e+00 -3.911700e-01 -4.485700e-01 161 51 1.198700e+01 4.690000e+00 -3.485000e+02 5.104200e+02 0
-4.744100e+00 2.893600e+00 -3.928100e-01 -4.485700e-01 162 51 1.210700e+01 4.690000e+00 -3.564300e+02 5.096500e+02 0
-5.085400e+00 2.493500e+00 1.893200e+00 -4.485700e-01 172 51 1.182300e+01 4.690000e+00 -5.595000e+02 5.445800e+00 0
-5.068200e+00 2.674000e+00 1.801200e+00 -4.485700e-01 173 51 1.125300e+01 4.690000e+00 -4.780700e+02 4.708000e+01 0
-5.997800e+00 5.738500e+00 2.346200e+00 -4.485700e-01 248 51 1.067900e+01 4.690000e+00 3.420600e+01 1.557900e+02 0
-6.428100e+00 5.124500e+00 2.726200e+00 -4.485700e-01 249 51 1.059000e+01 4.690000e+00 -8.849200e+01 9.047200e+01 0
-6.642800e+00 5.256200e+00 2.254700e+00 -4.485700e-01 252 51 1.060600e+01 4.690000e+00 -9.556400e+01 1.484700e+02 0
-7.459900e+00 4.401200e+00 4.462700e+00 -4.485700e-01 280 51 1.074300e+01 4.690000e+00 -3.297000e+02 -1.662200e+02 0
-7.563100e+00 4.822800e+00 3.893600e+00 -4.485700e-01 281 51 1.121600e+01 4.690000e+00 -2.620800e+02 -5.830100e+01 0
-7.743400e+00 4.672300e+00 3.809500e+00 -4.485700e-01 282 51 1.117600e+01 4.690000e+00 -3.128300e+02 -6.050700e+01 0
-4.411800e+00 2.585400e+00 -3.669500e-01 -4.165300e-01 148 52 1.029300e+01 4.690000e+00 -4.030100e+02 5.215200e+02 0
-4.562900e+00 2.427600e+00 -3.537100e-01 -4.165300e-01 149 52 1.086700e+01 4.690000e+00 -5.082700e+02 5.279900e+02 0
-4.593800e+00 2.421700e+00 -3.532100e-01 -4.165300e-01 150 52 1.064900e+01 4.690000e+00 -5.184700e+02 5.281900e+02 0
-4.460900e+00 2.645500e+00 -3.719900e-01 -4.165300e-01 151 52 1.015500e+01 4.690000e+00 -3.896200e+02 5.190200e+02 0
-4.408200e+00 2.827200e+00 -3.872400e-01 -4.165300e-01 152 52 1.026500e+01 4.690000e+00 -3.108400e+02 5.124900e+02 0
-4.561900e+00 2.706900e+00 -3.771400e-01 -4.165300e-01 153 52 1.053100e+01 4.690000e+00 -3.874900e+02 5.164800e+02 0
-4.675400e+00 2.585900e+00 -3.669900e-01 -4.165300e-01 154 52 1.062500e+01 4.690000e+00 -4.620700e+02 5.209200e+02 0
-4.747900e+00 2.492800e+00 -3.591700e-01 -4.165300e-01 155 52 1.082100e+01 4.690000e+00 -5.206700e+02 5.246500e+02 0
-4.871300e+00 2.398400e+00 -3.512500e-01 -4.165300e-01 159 52 1.169100e+01 4.690000e+00 -5.963000e+02 5.285900e+02 0
-4.889300e+00 2.507800e+00 -3.604400e-01 -4.165300e-01 161 52 1.185600e+01 4.690000e+00 -5.460400e+02 5.236800e+02 0
-4.919800e+00 2.531900e+00 -3.624600e-01 -4.165300e-01 162 52 1.202500e+01 4.690000e+00 -5.415900e+02 5.226000e+02 0
-4.545500e+00 2.323200e+00 3.031300e+00 -4.165300e-01 171 52 1.131000e+01 4.690000e+00 -4.977100e+02 -2.874300e+02 0
-5.097700e+00 1.841100e+00 2.669500e+00 -4.165300e-01 174 52 1.114500e+01 4.690000e+00 -9.437200e+02 -3.316200e+02 0
-5.086500e+00 6.218400e-01 3.701000e+00 -4.165300e-01 182 52 1.039200e+01 4.690000e+00 -3.130200e+03 -1.969400e+03 0
-5.213900e+00 2.820000e+00 2.293900e+00 -4.165300e-01 183 52 9.993900e+00 4.690000e+00 -4.435700e+02 -3.428300e+01 0
-5.402200e+00 2.489100e+00 3.526400e+00 -4.165300e-01 199 52 1.031100e+01 4.690000e+00 -6.035300e+02 -3.463100e+02 0
-5.538100e+00 2.921800e+00 3.015200e+00 -4.165300e-01 200 52 1.044400e+01 4.690000e+00 -4.591100e+02 -1.551300e+02 0
-5.838700e+00 2.788800e+00 2.630100e+00 -4.165300e-01 201 52 1.011500e+01 4.690000e+00 -5.739700e+02 -1.014900e+02 0
-6.739100e+00 4.816100e+00 3.719800e+00 -4.165300e-01 261 52 1.055700e+01 4.690000e+00 -1.676700e+02 -4.100600e+01 0
-7.803200e+00 4.092100e+00 3.821000e+00 -4.165300e-01 276 52 1.128200e+01 4.690000e+00 -4.520800e+02 -1.169400e+02 0
-8.132800e+00 4.017200e+00 3.259900e+00 -4.165300e-01 277 52 1.109500e+01 4.690000e+00 -5.219000e+02 -4.822200e+01 0
-4.684100e+00 2.181000e+00 -3.330100e-01 -3.844900e-01 149 53 1.049200e+01 4.690000e+00 -6.711300e+02 5.401900e+02 0
-4.756400e+00 2.056000e+00 -3.225200e-01 -3.844900e-01 150 53 1.053500e+01 4.690000e+00 -7.707900e+02 5.473900e+02 0
-4.871300e+00 2.440500e+00 -3.547800e-01 -3.844900e-01 159 53 1.140300e+01 4.690000e+00 -5.748300e+02 5.266700e+02 0
-4.945500e+00 2.294500e+00 -3.425300e-01 -3.844900e-01 160 53 1.157700e+01 4.690000e+00 -6.709400e+02 5.334300e+02 0
-5.426800e+00 2.261700e+00 -3.397800e-01 -3.844900e-01 171 53 1.169400e+01 4.690000e+00 -8.098400e+02 5.338300e+02 0
-5.412000e+00 2.304300e+00 -3.433600e-01 -3.844900e-01 172 53 1.185900e+01 4.690000e+00 -7.796700e+02 5.317300e+02 0
-5.234100e+00 1.597300e+00 2.798600e+00 -3.844900e-01 177 53 1.119100e+01 4.690000e+00 -1.201600e+03 -4.636200e+02 0
-5.263900e+00 1.810200e+00 2.687900e+00 -3.844900e-01 178 53 1.153900e+01 4.690000e+00 -1.015400e+03 -3.455500e+02 0
-5.147900e+00 2.118700e+00 2.766500e+00 -3.844900e-01 179 53 1.126200e+01 4.690000e+00 -7.595000e+02 -2.729000e+02 0
-4.883800e+00 2.412800e+00 3.066800e+00 -3.844900e-01 180 53 1.042300e+01 4.690000e+00 -5.329200e+02 -2.704800e+02 0
-5.401100e+00 2.563700e+00 3.333000e+00 -3.844900e-01 197 53 1.004100e+01 4.690000e+00 -5.721000e+02 -2.878300e+02 0
-5.482400e+00 2.457400e+00 3.352200e+00 -3.844900e-01 198 53 1.025700e+01 4.690000e+00 -6.390900e+02 -3.167600e+02 0
-7.953200e+00 3.851200e+00 3.761600e+00 -3.844900e-01 276 53 1.139600e+01 4.690000e+00 -5.394700e+02 -1.354900e+02 0
-8.057500e+00 3.871300e+00 3.605200e+00 -3.844900e-01 277 53 1.114100e+01 4.690000e+00 -5.498300e+02 -1.109700e+02 0
-4.603300e+00 2.326500e+00 -3.452200e-01 -3.524500e-01 149 54 9.970200e+00 4.690000e+00 -5.687900e+02 5.327200e+02 0
-4.756400e+00 1.965600e+00 -3.149400e-01 -3.524500e-01 150 54 1.000600e+01 4.690000e+00 -8.353200e+02 5.533000e+02 0
-5.357200e+00 2.102300e+00 -3.264100e-01 -3.524500e-01 166 54 1.190300e+01 4.690000e+00 -8.999000e+02 5.427400e+02 0
-5.389600e+00 2.048100e+00 -3.218600e-01 -3.524500e-01 167 54 1.209000e+01 4.690000e+00 -9.487800e+02 5.459000e+02 0
-5.331000e+00 2.030400e+00 -3.203700e-01 -3.524500e-01 168 54 1.178000e+01 4.690000e+00 -9.464900e+02 5.471900e+02 0
-5.271200e+00 1.294500e+00 2.227400e+00 -3.524500e-01 169 54 1.108500e+01 4.690000e+00 -1.626100e+03 -4.109300e+02 0
-7.625300e+00 3.553800e+00 4.559700e+00 -3.524500e-01 275 54 1.032900e+01 4.690000e+00 -5.744200e+02 -2.936700e+02 0
-8.021400e+00 4.397700e+00 3.454900e+00 -3.524500e-01 281 54 1.112800e+01 4.690000e+00 -4.087800e+02 -3.997000e+01 0
-8.126800e+00 4.107500e+00 3.659000e+00 -3.524500e-01 282 54 1.137300e+01 4.690000e+00 -4.927600e+02 -9.281600e+01 0
-8.475700e+00 4.980300e+00 1.556800e+00 -3.524500e-01 286 54 1.092800e+01 4.690000e+00 -3.519300e+02 2.191700e+02 0
-8.661500e+00 4.336300e+00 2.436400e+00 -3.524500e-01 287 54 1.110800e+01 4.690000e+00 -5.135700e+02 8.586500e+01 0
-8.812900e+00 5.050500e+00 -5.738000e-01 -3.524500e-01 292 54 1.016600e+01 4.690000e+00 -3.907500e+02 4.659300e+02 0
-5.107500e+00 1.893700e+00 -3.089000e-01 -3.204100e-01 157 55 1.105100e+01 4.690000e+00 -9.938400e+02 5.571500e+02 0
-5.097400e+00 1.977500e+00 -3.159300e-01 -3.204100e-01 158 55 1.136200e+01 4.690000e+00 -9.228300e+02 5.513700e+02 0
-5.173000e+00 1.869700e+00 -3.068900e-01 -3.204100e-01 159 55 1.113300e+01 4.690000e+00 -1.033700e+03 5.586700e+02 0
-5.402200e+00 1.992900e+00 -3.172300e-01 -3.204100e-01 166 55 1.110600e+01 4.690000e+00 -9.954400e+02 5.493600e+02 0
-5.480200e+00 1.889900e+00 -3.085800e-01 -3.204100e-01 167 55 1.132500e+01 4.690000e+00 -1.105100e+03 5.561100e+02 0
-5.604400e+00 1.591600e+00 -2.835500e-01 -3.204100e-01 168 55 1.076600e+01 4.690000e+00 -1.461800e+03 5.806200e+02 0
-7.999100e+00 2.408500e+00 4.666900e+00 -3.204100e-01 275 55 1.042800e+01 4.690000e+00 -1169 -5.805200e+02 0
-8.253400e+00 1.233100e+00 4.753600e+00 -3.204100e-01 276 55 1.035500e+01 4.690000e+00 -2586 -1.279800e+03 0
-8.434000e+00 3.012900e+00 3.563400e+00 -3.204100e-01 277 55 1.118200e+01 4.690000e+00 -9.322900e+02 -2.220700e+02 0
-8.389000e+00 3.915900e+00 2.805800e+00 -3.204100e-01 278 55 1.153600e+01 4.690000e+00 -5.912400e+02 6.050400e+00 0
-8.495100e+00 4.477800e+00 -5.257400e-01 -3.204100e-01 279 55 1.058200e+01 4.690000e+00 -4.825700e+02 4.726600e+02 0
-8.320200e+00 5.373200e+00 -6.008700e-01 -3.204100e-01 286 55 1.088700e+01 4.690000e+00 -2.749700e+02 4.632300e+02 0
-8.427400e+00 5.071600e+00 1.737500e+00 -3.204100e-01 287 55 1.079400e+01 4.690000e+00 -3.275400e+02 2.012300e+02 0
-8.733600e+00 4.910800e+00 1.699800e+00 -3.204100e-01 292 55 1.057600e+01 4.690000e+00 -3.946000e+02 2.009300e+02 0
-5.117100e+00 1.733800e+00 -2.954800e-01 -2.883700e-01 156 56 1.057100e+01 4.690000e+00 -1.144300e+03 5.697000e+02 0
-5.150100e+00 1.753400e+00 -2.971300e-01 -2.883700e-01 157 56 1.117600e+01 4.690000e+00 -1135 5.679000e+02 0
-5.183100e+00 1.781700e+00 -2.995100e-01 -2.883700e-01 158 56 1.119000e+01 4.690000e+00 -1.117600e+03 5.654500e+02 0
-5.259200e+00 1.668600e+00 -2.900100e-01 -2.883700e-01 159 56 1.062900e+01 4.690000e+00 -1.258100e+03 5.748600e+02 0
-5.292500e+00 1.390900e+00 -2.667100e-01 -2.883700e-01 160 56 1.059400e+01 4.690000e+00 -1.633600e+03 6.047600e+02 0
-8.208100e+00 3.090000e+00 3.998300e+00 -2.883700e-01 277 56 1.075500e+01 4.690000e+00 -8.508200e+02 -2.836400e+02 0
-8.313400e+00 3.914900e+00 3.023700e+00 -2.883700e-01 278 56 1.133800e+01 4.690000e+00 -5.787100e+02 -2.466200e+01 0
-8.419200e+00 3.945500e+00 2.794200e+00 -2.883700e-01 279 56 1.099100e+01 4.690000e+00 -5.866600e+02 1.019800e+01 0
-8.107400e+00 5.410700e+00 1.635100e+00 -2.883700e-01 284 56 1.045600e+01 4.690000e+00 -2.334400e+02 2.213900e+02 0
-8.213500e+00 5.317500e+00 1.622800e+00 -2.883700e-01 285 56 1.078200e+01 4.690000e+00 -2.604100e+02 2.204500e+02 0
-5.354500e+00 5.739000e-01 -1.981600e-01 -1.602100e-01 158 60 1.033400e+01 4.690000e+00 -4.483600e+03 8.344700e+02 0
0 0 -1.500000e-01 -3.204100e-02 1 64 1.561900e+01 4.690000e+00 2167 -3.612800e+03 0
-7.093800e-02 1.124400e-01 -1.594400e-01 -3.204100e-02 5 64 1.422400e+01 4.690000e+00 -3.089500e+03 7.722900e+03 0
-1.585200e-01 1.860000e-01 -1.656100e-01 -3.204100e-02 8 64 1.333700e+01 4.690000e+00 -1.096700e+03 2.952700e+03 0
-1.986300e-01 1.950300e-01 -1.663700e-01 -3.204100e-02 9 64 1.286600e+01 4.690000e+00 -1.151200e+03 2.745600e+03 0
-2.480100e-01 1.852000e-01 -1.655400e-01 -3.204100e-02 10 64 1.269400e+01 4.690000e+00 -1.540600e+03 2.904200e+03 0
-2.619200e-01 2.208400e-01 -1.685300e-01 -3.204100e-02 11 64 1.209600e+01 4.690000e+00 -1.078900e+03 2.325800e+03 0
-2.851200e-01 2.364600e-01 -1.698400e-01 -3.204100e-02 12 64 1.163400e+01 4.690000e+00 -9.956300e+02 2.143100e+03 0
-3.077600e-01 2.813600e-01 -1.736100e-01 -3.204100e-02 13 64 1.092400e+01 4.690000e+00 -7.073700e+02 1.779900e+03 0
-3.085800e-01 3.080000e-01 -1.758400e-01 -3.204100e-02 14 64 1.055100e+01 4.690000e+00 -5.565300e+02 1.630700e+03 0
3.609700e-01 3.393000e-01 -1.784700e-01 -3.204100e-02 28 64 1.215700e+01 4.690000e+00 1171 1594 0
6.799100e-01 6.433200e-01 -2.039800e-01 -3.204100e-02 29 64 1.372800e+01 4.690000e+00 1.286600e+03 9.614100e+02 0
6.804600e-01 7.321100e-01 -2.114300e-01 -3.204100e-02 30 64 1.463200e+01 4.690000e+00 1.204400e+03 8.847800e+02 0
6.793700e-01 7.974500e-01 -2.169200e-01 -3.204100e-02 31 64 1.476400e+01 4.690000e+00 1.155800e+03 8.407600e+02 0
6.766400e-01 8.295200e-01 -2.196100e-01 -3.204100e-02 32 64 1.420300e+01 4.690000e+00 1.133100e+03 8.219800e+02 0
6.722700e-01 8.644700e-01 -2.225400e-01 -3.204100e-02 33 64 1.269900e+01 4.690000e+00 1.109400e+03 8.032800e+02 0
7.383000e-01 8.805100e-01 -2.238900e-01 -3.204100e-02 34 64 1.062500e+01 4.690000e+00 1.155900e+03 7.965700e+02 0
7.699500e-01 9.020700e-01 -2.256900e-01 -3.204100e-02 35 64 1.042400e+01 4.690000e+00 1.169200e+03 7.868500e+02 0
-7.544000e-01 9.589700e-01 -2.304700e-01 -3.204100e-02 36 64 1.059800e+01 4.690000e+00 4.666800e+01 7.387900e+02 0
-7.956000e-01 9.275400e-01 -2.278300e-01 -3.204100e-02 37 64 1.105000e+01 4.690000e+00 -5.234200e+00 7.498100e+02 0
-8.177000e-01 9.225700e-01 -2.274100e-01 -3.204100e-02 38 64 1.064700e+01 4.690000e+00 -2.467900e+01 7.513800e+02 0
