0 0 -1.500000e-01 0 1 65 1.664300e+01 2.900000e+00 2167 -3.612800e+03 0
-7.093800e-02 1.128200e-01 -1.568600e-01 0 5 65 1.526200e+01 2.900000e+00 -3045 7.597200e+03 0
-1.585200e-01 1.859100e-01 -1.613000e-01 0 8 65 1.438500e+01 2.900000e+00 -1.095600e+03 2.928200e+03 0
-2.008100e-01 1.932500e-01 -1.617500e-01 0 9 65 1.392200e+01 2.900000e+00 -1.184700e+03 2.751800e+03 0
-2.480100e-01 1.870100e-01 -1.613700e-01 0 10 65 1.374900e+01 2.900000e+00 -1.504200e+03 2.841400e+03 0
-2.619200e-01 2.215400e-01 -1.634700e-01 0 11 65 1.319700e+01 2.900000e+00 -1.068700e+03 2.294500e+03 0
-2.881200e-01 2.311600e-01 -1.640500e-01 0 12 65 1.279000e+01 2.900000e+00 -1.057700e+03 2.174900e+03 0
-3.044900e-01 2.817400e-01 -1.671300e-01 0 13 65 1.204600e+01 2.900000e+00 -6.945500e+02 1.758200e+03 0
-3.050300e-01 3.047200e-01 -1.685200e-01 0 14 65 1.144600e+01 2.900000e+00 -5.634900e+02 1.628500e+03 0
-1.145900e-01 3.876200e-01 -1.735600e-01 0 15 65 1.139800e+01 2.900000e+00 1.210800e+02 1.333200e+03 0
3.536000e-01 3.392100e-01 -1.706200e-01 0 28 65 1.316000e+01 2.900000e+00 1.151300e+03 1.572700e+03 0
6.799100e-01 6.393600e-01 -1.888700e-01 0 29 65 1.470400e+01 2.900000e+00 1290 9.480700e+02 0
6.725500e-01 7.377900e-01 -1.948500e-01 0 30 65 1.564300e+01 2.900000e+00 1191 8.635500e+02 0
6.793700e-01 7.975000e-01 -1.984800e-01 0 31 65 1.581000e+01 2.900000e+00 1155 8.241300e+02 0
6.766400e-01 8.311300e-01 -2.005200e-01 0 32 65 1.529100e+01 2.900000e+00 1.131400e+03 8.046000e+02 0
6.810000e-01 8.691100e-01 -2.028300e-01 0 33 65 1.382000e+01 2.900000e+00 1.113600e+03 7.847300e+02 0
6.957400e-01 8.527700e-01 -2.018400e-01 0 35 65 1.059200e+01 2.900000e+00 1.135300e+03 7.933600e+02 0
-8.212400e-01 8.974100e-01 -2.045500e-01 0 36 65 1.171500e+01 2.900000e+00 -4.793500e+01 7.460200e+02 0
-8.447100e-01 8.786200e-01 -2.034100e-01 0 37 65 1.225000e+01 2.900000e+00 -8.188500e+01 7.534700e+02 0
-8.782700e-01 8.403300e-01 -2.010800e-01 0 38 65 1.184700e+01 2.900000e+00 -1.449400e+02 7.699600e+02 0
-9.123700e-01 7.426100e-01 -1.951400e-01 0 39 65 1.013600e+01 2.900000e+00 -2.918300e+02 8.211300e+02 0
0 0 -1.500000e-01 3.204100e-02 1 66 1.563000e+01 2.900000e+00 2167 -3.612800e+03 0
-7.202900e-02 1.121200e-01 -1.568200e-01 3.204100e-02 5 66 1.424700e+01 2.900000e+00 -3.123200e+03 7.714800e+03 0
-1.585200e-01 1.857900e-01 -1.612900e-01 3.204100e-02 8 66 1.331300e+01 2.900000e+00 -1.097400e+03 2.930700e+03 0
-2.008100e-01 1.935100e-01 -1.617600e-01 3.204100e-02 9 66 1.289900e+01 2.900000e+00 -1.180900e+03 2747 0
-2.480100e-01 1.879300e-01 -1.614200e-01 3.204100e-02 10 66 1.273400e+01 2.900000e+00 -1.487600e+03 2823 0
-2.646500e-01 2.185600e-01 -1.632900e-01 3.204100e-02 11 66 1.216500e+01 2.900000e+00 -1.113300e+03 2.330200e+03 0
-2.881200e-01 2.320700e-01 -1.641100e-01 3.204100e-02 12 66 1.175900e+01 2.900000e+00 -1.048200e+03 2.165400e+03 0
-3.044900e-01 2.819700e-01 -1.671400e-01 3.204100e-02 13 66 1.103300e+01 2.900000e+00 -6.931300e+02 1.756800e+03 0
3.609700e-01 2.532000e-01 -1.653900e-01 3.204100e-02 28 66 1.219900e+01 2.900000e+00 1.415400e+03 2.178600e+03 0
6.722700e-01 6.436400e-01 -1.891300e-01 3.204100e-02 29 66 1.372600e+01 2.900000e+00 1.276200e+03 9.435000e+02 0
6.725500e-01 7.367600e-01 -1.947900e-01 3.204100e-02 30 66 1.469500e+01 2.900000e+00 1.191800e+03 8.642900e+02 0
6.711800e-01 8.044400e-01 -1.989000e-01 3.204100e-02 31 66 1.486500e+01 2.900000e+00 1.142900e+03 8.197700e+02 0
6.766400e-01 8.317400e-01 -2.005600e-01 3.204100e-02 32 66 1.434700e+01 2.900000e+00 1.131100e+03 8.042600e+02 0
6.810000e-01 8.688500e-01 -2.028200e-01 3.204100e-02 33 66 1.286300e+01 2.900000e+00 1.113700e+03 7.848600e+02 0
-1.017400e+00 4.585000e-01 -1.778700e-01 3.204100e-02 34 66 1.018500e+01 2.900000e+00 -1.112200e+03 1.103700e+03 0
-8.212400e-01 8.952100e-01 -2.044200e-01 3.204100e-02 36 66 1.073900e+01 2.900000e+00 -4.985600e+01 7.469200e+02 0
-8.545300e-01 8.628100e-01 -2.024500e-01 3.204100e-02 37 66 1.130800e+01 2.900000e+00 -1.042200e+02 7.601700e+02 0
-9.186500e-01 8.058600e-01 -1.989900e-01 3.204100e-02 38 66 1.087200e+01 2.900000e+00 -2.150400e+02 7.859800e+02 0
0 0 -1.500000e-01 6.408200e-02 1 67 1.019600e+01 2.900000e+00 2167 -3.612800e+03 0
6.646300e-01 7.639000e-01 -1.964400e-01 6.408200e-02 30 67 1.038700e+01 2.900000e+00 1.163800e+03 8.451700e+02 0
6.793700e-01 7.793200e-01 -1.973700e-01 6.408200e-02 31 67 1.086500e+01 2.900000e+00 1.167200e+03 8.354600e+02 0
7.020100e-01 7.677600e-01 -1.966700e-01 6.408200e-02 32 67 1.061200e+01 2.900000e+00 1.197400e+03 8.435300e+02 0
3.083100e-01 7.737600e+00 1.526000e+00 -9.291900e-01 227 36 1.083700e+01 2.900000e+00 7.026400e+02 2.676300e+02 0
4.954700e-01 7.599300e+00 2.202700e+00 -9.291900e-01 228 36 1.181900e+01 2.900000e+00 7.175800e+02 2.120400e+02 0
5.598600e-01 7.563300e+00 2.425900e+00 -9.291900e-01 229 36 1.227100e+01 2.900000e+00 7.227900e+02 1.935400e+02 0
5.623200e-01 7.634900e+00 2.313400e+00 -9.291900e-01 230 36 1.212200e+01 2.900000e+00 7.228700e+02 2.039700e+02 0
5.020200e-01 7.715000e+00 2.178300e+00 -9.291900e-01 231 36 1.168400e+01 2.900000e+00 7.177900e+02 2.161800e+02 0
5.042100e-01 7.660300e+00 2.479300e+00 -9.291900e-01 232 36 1.165200e+01 2.900000e+00 7.177500e+02 1.915100e+02 0
6.962800e-01 7.729300e+00 2.328000e+00 -9.291900e-01 233 36 1.186400e+01 2.900000e+00 7.334900e+02 2.046700e+02 0
8.264300e-01 7.815700e+00 2.108100e+00 -9.291900e-01 234 36 1.226400e+01 2.900000e+00 7.439400e+02 2.232900e+02 0
8.299700e-01 7.849200e+00 2.117400e+00 -9.291900e-01 235 36 1.265800e+01 2.900000e+00 744 2.231600e+02 0
7.694000e-01 7.901700e+00 2.079900e+00 -9.291900e-01 236 36 1.266500e+01 2.900000e+00 7.388400e+02 2.269800e+02 0
7.082900e-01 7.943900e+00 2.078900e+00 -9.291900e-01 237 36 1.234900e+01 2.900000e+00 7.337100e+02 2.278100e+02 0
7.112900e-01 7.964000e+00 2.138800e+00 -9.291900e-01 238 36 1.257200e+01 2.900000e+00 7.337600e+02 2.236100e+02 0
6.493600e-01 7.972200e+00 2.259900e+00 -9.291900e-01 239 36 1.233400e+01 2.900000e+00 7.286200e+02 2.146300e+02 0
-2.848400e-01 9.078200e+00 -7.018600e-01 -9.291900e-01 262 36 1.165000e+01 2.900000e+00 6.617300e+02 4.317800e+02 0
-4.731000e-01 9.945900e+00 1.649500e+00 -9.291900e-01 290 36 1.181800e+01 2.900000e+00 6.507000e+02 2.812000e+02 0
-9.494800e-01 9.709800e+00 2.718400e+00 -9.291900e-01 291 36 1.198500e+01 2.900000e+00 6.180800e+02 2.132400e+02 0
-9.527500e-01 9.805000e+00 2.496900e+00 -9.291900e-01 292 36 1.242900e+01 2.900000e+00 6.187300e+02 2.281900e+02 0
-8.763600e-01 9.894100e+00 2.308500e+00 -9.291900e-01 293 36 1.245600e+01 2.900000e+00 6.243600e+02 2.407800e+02 0
-7.994200e-01 9.908000e+00 2.428300e+00 -9.291900e-01 294 36 1.188000e+01 2.900000e+00 6.292600e+02 2.336600e+02 0
-3.252200e-01 1.030000e+01 -7.761200e-01 -9.291900e-01 299 36 1.291100e+01 2.900000e+00 6.630700e+02 4.278400e+02 0
-4.078900e-01 1.034300e+01 -7.787700e-01 -9.291900e-01 300 36 1.328700e+01 2.900000e+00 6.581000e+02 4.277000e+02 0
-4.092600e-01 1.039300e+01 -7.818000e-01 -9.291900e-01 301 36 1.317800e+01 2.900000e+00 6.581900e+02 4.275600e+02 0
-6.657300e-01 1.027900e+01 2.713500e+00 -9.291900e-01 306 36 1.263200e+01 2.900000e+00 6.395500e+02 2.215600e+02 0
-5.009300e-01 1.045000e+01 2.178700e+00 -9.291900e-01 307 36 1.253800e+01 2.900000e+00 6.507100e+02 2.545300e+02 0
-2.512800e-01 1.069600e+01 -8.002300e-01 -9.291900e-01 308 36 1.213900e+01 2.900000e+00 6.686400e+02 4.267800e+02 0
-1.773400e-01 1.125100e+01 -8.339600e-01 -9.291900e-01 326 36 1.212100e+01 2.900000e+00 6.740900e+02 4.254200e+02 0
1.953500e-01 1.206600e+01 3.270200e+00 -9.291900e-01 359 36 1.240200e+01 2.900000e+00 6.920600e+02 2.142400e+02 0
6.122500e-01 1.288600e+01 2.042800e+00 -9.291900e-01 375 36 1.272100e+01 2.900000e+00 7.135300e+02 2.809200e+02 0
6.138900e-01 1.283700e+01 2.520800e+00 -9.291900e-01 376 36 1.287600e+01 2.900000e+00 7.133200e+02 2.580900e+02 0
6.155200e-01 1.292100e+01 2.259000e+00 -9.291900e-01 377 36 1.312400e+01 2.900000e+00 7.134700e+02 271 0
6.171600e-01 1.299900e+01 1.996800e+00 -9.291900e-01 378 36 1.318000e+01 2.900000e+00 7.136300e+02 2.837600e+02 0
7.219300e-01 1.301400e+01 2.093000e+00 -9.291900e-01 379 36 1.302500e+01 2.900000e+00 7.186400e+02 2.793600e+02 0
9.306500e-01 1.290100e+01 2.806800e+00 -9.291900e-01 380 36 1.304000e+01 2.900000e+00 7.285600e+02 2.451500e+02 0
1.036800e+00 1.283200e+01 3.221400e+00 -9.291900e-01 381 36 1.304200e+01 2.900000e+00 7.336500e+02 2.250300e+02 0
0 1.289100e+01 4.286700e+00 -9.291900e-01 390 36 1.192200e+01 2.900000e+00 6.819100e+02 1.765600e+02 0
1.173500e+00 1.360100e+01 -9.768200e-01 -9.291900e-01 392 36 1.154100e+01 2.900000e+00 7.411700e+02 4.210600e+02 0
1.069500e+00 1.350900e+01 1.942600e+00 -9.291900e-01 393 36 1.204100e+01 2.900000e+00 7.342000e+02 2.890700e+02 0
9.650300e-01 1.347400e+01 2.427000e+00 -9.291900e-01 394 36 1.184900e+01 2.900000e+00 7.289900e+02 2.671200e+02 0
1.669800e+00 1.410800e+01 -1.007600e+00 -9.291900e-01 409 36 1.192700e+01 2.900000e+00 7.621000e+02 4.203500e+02 0
1.450700e+00 1.416600e+01 -1.011200e+00 -9.291900e-01 410 36 1.247200e+01 2.900000e+00 7.518600e+02 4.202200e+02 0
-1.186800e-01 2.994300e+00 -3.320200e-01 -8.971500e-01 88 37 1.008900e+01 2.900000e+00 6.308400e+02 5.003300e+02 0
-1.440600e-01 3.037000e+00 -3.346200e-01 -8.971500e-01 89 37 9.975000e+00 2.900000e+00 6.263300e+02 4.988300e+02 0
-2.146100e+00 6.901100e+00 -5.695100e-01 -8.971500e-01 208 37 1.116100e+01 2.900000e+00 4.802900e+02 4.413900e+02 0
-2.099800e+00 6.952500e+00 -5.726400e-01 -8.971500e-01 209 37 1.162500e+01 2.900000e+00 4.860600e+02 4.410900e+02 0
-2.109900e+00 6.985700e+00 -5.746600e-01 -8.971500e-01 210 37 1.150400e+01 2.900000e+00 4.861400e+02 4.408900e+02 0
5.549500e-01 7.377400e+00 2.749600e+00 -8.971500e-01 227 37 1.220700e+01 2.900000e+00 7.226600e+02 1.630200e+02 0
5.574100e-01 7.362600e+00 2.885800e+00 -8.971500e-01 228 37 1.306800e+01 2.900000e+00 7.227400e+02 1.515600e+02 0
5.598600e-01 7.406000e+00 2.870500e+00 -8.971500e-01 229 37 1.348300e+01 2.900000e+00 7.228000e+02 1.540100e+02 0
5.623200e-01 7.543100e+00 2.597000e+00 -8.971500e-01 230 37 1.341100e+01 2.900000e+00 7.228400e+02 1.794800e+02 0
4.392700e-01 7.632700e+00 2.463100e+00 -8.971500e-01 231 37 1.314600e+01 2.900000e+00 7.124700e+02 1.922200e+02 0
3.781500e-01 7.509200e+00 2.924200e+00 -8.971500e-01 232 37 1.303300e+01 2.900000e+00 7.070400e+02 1.527500e+02 0
5.063900e-01 7.585100e+00 2.802900e+00 -8.971500e-01 233 37 1.304000e+01 2.900000e+00 7.177400e+02 1.642700e+02 0
6.992800e-01 7.748500e+00 2.384200e+00 -8.971500e-01 234 37 1.347800e+01 2.900000e+00 7.335600e+02 2.007000e+02 0
7.661300e-01 7.841000e+00 2.171400e+00 -8.971500e-01 235 37 1.384200e+01 2.900000e+00 7.388000e+02 2.189000e+02 0
8.335200e-01 7.878400e+00 2.142600e+00 -8.971500e-01 236 37 1.366400e+01 2.900000e+00 7.440700e+02 2.217500e+02 0
6.466300e-01 8.083400e+00 1.657100e+00 -8.971500e-01 238 37 1.368600e+01 2.900000e+00 7.287100e+02 2.617100e+02 0
7.792300e-01 8.195600e+00 -6.482000e-01 -8.971500e-01 239 37 1.356900e+01 2.900000e+00 7.416800e+02 4.357400e+02 0
-6.575400e-01 7.852800e+00 2.956100e+00 -8.971500e-01 242 37 1.352100e+01 2.900000e+00 6.235300e+02 1.602300e+02 0
-9.036400e-01 9.343800e+00 2.187400e+00 -8.971500e-01 277 37 1.330700e+01 2.900000e+00 6.185600e+02 2.414800e+02 0
-8.703500e-01 9.656500e+00 2.926900e+00 -8.971500e-01 291 37 1.369500e+01 2.900000e+00 6.226800e+02 1.994800e+02 0
-9.527500e-01 9.673100e+00 2.967100e+00 -8.971500e-01 292 37 1.380700e+01 2.900000e+00 6.174400e+02 1.973200e+02 0
-9.560300e-01 9.643400e+00 3.175300e+00 -8.971500e-01 293 37 1.367700e+01 2.900000e+00 6.168700e+02 1.839600e+02 0
-9.123700e-01 1.016100e+01 2.937300e+00 -8.971500e-01 305 37 1.410500e+01 2.900000e+00 6.235600e+02 2.068900e+02 0
-9.985900e-01 1.023200e+01 2.786500e+00 -8.971500e-01 306 37 1.458700e+01 2.900000e+00 6.188500e+02 2.167900e+02 0
-9.183700e-01 1.034700e+01 2.510100e+00 -8.971500e-01 307 37 1.436100e+01 2.900000e+00 6.246900e+02 2.343600e+02 0
-2.766600e-01 1.114800e+01 3.870400e+00 -8.971500e-01 339 37 1.361500e+01 2.900000e+00 6.648700e+02 1.702500e+02 0
-1.849800e-01 1.108100e+01 4.165200e+00 -8.971500e-01 340 37 1.367800e+01 2.900000e+00 6.696800e+02 1.532200e+02 0
0 1.109000e+01 4.243600e+00 -8.971500e-01 341 37 1.351500e+01 2.900000e+00 6.801100e+02 1.490800e+02 0
1.860800e-01 1.130400e+01 3.741500e+00 -8.971500e-01 342 37 1.324400e+01 2.900000e+00 6.910900e+02 1.794400e+02 0
7.123800e-01 1.283200e+01 2.124100e+00 -8.971500e-01 374 37 1.348300e+01 2.900000e+00 7.185100e+02 2.767300e+02 0
6.122500e-01 1.273300e+01 2.842900e+00 -8.971500e-01 375 37 1.350200e+01 2.900000e+00 7.131500e+02 2.419900e+02 0
6.138900e-01 1.267300e+01 3.243300e+00 -8.971500e-01 376 37 1.356500e+01 2.900000e+00 7.130100e+02 2.224200e+02 0
6.155200e-01 1.286000e+01 2.582000e+00 -8.971500e-01 377 37 1.376300e+01 2.900000e+00 7.133100e+02 2.554000e+02 0
5.143000e-01 1.297500e+01 2.174400e+00 -8.971500e-01 378 37 1.377900e+01 2.900000e+00 7.085000e+02 2.753500e+02 0
6.188000e-01 1.296900e+01 2.384300e+00 -8.971500e-01 379 37 1.376000e+01 2.900000e+00 7.134600e+02 2.655000e+02 0
8.272500e-01 1.277200e+01 3.373700e+00 -8.971500e-01 380 37 1.447800e+01 2.900000e+00 7.233300e+02 2.172900e+02 0
9.331100e-01 1.275700e+01 3.535100e+00 -8.971500e-01 381 37 1.491900e+01 2.900000e+00 7.284800e+02 2.094900e+02 0
9.355600e-01 1.281800e+01 3.443500e+00 -8.971500e-01 382 37 1.448800e+01 2.900000e+00 7.285100e+02 2.145000e+02 0
1.450700e+00 1.407200e+01 1.973200e+00 -8.971500e-01 410 37 1.299100e+01 2.900000e+00 7.497900e+02 2.906200e+02 0
-1.500600e-01 1.881000e+00 -2.643500e-01 -8.651100e-01 56 38 1.038900e+01 2.900000e+00 5.811100e+02 5.625500e+02 0
1.418800e+00 3.189800e+00 -3.439000e-01 -8.651100e-01 101 38 1.082200e+01 2.900000e+00 9.524800e+02 4.964400e+02 1
1.405400e+00 3.219100e+00 -3.456900e-01 -8.651100e-01 102 38 1.064100e+01 2.900000e+00 9.472500e+02 4.955000e+02 1
1.503900e+00 3.226900e+00 -3.461600e-01 -8.651100e-01 105 38 1.011800e+01 2.900000e+00 9.670700e+02 4.954100e+02 1
1.632900e+00 3.209600e+00 -3.451100e-01 -8.651100e-01 106 38 1.040900e+01 2.900000e+00 9.956200e+02 4.961600e+02 1
1.677400e+00 3.282000e+00 -3.495100e-01 -8.651100e-01 107 38 1.036800e+01 2.900000e+00 9.978200e+02 494 0
-8.703500e-01 4.988500e+00 -4.532500e-01 -8.651100e-01 146 38 1.011700e+01 2.900000e+00 5.599100e+02 4.586400e+02 0
-1.037100e+00 5.704500e+00 2.518000e+00 -8.651100e-01 182 38 1.076600e+01 2.900000e+00 5.565200e+02 1.312400e+02 0
-1.092400e+00 5.423000e+00 3.130100e+00 -8.651100e-01 183 38 1.110400e+01 2.900000e+00 5.428800e+02 5.317200e+01 0
-1.098400e+00 4.879000e+00 3.979100e+00 -8.651100e-01 184 38 1.072200e+01 2.900000e+00 5.253500e+02 -8.112900e+01 0
-6.024300e-01 5.249300e+00 3.657000e+00 -8.651100e-01 185 38 1.047900e+01 2.900000e+00 5.953000e+02 -1.635000e+01 0
-2.486600e+00 5.991100e+00 -5.142000e-01 -8.651100e-01 187 38 1.067400e+01 2.900000e+00 4.122000e+02 4.476500e+02 0
-2.341000e+00 6.364100e+00 -5.368700e-01 -8.651100e-01 196 38 1.202800e+01 2.900000e+00 4.430400e+02 4.448700e+02 0
-2.246000e+00 6.453300e+00 -5.422900e-01 -8.651100e-01 197 38 1.256000e+01 2.900000e+00 4.557400e+02 4.442900e+02 0
-2.257500e+00 6.488900e+00 -5.444600e-01 -8.651100e-01 198 38 1.264700e+01 2.900000e+00 4.559300e+02 4.440300e+02 0
-2.377000e+00 6.468100e+00 -5.431900e-01 -8.651100e-01 199 38 1.246100e+01 2.900000e+00 4.435700e+02 4.441200e+02 0
-2.443300e+00 6.435100e+00 -5.411900e-01 -8.651100e-01 200 38 1.271800e+01 2.900000e+00 4.358400e+02 4.443100e+02 0
-2.510100e+00 6.432000e+00 -5.409900e-01 -8.651100e-01 201 38 1.273100e+01 2.900000e+00 4.292000e+02 4.443000e+02 0
-2.358100e+00 6.578400e+00 -5.499000e-01 -8.651100e-01 202 38 1.232400e+01 2.900000e+00 4.495700e+02 4.433700e+02 0
-2.156500e+00 6.918500e+00 -5.705700e-01 -8.651100e-01 209 38 1.361900e+01 2.900000e+00 4.798800e+02 4.412800e+02 0
-2.223900e+00 6.925600e+00 -5.710000e-01 -8.651100e-01 210 38 1.361100e+01 2.900000e+00 4.739800e+02 4.412000e+02 0
-1.948100e+00 7.705700e+00 2.431600e+00 -8.651100e-01 239 38 1.419400e+01 2.900000e+00 5.181500e+02 1.978100e+02 0
-1.891000e+00 7.734600e+00 2.503300e+00 -8.651100e-01 240 38 1.437000e+01 2.900000e+00 5.233600e+02 1.928800e+02 0
-8.548000e-01 7.857500e+00 2.892500e+00 -8.651100e-01 242 38 1.406900e+01 2.900000e+00 6.079200e+02 1.653200e+02 0
-2.147800e+00 8.216600e+00 -6.494800e-01 -8.651100e-01 247 38 1.408400e+01 2.900000e+00 5.143700e+02 4.345800e+02 0
-2.089100e+00 8.224100e+00 1.551700e+00 -8.651100e-01 248 38 1.403500e+01 2.900000e+00 5.185900e+02 2.720400e+02 0
-1.248200e+00 1.013800e+01 3.019600e+00 -8.651100e-01 306 38 1.448800e+01 2.900000e+00 6.026300e+02 2.018500e+02 0
-1.252300e+00 1.021600e+01 2.875900e+00 -8.651100e-01 307 38 1.436400e+01 2.900000e+00 6.031300e+02 2.114500e+02 0
8.621700e-02 1.050600e+01 3.378100e+00 -8.651100e-01 317 38 1.356900e+01 2.900000e+00 6.852400e+02 1.863800e+02 0
8.649000e-02 1.045800e+01 3.629400e+00 -8.651100e-01 318 38 1.356800e+01 2.900000e+00 6.850100e+02 1.712600e+02 0
0 1.106700e+01 4.104600e+00 -8.651100e-01 339 38 1.312600e+01 2.900000e+00 6.801900e+02 1.561200e+02 0
0 1.098400e+01 4.417600e+00 -8.651100e-01 340 38 1.356000e+01 2.900000e+00 6.798500e+02 1.376600e+02 0
9.276500e-02 1.084700e+01 4.829900e+00 -8.651100e-01 341 38 1.342600e+01 2.900000e+00 6.847100e+02 1.122900e+02 0
1.860800e-01 1.095400e+01 4.668000e+00 -8.651100e-01 342 38 1.316700e+01 2.900000e+00 6.902600e+02 1.233900e+02 0
1.866200e-01 1.122100e+01 4.087700e+00 -8.651100e-01 343 38 1.310600e+01 2.900000e+00 6.908300e+02 1.597000e+02 0
9.358400e-02 1.095300e+01 4.847900e+00 -8.651100e-01 344 38 1.294600e+01 2.900000e+00 6.848300e+02 1.137100e+02 0
9.385600e-02 9.423800e+00 7.450500e+00 -8.651100e-01 345 38 1.275900e+01 2.900000e+00 6.811500e+02 -8.662900e+01 0
9.412900e-02 1.097400e+01 4.973600e+00 -8.651100e-01 346 38 1.315400e+01 2.900000e+00 6.847800e+02 1.074000e+02 0
9.440200e-02 1.136600e+01 4.100800e+00 -8.651100e-01 347 38 1.267100e+01 2.900000e+00 6.857500e+02 1.616200e+02 0
1.953500e-01 1.203300e+01 3.388200e+00 -8.651100e-01 359 38 1.244800e+01 2.900000e+00 6.919700e+02 2.079700e+02 0
0 1.206800e+01 3.398300e+00 -8.651100e-01 360 38 1.253900e+01 2.900000e+00 6.817700e+02 2.079900e+02 0
1.113500e+00 1.203000e+01 4.681100e+00 -8.651100e-01 372 38 1.255200e+01 2.900000e+00 7.390400e+02 1.433200e+02 0
1.319400e+00 1.253700e+01 3.140100e+00 -8.651100e-01 373 38 1.293400e+01 2.900000e+00 7.489800e+02 2.256300e+02 0
1.323000e+00 1.269600e+01 2.598900e+00 -8.651100e-01 374 38 1.296000e+01 2.900000e+00 7.489500e+02 2.530500e+02 0
1.122500e+00 1.254600e+01 3.454300e+00 -8.651100e-01 375 38 1.262000e+01 2.900000e+00 7.387000e+02 2.107300e+02 0
7.162000e-01 1.245300e+01 3.989300e+00 -8.651100e-01 376 38 1.261400e+01 2.900000e+00 7.179500e+02 1.840300e+02 0
2.051700e-01 1.265900e+01 3.485100e+00 -8.651100e-01 377 38 1.287500e+01 2.900000e+00 6.924600e+02 2.109400e+02 0
-3.085800e-01 1.272400e+01 3.368100e+00 -8.651100e-01 378 38 1.261600e+01 2.900000e+00 6.671100e+02 2.173900e+02 0
1.034100e+00 1.276800e+01 3.331500e+00 -8.651100e-01 380 38 1.405100e+01 2.900000e+00 7.336300e+02 2.191600e+02 0
9.331100e-01 1.268700e+01 3.781200e+00 -8.651100e-01 381 38 1.482200e+01 2.900000e+00 7.284700e+02 1.970100e+02 0
7.276600e-01 1.271400e+01 3.854800e+00 -8.651100e-01 382 38 1.447600e+01 2.900000e+00 7.181200e+02 1.939800e+02 0
-1.200500e-01 1.883200e+00 -2.644800e-01 -8.330700e-01 56 39 1.047900e+01 2.900000e+00 5.917100e+02 5.624800e+02 0
-1.680700e-01 1.933500e+00 -2.675400e-01 -8.330700e-01 57 39 1.014300e+01 2.900000e+00 5.781900e+02 5.578700e+02 0
1.431600e+00 3.147000e+00 -3.413000e-01 -8.330700e-01 100 39 1.166800e+01 2.900000e+00 9.588700e+02 4.978400e+02 1
1.418800e+00 3.188400e+00 -3.438200e-01 -8.330700e-01 101 39 1.238500e+01 2.900000e+00 9.525900e+02 4.964800e+02 1
1.405400e+00 3.225700e+00 -3.460900e-01 -8.330700e-01 102 39 1.207500e+01 2.900000e+00 9.467100e+02 4.952900e+02 1
1.447100e+00 3.205000e+00 -3.448300e-01 -8.330700e-01 103 39 1.090500e+01 2.900000e+00 9.571300e+02 496 1
1.573700e+00 3.195600e+00 -3.442600e-01 -8.330700e-01 104 39 1.062100e+01 2.900000e+00 9.845400e+02 4.965100e+02 1
1.589000e+00 3.231500e+00 -3.464400e-01 -8.330700e-01 105 39 1.184000e+01 2.900000e+00 9.843600e+02 4.954000e+02 1
1.604300e+00 3.268200e+00 -3.486700e-01 -8.330700e-01 106 39 1.224400e+01 2.900000e+00 9.841100e+02 4.943000e+02 1
1.619600e+00 3.310200e+00 -3.512200e-01 -8.330700e-01 107 39 1.182200e+01 2.900000e+00 9.833800e+02 4.930700e+02 1
1.576500e+00 3.371300e+00 -3.549400e-01 -8.330700e-01 108 39 1.082300e+01 2.900000e+00 9.693500e+02 4.912300e+02 1
-2.530600e+00 5.557300e+00 -4.878300e-01 -8.330700e-01 176 39 1.127700e+01 2.900000e+00 3.853100e+02 4.514200e+02 0
-2.689100e+00 5.526800e+00 -4.859700e-01 -8.330700e-01 177 39 1.240900e+01 2.900000e+00 3.657200e+02 4.516100e+02 0
-2.656100e+00 5.581600e+00 -4.893000e-01 -8.330700e-01 178 39 1.287100e+01 2.900000e+00 3.726200e+02 4.511100e+02 0
-2.622500e+00 5.635500e+00 -4.925800e-01 -8.330700e-01 179 39 1.276100e+01 2.900000e+00 3.794000e+02 4.506400e+02 0
-2.539600e+00 5.697900e+00 -4.963700e-01 -8.330700e-01 180 39 1.220300e+01 2.900000e+00 3.919300e+02 4.501200e+02 0
-1.964400e+00 5.919000e+00 -5.098100e-01 -8.330700e-01 181 39 1.142800e+01 2.900000e+00 4.641200e+02 4.485400e+02 0
-1.530900e+00 5.656800e+00 2.369300e+00 -8.330700e-01 182 39 1.193700e+01 2.900000e+00 5.013000e+02 1.454700e+02 0
-1.340700e+00 5.489400e+00 2.910000e+00 -8.330700e-01 183 39 1.214300e+01 2.900000e+00 5.168200e+02 8.074300e+01 0
-2.689600e+00 5.899600e+00 -5.086300e-01 -8.330700e-01 187 39 1.312100e+01 2.900000e+00 3.863500e+02 4.482900e+02 0
-2.472500e+00 6.370100e+00 -5.372400e-01 -8.330700e-01 198 39 1.367900e+01 2.900000e+00 4.303400e+02 4.447600e+02 0
-2.539000e+00 6.352600e+00 -5.361700e-01 -8.330700e-01 199 39 1.384600e+01 2.900000e+00 4.230500e+02 4.448500e+02 0
-2.551900e+00 6.362700e+00 -5.367800e-01 -8.330700e-01 200 39 1.389300e+01 2.900000e+00 4.222200e+02 4.447700e+02 0
-2.564700e+00 6.390300e+00 -5.384600e-01 -8.330700e-01 201 39 1.370800e+01 2.900000e+00 4.221300e+02 4.445700e+02 0
-2.416300e+00 6.974400e+00 1.556500e+00 -8.330700e-01 217 39 1.390200e+01 2.900000e+00 4.584700e+02 2.558400e+02 0
-2.486600e+00 6.942400e+00 1.746700e+00 -8.330700e-01 218 39 1.426000e+01 2.900000e+00 4.511600e+02 2.390400e+02 0
-2.617100e+00 6.828400e+00 2.118000e+00 -8.330700e-01 219 39 1.338100e+01 2.900000e+00 4.354700e+02 2.047800e+02 0
-2.069200e+00 7.781400e+00 1.916700e+00 -8.330700e-01 238 39 1.358400e+01 2.900000e+00 5.102600e+02 2.388900e+02 0
-2.142900e+00 7.819600e+00 1.829300e+00 -8.330700e-01 239 39 1.408000e+01 2.900000e+00 5.053100e+02 2.462000e+02 0
-2.086700e+00 7.837500e+00 1.971300e+00 -8.330700e-01 240 39 1.409400e+01 2.900000e+00 5.101700e+02 2.356100e+02 0
-2.406400e+00 7.953400e+00 2.040000e+00 -8.330700e-01 246 39 1.433900e+01 2.900000e+00 4.878500e+02 2.324300e+02 0
-2.282000e+00 8.015900e+00 2.084300e+00 -8.330700e-01 247 39 1.475000e+01 2.900000e+00 4.990500e+02 2.300600e+02 0
-2.291300e+00 7.979600e+00 2.341900e+00 -8.330700e-01 248 39 1.469100e+01 2.900000e+00 4.974300e+02 2.102600e+02 0
-2.224500e+00 8.310400e+00 3.217100e+00 -8.330700e-01 264 39 1.397100e+01 2.900000e+00 5.099900e+02 1.537600e+02 0
-2.322400e+00 8.794200e+00 1.888300e+00 -8.330700e-01 267 39 1.377500e+01 2.900000e+00 5.132400e+02 2.549400e+02 0
-1.473300e+00 8.301600e+00 4.221900e+00 -8.330700e-01 271 39 1.393500e+01 2.900000e+00 5.654000e+02 8.170300e+01 0
-1.330900e+00 8.169000e+00 4.589900e+00 -8.330700e-01 272 39 1.376600e+01 2.900000e+00 5.739600e+02 5.074300e+01 0
-1.732000e+00 9.095200e+00 2.680500e+00 -8.330700e-01 277 39 1.342100e+01 2.900000e+00 5.593300e+02 2.061700e+02 0
-4.731000e-01 9.006500e+00 4.530400e+00 -8.330700e-01 290 39 1.343000e+01 2.900000e+00 6.440300e+02 8.216900e+01 0
-4.747400e-01 9.324500e+00 3.924200e+00 -8.330700e-01 291 39 1.334300e+01 2.900000e+00 6.460300e+02 1.299400e+02 0
-3.962400e+00 1.000800e+01 -7.583600e-01 -8.330700e-01 310 39 1.263500e+01 2.900000e+00 4.327600e+02 4.277100e+02 0
-3.721500e+00 1.016600e+01 -7.680100e-01 -8.330700e-01 311 39 1.254000e+01 2.900000e+00 4.516100e+02 4.273200e+02 0
-2.969800e+00 1.019200e+01 2.293000e+00 -8.330700e-01 312 39 1.243100e+01 2.900000e+00 4.981700e+02 2.459000e+02 0
-2.724000e+00 9.866800e+00 3.735000e+00 -8.330700e-01 313 39 1.211400e+01 2.900000e+00 5.070900e+02 1.553700e+02 0
-2.220400e+00 9.825500e+00 4.244400e+00 -8.330700e-01 314 39 1.195300e+01 2.900000e+00 5.378600e+02 1.236500e+02 0
-7.710400e-01 1.010400e+01 4.191000e+00 -8.330700e-01 315 39 1.221600e+01 2.900000e+00 6.311400e+02 1.321900e+02 0
-4.297200e-01 1.039700e+01 3.568600e+00 -8.330700e-01 316 39 1.219500e+01 2.900000e+00 6.538200e+02 1.739100e+02 0
0 1.032900e+01 3.885600e+00 -8.330700e-01 317 39 1.210900e+01 2.900000e+00 6.794300e+02 1.541700e+02 0
1.795300e-01 1.022400e+01 5.240200e+00 -8.330700e-01 330 39 1.229200e+01 2.900000e+00 6.891500e+02 7.356100e+01 0
9.003700e-02 1.006700e+01 5.609500e+00 -8.330700e-01 331 39 1.262400e+01 2.900000e+00 6.832200e+02 4.769300e+01 0
-1.806200e-01 9.841000e+00 6.061800e+00 -8.330700e-01 332 39 1.262500e+01 2.900000e+00 6.655100e+02 1.404100e+01 0
-2.717500e-01 9.817000e+00 6.163300e+00 -8.330700e-01 333 39 1.244500e+01 2.900000e+00 6.596000e+02 7.289600e+00 0
-3.428200e+00 9.885200e+00 6.907900e+00 -8.330700e-01 360 39 1.201200e+01 2.900000e+00 4.638100e+02 -3.009500e+01 0
-2.321900e+00 1.207100e+01 3.984600e+00 -8.330700e-01 371 39 1.247700e+01 2.900000e+00 5.612000e+02 1.800600e+02 0
-1.831800e+00 1.017000e+01 7.930600e+00 -8.330700e-01 374 39 1.236300e+01 2.900000e+00 5.653800e+02 -7.907400e+01 0
-2.485000e+00 1.263800e+01 5.037200e+00 -8.330700e-01 397 39 1.271800e+01 2.900000e+00 5.587600e+02 1.389400e+02 0
1.404600e+00 3.158200e+00 -3.419800e-01 -8.010300e-01 100 40 1.111800e+01 2.900000e+00 9.521600e+02 4.974300e+02 1
1.391500e+00 3.202500e+00 -3.446800e-01 -8.010300e-01 101 40 1.190000e+01 2.900000e+00 9.457000e+02 4.959900e+02 1
1.405400e+00 3.233900e+00 -3.465900e-01 -8.010300e-01 102 40 1.158800e+01 2.900000e+00 9.460500e+02 4.950400e+02 1
1.447100e+00 3.247700e+00 -3.474300e-01 -8.010300e-01 103 40 1.048500e+01 2.900000e+00 9.535400e+02 4.946800e+02 1
1.573700e+00 3.215200e+00 -3.454500e-01 -8.010300e-01 104 40 1.044400e+01 2.900000e+00 9.826900e+02 4.958900e+02 1
1.589000e+00 3.242600e+00 -3.471200e-01 -8.010300e-01 105 40 1.161900e+01 2.900000e+00 9.833200e+02 4.950600e+02 1
1.575600e+00 3.294500e+00 -3.502700e-01 -8.010300e-01 106 40 1.194000e+01 2.900000e+00 9.758600e+02 4.934600e+02 1
1.590600e+00 3.336700e+00 -3.528400e-01 -8.010300e-01 107 40 1.137100e+01 2.900000e+00 9.751600e+02 4.922400e+02 1
1.488900e+00 3.426300e+00 -3.582800e-01 -8.010300e-01 108 40 1.037400e+01 2.900000e+00 9.476500e+02 4.895600e+02 1
-2.082300e+00 4.605800e+00 2.298700e+00 -8.010300e-01 160 40 1.080800e+01 2.900000e+00 3.848400e+02 1.069400e+02 0
-2.051700e+00 4.339500e+00 2.860400e+00 -8.010300e-01 161 40 1.058900e+01 2.900000e+00 3.712000e+02 1.637000e+01 0
-2.401500e+00 4.735700e+00 2.052000e+00 -8.010300e-01 164 40 1.053800e+01 2.900000e+00 3.517200e+02 1.448400e+02 0
-2.461000e+00 4.535000e+00 2.486100e+00 -8.010300e-01 165 40 1.093100e+01 2.900000e+00 3.295500e+02 7.964200e+01 0
-2.521000e+00 4.544400e+00 2.489600e+00 -8.010300e-01 166 40 1.122200e+01 2.900000e+00 3.222800e+02 7.987400e+01 0
-2.491000e+00 4.791900e+00 2.107300e+00 -8.010300e-01 167 40 1.156700e+01 2.900000e+00 3.443300e+02 1.406700e+02 0
-2.506000e+00 4.962300e+00 1.763400e+00 -8.010300e-01 168 40 1.165600e+01 2.900000e+00 3.538600e+02 1.889600e+02 0
-2.566900e+00 5.077500e+00 -4.586600e-01 -8.010300e-01 169 40 1.129500e+01 2.900000e+00 3.517600e+02 4.563500e+02 0
-2.990900e+00 5.248500e+00 -4.690500e-01 -8.010300e-01 175 40 1.256900e+01 2.900000e+00 3.126500e+02 4.541900e+02 0
-2.912500e+00 5.352300e+00 -4.753600e-01 -8.010300e-01 176 40 1.363000e+01 2.900000e+00 3.290900e+02 4.531800e+02 0
-2.785100e+00 5.477600e+00 -4.829800e-01 -8.010300e-01 177 40 1.427000e+01 2.900000e+00 3.518600e+02 4.520200e+02 0
-2.704400e+00 5.558300e+00 -4.878900e-01 -8.010300e-01 178 40 1.441900e+01 2.900000e+00 3.658600e+02 4.513000e+02 0
-2.671100e+00 5.613200e+00 -4.912200e-01 -8.010300e-01 179 40 1.396900e+01 2.900000e+00 3.727600e+02 4.508100e+02 0
-2.686100e+00 5.643700e+00 -4.930800e-01 -8.010300e-01 180 40 1.265300e+01 2.900000e+00 3.728300e+02 4.505200e+02 0
-2.796000e+00 5.469000e+00 1.765500e+00 -8.010300e-01 184 40 1.315900e+01 2.900000e+00 3.523000e+02 2.047300e+02 0
-2.961900e+00 5.513600e+00 -4.851700e-01 -8.010300e-01 185 40 1.360100e+01 2.900000e+00 3.341500e+02 4.515600e+02 0
-2.877100e+00 5.359800e+00 2.176600e+00 -8.010300e-01 186 40 1.308400e+01 2.900000e+00 3.367000e+02 1.564900e+02 0
-2.689600e+00 5.623000e+00 1.828200e+00 -8.010300e-01 187 40 1.294300e+01 2.900000e+00 3.731200e+02 2.022700e+02 0
-2.653100e+00 5.368300e+00 2.606100e+00 -8.010300e-01 188 40 1.299800e+01 2.900000e+00 3.630800e+02 1.096600e+02 0
-2.783000e+00 6.314900e+00 -5.338800e-01 -8.010300e-01 201 40 1.274700e+01 2.900000e+00 3.972900e+02 445 0
-2.796900e+00 6.186500e+00 1.783100e+00 -8.010300e-01 202 40 1.292200e+01 2.900000e+00 3.911500e+02 2.209700e+02 0
-2.769300e+00 6.061900e+00 2.417500e+00 -8.010300e-01 204 40 1.292900e+01 2.900000e+00 3.882400e+02 1.563000e+02 0
-2.605100e+00 6.872700e+00 1.847100e+00 -8.010300e-01 218 40 1.325400e+01 2.900000e+00 4.381100e+02 2.291800e+02 0
-2.606400e+00 7.159600e+00 2.856600e+00 -8.010300e-01 234 40 1.323700e+01 2.900000e+00 4.482700e+02 1.509500e+02 0
-2.745300e+00 7.028900e+00 3.136800e+00 -8.010300e-01 235 40 1.343100e+01 2.900000e+00 4.317700e+02 1.238400e+02 0
-2.483400e+00 7.747700e+00 2.759200e+00 -8.010300e-01 247 40 1.413200e+01 2.900000e+00 4.763300e+02 1.739900e+02 0
-2.493500e+00 7.650300e+00 3.108800e+00 -8.010300e-01 248 40 1.462900e+01 2.900000e+00 4.728100e+02 1.447100e+02 0
-2.638900e+00 7.616400e+00 3.168400e+00 -8.010300e-01 249 40 1.433500e+01 2.900000e+00 4.601200e+02 1.392900e+02 0
-2.259900e+00 7.925000e+00 2.987500e+00 -8.010300e-01 252 40 1.269300e+01 2.900000e+00 4.984900e+02 1.609400e+02 0
-2.543900e+00 7.704400e+00 3.409200e+00 -8.010300e-01 253 40 1.421200e+01 2.900000e+00 4.703100e+02 1.233400e+02 0
-2.692100e+00 7.669700e+00 3.463600e+00 -8.010300e-01 254 40 1.450900e+01 2.900000e+00 4.574800e+02 1.182700e+02 0
-2.841300e+00 7.421600e+00 3.941100e+00 -8.010300e-01 255 40 1.371400e+01 2.900000e+00 4.375800e+02 7.295200e+01 0
-1.473300e+00 8.085000e+00 4.623100e+00 -8.010300e-01 271 40 1.318000e+01 2.900000e+00 5.618700e+02 4.535900e+01 0
-1.404800e+00 8.164000e+00 4.576800e+00 -8.010300e-01 272 40 1.330400e+01 2.900000e+00 5.683100e+02 5.158300e+01 0
-1.261600e+00 8.407100e+00 4.238300e+00 -8.010300e-01 273 40 1.304200e+01 2.900000e+00 5.825500e+02 8.378800e+01 0
-1.266200e+00 8.639000e+00 3.829200e+00 -8.010300e-01 274 40 1.295400e+01 2.900000e+00 5.853500e+02 1.189800e+02 0
-1.345600e+00 8.818700e+00 3.461900e+00 -8.010300e-01 275 40 1.267000e+01 2.900000e+00 5.821000e+02 1.485200e+02 0
-2.410500e+00 8.500200e+00 4.582600e+00 -8.010300e-01 286 40 1.246200e+01 2.900000e+00 5.003600e+02 6.430400e+01 0
-2.184900e+00 8.863900e+00 4.052100e+00 -8.010300e-01 287 40 1.225100e+01 2.900000e+00 5.238400e+02 1.110300e+02 0
-6.308000e-01 8.581200e+00 5.275500e+00 -8.010300e-01 290 40 1.199300e+01 2.900000e+00 6.296500e+02 1.795200e+01 0
-8.976400e-02 9.309600e+00 6.733400e+00 -8.010300e-01 330 40 1.155000e+01 2.900000e+00 6.694400e+02 -4.733300e+01 0
-9.003700e-02 9.209100e+00 6.928400e+00 -8.010300e-01 331 40 1.195300e+01 2.900000e+00 669 -6.391000e+01 0
-3.612400e-01 9.356500e+00 6.778600e+00 -8.010300e-01 332 40 1.206900e+01 2.900000e+00 6.515800e+02 -4.774800e+01 0
-4.529100e-01 9.738400e+00 6.276300e+00 -8.010300e-01 333 40 1.196700e+01 2.900000e+00 6.477200e+02 -2.052200e+00 0
-3.819700e+00 1.006700e+01 5.786100e+00 -8.010300e-01 351 40 1.220200e+01 2.900000e+00 4.441000e+02 4.131000e+01 0
-3.543400e+00 9.993100e+00 6.151600e+00 -8.010300e-01 352 40 1.256400e+01 2.900000e+00 4.591600e+02 1.762600e+01 0
-3.073300e+00 1.011400e+01 6.275900e+00 -8.010300e-01 353 40 1.256600e+01 2.900000e+00 4.901600e+02 1.401700e+01 0
-2.504100e+00 1.034400e+01 6.221700e+00 -8.010300e-01 354 40 1.218400e+01 2.900000e+00 5.281900e+02 2.399500e+01 0
-4.668800e+00 1.134800e+01 4.267800e+00 -8.010300e-01 373 40 1.328800e+01 2.900000e+00 4.256400e+02 1.552200e+02 0
-2.597400e+00 3.969300e+00 -3.912900e-01 -7.689800e-01 141 41 1.151900e+01 2.900000e+00 2.517500e+02 4.723000e+02 0
-2.616000e+00 4.003000e+00 -3.933400e-01 -7.689800e-01 142 41 1.233500e+01 2.900000e+00 2.525900e+02 4.716700e+02 0
-2.712000e+00 4.020300e+00 -3.943900e-01 -7.689800e-01 143 41 1.224100e+01 2.900000e+00 2.397100e+02 4.712600e+02 0
-2.887200e+00 4.037300e+00 -3.954300e-01 -7.689800e-01 144 41 1.116700e+01 2.900000e+00 2.148300e+02 4.707700e+02 0
-2.318000e+00 4.148300e+00 1.645700e+00 -7.689800e-01 145 41 1.088600e+01 2.900000e+00 3.160500e+02 1.722100e+02 0
-2.452800e+00 4.219800e+00 -4.065200e-01 -7.689800e-01 146 41 1.239200e+01 2.900000e+00 2.991900e+02 4.681000e+02 0
-2.469700e+00 4.241300e+00 -4.078200e-01 -7.689800e-01 147 41 1.263200e+01 2.900000e+00 2.987100e+02 4.677300e+02 0
-2.486600e+00 4.240600e+00 -4.077800e-01 -7.689800e-01 148 41 1.195000e+01 2.900000e+00 2.961700e+02 4.677300e+02 0
-2.169100e+00 4.533200e+00 2.362000e+00 -7.689800e-01 160 41 1.175600e+01 2.900000e+00 3.683900e+02 9.494000e+01 0
-2.226400e+00 4.605500e+00 2.248400e+00 -7.689800e-01 161 41 1.136400e+01 2.900000e+00 3.656800e+02 1.135700e+02 0
-2.401500e+00 4.617400e+00 2.305900e+00 -7.689800e-01 164 41 1.174100e+01 2.900000e+00 3.434700e+02 1.071900e+02 0
-2.371500e+00 4.535300e+00 2.571100e+00 -7.689800e-01 165 41 1.236800e+01 2.900000e+00 3.416400e+02 6.857600e+01 0
-2.341000e+00 4.608300e+00 2.547300e+00 -7.689800e-01 166 41 1.273800e+01 2.900000e+00 3.510700e+02 7.605400e+01 0
-2.445700e+00 4.815600e+00 2.106400e+00 -7.689800e-01 167 41 1.321500e+01 2.900000e+00 3.517400e+02 1.417800e+02 0
-2.597100e+00 4.953800e+00 1.652000e+00 -7.689800e-01 168 41 1.350000e+01 2.900000e+00 3.419100e+02 2.020600e+02 0
-2.841900e+00 5.042300e+00 -4.565200e-01 -7.689800e-01 169 41 1.336500e+01 2.900000e+00 3.154600e+02 4.565500e+02 0
-3.089300e+00 5.028600e+00 -4.556900e-01 -7.689800e-01 170 41 1.310500e+01 2.900000e+00 2.839400e+02 4.565200e+02 0
-3.061200e+00 5.073900e+00 -4.584400e-01 -7.689800e-01 171 41 1.270900e+01 2.900000e+00 2.910100e+02 4.560300e+02 0
-2.768800e+00 5.246700e+00 -4.689400e-01 -7.689800e-01 173 41 1.339500e+01 2.900000e+00 3.388100e+02 4.543600e+02 0
-2.926500e+00 5.229800e+00 -4.679100e-01 -7.689800e-01 174 41 1.378700e+01 2.900000e+00 3.189300e+02 4.544300e+02 0
-2.990900e+00 5.260000e+00 -4.697600e-01 -7.689800e-01 175 41 1.395500e+01 2.900000e+00 3.134800e+02 4.540700e+02 0
-3.055800e+00 5.291300e+00 -4.716600e-01 -7.689800e-01 176 41 1.423900e+01 2.900000e+00 3.081100e+02 4.537000e+02 0
-3.025200e+00 5.348200e+00 -4.751100e-01 -7.689800e-01 177 41 1.422000e+01 2.900000e+00 3.157300e+02 4.531400e+02 0
-3.171200e+00 5.714000e+00 2.151000e+00 -7.689800e-01 198 41 1.340800e+01 2.900000e+00 3.269700e+02 1.718800e+02 0
-3.241300e+00 5.748600e+00 2.064500e+00 -7.689800e-01 199 41 1.328700e+01 2.900000e+00 3.216100e+02 1.819200e+02 0
-3.094800e+00 5.915300e+00 1.931500e+00 -7.689800e-01 200 41 1.324300e+01 2.900000e+00 3.468400e+02 2.000100e+02 0
-2.946700e+00 5.993100e+00 2.046000e+00 -7.689800e-01 201 41 1.322000e+01 2.900000e+00 3.664500e+02 1.906700e+02 0
-2.851700e+00 6.003300e+00 2.258900e+00 -7.689800e-01 202 41 1.294600e+01 2.900000e+00 3.768200e+02 1.699700e+02 0
-2.824700e+00 6.186900e+00 2.000900e+00 -7.689800e-01 204 41 1.272600e+01 2.900000e+00 3.885500e+02 2.001400e+02 0
-2.838600e+00 6.249600e+00 1.908200e+00 -7.689800e-01 205 41 1.286300e+01 2.900000e+00 3.901300e+02 2.105200e+02 0
-2.964400e+00 6.274000e+00 1.762100e+00 -7.689800e-01 206 41 1.224700e+01 2.900000e+00 3.789000e+02 225 0
-2.635600e+00 6.614200e+00 1.758400e+00 -7.689800e-01 211 41 1.180700e+01 2.900000e+00 4.254100e+02 2.320700e+02 0
-8.051500e-01 6.258000e+00 4.799600e+00 -7.689800e-01 228 41 1.221900e+01 2.900000e+00 5.899100e+02 -6.209200e+01 0
-6.842800e-01 6.111200e+00 5.058300e+00 -7.689800e-01 229 41 12 2.900000e+00 5.994300e+02 -9.661100e+01 0
-2.560900e+00 7.409500e+00 3.598700e+00 -7.689800e-01 248 41 1.387400e+01 2.900000e+00 4.602500e+02 9.910400e+01 0
-2.638900e+00 7.532000e+00 3.364300e+00 -7.689800e-01 249 41 1.397300e+01 2.900000e+00 4.575800e+02 1.215800e+02 0
-2.785400e+00 7.846700e+00 2.507900e+00 -7.689800e-01 250 41 1.292100e+01 2.900000e+00 4.552800e+02 1.954700e+02 0
-2.681500e+00 7.838500e+00 2.969700e+00 -7.689800e-01 253 41 1.279300e+01 2.900000e+00 4.632500e+02 1.604300e+02 0
-2.761100e+00 7.702900e+00 3.333100e+00 -7.689800e-01 254 41 1.331700e+01 2.900000e+00 4.529700e+02 1.292900e+02 0
-2.841300e+00 7.437100e+00 3.911900e+00 -7.689800e-01 255 41 1.284000e+01 2.900000e+00 4.380900e+02 7.581600e+01 0
-2.837500e+00 6.953600e+00 5.103200e+00 -7.689800e-01 261 41 1.191400e+01 2.900000e+00 4.215700e+02 -4.220100e+01 0
-2.919600e+00 6.787100e+00 5.337900e+00 -7.689800e-01 262 41 1.258300e+01 2.900000e+00 4.079400e+02 -7.132000e+01 0
-3.288200e+00 5.786500e+00 6.278900e+00 -7.689800e-01 263 41 1.157600e+01 2.900000e+00 3.237700e+02 -2.327600e+02 0
-1.937400e+00 6.426100e+00 6.270000e+00 -7.689800e-01 264 41 1.178100e+01 2.900000e+00 4.847000e+02 -1.790500e+02 0
-2.088800e+00 6.305200e+00 6.394100e+00 -7.689800e-01 265 41 1.166100e+01 2.900000e+00 4.664200e+02 -1.996400e+02 0
-2.634500e+00 8.063100e+00 5.139700e+00 -7.689800e-01 285 41 1.146400e+01 2.900000e+00 4.731900e+02 8.867300e+00 0
-2.643800e+00 8.223800e+00 4.944100e+00 -7.689800e-01 286 41 1.204400e+01 2.900000e+00 4.766900e+02 2.933600e+01 0
-2.575000e+00 8.391900e+00 4.765100e+00 -7.689800e-01 287 41 1.169200e+01 2.900000e+00 4.859200e+02 4.810300e+01 0
-4.681900e+00 9.092000e+00 5.313600e+00 -7.689800e-01 331 41 1.150700e+01 2.900000e+00 3.608200e+02 3.895000e+01 0
-5.723900e+00 1.006000e+01 -7.615200e-01 -7.689800e-01 334 41 1.136100e+01 2.900000e+00 3.255400e+02 4.270900e+02 0
-5.923300e+00 1.000300e+01 -7.580600e-01 -7.689800e-01 335 41 1.165500e+01 2.900000e+00 3.111800e+02 4.272000e+02 0
-5.849700e+00 1.001800e+01 1.517100e+00 -7.689800e-01 336 41 1.193000e+01 2.900000e+00 3.178200e+02 2.907800e+02 0
-5.592100e+00 1.002100e+01 2.449100e+00 -7.689800e-01 337 41 1.222300e+01 2.900000e+00 3.342000e+02 2.356200e+02 0
-5.516800e+00 9.868900e+00 3.268300e+00 -7.689800e-01 338 41 1.230500e+01 2.900000e+00 3.339300e+02 1.848500e+02 0
-5.717600e+00 9.699600e+00 3.544400e+00 -7.689800e-01 339 41 1.198700e+01 2.900000e+00 3.154700e+02 1.653000e+02 0
-4.340900e+00 1.050500e+01 6.145900e+00 -7.689800e-01 371 41 1.253200e+01 2.900000e+00 4.241400e+02 3.499300e+01 0
-4.453800e+00 1.088000e+01 5.447100e+00 -7.689800e-01 372 41 1.305100e+01 2.900000e+00 4.266900e+02 8.319900e+01 0
-4.668800e+00 1.104400e+01 5.000600e+00 -7.689800e-01 373 41 1.307500e+01 2.900000e+00 4.186300e+02 1.109200e+02 0
-4.783100e+00 1.126100e+01 4.471900e+00 -7.689800e-01 374 41 1.233800e+01 2.900000e+00 4.174800e+02 1.431200e+02 0
-3.987500e+00 1.087400e+01 7.493200e+00 -7.689800e-01 396 41 1.151500e+01 2.900000e+00 4.528800e+02 -2.584800e+01 0
-4.024400e-01 7.625300e-01 -1.963500e-01 -7.369400e-01 26 42 9.133100e+00 2.900000e+00 1.741100e+02 8.206800e+02 0
-2.503000e+00 3.968400e+00 -3.912400e-01 -7.369400e-01 140 42 1.074200e+01 2.900000e+00 2.663900e+02 4.724200e+02 0
-2.597400e+00 3.931500e+00 -3.889900e-01 -7.369400e-01 141 42 1.275800e+01 2.900000e+00 2.475100e+02 4.730100e+02 0
-2.654400e+00 3.950000e+00 -3.901200e-01 -7.369400e-01 142 42 1.379300e+01 2.900000e+00 2.406600e+02 4.726000e+02 0
-2.750800e+00 3.962700e+00 -3.908900e-01 -7.369400e-01 143 42 1.394200e+01 2.900000e+00 2.270800e+02 4.722600e+02 0
-2.848200e+00 4.006200e+00 -3.935400e-01 -7.369400e-01 144 42 1.309600e+01 2.900000e+00 2.171400e+02 4.713700e+02 0
-2.593100e+00 4.184400e+00 -4.043700e-01 -7.369400e-01 145 42 1.230700e+01 2.900000e+00 2.750600e+02 4.685500e+02 0
-2.531900e+00 4.178200e+00 -4.039900e-01 -7.369400e-01 146 42 1.317800e+01 2.900000e+00 2.835100e+02 4.687100e+02 0
-2.469700e+00 4.212600e+00 -4.060800e-01 -7.369400e-01 147 42 1.306700e+01 2.900000e+00 2.960200e+02 4.682000e+02 0
-2.987600e+00 4.123300e+00 -4.006500e-01 -7.369400e-01 151 42 1.292200e+01 2.900000e+00 2.097600e+02 4.691800e+02 0
-3.048700e+00 4.138100e+00 -4.015500e-01 -7.369400e-01 152 42 1.272400e+01 2.900000e+00 2.023800e+02 4.688800e+02 0
-3.241300e+00 4.761600e+00 -4.394600e-01 -7.369400e-01 166 42 1.281000e+01 2.900000e+00 2.414000e+02 4.596200e+02 0
-3.306300e+00 4.748900e+00 -4.386900e-01 -7.369400e-01 167 42 1.400200e+01 2.900000e+00 2.317800e+02 4.597300e+02 0
-3.280600e+00 4.793900e+00 -4.414200e-01 -7.369400e-01 168 42 1.429200e+01 2.900000e+00 2.393700e+02 4.591800e+02 0
-3.208600e+00 4.893100e+00 -4.474500e-01 -7.369400e-01 169 42 1.402800e+01 2.900000e+00 2.576000e+02 4.580200e+02 0
-3.181600e+00 4.969800e+00 -4.521100e-01 -7.369400e-01 170 42 1.374200e+01 2.900000e+00 2.676500e+02 4.571300e+02 0
-3.154000e+00 5.007400e+00 -4.544000e-01 -7.369400e-01 171 42 1.377400e+01 2.900000e+00 2.742300e+02 4.567200e+02 0
-3.172600e+00 4.949100e+00 -4.508500e-01 -7.369400e-01 172 42 1.406400e+01 2.900000e+00 267 4.573800e+02 0
-3.097300e+00 5.003000e+00 -4.541300e-01 -7.369400e-01 173 42 1.427200e+01 2.900000e+00 2.808700e+02 4.568100e+02 0
-3.020900e+00 5.049500e+00 -4.569600e-01 -7.369400e-01 174 42 1.411900e+01 2.900000e+00 2.940200e+02 4.563400e+02 0
-3.241300e+00 5.291000e+00 -4.716400e-01 -7.369400e-01 181 42 1.401500e+01 2.900000e+00 2.863800e+02 4.535800e+02 0
-3.259300e+00 5.331700e+00 -4.741100e-01 -7.369400e-01 182 42 1.408000e+01 2.900000e+00 2.873900e+02 4.531500e+02 0
-3.652200e+00 5.393500e+00 1.863900e+00 -7.369400e-01 195 42 1.323700e+01 2.900000e+00 2.512500e+02 1.926000e+02 0
-3.476000e+00 5.456300e+00 2.236100e+00 -7.369400e-01 197 42 1.302800e+01 2.900000e+00 2.763500e+02 1.543300e+02 0
-3.386200e+00 5.392400e+00 2.605500e+00 -7.369400e-01 198 42 1.376100e+01 2.900000e+00 2.821600e+02 1.118800e+02 0
-3.403400e+00 5.424200e+00 2.609500e+00 -7.369400e-01 199 42 1.387100e+01 2.900000e+00 2.826000e+02 1.129000e+02 0
-3.312000e+00 5.544500e+00 2.566800e+00 -7.369400e-01 200 42 1.334700e+01 2.900000e+00 3.011700e+02 1.225100e+02 0
-2.946700e+00 5.718500e+00 2.720700e+00 -7.369400e-01 201 42 1.247000e+01 2.900000e+00 3.517000e+02 1.134300e+02 0
-3.345300e+00 6.006200e+00 -5.151100e-01 -7.369400e-01 202 42 1.259700e+01 2.900000e+00 3.239000e+02 4.470500e+02 0
-3.637500e+00 5.792900e+00 1.725600e+00 -7.369400e-01 203 42 1.263800e+01 2.900000e+00 2.823900e+02 2.180700e+02 0
-1.906900e+00 6.745200e+00 4.658700e+00 -7.369400e-01 242 42 1.145900e+01 2.900000e+00 4.971000e+02 -1.815600e+01 0
-2.310900e+00 6.708900e+00 4.590900e+00 -7.369400e-01 243 42 1.207500e+01 2.900000e+00 4.593900e+02 -1.362200e+01 0
-2.386800e+00 6.853100e+00 4.399600e+00 -7.369400e-01 244 42 1.165200e+01 2.900000e+00 4.574100e+02 1.027700e+01 0
-2.755900e+00 7.788700e+00 3.681700e+00 -7.369400e-01 260 42 1.183000e+01 2.900000e+00 4.560100e+02 1.055800e+02 0
-2.979400e+00 7.078700e+00 4.843800e+00 -7.369400e-01 261 42 1.328200e+01 2.900000e+00 4.140100e+02 -1.404700e+01 0
-3.062100e+00 6.990400e+00 4.984100e+00 -7.369400e-01 262 42 1.377400e+01 2.900000e+00 4.035100e+02 -3.000200e+01 0
-3.145300e+00 7.281100e+00 4.562200e+00 -7.369400e-01 263 42 1.304700e+01 2.900000e+00 4.076300e+02 1.857600e+01 0
-2.232900e+00 4.833700e+00 7.526900e+00 -7.369400e-01 265 42 1.126800e+01 2.900000e+00 3.843200e+02 -4.877100e+02 0
-3.829600e+00 9.400500e+00 4.590800e+00 -7.369400e-01 320 42 1.127300e+01 2.900000e+00 4.260800e+02 9.292200e+01 0
-4.190800e+00 9.521600e+00 4.082600e+00 -7.369400e-01 321 42 1.146600e+01 2.900000e+00 4.061500e+02 1.276600e+02 0
-5.443700e+00 8.734900e+00 6.196300e+00 -7.369400e-01 345 42 1.280500e+01 2.900000e+00 2.961800e+02 -3.051300e+01 0
-4.800600e+00 9.212400e+00 6.103500e+00 -7.369400e-01 346 42 1.256600e+01 2.900000e+00 3.576900e+02 -6.028100e+00 0
-4.436900e+00 9.533100e+00 5.953400e+00 -7.369400e-01 347 42 1.244700e+01 2.900000e+00 3.914900e+02 1.452100e+01 0
-4.828400e+00 9.716500e+00 5.397400e+00 -7.369400e-01 348 42 1.280900e+01 2.900000e+00 3.724500e+02 5.421300e+01 0
-5.032200e+00 9.894100e+00 4.948300e+00 -7.369400e-01 349 42 1.277100e+01 2.900000e+00 3.653900e+02 8.599400e+01 0
-4.692500e+00 9.592400e+00 6.018800e+00 -7.369400e-01 352 42 1.187400e+01 2.900000e+00 3.772600e+02 1.297100e+01 0
-5.036600e+00 1.007900e+01 5.171400e+00 -7.369400e-01 356 42 1.158700e+01 2.900000e+00 3.710700e+02 7.809200e+01 0
-5.050800e+00 1.055100e+01 4.211700e+00 -7.369400e-01 357 42 1.170600e+01 2.900000e+00 3.838800e+02 1.433600e+02 0
-5.065000e+00 1.099300e+01 2.992100e+00 -7.369400e-01 358 42 1.139600e+01 2.900000e+00 3.948300e+02 2.171600e+02 0
-3.994400e-01 7.203100e-01 -1.937900e-01 -7.049000e-01 25 43 9.411700e+00 2.900000e+00 1.436500e+02 8.477500e+02 0
-4.160800e-01 7.454300e-01 -1.953100e-01 -7.049000e-01 26 43 1.006100e+01 2.900000e+00 1.488200e+02 8.308900e+02 0
-4.398200e-01 7.642500e-01 -1.964600e-01 -7.049000e-01 27 43 9.678000e+00 2.900000e+00 1.425800e+02 8.188100e+02 0
-2.597400e+00 3.868000e+00 -3.851300e-01 -7.049000e-01 141 43 1.234800e+01 2.900000e+00 2.402100e+02 4.742200e+02 0
-2.692900e+00 3.895900e+00 -3.868300e-01 -7.049000e-01 142 43 1.357300e+01 2.900000e+00 2.282900e+02 4.735800e+02 0
-2.750800e+00 3.939300e+00 -3.894700e-01 -7.049000e-01 143 43 1.383700e+01 2.900000e+00 2.243300e+02 4.727000e+02 0
-2.809100e+00 3.989400e+00 -3.925100e-01 -7.049000e-01 144 43 1.320900e+01 2.900000e+00 2.211700e+02 4.717100e+02 0
-2.750200e+00 4.079300e+00 -3.979800e-01 -7.049000e-01 145 43 1.253000e+01 2.900000e+00 2.404600e+02 4.701800e+02 0
-2.690200e+00 4.087100e+00 -3.984600e-01 -7.049000e-01 146 43 1.229800e+01 2.900000e+00 2.504100e+02 4.701000e+02 0
-3.080100e+00 4.385700e+00 -4.166000e-01 -7.049000e-01 160 43 1.349400e+01 2.900000e+00 2.255400e+02 4.649200e+02 0
-3.556400e+00 4.515200e+00 -4.244800e-01 -7.049000e-01 166 43 1.499300e+01 2.900000e+00 1.740500e+02 4.626400e+02 0
-3.578000e+00 4.560800e+00 -4.272500e-01 -7.049000e-01 167 43 1.567600e+01 2.900000e+00 1.763000e+02 4.619900e+02 0
-3.599600e+00 4.588200e+00 -4.289100e-01 -7.049000e-01 168 43 1.544800e+01 2.900000e+00 1.764800e+02 4.616000e+02 0
-3.529400e+00 4.680300e+00 -4.345100e-01 -7.049000e-01 169 43 1.438500e+01 2.900000e+00 1.957500e+02 4.604300e+02 0
-3.319900e+00 4.836700e+00 -4.440200e-01 -7.049000e-01 170 43 1.367300e+01 2.900000e+00 2.383600e+02 4.586200e+02 0
-3.339500e+00 4.817500e+00 -4.428500e-01 -7.049000e-01 171 43 1.424300e+01 2.900000e+00 2.340500e+02 4.588400e+02 0
-3.405800e+00 4.762100e+00 -4.394900e-01 -7.049000e-01 172 43 1.451800e+01 2.900000e+00 2.201800e+02 4.594800e+02 0
-3.425800e+00 4.759700e+00 -4.393400e-01 -7.049000e-01 173 43 1.441500e+01 2.900000e+00 2.173700e+02 4.594900e+02 0
-3.398500e+00 4.774200e+00 -4.402200e-01 -7.049000e-01 174 43 1.407800e+01 2.900000e+00 2.223200e+02 4.593300e+02 0
-3.323200e+00 4.673500e+00 2.010200e+00 -7.049000e-01 175 43 1.356300e+01 2.900000e+00 2.277100e+02 1.485500e+02 0
-3.666900e+00 5.358200e+00 1.674400e+00 -7.049000e-01 193 43 1.389000e+01 2.900000e+00 2.464100e+02 2.123200e+02 0
-3.686000e+00 5.317200e+00 1.889600e+00 -7.049000e-01 194 43 1.402400e+01 2.900000e+00 2.412700e+02 1.874300e+02 0
-3.705100e+00 5.385000e+00 1.782100e+00 -7.049000e-01 195 43 1.400900e+01 2.900000e+00 2.444800e+02 2.013200e+02 0
-3.777400e+00 5.432100e+00 1.612300e+00 -7.049000e-01 196 43 1.378200e+01 2.900000e+00 2.399300e+02 2.211400e+02 0
-3.689900e+00 5.514100e+00 1.683300e+00 -7.049000e-01 197 43 1.331500e+01 2.900000e+00 2.562600e+02 2.155200e+02 0
-3.493700e+00 5.354400e+00 2.541100e+00 -7.049000e-01 198 43 1.333300e+01 2.900000e+00 2.671200e+02 1.172900e+02 0
-3.349400e+00 5.291600e+00 2.931800e+00 -7.049000e-01 199 43 1.329900e+01 2.900000e+00 2.792600e+02 7.144400e+01 0
-3.838800e+00 5.725000e+00 -4.980200e-01 -7.049000e-01 202 43 1.253900e+01 2.900000e+00 2.526500e+02 4.491100e+02 0
-3.913000e+00 5.645800e+00 1.605900e+00 -7.049000e-01 203 43 1.273500e+01 2.900000e+00 2.421600e+02 2.271000e+02 0
-3.655500e+00 5.462500e+00 2.656900e+00 -7.049000e-01 204 43 1.239600e+01 2.900000e+00 2.576700e+02 1.099000e+02 0
-3.506500e+00 5.049200e+00 3.600800e+00 -7.049000e-01 205 43 1.248200e+01 2.900000e+00 2.426600e+02 -1.769700e+01 0
-3.523700e+00 5.197500e+00 3.438700e+00 -7.049000e-01 206 43 1.233400e+01 2.900000e+00 2.527700e+02 1.059100e+01 0
-3.013200e+00 6.650900e+00 4.850200e+00 -7.049000e-01 252 43 1.150400e+01 2.900000e+00 3.935900e+02 -3.788600e+01 0
-3.231500e+00 6.948500e+00 4.327500e+00 -7.049000e-01 253 43 1.136700e+01 2.900000e+00 3.867700e+02 2.224800e+01 0
-2.899200e+00 7.591100e+00 3.469500e+00 -7.049000e-01 254 43 1.129900e+01 2.900000e+00 4.384000e+02 1.155600e+02 0
-2.979400e+00 6.690100e+00 5.367800e+00 -7.049000e-01 261 43 1.277500e+01 2.900000e+00 3.985900e+02 -7.979100e+01 0
-3.062100e+00 6.630400e+00 5.453900e+00 -7.049000e-01 262 43 1.321800e+01 2.900000e+00 3.886000e+02 -9.080400e+01 0
-3.216800e+00 6.727900e+00 5.301700e+00 -7.049000e-01 263 43 1.239700e+01 2.900000e+00 3.789600e+02 -7.133600e+01 0
-3.664800e+00 7.325600e+00 6.074200e+00 -7.049000e-01 293 43 1.105200e+01 2.900000e+00 3.674100e+02 -9.636200e+01 0
-3.277600e+00 7.807500e+00 5.744900e+00 -7.049000e-01 294 43 1.129000e+01 2.900000e+00 4.164400e+02 -4.580300e+01 0
-5.762300e+00 8.693400e+00 4.013900e+00 -7.049000e-01 321 43 1.196600e+01 2.900000e+00 2.704400e+02 1.119600e+02 0
-5.569200e+00 8.264200e+00 5.359100e+00 -7.049000e-01 325 43 1.187300e+01 2.900000e+00 2.646500e+02 5.828000e+00 0
-5.725200e+00 9.221800e+00 5.148500e+00 -7.049000e-01 345 43 1.168500e+01 2.900000e+00 2.972600e+02 5.473600e+01 0
-4.828400e+00 8.909000e+00 6.646200e+00 -7.049000e-01 348 43 1.136400e+01 2.900000e+00 3.451500e+02 -5.270000e+01 0
-5.317100e+00 9.279300e+00 5.772800e+00 -7.049000e-01 349 43 1.131200e+01 2.900000e+00 3.264400e+02 1.752800e+01 0
-4.433600e-01 7.476400e-01 -1.954500e-01 -6.728600e-01 26 44 1.004800e+01 2.900000e+00 1.261000e+02 8.288600e+02 0
-4.611000e-01 7.702000e-01 -1.968200e-01 -6.728600e-01 27 44 9.869500e+00 2.900000e+00 1.287200e+02 8.148300e+02 0
-2.411900e+00 2.724100e+00 3.053000e+00 -6.728600e-01 137 44 1.044700e+01 2.900000e+00 1.116400e+02 -2.168200e+02 0
-2.429600e+00 3.159900e+00 2.646300e+00 -6.728600e-01 138 44 1.070700e+01 2.900000e+00 1.835500e+02 -6.763200e+01 0
-2.673300e+00 3.248300e+00 2.351300e+00 -6.728600e-01 139 44 9.966900e+00 2.900000e+00 1.511900e+02 -3.646400e+00 0
-2.712000e+00 3.462800e+00 2.135100e+00 -6.728600e-01 141 44 1.066400e+01 2.900000e+00 1.761900e+02 5.427100e+01 0
-2.692900e+00 3.714000e+00 1.789500e+00 -6.728600e-01 142 44 1.181700e+01 2.900000e+00 2.121800e+02 1.285200e+02 0
-2.712000e+00 3.820400e+00 1.625600e+00 -6.728600e-01 143 44 1.206600e+01 2.900000e+00 2.217700e+02 1.599900e+02 0
-2.692100e+00 3.830100e+00 1.738800e+00 -6.728600e-01 144 44 1.191400e+01 2.900000e+00 2.263900e+02 1.431400e+02 0
-2.710900e+00 3.731100e+00 2.005100e+00 -6.728600e-01 145 44 1.173400e+01 2.900000e+00 2.120600e+02 9.594000e+01 0
-2.690200e+00 3.422400e+00 2.587000e+00 -6.728600e-01 146 44 1.142900e+01 2.900000e+00 1.757400e+02 -2.504900e+01 0
-2.820100e+00 4.069400e+00 1.914700e+00 -6.728600e-01 153 44 1.275900e+01 2.900000e+00 2.346400e+02 1.306300e+02 0
-2.941200e+00 4.013300e+00 2.041500e+00 -6.728600e-01 155 44 1.257000e+01 2.900000e+00 2.105800e+02 1.093000e+02 0
-3.171700e+00 4.157300e+00 -4.027200e-01 -6.728600e-01 156 44 1.270600e+01 2.900000e+00 1.864400e+02 4.684400e+02 0
-3.103800e+00 4.071000e+00 2.059200e+00 -6.728600e-01 159 44 1.315200e+01 2.900000e+00 1.933100e+02 1.105600e+02 0
-3.210200e+00 4.229200e+00 1.625400e+00 -6.728600e-01 160 44 1.364300e+01 2.900000e+00 1.951800e+02 1.797500e+02 0
-3.230400e+00 4.241800e+00 1.671600e+00 -6.728600e-01 161 44 1.357800e+01 2.900000e+00 1.938900e+02 1.739300e+02 0
-3.556400e+00 4.495600e+00 -4.232800e-01 -6.728600e-01 166 44 1.489200e+01 2.900000e+00 1.718000e+02 4.629100e+02 0
-3.668600e+00 4.486600e+00 -4.227400e-01 -6.728600e-01 167 44 1.551400e+01 2.900000e+00 1.554800e+02 4.629400e+02 0
-3.736200e+00 4.478100e+00 -4.222200e-01 -6.728600e-01 168 44 1.514400e+01 2.900000e+00 1.452400e+02 463 0
-3.639100e+00 4.603700e+00 -4.298600e-01 -6.728600e-01 172 44 1.409300e+01 2.900000e+00 1.729500e+02 4.613500e+02 0
-3.754300e+00 4.544600e+00 -4.262700e-01 -6.728600e-01 173 44 1.424400e+01 2.900000e+00 1.507600e+02 4.620600e+02 0
-3.776100e+00 4.567000e+00 -4.276200e-01 -6.728600e-01 174 44 1.399600e+01 2.900000e+00 1.504700e+02 4.617400e+02 0
-4.030600e+00 5.022900e+00 -4.553400e-01 -6.728600e-01 188 44 1.374500e+01 2.900000e+00 1.682700e+02 4.559100e+02 0
-4.000900e+00 5.034600e+00 -4.560500e-01 -6.728600e-01 189 44 1.407600e+01 2.900000e+00 1.730900e+02 4.558000e+02 0
-3.919000e+00 5.030300e+00 1.704200e+00 -6.728600e-01 190 44 1.389100e+01 2.900000e+00 1.878600e+02 1.995800e+02 0
-3.991600e+00 4.846900e+00 2.145600e+00 -6.728600e-01 191 44 1.309600e+01 2.900000e+00 1.614800e+02 1.405800e+02 0
-3.960500e+00 5.014200e+00 1.914600e+00 -6.728600e-01 192 44 1.243000e+01 2.900000e+00 1.818300e+02 1.745600e+02 0
-3.719300e+00 5.283600e+00 1.791800e+00 -6.728600e-01 193 44 1.310500e+01 2.900000e+00 2.344800e+02 1.972500e+02 0
-3.738700e+00 5.233000e+00 2.017100e+00 -6.728600e-01 194 44 1.342500e+01 2.900000e+00 2.283600e+02 1.704800e+02 0
-3.758100e+00 5.251100e+00 2.050600e+00 -6.728600e-01 195 44 1.336700e+01 2.900000e+00 2.277700e+02 1.674200e+02 0
-3.830600e+00 5.249800e+00 2.035400e+00 -6.728600e-01 196 44 1.303700e+01 2.900000e+00 2.193000e+02 1.691400e+02 0
-3.244000e+00 5.375100e+00 3.440800e+00 -6.728600e-01 206 44 1.209400e+01 2.900000e+00 298 2.101700e+01 0
-3.091300e+00 4.630300e+00 4.556400e+00 -6.728600e-01 207 44 1.188200e+01 2.900000e+00 2.587000e+02 -1.680600e+02 0
-3.106300e+00 4.212900e+00 4.986200e+00 -6.728600e-01 208 44 1.211100e+01 2.900000e+00 2.168500e+02 -2.741000e+02 0
-3.064500e+00 4.413000e+00 4.888800e+00 -6.728600e-01 209 44 1.226300e+01 2.900000e+00 2.426400e+02 -2.347800e+02 0
-2.965200e+00 4.326900e+00 5.075500e+00 -6.728600e-01 210 44 1.194600e+01 2.900000e+00 2.480100e+02 -2.702400e+02 0
-5.259000e+00 6.972600e+00 2.069200e+00 -6.728600e-01 258 44 1.185300e+01 2.900000e+00 2.100600e+02 2.137900e+02 0
-5.279400e+00 6.829700e+00 2.582100e+00 -6.728600e-01 259 44 1.253200e+01 2.900000e+00 1.992900e+02 1.669400e+02 0
-5.299900e+00 6.768600e+00 2.812700e+00 -6.728600e-01 260 44 1.235300e+01 2.900000e+00 1.935700e+02 1.454500e+02 0
-5.391300e+00 7.010100e+00 2.059100e+00 -6.728600e-01 261 44 1.152000e+01 2.900000e+00 2.012100e+02 2.154900e+02 0
-2.001500e+00 6.085400e+00 -5.199300e-01 -6.728600e-01 263 44 1.128800e+01 2.900000e+00 4.665800e+02 4.471600e+02 0
-6.339700e+00 7.577000e+00 4.759100e+00 -6.728600e-01 315 44 1.175100e+01 2.900000e+00 1.664900e+02 2.104300e+01 0
-5.918400e+00 8.084800e+00 4.870300e+00 -6.728600e-01 320 44 1.203700e+01 2.900000e+00 2.292800e+02 3.318900e+01 0
-6.024300e+00 8.121300e+00 4.758600e+00 -6.728600e-01 321 44 1.208500e+01 2.900000e+00 2.234000e+02 4.260300e+01 0
-5.904500e+00 7.896800e+00 5.479100e+00 -6.728600e-01 324 44 1.095700e+01 2.900000e+00 2.205500e+02 -1.817500e+01 0
-5.657600e+00 8.163200e+00 5.420900e+00 -6.728600e-01 325 44 1.131400e+01 2.900000e+00 2.532000e+02 -2.589400e+00 0
-2.888300e+00 2.926800e+00 2.234200e+00 -6.408200e-01 135 45 1.057200e+01 2.900000e+00 5.008900e+01 -1.853900e+01 0
-3.020300e+00 3.106100e+00 1.859400e+00 -6.408200e-01 136 45 1.062600e+01 2.900000e+00 5.866600e+01 7.219100e+01 0
-3.228200e+00 3.287000e+00 -3.498200e-01 -6.408200e-01 137 45 1.051300e+01 2.900000e+00 4.293200e+01 4.865900e+02 0
-3.289300e+00 3.380400e+00 -3.554900e-01 -6.408200e-01 138 45 1.047800e+01 2.900000e+00 4.973700e+01 4.841100e+02 0
-2.920200e+00 3.358000e+00 1.939300e+00 -6.408200e-01 140 45 1.096400e+01 2.900000e+00 1.228300e+02 7.920800e+01 0
-2.979400e+00 3.507700e+00 1.650500e+00 -6.408200e-01 141 45 1.179700e+01 2.900000e+00 1.351900e+02 1.388400e+02 0
-3.039100e+00 3.446100e+00 1.770800e+00 -6.408200e-01 142 45 1.175700e+01 2.900000e+00 1.156600e+02 1.148100e+02 0
-2.905700e+00 3.372100e+00 2.185900e+00 -6.408200e-01 143 45 1.116600e+01 2.900000e+00 1.287500e+02 3.817200e+01 0
-3.109300e+00 3.571100e+00 2.072400e+00 -6.408200e-01 149 45 1.240500e+01 2.900000e+00 1.247900e+02 7.445500e+01 0
-3.130300e+00 3.611300e+00 2.058500e+00 -6.408200e-01 150 45 1.275400e+01 2.900000e+00 1.273900e+02 7.981500e+01 0
-3.151300e+00 3.402300e+00 2.436300e+00 -6.408200e-01 151 45 1.262300e+01 2.900000e+00 9.195600e+01 -4.323300e-01 0
-4.002500e+00 4.045900e+00 -3.959500e-01 -6.408200e-01 164 45 1.318600e+01 2.900000e+00 4.743700e+01 4.695000e+02 0
-4.116600e+00 3.971800e+00 -3.914400e-01 -6.408200e-01 165 45 1.396900e+01 2.900000e+00 1.820100e+01 4.706800e+02 0
-4.366800e+00 3.756400e+00 -3.783500e-01 -6.408200e-01 166 45 1.351200e+01 2.900000e+00 -5.990300e+01 4.744500e+02 0
-3.781800e+00 4.436900e+00 -4.197200e-01 -6.408200e-01 168 45 1.416500e+01 2.900000e+00 1.339300e+02 4.635500e+02 0
-3.896100e+00 4.371900e+00 -4.157700e-01 -6.408200e-01 169 45 1.433400e+01 2.900000e+00 1.097800e+02 4.644000e+02 0
-3.965400e+00 4.364000e+00 -4.152900e-01 -6.408200e-01 170 45 1.383700e+01 2.900000e+00 9.908000e+01 4.644600e+02 0
-4.225200e+00 4.239100e+00 -4.076900e-01 -6.408200e-01 175 45 1.302100e+01 2.900000e+00 4.466900e+01 4.661200e+02 0
-4.201700e+00 4.276200e+00 -4.099500e-01 -6.408200e-01 176 45 1.318500e+01 2.900000e+00 5.354200e+01 4.655700e+02 0
-4.183700e+00 4.944300e+00 -4.505600e-01 -6.408200e-01 188 45 1.265500e+01 2.900000e+00 1.411400e+02 4.566900e+02 0
-4.103500e+00 4.952000e+00 -4.510300e-01 -6.408200e-01 189 45 1.314900e+01 2.900000e+00 1.518600e+02 4.566600e+02 0
-4.125300e+00 4.835100e+00 1.780500e+00 -6.408200e-01 190 45 1.312400e+01 2.900000e+00 1.426800e+02 1.842000e+02 0
-4.095300e+00 4.785100e+00 2.088200e+00 -6.408200e-01 191 45 1.264900e+01 2.900000e+00 1.417300e+02 1.449300e+02 0
-4.169000e+00 4.811000e+00 1.991800e+00 -6.408200e-01 192 45 1.247800e+01 2.900000e+00 1.352100e+02 1.578000e+02 0
-4.138400e+00 4.869000e+00 2.031400e+00 -6.408200e-01 193 45 1.243300e+01 2.900000e+00 1.455100e+02 1.553900e+02 0
-4.054600e+00 4.905400e+00 2.219700e+00 -6.408200e-01 194 45 1.214500e+01 2.900000e+00 1.601500e+02 1.344600e+02 0
-4.009900e+00 5.246700e+00 2.941600e+00 -6.408200e-01 208 45 1.184500e+01 2.900000e+00 2.004900e+02 6.909600e+01 0
-3.575300e+00 5.124100e+00 3.705000e+00 -6.408200e-01 209 45 1.196300e+01 2.900000e+00 2.412000e+02 -2.380100e+01 0
-3.364400e+00 4.839200e+00 4.305600e+00 -6.408200e-01 210 45 1.197300e+01 2.900000e+00 2.427500e+02 -1.162400e+02 0
-3.437800e+00 4.864100e+00 4.278800e+00 -6.408200e-01 211 45 1.184600e+01 2.900000e+00 2.359800e+02 -1.105900e+02 0
-3.454100e+00 4.799900e+00 4.396500e+00 -6.408200e-01 212 45 1.150500e+01 2.900000e+00 2.283700e+02 -1.303300e+02 0
-4.145500e+00 5.377100e+00 3.123400e+00 -6.408200e-01 215 45 1.155900e+01 2.900000e+00 1.973800e+02 5.671800e+01 0
-5.399200e+00 6.737000e+00 2.453000e+00 -6.408200e-01 258 45 1.209300e+01 2.900000e+00 1.818500e+02 1.755900e+02 0
-5.349800e+00 6.628400e+00 2.937300e+00 -6.408200e-01 259 45 1.294000e+01 2.900000e+00 1.790800e+02 1.301900e+02 0
-5.370500e+00 6.583600e+00 3.102800e+00 -6.408200e-01 260 45 1.289300e+01 2.900000e+00 1.741500e+02 1.141700e+02 0
-5.320300e+00 6.796700e+00 2.818800e+00 -6.408200e-01 261 45 1.212300e+01 2.900000e+00 1.937800e+02 1.458200e+02 0
-1.780300e+00 7.427900e+00 -6.015400e-01 -6.408200e-01 262 45 1.144700e+01 2.900000e+00 5.265000e+02 4.385200e+02 0
-1.858600e+00 7.943200e+00 -6.328600e-01 -6.408200e-01 263 45 1.144300e+01 2.900000e+00 5.311600e+02 4.359200e+02 0
-2.080900e+00 8.268300e+00 -6.526200e-01 -6.408200e-01 264 45 1.118700e+01 2.900000e+00 5.205900e+02 4.343800e+02 0
-6.740500e+00 6.912100e+00 4.499600e+00 -6.408200e-01 306 45 1.133500e+01 2.900000e+00 8.372200e+01 1.169400e+01 0
-6.030800e+00 8.300800e+00 3.110400e+00 -6.408200e-01 308 45 1.150000e+01 2.900000e+00 2.306900e+02 1.638700e+02 0
-6.134500e+00 8.116100e+00 3.492300e+00 -6.408200e-01 309 45 1.170100e+01 2.900000e+00 2.133600e+02 1.322900e+02 0
-6.491600e+00 7.422600e+00 4.383600e+00 -6.408200e-01 310 45 1.155400e+01 2.900000e+00 1.432800e+02 4.325600e+01 0
-6.597200e+00 7.310400e+00 4.499100e+00 -6.408200e-01 311 45 1.178700e+01 2.900000e+00 1.269400e+02 2.974200e+01 0
-6.364000e+00 7.660800e+00 4.333300e+00 -6.408200e-01 312 45 1.158600e+01 2.900000e+00 1.694300e+02 5.634100e+01 0
-6.043900e+00 7.722800e+00 4.749200e+00 -6.408200e-01 313 45 1.140900e+01 2.900000e+00 1.986400e+02 2.754000e+01 0
-5.586400e+00 6.861300e+00 6.537100e+00 -6.408200e-01 316 45 1.144300e+01 2.900000e+00 1.818000e+02 -1.593500e+02 0
-5.086800e+00 7.332600e+00 6.492000e+00 -6.408200e-01 317 45 1.104300e+01 2.900000e+00 2.529800e+02 -1.251700e+02 0
-5.813100e+00 8.076000e+00 4.931600e+00 -6.408200e-01 319 45 1.066300e+01 2.900000e+00 2.366200e+02 2.838000e+01 0
-5.570300e+00 8.179400e+00 5.116700e+00 -6.408200e-01 320 45 1.115500e+01 2.900000e+00 2.600500e+02 1.919500e+01 0
-5.587700e+00 8.048800e+00 5.374400e+00 -6.408200e-01 321 45 1.085400e+01 2.900000e+00 2.523000e+02 -4.362700e+00 0
-2.778600e+00 1.439300e+00 3.479600e+00 -6.087800e-01 135 46 1.060600e+01 2.900000e+00 -4.875800e+02 -8.282100e+02 0
-2.946700e+00 2.829600e+00 2.353400e+00 -6.087800e-01 136 46 1.117800e+01 2.900000e+00 1.760800e+01 -5.467600e+01 0
-3.005600e+00 3.037300e+00 2.073600e+00 -6.087800e-01 137 46 1.159000e+01 2.900000e+00 4.890300e+01 2.537200e+01 0
-3.027700e+00 3.040000e+00 2.117200e+00 -6.087800e-01 138 46 1.191500e+01 2.900000e+00 4.543300e+01 1.753000e+01 0
-3.049800e+00 3.010300e+00 2.205400e+00 -6.087800e-01 139 46 1.181400e+01 2.900000e+00 3.549300e+01 -2.356500e+00 0
-3.071900e+00 3.224300e+00 1.931800e+00 -6.087800e-01 140 46 1.119100e+01 2.900000e+00 7.204400e+01 6.965700e+01 0
-3.094000e+00 3.509200e+00 -3.633200e-01 -6.087800e-01 141 46 1.105100e+01 2.900000e+00 1.070900e+02 4.812600e+02 0
-3.154600e+00 3.498300e+00 -3.626600e-01 -6.087800e-01 142 46 1.142700e+01 2.900000e+00 9.471500e+01 4.814300e+02 0
-3.211600e+00 3.401500e+00 2.278700e+00 -6.087800e-01 150 46 1.255600e+01 2.900000e+00 8.063300e+01 2.614900e+01 0
-3.233100e+00 3.286600e+00 2.487400e+00 -6.087800e-01 151 46 1.260300e+01 2.900000e+00 5.728300e+01 -2.119400e+01 0
-3.506500e+00 3.762700e+00 -3.787300e-01 -6.087800e-01 154 46 1.278300e+01 2.900000e+00 7.938100e+01 4.752900e+02 0
-3.529400e+00 3.799700e+00 -3.809800e-01 -6.087800e-01 155 46 1.319900e+01 2.900000e+00 8.163100e+01 4.745200e+02 0
-3.552400e+00 3.760400e+00 1.594400e+00 -6.087800e-01 156 46 1.295900e+01 2.900000e+00 8.039800e+01 1.630500e+02 0
-3.869100e+00 4.134500e+00 -4.013300e-01 -6.087800e-01 164 46 1.361000e+01 2.900000e+00 8.065600e+01 4.681400e+02 0
-3.982300e+00 4.096600e+00 -3.990300e-01 -6.087800e-01 165 46 1.442500e+01 2.900000e+00 5.829200e+01 4.686600e+02 0
-4.096700e+00 4.033100e+00 -3.951700e-01 -6.087800e-01 166 46 1.430400e+01 2.900000e+00 3.129100e+01 4.696300e+02 0
-3.942000e+00 4.297100e+00 -4.112200e-01 -6.087800e-01 169 46 1.340600e+01 2.900000e+00 9.325900e+01 4.654800e+02 0
-4.245600e+00 4.170000e+00 -4.034900e-01 -6.087800e-01 172 46 1.296700e+01 2.900000e+00 3.112300e+01 4.672000e+02 0
-4.272600e+00 4.186400e+00 -4.044900e-01 -6.087800e-01 175 46 1.308500e+01 2.900000e+00 2.978200e+01 4.669100e+02 0
-4.344900e+00 4.193200e+00 -4.049000e-01 -6.087800e-01 176 46 1.262700e+01 2.900000e+00 2.043200e+01 4.667300e+02 0
-4.249700e+00 4.350000e+00 -4.144300e-01 -6.087800e-01 178 46 1.323000e+01 2.900000e+00 5.755800e+01 4.644100e+02 0
-4.273700e+00 4.407900e+00 -4.179500e-01 -6.087800e-01 179 46 1.327600e+01 2.900000e+00 6.248600e+01 4.635400e+02 0
-4.565100e+00 4.339300e+00 1.853900e+00 -6.087800e-01 189 46 1.198600e+01 2.900000e+00 2.212300e+01 1.553700e+02 0
-4.434700e+00 4.507600e+00 1.892400e+00 -6.087800e-01 190 46 1.190100e+01 2.900000e+00 6.357800e+01 1.576800e+02 0
-4.169000e+00 4.690600e+00 2.260900e+00 -6.087800e-01 192 46 1.237500e+01 2.900000e+00 1.221800e+02 1.195000e+02 0
-4.190800e+00 4.727400e+00 2.247200e+00 -6.087800e-01 193 46 1.220400e+01 2.900000e+00 1.236900e+02 1.230200e+02 0
-4.936700e+00 5.484900e+00 1.872400e+00 -6.087800e-01 219 46 1.132400e+01 2.900000e+00 1.178500e+02 1.956000e+02 0
-4.899600e+00 5.584100e+00 1.818300e+00 -6.087800e-01 220 46 1.121500e+01 2.900000e+00 1.315800e+02 2.040900e+02 0
-5.561000e+00 6.035600e+00 3.719000e+00 -6.087800e-01 259 46 1.159400e+01 2.900000e+00 1.117200e+02 3.447200e+01 0
-5.511900e+00 6.212000e+00 3.583900e+00 -6.087800e-01 260 46 1.166800e+01 2.900000e+00 1.318900e+02 5.571300e+01 0
-1.986300e+00 7.112600e+00 -5.823700e-01 -6.087800e-01 261 46 1.122000e+01 2.900000e+00 5.008000e+02 4.401900e+02 0
-1.851500e+00 8.038100e+00 -6.386300e-01 -6.087800e-01 262 46 1.108800e+01 2.900000e+00 5.336400e+02 4.354900e+02 0
-5.218300e+00 4.712500e+00 5.855100e+00 -6.087800e-01 263 46 1.108500e+01 2.900000e+00 8.017700e+00 -3.025600e+02 0
-6.607900e+00 6.781300e+00 4.403000e+00 -6.087800e-01 300 46 1.163800e+01 2.900000e+00 8.373200e+01 1.311300e+01 0
-6.793700e+00 6.341400e+00 4.837300e+00 -6.087800e-01 301 46 1.170900e+01 2.900000e+00 2.782200e+01 -4.793300e+01 0
-6.898400e+00 6.316000e+00 4.797900e+00 -6.087800e-01 302 46 1.153900e+01 2.900000e+00 1.558400e+01 -4.578900e+01 0
-6.198300e+00 7.053700e+00 5.174500e+00 -6.087800e-01 308 46 1.132000e+01 2.900000e+00 1.418000e+02 -3.654200e+01 0
-6.134500e+00 7.863400e+00 4.029200e+00 -6.087800e-01 309 46 1.110700e+01 2.900000e+00 1.992600e+02 8.582600e+01 0
-6.323000e+00 7.263100e+00 4.870200e+00 -6.087800e-01 310 46 1.119900e+01 2.900000e+00 1.463100e+02 -1.705000e+00 0
-6.512600e+00 7.093200e+00 4.947700e+00 -6.087800e-01 311 46 1.131800e+01 2.900000e+00 1.183100e+02 -1.586800e+01 0
-6.364000e+00 7.581600e+00 4.470400e+00 -6.087800e-01 312 46 1.122000e+01 2.900000e+00 1.644200e+02 4.295600e+01 0
-6.299300e+00 7.239200e+00 5.161100e+00 -6.087800e-01 313 46 1.082700e+01 2.900000e+00 1.470600e+02 -2.560500e+01 0
-5.930100e+00 7.712800e+00 5.134700e+00 -6.087800e-01 316 46 1.054300e+01 2.900000e+00 2.073100e+02 -1.475600e+00 0
-2.931400e+00 2.246500e+00 -2.865600e-01 -6.087800e-01 317 46 1.043300e+01 2.900000e+00 -1.751000e+02 5.273800e+02 0
-3.228200e+00 2.204200e+00 2.697900e+00 -5.767400e-01 137 47 1.026900e+01 2.900000e+00 -2.316900e+02 -2.498400e+02 0
-3.049800e+00 3.437200e+00 -3.589500e-01 -5.767400e-01 139 47 1.094700e+01 2.900000e+00 1.027700e+02 4.830300e+02 0
-3.601500e+00 3.023900e+00 2.308100e+00 -5.767400e-01 151 47 1.134400e+01 2.900000e+00 -6.748100e+01 -1.796800e+01 0
-3.631800e+00 3.655000e+00 -3.721800e-01 -5.767400e-01 154 47 1.205300e+01 2.900000e+00 4.069300e+01 4.773600e+02 0
-3.613500e+00 3.711400e+00 -3.756200e-01 -5.767400e-01 155 47 1.247100e+01 2.900000e+00 5.348900e+01 4.762100e+02 0
-3.594600e+00 3.654800e+00 1.738600e+00 -5.767400e-01 156 47 1.255000e+01 2.900000e+00 5.707000e+01 1.346800e+02 0
-3.660400e+00 3.470500e+00 2.058700e+00 -5.767400e-01 157 47 1.236600e+01 2.900000e+00 1.504000e+01 7.011500e+01 0
-4.027100e+00 4.058100e+00 -3.966900e-01 -5.767400e-01 165 47 1.297300e+01 2.900000e+00 4.567500e+01 4.692700e+02 0
-4.276700e+00 3.860100e+00 -3.846500e-01 -5.767400e-01 166 47 1.290400e+01 2.900000e+00 -2.601300e+01 4.725500e+02 0
-4.400300e+00 3.876300e+00 -3.856400e-01 -5.767400e-01 169 47 1.286200e+01 2.900000e+00 -4.219400e+01 4.721200e+02 0
-4.298000e+00 4.164800e+00 1.546300e+00 -5.767400e-01 178 47 1.281700e+01 2.900000e+00 3.149900e+01 1.895000e+02 0
-4.468000e+00 4.203300e+00 -4.055200e-01 -5.767400e-01 179 47 1.259500e+01 2.900000e+00 4.383600e+00 4.664600e+02 0
-4.360000e+00 4.434500e+00 2.105400e+00 -5.767400e-01 189 47 1.213600e+01 2.900000e+00 6.435500e+01 1.265600e+02 0
-4.481600e+00 4.372600e+00 2.299800e+00 -5.767400e-01 192 47 1.156400e+01 2.900000e+00 4.015300e+01 9.797000e+01 0
-5.668500e+00 4.761100e+00 -4.394300e-01 -5.767400e-01 213 47 1.134600e+01 2.900000e+00 -6.760500e+01 4.577500e+02 0
-5.753300e+00 4.708900e+00 -4.362500e-01 -5.767400e-01 214 47 1.120500e+01 2.900000e+00 -8.656800e+01 4.583200e+02 0
-6.957400e+00 6.389000e+00 4.532500e+00 -5.767400e-01 301 47 1.167800e+01 2.900000e+00 1.679300e+01 -1.799000e+01 0
-7.062700e+00 6.207000e+00 4.700200e+00 -5.767400e-01 302 47 1.212900e+01 2.900000e+00 -1.123000e+01 -4.343300e+01 0
-7.086200e+00 6.189000e+00 4.766400e+00 -5.767400e-01 303 47 1.203700e+01 2.900000e+00 -1.513300e+01 -5.046200e+01 0
-7.109600e+00 6.196200e+00 4.799300e+00 -5.767400e-01 304 47 1.142400e+01 2.900000e+00 -1.643200e+01 -5.293400e+01 0
-3.763800e+00 3.352300e+00 1.974300e+00 -5.447000e-01 156 48 1.068800e+01 2.900000e+00 -2.648800e+01 7.492900e+01 0
-3.873200e+00 3.381700e+00 1.801000e+00 -5.447000e-01 157 48 1.114100e+01 2.900000e+00 -4.050300e+01 1.069900e+02 0
-4.269400e+00 3.749700e+00 -3.779400e-01 -5.447000e-01 164 48 1.130500e+01 2.900000e+00 -4.563700e+01 4.746900e+02 0
-4.374100e+00 3.831100e+00 -3.828900e-01 -5.447000e-01 168 48 1.229500e+01 2.900000e+00 -4.663100e+01 4.729900e+02 0
-4.354500e+00 3.908500e+00 -3.876000e-01 -5.447000e-01 169 48 1.256900e+01 2.900000e+00 -2.920100e+01 4.715700e+02 0
-4.426500e+00 3.895200e+00 -3.867900e-01 -5.447000e-01 170 48 1.224100e+01 2.900000e+00 -4.272500e+01 4.717400e+02 0
-4.572200e+00 3.662100e+00 -3.726200e-01 -5.447000e-01 172 48 1.191800e+01 2.900000e+00 -1.124300e+02 4.761200e+02 0
-4.645900e+00 3.689100e+00 -3.742600e-01 -5.447000e-01 173 48 1.224300e+01 2.900000e+00 -1.185600e+02 4.754800e+02 0
-4.744900e+00 3.899900e+00 2.219400e+00 -5.447000e-01 188 48 1.228100e+01 2.900000e+00 -7.526000e+01 7.975900e+01 0
-4.770300e+00 3.884400e+00 2.294000e+00 -5.447000e-01 189 48 1.224300e+01 2.900000e+00 -8.155100e+01 6.779900e+01 0
-4.898800e+00 3.820900e+00 2.229200e+00 -5.447000e-01 190 48 1.189400e+01 2.900000e+00 -1.137000e+02 7.308100e+01 0
-4.975500e+00 3.766100e+00 2.638800e+00 -5.447000e-01 195 48 1.156600e+01 2.900000e+00 -1.339300e+02 7.804700e+00 0
-4.947900e+00 3.548900e+00 3.049600e+00 -5.447000e-01 196 48 1.179100e+01 2.900000e+00 -1.742500e+02 -7.725700e+01 0
-4.919800e+00 3.137400e+00 3.578500e+00 -5.447000e-01 197 48 1.148100e+01 2.900000e+00 -2.703400e+02 -2.229600e+02 0
-4.568700e+00 3.095600e+00 4.108200e+00 -5.447000e-01 198 48 1.081800e+01 2.900000e+00 -2.143100e+02 -3.244900e+02 0
-5.672300e+00 3.945100e+00 -3.898200e-01 -5.447000e-01 199 48 1.100300e+01 2.900000e+00 -2.211900e+02 4.695600e+02 0
-5.784200e+00 4.621500e+00 -4.309400e-01 -5.447000e-01 213 48 1.072600e+01 2.900000e+00 -1.049200e+02 4.593900e+02 0
-5.869600e+00 4.568900e+00 -4.277400e-01 -5.447000e-01 214 48 1.073200e+01 2.900000e+00 -1.249800e+02 460 0
-5.657600e+00 5.695700e+00 3.934600e+00 -5.447000e-01 257 48 1.115300e+01 2.900000e+00 6.931400e+01 -5.398400e+00 0
-5.679700e+00 5.594600e+00 4.122800e+00 -5.447000e-01 258 48 1.138500e+01 2.900000e+00 5.686400e+01 -3.060900e+01 0
-5.842600e+00 5.037500e+00 4.655300e+00 -5.447000e-01 259 48 1.136500e+01 2.900000e+00 -2.609700e+01 -1.298100e+02 0
-6.006500e+00 4.385400e+00 5.148200e+00 -5.447000e-01 260 48 1.145600e+01 2.900000e+00 -1.440300e+02 -2.581400e+02 0
-6.264900e+00 5.239900e+00 4.499000e+00 -5.447000e-01 268 48 1.145800e+01 2.900000e+00 -4.681700e+01 -9.424600e+01 0
-7.309100e+00 6.072300e+00 4.494900e+00 -5.447000e-01 302 48 11 2.900000e+00 -4.999200e+01 -3.254000e+01 0
-7.333300e+00 5.444400e+00 5.274100e+00 -5.447000e-01 303 48 1.120100e+01 2.900000e+00 -1.293800e+02 -1.537900e+02 0
-4.496400e+00 3.268100e+00 -3.486600e-01 -5.126600e-01 161 49 1.121500e+01 2.900000e+00 -1.936200e+02 4.853100e+02 0
-4.480500e+00 3.355400e+00 -3.539700e-01 -5.126600e-01 162 49 1.170400e+01 2.900000e+00 -1.682400e+02 4.831300e+02 0
-4.596800e+00 3.280800e+00 -3.494400e-01 -5.126600e-01 163 49 1.102900e+01 2.900000e+00 -2.083700e+02 4.848400e+02 0
-4.703200e+00 3.562800e+00 -3.665800e-01 -5.126600e-01 170 49 1.157400e+01 2.900000e+00 -1.562700e+02 4.780600e+02 0
-4.916500e+00 3.318000e+00 -3.517000e-01 -5.126600e-01 171 49 1.178000e+01 2.900000e+00 -2.553500e+02 4.834700e+02 0
-4.720100e+00 3.351800e+00 1.728800e+00 -5.126600e-01 174 49 1.185000e+01 2.900000e+00 -1.941000e+02 1.190500e+02 0
-4.794900e+00 3.351400e+00 1.644200e+00 -5.126600e-01 175 49 1.166400e+01 2.900000e+00 -2.077600e+02 1.335900e+02 0
-4.802000e+00 3.285600e+00 1.981300e+00 -5.126600e-01 177 49 1.213400e+01 2.900000e+00 -2.232700e+02 7.091700e+01 0
-5.192700e+00 3.530700e+00 -3.646300e-01 -5.126600e-01 184 49 1.318700e+01 2.900000e+00 -2.456900e+02 4.781700e+02 0
-5.170800e+00 3.624000e+00 -3.703000e-01 -5.126600e-01 185 49 1.347300e+01 2.900000e+00 -2.186000e+02 4.762100e+02 0
-5.249400e+00 3.617100e+00 -3.698800e-01 -5.126600e-01 186 49 1.275500e+01 2.900000e+00 -2.330900e+02 4.762600e+02 0
-5.028400e+00 3.613100e+00 2.750100e+00 -5.126600e-01 195 49 1.119300e+01 2.900000e+00 -1.746100e+02 -2.343700e+01 0
-5.001100e+00 3.537900e+00 2.974700e+00 -5.126600e-01 196 49 1.172100e+01 2.900000e+00 -1.859000e+02 -6.658900e+01 0
-5.026800e+00 3.421700e+00 3.142800e+00 -5.126600e-01 197 49 1.180600e+01 2.900000e+00 -2.168000e+02 -1.072900e+02 0
-4.944900e+00 3.754200e+00 2.964300e+00 -5.126600e-01 198 49 1.105800e+01 2.900000e+00 -1.296200e+02 -4.194800e+01 0
-6.405700e+00 3.043700e+00 5.557600e+00 -5.126600e-01 259 49 1.028500e+01 2.900000e+00 -5.394600e+02 -5.682000e+02 0
-6.289200e+00 4.527900e+00 4.664600e+00 -5.126600e-01 260 49 1.098600e+01 2.900000e+00 -1.573400e+02 -1.809200e+02 0
-6.313500e+00 5.227500e+00 3.906500e+00 -5.126600e-01 261 49 1.141900e+01 2.900000e+00 -5.621900e+01 -3.204200e+01 0
-6.409000e+00 5.424000e+00 3.548000e+00 -5.126600e-01 262 49 1.134200e+01 2.900000e+00 -4.206600e+01 1.881900e+01 0
-6.362000e+00 4.634900e+00 4.665000e+00 -5.126600e-01 263 49 1.094200e+01 2.900000e+00 -1.479200e+02 -1.690500e+02 0
-6.458100e+00 3.236500e+00 5.672700e+00 -5.126600e-01 264 49 1.059800e+01 2.900000e+00 -4.811000e+02 -5.363800e+02 0
-7.231600e+00 4.855900e+00 4.815600e+00 -5.126600e-01 286 49 1.150700e+01 2.900000e+00 -2.123500e+02 -1.606500e+02 0
-7.349200e+00 5.749900e+00 4.448400e+00 -5.126600e-01 297 49 1.106300e+01 2.900000e+00 -9.334600e+01 -4.873400e+01 0
-4.424900e+00 3.354700e+00 -3.539300e-01 -4.806200e-01 160 50 1.007500e+01 2.900000e+00 -1.585700e+02 4.832200e+02 0
-4.496400e+00 3.314900e+00 -3.515100e-01 -4.806200e-01 161 50 1.139200e+01 2.900000e+00 -1.813500e+02 4.841200e+02 0
-4.524500e+00 3.335600e+00 -3.527700e-01 -4.806200e-01 162 50 1.175400e+01 2.900000e+00 -1.810600e+02 4.835600e+02 0
-4.508400e+00 3.416500e+00 -3.576900e-01 -4.806200e-01 163 50 1.125200e+01 2.900000e+00 -1.579900e+02 4.816200e+02 0
-4.491700e+00 3.486300e+00 -3.619300e-01 -4.806200e-01 164 50 1.056500e+01 2.900000e+00 -1.384600e+02 4.800200e+02 0
-4.891400e+00 3.040700e+00 -3.348400e-01 -4.806200e-01 167 50 1.131500e+01 2.900000e+00 -3.346000e+02 491 0
-4.841500e+00 3.257100e+00 -3.480000e-01 -4.806200e-01 170 50 1.220500e+01 2.900000e+00 -2.590600e+02 4.851200e+02 0
-4.777400e+00 3.398400e+00 -3.565900e-01 -4.806200e-01 171 50 1.254400e+01 2.900000e+00 -2.093200e+02 4.817100e+02 0
-4.852200e+00 3.422200e+00 -3.580300e-01 -4.806200e-01 172 50 1.208900e+01 2.900000e+00 -2.161000e+02 4.810500e+02 0
-5.213900e+00 3.385300e+00 -3.557900e-01 -4.806200e-01 183 50 1.192200e+01 2.900000e+00 -2.885500e+02 4.814500e+02 0
-5.242600e+00 3.493900e+00 -3.623900e-01 -4.806200e-01 184 50 1.331600e+01 2.900000e+00 -2.636800e+02 4.789200e+02 0
-5.271200e+00 3.515000e+00 -3.636700e-01 -4.806200e-01 185 50 1.348900e+01 2.900000e+00 -2.629000e+02 4.784200e+02 0
-5.299900e+00 3.524000e+00 -3.642200e-01 -4.806200e-01 186 50 1.268500e+01 2.900000e+00 -2.652900e+02 4.781900e+02 0
-5.362900e+00 3.565400e+00 -3.667400e-01 -4.806200e-01 190 50 1.099300e+01 2.900000e+00 -2.648400e+02 4.772200e+02 0
-5.495000e+00 3.539000e+00 -3.651300e-01 -4.806200e-01 191 50 1.083300e+01 2.900000e+00 -2.936300e+02 4.776300e+02 0
-6.430500e+00 4.246900e+00 4.735700e+00 -4.806200e-01 260 50 1.075700e+01 2.900000e+00 -2.276000e+02 -2.226500e+02 0
-6.526300e+00 4.402600e+00 4.524600e+00 -4.806200e-01 261 50 1.095000e+01 2.900000e+00 -2.108900e+02 -1.770900e+02 0
-6.693800e+00 3.859800e+00 4.835100e+00 -4.806200e-01 262 50 1.077700e+01 2.900000e+00 -3.489800e+02 -2.888000e+02 0
-6.653400e+00 6.486400e+00 2.285500e+00 -4.806200e-01 275 50 1.095000e+01 2.900000e+00 4.762300e+01 1.846800e+02 0
-6.527700e+00 6.603900e+00 2.452200e+00 -4.806200e-01 276 50 1.077900e+01 2.900000e+00 7.036500e+01 1.729900e+02 0
-7.349200e+00 6.212700e+00 3.775100e+00 -4.806200e-01 297 50 1.106900e+01 2.900000e+00 -4.026300e+01 4.107600e+01 0
-7.455000e+00 5.989100e+00 4.017000e+00 -4.806200e-01 298 50 1.125200e+01 2.900000e+00 -7.547900e+01 7.214900e+00 0
-4.771900e+00 2.827600e+00 -3.218900e-01 -4.485700e-01 160 51 1.017200e+01 2.900000e+00 -3.851500e+02 4.979400e+02 0
-4.787800e+00 3.014400e+00 -3.332500e-01 -4.485700e-01 165 51 1.050300e+01 2.900000e+00 -3.231800e+02 4.919400e+02 0
-4.817000e+00 3.043800e+00 -3.350300e-01 -4.485700e-01 166 51 1.139700e+01 2.900000e+00 -3.192600e+02 4.910300e+02 0
-4.846200e+00 3.089600e+00 -3.378200e-01 -4.485700e-01 167 51 1.133100e+01 2.900000e+00 -3.101800e+02 4.896500e+02 0
-4.996200e+00 2.889700e+00 -3.256600e-01 -4.485700e-01 169 51 1.192300e+01 2.900000e+00 -4.077800e+02 4.954900e+02 0
-5.026000e+00 2.915600e+00 -3.272300e-01 -4.485700e-01 170 51 1.234700e+01 2.900000e+00 -4.042300e+02 4.946200e+02 0
-4.962900e+00 3.051800e+00 -3.355200e-01 -4.485700e-01 171 51 1.166100e+01 2.900000e+00 -3.446300e+02 4.905700e+02 0
-5.068200e+00 3.092800e+00 -3.380100e-01 -4.485700e-01 173 51 1.169200e+01 2.900000e+00 -3.511400e+02 4.892300e+02 0
-5.003300e+00 2.891100e+00 1.763800e+00 -4.485700e-01 174 51 1.187100e+01 2.900000e+00 -383 7.642500e+01 0
-5.108900e+00 2.991400e+00 1.517200e+00 -4.485700e-01 176 51 1.227700e+01 2.900000e+00 -3.716600e+02 1.324000e+02 0
-5.138100e+00 3.089600e+00 -3.378100e-01 -4.485700e-01 177 51 1.295100e+01 2.900000e+00 -3.653500e+02 4.892200e+02 0
-5.119000e+00 3.159200e+00 -3.420400e-01 -4.485700e-01 178 51 1.306700e+01 2.900000e+00 -3.392000e+02 4.873100e+02 0
-5.147900e+00 3.119000e+00 1.553700e+00 -4.485700e-01 179 51 1.255700e+01 2.900000e+00 -3.370700e+02 1.347300e+02 0
-5.432200e+00 2.907700e+00 -3.267600e-01 -4.485700e-01 182 51 1.113200e+01 2.900000e+00 -4.878200e+02 4.942000e+02 0
-5.511900e+00 2.934200e+00 -3.283700e-01 -4.485700e-01 183 51 1.204500e+01 2.900000e+00 -4.931100e+02 4.932400e+02 0
-5.442300e+00 3.235900e+00 -3.467100e-01 -4.485700e-01 184 51 1.252200e+01 2.900000e+00 -3.736200e+02 4.848300e+02 0
-5.472000e+00 3.312200e+00 -3.513500e-01 -4.485700e-01 185 51 1.212200e+01 2.900000e+00 -3.550400e+02 4.828800e+02 0
-2.511200e+00 3.395400e+00 -3.564000e-01 -4.485700e-01 237 51 1.036400e+01 2.900000e+00 1.929600e+02 4.847800e+02 0
-4.177700e+00 7.815600e+00 -6.251100e-01 -4.485700e-01 349 51 1.007700e+01 2.900000e+00 3.429900e+02 4.356400e+02 0
-3.999300e+00 8.988100e+00 -6.963800e-01 -4.485700e-01 350 51 1.004900e+01 2.900000e+00 4.007700e+02 4.309400e+02 0
-4.922000e+00 2.864600e+00 -3.241400e-01 -4.165300e-01 165 52 1.025400e+01 2.900000e+00 -4.020800e+02 4.964400e+02 0
-5.239900e+00 2.531900e+00 -3.039100e-01 -4.165300e-01 168 52 1.028700e+01 2.900000e+00 -6.129100e+02 5.081600e+02 0
-5.271200e+00 2.506300e+00 -3.023500e-01 -4.165300e-01 169 52 1.063700e+01 2.900000e+00 -6.328500e+02 5.091700e+02 0
-4.979800e+00 2.755200e+00 1.563300e+00 -4.165300e-01 170 52 1.055500e+01 2.900000e+00 -4.307700e+02 1.040600e+02 0
-5.269600e+00 2.330800e+00 1.929900e+00 -4.165300e-01 175 52 1.178200e+01 2.900000e+00 -6.829800e+02 -2.535400e+01 0
-5.252100e+00 2.773900e+00 -3.186200e-01 -4.165300e-01 176 52 1.240700e+01 2.900000e+00 -5.054400e+02 4.989400e+02 0
-5.234100e+00 2.928400e+00 -3.280100e-01 -4.165300e-01 177 52 1.278400e+01 2.900000e+00 -4.407500e+02 4.938700e+02 0
-5.215600e+00 3.023300e+00 -3.337800e-01 -4.165300e-01 178 52 1.275800e+01 2.900000e+00 -4.027200e+02 4.910100e+02 0
-5.147900e+00 3.117900e+00 1.555800e+00 -4.165300e-01 179 52 1.209300e+01 2.900000e+00 -3.373700e+02 1.342700e+02 0
-5.542200e+00 2.926000e+00 -3.278700e-01 -4.165300e-01 184 52 1.165900e+01 2.900000e+00 -5.022900e+02 4.934500e+02 0
-5.930100e+00 2.062400e+00 2.036300e+00 -4.165300e-01 190 52 1.083300e+01 2.900000e+00 -1.013200e+03 -9.497600e+01 0
-5.857800e+00 1.061200e+00 2.930600e+00 -4.165300e-01 191 52 1.056300e+01 2.900000e+00 -2.238900e+03 -8.453200e+02 0
-7.662900e+00 6.845400e+00 2.378100e+00 -4.165300e-01 303 52 1.060800e+01 2.900000e+00 -6.343000e+00 1.865500e+02 0
-4.858700e+00 2.671600e+00 -3.124100e-01 -3.844900e-01 160 53 1.079300e+01 2.900000e+00 -4.649700e+02 5.033700e+02 0
-4.932900e+00 2.615700e+00 -3.090100e-01 -3.844900e-01 161 53 1.084100e+01 2.900000e+00 -5.052600e+02 5.053900e+02 0
-5.095500e+00 2.376500e+00 -2.944700e-01 -3.844900e-01 162 53 1.004300e+01 2.900000e+00 -6.604100e+02 5.153300e+02 0
-4.936500e+00 2.815800e+00 -3.211700e-01 -3.844900e-01 164 53 1.007400e+01 2.900000e+00 -4.234500e+02 4.980500e+02 0
-5.101000e+00 2.455600e+00 -2.992800e-01 -3.844900e-01 165 53 1.030800e+01 2.900000e+00 -6.197200e+02 5.117200e+02 0
-5.318700e+00 2.474900e+00 -3.004500e-01 -3.844900e-01 172 53 1.146500e+01 2.900000e+00 -6.598500e+02 5.104100e+02 0
-5.302900e+00 2.645100e+00 -3.107900e-01 -3.844900e-01 173 53 1.188800e+01 2.900000e+00 -5.726600e+02 5.035400e+02 0
-5.380900e+00 2.655500e+00 -3.114300e-01 -3.844900e-01 174 53 1.132700e+01 2.900000e+00 -5.846500e+02 5.029900e+02 0
-5.252100e+00 2.783600e+00 -3.192200e-01 -3.844900e-01 176 53 1.147600e+01 2.900000e+00 -5.014000e+02 4.986000e+02 0
-5.330200e+00 2.663300e+00 1.508600e+00 -3.844900e-01 177 53 1.172700e+01 2.900000e+00 -5.416100e+02 1.082500e+02 0
-5.692000e+00 2.401200e+00 1.637200e+00 -3.844900e-01 184 53 1.134900e+01 2.900000e+00 -7.469900e+02 5.407100e+01 0
-5.622700e+00 2.449800e+00 1.917300e+00 -3.844900e-01 185 53 1.121100e+01 2.900000e+00 -6.997600e+02 -3.511300e+00 0
-5.710000e+00 2.077700e+00 2.835600e+00 -3.844900e-01 193 53 1.039400e+01 2.900000e+00 -9.254200e+02 -2.964300e+02 0
-2.664300e+00 5.254500e+00 7.760800e+00 -3.844900e-01 280 53 1.010600e+01 2.900000e+00 3.596700e+02 -4.457000e+02 0
-8.250600e+00 1.924800e+00 4.882800e+00 -3.844900e-01 281 53 1.049300e+01 2.900000e+00 -1.608900e+03 -8.244500e+02 0
-8.433400e+00 3.755000e+00 3.328800e+00 -3.844900e-01 282 53 1.077500e+01 2.900000e+00 -6.421500e+02 -8.333200e+01 0
-7.903600e+00 3.580800e+00 4.804400e+00 -3.844900e-01 285 53 1.065700e+01 2.900000e+00 -6.044700e+02 -3.234700e+02 0
-8.086900e+00 3.937700e+00 4.261600e+00 -3.844900e-01 286 53 1.085300e+01 2.900000e+00 -5.281300e+02 -1.930700e+02 0
-8.103300e+00 6.132200e+00 2.077300e+00 -3.844900e-01 298 53 1.079300e+01 2.900000e+00 -1.268700e+02 1.956400e+02 0
-8.211900e+00 5.726400e+00 2.842900e+00 -3.844900e-01 299 53 1.132400e+01 2.900000e+00 -1.894900e+02 1.084600e+02 0
-8.402600e+00 5.251600e+00 3.294500e+00 -3.844900e-01 300 53 1.084100e+01 2.900000e+00 -2.825800e+02 3.905800e+01 0
-4.976600e+00 2.516800e+00 -3.029900e-01 -3.524500e-01 161 54 1.026900e+01 2.900000e+00 -5.607100e+02 5.093300e+02 0
-5.222100e+00 2.020300e+00 -2.728100e-01 -3.524500e-01 166 54 1.072800e+01 2.900000e+00 -9.231300e+02 5.345500e+02 0
-5.163200e+00 2.051000e+00 1.656200e+00 -3.524500e-01 167 54 1.094100e+01 2.900000e+00 -8.338600e+02 -1.739800e+00 0
-5.057600e+00 2.301100e+00 1.772000e+00 -3.524500e-01 168 54 1.104900e+01 2.900000e+00 -6.522600e+02 6.715200e+00 0
-5.042100e+00 2.495600e+00 1.665100e+00 -3.524500e-01 169 54 1.089700e+01 2.900000e+00 -5.526200e+02 5.635100e+01 0
-5.287600e+00 2.494500e+00 -3.016400e-01 -3.524500e-01 171 54 1.106100e+01 2.900000e+00 -6.425900e+02 5.096300e+02 0
-5.490600e+00 2.373200e+00 -2.942700e-01 -3.524500e-01 173 54 1.124200e+01 2.900000e+00 -7.561800e+02 5.145900e+02 0
-5.522500e+00 2.410600e+00 -2.965400e-01 -3.524500e-01 174 54 1.165600e+01 2.900000e+00 -7.421500e+02 5.128100e+02 0
-5.775400e+00 2.567200e+00 1.902700e+00 -3.524500e-01 190 54 1.094400e+01 2.900000e+00 -6.734400e+02 1.572300e+01 0
-8.300300e+00 1.962600e+00 5.264400e+00 -3.524500e-01 288 54 1.091300e+01 2.900000e+00 -1570 -8.938900e+02 0
-8.604200e+00 5.102200e+00 1.981300e+00 -3.524500e-01 293 54 1.136000e+01 2.900000e+00 -3.398300e+02 1.751500e+02 0
-8.184300e+00 4.767200e+00 4.227700e+00 -3.524500e-01 298 54 1.075300e+01 2.900000e+00 -3.429800e+02 -9.954200e+01 0
-8.211900e+00 5.007500e+00 3.974700e+00 -3.524500e-01 299 54 1.083200e+01 2.900000e+00 -3.014200e+02 -5.116300e+01 0
-5.357200e+00 1.374500e+00 1.617400e+00 -3.204100e-01 166 55 1.075800e+01 2.900000e+00 -1.572600e+03 -1.436500e+02 0
-5.253800e+00 1.659000e+00 1.803900e+00 -3.204100e-01 167 55 1.105700e+01 2.900000e+00 -1.182800e+03 -1.260100e+02 0
-5.194300e+00 1.829000e+00 1.920600e+00 -3.204100e-01 168 55 1.114900e+01 2.900000e+00 -1.003700e+03 -1.194200e+02 0
-5.225400e+00 1.972900e+00 1.796000e+00 -3.204100e-01 169 55 1.115600e+01 2.900000e+00 -9.023900e+02 -5.306400e+01 0
-5.302600e+00 1.757000e+00 1.905100e+00 -3.204100e-01 170 55 1.055800e+01 2.900000e+00 -1.099100e+03 -1.316500e+02 0
-5.334000e+00 2.154400e+00 -2.809600e-01 -3.204100e-01 171 55 1.103300e+01 2.900000e+00 -8.559300e+02 5.261900e+02 0
-5.505300e+00 2.204200e+00 -2.839900e-01 -3.204100e-01 172 55 1.134200e+01 2.900000e+00 -8.657900e+02 523 0
-5.537500e+00 2.321700e+00 -2.911300e-01 -3.204100e-01 173 55 1.149700e+01 2.900000e+00 -7.982200e+02 5.169300e+02 0
-5.569700e+00 2.331800e+00 -2.917500e-01 -3.204100e-01 174 55 1.119800e+01 2.900000e+00 -7.997800e+02 5.163700e+02 0
-5.775400e+00 2.906300e+00 -3.266700e-01 -3.204100e-01 190 55 1.079200e+01 2.900000e+00 -5.560100e+02 4.936800e+02 0
-5.754200e+00 2.683300e+00 1.928300e+00 -3.204100e-01 191 55 1.076000e+01 2.900000e+00 -6.137700e+02 2.427600e+01 0
-8.336600e+00 5.167800e+00 2.659900e+00 -3.204100e-01 292 55 1.115100e+01 2.900000e+00 -2.939700e+02 1.028100e+02 0
-8.524600e+00 5.144200e+00 2.204600e+00 -3.204100e-01 293 55 1.128200e+01 2.900000e+00 -3.217100e+02 1.518900e+02 0
-8.486900e+00 5.182200e+00 3.514700e+00 -3.204100e-01 303 55 1.058300e+01 2.900000e+00 -3.026500e+02 1.155100e+01 0
-5.554400e+00 1.986100e+00 -2.707300e-01 -2.563300e-01 175 57 1.056400e+01 2.900000e+00 -1.041600e+03 5.357700e+02 0
-5.682100e+00 2.262400e+00 -2.875300e-01 -2.563300e-01 179 57 1.130700e+01 2.900000e+00 -8.710700e+02 5.195300e+02 0
-5.777900e+00 2.398300e+00 -2.957900e-01 -2.563300e-01 182 57 1.121000e+01 2.900000e+00 -8.087700e+02 5.128000e+02 0
-5.958800e+00 2.125000e+00 -2.791800e-01 -2.563300e-01 183 57 1.146600e+01 2.900000e+00 -1.038300e+03 5.261900e+02 0
-6.024300e+00 2.928100e+00 -3.280000e-01 -2.563300e-01 193 57 1.094300e+01 2.900000e+00 -5.954600e+02 4.926100e+02 0
-6.055600e+00 2.799100e+00 -3.201600e-01 -2.563300e-01 194 57 1.069300e+01 2.900000e+00 -6.586100e+02 4.966800e+02 0
0 0 -1.500000e-01 -2.242900e-01 1 58 9.455300e+00 2.900000e+00 2167 -3.612800e+03 0
-5.625400e+00 1.767500e+00 -2.574400e-01 -2.242900e-01 170 58 1.002900e+01 2.900000e+00 -1265 5.514300e+02 0
-5.705000e+00 1.614600e+00 -2.481500e-01 -2.242900e-01 171 58 1.017700e+01 2.900000e+00 -1.464200e+03 5.645800e+02 0
-5.380900e+00 2.473100e+00 -3.003400e-01 -2.242900e-01 174 58 1.051700e+01 2.900000e+00 -6.750800e+02 5.103500e+02 0
-5.728500e+00 2.317100e+00 -2.908600e-01 -2.242900e-01 182 58 1.116400e+01 2.900000e+00 -8.469700e+02 5.167100e+02 0
-5.859500e+00 2.198700e+00 -2.836600e-01 -2.242900e-01 183 58 1.131100e+01 2.900000e+00 -9.585700e+02 5.224000e+02 0
0 0 -1.500000e-01 -6.408200e-02 1 63 1.049500e+01 2.900000e+00 2167 -3.612800e+03 0
1.091400e-03 3.468000e-02 -1.521100e-01 -6.408200e-02 2 63 1.017100e+01 2.900000e+00 3.446700e+03 -7.145700e+03 0
8.307900e-01 4.983700e-01 -1.803000e-01 -6.408200e-02 30 63 9.587600e+00 2.900000e+00 1.751500e+03 1151 0
0 0 -1.500000e-01 -3.204100e-02 1 64 1.561500e+01 2.900000e+00 2167 -3.612800e+03 0
-7.093800e-02 1.124800e-01 -1.568400e-01 -3.204100e-02 5 64 1.423800e+01 2.900000e+00 -3.076200e+03 7.657100e+03 0
-1.585200e-01 1.860200e-01 -1.613100e-01 -3.204100e-02 8 64 1.340500e+01 2.900000e+00 -1.093900e+03 2.925800e+03 0
-2.008100e-01 1.927500e-01 -1.617200e-01 -3.204100e-02 9 64 1.290200e+01 2.900000e+00 -1.192100e+03 2.761100e+03 0
-2.480100e-01 1.859000e-01 -1.613000e-01 -3.204100e-02 10 64 1.274800e+01 2.900000e+00 -1.524500e+03 2864 0
-2.619200e-01 2.192400e-01 -1.633300e-01 -3.204100e-02 11 64 1.221500e+01 2.900000e+00 -1.095100e+03 2.322800e+03 0
-2.881200e-01 2.275900e-01 -1.638400e-01 -3.204100e-02 12 64 1.180800e+01 2.900000e+00 -1096 2.213800e+03 0
-3.077600e-01 2.763200e-01 -1.668000e-01 -3.204100e-02 13 64 1.104400e+01 2.900000e+00 -7.390600e+02 1.792100e+03 0
3.536000e-01 3.891200e-01 -1.736500e-01 -3.204100e-02 28 64 1.208200e+01 2.900000e+00 1.076100e+03 1.379500e+03 0
6.722700e-01 6.497900e-01 -1.895000e-01 -3.204100e-02 29 64 1.364700e+01 2.900000e+00 1.269700e+03 9.374400e+02 0
6.725500e-01 7.413900e-01 -1.950700e-01 -3.204100e-02 30 64 1.460200e+01 2.900000e+00 1.188200e+03 8.609600e+02 0
6.793700e-01 7.969100e-01 -1.984400e-01 -3.204100e-02 31 64 1.479400e+01 2.900000e+00 1.155400e+03 8.244900e+02 0
6.766400e-01 8.274100e-01 -2.003000e-01 -3.204100e-02 32 64 1.430400e+01 2.900000e+00 1.133700e+03 8.066600e+02 0
6.810000e-01 8.651900e-01 -2.025900e-01 -3.204100e-02 33 64 1.286900e+01 2.900000e+00 1.115700e+03 7.867000e+02 0
6.957400e-01 7.448700e-01 -1.952800e-01 -3.204100e-02 35 64 9.824600e+00 2.900000e+00 1.208900e+03 8.590900e+02 0
-8.307900e-01 8.829600e-01 -2.036700e-01 -3.204100e-02 36 64 1.063600e+01 2.900000e+00 -6.771600e+01 7.518600e+02 0
-8.447100e-01 8.739800e-01 -2.031300e-01 -3.204100e-02 37 64 1.111900e+01 2.900000e+00 -8.623600e+01 7.554600e+02 0
-8.580800e-01 8.673200e-01 -2.027200e-01 -3.204100e-02 38 64 1.068400e+01 2.900000e+00 -1.024700e+02 7.581300e+02 0
