0 0 -1.500000e-01 0 1 65 1.664000e+01 3.500000e+00 2167 -3.612800e+03 0
-7.202900e-02 1.119500e-01 -1.582200e-01 0 5 65 1.526300e+01 3.500000e+00 -3.144400e+03 7.777300e+03 0
-1.585200e-01 1.860000e-01 -1.636500e-01 0 8 65 1.442200e+01 3.500000e+00 -1.095500e+03 2.940500e+03 0
-2.008100e-01 1.926400e-01 -1.641400e-01 0 9 65 1.390500e+01 3.500000e+00 -1.195200e+03 2777 0
-2.480100e-01 1.859600e-01 -1.636500e-01 0 10 65 1.372200e+01 3.500000e+00 -1.525100e+03 2.876800e+03 0
-2.619200e-01 2.212300e-01 -1.662400e-01 0 11 65 1.318000e+01 3.500000e+00 -1.073400e+03 2.310700e+03 0
-2.851200e-01 2.356800e-01 -1.673000e-01 0 12 65 1.274300e+01 3.500000e+00 -1.002500e+03 2.141100e+03 0
-3.044900e-01 2.826200e-01 -1.707400e-01 0 13 65 1.196900e+01 3.500000e+00 -6.897700e+02 1.763600e+03 0
-3.121300e-01 3.087500e-01 -1.726600e-01 0 14 65 1.150100e+01 3.500000e+00 -5.607000e+02 1.617600e+03 0
-1.184100e-01 3.701000e-01 -1.771600e-01 0 15 65 1.133500e+01 3.500000e+00 7.951700e+01 1.397500e+03 0
-3.560500e-01 3.829700e-01 -1.781100e-01 0 16 65 1.127500e+01 3.500000e+00 -3.518200e+02 1.331600e+03 0
3.609700e-01 3.222800e-01 -1.736500e-01 0 28 65 1.317400e+01 3.500000e+00 1.204900e+03 1.669500e+03 0
6.799100e-01 6.406000e-01 -1.970200e-01 0 29 65 1.469800e+01 3.500000e+00 1.289100e+03 9.562700e+02 0
6.725500e-01 7.379800e-01 -2.041600e-01 0 30 65 1.564300e+01 3.500000e+00 1.191300e+03 8.725900e+02 0
6.711800e-01 8.043600e-01 -2.090400e-01 0 31 65 1.581200e+01 3.500000e+00 1.143400e+03 8.288500e+02 0
6.766400e-01 8.297700e-01 -2.109000e-01 0 32 65 1.529800e+01 3.500000e+00 1.132600e+03 8.143400e+02 0
6.722700e-01 8.691900e-01 -2.137900e-01 0 33 65 1.386100e+01 3.500000e+00 1.106600e+03 7.934500e+02 0
6.752700e-01 9.280000e-01 -2.181100e-01 0 34 65 1.114000e+01 3.500000e+00 1.079800e+03 7.661400e+02 0
7.421200e-01 8.663700e-01 -2.135900e-01 0 35 65 1.053200e+01 3.500000e+00 1.167300e+03 7.962300e+02 0
-8.307900e-01 8.907200e-01 -2.153700e-01 0 36 65 1.181200e+01 3.500000e+00 -6.102500e+01 7.569600e+02 0
-8.545300e-01 8.827200e-01 -2.147900e-01 0 37 65 1.216700e+01 3.500000e+00 -8.556000e+01 7.599200e+02 0
-8.883600e-01 8.530200e-01 -2.126100e-01 0 38 65 1.167200e+01 3.500000e+00 -1.397200e+02 7.723100e+02 0
-9.227400e-01 8.089600e-01 -2.093700e-01 0 39 65 1.007600e+01 3.500000e+00 -2.149900e+02 7.927100e+02 0
-1.804000e+00 5.838200e+00 -5.784900e-01 0 229 65 1.008400e+01 3.500000e+00 4.782400e+02 4.570900e+02 0
-1.749400e+00 5.308600e+00 -5.396200e-01 0 230 65 1.005500e+01 3.500000e+00 4.631300e+02 4.621800e+02 0
0 0 -1.500000e-01 3.204100e-02 1 66 1.562300e+01 3.500000e+00 2167 -3.612800e+03 0
-7.202900e-02 1.124200e-01 -1.582500e-01 3.204100e-02 5 66 1.424900e+01 3.500000e+00 -3.100400e+03 7.692900e+03 0
-1.585200e-01 1.859700e-01 -1.636500e-01 3.204100e-02 8 66 1.347400e+01 3.500000e+00 -1.096100e+03 2.941300e+03 0
-2.008100e-01 1.928500e-01 -1.641500e-01 3.204100e-02 9 66 1.288200e+01 3.500000e+00 -1192 2.773100e+03 0
-2.480100e-01 1.863400e-01 -1.636800e-01 3.204100e-02 10 66 1.268500e+01 3.500000e+00 -1518 2.868900e+03 0
-2.619200e-01 2.214500e-01 -1.662500e-01 3.204100e-02 11 66 1.207000e+01 3.500000e+00 -1.070900e+03 2.307900e+03 0
-2.851200e-01 2.364800e-01 -1.673600e-01 3.204100e-02 12 66 1.171800e+01 3.500000e+00 -9.945700e+02 2133 0
-3.077600e-01 2.806800e-01 -1.706000e-01 3.204100e-02 13 66 1.091300e+01 3.500000e+00 -7.110800e+02 1.775100e+03 0
-3.192200e-01 3.138100e-01 -1.730300e-01 3.204100e-02 14 66 1.043700e+01 3.500000e+00 -5.521600e+02 1.591900e+03 0
3.609700e-01 3.631300e-01 -1.766500e-01 3.204100e-02 28 66 1.215100e+01 3.500000e+00 1.129600e+03 1.483300e+03 0
6.799100e-01 6.370600e-01 -1.967600e-01 3.204100e-02 29 66 1.368900e+01 3.500000e+00 1293 9.598700e+02 0
6.725500e-01 7.361300e-01 -2.040300e-01 3.204100e-02 30 66 1.463400e+01 3.500000e+00 1.192700e+03 8.739300e+02 0
6.711800e-01 8.044700e-01 -2.090400e-01 3.204100e-02 31 66 1.479700e+01 3.500000e+00 1.143300e+03 8.287900e+02 0
6.766400e-01 8.317100e-01 -2.110400e-01 3.204100e-02 32 66 1.428000e+01 3.500000e+00 1.131500e+03 8.132600e+02 0
6.722700e-01 8.709100e-01 -2.139200e-01 3.204100e-02 33 66 1.283700e+01 3.500000e+00 1.105700e+03 7.925900e+02 0
-8.403400e-01 8.843600e-01 -2.149100e-01 3.204100e-02 36 66 1.066000e+01 3.500000e+00 -7.371400e+01 7.594600e+02 0
-8.545300e-01 8.701900e-01 -2.138700e-01 3.204100e-02 37 66 1.092200e+01 3.500000e+00 -9.740600e+01 7.652900e+02 0
-8.883600e-01 7.868500e-01 -2.077500e-01 3.204100e-02 38 66 1.042300e+01 3.500000e+00 -214 8.049000e+02 0
0 0 -1.500000e-01 6.408200e-02 1 67 1.018000e+01 3.500000e+00 2167 -3.612800e+03 0
-3.355900e-02 9.646600e-03 -1.507100e-01 6.408200e-02 2 67 1.014500e+01 3.500000e+00 2.755500e+03 -4.296300e+03 0
6.409000e-01 7.465100e-01 -2.047900e-01 6.408200e-02 30 67 9.616300e+00 3.500000e+00 1153 8.656200e+02 0
6.630000e-01 8.107700e-01 -2.095100e-01 6.408200e-02 31 67 1.015700e+01 3.500000e+00 1.131900e+03 8.248800e+02 0
6.851000e-01 8.346900e-01 -2.112600e-01 6.408200e-02 32 67 9.819100e+00 3.500000e+00 1.137200e+03 8.118000e+02 0
2.692900e-01 6.614400e-01 -1.985500e-01 -1.121400e+00 22 30 9.680400e+00 3.500000e+00 8.017900e+02 9.219600e+02 0
3.001200e-01 6.957700e-01 -2.010700e-01 -1.121400e+00 23 30 9.862100e+00 3.500000e+00 828 8.940200e+02 0
2.864800e-01 6.573800e-01 -1.982500e-01 -1.089400e+00 22 31 1.052500e+01 3.500000e+00 8.217200e+02 9.261900e+02 0
3.001200e-01 6.905900e-01 -2.006900e-01 -1.089400e+00 23 31 1.079700e+01 3.500000e+00 8.291400e+02 8.981800e+02 0
3.012100e-01 7.323800e-01 -2.037500e-01 -1.089400e+00 24 31 1.008900e+01 3.500000e+00 8.215100e+02 8.665200e+02 0
2.864800e-01 6.612000e-01 -1.985300e-01 -1.057400e+00 22 32 9.710900e+00 3.500000e+00 8.208800e+02 9.227500e+02 0
3.001200e-01 6.826600e-01 -2.001000e-01 -1.057400e+00 23 32 9.926500e+00 3.500000e+00 8.309300e+02 9.046900e+02 0
3.601500e-01 8.869200e+00 2.492300e+00 -9.291900e-01 265 36 1.102500e+01 3.500000e+00 7.041300e+02 2.138600e+02 0
5.784200e-01 8.946200e+00 2.297600e+00 -9.291900e-01 266 36 1.168100e+01 3.500000e+00 7.197100e+02 2.281200e+02 0
5.806000e-01 8.959900e+00 2.383100e+00 -9.291900e-01 267 36 1.200500e+01 3.500000e+00 7.197300e+02 2.225800e+02 0
5.827800e-01 8.928000e+00 2.626500e+00 -9.291900e-01 268 36 1.201200e+01 3.500000e+00 7.197000e+02 2.056800e+02 0
5.849700e-01 8.852600e+00 2.981500e+00 -9.291900e-01 269 36 1.155900e+01 3.500000e+00 7.196800e+02 1.803100e+02 0
1.191800e+00 9.223400e+00 2.099300e+00 -9.291900e-01 274 36 1.197800e+01 3.500000e+00 7.614600e+02 2.448800e+02 0
2.521000e-01 1.053500e+01 2.157500e+00 -9.291900e-01 309 36 1.156300e+01 3.500000e+00 6.962400e+02 2.563900e+02 0
-1.800700e-01 1.146800e+01 -9.917000e-01 -9.291900e-01 331 36 1.170100e+01 3.500000e+00 6.744200e+02 4.327000e+02 0
-1.806200e-01 1.155100e+01 -9.978100e-01 -9.291900e-01 332 36 1.191100e+01 3.500000e+00 6.745300e+02 4.325100e+02 0
-3.754300e-01 1.176500e+01 2.403600e+00 -9.291900e-01 345 36 1.256200e+01 3.500000e+00 6.620400e+02 2.549300e+02 0
0 1.181600e+01 2.691400e+00 -9.291900e-01 348 36 1.266400e+01 3.500000e+00 6.820300e+02 2.406200e+02 0
-9.876700e-02 1.236700e+01 2.620100e+00 -9.291900e-01 363 36 1.199600e+01 3.500000e+00 6.775400e+02 2.495000e+02 0
0 1.238500e+01 2.705600e+00 -9.291900e-01 364 36 1.198600e+01 3.500000e+00 6.825400e+02 2.454800e+02 0
-9.958600e-02 1.246100e+01 2.681900e+00 -9.291900e-01 366 36 1.199500e+01 3.500000e+00 6.775800e+02 2.473600e+02 0
-1.997200e-01 1.247800e+01 2.763700e+00 -9.291900e-01 367 36 1.235000e+01 3.500000e+00 6.724800e+02 2.436000e+02 0
6.499000e-01 1.373600e+01 1.771200e+00 -9.291900e-01 398 36 1.224800e+01 3.500000e+00 7.142200e+02 2.979000e+02 0
-1.302500e+00 7.136000e+00 2.193600e+00 -8.971500e-01 218 37 1.021100e+01 3.500000e+00 5.606600e+02 2.042900e+02 0
-1.249100e+00 7.282700e+00 1.834100e+00 -8.971500e-01 219 37 1.065700e+01 3.500000e+00 5.680700e+02 2.369300e+02 0
-1.314500e+00 7.331100e+00 1.738500e+00 -8.971500e-01 220 37 1.122100e+01 3.500000e+00 5.633500e+02 2.456000e+02 0
-1.320500e+00 7.411700e+00 1.534000e+00 -8.971500e-01 221 37 1.153700e+01 3.500000e+00 5.643500e+02 2.634400e+02 0
-1.085400e+00 7.423500e+00 1.811700e+00 -8.971500e-01 222 37 1.169700e+01 3.500000e+00 5.842600e+02 2.410100e+02 0
-1.090300e+00 7.380700e+00 2.108400e+00 -8.971500e-01 223 37 1.135700e+01 3.500000e+00 5.830400e+02 2.162400e+02 0
-1.338500e+00 7.369200e+00 2.134100e+00 -8.971500e-01 224 37 1.079400e+01 3.500000e+00 5.618000e+02 2.140700e+02 0
-1.320500e-01 7.853000e+00 3.120900e+00 -8.971500e-01 243 37 1.227700e+01 3.500000e+00 6.653300e+02 1.473300e+02 0
-1.326000e-01 7.988500e+00 2.860900e+00 -8.971500e-01 244 37 1.241200e+01 3.500000e+00 6.660100e+02 1.703300e+02 0
-3.328600e-01 8.178700e+00 2.368700e+00 -8.971500e-01 245 37 1.247300e+01 3.500000e+00 6.516900e+02 2.108800e+02 0
6.684500e-02 8.215800e+00 2.388400e+00 -8.971500e-01 246 37 1.258300e+01 3.500000e+00 6.825300e+02 2.098900e+02 0
4.027100e-01 8.188000e+00 2.569400e+00 -8.971500e-01 247 37 1.278900e+01 3.500000e+00 7.082200e+02 1.959100e+02 0
4.043500e-01 8.173200e+00 2.728400e+00 -8.971500e-01 248 37 1.270100e+01 3.500000e+00 7.081900e+02 1.839500e+02 0
-2.001800e+00 8.388000e+00 1.924200e+00 -8.971500e-01 254 37 1.254600e+01 3.500000e+00 5.283800e+02 2.471300e+02 0
3.628700e-01 9.015700e+00 2.209700e+00 -8.971500e-01 267 37 1.290000e+01 3.500000e+00 7.044500e+02 2.351200e+02 0
3.642400e-01 9.073000e+00 2.120100e+00 -8.971500e-01 268 37 1.312900e+01 3.500000e+00 7.045700e+02 2.418700e+02 0
5.849700e-01 9.097400e+00 2.119900e+00 -8.971500e-01 269 37 1.287700e+01 3.500000e+00 7.199300e+02 2.421200e+02 0
7.339300e-01 9.257100e+00 -8.294300e-01 -8.971500e-01 270 37 1.214800e+01 3.500000e+00 7.331300e+02 4.392700e+02 0
1.191800e+00 9.332200e+00 1.545500e+00 -8.971500e-01 274 37 1.321600e+01 3.500000e+00 7.613800e+02 2.822600e+02 0
-1.196100e+00 8.810500e+00 3.537000e+00 -8.971500e-01 275 37 1.331400e+01 3.500000e+00 5.925200e+02 1.431600e+02 0
-8.054200e-01 1.116900e+01 2.411800e+00 -8.971500e-01 329 37 1.328800e+01 3.500000e+00 6.361300e+02 2.489300e+02 0
-6.283500e-01 1.123200e+01 2.335500e+00 -8.971500e-01 330 37 1.319900e+01 3.500000e+00 6.464200e+02 2.536000e+02 0
-2.717500e-01 1.140000e+01 2.095000e+00 -8.971500e-01 333 37 1.359300e+01 3.500000e+00 667 2.678100e+02 0
-3.634200e-01 1.128600e+01 2.780400e+00 -8.971500e-01 334 37 1.376600e+01 3.500000e+00 6.611300e+02 2.303400e+02 0
-1.116500e+00 1.129300e+01 3.610300e+00 -8.971500e-01 342 37 1.468700e+01 3.500000e+00 6.188300e+02 1.868100e+02 0
-8.398000e-01 1.151200e+01 3.068000e+00 -8.971500e-01 343 37 1.443700e+01 3.500000e+00 6.355700e+02 2.181100e+02 0
-2.930300e-01 1.229700e+01 2.241400e+00 -8.971500e-01 359 37 1.358100e+01 3.500000e+00 6.677300e+02 2.674600e+02 0
-9.794900e-02 1.230500e+01 2.401200e+00 -8.971500e-01 360 37 1.334500e+01 3.500000e+00 6.776500e+02 2.596500e+02 0
-1.969900e-01 1.219200e+01 3.203000e+00 -8.971500e-01 362 37 1.284200e+01 3.500000e+00 6.718400e+02 2.192100e+02 0
-9.876700e-02 1.224300e+01 3.150800e+00 -8.971500e-01 363 37 1.335500e+01 3.500000e+00 6.770200e+02 2.223200e+02 0
0 1.236200e+01 2.808600e+00 -8.971500e-01 364 37 1.332500e+01 3.500000e+00 6.824500e+02 2.402500e+02 0
-2.995800e-01 1.246600e+01 2.806600e+00 -8.971500e-01 367 37 1.332000e+01 3.500000e+00 6.673800e+02 2.414400e+02 0
2.051700e-01 1.274100e+01 3.172300e+00 -8.971500e-01 377 37 1.318000e+01 3.500000e+00 6.926900e+02 2.266300e+02 0
3.102200e-01 1.293900e+01 2.768200e+00 -8.971500e-01 380 37 1.260400e+01 3.500000e+00 6.981100e+02 2.474500e+02 0
-1.045000e-01 1.279800e+01 3.885900e+00 -8.971500e-01 384 37 1.315700e+01 3.500000e+00 6.769600e+02 1.939500e+02 0
6.499000e-01 1.374700e+01 1.683700e+00 -8.971500e-01 398 37 1.275500e+01 3.500000e+00 7.142700e+02 3.018200e+02 0
6.515400e-01 1.385200e+01 -1.166700e+00 -8.971500e-01 399 37 1.269800e+01 3.500000e+00 7.162500e+02 4.283500e+02 0
1.535500e+00 4.312200e+00 -4.665000e-01 -8.651100e-01 135 38 1.034800e+01 3.500000e+00 9.013800e+02 4.784200e+02 1
1.547000e+00 4.422000e+00 -4.745500e-01 -8.651100e-01 136 38 1.168900e+01 3.500000e+00 8.977900e+02 4.766000e+02 1
1.558500e+00 4.468100e+00 -4.779300e-01 -8.651100e-01 137 38 1.206100e+01 3.500000e+00 8.973300e+02 4.758700e+02 1
1.569900e+00 4.501400e+00 -4.803800e-01 -8.651100e-01 138 38 1.148300e+01 3.500000e+00 8.974700e+02 4.753600e+02 1
-3.652200e+00 3.076100e+00 -3.757700e-01 -8.651100e-01 139 38 1.009800e+01 3.500000e+00 -8.466400e+01 4.995200e+02 0
-1.799600e+00 6.331200e+00 1.606100e+00 -8.651100e-01 195 38 1.088800e+01 3.500000e+00 4.952800e+02 2.402000e+02 0
-1.862100e+00 6.348000e+00 1.616400e+00 -8.651100e-01 196 38 1.090100e+01 3.500000e+00 4.896800e+02 2.395900e+02 0
-1.871700e+00 6.443700e+00 -6.229300e-01 -8.651100e-01 197 38 1.039200e+01 3.500000e+00 4.919300e+02 4.523000e+02 0
-2.497000e+00 5.898800e+00 3.425600e+00 -8.651100e-01 209 38 1.095500e+01 3.500000e+00 4.087100e+02 5.061700e+01 0
-2.302800e+00 6.942000e+00 -6.595100e-01 -8.651100e-01 212 38 1.170700e+01 3.500000e+00 4.673600e+02 4.488100e+02 0
-2.429400e+00 6.993800e+00 -6.633100e-01 -8.651100e-01 213 38 1.179200e+01 3.500000e+00 4.576700e+02 4.484300e+02 0
-1.759800e+00 7.164500e+00 -6.758400e-01 -8.651100e-01 216 38 1.224800e+01 3.500000e+00 5.221600e+02 4.477500e+02 0
-1.826900e+00 7.115600e+00 1.712800e+00 -8.651100e-01 217 38 1.284100e+01 3.500000e+00 5.145200e+02 2.445200e+02 0
-1.776200e+00 7.079400e+00 2.039400e+00 -8.651100e-01 218 38 1.274100e+01 3.500000e+00 518 2.163400e+02 0
-1.308500e+00 7.286600e+00 1.776100e+00 -8.651100e-01 219 38 1.307500e+01 3.500000e+00 5.630600e+02 2.418000e+02 0
-1.792500e+00 7.368400e+00 -6.908100e-01 -8.651100e-01 220 38 1.324700e+01 3.500000e+00 5.241200e+02 4.466000e+02 0
-1.800700e+00 7.331900e+00 -6.881200e-01 -8.651100e-01 221 38 1.323700e+01 3.500000e+00 5.225600e+02 4.467900e+02 0
-1.386800e+00 7.365600e+00 1.841800e+00 -8.651100e-01 222 38 1.361200e+01 3.500000e+00 5.577700e+02 2.377700e+02 0
-1.332500e+00 7.373100e+00 1.992500e+00 -8.651100e-01 223 38 1.356300e+01 3.500000e+00 5.624400e+02 2.256300e+02 0
-2.268900e+00 8.236200e+00 2.114100e+00 -8.651100e-01 253 38 1.387100e+01 3.500000e+00 5.051700e+02 2.313800e+02 0
-2.208900e+00 8.319600e+00 1.993200e+00 -8.651100e-01 254 38 1.419300e+01 3.500000e+00 5.115400e+02 2.413300e+02 0
-2.148300e+00 8.403100e+00 1.859900e+00 -8.651100e-01 255 38 1.379000e+01 3.500000e+00 5.178300e+02 2.519700e+02 0
-1.350500e+00 9.203700e+00 2.387900e+00 -8.651100e-01 276 38 1.355800e+01 3.500000e+00 5.868900e+02 2.267900e+02 0
-1.744500e+00 9.049000e+00 3.054500e+00 -8.651100e-01 279 38 1.393400e+01 3.500000e+00 5.576600e+02 1.808200e+02 0
-7.563100e-01 1.034400e+01 2.849800e+00 -8.651100e-01 309 38 1.371900e+01 3.500000e+00 6.343000e+02 2.145900e+02 0
-1.391500e+00 1.106700e+01 4.070000e+00 -8.651100e-01 341 38 1.420600e+01 3.500000e+00 6.015900e+02 1.587700e+02 0
-1.023400e+00 1.130100e+01 3.613400e+00 -8.651100e-01 342 38 1.489900e+01 3.500000e+00 6.240200e+02 1.867300e+02 0
-8.398000e-01 1.145700e+01 3.267200e+00 -8.651100e-01 343 38 1.459600e+01 3.500000e+00 6.351800e+02 2.070300e+02 0
-3.003900e-01 1.231700e+01 3.532000e+00 -8.651100e-01 368 38 1.310300e+01 3.500000e+00 6.665600e+02 2.046900e+02 0
-3.118500e-01 1.237500e+01 4.878500e+00 -8.651100e-01 382 38 1.290100e+01 3.500000e+00 6.652500e+02 1.406600e+02 0
-1.042200e-01 1.259900e+01 4.385900e+00 -8.651100e-01 383 38 1.337700e+01 3.500000e+00 6.763900e+02 1.676600e+02 0
-1.045000e-01 1.277400e+01 3.965800e+00 -8.651100e-01 384 38 1.336200e+01 3.500000e+00 6.768800e+02 1.899000e+02 0
3.175800e-01 1.270200e+01 4.707600e+00 -8.651100e-01 389 38 1.281600e+01 3.500000e+00 6.971600e+02 1.539500e+02 0
2.122700e-01 1.299900e+01 3.941700e+00 -8.651100e-01 390 38 1.294700e+01 3.500000e+00 6.925100e+02 1.938400e+02 0
2.128100e-01 1.331400e+01 2.865100e+00 -8.651100e-01 391 38 1.264600e+01 3.500000e+00 6.932900e+02 2.462900e+02 0
5.647800e-01 1.449300e+00 -2.563700e-01 -8.330700e-01 47 39 9.596000e+00 3.500000e+00 8.786100e+02 6.268200e+02 0
-6.752700e-01 2.471100e+00 -3.313700e-01 -8.330700e-01 76 39 9.948000e+00 3.500000e+00 4.714000e+02 5.290300e+02 0
1.499000e+00 4.327500e+00 -4.676200e-01 -8.330700e-01 135 39 1.027400e+01 3.500000e+00 8.950300e+02 4.781300e+02 1
1.510200e+00 4.450200e+00 -4.766300e-01 -8.330700e-01 136 39 1.182300e+01 3.500000e+00 8.909900e+02 4.761100e+02 1
1.521300e+00 4.491300e+00 -4.796400e-01 -8.330700e-01 137 39 1.225500e+01 3.500000e+00 8.907800e+02 4.754700e+02 1
1.569900e+00 4.515300e+00 -4.814000e-01 -8.330700e-01 138 39 1.175000e+01 3.500000e+00 8.968200e+02 4.751400e+02 1
1.619000e+00 4.539100e+00 -4.831500e-01 -8.330700e-01 139 39 1.056200e+01 3.500000e+00 9.028900e+02 4.748100e+02 1
1.692700e+00 4.623600e+00 -4.893500e-01 -8.330700e-01 142 39 1.056900e+01 3.500000e+00 9.095100e+02 4.736000e+02 1
1.704700e+00 4.638900e+00 -4.904800e-01 -8.330700e-01 143 39 1.085000e+01 3.500000e+00 9.104900e+02 4.733900e+02 1
-2.353000e+00 5.407400e+00 1.732800e+00 -8.330700e-01 177 39 1.113800e+01 3.500000e+00 3.987000e+02 2.061700e+02 0
-2.366300e+00 5.500000e+00 1.536500e+00 -8.330700e-01 178 39 1.210200e+01 3.500000e+00 4.019800e+02 2.299800e+02 0
-2.379700e+00 5.579300e+00 -5.594900e-01 -8.330700e-01 179 39 1.220700e+01 3.500000e+00 4.033900e+02 4.590500e+02 0
-2.344200e+00 5.638800e+00 -5.638600e-01 -8.330700e-01 180 39 1.188300e+01 3.500000e+00 4.103900e+02 4.585200e+02 0
-2.308200e+00 5.624900e+00 1.596600e+00 -8.330700e-01 181 39 1.108400e+01 3.500000e+00 4.147600e+02 2.264700e+02 0
-1.737700e+00 6.215700e+00 1.943100e+00 -8.330700e-01 194 39 1.197000e+01 3.500000e+00 4.977900e+02 2.055700e+02 0
-1.905500e+00 6.206500e+00 1.936600e+00 -8.330700e-01 195 39 1.288000e+01 3.500000e+00 4.807400e+02 2.060900e+02 0
-1.968500e+00 6.222700e+00 1.944000e+00 -8.330700e-01 196 39 1.291400e+01 3.500000e+00 4.750200e+02 2.058300e+02 0
-2.032100e+00 6.270600e+00 1.844900e+00 -8.330700e-01 197 39 1.245700e+01 3.500000e+00 4.703800e+02 2.164600e+02 0
-2.042500e+00 6.300300e+00 1.862100e+00 -8.330700e-01 198 39 1.213800e+01 3.500000e+00 4.704000e+02 2.155200e+02 0
-1.836700e+00 6.173700e+00 2.515300e+00 -8.330700e-01 199 39 1.189600e+01 3.500000e+00 4.865000e+02 1.496500e+02 0
-2.553800e+00 6.639200e+00 -6.372800e-01 -8.330700e-01 209 39 1.342600e+01 3.500000e+00 4.333100e+02 4.506000e+02 0
-2.623100e+00 6.716000e+00 -6.429200e-01 -8.330700e-01 210 39 1.318700e+01 3.500000e+00 4.298200e+02 4.500600e+02 0
-2.362200e+00 7.254600e+00 -6.824500e-01 -8.330700e-01 223 39 1.408400e+01 3.500000e+00 4.719700e+02 4.469600e+02 0
-2.475200e+00 8.261300e+00 1.753900e+00 -8.330700e-01 253 39 1.382800e+01 3.500000e+00 4.902700e+02 2.579000e+02 0
-2.485000e+00 8.305500e+00 1.706400e+00 -8.330700e-01 254 39 1.406300e+01 3.500000e+00 4.906100e+02 2.618700e+02 0
-2.606700e+00 9.315200e+00 1.654000e+00 -8.330700e-01 282 39 1.445700e+01 3.500000e+00 5.042600e+02 2.760100e+02 0
-2.539000e+00 9.302500e+00 2.001800e+00 -8.330700e-01 283 39 1.468100e+01 3.500000e+00 5.084800e+02 2.534800e+02 0
-2.625200e+00 9.436900e+00 -8.426200e-01 -8.330700e-01 284 39 1.379700e+01 3.500000e+00 5.057400e+02 4.375600e+02 0
-2.505700e+00 9.242600e+00 2.959000e+00 -8.330700e-01 288 39 1.380200e+01 3.500000e+00 5.094100e+02 1.911200e+02 0
-2.357300e+00 9.228700e+00 3.230400e+00 -8.330700e-01 289 39 1.436000e+01 3.500000e+00 5.190400e+02 1.733700e+02 0
-2.365500e+00 8.983300e+00 3.945800e+00 -8.330700e-01 290 39 1.365000e+01 3.500000e+00 5.136800e+02 1.214000e+02 0
-1.176500e+00 9.768000e+00 4.347600e+00 -8.330700e-01 309 39 1.320300e+01 3.500000e+00 6.031100e+02 1.152600e+02 0
-4.420000e-01 1.054300e+01 4.084400e+00 -8.330700e-01 325 39 1.285200e+01 3.500000e+00 6.532800e+02 1.474100e+02 0
-6.207100e-01 1.060200e+01 4.005700e+00 -8.330700e-01 326 39 1.299100e+01 3.500000e+00 643 1.531000e+02 0
-1.023400e+00 1.113600e+01 4.095200e+00 -8.330700e-01 342 39 1.266600e+01 3.500000e+00 6.227400e+02 1.584500e+02 0
-3.012100e-01 1.218300e+01 4.079900e+00 -8.330700e-01 369 39 1.211100e+01 3.500000e+00 6.658700e+02 1.761400e+02 0
-2.429400e+00 1.133600e+01 5.785000e+00 -8.330700e-01 372 39 1.221900e+01 3.500000e+00 5.464500e+02 7.522500e+01 0
-2.740400e+00 1.135200e+01 5.691700e+00 -8.330700e-01 373 39 1.221000e+01 3.500000e+00 5.298300e+02 8.066000e+01 0
1.632700e+00 4.459100e+00 -4.772800e-01 -8.010300e-01 137 40 1.028000e+01 3.500000e+00 9.087700e+02 4.760900e+02 1
-2.943400e+00 4.687500e+00 2.507900e+00 -8.010300e-01 175 40 1.087100e+01 3.500000e+00 2.788700e+02 8.674300e+01 0
-2.449000e+00 5.258100e+00 2.033200e+00 -8.010300e-01 177 40 1.200700e+01 3.500000e+00 3.795000e+02 1.681500e+02 0
-2.462900e+00 5.371600e+00 1.813800e+00 -8.010300e-01 178 40 1.296300e+01 3.500000e+00 3.842600e+02 1.963200e+02 0
-2.476800e+00 5.485900e+00 1.553400e+00 -8.010300e-01 179 40 1.292400e+01 3.500000e+00 3.888500e+02 2.279000e+02 0
-2.393100e+00 5.565600e+00 1.541200e+00 -8.010300e-01 180 40 1.273100e+01 3.500000e+00 4.024100e+02 2.310300e+02 0
-2.455500e+00 5.507300e+00 1.776400e+00 -8.010300e-01 181 40 1.236500e+01 3.500000e+00 3.925500e+02 2.043400e+02 0
-2.765500e+00 5.483900e+00 -5.524900e-01 -8.010300e-01 182 40 1.189600e+01 3.500000e+00 3.544200e+02 4.597000e+02 0
-2.780800e+00 5.566700e+00 -5.585700e-01 -8.010300e-01 183 40 1.186300e+01 3.500000e+00 3.577400e+02 4.589000e+02 0
-2.346700e+00 5.794000e+00 -5.752500e-01 -8.010300e-01 184 40 1.240400e+01 3.500000e+00 4.177200e+02 4.571300e+02 0
-3.117400e+00 6.130400e+00 -5.999400e-01 -8.010300e-01 198 40 1.364900e+01 3.500000e+00 3.543600e+02 4.539100e+02 0
-3.133300e+00 6.162500e+00 -6.023000e-01 -8.010300e-01 199 40 1.392000e+01 3.500000e+00 3.545200e+02 4.536600e+02 0
-3.040500e+00 6.239000e+00 -6.079100e-01 -8.010300e-01 200 40 1.394200e+01 3.500000e+00 3.679100e+02 4.531400e+02 0
-3.001200e+00 6.293500e+00 -6.119100e-01 -8.010300e-01 201 40 1.396100e+01 3.500000e+00 3.746200e+02 4.527600e+02 0
-3.125900e+00 6.284400e+00 -6.112500e-01 -8.010300e-01 202 40 1.383400e+01 3.500000e+00 3.618000e+02 4.527500e+02 0
-3.086300e+00 6.343200e+00 -6.155600e-01 -8.010300e-01 203 40 1.358500e+01 3.500000e+00 3.687500e+02 4.523500e+02 0
-2.725700e+00 7.091000e+00 1.548000e+00 -8.010300e-01 223 40 1.425500e+01 3.500000e+00 4.352900e+02 2.584100e+02 0
-2.823900e+00 7.073200e+00 1.933700e+00 -8.010300e-01 226 40 1.392100e+01 3.500000e+00 4.262000e+02 2.257200e+02 0
-2.774800e+00 7.123600e+00 1.961800e+00 -8.010300e-01 227 40 1.399400e+01 3.500000e+00 4.323200e+02 2.243000e+02 0
-2.910900e+00 7.149500e+00 1.805100e+00 -8.010300e-01 228 40 1.373200e+01 3.500000e+00 4.214600e+02 2.379000e+02 0
-3.110400e+00 7.091200e+00 1.855200e+00 -8.010300e-01 229 40 1.382200e+01 3.500000e+00 4.019800e+02 2.328000e+02 0
-3.249000e+00 7.053100e+00 1.912200e+00 -8.010300e-01 230 40 1.382900e+01 3.500000e+00 3.883900e+02 2.273900e+02 0
-3.064500e+00 7.203300e+00 2.346100e+00 -8.010300e-01 235 40 1.327500e+01 3.500000e+00 4.105500e+02 1.943700e+02 0
-3.270000e+00 7.302900e+00 1.824900e+00 -8.010300e-01 236 40 1.316300e+01 3.500000e+00 3.968400e+02 2.390300e+02 0
7.413000e-01 7.363600e+00 4.431400e+00 -8.010300e-01 248 40 1.343900e+01 3.500000e+00 7.362600e+02 2.707700e+01 0
4.736500e-01 7.553800e+00 4.210500e+00 -8.010300e-01 249 40 1.341800e+01 3.500000e+00 7.132600e+02 5.295000e+01 0
4.755600e-01 7.569800e+00 4.253300e+00 -8.010300e-01 250 40 1.304800e+01 3.500000e+00 7.133200e+02 5.026400e+01 0
2.903000e-01 7.753100e+00 5.109000e+00 -8.010300e-01 267 40 1.320700e+01 3.500000e+00 6.968800e+02 -6.866900e+00 0
-2.300000e+00 8.637100e+00 4.051500e+00 -8.010300e-01 282 40 1.356600e+01 3.500000e+00 5.112700e+02 1.047200e+02 0
-2.308200e+00 8.591900e+00 4.224000e+00 -8.010300e-01 283 40 1.400100e+01 3.500000e+00 5.097200e+02 9.165900e+01 0
-2.393600e+00 7.950500e+00 5.360900e+00 -8.010300e-01 284 40 1.339300e+01 3.500000e+00 4.886200e+02 -1.235500e+01 0
-2.662400e+00 9.561600e+00 -8.517700e-01 -8.010300e-01 288 40 1.288800e+01 3.500000e+00 5.057500e+02 4.371400e+02 0
-2.435900e+00 9.399500e+00 2.622300e+00 -8.010300e-01 289 40 1.334900e+01 3.500000e+00 5.170900e+02 2.151700e+02 0
-2.444400e+00 9.022600e+00 3.805800e+00 -8.010300e-01 290 40 1.289100e+01 3.500000e+00 5.090800e+02 1.316100e+02 0
-2.531900e+00 9.023100e+00 3.839800e+00 -8.010300e-01 291 40 1.248800e+01 3.500000e+00 5.031100e+02 1.294700e+02 0
-2.461300e+00 9.317600e+00 3.225500e+00 -8.010300e-01 292 40 1.261600e+01 3.500000e+00 5.137800e+02 1.755200e+02 0
-2.151100e+00 9.660500e+00 2.457300e+00 -8.010300e-01 293 40 1.220600e+01 3.500000e+00 5.401500e+02 2.291400e+02 0
-6.417200e-01 4.783400e+00 9.062500e+00 -8.010300e-01 295 40 1.163900e+01 3.500000e+00 5.763500e+02 -6.765200e+02 0
-8.853600e-01 7.907400e+00 6.544300e+00 -8.010300e-01 296 40 1.154700e+01 3.500000e+00 6.036400e+02 -1.027200e+02 0
-1.281000e+00 9.030700e+00 6.024300e+00 -8.010300e-01 314 40 1.228300e+01 3.500000e+00 5.878500e+02 -1.265100e+01 0
-1.370700e+00 8.232600e+00 7.113100e+00 -8.010300e-01 315 40 1.209900e+01 3.500000e+00 5.707200e+02 -1.235000e+02 0
-2.698100e+00 9.737800e+00 4.691200e+00 -8.010300e-01 320 40 1.230900e+01 3.500000e+00 5.062000e+02 9.503700e+01 0
-2.619200e+00 9.677700e+00 4.936800e+00 -8.010300e-01 321 40 1.201400e+01 3.500000e+00 5.100400e+02 7.853900e+01 0
-7.980500e-01 1.003500e+01 5.242500e+00 -8.010300e-01 326 40 1.162600e+01 3.500000e+00 6.283900e+02 6.897800e+01 0
-1.209500e+00 1.019500e+01 6.034600e+00 -8.010300e-01 342 40 1.159500e+01 3.500000e+00 6.039600e+02 2.850600e+01 0
-1.609500e+00 1.027500e+01 6.220600e+00 -8.010300e-01 348 40 1.216600e+01 3.500000e+00 5.805500e+02 2.091100e+01 0
-1.899000e+00 1.008800e+01 6.506700e+00 -8.010300e-01 349 40 1.193800e+01 3.500000e+00 5.607700e+02 -1.356200e+00 0
-4.262800e+00 1.177400e+01 3.461400e+00 -8.010300e-01 373 40 1.270400e+01 3.500000e+00 4.561600e+02 2.027000e+02 0
-3.969000e+00 1.148500e+01 4.692800e+00 -8.010300e-01 374 40 1.248600e+01 3.500000e+00 4.661100e+02 1.355400e+02 0
-2.679500e+00 4.856800e+00 -5.064600e-01 -7.689800e-01 162 41 1.034900e+01 3.500000e+00 3.217300e+02 4.665900e+02 0
-2.607800e+00 4.871600e+00 -5.075500e-01 -7.689800e-01 163 41 1.027700e+01 3.500000e+00 3.320300e+02 4.664700e+02 0
-2.326800e+00 4.694600e+00 2.313100e+00 -7.689800e-01 165 41 1.007400e+01 3.500000e+00 3.587900e+02 1.102700e+02 0
-2.386000e+00 4.857900e+00 1.977900e+00 -7.689800e-01 166 41 1.053800e+01 3.500000e+00 3.620300e+02 1.591400e+02 0
-2.491000e+00 4.927400e+00 1.767500e+00 -7.689800e-01 167 41 1.084500e+01 3.500000e+00 3.533600e+02 1.872500e+02 0
-2.506000e+00 4.898400e+00 1.933800e+00 -7.689800e-01 168 41 1.088500e+01 3.500000e+00 3.497000e+02 1.662400e+02 0
-2.429400e+00 4.833000e+00 2.272200e+00 -7.689800e-01 169 41 1.104700e+01 3.500000e+00 3.551900e+02 1.224300e+02 0
-2.812700e+00 4.855900e+00 1.828400e+00 -7.689800e-01 170 41 1.098000e+01 3.500000e+00 3.081300e+02 1.777000e+02 0
-3.014900e+00 4.845100e+00 1.638100e+00 -7.689800e-01 171 41 1.158900e+01 3.500000e+00 2.816100e+02 2.006500e+02 0
-2.462900e+00 5.076900e+00 2.523700e+00 -7.689800e-01 178 41 1.236700e+01 3.500000e+00 3.672900e+02 1.047300e+02 0
-2.525400e+00 5.130400e+00 2.438100e+00 -7.689800e-01 179 41 1.233300e+01 3.500000e+00 3.631100e+02 1.172000e+02 0
-2.637300e+00 5.255000e+00 2.123200e+00 -7.689800e-01 180 41 1.224200e+01 3.500000e+00 3.575000e+02 1.581800e+02 0
-2.482800e+00 5.239400e+00 2.604400e+00 -7.689800e-01 183 41 1.256000e+01 3.500000e+00 3.749200e+02 1.035500e+02 0
-2.446500e+00 5.463700e+00 2.237500e+00 -7.689800e-01 184 41 1.298000e+01 3.500000e+00 3.915100e+02 1.532600e+02 0
-2.892600e+00 5.531200e+00 1.798000e+00 -7.689800e-01 187 41 1.321700e+01 3.500000e+00 3.454300e+02 2.030800e+02 0
-3.351800e+00 5.928000e+00 -5.850900e-01 -7.689800e-01 196 41 1.428100e+01 3.500000e+00 3.182900e+02 4.553800e+02 0
-3.262100e+00 6.009200e+00 -5.910500e-01 -7.689800e-01 197 41 1.427000e+01 3.500000e+00 3.326000e+02 4.547700e+02 0
-3.278700e+00 6.041900e+00 -5.934400e-01 -7.689800e-01 198 41 1.446300e+01 3.500000e+00 3.328300e+02 4.545100e+02 0
-3.241300e+00 6.106000e+00 -5.981500e-01 -7.689800e-01 199 41 1.461500e+01 3.500000e+00 3.404000e+02 4.540300e+02 0
-3.094800e+00 6.202500e+00 -6.052300e-01 -7.689800e-01 200 41 1.427700e+01 3.500000e+00 3.605600e+02 4.533800e+02 0
-3.164900e+00 6.198700e+00 -6.049500e-01 -7.689800e-01 201 41 1.417800e+01 3.500000e+00 3.533200e+02 4.533700e+02 0
-3.172600e+00 7.009400e+00 2.050600e+00 -7.689800e-01 229 41 1.394100e+01 3.500000e+00 3.932800e+02 2.148200e+02 0
-3.249000e+00 7.051300e+00 1.919100e+00 -7.689800e-01 230 41 1.411600e+01 3.500000e+00 3.883200e+02 2.267800e+02 0
-3.325900e+00 7.108600e+00 1.710400e+00 -7.689800e-01 231 41 1.366700e+01 3.500000e+00 3.839800e+02 2.453200e+02 0
-3.462300e+00 7.320200e+00 -6.872600e-01 -7.689800e-01 236 41 1.303700e+01 3.500000e+00 3.799800e+02 4.461000e+02 0
-2.942000e+00 7.485500e+00 4.435400e+00 -7.689800e-01 264 41 1.218900e+01 3.500000e+00 4.316400e+02 3.717000e+01 0
-5.806000e-01 7.220700e+00 5.815600e+00 -7.689800e-01 267 41 1.203500e+01 3.500000e+00 6.217800e+02 -8.845200e+01 0
-2.300000e+00 8.361400e+00 4.593500e+00 -7.689800e-01 282 41 1.228100e+01 3.500000e+00 5.053300e+02 5.860400e+01 0
-2.308200e+00 8.092100e+00 5.116700e+00 -7.689800e-01 283 41 1.268300e+01 3.500000e+00 4.985500e+02 1.129800e+01 0
-2.316400e+00 7.749100e+00 5.680200e+00 -7.689800e-01 284 41 1.236800e+01 3.500000e+00 4.895000e+02 -4.557100e+01 0
-2.540700e+00 8.673500e+00 4.647100e+00 -7.689800e-01 292 41 1.183400e+01 3.500000e+00 4.949200e+02 6.591800e+01 0
-2.549400e+00 8.488000e+00 5.044400e+00 -7.689800e-01 293 41 1.178300e+01 3.500000e+00 4.900400e+02 3.245000e+01 0
-3.357500e+00 8.760400e+00 4.085000e+00 -7.689800e-01 294 41 1.136400e+01 3.500000e+00 4.397700e+02 1.069800e+02 0
-4.010700e-01 4.664500e+00 9.138000e+00 -7.689800e-01 295 41 1.177100e+01 3.500000e+00 6.038600e+02 -7.113900e+02 0
-4.024400e-01 5.097000e+00 8.944100e+00 -7.689800e-01 296 41 1.179800e+01 3.500000e+00 6.110300e+02 -6.056500e+02 0
-1.615200e-01 1.029300e+01 -9.054500e-01 -7.689800e-01 297 41 1.130400e+01 3.500000e+00 6.733200e+02 4.357000e+02 0
-3.766000e+00 9.069300e+00 5.407100e+00 -7.689800e-01 322 41 1.136100e+01 3.500000e+00 4.210700e+02 3.120900e+01 0
-5.725200e+00 1.032200e+01 2.239300e+00 -7.689800e-01 345 41 1.178300e+01 3.500000e+00 3.364500e+02 2.512800e+02 0
-5.647800e+00 1.038800e+01 2.315700e+00 -7.689800e-01 346 41 1.224400e+01 3.500000e+00 3.432800e+02 2.475900e+02 0
-5.664100e+00 1.047100e+01 2.067800e+00 -7.689800e-01 347 41 1.210100e+01 3.500000e+00 3.449300e+02 2.625200e+02 0
-5.186100e+00 1.078100e+01 2.827900e+00 -7.689800e-01 353 41 1.238200e+01 3.500000e+00 3.821600e+02 2.234100e+02 0
-4.274300e+00 1.135600e+01 4.738900e+00 -7.689800e-01 374 41 1.250100e+01 3.500000e+00 4.471300e+02 1.308400e+02 0
-4.595100e+00 1.218100e+01 5.161100e+00 -7.689800e-01 402 41 1.161100e+01 3.500000e+00 4.473500e+02 1.260100e+02 0
-4.716300e+00 1.181600e+01 5.935700e+00 -7.689800e-01 403 41 1.176600e+01 3.500000e+00 4.338300e+02 8.085200e+01 0
-4.838000e+00 1.184800e+01 5.856300e+00 -7.689800e-01 404 41 1.138200e+01 3.500000e+00 4.282500e+02 8.556700e+01 0
-2.960300e+00 4.234900e+00 1.613600e+00 -7.369400e-01 156 42 1.024700e+01 3.500000e+00 2.314200e+02 1.813100e+02 0
-2.894300e+00 4.210400e+00 1.891300e+00 -7.369400e-01 157 42 1.057300e+01 3.500000e+00 2.389300e+02 1.415500e+02 0
-2.767400e+00 4.755100e+00 -4.990000e-01 -7.369400e-01 162 42 1.068500e+01 3.500000e+00 3.023200e+02 4.678000e+02 0
-2.873000e+00 4.517100e+00 1.830300e+00 -7.369400e-01 163 42 1.196400e+01 3.500000e+00 2.717900e+02 1.640400e+02 0
-2.846200e+00 4.356900e+00 2.306700e+00 -7.369400e-01 164 42 1.199900e+01 3.500000e+00 2.613600e+02 9.309000e+01 0
-2.237300e+00 2.946400e-01 5.264100e+00 -7.369400e-01 165 42 1.065400e+01 3.500000e+00 -2.308600e+03 -5.359200e+03 0
-3.016200e+00 4.794100e+00 -5.018600e-01 -7.369400e-01 166 42 1.203900e+01 3.500000e+00 2.733200e+02 4.670900e+02 0
-3.079800e+00 4.687500e+00 -4.940400e-01 -7.369400e-01 167 42 1.296200e+01 3.500000e+00 2.554300e+02 4.684100e+02 0
-3.052800e+00 4.686600e+00 1.652400e+00 -7.369400e-01 168 42 1.303400e+01 3.500000e+00 2.631100e+02 1.935700e+02 0
-3.025200e+00 4.558200e+00 2.120000e+00 -7.369400e-01 169 42 1.199900e+01 3.500000e+00 2.558700e+02 1.288100e+02 0
-3.061200e+00 4.844800e+00 1.550400e+00 -7.369400e-01 171 42 1.286700e+01 3.500000e+00 2.756200e+02 2.113700e+02 0
-3.125900e+00 4.807000e+00 1.668900e+00 -7.369400e-01 172 42 1.251800e+01 3.500000e+00 2.644500e+02 1.957400e+02 0
-2.696200e+00 5.165200e+00 2.626000e+00 -7.369400e-01 184 42 1.287600e+01 3.500000e+00 3.453700e+02 9.782000e+01 0
-3.405000e+00 5.897100e+00 -5.828200e-01 -7.369400e-01 196 42 1.434100e+01 3.500000e+00 3.107400e+02 4.556000e+02 0
-3.208600e+00 6.023200e+00 -5.920700e-01 -7.369400e-01 197 42 1.417700e+01 3.500000e+00 3.389400e+02 4.547000e+02 0
-3.241300e+00 6.107300e+00 -5.982400e-01 -7.369400e-01 199 42 1.346100e+01 3.500000e+00 3.404700e+02 4.540200e+02 0
-3.948500e+00 5.773700e+00 -5.737600e-01 -7.369400e-01 202 42 1.373700e+01 3.500000e+00 2.445200e+02 4.562900e+02 0
-3.968200e+00 5.758700e+00 -5.726600e-01 -7.369400e-01 203 42 1.366900e+01 3.500000e+00 2.412700e+02 4.564100e+02 0
-3.821600e+00 5.864700e+00 -5.804400e-01 -7.369400e-01 204 42 1.386500e+01 3.500000e+00 2.647500e+02 4.556100e+02 0
-3.729200e+00 5.978600e+00 -5.888000e-01 -7.369400e-01 205 42 1.381200e+01 3.500000e+00 2.824100e+02 4.547400e+02 0
-3.747200e+00 6.328800e+00 1.966500e+00 -7.369400e-01 219 42 1.345600e+01 3.500000e+00 3.062300e+02 2.075900e+02 0
-3.644800e+00 6.294900e+00 2.363100e+00 -7.369400e-01 220 42 1.398400e+01 3.500000e+00 3.145000e+02 1.696500e+02 0
-3.721500e+00 6.268400e+00 2.426500e+00 -7.369400e-01 221 42 1.362300e+01 3.500000e+00 3.055900e+02 1.630100e+02 0
-3.901900e+00 6.501600e+00 2.313300e+00 -7.369400e-01 228 42 1.255600e+01 3.500000e+00 3.022200e+02 1.803300e+02 0
-3.297800e+00 6.465100e+00 3.979000e+00 -7.369400e-01 238 42 1.271200e+01 3.500000e+00 3.581700e+02 2.880600e+01 0
-3.090400e+00 5.982200e+00 5.049700e+00 -7.369400e-01 242 42 1.195100e+01 3.500000e+00 3.538100e+02 -9.956000e+01 0
-3.169300e+00 6.338500e+00 4.605000e+00 -7.369400e-01 243 42 1.245600e+01 3.500000e+00 3.643800e+02 -3.448300e+01 0
-3.145300e+00 6.761000e+00 5.302500e+00 -7.369400e-01 263 42 1.162400e+01 3.500000e+00 3.867900e+02 -6.950100e+01 0
-3.157300e+00 7.102800e+00 4.893100e+00 -7.369400e-01 264 42 1.232600e+01 3.500000e+00 3.998100e+02 -1.651100e+01 0
-2.881200e+00 7.261600e+00 4.896100e+00 -7.369400e-01 265 42 1.230500e+01 3.500000e+00 4.290300e+02 -9.177900e+00 0
-2.313700e+00 7.207200e+00 5.324700e+00 -7.369400e-01 266 42 1.199000e+01 3.500000e+00 4.749100e+02 -4.696500e+01 0
-4.916000e+00 8.287000e+00 2.630700e+00 -7.369400e-01 287 42 1.154000e+01 3.500000e+00 3.105400e+02 1.966700e+02 0
-5.011500e+00 8.356800e+00 2.347300e+00 -7.369400e-01 288 42 1.180400e+01 3.500000e+00 3.064900e+02 2.180100e+02 0
-3.766000e+00 8.509600e+00 6.251200e+00 -7.369400e-01 322 42 1.166000e+01 3.500000e+00 4.040500e+02 -4.659700e+01 0
-3.602000e+00 9.028500e+00 5.654000e+00 -7.369400e-01 323 42 1.140900e+01 3.500000e+00 4.309400e+02 1.381400e+01 0
-1.498200e+00 7.497600e+00 8.293700e+00 -7.369400e-01 324 42 1.110500e+01 3.500000e+00 5.483700e+02 -2.575000e+02 0
-5.631400e+00 1.050300e+01 1.514200e+00 -7.369400e-01 345 42 1.212500e+01 3.500000e+00 3.475800e+02 2.941300e+02 0
-5.836000e+00 1.029200e+01 2.278800e+00 -7.369400e-01 346 42 1.258500e+01 3.500000e+00 3.289000e+02 2.487300e+02 0
-6.041700e+00 1.009800e+01 2.746800e+00 -7.369400e-01 347 42 1.249600e+01 3.500000e+00 310 2.193500e+02 0
-4.147100e+00 1.152600e+01 5.104900e+00 -7.369400e-01 381 42 1.123300e+01 3.500000e+00 4.574600e+02 1.155300e+02 0
-3.002600e+00 4.144400e+00 1.763500e+00 -7.049000e-01 156 43 1.038100e+01 3.500000e+00 2.158000e+02 1.563300e+02 0
-2.894300e+00 4.264700e+00 1.765400e+00 -7.049000e-01 157 43 1.075300e+01 3.500000e+00 2.442900e+02 1.615700e+02 0
-2.870000e+00 4.288600e+00 1.853000e+00 -7.049000e-01 158 43 1.057100e+01 3.500000e+00 2.503500e+02 1.506500e+02 0
-2.855300e+00 4.252900e+00 2.318200e+00 -7.049000e-01 162 43 1.072500e+01 3.500000e+00 2.498600e+02 8.515300e+01 0
-2.873000e+00 4.414000e+00 2.066600e+00 -7.049000e-01 163 43 1.229900e+01 3.500000e+00 2.626600e+02 1.282000e+02 0
-2.846200e+00 4.253200e+00 2.492700e+00 -7.049000e-01 164 43 1.231500e+01 3.500000e+00 2.515500e+02 6.140400e+01 0
-3.106300e+00 4.666300e+00 -4.924800e-01 -7.049000e-01 166 43 1.251400e+01 3.500000e+00 2.499500e+02 4.686600e+02 0
-3.079800e+00 4.618800e+00 1.670400e+00 -7.049000e-01 167 43 1.325200e+01 3.500000e+00 2.534200e+02 1.888900e+02 0
-3.098400e+00 4.617900e+00 1.757800e+00 -7.049000e-01 168 43 1.322700e+01 3.500000e+00 2.510800e+02 1.777500e+02 0
-3.071100e+00 4.605400e+00 1.944700e+00 -7.049000e-01 169 43 1.228100e+01 3.500000e+00 2.538700e+02 1.534300e+02 0
-3.061200e+00 4.835200e+00 1.580300e+00 -7.049000e-01 171 43 1.228700e+01 3.500000e+00 2.748500e+02 2.074200e+02 0
-3.486900e+00 4.928800e+00 1.750600e+00 -7.049000e-01 181 43 1.330600e+01 3.500000e+00 2.306500e+02 1.903700e+02 0
-3.506200e+00 4.936200e+00 1.815600e+00 -7.049000e-01 182 43 1.358900e+01 3.500000e+00 2.290900e+02 1.829200e+02 0
-3.525600e+00 4.974000e+00 1.796900e+00 -7.049000e-01 183 43 1.315500e+01 3.500000e+00 2.301400e+02 1.864600e+02 0
-3.552400e+00 5.165600e+00 1.700500e+00 -7.049000e-01 187 43 1.304800e+01 3.500000e+00 2.436000e+02 2.038100e+02 0
-3.571500e+00 5.180200e+00 1.749200e+00 -7.049000e-01 188 43 1.316300e+01 3.500000e+00 2.427000e+02 1.987300e+02 0
-4.075700e+00 5.410100e+00 -5.470700e-01 -7.049000e-01 195 43 1.359000e+01 3.500000e+00 2.002200e+02 4.595100e+02 0
-4.149900e+00 5.386900e+00 -5.453700e-01 -7.049000e-01 196 43 1.398200e+01 3.500000e+00 1.896900e+02 4.596800e+02 0
-4.224600e+00 5.374700e+00 -5.444800e-01 -7.049000e-01 197 43 1.382300e+01 3.500000e+00 1.800500e+02 4.597500e+02 0
-4.246200e+00 5.395300e+00 -5.459900e-01 -7.049000e-01 198 43 1.358600e+01 3.500000e+00 1.795400e+02 4.595300e+02 0
-4.604100e+00 6.212100e+00 -6.059400e-01 -7.049000e-01 226 43 1.271600e+01 3.500000e+00 2.111200e+02 4.524500e+02 0
-4.562900e+00 6.238100e+00 1.600100e+00 -7.049000e-01 227 43 1.288300e+01 3.500000e+00 2.209900e+02 2.405400e+02 0
-3.815100e+00 6.733900e+00 2.933600e+00 -7.049000e-01 238 43 1.262300e+01 3.500000e+00 3.238200e+02 1.324400e+02 0
-3.235300e+00 6.602500e+00 4.167300e+00 -7.049000e-01 243 43 1.214900e+01 3.500000e+00 3.707700e+02 1.899800e+01 0
-6.082900e+00 8.907300e+00 5.210200e+00 -7.049000e-01 344 43 1.126400e+01 3.500000e+00 2.598900e+02 4.071500e+01 0
-5.725200e+00 9.498900e+00 4.617200e+00 -7.049000e-01 345 43 1.139000e+01 3.500000e+00 3.080200e+02 9.565000e+01 0
-5.836000e+00 1.015600e+01 2.823000e+00 -7.049000e-01 346 43 1.147000e+01 3.500000e+00 3.244800e+02 2.156400e+02 0
-6.230500e+00 9.986600e+00 2.731000e+00 -7.049000e-01 347 43 1.154000e+01 3.500000e+00 2.943700e+02 2.188100e+02 0
-5.682400e+00 9.724100e+00 5.013000e+00 -7.049000e-01 354 43 1.133400e+01 3.500000e+00 3.195800e+02 7.805200e+01 0
-5.891700e+00 9.718100e+00 4.866800e+00 -7.049000e-01 355 43 1.142000e+01 3.500000e+00 3.063200e+02 8.675100e+01 0
-1.573500e+00 2.003700e+00 -2.970600e-01 -6.728600e-01 74 44 9.990500e+00 3.500000e+00 1.339800e+02 5.551300e+02 0
-2.828800e+00 4.421400e+00 2.111100e+00 -6.728600e-01 163 44 1.074100e+01 3.500000e+00 2.694900e+02 1.226400e+02 0
-2.801800e+00 4.105600e+00 2.774700e+00 -6.728600e-01 164 44 1.061700e+01 3.500000e+00 2.433200e+02 1.129600e+01 0
-3.061200e+00 4.653900e+00 -4.915700e-01 -6.728600e-01 166 44 1.101800e+01 3.500000e+00 2.547500e+02 4.688600e+02 0
-3.034500e+00 4.529700e+00 1.970400e+00 -6.728600e-01 167 44 1.153200e+01 3.500000e+00 2.516400e+02 1.466800e+02 0
-3.052800e+00 4.500700e+00 2.106800e+00 -6.728600e-01 168 44 1.138500e+01 3.500000e+00 2.467100e+02 1.276600e+02 0
-3.418700e+00 4.846400e+00 1.975800e+00 -6.728600e-01 180 44 1.202300e+01 3.500000e+00 2.319400e+02 1.602200e+02 0
-3.486900e+00 4.919000e+00 1.778000e+00 -6.728600e-01 181 44 1.272400e+01 3.500000e+00 2.298000e+02 1.867600e+02 0
-3.555600e+00 4.920400e+00 1.761700e+00 -6.728600e-01 182 44 1.288000e+01 3.500000e+00 2.214700e+02 1.888400e+02 0
-3.575300e+00 4.923800e+00 1.836600e+00 -6.728600e-01 183 44 1.232400e+01 3.500000e+00 2.195400e+02 1.800500e+02 0
-4.468000e+00 4.601800e+00 -4.877500e-01 -6.728600e-01 185 44 1.178800e+01 3.500000e+00 6.290700e+01 4.683300e+02 0
-4.643700e+00 4.415400e+00 -4.740700e-01 -6.728600e-01 186 44 1.250300e+01 3.500000e+00 1.270700e+01 4.707300e+02 0
-4.922500e+00 3.946600e+00 -4.396600e-01 -6.728600e-01 187 44 1.239800e+01 3.500000e+00 -1.087600e+02 4.778900e+02 0
-3.937100e+00 5.530800e+00 -5.559300e-01 -6.728600e-01 196 44 1.321500e+01 3.500000e+00 2.262600e+02 4.584600e+02 0
-4.064200e+00 5.452100e+00 -5.501600e-01 -6.728600e-01 197 44 1.370400e+01 3.500000e+00 2.052800e+02 4.591100e+02 0
-4.192400e+00 5.407100e+00 -5.468500e-01 -6.728600e-01 198 44 1.377400e+01 3.500000e+00 1.867300e+02 4.594600e+02 0
-4.321800e+00 5.380800e+00 -5.449300e-01 -6.728600e-01 199 44 1.312700e+01 3.500000e+00 1.696000e+02 4.596200e+02 0
-4.642300e+00 5.267100e+00 -5.365800e-01 -6.728600e-01 206 44 1.296800e+01 3.500000e+00 1.213600e+02 4.605200e+02 0
-4.665000e+00 5.250000e+00 1.559400e+00 -6.728600e-01 207 44 1.317800e+01 3.500000e+00 1.228700e+02 2.229900e+02 0
-4.518200e+00 5.408000e+00 1.612200e+00 -6.728600e-01 208 44 1.312500e+01 3.500000e+00 1.554700e+02 2.211000e+02 0
-4.313000e+00 5.545400e+00 1.847300e+00 -6.728600e-01 209 44 1.345900e+01 3.500000e+00 1.911900e+02 1.994600e+02 0
-4.276700e+00 5.495200e+00 2.188000e+00 -6.728600e-01 210 44 1.332100e+01 3.500000e+00 1.914200e+02 1.617600e+02 0
-4.686300e+00 6.204700e+00 -6.053900e-01 -6.728600e-01 227 44 1.222000e+01 3.500000e+00 2.024400e+02 4.524600e+02 0
-4.526400e+00 6.655700e+00 1.928400e+00 -6.728600e-01 238 44 1.176900e+01 3.500000e+00 2.537600e+02 2.188700e+02 0
-4.281900e+00 7.518700e+00 3.380900e+00 -6.728600e-01 267 44 1.169100e+01 3.500000e+00 3.241600e+02 1.214900e+02 0
-4.298000e+00 7.540700e+00 3.407500e+00 -6.728600e-01 268 44 1.167200e+01 3.500000e+00 3.239400e+02 1.201300e+02 0
-4.230100e+00 6.927900e+00 4.933900e+00 -6.728600e-01 273 44 1.199300e+01 3.500000e+00 2.998000e+02 -2.723000e+01 0
-4.469100e+00 6.917200e+00 4.804000e+00 -6.728600e-01 274 44 1.171900e+01 3.500000e+00 2.784700e+02 -1.670400e+01 0
-1.844900e+00 6.394500e+00 -6.193300e-01 -6.728600e-01 295 44 1.141700e+01 3.500000e+00 4.930100e+02 4.526700e+02 0
-6.630000e+00 8.340700e+00 3.809000e+00 -6.728600e-01 325 44 1.212200e+01 3.500000e+00 1.908300e+02 1.167300e+02 0
-6.650400e+00 8.444300e+00 3.645600e+00 -6.728600e-01 326 44 1.255800e+01 3.500000e+00 1.951100e+02 1.308300e+02 0
-6.670900e+00 8.322100e+00 3.982500e+00 -6.728600e-01 327 44 1.207900e+01 3.500000e+00 1.870800e+02 1.042300e+02 0
-6.178700e+00 8.179400e+00 5.853000e+00 -6.728600e-01 339 44 1.223200e+01 3.500000e+00 2.168200e+02 -3.112700e+01 0
-6.082900e+00 8.656700e+00 5.616800e+00 -6.728600e-01 344 44 1.198700e+01 3.500000e+00 2.482800e+02 4.994800e+00 0
-5.819100e+00 8.673800e+00 5.935500e+00 -6.728600e-01 345 44 1.199700e+01 3.500000e+00 2.675200e+02 -1.556800e+01 0
-5.647800e+00 8.854000e+00 5.905600e+00 -6.728600e-01 346 44 1.156200e+01 3.500000e+00 2.873200e+02 -6.504900e+00 0
-6.446600e+00 7.673000e+00 7.475300e+00 -6.728600e-01 359 44 1.094700e+01 3.500000e+00 1.690400e+02 -1.732500e+02 0
-6.660500e+00 8.034000e+00 6.948400e+00 -6.728600e-01 360 44 1.096600e+01 3.500000e+00 1.749700e+02 -1.136400e+02 0
-6.777300e+00 9.006900e+00 5.568600e+00 -6.728600e-01 361 44 1.081300e+01 3.500000e+00 2.190600e+02 2.217300e+01 0
-4.667700e+00 4.314000e+00 -4.666300e-01 -6.408200e-01 183 45 1.160700e+01 3.500000e+00 -6.352600e+00 4.721900e+02 0
-4.593500e+00 4.442400e+00 -4.760500e-01 -6.408200e-01 184 45 1.263800e+01 3.500000e+00 2.359900e+01 4.703900e+02 0
-4.518200e+00 4.568900e+00 -4.853300e-01 -6.408200e-01 185 45 1.341200e+01 3.500000e+00 5.179200e+01 4.687200e+02 0
-4.492300e+00 4.642000e+00 -4.907000e-01 -6.408200e-01 186 45 1.378400e+01 3.500000e+00 6.511800e+01 4.677800e+02 0
-4.516600e+00 4.663300e+00 -4.922600e-01 -6.408200e-01 187 45 1.353300e+01 3.500000e+00 6.479100e+01 4.674900e+02 0
-4.489800e+00 4.738700e+00 -4.978000e-01 -6.408200e-01 188 45 1.277400e+01 3.500000e+00 7.806800e+01 4.665600e+02 0
-4.360000e+00 4.907800e+00 -5.102100e-01 -6.408200e-01 189 45 1.235100e+01 3.500000e+00 1.150400e+02 4.646300e+02 0
-4.638300e+00 5.098800e+00 -5.242300e-01 -6.408200e-01 201 45 1.275000e+01 3.500000e+00 1.032400e+02 4.622800e+02 0
-4.716300e+00 5.049300e+00 -5.205900e-01 -6.408200e-01 202 45 1.341800e+01 3.500000e+00 8.817400e+01 4.627600e+02 0
-4.850000e+00 5.014300e+00 -5.180300e-01 -6.408200e-01 203 45 1.307600e+01 3.500000e+00 6.788000e+01 4.630400e+02 0
-4.953700e+00 4.539400e+00 2.368800e+00 -6.408200e-01 205 45 1.220300e+01 3.500000e+00 2.414400e+00 9.938700e+01 0
-4.810100e+00 4.945500e+00 1.913100e+00 -6.408200e-01 206 45 1.265500e+01 3.500000e+00 7.254400e+01 1.731900e+02 0
-4.833600e+00 5.162500e+00 -5.289000e-01 -6.408200e-01 207 45 1.244600e+01 3.500000e+00 8.747300e+01 4.614600e+02 0
-4.913500e+00 5.251000e+00 -5.354000e-01 -6.408200e-01 208 45 1.210900e+01 3.500000e+00 8.830700e+01 4.604900e+02 0
-4.877300e+00 5.519000e+00 1.927600e+00 -6.408200e-01 219 45 1.159500e+01 3.500000e+00 1.278600e+02 1.907100e+02 0
-4.959400e+00 5.516900e+00 1.860900e+00 -6.408200e-01 220 45 1.263300e+01 3.500000e+00 1.186000e+02 1.977700e+02 0
-4.922000e+00 5.523300e+00 2.073200e+00 -6.408200e-01 221 45 1.271700e+01 3.500000e+00 1.238400e+02 1.755300e+02 0
-4.763500e+00 5.199400e+00 3.137500e+00 -6.408200e-01 222 45 1.168700e+01 3.500000e+00 1.107800e+02 4.628600e+01 0
-4.706500e+00 5.486800e+00 3.501800e+00 -6.408200e-01 231 45 1.129400e+01 3.500000e+00 1.471500e+02 2.411400e+01 0
-5.627300e+00 5.846100e+00 5.137300e+00 -6.408200e-01 276 45 1.199000e+01 3.500000e+00 9.088300e+01 -1.119300e+02 0
-5.572400e+00 6.114000e+00 4.947100e+00 -6.408200e-01 277 45 1.253100e+01 3.500000e+00 1.206800e+02 -7.498000e+01 0
-5.517100e+00 6.252800e+00 4.903600e+00 -6.408200e-01 278 45 1.222300e+01 3.500000e+00 1.378400e+02 -6.198000e+01 0
-5.618300e+00 6.768200e+00 4.731500e+00 -6.408200e-01 287 45 1.250600e+01 3.500000e+00 1.690900e+02 -1.662300e+01 0
-5.794500e+00 6.701800e+00 4.687100e+00 -6.408200e-01 288 45 1.263200e+01 3.500000e+00 1.485800e+02 -1.614600e+01 0
-6.050500e+00 6.653300e+00 4.504100e+00 -6.408200e-01 289 45 1.241400e+01 3.500000e+00 1.218300e+02 -2.779300e+00 0
-6.150300e+00 6.728200e+00 4.332400e+00 -6.408200e-01 290 45 1.206600e+01 3.500000e+00 1.188200e+02 1.572000e+01 0
-5.628900e+00 6.155400e+00 6.281900e+00 -6.408200e-01 300 45 1.176500e+01 3.500000e+00 1.221000e+02 -1.925800e+02 0
-6.897400e+00 7.419800e+00 4.718500e+00 -6.408200e-01 321 45 1.180900e+01 3.500000e+00 1.115900e+02 1.804700e+01 0
-7.006500e+00 7.541000e+00 4.440200e+00 -6.408200e-01 322 45 1.226900e+01 3.500000e+00 1.114700e+02 4.442700e+01 0
-6.940500e+00 7.931400e+00 3.921700e+00 -6.408200e-01 323 45 1.211300e+01 3.500000e+00 1.429000e+02 9.671700e+01 0
-6.650400e+00 8.222700e+00 4.121000e+00 -6.408200e-01 326 45 1.248700e+01 3.500000e+00 1.828700e+02 9.153300e+01 0
-6.670900e+00 8.222500e+00 4.184200e+00 -6.408200e-01 327 45 1.197000e+01 3.500000e+00 1.814800e+02 8.713300e+01 0
-6.824200e+00 7.135600e+00 6.469100e+00 -6.408200e-01 339 45 1.144400e+01 3.500000e+00 9.929900e+01 -1.324300e+02 0
-6.936900e+00 8.124400e+00 5.102400e+00 -6.408200e-01 340 45 1.144900e+01 3.500000e+00 1.576300e+02 1.973800e+01 0
-6.771800e+00 8.167700e+00 5.331100e+00 -6.408200e-01 341 45 1.095400e+01 3.500000e+00 1.726100e+02 5.362600e+00 0
-6.176500e+00 8.179000e+00 6.200300e+00 -6.408200e-01 344 45 1.091900e+01 3.500000e+00 2.174100e+02 -5.512500e+01 0
-5.819100e+00 8.098800e+00 6.698800e+00 -6.408200e-01 345 45 1.108600e+01 3.500000e+00 2.395500e+02 -9.425900e+01 0
-6.331200e+00 8.087200e+00 7.067900e+00 -6.408200e-01 358 45 1.096200e+01 3.500000e+00 2.022000e+02 -1.195100e+02 0
-6.642000e+00 7.008000e+00 7.942600e+00 -6.408200e-01 359 45 1.095900e+01 3.500000e+00 1.073000e+02 -2.567800e+02 0
-6.954400e+00 7.157800e+00 7.588900e+00 -6.408200e-01 360 45 1.103700e+01 3.500000e+00 9.292600e+01 -2.168700e+02 0
-6.973700e+00 8.222900e+00 6.466500e+00 -6.408200e-01 361 45 1.112300e+01 3.500000e+00 1.632600e+02 -6.994400e+01 0
-6.697600e+00 8.752500e+00 6.122100e+00 -6.408200e-01 362 45 1.102400e+01 3.500000e+00 2.119400e+02 -2.324000e+01 0
-4.493100e+00 4.239900e+00 -4.611900e-01 -6.087800e-01 180 46 1.033800e+01 3.500000e+00 6.421000e+00 4.734800e+02 0
-4.616400e+00 4.254800e+00 -4.622800e-01 -6.087800e-01 181 46 1.097800e+01 3.500000e+00 -8.655700e+00 4.731300e+02 0
-4.592700e+00 4.341800e+00 -4.686700e-01 -6.087800e-01 182 46 1.149100e+01 3.500000e+00 8.449300e+00 4.718400e+02 0
-4.518700e+00 4.467000e+00 -4.778600e-01 -6.087800e-01 183 46 1.295300e+01 3.500000e+00 3.732100e+01 4.701200e+02 0
-4.543600e+00 4.490000e+00 -4.795500e-01 -6.087800e-01 184 46 1.349200e+01 3.500000e+00 3.729100e+01 4.697700e+02 0
-4.518200e+00 4.564700e+00 -4.850200e-01 -6.087800e-01 185 46 1.344500e+01 3.500000e+00 5.120900e+01 4.687800e+02 0
-4.492300e+00 4.643400e+00 -4.908000e-01 -6.087800e-01 186 46 1.302300e+01 3.500000e+00 6.530900e+01 4.677700e+02 0
-4.465800e+00 4.685400e+00 -4.938900e-01 -6.087800e-01 187 46 1.212000e+01 3.500000e+00 7.427800e+01 4.672500e+02 0
-4.565100e+00 4.710800e+00 -4.957500e-01 -6.087800e-01 189 46 1.207900e+01 3.500000e+00 6.479800e+01 4.668400e+02 0
-4.891200e+00 4.772800e+00 -5.003000e-01 -6.087800e-01 198 46 1.317000e+01 3.500000e+00 3.157600e+01 4.658100e+02 0
-4.916000e+00 4.749700e+00 -4.986100e-01 -6.087800e-01 199 46 1.316400e+01 3.500000e+00 2.526500e+01 4.660700e+02 0
-4.832200e+00 4.850300e+00 -5.059900e-01 -6.087800e-01 200 46 1.279400e+01 3.500000e+00 4.930200e+01 4.649300e+02 0
-4.771100e+00 4.851700e+00 1.723900e+00 -6.087800e-01 202 46 1.267000e+01 3.500000e+00 6.505600e+01 1.922700e+02 0
-4.818600e+00 4.694300e+00 2.237100e+00 -6.087800e-01 204 46 1.253200e+01 3.500000e+00 4.068800e+01 1.236000e+02 0
-4.842300e+00 4.619100e+00 2.443900e+00 -6.087800e-01 205 46 1.244000e+01 3.500000e+00 2.827400e+01 9.421100e+01 0
-4.996200e+00 5.288800e+00 2.242500e+00 -6.087800e-01 219 46 1.157100e+01 3.500000e+00 9.162500e+01 1.490800e+02 0
-5.078900e+00 5.381200e+00 1.934500e+00 -6.087800e-01 220 46 1.201300e+01 3.500000e+00 9.158700e+01 1.859200e+02 0
-5.162100e+00 5.419500e+00 1.735600e+00 -6.087800e-01 221 46 1.174900e+01 3.500000e+00 8.598200e+01 2.085700e+02 0
-5.307800e+00 5.142000e+00 6.078800e+00 -6.087800e-01 275 46 1.041300e+01 3.500000e+00 5.232700e+01 -274 0
-5.327200e+00 5.772400e+00 5.525900e+00 -6.087800e-01 276 46 1.159200e+01 3.500000e+00 1.148000e+02 -1.558100e+02 0
-5.346500e+00 6.088000e+00 5.220900e+00 -6.087800e-01 277 46 1.203300e+01 3.500000e+00 1.406500e+02 -1.024300e+02 0
-5.365900e+00 6.238200e+00 5.086600e+00 -6.087800e-01 278 46 1.176300e+01 3.500000e+00 1.511800e+02 -7.971500e+01 0
-5.537000e+00 4.953600e+00 6.250000e+00 -6.087800e-01 279 46 1.051100e+01 3.500000e+00 3.952100e+00 -3.142300e+02 0
-5.888900e+00 6.543400e+00 4.568900e+00 -6.087800e-01 285 46 1.229400e+01 3.500000e+00 1.273000e+02 -1.449400e+01 0
-5.831900e+00 6.483700e+00 4.797400e+00 -6.087800e-01 286 46 1.286500e+01 3.500000e+00 1.279900e+02 -3.777200e+01 0
-5.774300e+00 6.512300e+00 4.899800e+00 -6.087800e-01 287 46 1.317300e+01 3.500000e+00 1.357500e+02 -4.507300e+01 0
-5.794500e+00 6.659100e+00 4.747700e+00 -6.087800e-01 288 46 1.305600e+01 3.500000e+00 1.453600e+02 -2.360400e+01 0
-5.893300e+00 6.979200e+00 4.209600e+00 -6.087800e-01 289 46 1.247800e+01 3.500000e+00 1.600500e+02 3.726300e+01 0
-7.159300e+00 7.165300e+00 4.721700e+00 -6.087800e-01 321 46 1.196600e+01 3.500000e+00 7.058500e+01 6.567200e+00 0
-7.181600e+00 7.597300e+00 4.046900e+00 -6.087800e-01 322 46 1.222900e+01 3.500000e+00 1.012600e+02 7.639900e+01 0
-7.204000e+00 7.895500e+00 3.495800e+00 -6.087800e-01 323 46 1.194100e+01 3.500000e+00 120 1.268100e+02 0
-7.314500e+00 8.058400e+00 2.967000e+00 -6.087800e-01 324 46 1.109500e+01 3.500000e+00 1.220800e+02 1.693700e+02 0
-4.541900e+00 4.189700e+00 -4.575100e-01 -5.767400e-01 180 47 1.156100e+01 3.500000e+00 -8.680100e+00 4.742200e+02 0
-4.616400e+00 4.185000e+00 -4.571600e-01 -5.767400e-01 181 47 1.218400e+01 3.500000e+00 -2.016300e+01 4.742200e+02 0
-4.938400e+00 3.932600e+00 -4.386300e-01 -5.767400e-01 182 47 1.139300e+01 3.500000e+00 -1.139500e+02 4.781200e+02 0
-4.518700e+00 4.468900e+00 -4.779900e-01 -5.767400e-01 183 47 1.226200e+01 3.500000e+00 3.758800e+01 4.700900e+02 0
-4.493600e+00 4.540100e+00 -4.832200e-01 -5.767400e-01 184 47 1.243900e+01 3.500000e+00 5.105700e+01 4.691300e+02 0
-4.417800e+00 4.633900e+00 -4.901100e-01 -5.767400e-01 185 47 1.131000e+01 3.500000e+00 7.377800e+01 4.679500e+02 0
-4.949800e+00 4.448000e+00 -4.764600e-01 -5.767400e-01 194 47 1.270500e+01 3.500000e+00 -2.376600e+01 4.699900e+02 0
-5.028400e+00 4.413200e+00 -4.739100e-01 -5.767400e-01 195 47 1.289700e+01 3.500000e+00 -3.997300e+01 4.704100e+02 0
-5.078100e+00 4.538200e+00 -4.830800e-01 -5.767400e-01 199 47 1.286700e+01 3.500000e+00 -2.672600e+01 4.686400e+02 0
-5.103700e+00 4.525300e+00 -4.821300e-01 -5.767400e-01 200 47 1.258100e+01 3.500000e+00 -3.214200e+01 4.687900e+02 0
-5.015300e+00 4.578900e+00 1.909600e+00 -5.767400e-01 203 47 1.264600e+01 3.500000e+00 -1.733500e+00 1.593500e+02 0
-5.095500e+00 4.552600e+00 1.889400e+00 -5.767400e-01 204 47 1.248700e+01 3.500000e+00 -1.603600e+01 1.608900e+02 0
-5.536400e+00 5.081400e+00 2.632400e+00 -5.767400e-01 229 47 1.082100e+01 3.500000e+00 6.850400e+00 9.739500e+01 0
-5.560700e+00 5.009300e+00 2.818600e+00 -5.767400e-01 230 47 1.079800e+01 3.500000e+00 -4.698300e+00 7.257900e+01 0
-5.459500e+00 4.654300e+00 3.612400e+00 -5.767400e-01 231 47 1.067900e+01 3.500000e+00 -3.915200e+01 -4.470300e+01 0
-5.420200e+00 4.586800e+00 3.829300e+00 -5.767400e-01 232 47 1.055400e+01 3.500000e+00 -4.342100e+01 -7.685200e+01 0
-5.380400e+00 4.919400e+00 3.535100e+00 -5.767400e-01 233 47 1.061900e+01 3.500000e+00 7.296000e+00 -1.528400e+01 0
-5.403600e+00 5.320200e+00 2.951300e+00 -5.767400e-01 234 47 1.082200e+01 3.500000e+00 5.210900e+01 7.424500e+01 0
-5.618300e+00 5.172200e+00 2.909600e+00 -5.767400e-01 235 47 1.049800e+01 3.500000e+00 1.015000e+01 7.135000e+01 0
-5.945400e+00 5.908800e+00 5.236200e+00 -5.767400e-01 284 47 1.163400e+01 3.500000e+00 6.597400e+01 -1.157100e+02 0
-5.966400e+00 6.135400e+00 5.012900e+00 -5.767400e-01 285 47 1.226600e+01 3.500000e+00 8.532000e+01 -7.868100e+01 0
-5.909700e+00 6.056100e+00 5.240600e+00 -5.767400e-01 286 47 1.248100e+01 3.500000e+00 8.382800e+01 -1.052300e+02 0
-5.852400e+00 5.937200e+00 5.500900e+00 -5.767400e-01 287 47 1.245900e+01 3.500000e+00 7.860300e+01 -1.385400e+02 0
-5.794500e+00 6.070500e+00 5.480200e+00 -5.767400e-01 288 47 1.185900e+01 3.500000e+00 9.681100e+01 -1.264200e+02 0
-6.155500e+00 5.591300e+00 5.962600e+00 -5.767400e-01 294 47 1.213000e+01 3.500000e+00 1.326400e+01 -2.120100e+02 0
-7.467000e+00 6.730000e+00 4.112700e+00 -5.767400e-01 312 47 1.167800e+01 3.500000e+00 4.198000e+00 3.628600e+01 0
-7.196400e+00 5.696200e+00 6.001400e+00 -5.767400e-01 315 47 1.152700e+01 3.500000e+00 -7.891500e+01 -2.027200e+02 0
-7.133400e+00 6.248400e+00 5.576000e+00 -5.767400e-01 316 47 1.173200e+01 3.500000e+00 -1.059200e+01 -1.186500e+02 0
-7.242200e+00 6.262900e+00 5.487700e+00 -5.767400e-01 317 47 1.163600e+01 3.500000e+00 -1.930700e+01 -1.095600e+02 0
-4.808000e+00 3.891000e+00 -4.355800e-01 -5.447000e-01 179 48 1.044500e+01 3.500000e+00 -1.024300e+02 4.790100e+02 0
-4.883800e+00 3.804400e+00 -4.292300e-01 -5.447000e-01 180 48 1.035000e+01 3.500000e+00 -1.320100e+02 4.805300e+02 0
-4.665500e+00 3.959000e+00 -4.405700e-01 -5.447000e-01 181 48 1.123800e+01 3.500000e+00 -6.753900e+01 4.779500e+02 0
-4.889000e+00 3.971400e+00 -4.414800e-01 -5.447000e-01 182 48 1.111600e+01 3.500000e+00 -9.882300e+01 4.774900e+02 0
-4.965700e+00 3.964700e+00 -4.409900e-01 -5.447000e-01 183 48 1.138400e+01 3.500000e+00 -1.116600e+02 4.775200e+02 0
-4.970000e+00 4.018000e+00 -4.449000e-01 -5.447000e-01 185 48 1.129000e+01 3.500000e+00 -1.018500e+02 4.766000e+02 0
-4.997000e+00 4.047900e+00 -4.471000e-01 -5.447000e-01 186 48 1.156700e+01 3.500000e+00 -1.000800e+02 4.760600e+02 0
-5.102100e+00 4.023300e+00 -4.452900e-01 -5.447000e-01 188 48 1.228800e+01 3.500000e+00 -1.203800e+02 4.763700e+02 0
-5.180700e+00 3.946400e+00 -4.396500e-01 -5.447000e-01 189 48 1.211500e+01 3.500000e+00 -1.476700e+02 4.776100e+02 0
-5.401100e+00 4.378300e+00 -4.713500e-01 -5.447000e-01 203 48 1.187300e+01 3.500000e+00 -9.651500e+01 4.705600e+02 0
-5.176300e+00 4.342000e+00 2.260300e+00 -5.447000e-01 205 48 1.174600e+01 3.500000e+00 -5.804000e+01 1.026600e+02 0
-5.089800e+00 4.414400e+00 2.421100e+00 -5.447000e-01 206 48 1.159500e+01 3.500000e+00 -3.406600e+01 8.575500e+01 0
-5.339400e+00 4.257900e+00 2.262200e+00 -5.447000e-01 207 48 1.170200e+01 3.500000e+00 -9.445900e+01 9.783400e+01 0
-5.478300e+00 4.252100e+00 2.041400e+00 -5.447000e-01 208 48 1.152300e+01 3.500000e+00 -1.156300e+02 1.273800e+02 0
-5.107500e+00 4.509400e+00 2.518800e+00 -5.447000e-01 209 48 1.083500e+01 3.500000e+00 -2.126400e+01 7.898100e+01 0
-6.315400e+00 6.140000e+00 5.207700e+00 -5.447000e-01 294 48 1.133400e+01 3.500000e+00 5.331400e+01 -9.528400e+01 0
-7.464900e+00 6.094000e+00 4.455700e+00 -5.447000e-01 305 48 1.214800e+01 3.500000e+00 -6.233000e+01 -2.732300e+01 0
-7.406200e+00 6.262500e+00 4.402900e+00 -5.447000e-01 306 48 1.184500e+01 3.500000e+00 -3.791000e+01 -1.282200e+01 0
-7.539100e+00 5.587800e+00 5.673700e+00 -5.447000e-01 315 48 1.170400e+01 3.500000e+00 -1.288100e+02 -1.799500e+02 0
-7.563100e+00 5.965000e+00 5.313900e+00 -5.447000e-01 316 48 1.195800e+01 3.500000e+00 -8.390400e+01 -1.147600e+02 0
-7.500900e+00 6.187000e+00 5.219800e+00 -5.447000e-01 317 48 1.177400e+01 3.500000e+00 -5.232900e+01 -9.045100e+01 0
-7.438100e+00 6.428900e+00 5.089600e+00 -5.447000e-01 318 48 1.137200e+01 3.500000e+00 -2.073100e+01 -6.330700e+01 0
-4.877500e+00 3.629800e+00 -4.164100e-01 -5.126600e-01 178 49 1.070200e+01 3.500000e+00 -1.697700e+02 4.840100e+02 0
-4.905100e+00 3.800100e+00 -4.289100e-01 -5.126600e-01 179 49 1.189100e+01 3.500000e+00 -1.362600e+02 4.805900e+02 0
-4.932600e+00 3.835200e+00 -4.314900e-01 -5.126600e-01 180 49 1.211200e+01 3.500000e+00 -1.331000e+02 4.799000e+02 0
-5.009300e+00 3.779300e+00 -4.273800e-01 -5.126600e-01 181 49 1.180800e+01 3.500000e+00 -1.570900e+02 4.808700e+02 0
-5.086500e+00 3.703800e+00 -4.218400e-01 -5.126600e-01 182 49 1.198900e+01 3.500000e+00 -1.863400e+02 4.822500e+02 0
-5.164300e+00 3.650100e+00 -4.179000e-01 -5.126600e-01 183 49 1.224200e+01 3.500000e+00 -2.115500e+02 4.832400e+02 0
-5.392400e+00 3.391700e+00 -3.989400e-01 -5.126600e-01 184 49 1.121600e+01 3.500000e+00 -3.179300e+02 4.886000e+02 0
-5.120600e+00 3.861000e+00 -4.333800e-01 -5.126600e-01 185 49 1.130300e+01 3.500000e+00 -1.566100e+02 4.792100e+02 0
-5.198900e+00 3.762400e+00 -4.261400e-01 -5.126600e-01 186 49 1.164400e+01 3.500000e+00 -1.906500e+02 4.809700e+02 0
-5.204100e+00 3.841800e+00 -4.319700e-01 -5.126600e-01 188 49 1.251400e+01 3.500000e+00 -1.736400e+02 4.794700e+02 0
-5.180700e+00 3.825000e+00 -4.307400e-01 -5.126600e-01 189 49 1.263100e+01 3.500000e+00 -1.737100e+02 4.798100e+02 0
-5.208200e+00 3.691200e+00 1.678100e+00 -5.126600e-01 190 49 1.231200e+01 3.500000e+00 -1.928900e+02 1.491500e+02 0
-5.511300e+00 3.988900e+00 1.865400e+00 -5.126600e-01 203 49 1.176800e+01 3.500000e+00 -1.723700e+02 1.378900e+02 0
-5.649400e+00 4.003500e+00 1.522000e+00 -5.126600e-01 204 49 1.139600e+01 3.500000e+00 -1.915800e+02 1.880500e+02 0
-5.564300e+00 4.095100e+00 2.006400e+00 -5.126600e-01 207 49 1.145100e+01 3.500000e+00 -1.575300e+02 1.238500e+02 0
-5.647800e+00 4.069600e+00 1.949700e+00 -5.126600e-01 208 49 1.149400e+01 3.500000e+00 -1.748100e+02 1.305200e+02 0
-5.385800e+00 3.929900e+00 3.055300e+00 -5.126600e-01 211 49 1.140400e+01 3.500000e+00 -1.585200e+02 -3.647500e+01 0
-5.702300e+00 4.334600e+00 2.779400e+00 -5.126600e-01 221 49 1.040000e+01 3.500000e+00 -1.267100e+02 3.534000e+01 0
-7.719700e+00 5.206800e+00 4.878100e+00 -5.126600e-01 302 49 1.112400e+01 3.500000e+00 -2.079200e+02 -1.330100e+02 0
-7.662900e+00 5.620800e+00 4.574000e+00 -5.126600e-01 303 49 1.103100e+01 3.500000e+00 -1.415300e+02 -6.925000e+01 0
-7.853600e+00 5.742200e+00 4.161800e+00 -5.126600e-01 304 49 1.083700e+01 3.500000e+00 -1.456400e+02 -2.042600e+01 0
-7.713700e+00 5.888400e+00 4.305800e+00 -5.126600e-01 305 49 1.141900e+01 3.500000e+00 -1.119000e+02 -2.541400e+01 0
-7.489400e+00 5.849100e+00 4.811800e+00 -5.126600e-01 306 49 1.134700e+01 3.500000e+00 -9.309100e+01 -7.639100e+01 0
-7.881800e+00 5.281800e+00 5.498300e+00 -5.126600e-01 315 49 1.196200e+01 3.500000e+00 -2.100600e+02 -1.899200e+02 0
-7.820900e+00 5.612600e+00 5.324500e+00 -5.126600e-01 316 49 1.237400e+01 3.500000e+00 -1.552700e+02 -1.429700e+02 0
-7.932000e+00 5.549900e+00 5.298200e+00 -5.126600e-01 317 49 1.214700e+01 3.500000e+00 -1.755700e+02 -1.453800e+02 0
-8.043500e+00 5.594200e+00 5.154300e+00 -5.126600e-01 318 49 1.129500e+01 3.500000e+00 -1.810600e+02 -1.272800e+02 0
-7.833200e+00 5.614100e+00 5.588800e+00 -5.126600e-01 320 49 1.112600e+01 3.500000e+00 -1.551100e+02 -1.685000e+02 0
-7.857700e+00 5.917800e+00 5.303400e+00 -5.126600e-01 321 49 1.148200e+01 3.500000e+00 -1.180100e+02 -1.166100e+02 0
-7.969900e+00 5.900600e+00 5.228400e+00 -5.126600e-01 322 49 1.124000e+01 3.500000e+00 -1.312900e+02 -1.106500e+02 0
-5.002200e+00 3.685400e+00 -4.204900e-01 -4.806200e-01 179 50 1.099600e+01 3.500000e+00 -1.770900e+02 4.827200e+02 0
-4.981500e+00 3.747200e+00 -4.250300e-01 -4.806200e-01 180 50 1.092400e+01 3.500000e+00 -1.597900e+02 4.815200e+02 0
-5.156600e+00 3.257800e+00 1.520500e+00 -4.806200e-01 181 50 1.095900e+01 3.500000e+00 -2.971900e+02 1.497600e+02 0
-5.185300e+00 3.276000e+00 1.528800e+00 -4.806200e-01 182 50 1.166800e+01 3.500000e+00 -2.968900e+02 1.494700e+02 0
-5.213900e+00 3.438800e+00 -4.023900e-01 -4.806200e-01 183 50 1.232000e+01 3.500000e+00 -2.740900e+02 4.877500e+02 0
-5.292500e+00 3.411400e+00 -4.003800e-01 -4.806200e-01 184 50 1.196200e+01 3.500000e+00 -2.951600e+02 4.882800e+02 0
-5.350400e+00 3.436500e+00 -4.022200e-01 -4.806200e-01 186 50 1.149300e+01 3.500000e+00 -298 4.876200e+02 0
-5.430000e+00 3.442400e+00 -4.026500e-01 -4.806200e-01 187 50 1.247900e+01 3.500000e+00 -3.098900e+02 4.873800e+02 0
-5.408200e+00 3.558300e+00 -4.111600e-01 -4.806200e-01 188 50 1.223100e+01 3.500000e+00 -2.745400e+02 4.848500e+02 0
-5.372500e+00 3.954400e+00 2.399800e+00 -4.806200e-01 204 50 1.246800e+01 3.500000e+00 -1.558200e+02 5.893700e+01 0
-5.398900e+00 4.048700e+00 2.283800e+00 -4.806200e-01 205 50 1.225500e+01 3.500000e+00 -1.415200e+02 8.194100e+01 0
-5.313500e+00 4.138200e+00 2.428300e+00 -4.806200e-01 206 50 1.154600e+01 3.500000e+00 -1.115700e+02 6.770000e+01 0
-5.564300e+00 3.839900e+00 2.459800e+00 -4.806200e-01 207 50 1.156100e+01 3.500000e+00 -2.079700e+02 4.205800e+01 0
-5.817200e+00 3.753800e+00 2.080700e+00 -4.806200e-01 208 50 1.129200e+01 3.500000e+00 -2.688100e+02 9.264200e+01 0
-5.385800e+00 3.383400e+00 3.651200e+00 -4.806200e-01 211 50 1.131000e+01 3.500000e+00 -2.816100e+02 -1.927500e+02 0
-5.584200e+00 3.206800e+00 3.582300e+00 -4.806200e-01 212 50 1.156300e+01 3.500000e+00 -3.660900e+02 -2.082900e+02 0
-5.610600e+00 3.456800e+00 3.374400e+00 -4.806200e-01 213 50 1.107300e+01 3.500000e+00 -3.011500e+02 -1.371500e+02 0
-5.795900e+00 3.637500e+00 3.416300e+00 -4.806200e-01 220 50 1.062100e+01 3.500000e+00 -2.833200e+02 -1.196400e+02 0
-5.702300e+00 3.748700e+00 3.530000e+00 -4.806200e-01 221 50 1.054100e+01 3.500000e+00 -2.413900e+02 -1.233200e+02 0
-8.565800e+00 4.758300e+00 3.608700e+00 -4.806200e-01 300 50 1.083900e+01 3.500000e+00 -3.935700e+02 -2.810600e+01 0
-8.594400e+00 4.548900e+00 3.900200e+00 -4.806200e-01 301 50 1.086300e+01 3.500000e+00 -4.409900e+02 -7.958200e+01 0
-8.454400e+00 4.162800e+00 5.539000e+00 -4.806200e-01 314 50 1.137200e+01 3.500000e+00 -5.039700e+02 -3.267000e+02 0
-8.224400e+00 4.620200e+00 5.591400e+00 -4.806200e-01 315 50 1.161200e+01 3.500000e+00 -3.684100e+02 -2.715400e+02 0
-8.078700e+00 5.406100e+00 5.150400e+00 -4.806200e-01 316 50 1.213300e+01 3.500000e+00 -2.129600e+02 -1.425800e+02 0
-8.190600e+00 5.476100e+00 4.971300e+00 -4.806200e-01 317 50 1.208600e+01 3.500000e+00 -2.145500e+02 -1.184100e+02 0
-8.389500e+00 5.630900e+00 4.524200e+00 -4.806200e-01 318 50 11 3.500000e+00 -2.133400e+02 -6.198100e+01 0
-7.572100e+00 6.500500e+00 4.951600e+00 -4.806200e-01 320 50 1.091100e+01 3.500000e+00 -2.559700e+01 -4.680100e+01 0
-7.595800e+00 6.324200e+00 5.215300e+00 -4.806200e-01 321 50 1.083600e+01 3.500000e+00 -4.574100e+01 -8.063100e+01 0
-5.518700e+00 2.747700e+00 -3.516700e-01 -4.485700e-01 180 51 1.096600e+01 3.500000e+00 -5.725200e+02 5.068600e+02 0
-5.451300e+00 2.858100e+00 -3.597700e-01 -4.485700e-01 181 51 1.081200e+01 3.500000e+00 -5.119300e+02 5.032500e+02 0
-5.213900e+00 3.438000e+00 -4.023400e-01 -4.485700e-01 183 51 1.125200e+01 3.500000e+00 -2.743100e+02 4.877700e+02 0
-5.192700e+00 3.595500e+00 -4.139000e-01 -4.485700e-01 184 51 1.130800e+01 3.500000e+00 -2.295700e+02 4.843400e+02 0
-5.299900e+00 3.648800e+00 -4.178000e-01 -4.485700e-01 186 51 1.127600e+01 3.500000e+00 -2.337600e+02 4.831000e+02 0
-5.430000e+00 3.496200e+00 -4.066000e-01 -4.485700e-01 187 51 1.199700e+01 3.500000e+00 -2.949000e+02 4.861700e+02 0
-5.231900e+00 3.497300e+00 1.871400e+00 -4.485700e-01 189 51 1.183500e+01 3.500000e+00 -2.419400e+02 1.065100e+02 0
-5.466000e+00 3.366700e+00 1.534400e+00 -4.485700e-01 190 51 1.270600e+01 3.500000e+00 -3.190900e+02 1.544900e+02 0
-5.546800e+00 3.313100e+00 1.511800e+00 -4.485700e-01 191 51 1.219100e+01 3.500000e+00 -3.487300e+02 1.553300e+02 0
-5.867900e+00 3.369300e+00 1.868200e+00 -4.485700e-01 202 51 1.199300e+01 3.500000e+00 -3.826700e+02 9.934400e+01 0
-5.401100e+00 3.700800e+00 2.626500e+00 -4.485700e-01 203 51 1.166700e+01 3.500000e+00 -2.135600e+02 5.012000e+00 0
-5.372500e+00 3.853000e+00 2.559500e+00 -4.485700e-01 204 51 1.208000e+01 3.500000e+00 -1.759000e+02 2.803700e+01 0
-5.454600e+00 4.034200e+00 2.174700e+00 -4.485700e-01 205 51 1.190500e+01 3.500000e+00 -1.530100e+02 9.647400e+01 0
-5.257600e+00 4.297400e+00 2.268200e+00 -4.485700e-01 206 51 1.110100e+01 3.500000e+00 -7.644600e+01 9.919500e+01 0
-6.015500e+00 2.272200e+00 3.378900e+00 -4.485700e-01 209 51 1.111300e+01 3.500000e+00 -8.587400e+02 -3.674900e+02 0
-5.417200e+00 4.416800e+00 2.102600e+00 -4.485700e-01 210 51 1.136600e+01 3.500000e+00 -7.843500e+01 1.277000e+02 0
-8.670500e+00 4.428300e+00 3.577000e+00 -4.485700e-01 298 51 1.017700e+01 3.500000e+00 -4.815500e+02 -5.071400e+01 0
-8.781000e+00 4.069700e+00 3.826200e+00 -4.485700e-01 299 51 1.034300e+01 3.500000e+00 -5.885300e+02 -1.166200e+02 0
-8.565800e+00 4.111200e+00 4.331600e+00 -4.485700e-01 300 51 1.058900e+01 3.500000e+00 -5.434600e+02 -1.788900e+02 0
-8.594400e+00 4.563500e+00 3.883100e+00 -4.485700e-01 301 51 1.068700e+01 3.500000e+00 -4.377800e+02 -7.623900e+01 0
-8.454400e+00 5.063500e+00 4.729700e+00 -4.485700e-01 314 51 1.127900e+01 3.500000e+00 -3.133000e+02 -1.278700e+02 0
-8.481500e+00 4.848100e+00 4.981200e+00 -4.485700e-01 315 51 1.101300e+01 3.500000e+00 -3.558800e+02 -1.758300e+02 0
-8.422500e+00 5.269300e+00 4.723800e+00 -4.485700e-01 316 51 1.083800e+01 3.500000e+00 -2.735100e+02 -1.096100e+02 0
-8.363000e+00 5.875000e+00 4.163200e+00 -4.485700e-01 317 51 1.092000e+01 3.500000e+00 -1.771600e+02 -1.145300e+01 0
-8.303000e+00 6.558600e+00 3.256500e+00 -4.485700e-01 318 51 1.076900e+01 3.500000e+00 -8.939700e+01 1.032600e+02 0
-7.982200e+00 7.056500e+00 3.134500e+00 -4.485700e-01 319 51 1.063000e+01 3.500000e+00 -1.063700e+01 1.302000e+02 0
-5.469900e+00 2.979600e+00 -3.686900e-01 -4.165300e-01 180 52 1.114600e+01 3.500000e+00 -4.680500e+02 4.994200e+02 0
-5.549500e+00 2.938000e+00 -3.656300e-01 -4.165300e-01 181 52 1.106700e+01 3.500000e+00 -4.995200e+02 5.005500e+02 0
-5.231900e+00 3.368000e+00 2.095300e+00 -4.165300e-01 189 52 1.165600e+01 3.500000e+00 -2.739600e+02 5.967500e+01 0
-5.517600e+00 3.238300e+00 1.623700e+00 -4.165300e-01 190 52 1.256900e+01 3.500000e+00 -3.652300e+02 1.311500e+02 0
-5.650500e+00 3.240400e+00 -3.878300e-01 -4.165300e-01 191 52 1.209300e+01 3.500000e+00 -4.099000e+02 4.919300e+02 0
-5.610600e+00 3.251600e+00 1.962100e+00 -4.165300e-01 195 52 1.206600e+01 3.500000e+00 -3.737500e+02 7.354100e+01 0
-5.897100e+00 3.024900e+00 2.416600e+00 -4.165300e-01 203 52 1.200400e+01 3.500000e+00 -4.956300e+02 -29 0
-6.376200e+00 2.524000e+00 2.056300e+00 -4.165300e-01 206 52 1.109100e+01 3.500000e+00 -8.204200e+02 -2.040000e+01 0
-6.182500e+00 2.814500e+00 2.368900e+00 -4.165300e-01 207 52 1.188000e+01 3.500000e+00 -6.337700e+02 -4.550900e+01 0
-6.043100e+00 3.035200e+00 2.555200e+00 -4.165300e-01 208 52 1.237800e+01 3.500000e+00 -5.166500e+02 -5.227900e+01 0
-6.015500e+00 3.165900e+00 2.560700e+00 -4.165300e-01 209 52 1.231600e+01 3.500000e+00 -4.653700e+02 -3.745600e+01 0
-5.930400e+00 3.314800e+00 2.667900e+00 -4.165300e-01 210 52 1.156700e+01 3.500000e+00 -4.014300e+02 -3.889200e+01 0
-6.752700e+00 3.248700e+00 2.364500e+00 -4.165300e-01 226 52 11 3.500000e+00 -5.654600e+02 7.793200e+00 0
-6.659400e+00 3.647500e+00 2.154500e+00 -4.165300e-01 227 52 1.140400e+01 3.500000e+00 -4.247200e+02 7.581300e+01 0
-6.688900e+00 3.802900e+00 1.908800e+00 -4.165300e-01 228 52 1.083200e+01 3.500000e+00 -3.884100e+02 1.231800e+02 0
-6.411700e+00 4.651400e+00 2.146800e+00 -4.165300e-01 236 52 1.071700e+01 3.500000e+00 -1.649600e+02 1.350100e+02 0
-6.439000e+00 4.457200e+00 2.569400e+00 -4.165300e-01 237 52 1.016100e+01 3.500000e+00 -2.013700e+02 7.197200e+01 0
-6.194500e+00 5.400800e+00 3.693600e+00 -4.165300e-01 259 52 1.019800e+01 3.500000e+00 -2.153600e+01 1.818400e+00 0
-8.655500e+00 5.018000e+00 3.949900e+00 -4.165300e-01 309 52 1.073600e+01 3.500000e+00 -3.489700e+02 -4.656100e+01 0
-8.683600e+00 5.610900e+00 3.092700e+00 -4.165300e-01 310 52 1.096400e+01 3.500000e+00 -2.532300e+02 7.913100e+01 0
-5.353100e+00 3.278700e+00 -3.906400e-01 -3.844900e-01 181 53 1.057300e+01 3.500000e+00 -3.447500e+02 4.913900e+02 0
-5.432200e+00 3.222100e+00 -3.864900e-01 -3.844900e-01 182 53 1.090000e+01 3.500000e+00 -3.766700e+02 4.927200e+02 0
-5.511900e+00 3.161900e+00 -3.820700e-01 -3.844900e-01 183 53 1.076100e+01 3.500000e+00 -411 4.941800e+02 0
-5.775400e+00 3.098900e+00 -3.774500e-01 -3.844900e-01 190 53 1.176300e+01 3.500000e+00 -4.816900e+02 4.954900e+02 0
-6.013400e+00 2.802800e+00 -3.557100e-01 -3.844900e-01 191 53 1.161100e+01 3.500000e+00 -6.489600e+02 5.040700e+02 0
-5.581700e+00 2.905800e+00 2.414700e+00 -3.844900e-01 194 53 1.162900e+01 3.500000e+00 -4.809700e+02 -4.479500e+01 0
-5.822400e+00 3.059200e+00 1.625900e+00 -3.844900e-01 195 53 1.186500e+01 3.500000e+00 -4.795000e+02 1.187400e+02 0
-6.012000e+00 2.853700e+00 -3.594500e-01 -3.844900e-01 196 53 1.170500e+01 3.500000e+00 -6.257800e+02 5.024100e+02 0
-5.989300e+00 1.847800e+00 2.750800e+00 -3.844900e-01 197 53 1.186800e+01 3.500000e+00 -1.182600e+03 -3.422300e+02 0
-5.981700e+00 3.247000e+00 1.983900e+00 -3.844900e-01 204 53 1.139100e+01 3.500000e+00 -4.390800e+02 7.036900e+01 0
-6.066800e+00 3.334300e+00 1.683000e+00 -3.844900e-01 205 53 1.160000e+01 3.500000e+00 -4.288300e+02 1.284800e+02 0
-6.264400e+00 3.168700e+00 -3.825700e-01 -3.844900e-01 206 53 1.199000e+01 3.500000e+00 -5.451800e+02 4.928800e+02 0
-6.294900e+00 3.199400e+00 -3.848200e-01 -3.844900e-01 207 53 1.232000e+01 3.500000e+00 -5.392300e+02 4.920400e+02 0
-6.212500e+00 3.296200e+00 1.673300e+00 -3.844900e-01 208 53 1.224000e+01 3.500000e+00 -4.659200e+02 1.279100e+02 0
-6.129000e+00 3.150800e+00 2.296400e+00 -3.844900e-01 209 53 1.174600e+01 3.500000e+00 -4.936200e+02 7.412300e+00 0
-6.568600e+00 3.819000e+00 2.003200e+00 -3.844900e-01 226 53 1.117400e+01 3.500000e+00 -3.654900e+02 1.099700e+02 0
-6.597800e+00 3.882900e+00 1.920100e+00 -3.844900e-01 227 53 1.154300e+01 3.500000e+00 -3.540500e+02 126 0
-6.565000e+00 3.957300e+00 2.021500e+00 -3.844900e-01 228 53 1.138700e+01 3.500000e+00 -3.299300e+02 1.156500e+02 0
-6.469500e+00 4.192500e+00 1.992400e+00 -3.844900e-01 229 53 1.085800e+01 3.500000e+00 -2.628300e+02 1.324900e+02 0
-6.586000e+00 4.131300e+00 3.037000e+00 -3.844900e-01 240 53 1.014000e+01 3.500000e+00 -2.845400e+02 -1.236500e+01 0
-9.544700e+00 2.323300e+00 3.540800e+00 -3.844900e-01 300 53 1.057900e+01 3.500000e+00 -1.580500e+03 -3.572300e+02 0
-4.840400e+00 2.148100e+00 -3.076600e-01 -3.524500e-01 158 54 1.051700e+01 3.500000e+00 -7.320100e+02 5.353500e+02 0
-5.000600e+00 1.903600e+00 -2.897100e-01 -3.524500e-01 159 54 1.065300e+01 3.500000e+00 -9.538000e+02 5.506100e+02 0
-4.980900e+00 2.411600e+00 -3.270000e-01 -3.524500e-01 164 54 1.070800e+01 3.500000e+00 -6.150200e+02 5.214600e+02 0
-5.101000e+00 2.461300e+00 -3.306500e-01 -3.524500e-01 165 54 1.061400e+01 3.500000e+00 -6.173600e+02 5.189500e+02 0
-5.462200e+00 3.249700e+00 -3.885100e-01 -3.524500e-01 183 54 1.053900e+01 3.500000e+00 -3.732400e+02 4.919700e+02 0
-5.847500e+00 2.498700e+00 1.634100e+00 -3.524500e-01 189 54 1.105200e+01 3.500000e+00 -7.287600e+02 6.644500e+01 0
-5.930100e+00 2.791300e+00 -3.548700e-01 -3.524500e-01 190 54 1.158200e+01 3.500000e+00 -6.373800e+02 5.046000e+02 0
-6.220700e+00 2.308600e+00 -3.194400e-01 -3.524500e-01 191 54 1.135600e+01 3.500000e+00 -9.708000e+02 5.233300e+02 0
-6.471200e+00 2.634400e+00 -3.433500e-01 -3.524500e-01 202 54 1.181200e+01 3.500000e+00 -8.279000e+02 5.091100e+02 0
-6.338000e+00 2.922200e+00 -3.644700e-01 -3.524500e-01 203 54 1.175200e+01 3.500000e+00 -6.593100e+02 4.997100e+02 0
-6.147900e+00 3.372500e+00 -3.975300e-01 -3.524500e-01 204 54 1.120700e+01 3.500000e+00 -4.533400e+02 4.880300e+02 0
-6.289500e+00 3.252300e+00 -3.887000e-01 -3.524500e-01 205 54 1.130900e+01 3.500000e+00 -5.190300e+02 4.907200e+02 0
-6.376200e+00 3.125400e+00 -3.793900e-01 -3.524500e-01 206 54 1.151700e+01 3.500000e+00 -5.819900e+02 4.938600e+02 0
-6.463500e+00 3.100500e+00 -3.775600e-01 -3.524500e-01 207 54 1.150500e+01 3.500000e+00 -6.077800e+02 4.943900e+02 0
-6.551400e+00 3.033500e+00 -3.726500e-01 -3.524500e-01 208 54 1.110000e+01 3.500000e+00 -6.515700e+02 4.961100e+02 0
-6.441200e+00 3.792200e+00 2.641500e+00 -3.524500e-01 228 54 1.088100e+01 3.500000e+00 -3.480300e+02 1.380000e+01 0
-6.594000e+00 3.381500e+00 2.913200e+00 -3.524500e-01 229 54 1.077400e+01 3.500000e+00 -4.873700e+02 -6.894800e+01 0
-9.156700e+00 2.932800e+00 3.890500e+00 -3.524500e-01 298 54 1.049100e+01 3.500000e+00 -1.091100e+03 -2.892700e+02 0
-9.268900e+00 2.262900e+00 4.156400e+00 -3.524500e-01 299 54 1.113100e+01 3.500000e+00 -1.554300e+03 -5.086600e+02 0
-9.381500e+00 2.240800e+00 4.000300e+00 -3.524500e-01 300 54 1.127800e+01 3.500000e+00 -1.601800e+03 -4.810900e+02 0
-4.958000e+00 1.424500e+00 1.521100e+00 -3.204100e-01 155 55 1.066800e+01 3.500000e+00 -1366 -9.618400e+01 0
-4.947900e+00 1.670900e+00 -2.726400e-01 -3.204100e-01 156 55 1.109400e+01 3.500000e+00 -1154 5.698200e+02 0
-4.809600e+00 2.114300e+00 -3.051800e-01 -3.204100e-01 157 55 1.052700e+01 3.500000e+00 -7.457000e+02 5.374200e+02 0
-5.129900e+00 1.781200e+00 -2.807400e-01 -3.204100e-01 159 55 1.095400e+01 3.500000e+00 -1.101100e+03 5.595100e+02 0
-6.084800e+00 2.421200e+00 -3.277000e-01 -3.204100e-01 190 55 1.092600e+01 3.500000e+00 -8.664500e+02 5.185000e+02 0
-6.471200e+00 2.564400e+00 -3.382200e-01 -3.204100e-01 202 55 1.149100e+01 3.500000e+00 -8.672000e+02 5.117600e+02 0
-6.338000e+00 2.784200e+00 -3.543500e-01 -3.204100e-01 203 55 1.129300e+01 3.500000e+00 -7.232000e+02 5.041000e+02 0
-6.512100e+00 2.815700e+00 -3.566600e-01 -3.204100e-01 205 55 1.076800e+01 3.500000e+00 -7.427500e+02 5.027600e+02 0
-7.838100e+00 3.733300e+00 3.305000e+00 -3.204100e-01 267 55 1.041500e+01 3.500000e+00 -5.632400e+02 -8.434800e+01 0
-9.011000e+00 3.100900e+00 4.600000e+00 -3.204100e-01 304 55 1.089000e+01 3.500000e+00 -969 -376 0
-9.372500e+00 2.257400e+00 4.446800e+00 -3.204100e-01 305 55 1.135000e+01 3.500000e+00 -1.571100e+03 -5.710700e+02 0
-9.393800e+00 4.278600e+00 3.596800e+00 -3.204100e-01 314 55 1.054400e+01 3.500000e+00 -6.110100e+02 -6.436100e+01 0
-9.081100e+00 5.490500e+00 2.763800e+00 -3.204100e-01 315 55 1.091700e+01 3.500000e+00 -3.154800e+02 1.075200e+02 0
-9.110100e+00 5.468800e+00 2.849100e+00 -3.204100e-01 316 55 1.083300e+01 3.500000e+00 -3.217300e+02 9.784800e+01 0
-9.570100e+00 4.103300e+00 3.655800e+00 -3.204100e-01 317 55 1.097700e+01 3.500000e+00 -6.841700e+02 -8.812000e+01 0
-9.773300e+00 4.151200e+00 3.132000e+00 -3.204100e-01 318 55 1.072700e+01 3.500000e+00 -7.016600e+02 -1.471200e+01 0
-5 1.688300e+00 -2.739100e-01 -2.883700e-01 155 56 1.049100e+01 3.500000e+00 -1.152700e+03 5.680100e+02 0
-4.990200e+00 1.791100e+00 -2.814600e-01 -2.883700e-01 156 56 1.073600e+01 3.500000e+00 -1049 5.592400e+02 0
-4.979800e+00 1.985000e+00 -2.956900e-01 -2.883700e-01 157 56 1.012700e+01 3.500000e+00 -8.834200e+02 5.450300e+02 0
-5.129900e+00 1.822300e+00 -2.837500e-01 -2.883700e-01 159 56 1.027400e+01 3.500000e+00 -1.062700e+03 5.562400e+02 0
-5.162400e+00 1.775400e+00 -2.803100e-01 -2.883700e-01 160 56 1.047600e+01 3.500000e+00 -1.116600e+03 5.598600e+02 0
-5.841700e+00 2.191200e+00 -3.108200e-01 -2.883700e-01 184 56 1.035300e+01 3.500000e+00 -9.602400e+02 5.302300e+02 0
-5.823500e+00 2.368200e+00 -3.238200e-01 -2.883700e-01 185 56 1.063500e+01 3.500000e+00 -8.383000e+02 5.214800e+02 0
-6.155200e+00 2.277100e+00 -3.171300e-01 -2.883700e-01 189 56 1.085600e+01 3.500000e+00 -9.768300e+02 5.250200e+02 0
-6.201300e+00 2.282700e+00 -3.175400e-01 -2.883700e-01 192 56 1.097000e+01 3.500000e+00 -9.839900e+02 5.246300e+02 0
-6.233800e+00 2.209300e+00 -3.121500e-01 -2.883700e-01 193 56 1.099200e+01 3.500000e+00 -1.044600e+03 5.282500e+02 0
-6.266300e+00 2.201200e+00 -3.115600e-01 -2.883700e-01 194 56 1.113500e+01 3.500000e+00 -1.058600e+03 5.285800e+02 0
-6.298700e+00 2.251600e+00 -3.152600e-01 -2.883700e-01 195 56 1.109200e+01 3.500000e+00 -1.029500e+03 5.259200e+02 0
-6.384400e+00 2.114800e+00 -3.052200e-01 -2.883700e-01 196 56 1.061600e+01 3.500000e+00 -1.156100e+03 5.329300e+02 0
-7.910700e+00 4.151400e+00 2.546300e+00 -2.883700e-01 267 56 1.062800e+01 3.500000e+00 -4.625300e+02 5.820800e+01 0
-7.794700e+00 4.269100e+00 2.822000e+00 -2.883700e-01 268 56 1.031500e+01 3.500000e+00 -4.153600e+02 2.988500e+01 0
-9.123700e+00 2.229300e+00 4.950000e+00 -2.883700e-01 305 56 1.074500e+01 3.500000e+00 -1.526600e+03 -6.907700e+02 0
-9.569800e+00 1.558100e+00 4.410000e+00 -2.883700e-01 306 56 1.093400e+01 3.500000e+00 -2.420600e+03 -8.840900e+02 0
-9.050000e+00 4.793600e+00 3.510700e+00 -2.883700e-01 311 56 1.110600e+01 3.500000e+00 -4.428000e+02 -1.306400e+01 0
-8.994400e+00 4.990800e+00 3.486800e+00 -2.883700e-01 312 56 1.059000e+01 3.500000e+00 -3.950900e+02 3.216500e+00 0
-6.488100e+00 2.284500e+00 1.985100e+00 -2.563300e-01 206 57 1.003400e+01 3.500000e+00 -9.918600e+02 -3.944400e+01 0
-8.133300e+00 3.775700e+00 3.027300e+00 -2.563300e-01 272 57 1.040000e+01 3.500000e+00 -5.958200e+02 -3.881800e+01 0
-9.736200e+00 2.733200e+00 3.345500e+00 -2.563300e-01 306 57 1.080300e+01 3.500000e+00 -1.322700e+03 -2.256500e+02 0
-9.472900e+00 2.401600e+00 4.658600e+00 -2.563300e-01 311 57 1.073300e+01 3.500000e+00 -1.469700e+03 -5.651100e+02 0
-9.248900e+00 2.730500e+00 4.996600e+00 -2.563300e-01 312 57 1.073900e+01 3.500000e+00 -1198 -532 0
-8.608600e+00 3.048800e+00 2.613500e+00 -2.242900e-01 273 58 1.050900e+01 3.500000e+00 -9.618000e+02 -5.067000e+01 0
-8.714700e+00 2.847500e+00 2.616000e+00 -2.242900e-01 274 58 1.032200e+01 3.500000e+00 -1.085800e+03 -7.678600e+01 0
-9.333800e+00 3.978500e+00 3.875100e+00 -2.242900e-01 312 58 1.053200e+01 3.500000e+00 -6.892000e+02 -1.311900e+02 0
-4.373300e+00 1.904700e+00 -2.897900e-01 -1.281600e-01 138 61 1.044900e+01 3.500000e+00 -7.685400e+02 5.526900e+02 0
-9.573900e+00 5.240900e+00 2.232600e+00 -1.281600e-01 320 61 1.030100e+01 3.500000e+00 -4.167100e+02 1.537400e+02 0
0 0 -1.500000e-01 -3.204100e-02 1 64 1.562300e+01 3.500000e+00 2167 -3.612800e+03 0
-7.202900e-02 1.114800e-01 -1.581800e-01 -3.204100e-02 5 64 1.423400e+01 3.500000e+00 -3.190400e+03 7.865700e+03 0
-1.585200e-01 1.860600e-01 -1.636600e-01 -3.204100e-02 8 64 1.340000e+01 3.500000e+00 -1.094600e+03 2.939300e+03 0
-2.008100e-01 1.921200e-01 -1.641000e-01 -3.204100e-02 9 64 1.288200e+01 3.500000e+00 -1.203100e+03 2.786900e+03 0
-2.480100e-01 1.846000e-01 -1.635500e-01 -3.204100e-02 10 64 1.272300e+01 3.500000e+00 -1.550500e+03 2.905100e+03 0
-2.646500e-01 2.156700e-01 -1.658300e-01 -3.204100e-02 11 64 1.224100e+01 3.500000e+00 -1.149200e+03 2.379900e+03 0
-2.881200e-01 2.309500e-01 -1.669500e-01 -3.204100e-02 12 64 1.170900e+01 3.500000e+00 -1.061100e+03 2.189300e+03 0
-3.044900e-01 2.831400e-01 -1.707800e-01 -3.204100e-02 13 64 1.094900e+01 3.500000e+00 -6.864900e+02 1.760400e+03 0
-3.050300e-01 3.101200e-01 -1.727600e-01 -3.204100e-02 14 64 1.053700e+01 3.500000e+00 -5.365900e+02 1612 0
3.609700e-01 2.980800e-01 -1.718800e-01 -3.204100e-02 28 64 1.216900e+01 3.500000e+00 1.263300e+03 1.813700e+03 0
6.799100e-01 6.443500e-01 -1.972900e-01 -3.204100e-02 29 64 1.366500e+01 3.500000e+00 1.285100e+03 9.525000e+02 0
6.725500e-01 7.399200e-01 -2.043100e-01 -3.204100e-02 30 64 1.460500e+01 3.500000e+00 1.189800e+03 8.711800e+02 0
6.793700e-01 7.973200e-01 -2.085200e-01 -3.204100e-02 31 64 1.477700e+01 3.500000e+00 1.155500e+03 8.332800e+02 0
6.766400e-01 8.287800e-01 -2.108300e-01 -3.204100e-02 32 64 1.426600e+01 3.500000e+00 1.133200e+03 8.148900e+02 0
6.810000e-01 8.639100e-01 -2.134100e-01 -3.204100e-02 33 64 1.285800e+01 3.500000e+00 1.116800e+03 7.962800e+02 0
6.752700e-01 9.321100e-01 -2.184100e-01 -3.204100e-02 34 64 1.024800e+01 3.500000e+00 1.077900e+03 7.643700e+02 0
-7.235700e-01 9.258000e-01 -2.179500e-01 -3.204100e-02 35 64 9.867200e+00 3.500000e+00 4.399200e+01 7.446200e+02 0
-8.212400e-01 8.948100e-01 -2.156700e-01 -3.204100e-02 36 64 1.094400e+01 3.500000e+00 -5.050600e+01 7.554300e+02 0
-8.545300e-01 8.853000e-01 -2.149800e-01 -3.204100e-02 37 64 1.122800e+01 3.500000e+00 -8.317300e+01 7.588400e+02 0
-8.984600e-01 8.771900e-01 -2.143800e-01 -3.204100e-02 38 64 1.069000e+01 3.500000e+00 -1.229000e+02 7.615300e+02 0
