0 0 -1.500000e-01 0 1 65 1.665300e+01 3.790000e+00 2167 -3.612800e+03 0
-7.093800e-02 1.130100e-01 -1.589800e-01 0 5 65 1.526000e+01 3.790000e+00 -3.035800e+03 7.611600e+03 0
-1.585200e-01 1.860200e-01 -1.647900e-01 0 8 65 1.444300e+01 3.790000e+00 -1096 2.947200e+03 0
-2.008100e-01 1.924800e-01 -1.653000e-01 0 9 65 1.393700e+01 3.790000e+00 -1.198300e+03 2.786800e+03 0
-2.480100e-01 1.860600e-01 -1.647900e-01 0 10 65 1.374600e+01 3.790000e+00 -1524 2.881500e+03 0
-2.619200e-01 2.216600e-01 -1.676200e-01 0 11 65 1.318200e+01 3.790000e+00 -1.069100e+03 2.311400e+03 0
-2.851200e-01 2.360400e-01 -1.687600e-01 0 12 65 1.278200e+01 3.790000e+00 -9.994500e+02 2.143200e+03 0
-3.077600e-01 2.786300e-01 -1.721500e-01 0 13 65 1.196700e+01 3.790000e+00 -7.248800e+02 1.793400e+03 0
-3.121300e-01 2.997700e-01 -1.738300e-01 0 14 65 1.144800e+01 3.790000e+00 -6.087800e+02 1.668800e+03 0
-1.145900e-01 4.196000e-01 -1.833600e-01 0 15 65 1.128000e+01 3.790000e+00 1.732100e+02 1.262200e+03 0
3.536000e-01 3.614400e-01 -1.787300e-01 0 28 65 1.318400e+01 3.790000e+00 1.115100e+03 1.494200e+03 0
6.799100e-01 6.402500e-01 -2.009000e-01 0 29 65 1.473400e+01 3.790000e+00 1.289800e+03 9.612000e+02 0
6.725500e-01 7.368300e-01 -2.085700e-01 0 30 65 1.564800e+01 3.790000e+00 1.192400e+03 8.778600e+02 0
6.793700e-01 7.975800e-01 -2.134000e-01 0 31 65 1.578700e+01 3.790000e+00 1.155500e+03 8.375100e+02 0
6.766400e-01 8.320200e-01 -2.161400e-01 0 32 65 1.519800e+01 3.790000e+00 1.131500e+03 8.174400e+02 0
6.722700e-01 8.759500e-01 -2.196300e-01 0 33 65 1.349900e+01 3.790000e+00 1.103200e+03 7.944100e+02 0
7.235700e-01 8.701700e-01 -2.191700e-01 0 35 65 1.086100e+01 3.790000e+00 1.149500e+03 7.982800e+02 0
-8.021400e-01 9.171100e-01 -2.229000e-01 0 36 65 1.169700e+01 3.790000e+00 -1.813900e+01 7.508200e+02 0
-8.250600e-01 9.072600e-01 -2.221200e-01 0 37 65 1.227100e+01 3.790000e+00 -4.259600e+01 7.543500e+02 0
-8.479800e-01 8.949700e-01 -2.211400e-01 0 38 65 1.202500e+01 3.790000e+00 -6.976600e+01 7.589700e+02 0
-8.812700e-01 8.688000e-01 -2.190600e-01 0 39 65 1.073600e+01 3.790000e+00 -1.186900e+02 7.694800e+02 0
0 0 -1.500000e-01 3.204100e-02 1 66 1.563800e+01 3.790000e+00 2167 -3.612800e+03 0
-7.202900e-02 1.125300e-01 -1.589500e-01 3.204100e-02 5 66 1.424900e+01 3.790000e+00 -3.092800e+03 7.688800e+03 0
-1.604300e-01 1.842600e-01 -1.646500e-01 3.204100e-02 8 66 1.343000e+01 3.790000e+00 -1.132700e+03 2.984400e+03 0
-2.008100e-01 1.928500e-01 -1.653300e-01 3.204100e-02 9 66 1.291800e+01 3.790000e+00 -1.192800e+03 2.779800e+03 0
-2.480100e-01 1.865700e-01 -1.648300e-01 3.204100e-02 10 66 1.270800e+01 3.790000e+00 -1.514700e+03 2.871100e+03 0
-2.619200e-01 2.217800e-01 -1.676300e-01 3.204100e-02 11 66 1.216000e+01 3.790000e+00 -1.067800e+03 2310 0
-2.851200e-01 2.353700e-01 -1.687100e-01 3.204100e-02 12 66 1.178000e+01 3.790000e+00 -1006 2.149900e+03 0
-3.044900e-01 2.808100e-01 -1.723200e-01 3.204100e-02 13 66 1.090100e+01 3.790000e+00 -7.017300e+02 1.780300e+03 0
-4.220800e-01 1.486400e-01 -1.618200e-01 3.204100e-02 14 66 1.044500e+01 3.790000e+00 -3562 3.756800e+03 0
3.536000e-01 4.073500e-01 -1.823800e-01 3.204100e-02 28 66 1.217800e+01 3.790000e+00 1055 1.339400e+03 0
6.799100e-01 6.372800e-01 -2.006600e-01 3.204100e-02 29 66 1.371400e+01 3.790000e+00 1293 9.642200e+02 0
6.725500e-01 7.359200e-01 -2.085000e-01 3.204100e-02 30 66 1.463800e+01 3.790000e+00 1.193100e+03 8.785300e+02 0
6.711800e-01 8.044800e-01 -2.139500e-01 3.204100e-02 31 66 1.478800e+01 3.790000e+00 1.143500e+03 8.331600e+02 0
6.766400e-01 8.330600e-01 -2.162200e-01 3.204100e-02 32 66 1.422200e+01 3.790000e+00 1.130900e+03 8.168700e+02 0
6.810000e-01 8.713600e-01 -2.192700e-01 3.204100e-02 33 66 1.260800e+01 3.790000e+00 1.112900e+03 7.968500e+02 0
7.235700e-01 8.617200e-01 -2.185000e-01 3.204100e-02 35 66 9.942300e+00 3.790000e+00 1.154500e+03 8.025700e+02 0
-8.116900e-01 9.094500e-01 -2.223000e-01 3.204100e-02 36 66 1.071100e+01 3.790000e+00 -3.124200e+01 7.536900e+02 0
-8.348900e-01 8.933500e-01 -2.210200e-01 3.204100e-02 37 66 1.120700e+01 3.790000e+00 -6.178000e+01 7.598400e+02 0
-8.479800e-01 8.699500e-01 -2.191600e-01 3.204100e-02 38 66 1.095100e+01 3.790000e+00 -9.294600e+01 7.695400e+02 0
-8.501600e-01 8.012900e-01 -2.137000e-01 3.204100e-02 39 66 9.762100e+00 3.790000e+00 -1.662200e+02 8.021400e+02 0
3.274100e-01 1.677200e+00 -2.833200e-01 -1.377800e+00 51 22 1.010000e+01 3.790000e+00 7.564800e+02 5.979000e+02 0
3.339500e-01 1.702700e+00 -2.853500e-01 -1.377800e+00 52 22 1.009400e+01 3.790000e+00 7.580800e+02 5.949700e+02 0
7.803200e-01 9.552000e+00 2.812600e+00 -9.291900e-01 287 36 1.111500e+01 3.790000e+00 7.308900e+02 2.040500e+02 0
7.047400e-01 9.688800e+00 2.467800e+00 -9.291900e-01 288 36 1.191700e+01 3.790000e+00 7.257900e+02 2.277200e+02 0
7.072000e-01 9.812400e+00 2.092400e+00 -9.291900e-01 289 36 1.183300e+01 3.790000e+00 7.259400e+02 2.525000e+02 0
1.025100e+00 9.810900e+00 2.135500e+00 -9.291900e-01 290 36 1.117000e+01 3.790000e+00 7.465100e+02 2.497200e+02 0
8.703500e-01 9.673100e+00 2.871500e+00 -9.291900e-01 291 36 1.101200e+01 3.790000e+00 7.362600e+02 2.023200e+02 0
3.969800e-01 9.941700e+00 2.069900e+00 -9.291900e-01 292 36 1.125900e+01 3.790000e+00 7.057300e+02 2.553800e+02 0
7.170200e-01 1.004300e+01 1.619600e+00 -9.291900e-01 293 36 1.183800e+01 3.790000e+00 7.263100e+02 2.835200e+02 0
1.039200e+00 9.986200e+00 1.975000e+00 -9.291900e-01 294 36 1.237900e+01 3.790000e+00 7.466600e+02 2.614100e+02 0
1.123000e+00 9.839500e+00 2.709900e+00 -9.291900e-01 295 36 1.212500e+01 3.790000e+00 7.520200e+02 2.147700e+02 0
8.376100e-02 1.033700e+01 2.844000e+00 -9.291900e-01 308 36 1.255800e+01 3.790000e+00 6.854000e+02 2.144700e+02 0
8.594400e-01 1.077000e+01 2.068400e+00 -9.291900e-01 316 36 1.209100e+01 3.790000e+00 7.320500e+02 2.635300e+02 0
6.035200e-01 1.083900e+01 1.984200e+00 -9.291900e-01 317 36 1.202300e+01 3.790000e+00 7.168800e+02 2.689200e+02 0
-6.512600e-01 1.135500e+01 3.528600e+00 -9.291900e-01 342 36 1.169400e+01 3.790000e+00 6.449200e+02 1.918300e+02 0
-5.598600e-01 1.128700e+01 3.867000e+00 -9.291900e-01 343 36 1.172300e+01 3.790000e+00 6.494900e+02 1.729000e+02 0
-2.905700e-01 1.201600e+01 3.040600e+00 -9.291900e-01 356 36 1.277800e+01 3.790000e+00 6.667300e+02 2.252600e+02 0
-3.885200e-01 1.212500e+01 2.721700e+00 -9.291900e-01 357 36 1.287400e+01 3.790000e+00 6.620900e+02 2.423000e+02 0
0 1.243500e+01 1.852400e+00 -9.291900e-01 361 36 1.244700e+01 3.790000e+00 6.831700e+02 2.873600e+02 0
-1.986300e-01 1.223500e+01 3.445600e+00 -9.291900e-01 365 36 1.252100e+01 3.790000e+00 6.716700e+02 2.078300e+02 0
1.691600e+00 5.114300e+00 -5.565500e-01 -8.971500e-01 156 37 1.025000e+01 3.790000e+00 8.882600e+02 4.708600e+02 1
-2.426100e+00 7.792400e+00 -7.694500e-01 -8.971500e-01 235 37 1.094000e+01 3.790000e+00 4.821300e+02 4.479000e+02 0
-2.308200e+00 7.854500e+00 -7.743800e-01 -8.971500e-01 236 37 1.129100e+01 3.790000e+00 4.932500e+02 4.476500e+02 0
-1.609700e+00 7.852100e+00 1.918700e+00 -8.971500e-01 237 37 1.089200e+01 3.790000e+00 5.483400e+02 2.396200e+02 0
-3.233100e-01 7.739300e+00 2.916200e+00 -8.971500e-01 238 37 1.151600e+01 3.790000e+00 6.496100e+02 1.601100e+02 0
-1.298700e-01 7.673100e+00 3.192400e+00 -8.971500e-01 239 37 1.167800e+01 3.790000e+00 6.647800e+02 1.368200e+02 0
4.321800e-01 8.787600e+00 2.756100e+00 -8.971500e-01 265 37 1.271300e+01 3.790000e+00 7.091300e+02 1.944300e+02 0
5.061100e-01 8.988600e+00 2.144400e+00 -8.971500e-01 266 37 1.319900e+01 3.790000e+00 7.146600e+02 2.390700e+02 0
5.080200e-01 9.071400e+00 1.936200e+00 -8.971500e-01 267 37 1.304500e+01 3.790000e+00 7.148300e+02 2.540400e+02 0
6.556300e-01 8.888100e+00 2.741900e+00 -8.971500e-01 268 37 1.260100e+01 3.790000e+00 7.248800e+02 1.971500e+02 0
-1.644700e+00 9.390300e+00 -8.964700e-01 -8.971500e-01 275 37 1.240000e+01 3.790000e+00 5.707500e+02 4.417800e+02 0
7.830500e-01 9.850700e+00 1.676700e+00 -8.971500e-01 288 37 1.279400e+01 3.790000e+00 7.311600e+02 2.784600e+02 0
6.286200e-01 9.823500e+00 2.065200e+00 -8.971500e-01 289 37 1.283700e+01 3.790000e+00 7.208500e+02 2.543200e+02 0
7.885000e-01 9.920500e+00 1.681100e+00 -8.971500e-01 290 37 1.207500e+01 3.790000e+00 7.312400e+02 2.787800e+02 0
-7.966900e-02 1.015200e+01 -9.570100e-01 -8.971500e-01 293 37 1.270000e+01 3.790000e+00 6.782400e+02 4.399000e+02 0
7.994200e-01 1.013600e+01 -9.557100e-01 -8.971500e-01 294 37 1.333900e+01 3.790000e+00 7.339300e+02 4.402200e+02 0
8.823600e-01 1.004800e+01 1.916900e+00 -8.971500e-01 295 37 1.313500e+01 3.790000e+00 7.364500e+02 2.655800e+02 0
8.376100e-02 1.024800e+01 3.148200e+00 -8.971500e-01 308 37 1.425200e+01 3.790000e+00 6.850800e+02 1.954200e+02 0
-2.586500e-01 1.072700e+01 2.580400e+00 -8.971500e-01 317 37 1.379500e+01 3.790000e+00 6.657600e+02 2.346800e+02 0
-1.124400e+00 1.060800e+01 2.962200e+00 -8.971500e-01 318 37 1.352800e+01 3.790000e+00 6.139400e+02 2.120400e+02 0
-1.561700e+00 1.056900e+01 3.031500e+00 -8.971500e-01 319 37 1.363200e+01 3.790000e+00 5.877500e+02 2.077700e+02 0
-1.479600e+00 1.061400e+01 3.043000e+00 -8.971500e-01 320 37 1.371500e+01 3.790000e+00 5.930200e+02 2.077400e+02 0
-7.421200e-01 1.126200e+01 3.690100e+00 -8.971500e-01 341 37 1.315600e+01 3.790000e+00 6.393700e+02 1.819300e+02 0
-6.512600e-01 1.125500e+01 3.836000e+00 -8.971500e-01 342 37 1.355900e+01 3.790000e+00 6.443000e+02 1.740700e+02 0
-5.598600e-01 1.131800e+01 3.773600e+00 -8.971500e-01 343 37 1.363800e+01 3.790000e+00 6.496700e+02 1.783300e+02 0
-3.743300e-01 1.146600e+01 3.448400e+00 -8.971500e-01 344 37 1.338300e+01 3.790000e+00 6.605900e+02 1.975100e+02 0
-1.937200e-01 1.191700e+01 3.411900e+00 -8.971500e-01 356 37 1.398200e+01 3.790000e+00 6.713800e+02 2.054500e+02 0
-2.913900e-01 1.198800e+01 3.281800e+00 -8.971500e-01 357 37 1.417900e+01 3.790000e+00 6.664700e+02 2.128900e+02 0
-3.972500e-01 1.230600e+01 3.163200e+00 -8.971500e-01 365 37 1.399900e+01 3.790000e+00 6.618200e+02 2.225300e+02 0
3.257700e-01 1.358100e+01 2.942300e+00 -8.971500e-01 399 37 1.279700e+01 3.790000e+00 6.985000e+02 2.451100e+02 0
3.265900e-01 1.365500e+01 2.758800e+00 -8.971500e-01 400 37 1.324100e+01 3.790000e+00 6.986300e+02 2.538300e+02 0
2.182700e-01 1.352000e+01 3.507500e+00 -8.971500e-01 401 37 1.338700e+01 3.790000e+00 6.931200e+02 2.195000e+02 0
-1.094100e-01 1.302500e+01 5.143900e+00 -8.971500e-01 402 37 1.331600e+01 3.790000e+00 6.762100e+02 1.393800e+02 0
-7.865900e-01 3.070000e+00 -3.940500e-01 -8.651100e-01 94 38 9.933300e+00 3.790000e+00 4.923600e+02 5.083700e+02 0
-7.694000e-01 3.062800e+00 -3.934800e-01 -8.651100e-01 95 38 1.016700e+01 3.790000e+00 4.954700e+02 5.086400e+02 0
1.596600e+00 5.131700e+00 -5.579400e-01 -8.651100e-01 155 38 1.133200e+01 3.790000e+00 8.753800e+02 4.705700e+02 1
1.649300e+00 5.153200e+00 -5.596500e-01 -8.651100e-01 156 38 1.162500e+01 3.790000e+00 8.813400e+02 4.703600e+02 1
1.830200e+00 5.128500e+00 -5.576800e-01 -8.651100e-01 157 38 1.054300e+01 3.790000e+00 9.055600e+02 4.708000e+02 1
1.605100e+00 5.284300e+00 -5.700700e-01 -8.651100e-01 160 38 9.908600e+00 3.790000e+00 8.710700e+02 4.688000e+02 1
1.615200e+00 5.338600e+00 -5.743800e-01 -8.651100e-01 161 38 9.960100e+00 3.790000e+00 8.704700e+02 4.682000e+02 1
-2.369600e+00 6.059900e+00 1.758700e+00 -8.651100e-01 194 38 1.046200e+01 3.790000e+00 4.283100e+02 2.201700e+02 0
-2.353000e+00 6.136300e+00 1.914000e+00 -8.651100e-01 197 38 1.052100e+01 3.790000e+00 4.332800e+02 2.068600e+02 0
-2.203700e+00 6.234800e+00 1.898400e+00 -8.651100e-01 198 38 1.026500e+01 3.790000e+00 4.521000e+02 2.106500e+02 0
-1.899800e+00 6.870800e+00 1.866200e+00 -8.651100e-01 212 38 1.115700e+01 3.790000e+00 5.015900e+02 2.270800e+02 0
-1.850900e+00 6.906600e+00 1.920500e+00 -8.651100e-01 213 38 1.211900e+01 3.790000e+00 5.069600e+02 2.230500e+02 0
-1.801600e+00 6.973200e+00 1.861000e+00 -8.651100e-01 214 38 1.224400e+01 3.790000e+00 5.131300e+02 2.294300e+02 0
-1.810000e+00 7.016400e+00 1.830100e+00 -8.651100e-01 215 38 1.158300e+01 3.790000e+00 5.134900e+02 2.328700e+02 0
-2.322400e+00 7.453600e+00 -7.425100e-01 -8.651100e-01 225 38 1.227200e+01 3.790000e+00 4.812500e+02 4.496500e+02 0
-2.271400e+00 7.440400e+00 -7.414600e-01 -8.651100e-01 226 38 1.223800e+01 3.790000e+00 4.851900e+02 4.497400e+02 0
-1.114800e+00 7.837400e+00 -7.730200e-01 -8.651100e-01 228 38 1.155600e+01 3.790000e+00 5.891500e+02 4.482500e+02 0
-1.617400e+00 7.764300e+00 -7.672100e-01 -8.651100e-01 229 38 1.227100e+01 3.790000e+00 5.470900e+02 4.483900e+02 0
-1.936900e+00 7.741700e+00 -7.654100e-01 -8.651100e-01 230 38 1.218100e+01 3.790000e+00 5.205600e+02 4.483600e+02 0
-2.521000e+00 7.632100e+00 -7.567000e-01 -8.651100e-01 232 38 1.258000e+01 3.790000e+00 4.698700e+02 4.486400e+02 0
-2.468600e+00 7.656000e+00 -7.586000e-01 -8.651100e-01 233 38 1.252100e+01 3.790000e+00 4.748700e+02 4.485500e+02 0
-2.362200e+00 7.822700e+00 -7.718500e-01 -8.651100e-01 235 38 1.286700e+01 3.790000e+00 4.880900e+02 4.477800e+02 0
-1.964400e+00 7.692000e+00 2.688000e+00 -8.651100e-01 241 38 1.300400e+01 3.790000e+00 5.164700e+02 1.777500e+02 0
-2.182200e+00 8.377500e+00 2.497900e+00 -8.651100e-01 259 38 1.312500e+01 3.790000e+00 5.146700e+02 2.062300e+02 0
2.160900e-01 8.759700e+00 2.868000e+00 -8.651100e-01 265 38 1.334800e+01 3.790000e+00 6.934800e+02 1.863700e+02 0
3.615100e-01 9.049700e+00 1.902700e+00 -8.651100e-01 266 38 1.386700e+01 3.790000e+00 7.046300e+02 2.560700e+02 0
4.354500e-01 9.147700e+00 1.557800e+00 -8.651100e-01 267 38 1.378500e+01 3.790000e+00 7.100100e+02 2.800200e+02 0
5.099300e-01 9.184300e+00 1.527900e+00 -8.651100e-01 268 38 1.321600e+01 3.790000e+00 7.151400e+02 2.823000e+02 0
-1.518900e+00 9.773700e+00 2.621400e+00 -8.651100e-01 294 38 1.302500e+01 3.790000e+00 5.821700e+02 2.203800e+02 0
-2.128100e+00 1.011400e+01 1.719100e+00 -8.651100e-01 301 38 1.413800e+01 3.790000e+00 5.485600e+02 2.787500e+02 0
-1.971000e+00 9.994300e+00 2.594100e+00 -8.651100e-01 302 38 1.436700e+01 3.790000e+00 5.563900e+02 2.252900e+02 0
-1.647900e+00 9.883100e+00 3.293100e+00 -8.651100e-01 303 38 1.438600e+01 3.790000e+00 5.749600e+02 1.815100e+02 0
-1.570700e+00 9.887800e+00 3.426100e+00 -8.651100e-01 304 38 1.470700e+01 3.790000e+00 5.798200e+02 1.735700e+02 0
-1.575900e+00 9.928400e+00 3.414400e+00 -8.651100e-01 305 38 1.439200e+01 3.790000e+00 5.799600e+02 1.750300e+02 0
-1.561700e+00 1.053200e+01 3.157600e+00 -8.651100e-01 319 38 1.482200e+01 3.790000e+00 5.873300e+02 2.001000e+02 0
-1.479600e+00 1.060000e+01 3.090900e+00 -8.651100e-01 320 38 1.491900e+01 3.790000e+00 5.928700e+02 2.048500e+02 0
-1.571500e+00 1.048000e+01 3.549300e+00 -8.651100e-01 321 38 1.414700e+01 3.790000e+00 5.860600e+02 1.770900e+02 0
-1.083700e+00 1.121200e+01 2.596200e+00 -8.651100e-01 332 38 1.396000e+01 3.790000e+00 6.206500e+02 2.395800e+02 0
-4.679200e-01 1.149500e+01 3.338100e+00 -8.651100e-01 344 38 1.367500e+01 3.790000e+00 6.556300e+02 2.036900e+02 0
-3.754300e-01 1.157300e+01 3.203000e+00 -8.651100e-01 345 38 1.364600e+01 3.790000e+00 6.609900e+02 2.116900e+02 0
0 1.169300e+01 4.225200e+00 -8.651100e-01 357 38 1.378000e+01 3.790000e+00 6.808000e+02 1.608800e+02 0
-4.965700e-01 1.238800e+01 2.810600e+00 -8.651100e-01 365 38 1.368300e+01 3.790000e+00 6.572000e+02 2.405400e+02 0
-1.053200e-01 1.313700e+01 3.020400e+00 -8.651100e-01 387 38 1.315600e+01 3.790000e+00 6.778900e+02 2.377300e+02 0
1.091400e-01 1.333500e+01 4.160500e+00 -8.651100e-01 401 38 1.305600e+01 3.790000e+00 6.875200e+02 1.882700e+02 0
-3.282200e-01 1.292600e+01 5.378500e+00 -8.651100e-01 402 38 1.327900e+01 3.790000e+00 6.653400e+02 1.270800e+02 0
-1.096800e-01 1.287000e+01 5.609000e+00 -8.651100e-01 403 38 1.319800e+01 3.790000e+00 6.757000e+02 1.153500e+02 0
1.596600e+00 5.135200e+00 -5.582100e-01 -8.330700e-01 155 39 1.078700e+01 3.790000e+00 8.752600e+02 4.705300e+02 1
1.649300e+00 5.155600e+00 -5.598400e-01 -8.330700e-01 156 39 1.094300e+01 3.790000e+00 8.812500e+02 4.703300e+02 1
-2.397200e+00 5.918100e+00 1.929500e+00 -8.330700e-01 192 39 1.107200e+01 3.790000e+00 4.192600e+02 1.997200e+02 0
-2.409700e+00 6.017300e+00 1.716500e+00 -8.330700e-01 193 39 1.213700e+01 3.790000e+00 4.223300e+02 2.233800e+02 0
-2.369600e+00 6.138500e+00 -6.379700e-01 -8.330700e-01 194 39 1.243200e+01 3.790000e+00 4.308600e+02 4.580300e+02 0
-2.328900e+00 6.253800e+00 -6.471400e-01 -8.330700e-01 195 39 1.223400e+01 3.790000e+00 4.397900e+02 4.571800e+02 0
-2.394200e+00 6.200800e+00 -6.429300e-01 -8.330700e-01 196 39 1.222300e+01 3.790000e+00 4.310200e+02 4.575400e+02 0
-2.353000e+00 6.162700e+00 1.827100e+00 -8.330700e-01 197 39 1.218000e+01 3.790000e+00 4.343600e+02 2.158900e+02 0
-2.593100e+00 5.934200e+00 2.424100e+00 -8.330700e-01 199 39 1.152900e+01 3.790000e+00 3.999700e+02 1.511300e+02 0
-1.793100e+00 6.978800e+00 1.702000e+00 -8.330700e-01 213 39 1.302800e+01 3.790000e+00 5.140600e+02 2.431500e+02 0
-2.092100e+00 7.017400e+00 -7.078300e-01 -8.330700e-01 214 39 1.331500e+01 3.790000e+00 4.886800e+02 4.522100e+02 0
-2.510700e+00 6.998400e+00 -7.063300e-01 -8.330700e-01 215 39 1.319900e+01 3.790000e+00 4.505200e+02 4.521100e+02 0
-2.991700e+00 6.878800e+00 -6.968200e-01 -8.330700e-01 216 39 1.286800e+01 3.790000e+00 4.025400e+02 4.525900e+02 0
-2.444600e+00 7.377600e+00 -7.364700e-01 -8.330700e-01 225 39 1.368100e+01 3.790000e+00 4.686500e+02 450 0
-2.210000e+00 7.422900e+00 -7.400700e-01 -8.330700e-01 226 39 1.359300e+01 3.790000e+00 4.899000e+02 4.498700e+02 0
-2.347500e+00 7.716900e+00 2.146100e+00 -8.330700e-01 240 39 1.384500e+01 3.790000e+00 4.863600e+02 2.202900e+02 0
-2.291800e+00 7.753100e+00 2.211000e+00 -8.330700e-01 241 39 1.401600e+01 3.790000e+00 4.917500e+02 2.159300e+02 0
-2.038400e+00 7.501700e+00 3.226000e+00 -8.330700e-01 242 39 1.326700e+01 3.790000e+00 5.058700e+02 1.308800e+02 0
-1.957900e+00 9.863700e+00 2.812500e+00 -8.330700e-01 300 39 1.410400e+01 3.790000e+00 5.553500e+02 2.102900e+02 0
-2.046300e+00 9.814000e+00 3.043800e+00 -8.330700e-01 301 39 1.512200e+01 3.790000e+00 5.489900e+02 1.955600e+02 0
-2.135200e+00 9.803100e+00 3.136900e+00 -8.330700e-01 302 39 1.516300e+01 3.790000e+00 5.431700e+02 1.897900e+02 0
-1.977500e+00 9.866300e+00 3.159300e+00 -8.330700e-01 303 39 1.454200e+01 3.790000e+00 5.540400e+02 1.894400e+02 0
-1.653400e+00 9.907400e+00 3.329000e+00 -8.330700e-01 304 39 1.427500e+01 3.790000e+00 5.748900e+02 1.798000e+02 0
-1.658900e+00 1.000600e+01 3.138300e+00 -8.330700e-01 305 39 1.403300e+01 3.790000e+00 5.757800e+02 1.928900e+02 0
-1.914000e+00 1.020500e+01 2.377700e+00 -8.330700e-01 306 39 1.324400e+01 3.790000e+00 5.627500e+02 2.407300e+02 0
-1.475000e+00 1.055200e+01 3.131600e+00 -8.330700e-01 319 39 1.404400e+01 3.790000e+00 5.926800e+02 2.018400e+02 0
-1.479600e+00 1.061100e+01 3.054400e+00 -8.330700e-01 320 39 1.407800e+01 3.790000e+00 5.929900e+02 2.070500e+02 0
-8.029600e-01 1.010700e+01 5.255400e+00 -8.330700e-01 328 39 1.289200e+01 3.790000e+00 6.285400e+02 7.028200e+01 0
-6.264400e-01 1.045500e+01 4.637800e+00 -8.330700e-01 329 39 1.275000e+01 3.790000e+00 6.415500e+02 1.144500e+02 0
-1.080400e+00 1.126000e+01 2.207800e+00 -8.330700e-01 331 39 1.249800e+01 3.790000e+00 6.213400e+02 2.608000e+02 0
-1.174000e+00 1.115400e+01 2.800100e+00 -8.330700e-01 332 39 1.305100e+01 3.790000e+00 6.150900e+02 2.280200e+02 0
-5.631400e-01 1.112500e+01 4.498900e+00 -8.330700e-01 345 39 1.286800e+01 3.790000e+00 6.482700e+02 1.364900e+02 0
-5.647800e-01 1.038900e+01 6.075400e+00 -8.330700e-01 346 39 1.233700e+01 3.790000e+00 6.439800e+02 3.167600e+01 0
-1.001300e-01 1.175400e+01 5.109900e+00 -8.330700e-01 368 39 1.255000e+01 3.790000e+00 6.749000e+02 1.173400e+02 0
-2.976100e+00 1.341600e+01 3.196300e+00 -8.330700e-01 405 39 1.278000e+01 3.790000e+00 5.441500e+02 2.332300e+02 0
-4.927500e-01 1.284600e+00 -2.521200e-01 -8.010300e-01 44 40 9.707800e+00 3.790000e+00 3.496300e+02 6.522700e+02 0
-2.333900e+00 5.448400e+00 2.295200e+00 -8.010300e-01 183 40 1.033600e+01 3.790000e+00 4.033700e+02 1.463300e+02 0
-2.346700e+00 5.426600e+00 2.426900e+00 -8.010300e-01 184 40 1.029700e+01 3.790000e+00 4.008600e+02 1.312300e+02 0
-2.165800e+00 5.577200e+00 2.787600e+00 -8.010300e-01 190 40 1.124500e+01 3.790000e+00 4.286200e+02 9.917800e+01 0
-2.229100e+00 5.693000e+00 2.578800e+00 -8.010300e-01 191 40 1.179400e+01 3.790000e+00 427 1.259900e+02 0
-2.136600e+00 5.877900e+00 2.319300e+00 -8.010300e-01 192 40 1.171900e+01 3.790000e+00 4.448100e+02 1.591600e+02 0
-2.095400e+00 6.266300e+00 -6.481300e-01 -8.010300e-01 193 40 1.169600e+01 3.790000e+00 4.637100e+02 4.572200e+02 0
-2.316900e+00 6.215200e+00 -6.440700e-01 -8.010300e-01 194 40 1.204500e+01 3.790000e+00 4.394200e+02 4.574800e+02 0
-2.540700e+00 6.102400e+00 -6.351000e-01 -8.010300e-01 195 40 1.252100e+01 3.790000e+00 4.117400e+02 4.582100e+02 0
-2.607000e+00 6.085700e+00 1.595300e+00 -8.010300e-01 196 40 1.296700e+01 3.790000e+00 4.053100e+02 2.368900e+02 0
-2.566900e+00 6.176100e+00 -6.409600e-01 -8.010300e-01 197 40 1.251000e+01 3.790000e+00 4.124500e+02 4.576300e+02 0
-3.094500e+00 6.800900e+00 -6.906300e-01 -8.010300e-01 215 40 1.412000e+01 3.790000e+00 3.897700e+02 4.530200e+02 0
-3.285000e+00 6.751400e+00 -6.866900e-01 -8.010300e-01 216 40 1.453700e+01 3.790000e+00 3.699800e+02 4.532300e+02 0
-3.359200e+00 6.754100e+00 -6.869100e-01 -8.010300e-01 217 40 1.405800e+01 3.790000e+00 3.632700e+02 4.531700e+02 0
-3.256100e+00 7.237100e+00 1.950600e+00 -8.010300e-01 235 40 1.411700e+01 3.790000e+00 3.954400e+02 2.276100e+02 0
-3.398200e+00 7.167200e+00 2.106600e+00 -8.010300e-01 236 40 1.406600e+01 3.790000e+00 3.805100e+02 2.135100e+02 0
-3.477100e+00 7.177000e+00 2.080800e+00 -8.010300e-01 237 40 1.392300e+01 3.790000e+00 3.741800e+02 2.158800e+02 0
-2.869200e+00 7.695400e+00 -7.617400e-01 -8.010300e-01 240 40 1.380300e+01 3.790000e+00 4.433300e+02 4.481800e+02 0
-2.881200e+00 7.746700e+00 -7.658100e-01 -8.010300e-01 241 40 1.379200e+01 3.790000e+00 4.440200e+02 4.479200e+02 0
-2.979900e+00 7.909100e+00 2.692900e+00 -8.010300e-01 255 40 1.303900e+01 3.790000e+00 4.420200e+02 1.830600e+02 0
-2.852500e+00 8.062200e+00 2.484300e+00 -8.010300e-01 256 40 1.328000e+01 3.790000e+00 4.564000e+02 2.016300e+02 0
-3.792500e-01 8.334100e+00 4.965600e+00 -8.010300e-01 279 40 1.317800e+01 3.790000e+00 6.467600e+02 2.932100e+01 0
-2.121000e+00 9.673600e+00 3.310400e+00 -8.010300e-01 300 40 1.399900e+01 3.790000e+00 5.420500e+02 1.768700e+02 0
-2.128100e+00 9.621800e+00 3.558000e+00 -8.010300e-01 301 40 1.465200e+01 3.790000e+00 5.407300e+02 1.606700e+02 0
-2.135200e+00 9.578700e+00 3.766900e+00 -8.010300e-01 302 40 1.448800e+01 3.790000e+00 5.395400e+02 1.469100e+02 0
-1.977500e+00 9.549200e+00 4.017100e+00 -8.010300e-01 303 40 1.357100e+01 3.790000e+00 5.492200e+02 1.307000e+02 0
-1.842700e+00 9.338300e+00 4.934600e+00 -8.010300e-01 308 40 1.262600e+01 3.790000e+00 5.546400e+02 6.786900e+01 0
-2.016800e+00 9.566200e+00 4.485500e+00 -8.010300e-01 309 40 1.300500e+01 3.790000e+00 5.467900e+02 1.023600e+02 0
-2.444900e+00 9.900100e+00 3.530200e+00 -8.010300e-01 310 40 1.245200e+01 3.790000e+00 5.251500e+02 1.680900e+02 0
-2.482600e+00 9.601800e+00 6.336800e+00 -8.010300e-01 338 40 1.179900e+01 3.790000e+00 5.171300e+02 -8.310200e+00 0
-2.305500e+00 9.011600e+00 7.267200e+00 -8.010300e-01 339 40 1.236200e+01 3.790000e+00 5.177500e+02 -9.112600e+01 0
-2.219800e+00 8.762300e+00 7.645700e+00 -8.010300e-01 340 40 1.238700e+01 3.790000e+00 5.187900e+02 -1.282300e+02 0
-2.133600e+00 8.732100e+00 7.758100e+00 -8.010300e-01 341 40 1.200800e+01 3.790000e+00 5.241700e+02 -1.373100e+02 0
1.488600e+00 1.118900e+01 3.797400e+00 -8.010300e-01 342 40 1.191700e+01 3.790000e+00 7.645700e+02 1.739200e+02 0
-1.702200e+00 1.098500e+01 6.379500e+00 -8.010300e-01 368 40 1.187300e+01 3.790000e+00 5.824200e+02 3.414400e+01 0
-2.510100e+00 1.126400e+01 5.655000e+00 -8.010300e-01 369 40 1.228600e+01 3.790000e+00 5.411600e+02 8.024400e+01 0
-3.020300e+00 1.111800e+01 5.773000e+00 -8.010300e-01 370 40 1.278100e+01 3.790000e+00 5.110100e+02 7.085000e+01 0
-3.028500e+00 1.097000e+01 6.119800e+00 -8.010300e-01 371 40 1.304000e+01 3.790000e+00 5.081100e+02 4.865500e+01 0
-2.530600e+00 1.080100e+01 6.694600e+00 -8.010300e-01 372 40 1.283700e+01 3.790000e+00 5.333900e+02 1.257900e+01 0
-1.420900e+00 1.101600e+01 6.738000e+00 -8.010300e-01 373 40 1.218600e+01 3.790000e+00 5.983000e+02 1.587000e+01 0
-3.889600e+00 1.263700e+01 4.054500e+00 -8.010300e-01 397 40 1.308000e+01 3.790000e+00 4.902800e+02 1.854700e+02 0
-4.927500e-01 1.336900e+00 -2.562800e-01 -7.689800e-01 44 41 9.956600e+00 3.790000e+00 3.637200e+02 6.423800e+02 0
-5.042100e-01 1.300500e+00 -2.533800e-01 -7.689800e-01 45 41 9.897500e+00 3.790000e+00 3.482600e+02 6.490900e+02 0
-2.801000e+00 4.502100e+00 2.968400e+00 -7.689800e-01 175 41 1.011300e+01 3.790000e+00 2.821900e+02 1.642000e+01 0
-2.752700e+00 5.396200e+00 -5.789600e-01 -7.689800e-01 178 41 1.076100e+01 3.790000e+00 3.503600e+02 4.643100e+02 0
-2.768200e+00 5.417100e+00 -5.806300e-01 -7.689800e-01 179 41 1.172700e+01 3.790000e+00 3.499000e+02 4.640900e+02 0
-2.734900e+00 5.481700e+00 -5.857600e-01 -7.689800e-01 180 41 1.174400e+01 3.790000e+00 3.577300e+02 4.634800e+02 0
-2.799300e+00 5.506200e+00 -5.877100e-01 -7.689800e-01 181 41 1.136600e+01 3.790000e+00 3.519300e+02 4.632000e+02 0
-2.814900e+00 5.372500e+00 1.780100e+00 -7.689800e-01 182 41 1.180900e+01 3.790000e+00 3.441700e+02 2.003800e+02 0
-2.681500e+00 5.396600e+00 2.021200e+00 -7.689800e-01 183 41 1.219800e+01 3.790000e+00 3.610400e+02 1.745900e+02 0
-2.696200e+00 5.353100e+00 2.218000e+00 -7.689800e-01 184 41 1.195700e+01 3.790000e+00 3.569000e+02 1.514800e+02 0
-2.918300e+00 5.510800e+00 2.368100e+00 -7.689800e-01 192 41 1.251800e+01 3.790000e+00 3.419100e+02 1.416500e+02 0
-3.038300e+00 5.521700e+00 2.289200e+00 -7.689800e-01 193 41 1.249600e+01 3.790000e+00 3.292800e+02 1.505900e+02 0
-2.896200e+00 5.657900e+00 2.243000e+00 -7.689800e-01 194 41 1.239100e+01 3.790000e+00 3.531000e+02 1.602000e+02 0
-2.805300e+00 5.800200e+00 2.095400e+00 -7.689800e-01 195 41 1.307300e+01 3.790000e+00 3.707200e+02 1.799400e+02 0
-2.873000e+00 5.870300e+00 1.913700e+00 -7.689800e-01 196 41 1.337300e+01 3.790000e+00 3.673100e+02 2.004000e+02 0
-2.887700e+00 5.918600e+00 1.866800e+00 -7.689800e-01 197 41 1.300700e+01 3.790000e+00 3.683600e+02 2.064000e+02 0
-3.121300e+00 6.457300e+00 -6.633200e-01 -7.689800e-01 209 41 1.347400e+01 3.790000e+00 3.710800e+02 4.552600e+02 0
-3.250300e+00 6.485200e+00 -6.655300e-01 -7.689800e-01 210 41 1.407100e+01 3.790000e+00 3.600800e+02 455 0
-3.323200e+00 6.489700e+00 -6.658900e-01 -7.689800e-01 211 41 1.406400e+01 3.790000e+00 3.533300e+02 4.549300e+02 0
-3.167700e+00 6.794200e+00 -6.901000e-01 -7.689800e-01 216 41 1.389500e+01 3.790000e+00 3.827700e+02 4.530200e+02 0
-3.300300e+00 6.782200e+00 -6.891400e-01 -7.689800e-01 217 41 1.381800e+01 3.790000e+00 3.700400e+02 4.530300e+02 0
-3.369300e+00 7.018300e+00 2.367200e+00 -7.689800e-01 234 41 1.384300e+01 3.790000e+00 3.766800e+02 1.884800e+02 0
-3.511400e+00 6.970000e+00 2.423100e+00 -7.689800e-01 235 41 1.412600e+01 3.790000e+00 3.621100e+02 1.826900e+02 0
-3.462300e+00 7.048000e+00 2.385900e+00 -7.689800e-01 236 41 1.425400e+01 3.790000e+00 3.699300e+02 1.877000e+02 0
-3.477100e+00 7.137700e+00 2.211900e+00 -7.689800e-01 237 41 1.431400e+01 3.790000e+00 3.725400e+02 2.042400e+02 0
-3.491800e+00 7.208600e+00 2.085300e+00 -7.689800e-01 238 41 1.382000e+01 3.790000e+00 3.743100e+02 2.161500e+02 0
-9.860400e-01 8.088400e+00 5.278600e+00 -7.689800e-01 279 41 1.251300e+01 3.790000e+00 5.987300e+02 -2.272700e+00 0
-2.154300e+00 7.979800e+00 5.354600e+00 -7.689800e-01 283 41 1.180300e+01 3.790000e+00 5.076300e+02 -1.091400e+01 0
-2.162000e+00 8.121600e+00 5.200400e+00 -7.689800e-01 284 41 1.181300e+01 3.790000e+00 5.102300e+02 6.386200e+00 0
-2.169600e+00 8.422500e+00 4.767100e+00 -7.689800e-01 285 41 1.156300e+01 3.790000e+00 5.161300e+02 4.860800e+01 0
3.263100e-01 5.577100e+00 8.821900e+00 -7.689800e-01 300 41 1.190000e+01 3.790000e+00 6.962400e+02 -5.186800e+02 0
-1.637000e+00 9.146400e+00 4.840400e+00 -7.689800e-01 301 41 1.218700e+01 3.790000e+00 5.656900e+02 6.764000e+01 0
-1.642500e+00 8.974000e+00 5.222100e+00 -7.689800e-01 302 41 1.216900e+01 3.790000e+00 5.627700e+02 3.733000e+01 0
-6.591800e-01 9.069200e+00 5.343200e+00 -7.689800e-01 303 41 1.141900e+01 3.790000e+00 6.310300e+02 3.177300e+01 0
-4.960200e-01 1.007800e+01 3.187500e+00 -7.689800e-01 304 41 1.137700e+01 3.790000e+00 6.487300e+02 1.905900e+02 0
-2.170700e+00 8.265400e+00 6.416700e+00 -7.689800e-01 307 41 1.206300e+01 3.790000e+00 5.124900e+02 -7.219200e+01 0
-1.926500e+00 8.874100e+00 5.699900e+00 -7.689800e-01 308 41 1.244200e+01 3.790000e+00 5.415200e+02 2.875400e+00 0
-1.848800e+00 9.178800e+00 5.294400e+00 -7.689800e-01 309 41 1.225100e+01 3.790000e+00 5.517600e+02 4.004800e+01 0
-1.770400e+00 9.477300e+00 4.847400e+00 -7.689800e-01 310 41 1.182100e+01 3.790000e+00 5.613700e+02 7.739800e+01 0
-2.674400e+00 8.766800e+00 7.438300e+00 -7.689800e-01 339 41 1.202200e+01 3.790000e+00 4.875400e+02 -1.138000e+02 0
-2.497300e+00 8.737100e+00 7.588800e+00 -7.689800e-01 340 41 1.198500e+01 3.790000e+00 4.991000e+02 -1.254200e+02 0
-2.226400e+00 8.758500e+00 7.702100e+00 -7.689800e-01 341 41 1.172700e+01 3.790000e+00 5.182600e+02 -1.320700e+02 0
-2.325900e+00 9.152400e+00 7.255700e+00 -7.689800e-01 342 41 1.159100e+01 3.790000e+00 5.190100e+02 -8.364300e+01 0
-2.519400e+00 9.727700e+00 6.455800e+00 -7.689800e-01 343 41 1.164300e+01 3.790000e+00 5.170200e+02 -1.066400e+01 0
-2.510100e+00 1.007400e+01 7.575200e+00 -7.689800e-01 369 41 1.165700e+01 3.790000e+00 5.232700e+02 -6.207800e+01 0
-3.121000e+00 1.083100e+01 6.246700e+00 -7.689800e-01 370 41 1.273700e+01 3.790000e+00 5.005600e+02 3.802700e+01 0
-3.331400e+00 1.090000e+01 6.087100e+00 -7.689800e-01 371 41 1.302100e+01 3.790000e+00 4.899800e+02 4.871400e+01 0
-3.137900e+00 1.066300e+01 6.657700e+00 -7.689800e-01 372 41 1.259300e+01 3.790000e+00 4.966200e+02 1.082300e+01 0
-4.213700e+00 1.244400e+01 4.319600e+00 -7.689800e-01 397 41 1.212900e+01 3.790000e+00 4.711600e+02 1.703700e+02 0
-2.881200e+00 5.285300e+00 -5.701400e-01 -7.369400e-01 177 42 1.005400e+01 3.790000e+00 3.280500e+02 4.653400e+02 0
-2.719700e+00 5.356500e+00 1.598300e+00 -7.369400e-01 179 42 1.166600e+01 3.790000e+00 3.538300e+02 2.199100e+02 0
-2.783800e+00 5.427800e+00 -5.814800e-01 -7.369400e-01 180 42 1.195000e+01 3.790000e+00 3.487900e+02 4.639700e+02 0
-2.946700e+00 5.398200e+00 -5.791200e-01 -7.369400e-01 181 42 1.185100e+01 3.790000e+00 3.281300e+02 4.641400e+02 0
-2.913600e+00 5.341100e+00 1.714600e+00 -7.369400e-01 182 42 1.222300e+01 3.790000e+00 3.307800e+02 2.067800e+02 0
-2.830400e+00 5.366700e+00 1.893700e+00 -7.369400e-01 183 42 1.238800e+01 3.790000e+00 3.421500e+02 1.877200e+02 0
-2.746100e+00 5.361700e+00 2.134300e+00 -7.369400e-01 184 42 1.214400e+01 3.790000e+00 3.516700e+02 1.610500e+02 0
-3.334600e+00 5.646700e+00 1.702200e+00 -7.369400e-01 195 42 1.276100e+01 3.790000e+00 3.045500e+02 2.166400e+02 0
-3.405000e+00 5.704100e+00 -6.034400e-01 -7.369400e-01 196 42 1.296100e+01 3.790000e+00 2.978100e+02 4.609700e+02 0
-3.691500e+00 6.076900e+00 -6.330800e-01 -7.369400e-01 206 42 1.338100e+01 3.790000e+00 2.927900e+02 4.577100e+02 0
-3.535400e+00 6.368700e+00 -6.562700e-01 -7.369400e-01 210 42 1.380800e+01 3.790000e+00 3.262100e+02 4.556500e+02 0
-3.666900e+00 6.335700e+00 -6.536500e-01 -7.369400e-01 211 42 1.383800e+01 3.790000e+00 3.114500e+02 4.558100e+02 0
-3.951800e+00 6.288800e+00 -6.499200e-01 -7.369400e-01 214 42 1.338400e+01 3.790000e+00 2.806400e+02 4.559800e+02 0
-4.028700e+00 6.264800e+00 -6.480100e-01 -7.369400e-01 215 42 1.389500e+01 3.790000e+00 2.714900e+02 4.561100e+02 0
-4.047600e+00 6.153600e+00 -6.391700e-01 -7.369400e-01 216 42 1.358200e+01 3.790000e+00 2.620500e+02 4.569100e+02 0
-3.778000e+00 6.738800e+00 1.778300e+00 -7.369400e-01 228 42 1.357000e+01 3.790000e+00 3.263300e+02 2.333100e+02 0
-3.856800e+00 6.733100e+00 1.786400e+00 -7.369400e-01 229 42 1.359800e+01 3.790000e+00 3.189000e+02 2.325300e+02 0
-3.811300e+00 6.747900e+00 1.974500e+00 -7.369400e-01 230 42 1.353600e+01 3.790000e+00 324 2.163100e+02 0
-3.702400e+00 6.770800e+00 2.228800e+00 -7.369400e-01 231 42 1.320000e+01 3.790000e+00 3.352400e+02 1.945800e+02 0
-3.655500e+00 6.903400e+00 2.015400e+00 -7.369400e-01 232 42 1.267600e+01 3.790000e+00 3.459500e+02 2.159300e+02 0
-3.623600e+00 6.862200e+00 2.447900e+00 -7.369400e-01 234 42 1.227200e+01 3.790000e+00 3.470900e+02 1.779000e+02 0
-3.830600e+00 6.808400e+00 2.398800e+00 -7.369400e-01 235 42 1.297200e+01 3.790000e+00 3.258800e+02 1.808900e+02 0
-2.806400e+00 7.585100e+00 5.371000e+00 -7.369400e-01 279 42 1.167300e+01 3.790000e+00 4.460300e+02 -2.992900e+01 0
-2.092700e+00 7.142700e+00 7.123300e+00 -7.369400e-01 296 42 1.188600e+01 3.790000e+00 4.916700e+02 -1.938000e+02 0
-5.704200e+00 8.746300e+00 1.713900e+00 -7.369400e-01 304 42 1.221200e+01 3.790000e+00 2.746900e+02 2.673200e+02 0
-2.073600e+00 5.743500e+00 8.684800e+00 -7.369400e-01 305 42 1.166300e+01 3.790000e+00 4.473400e+02 -4.705500e+02 0
-2.170700e+00 8.045100e+00 6.690700e+00 -7.369400e-01 307 42 1.168500e+01 3.790000e+00 5.076600e+02 -1.030800e+02 0
-2.261600e+00 8.454400e+00 6.193400e+00 -7.369400e-01 308 42 1.213000e+01 3.790000e+00 5.099000e+02 -4.753200e+01 0
-2.184900e+00 8.195000e+00 6.615700e+00 -7.369400e-01 309 42 1.168000e+01 3.790000e+00 5.099000e+02 -8.963100e+01 0
-2.929200e+00 5.377900e+00 -5.775100e-01 -7.049000e-01 177 43 1.020700e+01 3.790000e+00 3.287800e+02 4.643600e+02 0
-2.946700e+00 5.357600e+00 -5.759000e-01 -7.049000e-01 181 43 1.035600e+01 3.790000e+00 3.253800e+02 4.645500e+02 0
-2.963000e+00 5.343900e+00 1.618500e+00 -7.049000e-01 182 43 1.065900e+01 3.790000e+00 3.252200e+02 2.175400e+02 0
-2.830400e+00 5.380400e+00 1.854400e+00 -7.049000e-01 183 43 1.068100e+01 3.790000e+00 3.429800e+02 1.924700e+02 0
-2.696200e+00 5.248800e+00 2.454600e+00 -7.049000e-01 184 43 1.060600e+01 3.790000e+00 3.506000e+02 1.209900e+02 0
-3.580700e+00 5.518200e+00 -5.886600e-01 -7.049000e-01 194 43 1.142000e+01 3.790000e+00 2.648900e+02 4.625400e+02 0
-3.546400e+00 5.597000e+00 -5.949200e-01 -7.049000e-01 195 43 1.275500e+01 3.790000e+00 2.746800e+02 4.618300e+02 0
-3.724200e+00 5.574700e+00 -5.931500e-01 -7.049000e-01 196 43 1.310400e+01 3.790000e+00 2.533400e+02 4.619100e+02 0
-3.957200e+00 5.521100e+00 -5.888900e-01 -7.049000e-01 197 43 1.252800e+01 3.790000e+00 2.231400e+02 4.622500e+02 0
-4.031200e+00 5.430400e+00 -5.816800e-01 -7.049000e-01 198 43 1.144500e+01 3.790000e+00 207 4.630500e+02 0
-3.781500e+00 5.199300e+00 2.545900e+00 -7.049000e-01 199 43 1.142800e+01 3.790000e+00 2.215500e+02 1.101100e+02 0
-3.896100e+00 5.944700e+00 -6.225700e-01 -7.049000e-01 205 43 1.299500e+01 3.790000e+00 2.627000e+02 4.586300e+02 0
-3.915200e+00 5.989300e+00 -6.261100e-01 -7.049000e-01 206 43 1.312100e+01 3.790000e+00 2.639200e+02 4.582600e+02 0
-4.105700e+00 6.030900e+00 -6.294200e-01 -7.049000e-01 210 43 1.307500e+01 3.790000e+00 2.474200e+02 4.578200e+02 0
-4.182600e+00 6.019400e+00 -6.285000e-01 -7.049000e-01 211 43 1.340300e+01 3.790000e+00 2.387100e+02 4.578600e+02 0
-4.125300e+00 5.990600e+00 1.999600e+00 -7.049000e-01 217 43 1.379000e+01 3.790000e+00 2.467200e+02 1.961500e+02 0
-4.144400e+00 5.954300e+00 2.191300e+00 -7.049000e-01 218 43 1.392300e+01 3.790000e+00 2.424500e+02 1.763100e+02 0
-4.163500e+00 6.023600e+00 2.084100e+00 -7.049000e-01 219 43 1.379100e+01 3.790000e+00 2.454200e+02 1.888400e+02 0
-4.008000e+00 6.381800e+00 2.345700e+00 -7.049000e-01 227 43 1.324200e+01 3.790000e+00 2.850300e+02 1.741300e+02 0
-4.087700e+00 6.364900e+00 2.371900e+00 -7.049000e-01 228 43 1.340800e+01 3.790000e+00 2.764400e+02 1.713100e+02 0
-4.230100e+00 6.391600e+00 2.157600e+00 -7.049000e-01 229 43 1.333900e+01 3.790000e+00 2.643800e+02 1.918500e+02 0
-4.436100e+00 6.382800e+00 1.881600e+00 -7.049000e-01 230 43 1.290200e+01 3.790000e+00 2.439000e+02 2.171700e+02 0
-4.486800e+00 7.141100e+00 2.634600e+00 -7.049000e-01 254 43 1.204900e+01 3.790000e+00 2.871100e+02 1.702600e+02 0
-4.435300e+00 7.279600e+00 2.454000e+00 -7.049000e-01 255 43 1.204100e+01 3.790000e+00 2.987400e+02 1.883100e+02 0
-5.538900e+00 8.569100e+00 2.804300e+00 -7.049000e-01 304 43 1.210600e+01 3.790000e+00 2.789900e+02 1.904400e+02 0
-5.426800e+00 8.585200e+00 3.323500e+00 -7.049000e-01 307 43 1.215500e+01 3.790000e+00 2.881100e+02 1.553400e+02 0
-6.738000e+00 9.127200e+00 3.844700e+00 -7.049000e-01 344 43 1.242200e+01 3.790000e+00 2.256500e+02 1.349600e+02 0
-6.569900e+00 9.171100e+00 4.129600e+00 -7.049000e-01 345 43 1.279800e+01 3.790000e+00 2.390900e+02 1.179000e+02 0
-6.400800e+00 9.307800e+00 4.190700e+00 -7.049000e-01 346 43 1.252200e+01 3.790000e+00 2.564700e+02 1.174300e+02 0
-6.230500e+00 9.604400e+00 3.865900e+00 -7.049000e-01 347 43 1.210000e+01 3.790000e+00 2.798900e+02 1.442400e+02 0
-6.437900e+00 9.574900e+00 3.705500e+00 -7.049000e-01 348 43 1.208700e+01 3.790000e+00 2.654900e+02 1.534700e+02 0
-6.646300e+00 9.382600e+00 3.936600e+00 -7.049000e-01 349 43 1.231100e+01 3.790000e+00 2.439100e+02 1.351900e+02 0
-6.760700e+00 9.182900e+00 4.303700e+00 -7.049000e-01 350 43 1.193300e+01 3.790000e+00 2.274300e+02 1.074100e+02 0
-5.769700e+00 9.223700e+00 7.036100e+00 -7.049000e-01 372 43 1.119400e+01 3.790000e+00 2.959900e+02 -6.178000e+01 0
-6.089800e+00 8.669900e+00 7.518400e+00 -7.049000e-01 373 43 1.103400e+01 3.790000e+00 2.505000e+02 -1.182500e+02 0
-3.863900e+00 5.518300e+00 -5.886700e-01 -6.728600e-01 195 44 1.060200e+01 3.790000e+00 2.332900e+02 4.623400e+02 0
-4.043500e+00 5.472800e+00 -5.850600e-01 -6.728600e-01 196 44 1.203300e+01 3.790000e+00 2.093600e+02 4.626400e+02 0
-4.171200e+00 5.425400e+00 -5.812900e-01 -6.728600e-01 197 44 1.261000e+01 3.790000e+00 1.907500e+02 463 0
-4.246200e+00 5.389700e+00 -5.784400e-01 -6.728600e-01 198 44 1.264600e+01 3.790000e+00 1.789400e+02 4.632900e+02 0
-4.267700e+00 5.374800e+00 -5.772600e-01 -6.728600e-01 199 44 1.264700e+01 3.790000e+00 1.750800e+02 4.634200e+02 0
-4.289300e+00 5.430700e+00 -5.817100e-01 -6.728600e-01 200 44 1.265200e+01 3.790000e+00 1.779300e+02 4.628700e+02 0
-4.310800e+00 5.492700e+00 -5.866300e-01 -6.728600e-01 201 44 1.220000e+01 3.790000e+00 1.812800e+02 4.622700e+02 0
-4.332400e+00 5.500800e+00 -5.872800e-01 -6.728600e-01 202 44 1.194600e+01 3.790000e+00 1.796300e+02 4.621800e+02 0
-4.519300e+00 5.414800e+00 -5.804500e-01 -6.728600e-01 203 44 1.185400e+01 3.790000e+00 1.505100e+02 4.628600e+02 0
-4.743000e+00 5.348900e+00 1.925700e+00 -6.728600e-01 213 44 1.349100e+01 3.790000e+00 1.254000e+02 1.855200e+02 0
-4.707300e+00 5.486300e+00 1.753600e+00 -6.728600e-01 214 44 1.361800e+01 3.790000e+00 1.426500e+02 2.080900e+02 0
-4.361000e+00 5.851800e+00 1.908200e+00 -6.728600e-01 217 44 1.335700e+01 3.790000e+00 2.119700e+02 2.016700e+02 0
-4.203600e+00 5.857400e+00 2.334800e+00 -6.728600e-01 218 44 1.373400e+01 3.790000e+00 2.293700e+02 1.590800e+02 0
-4.583100e+00 5.935800e+00 2.570600e+00 -6.728600e-01 228 44 1.324200e+01 3.790000e+00 1.974000e+02 1.389700e+02 0
-4.916000e+00 6.262600e+00 -6.478400e-01 -6.728600e-01 232 44 1.280200e+01 3.790000e+00 1.844400e+02 4.556100e+02 0
-4.507300e+00 6.559200e+00 2.142400e+00 -6.728600e-01 237 44 1.229400e+01 3.790000e+00 2.495200e+02 1.976500e+02 0
-4.655700e+00 6.582200e+00 1.872200e+00 -6.728600e-01 238 44 1.211100e+01 3.790000e+00 2.370100e+02 2.224300e+02 0
-4.660100e+00 6.737300e+00 2.346300e+00 -6.728600e-01 245 44 1.191300e+01 3.790000e+00 2.475500e+02 1.842500e+02 0
-4.612300e+00 6.694900e+00 2.667100e+00 -6.728600e-01 246 44 1.224100e+01 3.790000e+00 2.495600e+02 1.551300e+02 0
-4.564000e+00 6.425600e+00 3.418900e+00 -6.728600e-01 247 44 1.147300e+01 3.790000e+00 2.372000e+02 7.892200e+01 0
-5.420200e+00 7.102900e+00 -7.146400e-01 -6.728600e-01 259 44 1.131000e+01 3.790000e+00 2.005200e+02 4.500800e+02 0
-5.653200e+00 7.011600e+00 -7.073800e-01 -6.728600e-01 260 44 1.134900e+01 3.790000e+00 1.739300e+02 4.504800e+02 0
-5.675000e+00 7 -7.064600e-01 -6.728600e-01 261 44 1.125200e+01 3.790000e+00 1.711900e+02 4.505400e+02 0
-3.979600e+00 7.087000e+00 5.805100e+00 -6.728600e-01 287 44 1.148200e+01 3.790000e+00 3.301900e+02 -8.905800e+01 0
-4.541700e+00 7.094800e+00 5.431100e+00 -6.728600e-01 288 44 1.152500e+01 3.790000e+00 2.830600e+02 -5.770600e+01 0
-4.950400e+00 7.325400e+00 4.795200e+00 -6.728600e-01 289 44 1.217100e+01 3.790000e+00 2.615100e+02 5.005600e+00 0
-4.967600e+00 7.457900e+00 4.644200e+00 -6.728600e-01 290 44 1.235200e+01 3.790000e+00 2.673400e+02 2.268800e+01 0
-5.603000e+00 7.691600e+00 4.547600e+00 -6.728600e-01 303 44 1.267800e+01 3.790000e+00 2.304400e+02 4.063300e+01 0
-5.621600e+00 7.826900e+00 4.371700e+00 -6.728600e-01 304 44 1.287800e+01 3.790000e+00 2.365000e+02 5.887200e+01 0
-5.640100e+00 7.898700e+00 4.302700e+00 -6.728600e-01 305 44 1.280900e+01 3.790000e+00 2.390100e+02 6.656100e+01 0
-5.863300e+00 7.939500e+00 4.187600e+00 -6.728600e-01 308 44 1.222400e+01 3.790000e+00 2.243600e+02 7.660800e+01 0
-5.798400e+00 7.851700e+00 4.519800e+00 -6.728600e-01 309 44 1.222200e+01 3.790000e+00 2.246800e+02 4.919600e+01 0
-5.564300e+00 7.415100e+00 5.523300e+00 -6.728600e-01 310 44 1.242500e+01 3.790000e+00 2.183800e+02 -4.564000e+01 0
-5.751400e+00 7.446900e+00 5.354600e+00 -6.728600e-01 311 44 1.300300e+01 3.790000e+00 2.052300e+02 -3.087000e+01 0
-5.854800e+00 7.551700e+00 5.163000e+00 -6.728600e-01 312 44 1.304100e+01 3.790000e+00 2.033400e+02 -1.112400e+01 0
-5.788500e+00 7.350800e+00 5.584100e+00 -6.728600e-01 313 44 1.259400e+01 3.790000e+00 1.965300e+02 -5.332000e+01 0
-5.550900e+00 6.843600e+00 6.468400e+00 -6.728600e-01 314 44 1.191900e+01 3.790000e+00 1.834500e+02 -1.551400e+02 0
-6.644400e+00 9.194300e+00 3.847700e+00 -6.728600e-01 344 44 1.301900e+01 3.790000e+00 2.350400e+02 1.363000e+02 0
-6.663800e+00 9.240900e+00 3.811300e+00 -6.728600e-01 345 44 1.321200e+01 3.790000e+00 2.359800e+02 1.396900e+02 0
-6.494900e+00 9.486000e+00 3.605400e+00 -6.728600e-01 346 44 1.256400e+01 3.790000e+00 2.579000e+02 1.577500e+02 0
-6.551400e+00 9.400400e+00 4.051500e+00 -6.728600e-01 349 44 1.169000e+01 3.790000e+00 2.509000e+02 1.284500e+02 0
-6.760700e+00 9.063000e+00 4.550700e+00 -6.728600e-01 350 44 1.196000e+01 3.790000e+00 2.217800e+02 8.847600e+01 0
-6.530700e+00 8.468300e+00 6.062700e+00 -6.728600e-01 353 44 1.171600e+01 3.790000e+00 2.080800e+02 -3.183100e+01 0
-5.552300e+00 9.792400e+00 6.344200e+00 -6.728600e-01 371 44 1.107500e+01 3.790000e+00 3.309300e+02 1.765300e+00 0
-5.769700e+00 9.522200e+00 6.626500e+00 -6.728600e-01 372 44 1.180200e+01 3.790000e+00 3.076200e+02 -2.466000e+01 0
-5.988300e+00 9.148800e+00 7.015600e+00 -6.728600e-01 373 44 1.184800e+01 3.790000e+00 2.787000e+02 -6.351600e+01 0
-6.411400e+00 8.436600e+00 7.576600e+00 -6.728600e-01 374 44 1.103400e+01 3.790000e+00 2.165800e+02 -1.341100e+02 0
-4.533800e+00 4.892600e+00 -5.389300e-01 -6.408200e-01 192 45 1.057800e+01 3.790000e+00 9.159200e+01 4.683600e+02 0
-4.662300e+00 4.811100e+00 -5.324500e-01 -6.408200e-01 193 45 1.128500e+01 3.790000e+00 6.537200e+01 4.692200e+02 0
-4.844500e+00 4.682600e+00 -5.222400e-01 -6.408200e-01 194 45 1.093900e+01 3.790000e+00 2.493800e+01 4.706500e+02 0
-4.234400e+00 5.039000e+00 -5.505700e-01 -6.408200e-01 195 45 1.042900e+01 3.790000e+00 1.449900e+02 4.669400e+02 0
-4.469100e+00 5.130700e+00 -5.578500e-01 -6.408200e-01 196 45 1.233800e+01 3.790000e+00 1.268000e+02 4.657600e+02 0
-4.438500e+00 5.207800e+00 -5.639800e-01 -6.408200e-01 197 45 1.304600e+01 3.790000e+00 1.386500e+02 4.649800e+02 0
-4.461200e+00 5.236400e+00 -5.662600e-01 -6.408200e-01 198 45 1.316900e+01 3.790000e+00 1.390100e+02 4.646600e+02 0
-4.483800e+00 5.254900e+00 -5.677300e-01 -6.408200e-01 199 45 1.294800e+01 3.790000e+00 1.383200e+02 4.644600e+02 0
-4.560800e+00 5.226100e+00 -5.654400e-01 -6.408200e-01 200 45 1.247900e+01 3.790000e+00 1.263300e+02 4.647000e+02 0
-4.583700e+00 5.261800e+00 -5.682800e-01 -6.408200e-01 201 45 1.195200e+01 3.790000e+00 1.274800e+02 4.643200e+02 0
-4.551800e+00 5.313300e+00 -5.723700e-01 -6.408200e-01 202 45 1.240900e+01 3.790000e+00 1.365500e+02 4.638200e+02 0
-4.684600e+00 5.234300e+00 -5.660900e-01 -6.408200e-01 203 45 1.286100e+01 3.790000e+00 1.128200e+02 4.645200e+02 0
-4.786700e+00 5.224800e+00 -5.653400e-01 -6.408200e-01 205 45 1.324600e+01 3.790000e+00 9.993300e+01 4.645400e+02 0
-4.858700e+00 5.253500e+00 1.899800e+00 -6.408200e-01 213 45 1.380600e+01 3.790000e+00 1.022300e+02 1.854100e+02 0
-4.823500e+00 5.422700e+00 1.631600e+00 -6.408200e-01 214 45 1.393400e+01 3.790000e+00 1.232400e+02 2.196000e+02 0
-4.911100e+00 5.832300e+00 1.899800e+00 -6.408200e-01 226 45 1.286000e+01 3.790000e+00 1.538100e+02 2.024400e+02 0
-4.871300e+00 5.741300e+00 2.366900e+00 -6.408200e-01 227 45 1.276400e+01 3.790000e+00 1.507600e+02 1.525800e+02 0
-4.892800e+00 5.693300e+00 2.548200e+00 -6.408200e-01 228 45 1.253200e+01 3.790000e+00 1.445300e+02 1.324500e+02 0
-4.976600e+00 5.821800e+00 2.177500e+00 -6.408200e-01 229 45 1.235200e+01 3.790000e+00 1.468000e+02 1.744000e+02 0
-5.145700e+00 5.995700e+00 -6.266200e-01 -6.408200e-01 231 45 1.190200e+01 3.790000e+00 1.387600e+02 4.574600e+02 0
-5.105100e+00 5.988200e+00 1.777700e+00 -6.408200e-01 232 45 1.224100e+01 3.790000e+00 1.477900e+02 2.185500e+02 0
-5.253800e+00 5.923300e+00 1.719900e+00 -6.408200e-01 233 45 1.206100e+01 3.790000e+00 1.268500e+02 2.228300e+02 0
-5.212800e+00 6.018600e+00 1.678100e+00 -6.408200e-01 234 45 1.204100e+01 3.790000e+00 1.395200e+02 2.290200e+02 0
-5.107500e+00 6.105800e+00 1.847900e+00 -6.408200e-01 235 45 1.220800e+01 3.790000e+00 1.579100e+02 2.145000e+02 0
-4.744700e+00 6.034000e+00 2.904000e+00 -6.408200e-01 236 45 1.111200e+01 3.790000e+00 1.898700e+02 1.106600e+02 0
-5.323900e+00 6.255400e+00 2.633400e+00 -6.408200e-01 248 45 1.116900e+01 3.790000e+00 1.513400e+02 1.449400e+02 0
-5.345400e+00 6.245700e+00 2.725800e+00 -6.408200e-01 249 45 1.108400e+01 3.790000e+00 1.486800e+02 1.360700e+02 0
-5.653200e+00 6.987900e+00 -7.055000e-01 -6.408200e-01 260 45 1.079200e+01 3.790000e+00 1.722000e+02 4.506100e+02 0
-5.816900e+00 6.722800e+00 1.848000e+00 -6.408200e-01 261 45 1.085300e+01 3.790000e+00 1.424800e+02 2.280600e+02 0
-5.768100e+00 6.713200e+00 2.178200e+00 -6.408200e-01 262 45 1.069600e+01 3.790000e+00 1.467400e+02 1.991000e+02 0
-5.718700e+00 6.789800e+00 2.217200e+00 -6.408200e-01 263 45 1.050600e+01 3.790000e+00 1.571400e+02 1.974900e+02 0
-4.950400e+00 7.127700e+00 5.084400e+00 -6.408200e-01 289 45 1.166600e+01 3.790000e+00 2.504000e+02 -2.755900e+01 0
-5.046400e+00 7.094300e+00 5.105900e+00 -6.408200e-01 290 45 1.197200e+01 3.790000e+00 2.404000e+02 -3.086500e+01 0
-5.222100e+00 6.891900e+00 5.272900e+00 -6.408200e-01 291 45 1.117800e+01 3.790000e+00 2.128800e+02 -5.526200e+01 0
-5.374400e+00 7.094500e+00 5.119000e+00 -6.408200e-01 295 45 1.184900e+01 3.790000e+00 2.130800e+02 -3.134700e+01 0
-5.312200e+00 7.315800e+00 4.939600e+00 -6.408200e-01 296 45 1.257900e+01 3.790000e+00 2.317700e+02 -6.136100e+00 0
-5.330200e+00 7.433100e+00 4.816400e+00 -6.408200e-01 297 45 1.268800e+01 3.790000e+00 2.371600e+02 8.902800e+00 0
-5.429200e+00 7.469200e+00 4.724200e+00 -6.408200e-01 298 45 1.227300e+01 3.790000e+00 2.312700e+02 1.771700e+01 0
-5.647800e+00 7.924800e+00 3.881800e+00 -6.408200e-01 301 45 1.240500e+01 3.790000e+00 2.393600e+02 9.809400e+01 0
-5.748700e+00 7.674200e+00 4.308000e+00 -6.408200e-01 302 45 1.275700e+01 3.790000e+00 2.178200e+02 5.799200e+01 0
-5.767800e+00 7.583700e+00 4.522800e+00 -6.408200e-01 303 45 1.308700e+01 3.790000e+00 2.111800e+02 3.832800e+01 0
-5.704200e+00 7.861100e+00 4.199900e+00 -6.408200e-01 304 45 1.309400e+01 3.790000e+00 2.319300e+02 7.279200e+01 0
-5.723100e+00 7.988800e+00 4.017500e+00 -6.408200e-01 305 45 1.279700e+01 3.790000e+00 2.374000e+02 9.041100e+01 0
-5.882400e+00 7.561200e+00 4.891300e+00 -6.408200e-01 309 45 1.250500e+01 3.790000e+00 2.013700e+02 9.781500e+00 0
-5.732900e+00 7.527400e+00 5.188900e+00 -6.408200e-01 310 45 1.280300e+01 3.790000e+00 2.114300e+02 -1.441200e+01 0
-5.751400e+00 7.455400e+00 5.342700e+00 -6.408200e-01 311 45 1.314800e+01 3.790000e+00 2.057500e+02 -2.953700e+01 0
-5.854800e+00 7.546200e+00 5.171100e+00 -6.408200e-01 312 45 1.297000e+01 3.790000e+00 203 -1.199500e+01 0
-5.788500e+00 7.827800e+00 4.893100e+00 -6.408200e-01 313 45 1.236200e+01 3.790000e+00 2.245500e+02 2.102000e+01 0
-6.600500e+00 8.557600e+00 4.570900e+00 -6.408200e-01 337 45 1.208500e+01 3.790000e+00 2.061700e+02 7.145000e+01 0
-6.844400e+00 8.556800e+00 4.483000e+00 -6.408200e-01 340 45 1.192800e+01 3.790000e+00 1.890900e+02 7.756900e+01 0
-6.831600e+00 9.166100e+00 3.577700e+00 -6.408200e-01 344 45 1.180500e+01 3.790000e+00 2.211600e+02 1.528400e+02 0
-6.851500e+00 9.283200e+00 3.347600e+00 -6.408200e-01 345 45 1.183700e+01 3.790000e+00 2.253800e+02 1.698200e+02 0
-5.870900e+00 9.334100e+00 6.802900e+00 -6.408200e-01 372 45 1.080100e+01 3.790000e+00 2.938600e+02 -4.270700e+01 0
-6.089800e+00 9.217600e+00 6.835800e+00 -6.408200e-01 373 45 1.117700e+01 3.790000e+00 2.749700e+02 -4.931700e+01 0
-6.411400e+00 9.085900e+00 6.784300e+00 -6.408200e-01 374 45 1.083000e+01 3.790000e+00 2.481700e+02 -5.135300e+01 0
-4.613700e+00 4.758400e+00 -5.282600e-01 -6.087800e-01 191 46 1.062000e+01 3.790000e+00 6.470500e+01 4.699000e+02 0
-4.690100e+00 4.735900e+00 -5.264800e-01 -6.087800e-01 192 46 1.218700e+01 3.790000e+00 5.201800e+01 4.701200e+02 0
-4.714600e+00 4.751900e+00 -5.277400e-01 -6.087800e-01 193 46 1.284500e+01 3.790000e+00 5.101200e+01 4.699000e+02 0
-4.791900e+00 4.724700e+00 -5.255800e-01 -6.087800e-01 194 46 1.263800e+01 3.790000e+00 3.750800e+01 4.701700e+02 0
-4.922500e+00 4.635400e+00 -5.184900e-01 -6.087800e-01 195 46 1.096600e+01 3.790000e+00 8.117700e+00 4.711800e+02 0
-4.469100e+00 5.137000e+00 -5.583600e-01 -6.087800e-01 196 46 1.159100e+01 3.790000e+00 1.274900e+02 4.656900e+02 0
-4.492000e+00 5.158600e+00 -5.600700e-01 -6.087800e-01 197 46 1.207200e+01 3.790000e+00 1.271200e+02 4.654500e+02 0
-4.514900e+00 5.190500e+00 -5.626100e-01 -6.087800e-01 198 46 1.227300e+01 3.790000e+00 1.278700e+02 4.651000e+02 0
-4.699900e+00 5.063100e+00 -5.524800e-01 -6.087800e-01 199 46 1.235300e+01 3.790000e+00 9.165700e+01 4.663100e+02 0
-4.886500e+00 4.924400e+00 -5.414600e-01 -6.087800e-01 200 46 1.205600e+01 3.790000e+00 5.206500e+01 4.677100e+02 0
-4.661400e+00 5.148600e+00 -5.592800e-01 -6.087800e-01 202 46 1.272400e+01 3.790000e+00 1.060500e+02 4.654200e+02 0
-5.033900e+00 5.028200e+00 -5.497100e-01 -6.087800e-01 206 46 1.319100e+01 3.790000e+00 4.738200e+01 4.664300e+02 0
-4.927500e+00 5.140200e+00 1.756400e+00 -6.087800e-01 211 46 1.318100e+01 3.790000e+00 8.123300e+01 1.979600e+02 0
-5.079700e+00 5.276000e+00 -5.694100e-01 -6.087800e-01 215 46 1.309700e+01 3.790000e+00 7.196700e+01 4.638100e+02 0
-5.103400e+00 5.294200e+00 1.517900e+00 -6.087800e-01 216 46 1.280500e+01 3.790000e+00 7.798100e+01 2.290300e+02 0
-5.055700e+00 5.437800e+00 1.683100e+00 -6.087800e-01 219 46 1.248900e+01 3.790000e+00 9.945000e+01 2.146200e+02 0
-5.198400e+00 5.352100e+00 1.681200e+00 -6.087800e-01 220 46 1.264200e+01 3.790000e+00 7.439100e+01 2.126600e+02 0
-5.033900e+00 5.733000e+00 1.880800e+00 -6.087800e-01 226 46 1.220400e+01 3.790000e+00 1.319100e+02 2.018000e+02 0
-5.294200e+00 5.755500e+00 1.981700e+00 -6.087800e-01 232 46 1.171200e+01 3.790000e+00 1.073500e+02 1.924100e+02 0
-5.317100e+00 5.839200e+00 1.810500e+00 -6.087800e-01 233 46 1.185800e+01 3.790000e+00 1.127100e+02 2.118800e+02 0
-5.403600e+00 5.914400e+00 -6.201600e-01 -6.087800e-01 234 46 1.163700e+01 3.790000e+00 1.048100e+02 4.579300e+02 0
-5.391300e+00 5.998500e+00 3.059600e+00 -6.087800e-01 248 46 1.105100e+01 3.790000e+00 1.233200e+02 9.512000e+01 0
-5.480800e+00 5.966000e+00 3.062800e+00 -6.087800e-01 249 46 1.089100e+01 3.790000e+00 1.114900e+02 9.354900e+01 0
-5.915700e+00 6.299600e+00 5.479400e+00 -6.087800e-01 294 46 1.132900e+01 3.790000e+00 1.061500e+02 -1.092700e+02 0
-5.935900e+00 6.402600e+00 5.403100e+00 -6.087800e-01 295 46 1.200200e+01 3.790000e+00 1.130800e+02 -9.540300e+01 0
-5.875600e+00 6.742000e+00 5.114800e+00 -6.087800e-01 296 46 1.193000e+01 3.790000e+00 1.454700e+02 -4.965000e+01 0
-5.653200e+00 7.305500e+00 4.640000e+00 -6.087800e-01 297 46 1.137900e+01 3.790000e+00 2.030500e+02 1.721500e+01 0
-5.935300e+00 7.183500e+00 4.634500e+00 -6.087800e-01 299 46 1.097400e+01 3.790000e+00 1.718600e+02 1.246700e+01 0
-5.873700e+00 6.941500e+00 5.133500e+00 -6.087800e-01 300 46 1.208500e+01 3.790000e+00 1.606600e+02 -3.991000e+01 0
-5.893300e+00 6.876400e+00 5.267900e+00 -6.087800e-01 301 46 1.233500e+01 3.790000e+00 1.544400e+02 -5.450100e+01 0
-5.913000e+00 6.896300e+00 5.289400e+00 -6.087800e-01 302 46 1.237000e+01 3.790000e+00 1.543000e+02 -5.507600e+01 0
-5.932600e+00 7.204400e+00 4.912900e+00 -6.087800e-01 303 46 1.234300e+01 3.790000e+00 1.740200e+02 -8.491900e+00 0
-6.521400e+00 8.020100e+00 4.515800e+00 -6.087800e-01 324 46 1.230800e+01 3.790000e+00 1.806200e+02 5.663500e+01 0
-6.895200e+00 8.037200e+00 3.986600e+00 -6.087800e-01 325 46 1.233500e+01 3.790000e+00 1.533000e+02 9.538900e+01 0
-7.134400e+00 7.590200e+00 5.011400e+00 -6.087800e-01 332 46 1.220900e+01 3.790000e+00 1.063100e+02 3.881000e+00 0
-6.142100e+00 8.805300e+00 4.736400e+00 -6.087800e-01 337 46 1.172700e+01 3.790000e+00 2.505500e+02 6.805700e+01 0
-4.657900e+00 3.791600e+00 -4.514000e-01 -5.767400e-01 177 47 1.024200e+01 3.790000e+00 -9.940300e+01 4.847200e+02 0
-4.732700e+00 3.799900e+00 -4.520700e-01 -5.767400e-01 178 47 1.043300e+01 3.790000e+00 -1.094300e+02 4.844700e+02 0
-4.808000e+00 3.736600e+00 -4.470400e-01 -5.767400e-01 179 47 1.018800e+01 3.790000e+00 -1.347400e+02 4.856000e+02 0
-4.737300e+00 3.635600e+00 1.849000e+00 -5.767400e-01 180 47 1.057100e+01 3.790000e+00 -1.297300e+02 1.182600e+02 0
-4.812900e+00 3.581600e+00 1.877300e+00 -5.767400e-01 181 47 1.023500e+01 3.790000e+00 -1.535800e+02 1.104000e+02 0
-4.717400e+00 4.126000e+00 -4.779900e-01 -5.767400e-01 183 47 1.101200e+01 3.790000e+00 -4.498200e+01 4.787400e+02 0
-4.794300e+00 4.625300e+00 -5.176800e-01 -5.767400e-01 192 47 1.163400e+01 3.790000e+00 2.334200e+01 4.714300e+02 0
-4.819400e+00 4.609500e+00 -5.164300e-01 -5.767400e-01 193 47 1.261200e+01 3.790000e+00 1.780600e+01 4.716100e+02 0
-4.791900e+00 4.679500e+00 -5.219900e-01 -5.767400e-01 194 47 1.253200e+01 3.790000e+00 3.128700e+01 4.707300e+02 0
-5.257600e+00 4.714700e+00 -5.247900e-01 -5.767400e-01 206 47 1.260300e+01 3.790000e+00 -2.326500e+01 4.698900e+02 0
-5.339400e+00 4.666000e+00 -5.209100e-01 -5.767400e-01 207 47 1.270500e+01 3.790000e+00 -4.109800e+01 4.704300e+02 0
-5.365400e+00 4.685300e+00 -5.224500e-01 -5.767400e-01 208 47 1.228400e+01 3.790000e+00 -4.143900e+01 4.701700e+02 0
-5.254900e+00 5.017100e+00 1.752100e+00 -5.767400e-01 215 47 1.344200e+01 3.790000e+00 2.807600e+01 1.948900e+02 0
-5.220800e+00 5.079700e+00 1.821400e+00 -5.767400e-01 216 47 1.325900e+01 3.790000e+00 4.021200e+01 1.889100e+02 0
-5.245000e+00 5.049300e+00 1.974200e+00 -5.767400e-01 217 47 1.284200e+01 3.790000e+00 3.412300e+01 1.703900e+02 0
-5.387700e+00 4.747500e+00 2.421800e+00 -5.767400e-01 218 47 1.232500e+01 3.790000e+00 -2.186600e+01 1.047300e+02 0
-5.412600e+00 4.993200e+00 1.932400e+00 -5.767400e-01 219 47 1.258400e+01 3.790000e+00 7.074500e+00 1.733500e+02 0
-5.317900e+00 5.223700e+00 1.711000e+00 -5.767400e-01 220 47 1.261000e+01 3.790000e+00 4.622300e+01 2.059000e+02 0
-5.415000e+00 5.299600e+00 1.800800e+00 -5.767400e-01 224 47 1.176200e+01 3.790000e+00 4.463000e+01 1.982900e+02 0
-5.378200e+00 5.342500e+00 1.931200e+00 -5.767400e-01 225 47 1.159200e+01 3.790000e+00 5.416100e+01 1.853300e+02 0
-5.844200e+00 5.525200e+00 2.098200e+00 -5.767400e-01 239 47 1.083300e+01 3.790000e+00 2.528400e+01 1.738900e+02 0
-6.064400e+00 5.287600e+00 2.220800e+00 -5.767400e-01 240 47 1.054600e+01 3.790000e+00 -2.749100e+01 1.526800e+02 0
-6.016100e+00 6.525900e+00 5.161400e+00 -5.767400e-01 295 47 1.065400e+01 3.790000e+00 1.157600e+02 -6.632100e+01 0
-5.691400e+00 6.027500e+00 6.291700e+00 -5.767400e-01 299 47 1.089100e+01 3.790000e+00 1.047400e+02 -2.043400e+02 0
-5.955200e+00 6.019800e+00 6.110100e+00 -5.767400e-01 300 47 1.147800e+01 3.790000e+00 7.828900e+01 -1.877000e+02 0
-6.138900e+00 6.197000e+00 5.803400e+00 -5.767400e-01 301 47 1.179600e+01 3.790000e+00 7.693000e+01 -1.451000e+02 0
-6.241400e+00 6.327600e+00 5.613100e+00 -5.767400e-01 302 47 1.202500e+01 3.790000e+00 7.906100e+01 -1.183000e+02 0
-6.179800e+00 6.582900e+00 5.450800e+00 -5.767400e-01 303 47 1.162300e+01 3.790000e+00 1.066700e+02 -8.706800e+01 0
-6.486700e+00 8.218200e+00 3.597600e+00 -5.767400e-01 318 47 1.208800e+01 3.790000e+00 1.936900e+02 1.279300e+02 0
-6.854200e+00 8.052100e+00 3.393600e+00 -5.767400e-01 319 47 1.217800e+01 3.790000e+00 1.563000e+02 1.382300e+02 0
-7.293500e+00 7.629300e+00 4.268100e+00 -5.767400e-01 327 47 1.187800e+01 3.790000e+00 9.547100e+01 6.113300e+01 0
-7.405100e+00 7.939600e+00 3.541400e+00 -5.767400e-01 328 47 1.154900e+01 3.790000e+00 1.081800e+02 1.249400e+02 0
-4.753900e+00 3.546600e+00 1.612900e+00 -5.447000e-01 177 48 1.060100e+01 3.790000e+00 -1.538800e+02 1.505900e+02 0
-4.732700e+00 3.558500e+00 1.774700e+00 -5.447000e-01 178 48 1.073500e+01 3.790000e+00 -1.465400e+02 1.251600e+02 0
-4.639600e+00 3.933000e+00 -4.626500e-01 -5.447000e-01 180 48 1.064800e+01 3.790000e+00 -6.866500e+01 4.821200e+02 0
-4.763800e+00 3.654200e+00 1.862800e+00 -5.447000e-01 181 48 1.040900e+01 3.790000e+00 -1.298400e+02 1.173500e+02 0
-4.667700e+00 4.186100e+00 -4.827700e-01 -5.447000e-01 183 48 1.120100e+01 3.790000e+00 -2.746500e+01 4.778300e+02 0
-4.847200e+00 4.469100e+00 -5.052600e-01 -5.447000e-01 190 48 1.170600e+01 3.790000e+00 -6.783500e+00 4.734700e+02 0
-5.028400e+00 4.319300e+00 -4.933600e-01 -5.447000e-01 191 48 1.167600e+01 3.790000e+00 -5.572400e+01 4.754400e+02 0
-5.346000e+00 4.436500e+00 -5.026700e-01 -5.447000e-01 203 48 1.243200e+01 3.790000e+00 -7.912800e+01 4.734600e+02 0
-5.343300e+00 4.462700e+00 1.513300e+00 -5.447000e-01 205 48 1.235700e+01 3.790000e+00 -6.409600e+01 2.060300e+02 0
-5.369500e+00 4.463200e+00 1.582300e+00 -5.447000e-01 206 48 1.287400e+01 3.790000e+00 -6.710400e+01 1.971200e+02 0
-5.451900e+00 4.444000e+00 1.511500e+00 -5.447000e-01 207 48 1.286700e+01 3.790000e+00 -8.147900e+01 2.057400e+02 0
-5.534800e+00 4.403100e+00 -5.000200e-01 -5.447000e-01 208 48 1.259900e+01 3.790000e+00 -1.103800e+02 4.737500e+02 0
-5.279400e+00 4.578100e+00 2.747100e+00 -5.447000e-01 216 48 1.244700e+01 3.790000e+00 -3.188800e+01 5.496300e+01 0
-5.710000e+00 4.656500e+00 1.917100e+00 -5.447000e-01 219 48 1.255800e+01 3.790000e+00 -7.792100e+01 1.625600e+02 0
-5.451300e+00 4.987500e+00 2.348800e+00 -5.447000e-01 223 48 1.148700e+01 3.790000e+00 3.370700e+00 1.250700e+02 0
-5.597500e+00 4.824000e+00 2.459300e+00 -5.447000e-01 224 48 1.214000e+01 3.790000e+00 -3.624600e+01 1.045100e+02 0
-5.683800e+00 4.800600e+00 2.417700e+00 -5.447000e-01 225 48 1.224200e+01 3.790000e+00 -5.027800e+01 1.084100e+02 0
-5.709100e+00 4.954600e+00 2.145300e+00 -5.447000e-01 226 48 1.158900e+01 3.790000e+00 -3.230900e+01 1.475300e+02 0
-5.225400e+00 4.878800e+00 3.506300e+00 -5.447000e-01 229 48 1.125800e+01 3.790000e+00 2.021600e+01 -1.529600e+01 0
-5.123400e+00 5.155900e+00 3.335700e+00 -5.447000e-01 230 48 1.144700e+01 3.790000e+00 6.569700e+01 2.255900e+01 0
-5.145700e+00 5.503300e+00 2.784600e+00 -5.447000e-01 231 48 1.085100e+01 3.790000e+00 9.969100e+01 1.004200e+02 0
-5.819900e+00 5.747900e+00 3.694100e+00 -5.447000e-01 258 48 1.076000e+01 3.790000e+00 5.751000e+01 2.176400e+01 0
-5.913000e+00 5.599700e+00 3.855400e+00 -5.447000e-01 259 48 1.102500e+01 3.790000e+00 3.233500e+01 -2.890600e+00 0
-6.077200e+00 5.503600e+00 3.819900e+00 -5.447000e-01 260 48 1.072700e+01 3.790000e+00 3.940000e+00 -4.968800e+00 0
-7.073300e+00 6.379200e+00 4.767700e+00 -5.447000e-01 306 48 1.049000e+01 3.790000e+00 5.989800e+00 -3.898900e+01 0
-7.235700e+00 7.401200e+00 3.404600e+00 -5.447000e-01 313 48 1.163200e+01 3.790000e+00 8.058600e+01 1.188800e+02 0
-7.360600e+00 6.670200e+00 5.774500e+00 -5.447000e-01 330 48 1.154200e+01 3.790000e+00 1.227700e+01 -1.060600e+02 0
-8.177000e+00 6.395600e+00 5.241900e+00 -5.447000e-01 334 48 1.130900e+01 3.790000e+00 -8.983500e+01 -7.708800e+01 0
-7.278200e+00 6.694400e+00 6.698200e+00 -5.447000e-01 343 48 1.058900e+01 3.790000e+00 2.418500e+01 -1.807300e+02 0
-7.393100e+00 6.702900e+00 6.625900e+00 -5.447000e-01 344 48 1.051700e+01 3.790000e+00 1.497300e+01 -1.738900e+02 0
-4.835000e+00 3.399100e+00 2.036600e+00 -5.126600e-01 180 49 1.081600e+01 3.790000e+00 -1.993200e+02 7.100900e+01 0
-4.911100e+00 3.324200e+00 2.085000e+00 -5.126600e-01 181 49 1.080600e+01 3.790000e+00 -2.310800e+02 5.677900e+01 0
-5.086500e+00 3.380100e+00 1.630500e+00 -5.126600e-01 182 49 1.041600e+01 3.790000e+00 -2.501800e+02 1.383400e+02 0
-5.053500e+00 4.244800e+00 -4.874300e-01 -5.126600e-01 190 49 1.175900e+01 3.790000e+00 -7.213500e+01 4.765300e+02 0
-5.132100e+00 4.199400e+00 -4.838200e-01 -5.126600e-01 191 49 1.226900e+01 3.790000e+00 -9.140000e+01 4.771500e+02 0
-5.211200e+00 4.119800e+00 -4.775000e-01 -5.126600e-01 192 49 1.204900e+01 3.790000e+00 -1.176400e+02 4.783300e+02 0
-5.504800e+00 3.946100e+00 -4.636900e-01 -5.126600e-01 195 49 1.155500e+01 3.790000e+00 -1.965000e+02 4.809200e+02 0
-5.480000e+00 4.000900e+00 -4.680500e-01 -5.126600e-01 196 49 1.224600e+01 3.790000e+00 -1.809600e+02 4.800100e+02 0
-5.454600e+00 4.086900e+00 -4.748800e-01 -5.126600e-01 197 49 1.212800e+01 3.790000e+00 -1.593600e+02 4.786100e+02 0
-5.537300e+00 3.723200e+00 2.594600e+00 -5.126600e-01 206 49 1.262500e+01 3.790000e+00 -2.294600e+02 1.223200e+01 0
-5.828900e+00 4.632700e+00 1.588800e+00 -5.126600e-01 219 49 1.225100e+01 3.790000e+00 -9.833800e+01 2.025700e+02 0
-5.762300e+00 3.964800e+00 3.179000e+00 -5.126600e-01 221 49 1.155600e+01 3.790000e+00 -2.046900e+02 -4.939600e+01 0
-5.909100e+00 4.046900e+00 2.876400e+00 -5.126600e-01 222 49 1.137600e+01 3.790000e+00 -2.102200e+02 5.601900e-01 0
-5.814700e+00 4.323500e+00 2.757700e+00 -5.126600e-01 223 49 1.156900e+01 3.790000e+00 -1.437700e+02 3.762000e+01 0
-5.719200e+00 4.609400e+00 2.587500e+00 -5.126600e-01 224 49 1.197200e+01 3.790000e+00 -8.331600e+01 7.748400e+01 0
-5.744900e+00 4.635000e+00 2.590300e+00 -5.126600e-01 225 49 1.180200e+01 3.790000e+00 -8.242500e+01 7.868100e+01 0
-5.349800e+00 4.592400e+00 3.700100e+00 -5.126600e-01 229 49 1.079300e+01 3.790000e+00 -3.432600e+01 -6.084900e+01 0
-5.310800e+00 4.960900e+00 3.338200e+00 -5.126600e-01 230 49 1.111200e+01 3.790000e+00 2.017000e+01 9.968600e+00 0
-5.522200e+00 5.233600e+00 2.575400e+00 -5.126600e-01 231 49 1.061000e+01 3.790000e+00 2.737800e+01 1.109900e+02 0
-8.235400e+00 6.710200e+00 1.688700e+00 -5.126600e-01 309 49 1.032700e+01 3.790000e+00 -7.194600e+01 2.429400e+02 0
-8.177800e+00 6.521500e+00 2.654500e+00 -5.126600e-01 310 49 1.062600e+01 3.790000e+00 -8.463200e+01 1.543500e+02 0
-8.035100e+00 6.071400e+00 3.972700e+00 -5.126600e-01 311 49 1.087200e+01 3.790000e+00 -1.206200e+02 1.686600e+01 0
-7.891300e+00 5.916500e+00 4.548300e+00 -5.126600e-01 312 49 1.121600e+01 3.790000e+00 -1.244500e+02 -4.612000e+01 0
-7.746400e+00 6.496700e+00 4.063300e+00 -5.126600e-01 313 49 1.141900e+01 3.790000e+00 -4.428000e+01 2.993200e+01 0
-7.942000e+00 6.826900e+00 3.131200e+00 -5.126600e-01 314 49 1.092400e+01 3.790000e+00 -2.981000e+01 1.230100e+02 0
-7.906900e+00 4.425800e+00 6.238000e+00 -5.126600e-01 316 49 1.115200e+01 3.790000e+00 -3.669700e+02 -3.751000e+02 0
-8.018200e+00 4.913300e+00 5.775500e+00 -5.126600e-01 317 49 1.143500e+01 3.790000e+00 -2.860400e+02 -2.576900e+02 0
-7.904400e+00 6.809100e+00 5.138200e+00 -5.126600e-01 334 49 1.107600e+01 3.790000e+00 -2.240500e+01 -4.402300e+01 0
-8.110400e+00 6.070600e+00 5.781700e+00 -5.126600e-01 335 49 1.078200e+01 3.790000e+00 -1.206700e+02 -148 0
-4.981500e+00 3.219500e+00 1.974400e+00 -4.806200e-01 180 50 1.096200e+01 3.790000e+00 -273 6.696600e+01 0
-4.960200e+00 3.399200e+00 1.832500e+00 -4.806200e-01 181 50 1.114700e+01 3.790000e+00 -2.221000e+02 1.054100e+02 0
-4.987800e+00 3.562700e+00 1.544700e+00 -4.806200e-01 182 50 1.083600e+01 3.790000e+00 -1.887100e+02 1.629000e+02 0
-4.965700e+00 3.649800e+00 1.555800e+00 -4.806200e-01 183 50 1.055900e+01 3.790000e+00 -1.649900e+02 1.656500e+02 0
-5.287600e+00 4.008500e+00 -4.686500e-01 -4.806200e-01 191 50 1.184400e+01 3.790000e+00 -1.509400e+02 4.800900e+02 0
-5.504800e+00 3.949400e+00 -4.639500e-01 -4.806200e-01 195 50 1.115900e+01 3.790000e+00 -1.957800e+02 4.808600e+02 0
-5.426800e+00 4.090200e+00 -4.751500e-01 -4.806200e-01 196 50 1.143800e+01 3.790000e+00 -1.546400e+02 4.785800e+02 0
-5.615000e+00 3.829600e+00 -4.544300e-01 -4.806200e-01 197 50 1.152100e+01 3.790000e+00 -2.397600e+02 4.828800e+02 0
-5.565900e+00 3.784700e+00 2.335200e+00 -4.806200e-01 205 50 1.282700e+01 3.790000e+00 -2.215600e+02 5.618600e+01 0
-5.649100e+00 3.717700e+00 2.349800e+00 -4.806200e-01 206 50 1.294500e+01 3.790000e+00 -2.497700e+02 4.898000e+01 0
-5.958800e+00 3.267200e+00 2.566000e+00 -4.806200e-01 209 50 1.248300e+01 3.790000e+00 -4.221900e+02 -2.703100e+01 0
-5.722000e+00 4.045600e+00 2.597400e+00 -4.806200e-01 215 50 1.226300e+01 3.790000e+00 -1.859600e+02 3.865900e+01 0
-5.807400e+00 3.997400e+00 2.583300e+00 -4.806200e-01 216 50 1.253400e+01 3.790000e+00 -2.082900e+02 3.716300e+01 0
-6.034900e+00 3.937200e+00 2.563900e+00 -4.806200e-01 220 50 1.148400e+01 3.790000e+00 -2.542900e+02 3.581900e+01 0
-6.122500e+00 3.997400e+00 2.359400e+00 -4.806200e-01 221 50 1.202900e+01 3.790000e+00 -2.547900e+02 6.941200e+01 0
-6.210600e+00 3.812100e+00 2.542500e+00 -4.806200e-01 222 50 1.178200e+01 3.790000e+00 -3.097200e+02 2.936900e+01 0
-6.117600e+00 3.958500e+00 2.648400e+00 -4.806200e-01 223 50 1.170600e+01 3.790000e+00 -2.607000e+02 2.572300e+01 0
-5.962600e+00 4.284700e+00 2.596200e+00 -4.806200e-01 224 50 1.150200e+01 3.790000e+00 -1.716900e+02 5.643000e+01 0
-7.831500e+00 6.209000e+00 4.340400e+00 -4.806200e-01 313 50 1.053400e+01 3.790000e+00 -8.343800e+01 -9.459100e+00 0
-8.283600e+00 6.406300e+00 3.134800e+00 -4.806200e-01 314 50 1.051000e+01 3.790000e+00 -1.057500e+02 1.081900e+02 0
-8.336600e+00 5.212200e+00 4.934800e+00 -4.806200e-01 316 50 1.068300e+01 3.790000e+00 -2.729200e+02 -1.367000e+02 0
-8.107700e+00 5.886900e+00 5.182000e+00 -4.806200e-01 324 50 1.127300e+01 3.790000e+00 -1.465200e+02 -1.070100e+02 0
-8.221200e+00 5.439200e+00 5.555200e+00 -4.806200e-01 325 50 1.148400e+01 3.790000e+00 -2.204600e+02 -1.797800e+02 0
-4.681900e+00 2.998300e+00 1.514800e+00 -4.485700e-01 166 51 1.030200e+01 3.790000e+00 -2.882500e+02 1.323800e+02 0
-4.800900e+00 3.052900e+00 -3.926800e-01 -4.485700e-01 167 51 1.122500e+01 3.790000e+00 -3.138600e+02 502 0
-4.920900e+00 2.975500e+00 -3.865300e-01 -4.485700e-01 168 51 1.173100e+01 3.790000e+00 -3.628900e+02 5.041100e+02 0
-4.996200e+00 2.944600e+00 -3.840800e-01 -4.485700e-01 169 51 1.139800e+01 3.790000e+00 -3.885400e+02 5.049300e+02 0
-5.362900e+00 3.793600e+00 -4.515600e-01 -4.485700e-01 190 51 1.086000e+01 3.790000e+00 -2.092700e+02 4.838400e+02 0
-5.339400e+00 3.915700e+00 -4.612700e-01 -4.485700e-01 191 51 1.107400e+01 3.790000e+00 -1.782900e+02 4.816400e+02 0
-5.710000e+00 3.514300e+00 -4.293700e-01 -4.485700e-01 193 51 1.095200e+01 3.790000e+00 -3.366600e+02 4.890600e+02 0
-5.634400e+00 3.698500e+00 -4.440000e-01 -4.485700e-01 194 51 1.095000e+01 3.790000e+00 -2.749500e+02 4.853500e+02 0
-5.346000e+00 4.080500e+00 -4.743700e-01 -4.485700e-01 195 51 1.088300e+01 3.790000e+00 -1.449000e+02 4.788300e+02 0
-5.480000e+00 3.956700e+00 -4.645300e-01 -4.485700e-01 196 51 1.155800e+01 3.790000e+00 -1.904700e+02 4.807600e+02 0
-5.668500e+00 3.786900e+00 -4.510300e-01 -4.485700e-01 197 51 1.175500e+01 3.790000e+00 -2.582700e+02 4.836100e+02 0
-5.729600e+00 3.407200e+00 2.085300e+00 -4.485700e-01 201 51 1.209300e+01 3.790000e+00 -3.463400e+02 6.591300e+01 0
-5.870900e+00 3.698400e+00 -4.440000e-01 -4.485700e-01 204 51 1.210000e+01 3.790000e+00 -3.123600e+02 4.850600e+02 0
-5.838700e+00 4.055100e+00 2.306500e+00 -4.485700e-01 215 51 1.245900e+01 3.790000e+00 -2.024400e+02 8.011000e+01 0
-5.924700e+00 4.036600e+00 2.232000e+00 -4.485700e-01 216 51 1.265400e+01 3.790000e+00 -2.190300e+02 8.949900e+01 0
-5.952200e+00 3.924100e+00 2.465000e+00 -4.485700e-01 217 51 1.153700e+01 3.790000e+00 -2.460500e+02 4.873400e+01 0
-6.126300e+00 3.863000e+00 2.346900e+00 -4.485700e-01 219 51 1.166300e+01 3.790000e+00 -2.865300e+02 6.164800e+01 0
-6.333700e+00 4.008800e+00 1.519700e+00 -4.485700e-01 220 51 1.203300e+01 3.790000e+00 -2.886100e+02 1.894600e+02 0
-6.422600e+00 3.884700e+00 1.639900e+00 -4.485700e-01 221 51 1.163300e+01 3.790000e+00 -3.303900e+02 1.667300e+02 0
-8.981300e+00 5.027800e+00 2.300800e+00 -4.485700e-01 303 51 1.052700e+01 3.790000e+00 -3.943300e+02 1.371100e+02 0
-8.845700e+00 5.215300e+00 2.555000e+00 -4.485700e-01 304 51 1.076200e+01 3.790000e+00 -3.412800e+02 1.170800e+02 0
-8.791900e+00 5.335500e+00 2.636000e+00 -4.485700e-01 305 51 1.075800e+01 3.790000e+00 -3.131900e+02 1.136400e+02 0
-8.654400e+00 5.585100e+00 2.713600e+00 -4.485700e-01 306 51 1.045900e+01 3.790000e+00 -2.563700e+02 1.160700e+02 0
-4.803000e+00 2.971000e+00 -3.861800e-01 -4.165300e-01 164 52 1.098400e+01 3.790000e+00 -3.412700e+02 5.044500e+02 0
-4.922000e+00 2.881100e+00 -3.790300e-01 -4.165300e-01 165 52 1.090300e+01 3.790000e+00 -3.966600e+02 5.070800e+02 0
-4.829800e+00 3.074000e+00 -3.943600e-01 -4.165300e-01 168 52 1.081100e+01 3.790000e+00 -3.126300e+02 5.013400e+02 0
-4.950400e+00 2.932000e+00 -3.830700e-01 -4.165300e-01 169 52 1.121900e+01 3.790000e+00 -3.839600e+02 5.054000e+02 0
-5.026000e+00 2.757700e+00 -3.692200e-01 -4.165300e-01 170 52 1.159500e+01 3.790000e+00 -4.657400e+02 5.110700e+02 0
-5.148500e+00 2.753500e+00 -3.688800e-01 -4.165300e-01 171 52 1.174200e+01 3.790000e+00 -4.931200e+02 5.109800e+02 0
-5.269600e+00 2.658000e+00 -3.613000e-01 -4.165300e-01 175 52 1.119900e+01 3.790000e+00 -5.603500e+02 5.142200e+02 0
-5.299900e+00 2.777200e+00 -3.707700e-01 -4.165300e-01 176 52 1.159200e+01 3.790000e+00 -5.147000e+02 5.098700e+02 0
-5.426200e+00 2.659900e+00 -3.614500e-01 -4.165300e-01 177 52 1.151900e+01 3.790000e+00 -5.931400e+02 5.138300e+02 0
-5.505300e+00 2.652900e+00 -3.608900e-01 -4.165300e-01 178 52 1.131600e+01 3.790000e+00 -6.133800e+02 5.139400e+02 0
-5.657600e+00 3.587900e+00 -4.352100e-01 -4.165300e-01 193 52 1.103700e+01 3.790000e+00 -3.076700e+02 4.875600e+02 0
-5.739700e+00 3.533500e+00 -4.308900e-01 -4.165300e-01 194 52 1.086400e+01 3.790000e+00 -3.361400e+02 4.886000e+02 0
-5.373500e+00 4.001000e+00 -4.680500e-01 -4.165300e-01 196 52 1.110300e+01 3.790000e+00 -1.652100e+02 4.801200e+02 0
-5.615000e+00 3.881600e+00 -4.585600e-01 -4.165300e-01 197 52 1.138600e+01 3.790000e+00 -2.276100e+02 4.819400e+02 0
-5.751200e+00 3.775300e+00 -4.501100e-01 -4.165300e-01 198 52 1.114700e+01 3.790000e+00 -2.739500e+02 4.837300e+02 0
-5.646700e+00 3.343400e+00 2.288100e+00 -4.165300e-01 200 52 1.178100e+01 3.790000e+00 -3.489900e+02 2.642900e+01 0
-5.729600e+00 3.294200e+00 2.259600e+00 -4.165300e-01 201 52 1.178300e+01 3.790000e+00 -3.780400e+02 2.681000e+01 0
-5.474200e+00 3.862700e+00 2.896200e+00 -4.165300e-01 210 52 1.222700e+01 3.790000e+00 -1.866000e+02 -1.975900e+01 0
-5.786900e+00 3.546900e+00 2.778000e+00 -4.165300e-01 211 52 1.258300e+01 3.790000e+00 -3.106700e+02 -3.204400e+01 0
-5.987200e+00 3.149200e+00 2.921700e+00 -4.165300e-01 212 52 1.233600e+01 3.790000e+00 -4.618500e+02 -1.022900e+02 0
-5.842000e+00 2.747100e+00 3.624900e+00 -4.165300e-01 213 52 1.151100e+01 3.790000e+00 -5.773800e+02 -3.014500e+02 0
-8.569300e+00 5.781000e+00 2.093500e+00 -4.165300e-01 303 52 1.082300e+01 3.790000e+00 -2.205700e+02 1.848400e+02 0
-8.597700e+00 5.705900e+00 2.344400e+00 -4.165300e-01 304 52 1.109500e+01 3.790000e+00 -2.335700e+02 1.576200e+02 0
-8.709000e+00 5.611500e+00 2.319000e+00 -4.165300e-01 305 52 1.124600e+01 3.790000e+00 -2.597600e+02 1.570500e+02 0
-8.654400e+00 5.871000e+00 2.022100e+00 -4.165300e-01 306 52 1.130800e+01 3.790000e+00 -2.159200e+02 1.944500e+02 0
-8.515800e+00 6.431000e+00 -6.612300e-01 -4.165300e-01 307 52 1.081100e+01 3.790000e+00 -1.383200e+02 4.524900e+02 0
-4.714100e+00 2.871200e+00 -3.782400e-01 -3.844900e-01 164 53 1.082700e+01 3.790000e+00 -3.581300e+02 5.077800e+02 0
-4.787800e+00 2.948500e+00 -3.843900e-01 -3.844900e-01 165 53 1.080500e+01 3.790000e+00 -3.459100e+02 5.051700e+02 0
-4.952000e+00 2.807200e+00 -3.731600e-01 -3.844900e-01 166 53 1.046400e+01 3.790000e+00 -4.306800e+02 5.094900e+02 0
-5.072600e+00 2.672000e+00 -3.624100e-01 -3.844900e-01 167 53 1.055900e+01 3.790000e+00 -5.117000e+02 5.140900e+02 0
-5.057600e+00 2.716300e+00 -3.659300e-01 -3.844900e-01 168 53 1.035300e+01 3.790000e+00 -4.895400e+02 5.124900e+02 0
-5.087900e+00 2.557600e+00 -3.533100e-01 -3.844900e-01 169 53 1.075100e+01 3.790000e+00 -5.671400e+02 5.185400e+02 0
-5.164300e+00 2.580400e+00 -3.551300e-01 -3.844900e-01 170 53 1.169500e+01 3.790000e+00 -5.733200e+02 5.174500e+02 0
-5.194800e+00 2.687300e+00 -3.636300e-01 -3.844900e-01 171 53 1.181800e+01 3.790000e+00 -5.312200e+02 5.132800e+02 0
-5.272100e+00 2.691800e+00 -3.639800e-01 -3.844900e-01 172 53 1.113100e+01 3.790000e+00 -5.457300e+02 5.129600e+02 0
-5.333700e+00 2.439500e+00 -3.439200e-01 -3.844900e-01 174 53 1.127400e+01 3.790000e+00 -6.830900e+02 523 0
-5.364500e+00 2.510400e+00 -3.495600e-01 -3.844900e-01 175 53 1.196900e+01 3.790000e+00 -6.527300e+02 5.198800e+02 0
-5.443100e+00 2.502000e+00 -3.489000e-01 -3.844900e-01 176 53 1.221600e+01 3.790000e+00 -6.748200e+02 5.200500e+02 0
-5.522200e+00 2.471900e+00 -3.465000e-01 -3.844900e-01 177 53 1.215900e+01 3.790000e+00 -7.088900e+02 5.211600e+02 0
-5.601900e+00 2.450700e+00 -3.448100e-01 -3.844900e-01 178 53 1.181100e+01 3.790000e+00 -7.388000e+02 5.218900e+02 0
-5.888700e+00 3.074200e+00 -3.943800e-01 -3.844900e-01 192 53 1.113600e+01 3.790000e+00 -5.121900e+02 4.996200e+02 0
-5.919500e+00 3.113800e+00 -3.975300e-01 -3.844900e-01 193 53 1.143300e+01 3.790000e+00 -5.030800e+02 4.984800e+02 0
-6.118400e+00 2.688200e+00 -3.637000e-01 -3.844900e-01 196 53 1.113100e+01 3.790000e+00 -7.258700e+02 5.114200e+02 0
-5.918100e+00 3.471500e+00 -4.259600e-01 -3.844900e-01 200 53 1.175400e+01 3.790000e+00 -3.837700e+02 4.897200e+02 0
-5.303200e+00 3.817900e+00 3.251900e+00 -3.844900e-01 210 53 1.071800e+01 3.790000e+00 -1.683600e+02 -7.635600e+01 0
-5.672300e+00 3.890900e+00 2.544000e+00 -3.844900e-01 211 53 1.115600e+01 3.790000e+00 -2.120600e+02 3.411000e+01 0
-6.044700e+00 3.797400e+00 1.827700e+00 -3.844900e-01 212 53 1.127700e+01 3.790000e+00 -2.945300e+02 1.337700e+02 0
-7.257500e+00 5.872500e+00 2.909000e+00 -3.844900e-01 281 53 1.063600e+01 3.790000e+00 -7.475200e+01 1.068100e+02 0
-7.283400e+00 5.982200e+00 2.733000e+00 -3.844900e-01 282 53 1.066200e+01 3.790000e+00 -6.449300e+01 1.280900e+02 0
-8.654400e+00 6.063000e+00 -6.319700e-01 -3.844900e-01 306 53 1.066100e+01 3.790000e+00 -2.005400e+02 4.548800e+02 0
-9.105200e+00 2.832800e+00 5.052100e+00 -3.844900e-01 310 53 1.121300e+01 3.790000e+00 -1.112800e+03 -5.150800e+02 0
-9.219200e+00 3.518900e+00 4.453200e+00 -3.844900e-01 311 53 1.165100e+01 3.790000e+00 -8.258100e+02 -2.751500e+02 0
-9.164100e+00 4.111600e+00 4.132600e+00 -3.844900e-01 312 53 1.170300e+01 3.790000e+00 -6.236600e+02 -1.507500e+02 0
-8.676300e+00 5.294400e+00 4.475100e+00 -3.844900e-01 319 53 1.135200e+01 3.790000e+00 -2.974200e+02 -8.119400e+01 0
-8.703500e+00 5.880700e+00 3.711800e+00 -3.844900e-01 320 53 1.188200e+01 3.790000e+00 -2.112900e+02 3.230100e+01 0
-8.643500e+00 5.866200e+00 3.971000e+00 -3.844900e-01 321 53 1.204400e+01 3.790000e+00 -2.063800e+02 6.782400e+00 0
-8.670500e+00 5.589800e+00 4.387300e+00 -3.844900e-01 322 53 1.151600e+01 3.790000e+00 -2.485400e+02 -5.075700e+01 0
-3.432300e+00 7.659400e+00 -7.588700e-01 -3.844900e-01 341 53 1.054500e+01 3.790000e+00 3.962300e+02 4.481100e+02 0
-3.907600e+00 5.965700e+00 -6.242400e-01 -3.844900e-01 342 53 1.036100e+01 3.790000e+00 2.630200e+02 4.584500e+02 0
-5.118200e+00 2.760100e+00 -3.694100e-01 -3.524500e-01 170 54 1.030600e+01 3.790000e+00 -4.840300e+02 5.108100e+02 0
-5.194800e+00 2.744400e+00 -3.681600e-01 -3.524500e-01 171 54 1.025700e+01 3.790000e+00 -5.066300e+02 5.112100e+02 0
-5.412000e+00 2.389100e+00 -3.399100e-01 -3.524500e-01 175 54 1.097300e+01 3.790000e+00 -7.294200e+02 5.250900e+02 0
-5.490900e+00 2.392600e+00 -3.402000e-01 -3.524500e-01 176 54 1.129700e+01 3.790000e+00 -7.459500e+02 5.247400e+02 0
-5.618300e+00 2.188800e+00 -3.240000e-01 -3.524500e-01 177 54 1.117800e+01 3.790000e+00 -9.059100e+02 5.345300e+02 0
-5.746800e+00 1.937400e+00 -3.040100e-01 -3.524500e-01 178 54 1.073600e+01 3.790000e+00 -1138 5.493200e+02 0
-5.971900e+00 2.935700e+00 -3.833700e-01 -3.524500e-01 193 54 1.128300e+01 3.790000e+00 -5.829200e+02 5.035200e+02 0
-6.108300e+00 2.741300e+00 -3.679200e-01 -3.524500e-01 194 54 1.150400e+01 3.790000e+00 -6.975500e+02 5.095700e+02 0
-6.140000e+00 2.667100e+00 -3.620200e-01 -3.524500e-01 195 54 1.160300e+01 3.790000e+00 -7.411200e+02 5.121400e+02 0
-6.118400e+00 2.788200e+00 -3.716400e-01 -3.524500e-01 196 54 1.167600e+01 3.790000e+00 -6.772500e+02 5.079600e+02 0
-6.203300e+00 2.715100e+00 -3.658300e-01 -3.524500e-01 197 54 1.116500e+01 3.790000e+00 -7.300300e+02 5.103100e+02 0
-6.104500e+00 3.055400e+00 -3.928900e-01 -3.524500e-01 199 54 1.132100e+01 3.790000e+00 -5.596500e+02 4.998000e+02 0
-6.135300e+00 3.106200e+00 -3.969300e-01 -3.524500e-01 200 54 1.162200e+01 3.790000e+00 -5.456400e+02 4.983500e+02 0
-6.424800e+00 2.437400e+00 1.743800e+00 -3.524500e-01 204 54 1.134100e+01 3.790000e+00 -8.868600e+02 3.705500e+01 0
-6.711800e+00 2.477400e+00 -3.469400e-01 -3.524500e-01 206 54 1.095700e+01 3.790000e+00 -9.727300e+02 5.182800e+02 0
-6.519700e+00 2.990700e+00 -3.877400e-01 -3.524500e-01 207 54 1.147500e+01 3.790000e+00 -6.642700e+02 5.009700e+02 0
-6.494900e+00 3.122700e+00 -3.982300e-01 -3.524500e-01 208 54 1.095100e+01 3.790000e+00 -6.048900e+02 4.973500e+02 0
-9.548800e+00 3.706400e+00 3.167400e+00 -3.524500e-01 308 54 1.136400e+01 3.790000e+00 -8.205900e+02 -6.142100e+01 0
-9.411800e+00 3.450100e+00 3.900500e+00 -3.524500e-01 309 54 1.175800e+01 3.790000e+00 -8.898800e+02 -2.021700e+02 0
-9.358100e+00 2.917200e+00 4.513100e+00 -3.524500e-01 310 54 1.192600e+01 3.790000e+00 -1.121500e+03 -3.989500e+02 0
-9.219200e+00 3.686700e+00 4.315300e+00 -3.524500e-01 311 54 1.180300e+01 3.790000e+00 -7.656500e+02 -2.296200e+02 0
-9.079200e+00 4.731700e+00 3.625300e+00 -3.524500e-01 312 54 1.117100e+01 3.790000e+00 -4.590600e+02 -3.080000e+01 0
-8.589500e+00 4.989000e+00 4.966400e+00 -3.524500e-01 319 54 1.084600e+01 3.790000e+00 -3.406400e+02 -1.599000e+02 0
-8.790600e+00 5.653600e+00 3.856700e+00 -3.524500e-01 320 54 1.153000e+01 3.790000e+00 -2.532800e+02 5.806700e+00 0
-8.818100e+00 5.289400e+00 4.376500e+00 -3.524500e-01 321 54 1.185100e+01 3.790000e+00 -3.138100e+02 -7.101500e+01 0
-8.845700e+00 4.226300e+00 5.437400e+00 -3.524500e-01 322 54 1.147500e+01 3.790000e+00 -5.382700e+02 -3.029000e+02 0
0 0 -1.500000e-01 -3.204100e-01 1 55 9.670600e+00 3.790000e+00 2167 -3.612800e+03 0
-6.233800e+00 2.444800e+00 -3.443500e-01 -3.204100e-01 193 55 1.037000e+01 3.790000e+00 -8.861900e+02 5.207100e+02 0
-6.213600e+00 2.506200e+00 -3.492200e-01 -3.204100e-01 194 55 1.121900e+01 3.790000e+00 -8.450200e+02 5.181900e+02 0
-6.192900e+00 2.569000e+00 -3.542200e-01 -3.204100e-01 195 55 1.110200e+01 3.790000e+00 -8.047300e+02 5.157300e+02 0
-6.288600e+00 2.707600e+00 -3.652300e-01 -3.204100e-01 198 55 1.091500e+01 3.790000e+00 -7.514700e+02 5.104100e+02 0
-6.374600e+00 2.507100e+00 -3.493000e-01 -3.204100e-01 199 55 1.141200e+01 3.790000e+00 -8.800400e+02 5.178000e+02 0
-6.461100e+00 2.308600e+00 -3.335200e-01 -3.204100e-01 200 55 1.112800e+01 3.790000e+00 -1.028100e+03 5.263000e+02 0
-6.488100e+00 2.962100e+00 -3.854700e-01 -3.204100e-01 206 55 1.112200e+01 3.790000e+00 -6.707500e+02 5.018500e+02 0
-6.407300e+00 3.140100e+00 -3.996200e-01 -3.204100e-01 207 55 1.118600e+01 3.790000e+00 -5.821700e+02 4.970200e+02 0
-6.438400e+00 3.239600e+00 -4.075300e-01 -3.204100e-01 208 55 1.065900e+01 3.790000e+00 -5.500800e+02 4.944200e+02 0
-9.684700e+00 3.558900e+00 2.782700e+00 -3.204100e-01 307 55 1.109400e+01 3.790000e+00 -9.029300e+02 -1.899200e+01 0
-9.632600e+00 3.204500e+00 3.448900e+00 -3.204100e-01 308 55 1.150500e+01 3.790000e+00 -1.040600e+03 -1.661700e+02 0
-9.579900e+00 2.891500e+00 3.945200e+00 -3.204100e-01 309 55 1.172500e+01 3.790000e+00 -1.185700e+03 -3.042800e+02 0
-9.526700e+00 2.911700e+00 4.149300e+00 -3.204100e-01 310 55 1.175600e+01 3.790000e+00 -1.160900e+03 -3.360900e+02 0
-9.642100e+00 3.332600e+00 3.623700e+00 -3.204100e-01 311 55 1.129900e+01 3.790000e+00 -9.797200e+02 -1.754600e+02 0
-9.782100e+00 4.607900e+00 3.212700e+00 -3.204100e-01 324 55 1.039400e+01 3.790000e+00 -5.745300e+02 1.011700e+01 0
-2.832600e+00 3.829300e+00 -4.544000e-01 -2.563300e-01 180 57 1.044500e+01 3.790000e+00 1.975000e+02 4.861700e+02 0
-6.396100e+00 2.447300e+00 -3.445400e-01 -2.563300e-01 198 57 1.078000e+01 3.790000e+00 -9.213100e+02 5.202400e+02 0
-6.482600e+00 2.316100e+00 -3.341200e-01 -2.563300e-01 199 57 1.068500e+01 3.790000e+00 -1.027900e+03 5.259000e+02 0
-6.690500e+00 2.081000e+00 -3.154300e-01 -2.563300e-01 202 57 1.114200e+01 3.790000e+00 -1.263300e+03 5.375100e+02 0
-6.668700e+00 2.140200e+00 -3.201300e-01 -2.563300e-01 203 57 1.132300e+01 3.790000e+00 -1.207300e+03 5.342900e+02 0
-6.646300e+00 1.993500e+00 -3.084700e-01 -2.563300e-01 204 57 1.099700e+01 3.790000e+00 -1.331500e+03 5.428400e+02 0
-6.998800e+00 2.361300e+00 -3.377100e-01 -2.563300e-01 213 57 1.027300e+01 3.790000e+00 -1.115500e+03 5.226000e+02 0
-7.090000e+00 1.993600e+00 -3.084800e-01 -2.563300e-01 214 57 1.072700e+01 3.790000e+00 -1.448300e+03 5.414800e+02 0
-1.038600e+01 2.626800e+00 -3.588100e-01 -2.563300e-01 308 57 1.032800e+01 3.790000e+00 -1.622300e+03 5.054600e+02 0
-6.396100e+00 2.388300e+00 -3.398500e-01 -2.242900e-01 198 58 1.047600e+01 3.790000e+00 -959 5.228000e+02 0
-6.786900e+00 1.251300e+00 -2.494700e-01 -2.242900e-01 200 58 1.052700e+01 3.790000e+00 -2.458500e+03 6.121700e+02 0
-6.875500e+00 1.136100e+00 -2.403100e-01 -2.242900e-01 201 58 1.098600e+01 3.790000e+00 -2.775900e+03 6.295400e+02 0
-6.745400e+00 1.877600e+00 -2.992600e-01 -2.242900e-01 202 58 1.132400e+01 3.790000e+00 -1.474900e+03 5.500800e+02 0
-6.668700e+00 2.158700e+00 -3.216000e-01 -2.242900e-01 203 58 1.142300e+01 3.790000e+00 -1.192100e+03 5.332900e+02 0
-6.646300e+00 2.152100e+00 -3.210800e-01 -2.242900e-01 204 58 1.105400e+01 3.790000e+00 -1.191900e+03 5.337000e+02 0
-6.946700e+00 1.995800e+00 -3.086500e-01 -2.242900e-01 208 58 1.105100e+01 3.790000e+00 -1.408600e+03 5.417800e+02 0
-6.810000e+00 2.017500e+00 1.523000e+00 -2.242900e-01 209 58 1.092400e+01 3.790000e+00 -1.288500e+03 3.664800e+01 0
-4.378500e+00 1.620500e+00 -2.788200e-01 -1.922500e-01 137 59 1.054900e+01 3.790000e+00 -1.016100e+03 5.808000e+02 0
-4.154000e+00 2.710400e+00 -3.654600e-01 -1.922500e-01 146 59 1.035100e+01 3.790000e+00 -2.977400e+02 5.145100e+02 0
-4.222400e+00 2.494100e+00 -3.482600e-01 -1.922500e-01 147 59 1.082100e+01 3.790000e+00 -3.976400e+02 5.231600e+02 0
-3.930500e+00 3.291800e+00 -4.116800e-01 -1.922500e-01 148 59 1.013500e+01 3.790000e+00 -8.535600e+01 4.968100e+02 0
-6.875500e+00 1.171600e+00 -2.431400e-01 -1.922500e-01 201 59 1.064700e+01 3.790000e+00 -2.683100e+03 6.236800e+02 0
-6.613600e+00 2.273800e+00 -3.307500e-01 -1.922500e-01 203 59 1.061600e+01 3.790000e+00 -1.089400e+03 5.275900e+02 0
-4.576900e+00 1.368200e+00 -2.587600e-01 -1.922500e-01 276 59 1.035900e+01 3.790000e+00 -1.393600e+03 6.094400e+02 0
-4.501800e+00 3.756400e+00 -4.486100e-01 -1.602100e-01 276 60 1.032400e+01 3.790000e+00 -8.185300e+01 4.855900e+02 0
-4.518200e+00 2.191200e+00 -3.241800e-01 -1.602100e-01 277 60 1.081000e+01 3.790000e+00 -6.216200e+02 5.374500e+02 0
-4.534600e+00 2.357100e+00 -3.373700e-01 -1.602100e-01 278 60 1.083300e+01 3.790000e+00 -5.359500e+02 5.287500e+02 0
-4.626800e+00 4.126400e+00 -4.780200e-01 -1.602100e-01 279 60 1.059800e+01 3.790000e+00 -3.174900e+01 4.788300e+02 0
-4.567300e+00 6.143400e+00 -6.383600e-01 -1.602100e-01 280 60 1.022300e+01 3.790000e+00 2.093800e+02 4.566800e+02 0
0 0 -1.500000e-01 -1.281600e-01 1 61 9.468500e+00 3.790000e+00 2167 -3.612800e+03 0
-4.207200e+00 2.701700e+00 -3.647700e-01 -1.281600e-01 258 61 1.024100e+01 3.790000e+00 -3.124700e+02 5.147300e+02 0
0 0 -1.500000e-01 -9.612300e-02 1 62 9.910400e+00 3.790000e+00 2167 -3.612800e+03 0
6.548100e-01 2.149900e-01 -1.670900e-01 -9.612300e-02 31 62 9.707700e+00 3.790000e+00 3.280200e+03 2.925500e+03 0
0 0 -1.500000e-01 -6.408200e-02 1 63 1.013900e+01 3.790000e+00 2167 -3.612800e+03 0
-3.301300e-02 7.296400e-03 -1.505800e-01 -6.408200e-02 2 63 9.893600e+00 3.790000e+00 2.675700e+03 -4.126800e+03 0
6.646300e-01 6.990700e-01 -2.055700e-01 -6.408200e-02 30 63 9.465600e+00 3.790000e+00 1215 9.069200e+02 0
6.630000e-01 7.767700e-01 -2.117500e-01 -6.408200e-02 31 63 1.000900e+01 3.790000e+00 1154 8.501800e+02 0
6.681800e-01 8.446500e-01 -2.171400e-01 -6.408200e-02 32 63 1.004200e+01 3.790000e+00 1.116700e+03 8.103900e+02 0
6.722700e-01 8.926500e-01 -2.209600e-01 -6.408200e-02 33 63 9.842200e+00 3.790000e+00 1.094600e+03 7.863500e+02 0
-6.470600e+00 2.166300e+00 -3.222100e-01 -6.408200e-02 197 63 1.002000e+01 3.790000e+00 -1.136600e+03 5.334200e+02 0
-6.607900e+00 2.914800e+00 -3.817100e-01 -6.408200e-02 208 63 1.069200e+01 3.790000e+00 -7.149500e+02 5.030700e+02 0
0 0 -1.500000e-01 -3.204100e-02 1 64 1.563600e+01 3.790000e+00 2167 -3.612800e+03 0
-7.093800e-02 1.126500e-01 -1.589500e-01 -3.204100e-02 5 64 1.422200e+01 3.790000e+00 -3.068500e+03 7.674900e+03 0
-1.585200e-01 1.860400e-01 -1.647900e-01 -3.204100e-02 8 64 1.341600e+01 3.790000e+00 -1.095600e+03 2.946700e+03 0
-2.008100e-01 1.918500e-01 -1.652500e-01 -3.204100e-02 9 64 1.290600e+01 3.790000e+00 -1.207800e+03 2.798700e+03 0
-2.480100e-01 1.845600e-01 -1.646700e-01 -3.204100e-02 10 64 1.273000e+01 3.790000e+00 -1552 2.912600e+03 0
-2.592000e-01 2.248800e-01 -1.678800e-01 -3.204100e-02 11 64 1.205900e+01 3.790000e+00 -1.023700e+03 2.274200e+03 0
-2.851200e-01 2.350400e-01 -1.686800e-01 -3.204100e-02 12 64 1.181800e+01 3.790000e+00 -1.009400e+03 2.153400e+03 0
-3.077600e-01 2.773800e-01 -1.720500e-01 -3.204100e-02 13 64 1.100200e+01 3.790000e+00 -7.332000e+02 1.801500e+03 0
-4.327200e-01 8.151600e-02 -1.564800e-01 -3.204100e-02 14 64 1.053000e+01 3.790000e+00 -16796 13920 0
-1.107700e-01 4.498500e-01 -1.857600e-01 -3.204100e-02 15 64 1.039500e+01 3.790000e+00 2.209600e+02 1.194600e+03 0
3.536000e-01 3.392900e-01 -1.769700e-01 -3.204100e-02 28 64 1.217800e+01 3.790000e+00 1.151900e+03 1.588900e+03 0
6.799100e-01 6.438200e-01 -2.011800e-01 -3.204100e-02 29 64 1.374700e+01 3.790000e+00 1.285900e+03 9.575900e+02 0
6.804600e-01 7.303200e-01 -2.080600e-01 -3.204100e-02 30 64 1.463900e+01 3.790000e+00 1.205600e+03 8.828900e+02 0
6.793700e-01 7.975800e-01 -2.134000e-01 -3.204100e-02 31 64 1.476600e+01 3.790000e+00 1.155500e+03 8.375100e+02 0
6.766400e-01 8.315400e-01 -2.161000e-01 -3.204100e-02 32 64 1.413100e+01 3.790000e+00 1.131800e+03 8.177100e+02 0
6.722700e-01 8.716600e-01 -2.192900e-01 -3.204100e-02 33 64 1.224300e+01 3.790000e+00 1.105500e+03 7.965300e+02 0
7.563100e-01 8.116500e-01 -2.145200e-01 -3.204100e-02 34 64 1.063400e+01 3.790000e+00 1.216800e+03 8.308500e+02 0
7.142900e-01 9.032300e-01 -2.218000e-01 -3.204100e-02 35 64 1.009600e+01 3.790000e+00 1.123300e+03 7.821800e+02 0
-7.830500e-01 9.312400e-01 -2.240300e-01 -3.204100e-02 36 64 1.076000e+01 3.790000e+00 6.493300e+00 7.456700e+02 0
-8.250600e-01 8.987500e-01 -2.214500e-01 -3.204100e-02 37 64 1.135400e+01 3.790000e+00 -4.995000e+01 7.577900e+02 0
-8.580800e-01 8.705600e-01 -2.192000e-01 -3.204100e-02 38 64 1.113300e+01 3.790000e+00 -9.983300e+01 7.691100e+02 0
