0 0 -1.500000e-01 0 1 65 1.664000e+01 3.880000e+00 2167 -3.612800e+03 0
-7.093800e-02 1.129400e-01 -1.591900e-01 0 5 65 1.526500e+01 3.880000e+00 -3.042600e+03 7628 0
-1.585200e-01 1.860000e-01 -1.651400e-01 0 8 65 1.441800e+01 3.880000e+00 -1.096400e+03 2.949700e+03 0
-2.008100e-01 1.925800e-01 -1.656700e-01 0 9 65 1.391800e+01 3.880000e+00 -1197 2.786900e+03 0
-2.480100e-01 1.862800e-01 -1.651600e-01 0 10 65 1.374400e+01 3.880000e+00 -1.520200e+03 2.879100e+03 0
-2.619200e-01 2.220500e-01 -1.680700e-01 0 11 65 1.313700e+01 3.880000e+00 -1065 2.308600e+03 0
-2.851200e-01 2.371400e-01 -1.693000e-01 0 12 65 1.275100e+01 3.880000e+00 -9.887500e+02 2.133900e+03 0
-3.077600e-01 2.802600e-01 -1.728100e-01 0 13 65 1.198200e+01 3.880000e+00 -7.143100e+02 1.784700e+03 0
-3.085800e-01 3.009200e-01 -1.744900e-01 0 14 65 1.149200e+01 3.880000e+00 -5.936800e+02 1.664900e+03 0
-1.184100e-01 4.413200e-01 -1.859200e-01 0 15 65 1.133400e+01 3.880000e+00 1.973000e+02 1.213500e+03 0
-3.601500e-01 3.721900e-01 -1.802900e-01 0 16 65 1.135300e+01 3.880000e+00 -3.964400e+02 1.369600e+03 0
3.536000e-01 3.241000e-01 -1.763800e-01 0 28 65 1.315300e+01 3.880000e+00 1.181200e+03 1.665800e+03 0
6.799100e-01 6.406000e-01 -2.021400e-01 0 29 65 1.472300e+01 3.880000e+00 1.289500e+03 9.622600e+02 0
6.725500e-01 7.377300e-01 -2.100400e-01 0 30 65 1.565500e+01 3.880000e+00 1.191700e+03 8.785900e+02 0
6.793700e-01 7.975200e-01 -2.149100e-01 0 31 65 1.582000e+01 3.880000e+00 1.155600e+03 8.389100e+02 0
6.766400e-01 8.315600e-01 -2.176800e-01 0 32 65 1.529400e+01 3.880000e+00 1.131800e+03 8.190400e+02 0
6.810000e-01 8.705400e-01 -2.208500e-01 0 33 65 1.383800e+01 3.880000e+00 1.113400e+03 7.986000e+02 0
6.662700e-01 9.341100e-01 -2.260200e-01 0 34 65 1.108400e+01 3.880000e+00 1.070200e+03 7.689600e+02 0
-4.174400e-01 5.604600e-01 -1.956100e-01 0 35 65 1.077000e+01 3.880000e+00 -5.484500e+01 1.005200e+03 0
-8.116900e-01 9.077400e-01 -2.238800e-01 0 36 65 1.170900e+01 3.880000e+00 -3.273000e+01 7.556300e+02 0
-8.348900e-01 8.962600e-01 -2.229400e-01 0 37 65 1.219800e+01 3.880000e+00 -5.924200e+01 7.599000e+02 0
-8.681700e-01 8.805800e-01 -2.216700e-01 0 38 65 1.180300e+01 3.880000e+00 -9.772800e+01 7.658900e+02 0
-9.020000e-01 8.956400e-01 -2.228900e-01 0 39 65 1.047600e+01 3.880000e+00 -1.079600e+02 7.590700e+02 0
0 0 -1.500000e-01 3.204100e-02 1 66 1.562700e+01 3.880000e+00 2167 -3.612800e+03 0
-7.202900e-02 1.124500e-01 -1.591500e-01 3.204100e-02 5 66 1.425300e+01 3.880000e+00 -3.101200e+03 7.708300e+03 0
-1.604300e-01 1.842000e-01 -1.649900e-01 3.204100e-02 8 66 1.339100e+01 3.880000e+00 -1.133800e+03 2.987800e+03 0
-2.008100e-01 1.928600e-01 -1.657000e-01 3.204100e-02 9 66 1.290300e+01 3.880000e+00 -1.192800e+03 2.781700e+03 0
-2.480100e-01 1.869900e-01 -1.652200e-01 3.204100e-02 10 66 1.273200e+01 3.880000e+00 -1.507300e+03 2.864600e+03 0
-2.592000e-01 2.280100e-01 -1.685600e-01 3.204100e-02 11 66 1.208700e+01 3.880000e+00 -9.908100e+02 2.240200e+03 0
-2.851200e-01 2.426900e-01 -1.697500e-01 3.204100e-02 12 66 1.175500e+01 3.880000e+00 -9.363900e+02 2.080300e+03 0
-3.077600e-01 2.830500e-01 -1.730400e-01 3.204100e-02 13 66 1.100300e+01 3.880000e+00 -6.963800e+02 1.767200e+03 0
-3.192200e-01 2.882200e-01 -1.734600e-01 3.204100e-02 14 66 1.060100e+01 3.880000e+00 -6.944800e+02 1.733600e+03 0
-1.184100e-01 4.669100e-01 -1.880000e-01 3.204100e-02 15 66 1.028000e+01 3.880000e+00 2.293300e+02 1.161800e+03 0
3.609700e-01 3.233900e-01 -1.763200e-01 3.204100e-02 28 66 1.211300e+01 3.880000e+00 1.202900e+03 1.670900e+03 0
6.799100e-01 6.378800e-01 -2.019200e-01 3.204100e-02 29 66 1.369300e+01 3.880000e+00 1.292500e+03 9.650200e+02 0
6.725500e-01 7.372100e-01 -2.100000e-01 3.204100e-02 30 66 1.463900e+01 3.880000e+00 1.192100e+03 8.789700e+02 0
6.711800e-01 8.043700e-01 -2.154700e-01 3.204100e-02 31 66 1.484300e+01 3.880000e+00 1.143600e+03 8.345800e+02 0
6.766400e-01 8.318400e-01 -2.177000e-01 3.204100e-02 32 66 1.438800e+01 3.880000e+00 1.131700e+03 8.188900e+02 0
6.897400e-01 8.642600e-01 -2.203400e-01 3.204100e-02 33 66 1.315500e+01 3.880000e+00 1.124300e+03 8.019500e+02 0
6.932800e-01 9.172300e-01 -2.246500e-01 3.204100e-02 34 66 1.117900e+01 3.880000e+00 1.099300e+03 7.767900e+02 0
-8.116900e-01 9.039900e-01 -2.235700e-01 3.204100e-02 36 66 1.073700e+01 3.880000e+00 -3.591200e+01 7.571400e+02 0
-8.348900e-01 8.918200e-01 -2.225800e-01 3.204100e-02 37 66 1.118800e+01 3.880000e+00 -6.319500e+01 7.617300e+02 0
-8.479800e-01 9.056300e-01 -2.237100e-01 3.204100e-02 38 66 1.086400e+01 3.880000e+00 -6.034600e+01 7.559000e+02 0
-5.729600e-03 3.429100e-02 -1.527900e-01 6.408200e-02 2 67 9.802500e+00 3.880000e+00 3543 -7120 0
6.466300e-01 8.154200e-01 -2.163600e-01 6.408200e-02 31 67 1.049500e+01 3.880000e+00 1.114500e+03 8.275300e+02 0
6.681800e-01 8.180600e-01 -2.165800e-01 6.408200e-02 32 67 1.130400e+01 3.880000e+00 1.132400e+03 8.264800e+02 0
6.897400e-01 8.314600e-01 -2.176700e-01 6.408200e-02 33 67 1.138500e+01 3.880000e+00 1.143500e+03 8.193900e+02 0
7.112900e-01 8.555600e-01 -2.196300e-01 6.408200e-02 34 67 1.076400e+01 3.880000e+00 1.147700e+03 8.068600e+02 0
0 0 -1.500000e-01 9.612300e-02 1 68 9.599100e+00 3.880000e+00 2167 -3.612800e+03 0
6.597200e-01 8.239100e-01 -2.170600e-01 9.612300e-02 32 68 9.929200e+00 3.880000e+00 1.121300e+03 8.229600e+02 0
6.897400e-01 8.206200e-01 -2.167900e-01 9.612300e-02 33 68 1.012400e+01 3.880000e+00 1.150200e+03 8.254900e+02 0
7.293000e-01 7.501800e-01 -2.110500e-01 9.612300e-02 34 68 9.534600e+00 3.880000e+00 1.239100e+03 8.712200e+02 0
1.702500e-01 1.085600e+01 -1.033500e+00 -9.932700e-01 313 34 1.089800e+01 3.880000e+00 6.940500e+02 4.392200e+02 0
-2.562000e-01 1.092600e+01 -1.039200e+00 -9.932700e-01 314 34 1.069500e+01 3.880000e+00 6.690500e+02 4.389100e+02 0
5.958800e-01 1.235400e+01 2.935900e+00 -9.932700e-01 365 34 1.066800e+01 3.880000e+00 7.128400e+02 2.338000e+02 0
1.873900e+00 1.395600e+01 -1.285900e+00 -9.932700e-01 405 34 1.069700e+01 3.880000e+00 7.725300e+02 4.333800e+02 0
1.768000e+00 1.403000e+01 -1.291900e+00 -9.932700e-01 406 34 1.083400e+01 3.880000e+00 7.672500e+02 4.332500e+02 0
4.649200e-01 7.123400e+00 2.091700e+00 -9.612300e-01 214 35 1.112900e+01 3.880000e+00 7.166300e+02 2.114400e+02 0
4.087100e-01 7.112500e+00 2.258300e+00 -9.612300e-01 215 35 1.177400e+01 3.880000e+00 7.114200e+02 1.971600e+02 0
3.519600e-01 7.212500e+00 2.057700e+00 -9.612300e-01 216 35 1.193300e+01 3.880000e+00 7.064600e+02 2.162000e+02 0
3.536000e-01 7.316400e+00 1.802300e+00 -9.612300e-01 217 35 1.161200e+01 3.880000e+00 7.067500e+02 2.393200e+02 0
3.552400e-01 7.307000e+00 1.978100e+00 -9.612300e-01 218 35 1.052400e+01 3.880000e+00 7.066800e+02 2.246500e+02 0
4.163500e-01 7.093200e+00 2.734000e+00 -9.612300e-01 219 35 1.055300e+01 3.880000e+00 7.115000e+02 1.565200e+02 0
3.585100e-01 7.203900e+00 2.543600e+00 -9.612300e-01 220 35 1.115800e+01 3.880000e+00 7.064000e+02 1.755200e+02 0
5.402200e-01 7.410800e+00 1.954000e+00 -9.612300e-01 221 35 1.193400e+01 3.880000e+00 7.223700e+02 2.284300e+02 0
7.838600e-01 7.523600e+00 1.532900e+00 -9.612300e-01 222 35 1.206000e+01 3.880000e+00 7.431700e+02 2.642100e+02 0
9.085500e-01 7.510900e+00 1.693800e+00 -9.612300e-01 223 35 1.190700e+01 3.880000e+00 7.536000e+02 2.509900e+02 0
-1.353000e+00 8.983200e+00 -8.811200e-01 -9.612300e-01 262 35 1.232600e+01 3.880000e+00 5.857500e+02 4.444800e+02 0
-1.072300e+00 9.027800e+00 -8.847500e-01 -9.612300e-01 263 35 1.266500e+01 3.880000e+00 6.060600e+02 4.444200e+02 0
-9.328300e-01 9.072700e+00 -8.884000e-01 -9.612300e-01 264 35 1.213800e+01 3.880000e+00 6.162700e+02 4.443100e+02 0
-1.365300e+00 9.511900e+00 -9.241400e-01 -9.612300e-01 279 35 1.209700e+01 3.880000e+00 5.909700e+02 4.426400e+02 0
-9.895800e-01 9.627400e+00 -9.335400e-01 -9.612300e-01 280 35 1.208200e+01 3.880000e+00 6.170300e+02 4.423900e+02 0
-6.111600e-01 9.627500e+00 1.599000e+00 -9.612300e-01 281 35 1.237400e+01 3.880000e+00 6.402800e+02 2.817400e+02 0
-5.366700e-01 9.601300e+00 1.957100e+00 -9.612300e-01 282 35 1.304400e+01 3.880000e+00 6.447700e+02 259 0
-6.155200e-01 9.631900e+00 1.959000e+00 -9.612300e-01 283 35 1.324400e+01 3.880000e+00 6.397600e+02 2.592300e+02 0
-5.404900e-01 9.720100e+00 1.705000e+00 -9.612300e-01 284 35 1.253200e+01 3.880000e+00 6.452900e+02 2.759000e+02 0
-7.775900e-01 9.213400e+00 3.684100e+00 -9.612300e-01 286 35 1.284500e+01 3.880000e+00 6.251100e+02 1.428400e+02 0
-6.242500e-01 9.421000e+00 3.258200e+00 -9.612300e-01 287 35 1.279200e+01 3.880000e+00 6.370600e+02 1.743700e+02 0
-1.508500e+00 9.791200e+00 2.266600e+00 -9.612300e-01 292 35 1.352100e+01 3.880000e+00 5.831900e+02 2.423100e+02 0
-1.434000e+00 9.935900e+00 1.792100e+00 -9.612300e-01 293 35 1.358200e+01 3.880000e+00 5.896900e+02 2.726900e+02 0
-4.474500e-01 1.101400e+01 3.113900e+00 -9.612300e-01 329 35 1.288800e+01 3.880000e+00 6.553200e+02 2.090100e+02 0
-3.590600e-01 1.119800e+01 2.546700e+00 -9.612300e-01 330 35 1.285900e+01 3.880000e+00 6.612900e+02 2.418500e+02 0
2.971200e-01 1.211700e+01 3.715700e+00 -9.612300e-01 364 35 1.323200e+01 3.880000e+00 6.970300e+02 1.928000e+02 0
3.077600e-01 1.270800e+01 3.290900e+00 -9.612300e-01 377 35 1.297600e+01 3.880000e+00 6.977000e+02 2.206500e+02 0
5.143000e-01 1.280500e+01 3.017100e+00 -9.612300e-01 378 35 1.310000e+01 3.880000e+00 7.080600e+02 2.345000e+02 0
1.322700e+00 1.391500e+01 1.920300e+00 -9.612300e-01 405 35 1.279200e+01 3.880000e+00 7.446100e+02 2.921400e+02 0
1.436500e+00 1.396400e+01 1.733800e+00 -9.612300e-01 406 35 1.322500e+01 3.880000e+00 7.497800e+02 3.004900e+02 0
1.440000e+00 1.397600e+01 1.905300e+00 -9.612300e-01 407 35 1.316000e+01 3.880000e+00 7.497500e+02 2.930800e+02 0
1.332500e+00 1.392500e+01 2.521600e+00 -9.612300e-01 408 35 1.236900e+01 3.880000e+00 7.445400e+02 266 0
-2.250900e-01 2.577800e+00 -3.598000e-01 -9.291900e-01 76 36 1.026600e+01 3.880000e+00 5.936300e+02 530 0
-5.732300e-01 6.396000e+00 1.804600e+00 -9.291900e-01 192 36 1.036400e+01 3.880000e+00 6.170800e+02 2.220900e+02 0
-4.714600e-01 6.229500e+00 2.435500e+00 -9.291900e-01 193 36 1.049400e+01 3.880000e+00 6.247100e+02 1.577300e+02 0
-2.474900e+00 6.157300e+00 -6.511200e-01 -9.291900e-01 194 36 1.034200e+01 3.880000e+00 4.209400e+02 4.589900e+02 0
0 6.477700e+00 2.101400e+00 -9.291900e-01 196 36 1.140200e+01 3.880000e+00 6.735000e+02 1.959300e+02 0
-2.139100e-01 6.590100e+00 1.838100e+00 -9.291900e-01 197 36 1.171500e+01 3.880000e+00 6.536500e+02 2.229100e+02 0
-3.224900e-01 6.578100e+00 1.989200e+00 -9.291900e-01 198 36 1.188500e+01 3.880000e+00 643 2.089200e+02 0
-1.080400e-01 6.485700e+00 2.395500e+00 -9.291900e-01 199 36 1.247400e+01 3.880000e+00 6.626600e+02 1.690700e+02 0
-5.429500e-02 6.516100e+00 2.415900e+00 -9.291900e-01 200 36 1.273300e+01 3.880000e+00 6.679700e+02 1.680500e+02 0
-5.456800e-02 6.579100e+00 2.344800e+00 -9.291900e-01 201 36 1.249200e+01 3.880000e+00 6.682700e+02 1.763600e+02 0
5.484000e-02 6.506300e+00 2.634400e+00 -9.291900e-01 202 36 1.186800e+01 3.880000e+00 6.782200e+02 1.476100e+02 0
1.751600e-01 7.264400e+00 1.747200e+00 -9.291900e-01 215 36 1.236100e+01 3.880000e+00 6.913300e+02 2.431200e+02 0
1.759800e-01 7.244400e+00 1.966200e+00 -9.291900e-01 216 36 1.256300e+01 3.880000e+00 6.911200e+02 2.245600e+02 0
-2.022300e+00 7.283400e+00 -7.427700e-01 -9.291900e-01 219 36 1.284000e+01 3.880000e+00 5.022300e+02 4.518800e+02 0
-2.091300e+00 7.303900e+00 -7.444400e-01 -9.291900e-01 220 36 1.297900e+01 3.880000e+00 4.968100e+02 4.517300e+02 0
-1.057500e+00 7.594200e+00 2.147500e+00 -9.291900e-01 229 36 1.401500e+01 3.880000e+00 5.887900e+02 2.172000e+02 0
-8.122400e-01 7.546500e+00 2.519700e+00 -9.291900e-01 230 36 1.390700e+01 3.880000e+00 6.082300e+02 1.866700e+02 0
-1.625300e+00 8.361200e+00 3.043500e+00 -9.291900e-01 260 36 1.367400e+01 3.880000e+00 5.555100e+02 1.668400e+02 0
-9.292900e-01 8.981200e+00 -8.809500e-01 -9.291900e-01 263 36 1.356600e+01 3.880000e+00 6.157300e+02 4.446400e+02 0
-7.175600e-01 8.922100e+00 2.059700e+00 -9.291900e-01 264 36 1.368400e+01 3.880000e+00 6.282400e+02 2.443500e+02 0
-1.213600e+00 9.347000e+00 2.327800e+00 -9.291900e-01 279 36 1.350800e+01 3.880000e+00 5.977100e+02 2.326300e+02 0
-3.066700e-01 9.425800e+00 2.713700e+00 -9.291900e-01 282 36 1.382800e+01 3.880000e+00 6.586500e+02 2.087800e+02 0
-4.616400e-01 9.466800e+00 2.675200e+00 -9.291900e-01 283 36 1.418800e+01 3.880000e+00 6.485400e+02 2.119500e+02 0
-1.088600e+00 9.388400e+00 3.120400e+00 -9.291900e-01 286 36 1.425000e+01 3.880000e+00 6.060200e+02 1.827300e+02 0
-1.092400e+00 9.523900e+00 2.804100e+00 -9.291900e-01 287 36 1.410000e+01 3.880000e+00 6.071800e+02 2.050500e+02 0
-1.587900e+00 9.763000e+00 2.332800e+00 -9.291900e-01 292 36 1.482800e+01 3.880000e+00 5.777600e+02 2.379300e+02 0
-1.434000e+00 9.828200e+00 2.311200e+00 -9.291900e-01 293 36 1.479500e+01 3.880000e+00 5.883200e+02 240 0
0 1.115900e+01 3.016100e+00 -9.291900e-01 332 36 1.363200e+01 3.880000e+00 6.811200e+02 2.160500e+02 0
3.077600e-01 1.259300e+01 3.706800e+00 -9.291900e-01 377 36 1.361700e+01 3.880000e+00 6.974300e+02 1.995800e+02 0
4.114400e-01 1.270300e+01 3.436700e+00 -9.291900e-01 378 36 1.367000e+01 3.880000e+00 7.027500e+02 2.136700e+02 0
2.122700e-01 1.296000e+01 4.067000e+00 -9.291900e-01 390 36 1.287500e+01 3.880000e+00 6.924200e+02 1.875700e+02 0
1.326000e+00 1.389800e+01 2.263900e+00 -9.291900e-01 406 36 1.343300e+01 3.880000e+00 7.445500e+02 2.770500e+02 0
1.107700e+00 1.387600e+01 2.695700e+00 -9.291900e-01 407 36 1.362600e+01 3.880000e+00 7.342800e+02 2.581300e+02 0
5.552300e-01 1.371600e+01 3.688400e+00 -9.291900e-01 408 36 1.312900e+01 3.880000e+00 7.085000e+02 2.135000e+02 0
-1.841700e-01 2.570300e+00 -3.591900e-01 -8.971500e-01 76 37 1.048300e+01 3.880000e+00 6.036800e+02 5.304500e+02 0
-9.071900e-01 4.554900e+00 -5.207100e-01 -8.971500e-01 134 37 1.025600e+01 3.880000e+00 5.419300e+02 4.771500e+02 0
-9.140100e-01 4.586900e+00 -5.233200e-01 -8.971500e-01 135 37 1.010700e+01 3.880000e+00 5.420600e+02 4.766800e+02 0
-1.054200e+00 5.192600e+00 1.881500e+00 -8.971500e-01 162 37 1.039200e+01 3.880000e+00 5.414900e+02 1.815400e+02 0
-1.060800e+00 5.212800e+00 1.926000e+00 -8.971500e-01 163 37 1.018900e+01 3.880000e+00 5.412700e+02 1.771500e+02 0
-1.022900e+00 4.189600e+00 3.715600e+00 -8.971500e-01 164 37 9.723000e+00 3.880000e+00 5.096400e+02 -1.161000e+02 0
-1.152700e+00 5.413800e+00 2.048500e+00 -8.971500e-01 170 37 1.155800e+01 3.880000e+00 5.362200e+02 1.705700e+02 0
-1.159600e+00 5.353900e+00 2.288900e+00 -8.971500e-01 171 37 1.226000e+01 3.880000e+00 5.335900e+02 1.418100e+02 0
-1.166400e+00 5.287900e+00 2.518200e+00 -8.971500e-01 172 37 1.195100e+01 3.880000e+00 5.307200e+02 1.134900e+02 0
-1.454800e+00 5.326500e+00 2.365200e+00 -8.971500e-01 173 37 1.147600e+01 3.880000e+00 4.984100e+02 1.326200e+02 0
-1.416000e+00 5.421400e+00 2.259600e+00 -8.971500e-01 174 37 1.103200e+01 3.880000e+00 5.062200e+02 1.480400e+02 0
-1.336900e+00 5.382000e+00 2.568600e+00 -8.971500e-01 176 37 1.148000e+01 3.880000e+00 5.138900e+02 1.124900e+02 0
6.155200e-01 5.321300e+00 3.796300e+00 -8.971500e-01 189 37 1.194200e+01 3.880000e+00 7.389500e+02 -2.936000e+01 0
-2.165800e+00 6.204300e+00 -6.549500e-01 -8.971500e-01 190 37 1.189400e+01 3.880000e+00 4.542700e+02 4.588100e+02 0
-2.357300e+00 6.268900e+00 -6.602100e-01 -8.971500e-01 193 37 1.251400e+01 3.880000e+00 4.375600e+02 4.582100e+02 0
-2.422300e+00 6.289600e+00 -6.618900e-01 -8.971500e-01 194 37 1.243700e+01 3.880000e+00 4.319200e+02 4.580200e+02 0
-1.064100e-01 6.299800e+00 2.584100e+00 -8.971500e-01 196 37 1.288300e+01 3.880000e+00 6.616900e+02 1.455600e+02 0
-9.625700e-01 6.446700e+00 2.089700e+00 -8.971500e-01 197 37 1.309100e+01 3.880000e+00 5.795800e+02 1.969700e+02 0
-1.451200e+00 6.492100e+00 1.755000e+00 -8.971500e-01 198 37 1.303800e+01 3.880000e+00 5.335300e+02 2.292700e+02 0
-6.515400e-01 6.700100e+00 1.727200e+00 -8.971500e-01 200 37 1.321100e+01 3.880000e+00 6.132500e+02 2.353900e+02 0
-2.022300e+00 7.194500e+00 -7.355400e-01 -8.971500e-01 219 37 1.392600e+01 3.880000e+00 4.998600e+02 4.523800e+02 0
-2.031600e+00 7.247400e+00 -7.398400e-01 -8.971500e-01 220 37 1.395500e+01 3.880000e+00 5.004700e+02 4.520700e+02 0
-2.215400e+00 7.555400e+00 1.911300e+00 -8.971500e-01 233 37 1.469000e+01 3.880000e+00 4.928300e+02 2.357600e+02 0
-2.288600e+00 7.681000e+00 -7.751400e-01 -8.971500e-01 234 37 1.425500e+01 3.880000e+00 4.903300e+02 4.496700e+02 0
-2.426100e+00 7.569600e+00 1.896600e+00 -8.971500e-01 235 37 1.396200e+01 3.880000e+00 4.759600e+02 2.372500e+02 0
-2.372300e+00 7.440000e+00 2.524400e+00 -8.971500e-01 236 37 1.427700e+01 3.880000e+00 4.767000e+02 1.849400e+02 0
-6.848200e-01 8.296800e+00 2.744500e+00 -8.971500e-01 252 37 1.414000e+01 3.880000e+00 6.253300e+02 1.861300e+02 0
-1.619000e+00 8.322500e+00 3.049300e+00 -8.971500e-01 259 37 1.410800e+01 3.880000e+00 5.553400e+02 1.655300e+02 0
-1.554600e+00 8.379600e+00 3.029700e+00 -8.971500e-01 260 37 1.423200e+01 3.880000e+00 5.610500e+02 1.681900e+02 0
-8.343400e-01 9.139500e+00 3.167300e+00 -8.971500e-01 279 37 1.377400e+01 3.880000e+00 6.210200e+02 1.747100e+02 0
-1.244100e+00 9.434400e+00 2.917100e+00 -8.971500e-01 286 37 1.391700e+01 3.880000e+00 5.962500e+02 1.965100e+02 0
-1.190900e+00 9.621600e+00 3.047400e+00 -8.971500e-01 292 37 1.457600e+01 3.880000e+00 6.015100e+02 1.916000e+02 0
-1.035700e+00 9.621200e+00 3.217200e+00 -8.971500e-01 293 37 1.445100e+01 3.880000e+00 6.114900e+02 181 0
-3.448700e-01 9.968500e+00 4.722100e+00 -8.971500e-01 317 37 1.292400e+01 3.880000e+00 6.566200e+02 9.733800e+01 0
-4.324500e-01 1.003600e+01 4.654100e+00 -8.971500e-01 318 37 1.304900e+01 3.880000e+00 6.514600e+02 1.031400e+02 0
2.701100e-01 1.096800e+01 3.527400e+00 -8.971500e-01 331 37 1.311600e+01 3.880000e+00 6.960200e+02 1.855100e+02 0
1.806200e-01 1.102200e+01 3.480200e+00 -8.971500e-01 332 37 1.323300e+01 3.880000e+00 6.909300e+02 1.889600e+02 0
-3.656000e-01 1.092400e+01 4.172500e+00 -8.971500e-01 336 37 1.279900e+01 3.880000e+00 6.589800e+02 1.499700e+02 0
-3.666900e-01 1.109000e+01 3.817100e+00 -8.971500e-01 337 37 1.261600e+01 3.880000e+00 6.596700e+02 1.721600e+02 0
-9.904000e-02 1.177600e+01 4.693000e+00 -8.971500e-01 364 37 1.301700e+01 3.880000e+00 6.752800e+02 1.387600e+02 0
1.606500e+00 1.168500e+01 5.103500e+00 -8.971500e-01 369 37 1.371300e+01 3.880000e+00 7.665900e+02 1.151300e+02 0
1.912900e+00 1.144100e+01 5.612900e+00 -8.971500e-01 370 37 1.344000e+01 3.880000e+00 7.845000e+02 8.331700e+01 0
-1.276900e+00 1.307000e+01 3.612100e+00 -8.971500e-01 391 37 1.306800e+01 3.880000e+00 6.211800e+02 2.103500e+02 0
-1.493500e+00 1.291800e+01 4.167300e+00 -8.971500e-01 392 37 1.297800e+01 3.880000e+00 6.096100e+02 1.830700e+02 0
1.424200e+00 2.666000e+00 -3.669800e-01 -8.651100e-01 88 38 1.013000e+01 3.880000e+00 1.007600e+03 5.298600e+02 1
1.416600e+00 2.699400e+00 -3.696900e-01 -8.651100e-01 89 38 1.083700e+01 3.880000e+00 1.001600e+03 5.283100e+02 1
1.359800e+00 2.766800e+00 -3.751800e-01 -8.651100e-01 90 38 1.078400e+01 3.880000e+00 9.799000e+02 5.252100e+02 1
-1.091400e+00 4.832400e+00 2.584500e+00 -8.651100e-01 161 38 1.080300e+01 3.880000e+00 5.252200e+02 8.226400e+01 0
-1.142100e+00 4.903000e+00 2.504100e+00 -8.651100e-01 162 38 1.211200e+01 3.880000e+00 5.212300e+02 9.595200e+01 0
-1.149200e+00 4.892400e+00 2.598500e+00 -8.651100e-01 163 38 1.237900e+01 3.880000e+00 5.199300e+02 8.405900e+01 0
-1.156300e+00 4.722500e+00 2.960700e+00 -8.651100e-01 164 38 1.161100e+01 3.880000e+00 5.127600e+02 2.939500e+01 0
-1.566100e+00 4.789200e+00 2.722900e+00 -8.651100e-01 165 38 1.040900e+01 3.880000e+00 4.626400e+02 6.374900e+01 0
-1.890800e+00 5.313900e+00 -5.824900e-01 -8.651100e-01 166 38 1.083700e+01 3.880000e+00 4.466000e+02 4.669500e+02 0
-1.992800e+00 5.392600e+00 -5.888900e-01 -8.651100e-01 167 38 1.138800e+01 3.880000e+00 4.383100e+02 4.660600e+02 0
-2.004800e+00 5.395100e+00 -5.890900e-01 -8.651100e-01 168 38 1.148400e+01 3.880000e+00 4.370300e+02 4.660300e+02 0
-9.740300e-01 5.362600e+00 2.354000e+00 -8.651100e-01 171 38 1.261100e+01 3.880000e+00 5.553200e+02 1.347400e+02 0
-8.398000e-01 4.799100e+00 3.453500e+00 -8.651100e-01 172 38 1.237300e+01 3.880000e+00 5.559700e+02 -2.586000e+01 0
-1.510400e+00 4.892500e+00 3.207000e+00 -8.651100e-01 174 38 1.292700e+01 3.880000e+00 4.744200e+02 1.218100e+01 0
-2.596300e+00 5.743700e+00 -6.174600e-01 -8.651100e-01 184 38 1.330000e+01 3.880000e+00 3.880800e+02 4.623200e+02 0
-2.560300e+00 5.845800e+00 -6.257700e-01 -8.651100e-01 185 38 1.358000e+01 3.880000e+00 3.972600e+02 4.614600e+02 0
-2.713400e+00 6.882100e+00 2.200600e+00 -8.651100e-01 222 38 1.326000e+01 3.880000e+00 4.288600e+02 1.989300e+02 0
-2.415400e+00 7.174200e+00 2.354500e+00 -8.651100e-01 228 38 1.400600e+01 3.880000e+00 4.650800e+02 1.925400e+02 0
-1.731200e+00 7.659800e+00 2.384300e+00 -8.651100e-01 236 38 1.372200e+01 3.880000e+00 5.347100e+02 2.003800e+02 0
-2.021500e+00 7.112400e+00 3.872200e+00 -8.651100e-01 240 38 1.361200e+01 3.880000e+00 4.972000e+02 6.529200e+01 0
-1.940400e+00 8.238500e+00 2.654900e+00 -8.651100e-01 255 38 1.359500e+01 3.880000e+00 5.298600e+02 1.921700e+02 0
-2.087200e+00 8.350700e+00 2.284000e+00 -8.651100e-01 256 38 1.365700e+01 3.880000e+00 5.212100e+02 2.209300e+02 0
-1.955700e+00 8.258500e+00 2.811200e+00 -8.651100e-01 257 38 1.326500e+01 3.880000e+00 5.290700e+02 1.813500e+02 0
-1.682900e+00 8.047800e+00 3.599500e+00 -8.651100e-01 258 38 1.377000e+01 3.880000e+00 5.455900e+02 1.186400e+02 0
-1.619000e+00 8.011700e+00 3.791400e+00 -8.651100e-01 259 38 1.426600e+01 3.880000e+00 5.497900e+02 1.034100e+02 0
-1.554600e+00 7.965300e+00 3.994000e+00 -8.651100e-01 260 38 1.409300e+01 3.880000e+00 5.538900e+02 8.694800e+01 0
-1.424200e+00 8.223200e+00 3.665200e+00 -8.651100e-01 262 38 1.309700e+01 3.880000e+00 5.681400e+02 1.188000e+02 0
-7.939600e-01 9.291700e+00 4.039000e+00 -8.651100e-01 292 38 1.295100e+01 3.880000e+00 6.243500e+02 1.220800e+02 0
-1.729800e-01 9.192900e+00 6.166100e+00 -8.651100e-01 318 38 1.224300e+01 3.880000e+00 6.640100e+02 -1.655900e+01 0
-3.470500e-01 9.301300e+00 6.058100e+00 -8.651100e-01 319 38 1.217500e+01 3.880000e+00 6.528300e+02 -5.281000e+00 0
-4.351800e+00 1.014700e+01 -9.758000e-01 -8.651100e-01 320 38 1.216900e+01 3.880000e+00 4.123500e+02 4.397700e+02 0
-2.840500e+00 1.137400e+01 4.443300e+00 -8.651100e-01 360 38 1.306100e+01 3.880000e+00 5.249400e+02 1.455900e+02 0
-2.750200e+00 1.119200e+01 5.025000e+00 -8.651100e-01 361 38 1.273900e+01 3.880000e+00 5.271100e+02 1.115500e+02 0
-1.706900e+00 1.276700e+01 4.532400e+00 -8.651100e-01 392 38 1.256100e+01 3.880000e+00 5.980800e+02 1.641300e+02 0
-1.055900e-01 1.417000e+00 -2.653300e-01 -8.330700e-01 44 39 1.009800e+01 3.880000e+00 5.632000e+02 6.326700e+02 0
1.448000e+00 2.631900e+00 -3.642100e-01 -8.330700e-01 88 39 1.101200e+01 3.880000e+00 1.017900e+03 5.315300e+02 0
1.440600e+00 2.677600e+00 -3.679200e-01 -8.330700e-01 89 39 1.211600e+01 3.880000e+00 1.010300e+03 5.293700e+02 1
1.432700e+00 2.720800e+00 -3.714400e-01 -8.330700e-01 90 39 1.214500e+01 3.880000e+00 1.003100e+03 5.273900e+02 1
1.350500e+00 2.823500e+00 -3.798000e-01 -8.330700e-01 91 39 1.078900e+01 3.880000e+00 9.716900e+02 5.228000e+02 1
1.631600e+00 1.919500e+00 1.994100e+00 -8.330700e-01 93 39 1.040000e+01 3.880000e+00 1.175100e+03 -1.758200e+02 0
1.649300e+00 2.662300e+00 -3.666800e-01 -8.330700e-01 94 39 1.080900e+01 3.880000e+00 1.065500e+03 5.305800e+02 0
1.590100e+00 2.868900e+00 -3.834900e-01 -8.330700e-01 95 39 1.098300e+01 3.880000e+00 1.023500e+03 5.214800e+02 1
1.555200e+00 2.930100e+00 -3.884700e-01 -8.330700e-01 96 39 1.058400e+01 3.880000e+00 1.008300e+03 519 1
-2.184900e+00 4.744500e+00 -5.361400e-01 -8.330700e-01 155 39 1.021700e+01 3.880000e+00 3.779400e+02 4.733500e+02 0
-2.414100e+00 4.089500e+00 2.809900e+00 -8.330700e-01 159 39 1.040600e+01 3.880000e+00 2.985500e+02 3.962900e+00 0
-1.142100e+00 4.971000e+00 2.366200e+00 -8.330700e-01 162 39 1.169000e+01 3.880000e+00 5.236000e+02 1.159000e+02 0
-1.149200e+00 4.927800e+00 2.530600e+00 -8.330700e-01 163 39 1.205800e+01 3.880000e+00 5.211800e+02 9.412700e+01 0
-1.111800e+00 5.151000e+00 2.153100e+00 -8.330700e-01 164 39 1.098400e+01 3.880000e+00 5.331900e+02 1.488200e+02 0
-2.103000e+00 5.285100e+00 -5.801400e-01 -8.330700e-01 165 39 1.103700e+01 3.880000e+00 420 4.670900e+02 0
-2.386000e+00 5.234800e+00 -5.760500e-01 -8.330700e-01 166 39 1.269000e+01 3.880000e+00 3.835000e+02 4.674100e+02 0
-2.445700e+00 5.249700e+00 -5.772500e-01 -8.330700e-01 167 39 1.348100e+01 3.880000e+00 3.772600e+02 4.672000e+02 0
-2.460500e+00 5.287700e+00 -5.803500e-01 -8.330700e-01 168 39 1.336300e+01 3.880000e+00 3.777900e+02 4.667900e+02 0
-2.475200e+00 5.313200e+00 -5.824200e-01 -8.330700e-01 169 39 1.249700e+01 3.880000e+00 3.775800e+02 4.665100e+02 0
-2.582100e+00 5.289700e+00 -5.805100e-01 -8.330700e-01 170 39 1.210800e+01 3.880000e+00 3.635500e+02 4.666800e+02 0
-2.597400e+00 5.338500e+00 -5.844900e-01 -8.330700e-01 171 39 1.258500e+01 3.880000e+00 3.647800e+02 4.661600e+02 0
-2.519400e+00 5.412600e+00 -5.905200e-01 -8.330700e-01 172 39 1.302700e+01 3.880000e+00 3.782800e+02 4.654700e+02 0
-2.487200e+00 5.420400e+00 -5.911500e-01 -8.330700e-01 173 39 1.346600e+01 3.880000e+00 3.824400e+02 4.654200e+02 0
-2.265600e+00 5.346700e+00 1.668000e+00 -8.330700e-01 174 39 1.356800e+01 3.880000e+00 4.054100e+02 2.115600e+02 0
-2.738200e+00 5.803900e+00 2.060800e+00 -8.330700e-01 194 39 1.396400e+01 3.880000e+00 3.779800e+02 1.835100e+02 0
-2.851700e+00 6.321500e+00 -6.644900e-01 -8.330700e-01 202 39 1.317800e+01 3.880000e+00 3.907400e+02 4.575400e+02 0
-2.810800e+00 6.375000e+00 -6.688400e-01 -8.330700e-01 203 39 1.311800e+01 3.880000e+00 3.972900e+02 4.571800e+02 0
-2.411900e+00 7.024700e+00 2.098600e+00 -8.330700e-01 222 39 1.317800e+01 3.880000e+00 4.605900e+02 2.106100e+02 0
-2.120000e+00 6.892400e+00 2.847600e+00 -8.330700e-01 223 39 1.366500e+01 3.880000e+00 4.823500e+02 1.432300e+02 0
-1.947000e+00 6.920800e+00 2.993800e+00 -8.330700e-01 224 39 1.375900e+01 3.880000e+00 4.986000e+02 1.315100e+02 0
-2.016800e+00 7.005800e+00 2.836700e+00 -8.330700e-01 225 39 1.351800e+01 3.880000e+00 4.947900e+02 1.475300e+02 0
-1.080700e+00 6.468300e+00 4.817300e+00 -8.330700e-01 234 39 1.407700e+01 3.880000e+00 5.669900e+02 -4.968000e+01 0
-2.949400e+00 7.403000e+00 1.962400e+00 -8.330700e-01 236 39 1.378100e+01 3.880000e+00 4.274900e+02 2.294600e+02 0
-2.833200e+00 7.372800e+00 2.354700e+00 -8.330700e-01 237 39 1.380500e+01 3.880000e+00 4.362200e+02 1.973000e+02 0
-2.432900e+00 7.055400e+00 3.890900e+00 -8.330700e-01 242 39 1.340700e+01 3.880000e+00 4.599500e+02 6.195100e+01 0
-2.377000e+00 6.802200e+00 4.416700e+00 -8.330700e-01 243 39 1.331500e+01 3.880000e+00 4.565800e+02 6.252500e+00 0
-1.753000e+00 7.919500e+00 3.842400e+00 -8.330700e-01 258 39 1.257900e+01 3.880000e+00 5.376900e+02 9.682500e+01 0
-1.689400e+00 7.867500e+00 4.053600e+00 -8.330700e-01 259 39 1.324400e+01 3.880000e+00 5.416000e+02 7.931500e+01 0
-1.625300e+00 7.753300e+00 4.365600e+00 -8.330700e-01 260 39 1.311900e+01 3.880000e+00 5.444000e+02 5.166700e+01 0
-4.757500e+00 9.801500e+00 3.648500e+00 -8.330700e-01 330 39 1.208000e+01 3.880000e+00 3.787800e+02 1.604900e+02 0
-3.969000e+00 1.108600e+01 5.570000e+00 -8.330700e-01 374 39 1.210700e+01 3.880000e+00 4.581900e+02 8.144300e+01 0
-3.979600e+00 1.135000e+01 5.093400e+00 -8.330700e-01 375 39 1.204100e+01 3.880000e+00 4.629000e+02 1.122700e+02 0
1.471700e+00 2.633100e+00 -3.643000e-01 -8.010300e-01 88 40 1.050000e+01 3.880000e+00 1.023900e+03 5.315300e+02 0
1.440600e+00 2.686800e+00 -3.686700e-01 -8.010300e-01 89 40 1.161200e+01 3.880000e+00 1.009200e+03 5.289400e+02 1
1.432700e+00 2.733900e+00 -3.725000e-01 -8.010300e-01 90 40 1.164600e+01 3.880000e+00 1.001500e+03 5.268100e+02 1
1.424200e+00 2.801600e+00 -3.780200e-01 -8.010300e-01 91 40 1.054000e+01 3.880000e+00 9.917100e+02 5.238700e+02 1
1.725400e+00 2.539500e+00 -3.566800e-01 -8.010300e-01 94 40 1.051000e+01 3.880000e+00 1105 5.368500e+02 0
1.564500e+00 2.884500e+00 -3.847600e-01 -8.010300e-01 95 40 1.071500e+01 3.880000e+00 1.015600e+03 5.208000e+02 1
-2.455500e+00 4.251500e+00 1.826700e+00 -8.010300e-01 151 40 1.039900e+01 3.880000e+00 3.056100e+02 1.518600e+02 0
-2.307100e+00 4.633300e+00 -5.270900e-01 -8.010300e-01 152 40 1.022800e+01 3.880000e+00 3.538500e+02 4.747200e+02 0
-2.198000e+00 4.758100e+00 -5.372500e-01 -8.010300e-01 153 40 1.093300e+01 3.880000e+00 3.771200e+02 4.731600e+02 0
-2.295900e+00 4.552700e+00 1.597500e+00 -8.010300e-01 154 40 1.197000e+01 3.880000e+00 3.519000e+02 195 0
-2.310900e+00 4.427300e+00 1.995900e+00 -8.010300e-01 155 40 1.247400e+01 3.880000e+00 3.408400e+02 1.373500e+02 0
-2.199100e+00 4.389000e+00 2.280800e+00 -8.010300e-01 156 40 1.186800e+01 3.880000e+00 3.537100e+02 9.723600e+01 0
-1.939900e+00 4.020000e+00 3.244000e+00 -8.010300e-01 159 40 1.145400e+01 3.880000e+00 3.636400e+02 -6.537000e+01 0
-3.166800e+00 4.509800e+00 -5.170400e-01 -8.010300e-01 160 40 1.197400e+01 3.880000e+00 2.262700e+02 4.756300e+02 0
-2.837500e+00 4.770100e+00 -5.382200e-01 -8.010300e-01 161 40 1.291300e+01 3.880000e+00 2.943600e+02 4.724500e+02 0
-2.767400e+00 4.881700e+00 -5.473100e-01 -8.010300e-01 162 40 1.331400e+01 3.880000e+00 3.123900e+02 4.711200e+02 0
-2.784600e+00 4.924000e+00 -5.507500e-01 -8.010300e-01 163 40 1.316400e+01 3.880000e+00 3.134800e+02 4.705900e+02 0
-2.623900e+00 4.984100e+00 -5.556400e-01 -8.010300e-01 164 40 1.249100e+01 3.880000e+00 3.381100e+02 4.700200e+02 0
-2.701100e+00 5.076300e+00 -5.631500e-01 -8.010300e-01 166 40 1.317700e+01 3.880000e+00 3.350900e+02 4.688900e+02 0
-2.626900e+00 5.145800e+00 -5.688000e-01 -8.010300e-01 167 40 1.370600e+01 3.880000e+00 3.489100e+02 4.681800e+02 0
-2.597100e+00 5.197200e+00 -5.729900e-01 -8.010300e-01 168 40 1.323900e+01 3.880000e+00 3.558800e+02 4.676400e+02 0
-2.912500e+00 5.095800e+00 1.703200e+00 -8.010300e-01 176 40 1.385800e+01 3.880000e+00 3.137900e+02 2.007900e+02 0
-2.929200e+00 5.129400e+00 1.699700e+00 -8.010300e-01 177 40 1.393000e+01 3.880000e+00 3.142400e+02 2.022400e+02 0
-3.042400e+00 5.174000e+00 -5.710900e-01 -8.010300e-01 178 40 1.349200e+01 3.880000e+00 3.008500e+02 4.675500e+02 0
-2.918300e+00 5.622100e+00 2.090300e+00 -8.010300e-01 192 40 1.328800e+01 3.880000e+00 3.484400e+02 1.749500e+02 0
-2.881200e+00 5.738000e+00 1.932700e+00 -8.010300e-01 193 40 1.362200e+01 3.880000e+00 3.590800e+02 1.948100e+02 0
-2.843500e+00 5.771700e+00 2.008000e+00 -8.010300e-01 194 40 1.354500e+01 3.880000e+00 3.650500e+02 1.880300e+02 0
-2.851700e+00 6.176300e+00 1.731000e+00 -8.010300e-01 202 40 1.314800e+01 3.880000e+00 3.851800e+02 2.257900e+02 0
-2.921000e+00 6.126800e+00 1.922400e+00 -8.010300e-01 203 40 1.282000e+01 3.880000e+00 3.759300e+02 2.062400e+02 0
1.118600e-01 3.002900e+00 6.498100e+00 -8.010300e-01 206 40 1.224700e+01 3.880000e+00 6.627900e+02 -8.091800e+02 0
-2.529200e+00 6.377800e+00 2.164200e+00 -8.010300e-01 207 40 1.253600e+01 3.880000e+00 4.260400e+02 1.895100e+02 0
-1.748600e+00 6.753700e+00 3.301200e+00 -8.010300e-01 222 40 1.216700e+01 3.880000e+00 5.119200e+02 9.895000e+01 0
-1.877700e+00 6.794000e+00 3.228700e+00 -8.010300e-01 223 40 1.269800e+01 3.880000e+00 5.012900e+02 1.068900e+02 0
-2.007800e+00 6.688800e+00 3.446700e+00 -8.010300e-01 224 40 1.288300e+01 3.880000e+00 4.863400e+02 8.403200e+01 0
-2.322400e+00 6.537300e+00 3.614800e+00 -8.010300e-01 225 40 1.252100e+01 3.880000e+00 4.522000e+02 6.317900e+01 0
-2.757000e+00 7.213500e+00 2.778300e+00 -8.010300e-01 236 40 1.284500e+01 3.880000e+00 4.372400e+02 1.590100e+02 0
-2.640000e+00 7.271400e+00 2.843600e+00 -8.010300e-01 237 40 1.298100e+01 3.880000e+00 4.491300e+02 1.552100e+02 0
-1.208100e+00 4.435300e+00 7.257800e+00 -8.010300e-01 247 40 1.211000e+01 3.880000e+00 4.935700e+02 -5.328400e+02 0
-3.137600e+00 7.172600e+00 3.864800e+00 -8.010300e-01 251 40 1.202000e+01 3.880000e+00 4.037800e+02 6.973800e+01 0
-3.424100e+00 7.389900e+00 3.240800e+00 -8.010300e-01 252 40 1.177400e+01 3.880000e+00 3.882000e+02 1.276200e+02 0
-3.300300e+00 7.440200e+00 3.347200e+00 -8.010300e-01 253 40 1.166100e+01 3.880000e+00 4.004000e+02 1.206900e+02 0
-3.175300e+00 7.453900e+00 3.524900e+00 -8.010300e-01 254 40 1.153700e+01 3.880000e+00 4.112200e+02 1.070700e+02 0
-3.120700e+00 7.303800e+00 4.818000e+00 -8.010300e-01 267 40 1.164100e+01 3.880000e+00 4.106200e+02 -5.833900e-01 0
-3.205300e+00 6.856900e+00 5.445600e+00 -8.010300e-01 268 40 1.147900e+01 3.880000e+00 3.857400e+02 -7.544400e+01 0
-5.586400e+00 9.685300e+00 1.952200e+00 -8.010300e-01 326 40 1.228600e+01 3.880000e+00 3.220500e+02 2.616800e+02 0
-3.211900e+00 9.191800e+00 5.967400e+00 -8.010300e-01 328 40 1.200600e+01 3.880000e+00 4.612600e+02 -2.870000e-01 0
-4.295600e+00 9.887400e+00 3.873000e+00 -8.010300e-01 329 40 1.256700e+01 3.880000e+00 4.099900e+02 1.486000e+02 0
-4.937000e+00 9.930600e+00 3.004100e+00 -8.010300e-01 330 40 1.326300e+01 3.880000e+00 3.714800e+02 2.012600e+02 0
-5.132100e+00 9.871200e+00 3.006600e+00 -8.010300e-01 331 40 1.320800e+01 3.880000e+00 3.575500e+02 2.002700e+02 0
-4.647500e+00 9.303600e+00 5.282100e+00 -8.010300e-01 335 40 1.307200e+01 3.880000e+00 3.703500e+02 4.797100e+01 0
-5.027000e+00 9.388400e+00 4.843600e+00 -8.010300e-01 336 40 1.299800e+01 3.880000e+00 3.485600e+02 7.804900e+01 0
-4.911900e+00 9.936300e+00 5.396300e+00 -8.010300e-01 354 40 1.232200e+01 3.880000e+00 3.742500e+02 6.094500e+01 0
-5.022400e+00 9.802300e+00 5.615300e+00 -8.010300e-01 355 40 1.224900e+01 3.880000e+00 3.633400e+02 4.419700e+01 0
-5.148500e+00 1.017800e+01 6.072400e+00 -8.010300e-01 371 40 1.153300e+01 3.880000e+00 3.678600e+02 2.980500e+01 0
-4.757500e+00 1.032400e+01 6.216800e+00 -8.010300e-01 372 40 1.213700e+01 3.880000e+00 3.952100e+02 2.591900e+01 0
-4.465800e+00 1.051400e+01 6.188200e+00 -8.010300e-01 373 40 1.234000e+01 3.880000e+00 4.171700e+02 3.306200e+01 0
-4.376100e+00 1.082200e+01 5.781300e+00 -8.010300e-01 374 40 1.199700e+01 3.880000e+00 4.297500e+02 6.378900e+01 0
-4.306800e+00 1.123600e+01 5.997900e+00 -8.010300e-01 386 40 1.119200e+01 3.880000e+00 4.429800e+02 6.324600e+01 0
-4.107300e+00 1.162900e+01 5.442600e+00 -8.010300e-01 387 40 1.115800e+01 3.880000e+00 4.616100e+02 1.006700e+02 0
-2.463700e+00 3.593500e+00 -4.424600e-01 -7.689800e-01 130 41 1.054000e+01 3.880000e+00 2.284500e+02 4.927800e+02 0
-2.553800e+00 3.612500e+00 -4.440100e-01 -7.689800e-01 131 41 1.063100e+01 3.880000e+00 2.154700e+02 4.922300e+02 0
-2.665100e+00 3.756000e+00 -4.556900e-01 -7.689800e-01 133 41 1.047500e+01 3.880000e+00 2.153600e+02 4.890200e+02 0
-2.721600e+00 3.705800e+00 -4.516000e-01 -7.689800e-01 134 41 1.130300e+01 3.880000e+00 1.994900e+02 4.899900e+02 0
-2.705500e+00 3.725100e+00 -4.531700e-01 -7.689800e-01 135 41 1.146000e+01 3.880000e+00 2.047100e+02 4.896100e+02 0
-2.578300e+00 3.821000e+00 -4.609800e-01 -7.689800e-01 136 41 1.111100e+01 3.880000e+00 2.375200e+02 4.878100e+02 0
-2.411900e+00 3.984800e+00 -4.743100e-01 -7.689800e-01 137 41 1.074200e+01 3.880000e+00 2.821700e+02 4.848800e+02 0
-2.616500e+00 3.913600e+00 -4.685200e-01 -7.689800e-01 138 41 1.100500e+01 3.880000e+00 2.422500e+02 4.859700e+02 0
-2.745800e+00 4.111300e+00 1.507600e+00 -7.689800e-01 149 41 1.144200e+01 3.880000e+00 2.491500e+02 1.909000e+02 0
-2.683100e+00 4.181700e+00 1.546500e+00 -7.689800e-01 150 41 1.148900e+01 3.880000e+00 2.656700e+02 1.881500e+02 0
-2.619200e+00 4.235100e+00 1.626300e+00 -7.689800e-01 151 41 1.159700e+01 3.880000e+00 2.802800e+02 1.791100e+02 0
-2.719100e+00 4.221700e+00 1.610100e+00 -7.689800e-01 152 41 1.116500e+01 3.880000e+00 2.646000e+02 1.809500e+02 0
-2.337700e+00 4.456000e+00 1.797200e+00 -7.689800e-01 154 41 1.213100e+01 3.880000e+00 3.391400e+02 1.650400e+02 0
-2.310900e+00 4.323600e+00 2.211600e+00 -7.689800e-01 155 41 1.250900e+01 3.880000e+00 3.328600e+02 1.028800e+02 0
-3.146900e+00 4.529300e+00 -5.186300e-01 -7.689800e-01 159 41 1.301200e+01 3.880000e+00 2.309900e+02 4.753800e+02 0
-3.123500e+00 4.581100e+00 -5.228400e-01 -7.689800e-01 160 41 1.400200e+01 3.880000e+00 2.393500e+02 4.746800e+02 0
-3.055800e+00 4.635600e+00 -5.272800e-01 -7.689800e-01 161 41 1.423900e+01 3.880000e+00 2.536700e+02 4.740100e+02 0
-2.899200e+00 4.759600e+00 -5.373700e-01 -7.689800e-01 162 41 1.418800e+01 3.880000e+00 2.854500e+02 4.725200e+02 0
-2.873000e+00 4.850400e+00 -5.447600e-01 -7.689800e-01 163 41 1.390900e+01 3.880000e+00 2.964100e+02 4.714100e+02 0
-2.712800e+00 4.983500e+00 -5.555900e-01 -7.689800e-01 164 41 1.315300e+01 3.880000e+00 3.269600e+02 4.699500e+02 0
-2.819000e+00 4.744000e+00 1.533400e+00 -7.689800e-01 165 41 1.318700e+01 3.880000e+00 2.979600e+02 2.101200e+02 0
-3.533300e+00 5.035500e+00 1.975400e+00 -7.689800e-01 186 41 1.345900e+01 3.880000e+00 2.351000e+02 1.677900e+02 0
-3.552400e+00 5.060600e+00 1.991400e+00 -7.689800e-01 187 41 1.353000e+01 3.880000e+00 2.350700e+02 1.668900e+02 0
-3.334100e+00 5.072400e+00 2.502200e+00 -7.689800e-01 189 41 1.288400e+01 3.880000e+00 2.629900e+02 1.083200e+02 0
-3.455000e+00 4.976100e+00 2.620800e+00 -7.689800e-01 190 41 1.303200e+01 3.880000e+00 2.405400e+02 8.994500e+01 0
-3.439400e+00 5.352400e+00 2.003900e+00 -7.689800e-01 192 41 1.288600e+01 3.880000e+00 2.722300e+02 1.757800e+02 0
-3.457400e+00 5.292100e+00 2.236200e+00 -7.689800e-01 193 41 1.314300e+01 3.880000e+00 2.658700e+02 1.480300e+02 0
-3.475400e+00 5.333500e+00 2.214800e+00 -7.689800e-01 194 41 1.285900e+01 3.880000e+00 2.670300e+02 1.520100e+02 0
-3.069400e+00 7.194600e+00 3.878500e+00 -7.689800e-01 251 41 1.192600e+01 3.880000e+00 4.104100e+02 6.941500e+01 0
-3.835000e+00 7.610800e+00 2.051100e+00 -7.689800e-01 252 41 1.157700e+01 3.880000e+00 3.632400e+02 2.265500e+02 0
-3.106300e+00 6.945200e+00 4.492600e+00 -7.689800e-01 254 41 1.154100e+01 3.880000e+00 3.976100e+02 8.205900e+00 0
-4.763200e+00 7.420000e+00 5.723200e+00 -7.689800e-01 302 41 1.163300e+01 3.880000e+00 2.828500e+02 -62 0
-4.779000e+00 7.445500e+00 5.741200e+00 -7.689800e-01 303 41 1.144400e+01 3.880000e+00 2.829500e+02 -6.194900e+01 0
-5.517900e+00 8.686900e+00 3.984900e+00 -7.689800e-01 317 41 1.151500e+01 3.880000e+00 287 1.135000e+02 0
-4.090700e+00 8.980400e+00 5.170100e+00 -7.689800e-01 320 41 1.195000e+01 3.880000e+00 3.964900e+02 4.362800e+01 0
-4.278100e+00 9.191500e+00 4.701700e+00 -7.689800e-01 321 41 1.213000e+01 3.880000e+00 3.905700e+02 8.039000e+01 0
-5.167300e+00 9.402800e+00 3.249600e+00 -7.689800e-01 322 41 1.200100e+01 3.880000e+00 3.391000e+02 1.772700e+02 0
-5.534800e+00 9.404600e+00 2.715800e+00 -7.689800e-01 323 41 1.205400e+01 3.880000e+00 3.151000e+02 2.108200e+02 0
-4.847000e+00 9.353800e+00 4.032000e+00 -7.689800e-01 324 41 1.200800e+01 3.880000e+00 3.585100e+02 1.272400e+02 0
-5.586400e+00 9.580500e+00 2.414700e+00 -7.689800e-01 326 41 1.246400e+01 3.880000e+00 3.184000e+02 2.320700e+02 0
-4.738700e+00 8.905300e+00 5.856500e+00 -7.689800e-01 335 41 1.280200e+01 3.880000e+00 3.505800e+02 -2.465700e+00 0
-5.118400e+00 9.141500e+00 5.206500e+00 -7.689800e-01 336 41 1.264100e+01 3.880000e+00 3.337600e+02 4.784800e+01 0
-5.053500e+00 9.284100e+00 5.635400e+00 -7.689800e-01 344 41 1.202700e+01 3.880000e+00 3.435600e+02 2.588500e+01 0
-5.256000e+00 9.399300e+00 5.324900e+00 -7.689800e-01 345 41 1.212500e+01 3.880000e+00 3.345700e+02 4.905900e+01 0
-4.845600e+00 1.035200e+01 6.027000e+00 -7.689800e-01 371 41 1.122100e+01 3.880000e+00 3.907700e+02 3.742700e+01 0
-4.757500e+00 1.031800e+01 6.226800e+00 -7.689800e-01 372 41 1.167000e+01 3.880000e+00 3.950400e+02 2.517500e+01 0
-4.567300e+00 1.027800e+01 6.502400e+00 -7.689800e-01 373 41 1.170400e+01 3.880000e+00 4.051700e+02 8.304400e+00 0
-4.681400e+00 1.047700e+01 6.164700e+00 -7.689800e-01 374 41 1.120800e+01 3.880000e+00 4.037900e+02 3.344600e+01 0
-2.428500e+00 3.622500e+00 -4.448300e-01 -7.369400e-01 130 42 1.062400e+01 3.880000e+00 2.382000e+02 4.921800e+02 0
-2.660200e+00 3.596000e+00 -4.426700e-01 -7.369400e-01 131 42 1.137800e+01 3.880000e+00 195 4.924600e+02 0
-2.859300e+00 3.486600e+00 -4.337700e-01 -7.369400e-01 132 42 1.208800e+01 3.880000e+00 1.442500e+02 4.947000e+02 0
-2.845200e+00 3.526700e+00 -4.370300e-01 -7.369400e-01 133 42 1.245900e+01 3.880000e+00 1.529300e+02 4.937800e+02 0
-2.757800e+00 3.601400e+00 -4.431000e-01 -7.369400e-01 134 42 1.271500e+01 3.880000e+00 1.790100e+02 4.922100e+02 0
-2.778600e+00 3.601900e+00 -4.431500e-01 -7.369400e-01 135 42 1.233600e+01 3.880000e+00 1.755400e+02 4.921700e+02 0
-3.057200e+00 3.541500e+00 -4.382300e-01 -7.369400e-01 136 42 1.109600e+01 3.880000e+00 1.184600e+02 4.931500e+02 0
-2.691300e+00 3.823800e+00 -4.612000e-01 -7.369400e-01 138 42 1.165800e+01 3.880000e+00 2.195800e+02 4.876200e+02 0
-3.043200e+00 3.832300e+00 -4.619000e-01 -7.369400e-01 144 42 1.185600e+01 3.880000e+00 1.640400e+02 4.870200e+02 0
-3.025200e+00 3.853100e+00 -4.635900e-01 -7.369400e-01 145 42 1.217900e+01 3.880000e+00 1.697600e+02 4.866400e+02 0
-2.967100e+00 3.889000e+00 -4.665200e-01 -7.369400e-01 146 42 1.213400e+01 3.880000e+00 1.837600e+02 4.860200e+02 0
-3.555400e+00 3.658700e+00 -4.477700e-01 -7.369400e-01 158 42 1.227200e+01 3.880000e+00 5.364900e+01 4.899100e+02 0
-3.233100e+00 4.402400e+00 -5.083000e-01 -7.369400e-01 159 42 1.271300e+01 3.880000e+00 2.056800e+02 4.771200e+02 0
-3.123500e+00 4.582100e+00 -5.229200e-01 -7.369400e-01 160 42 1.379900e+01 3.880000e+00 2.394500e+02 4.746700e+02 0
-3.186800e+00 4.568200e+00 -5.217900e-01 -7.369400e-01 161 42 1.385000e+01 3.880000e+00 2.295200e+02 4.748000e+02 0
-2.459900e+00 4.274800e+00 -4.979100e-01 -7.369400e-01 162 42 1.265800e+01 3.880000e+00 3.030800e+02 4.798600e+02 0
-2.431000e+00 3.063400e+00 -3.993200e-01 -7.369400e-01 163 42 1.218700e+01 3.880000e+00 1.546900e+02 5.068600e+02 0
-3.425800e+00 4.706400e+00 -5.330400e-01 -7.369400e-01 173 42 1.330000e+01 3.880000e+00 2.117900e+02 4.727400e+02 0
-3.351300e+00 4.846800e+00 -5.444700e-01 -7.369400e-01 174 42 1.320700e+01 3.880000e+00 2.351100e+02 4.710500e+02 0
-3.323200e+00 4.853600e+00 1.524600e+00 -7.369400e-01 175 42 1.321600e+01 3.880000e+00 2.435700e+02 2.150100e+02 0
-3.294500e+00 4.899300e+00 1.579400e+00 -7.369400e-01 176 42 1.344400e+01 3.880000e+00 2.513200e+02 2.097300e+02 0
-3.409400e+00 4.868800e+00 1.565300e+00 -7.369400e-01 177 42 1.343300e+01 3.880000e+00 2.343000e+02 2.106000e+02 0
-3.533300e+00 4.963100e+00 2.150800e+00 -7.369400e-01 186 42 1.405200e+01 3.880000e+00 2.289600e+02 1.444000e+02 0
-3.603100e+00 4.995400e+00 2.063600e+00 -7.369400e-01 187 42 1.394800e+01 3.880000e+00 2.232800e+02 1.560300e+02 0
-3.351800e+00 5.057900e+00 2.598100e+00 -7.369400e-01 190 42 1.332000e+01 3.880000e+00 2.598500e+02 9.663500e+01 0
-3.509800e+00 5.272700e+00 2.200100e+00 -7.369400e-01 193 42 1.331900e+01 3.880000e+00 2.582800e+02 1.513300e+02 0
-3.141500e+00 5.026600e+00 3.825000e+00 -7.369400e-01 203 42 1.211100e+01 3.880000e+00 2.843900e+02 -4.562500e+01 0
-3.101600e+00 5.264000e+00 3.595800e+00 -7.369400e-01 204 42 1.224400e+01 3.880000e+00 3.063900e+02 -3.109500e+00 0
-2.949900e+00 5.567900e+00 3.324600e+00 -7.369400e-01 205 42 1.178900e+01 3.880000e+00 3.429500e+02 4.394500e+01 0
-2.894300e+00 5.401300e+00 4.692300e+00 -7.369400e-01 222 42 1.177700e+01 3.880000e+00 3.401400e+02 -1.102600e+02 0
-2.604500e+00 5.300500e+00 5.023000e+00 -7.369400e-01 223 42 1.177800e+01 3.880000e+00 3.666600e+02 -1.548600e+02 0
-3.287200e+00 6.324200e+00 5.102800e+00 -7.369400e-01 252 42 1.151200e+01 3.880000e+00 3.528800e+02 -7.989700e+01 0
-3.162700e+00 6.216400e+00 5.367000e+00 -7.369400e-01 253 42 1.154900e+01 3.880000e+00 3.593900e+02 -1.115700e+02 0
-4.763200e+00 7.317300e+00 5.854000e+00 -7.369400e-01 302 42 1.216000e+01 3.880000e+00 2.774900e+02 -7.777900e+01 0
-4.943800e+00 7.582500e+00 5.413000e+00 -7.369400e-01 303 42 1.230000e+01 3.880000e+00 2.767800e+02 -2.979500e+01 0
-5.290900e+00 7.588900e+00 5.137100e+00 -7.369400e-01 304 42 1.216900e+01 3.880000e+00 2.496200e+02 -8.280100e+00 0
-5.640100e+00 7.415700e+00 5.090300e+00 -7.369400e-01 305 42 1.163600e+01 3.880000e+00 2.117400e+02 -1.243200e+01 0
-5.690300e+00 8.572500e+00 3.990100e+00 -7.369400e-01 317 42 1.159200e+01 3.880000e+00 2.696800e+02 1.100900e+02 0
-2.731100e+00 3.562900e+00 -4.399700e-01 -7.049000e-01 131 43 1.111800e+01 3.880000e+00 1.781000e+02 4.931100e+02 0
-2.859300e+00 3.478500e+00 -4.331100e-01 -7.049000e-01 132 43 1.244400e+01 3.880000e+00 1.429800e+02 4.949000e+02 0
-2.881200e+00 3.482800e+00 -4.334500e-01 -7.049000e-01 133 43 1.272300e+01 3.880000e+00 1.397900e+02 4.947600e+02 0
-2.830400e+00 3.484200e+00 -4.335700e-01 -7.049000e-01 134 43 1.216200e+01 3.880000e+00 1.489800e+02 4.948000e+02 0
-2.888300e+00 3.338300e+00 1.553500e+00 -7.049000e-01 135 43 1.087100e+01 3.880000e+00 1.235800e+02 1.446000e+02 0
-3.130800e+00 3.524800e+00 -4.368700e-01 -7.049000e-01 136 43 1.077800e+01 3.880000e+00 1.029600e+02 4.934300e+02 0
-2.857200e+00 3.694300e+00 -4.506700e-01 -7.049000e-01 137 43 1.098600e+01 3.880000e+00 1.753500e+02 4.900600e+02 0
-3.094000e+00 3.644700e+00 -4.466300e-01 -7.049000e-01 141 43 1.237900e+01 3.880000e+00 1.284300e+02 4.908100e+02 0
-2.947700e+00 3.639900e+00 2.185700e+00 -7.049000e-01 149 43 1.293700e+01 3.880000e+00 1.620400e+02 6.135200e+01 0
-3.049000e+00 3.755000e+00 1.918500e+00 -7.049000e-01 150 43 1.339100e+01 3.880000e+00 1.608000e+02 1.116900e+02 0
-3.598200e+00 4.113200e+00 -4.847600e-01 -7.049000e-01 158 43 1.390000e+01 3.880000e+00 1.172900e+02 4.813000e+02 0
-3.664200e+00 4.109200e+00 -4.844300e-01 -7.049000e-01 159 43 1.365700e+01 3.880000e+00 1.069300e+02 4.812900e+02 0
-3.514200e+00 4.331300e+00 -5.025200e-01 -7.049000e-01 162 43 1.380200e+01 3.880000e+00 1.579000e+02 4.779000e+02 0
-3.536000e+00 4.345800e+00 -5.037000e-01 -7.049000e-01 163 43 1.379200e+01 3.880000e+00 1.566000e+02 4.776600e+02 0
-3.529400e+00 5.177200e+00 2.755500e+00 -7.049000e-01 197 43 1.274900e+01 3.880000e+00 2.492100e+02 8.522800e+01 0
-3.386200e+00 4.969300e+00 3.342500e+00 -7.049000e-01 198 43 1.293900e+01 3.880000e+00 2.496200e+02 5.846500e+00 0
-3.349400e+00 4.853900e+00 3.610600e+00 -7.049000e-01 199 43 1.297400e+01 3.880000e+00 2.445100e+02 -3.390000e+01 0
-3.420600e+00 4.943100e+00 3.487700e+00 -7.049000e-01 200 43 1.278700e+01 3.880000e+00 2.434900e+02 -1.268900e+01 0
-3.383200e+00 4.896400e+00 3.655700e+00 -7.049000e-01 201 43 1.240700e+01 3.880000e+00 2.442400e+02 -3.575400e+01 0
-3.235600e+00 4.719100e+00 4.066400e+00 -7.049000e-01 202 43 1.207000e+01 3.880000e+00 2.474500e+02 -9.974900e+01 0
-3.306800e+00 5.021100e+00 3.690500e+00 -7.049000e-01 203 43 1.225400e+01 3.880000e+00 2.640900e+02 -3.040000e+01 0
-3.489300e+00 5.299500e+00 3.162300e+00 -7.049000e-01 204 43 1.216600e+01 3.880000e+00 2.643700e+02 4.701500e+01 0
-3.766500e+00 5.667100e+00 5.525900e+00 -7.049000e-01 252 43 1.124100e+01 3.880000e+00 2.656100e+02 -1.693600e+02 0
-5.191000e+00 7.552500e+00 5.220000e+00 -7.049000e-01 303 43 1.174100e+01 3.880000e+00 2.555300e+02 -1.638500e+01 0
-5.704200e+00 7.401600e+00 4.965000e+00 -7.049000e-01 304 43 1.210200e+01 3.880000e+00 2.055600e+02 -3.402900e+00 0
-5.888900e+00 7.289600e+00 4.989700e+00 -7.049000e-01 305 43 1.198200e+01 3.880000e+00 1.834700e+02 -1.040200e+01 0
-5.788500e+00 7.837500e+00 4.877500e+00 -7.049000e-01 313 43 1.162300e+01 3.880000e+00 2.250800e+02 2.255700e+01 0
-5.977900e+00 7.938100e+00 4.553900e+00 -7.049000e-01 314 43 1.171300e+01 3.880000e+00 2.161800e+02 5.022000e+01 0
-2.737100e+00 3.660700e+00 -4.479300e-01 -6.728600e-01 133 44 1.078800e+01 3.880000e+00 1.908100e+02 4.909300e+02 0
-2.721600e+00 3.601400e+00 -4.431100e-01 -6.728600e-01 134 44 1.085500e+01 3.880000e+00 1.852300e+02 4.922500e+02 0
-2.504400e+00 1.064900e+00 3.935200e+00 -6.728600e-01 138 44 1.097000e+01 3.880000e+00 -6.962700e+02 -1.397800e+03 0
-3.109800e+00 3.538300e+00 -4.379800e-01 -6.728600e-01 140 44 1.211600e+01 3.880000e+00 1.088400e+02 4.931500e+02 0
-3.132200e+00 3.557800e+00 -4.395600e-01 -6.728600e-01 141 44 1.229700e+01 3.880000e+00 1.081600e+02 4.926800e+02 0
-2.848400e+00 3.487600e+00 2.316500e+00 -6.728600e-01 146 44 1.234600e+01 3.880000e+00 1.570800e+02 2.682900e+01 0
-3.107100e+00 3.694200e+00 1.642100e+00 -6.728600e-01 147 44 1.244100e+01 3.880000e+00 1.418700e+02 1.513500e+02 0
-3.008000e+00 3.818000e+00 1.652100e+00 -6.728600e-01 148 44 1.276100e+01 3.880000e+00 1.748700e+02 1.562900e+02 0
-2.988100e+00 3.775500e+00 1.879300e+00 -6.728600e-01 149 44 1.323000e+01 3.880000e+00 1.731200e+02 1.189300e+02 0
-2.967700e+00 3.754500e+00 2.042900e+00 -6.728600e-01 150 44 1.304900e+01 3.880000e+00 1.741100e+02 9.227100e+01 0
-3.555400e+00 4.166800e+00 -4.891300e-01 -6.728600e-01 158 44 1.441600e+01 3.880000e+00 1.309100e+02 4.804500e+02 0
-3.621100e+00 4.162000e+00 -4.887300e-01 -6.728600e-01 159 44 1.413500e+01 3.880000e+00 1.206200e+02 4.804600e+02 0
-3.536000e+00 4.305400e+00 -5.004000e-01 -6.728600e-01 163 44 1.361100e+01 3.880000e+00 1.516000e+02 4.782800e+02 0
-4.059300e+00 4.279100e+00 -4.982600e-01 -6.728600e-01 174 44 1.321400e+01 3.880000e+00 7.377800e+01 4.781500e+02 0
-4.035300e+00 4.392400e+00 -5.074800e-01 -6.728600e-01 175 44 1.281400e+01 3.880000e+00 9.287800e+01 4.764800e+02 0
-3.841600e+00 4.561800e+00 -5.212700e-01 -6.728600e-01 177 44 1.310500e+01 3.880000e+00 1.408000e+02 4.742800e+02 0
-4.008300e+00 4.466500e+00 -5.135200e-01 -6.728600e-01 178 44 1.385700e+01 3.880000e+00 1.064000e+02 4.754400e+02 0
-4.079500e+00 4.439000e+00 1.515400e+00 -6.728600e-01 179 44 1.371000e+01 3.880000e+00 1.003200e+02 2.036500e+02 0
-4.053600e+00 4.476600e+00 1.614500e+00 -6.728600e-01 180 44 1.259500e+01 3.880000e+00 1.089600e+02 1.919600e+02 0
-4.247000e+00 4.502300e+00 -5.164300e-01 -6.728600e-01 182 44 1.265400e+01 3.880000e+00 7.877800e+01 4.747200e+02 0
-3.349400e+00 4.817100e+00 3.659500e+00 -6.728600e-01 199 44 1.194800e+01 3.880000e+00 2.413200e+02 -4.256700e+01 0
-3.420600e+00 4.881200e+00 3.573800e+00 -6.728600e-01 200 44 1.208600e+01 3.880000e+00 2.381800e+02 -2.729800e+01 0
-3.492300e+00 4.886300e+00 3.565500e+00 -6.728600e-01 201 44 1.184700e+01 3.880000e+00 2.298800e+02 -2.577100e+01 0
-3.345300e+00 5.398700e+00 2.989600e+00 -6.728600e-01 202 44 1.148500e+01 3.880000e+00 2.877600e+02 7.082600e+01 0
-3.582400e+00 5.670600e+00 2.185700e+00 -6.728600e-01 203 44 1.144300e+01 3.880000e+00 2.802900e+02 1.672900e+02 0
-5.502900e+00 6.604500e+00 -6.875200e-01 -6.728600e-01 250 44 1.125100e+01 3.880000e+00 1.562300e+02 4.541400e+02 0
-5.388600e+00 6.306400e+00 2.723900e+00 -6.728600e-01 251 44 1.207600e+01 3.880000e+00 1.496700e+02 1.384000e+02 0
-5.410100e+00 6.159800e+00 3.102500e+00 -6.728600e-01 252 44 1.187800e+01 3.880000e+00 1.359800e+02 9.786800e+01 0
-6.986800e+00 6.659500e+00 3.180500e+00 -6.728600e-01 292 44 1.113700e+01 3.880000e+00 3.668400e+01 112 0
-6.851500e+00 6.760200e+00 3.368600e+00 -6.728600e-01 293 44 1.135400e+01 3.880000e+00 5.827800e+01 9.947300e+01 0
-6.635200e+00 7.016400e+00 3.383800e+00 -6.728600e-01 294 44 1.168400e+01 3.880000e+00 9.869400e+01 1.071800e+02 0
-6.738000e+00 7.095600e+00 3.110100e+00 -6.728600e-01 295 44 1.153400e+01 3.880000e+00 9.591400e+01 1.321900e+02 0
-6.118400e+00 7.450500e+00 4.011600e+00 -6.728600e-01 300 44 1.166500e+01 3.880000e+00 1.742100e+02 7.247100e+01 0
-6.138900e+00 7.208600e+00 4.485300e+00 -6.728600e-01 301 44 1.209100e+01 3.880000e+00 1.566800e+02 2.569400e+01 0
-5.830800e+00 7.275700e+00 4.854400e+00 -6.728600e-01 302 44 1.190800e+01 3.880000e+00 1.870400e+02 -6.245200e-01 0
-5.438200e+00 7.156400e+00 5.517900e+00 -6.728600e-01 303 44 1.150000e+01 3.880000e+00 2.123800e+02 -5.948500e+01 0
-6.293800e+00 7.305900e+00 5.366500e+00 -6.728600e-01 317 44 1.095700e+01 3.880000e+00 1.526200e+02 -3.809900e+01 0
-6.486700e+00 6.857700e+00 5.784000e+00 -6.728600e-01 318 44 1.084100e+01 3.880000e+00 1.036000e+02 -9.656400e+01 0
9.003700e-03 3.839600e-01 -1.812500e-01 -6.408200e-01 12 45 9.744000e+00 3.880000e+00 3.603500e+02 1.374100e+03 0
3.274100e-03 4.185400e-01 -1.840600e-01 -6.408200e-01 13 45 9.902100e+00 3.880000e+00 3.834600e+02 1.276800e+03 0
-2.774200e+00 2.881700e+00 1.659100e+00 -6.408200e-01 125 45 9.907300e+00 3.880000e+00 6.030200e+01 8.976400e+01 0
-2.910600e+00 2.672100e+00 2.014900e+00 -6.408200e-01 128 45 1.045700e+01 3.880000e+00 -1.504800e+01 -6.544000e+00 0
-2.863700e+00 3.016700e+00 1.637400e+00 -6.408200e-01 129 45 1.045900e+01 3.880000e+00 7.000300e+01 1.059700e+02 0
-2.815700e+00 3.225400e+00 -4.125100e-01 -6.408200e-01 130 45 1.029000e+01 3.880000e+00 1.083200e+02 5.014600e+02 0
-2.908500e+00 3.029100e+00 1.725500e+00 -6.408200e-01 131 45 1.057800e+01 3.880000e+00 6.418300e+01 9.025000e+01 0
-2.966600e+00 3.055900e+00 1.670700e+00 -6.408200e-01 132 45 1.112800e+01 3.880000e+00 5.793700e+01 1.030900e+02 0
-3.061200e+00 3.062700e+00 1.581100e+00 -6.408200e-01 133 45 1.090400e+01 3.880000e+00 4.044900e+01 1.208300e+02 0
-3.199300e+00 3.073200e+00 2.293500e+00 -6.408200e-01 144 45 1.190100e+01 3.880000e+00 2.038400e+01 -1.097300e+01 0
-2.967100e+00 3.404700e+00 2.290700e+00 -6.408200e-01 146 45 1.189000e+01 3.880000e+00 1.237000e+02 2.367400e+01 0
-2.987600e+00 3.346200e+00 2.423900e+00 -6.408200e-01 147 45 1.198700e+01 3.880000e+00 1.110900e+02 -4.686000e+00 0
-3.008000e+00 3.516700e+00 2.222500e+00 -6.408200e-01 148 45 1.230900e+01 3.880000e+00 1.340200e+02 4.532100e+01 0
-3.028500e+00 3.619800e+00 2.107200e+00 -6.408200e-01 149 45 1.235600e+01 3.880000e+00 1.456100e+02 7.244400e+01 0
-3.405000e+00 4.135300e+00 -4.865600e-01 -6.408200e-01 157 45 1.340200e+01 3.880000e+00 1.489000e+02 4.811300e+02 0
-3.426800e+00 4.136800e+00 -4.866800e-01 -6.408200e-01 158 45 1.340300e+01 3.880000e+00 1.458600e+02 4.810900e+02 0
-4.121200e+00 3.702500e+00 -4.513300e-01 -6.408200e-01 160 45 1.292900e+01 3.880000e+00 -3.131900e+01 4.882800e+02 0
-4.278100e+00 3.580500e+00 -4.414000e-01 -6.408200e-01 161 45 1.295900e+01 3.880000e+00 -8.187500e+01 4.906400e+02 0
-4.027100e+00 4.002700e+00 -4.757700e-01 -6.408200e-01 165 45 1.374600e+01 3.880000e+00 3.646200e+01 4.827200e+02 0
-4.096700e+00 3.996300e+00 -4.752500e-01 -6.408200e-01 166 45 1.377900e+01 3.880000e+00 2.489800e+01 4.827500e+02 0
-3.985600e+00 4.269800e+00 1.913900e+00 -6.408200e-01 177 45 1.296300e+01 3.880000e+00 9.211100e+01 1.431300e+02 0
-4.104900e+00 4.339800e+00 1.589300e+00 -6.408200e-01 178 45 1.376600e+01 3.880000e+00 8.396600e+01 1.902200e+02 0
-4.176600e+00 4.369200e+00 -5.056000e-01 -6.408200e-01 179 45 1.380700e+01 3.880000e+00 7.009700e+01 4.766800e+02 0
-4.297700e+00 4.289000e+00 -4.990700e-01 -6.408200e-01 180 45 1.331100e+01 3.880000e+00 4.150200e+01 4.777600e+02 0
-4.370900e+00 4.215500e+00 1.625100e+00 -6.408200e-01 181 45 1.344000e+01 3.880000e+00 2.931100e+01 1.807200e+02 0
-4.395200e+00 4.271200e+00 1.548000e+00 -6.408200e-01 182 45 1.343100e+01 3.880000e+00 3.397400e+01 1.935200e+02 0
-4.469100e+00 4.294400e+00 -4.995100e-01 -6.408200e-01 183 45 1.251600e+01 3.880000e+00 1.820700e+01 4.775100e+02 0
-4.891200e+00 4.257200e+00 2.299000e+00 -6.408200e-01 198 45 1.138500e+01 3.880000e+00 -3.313900e+01 9.200200e+01 0
-3.729200e+00 5.098100e+00 3.062200e+00 -6.408200e-01 202 45 1.139300e+01 3.880000e+00 2.197200e+02 4.675800e+01 0
-3.635600e+00 5.373400e+00 3.027300e+00 -6.408200e-01 206 45 1.132400e+01 3.880000e+00 2.535400e+02 6.593800e+01 0
-2.794100e+00 6.601100e+00 -6.872400e-01 -6.408200e-01 210 45 1.111900e+01 3.880000e+00 409 4.556300e+02 0
-5.525000e+00 5.774500e+00 3.515300e+00 -6.408200e-01 251 45 1.186600e+01 3.880000e+00 8.971100e+01 4.032600e+01 0
-5.615600e+00 5.709600e+00 3.564300e+00 -6.408200e-01 252 45 1.169400e+01 3.880000e+00 7.400100e+01 3.212300e+01 0
-6.589900e+00 7.204900e+00 2.818400e+00 -6.408200e-01 292 45 1.163500e+01 3.880000e+00 1.161900e+02 1.587800e+02 0
-6.612500e+00 6.956300e+00 3.446000e+00 -6.408200e-01 293 45 1.249900e+01 3.880000e+00 9.583000e+01 9.990800e+01 0
-6.715100e+00 6.833500e+00 3.593800e+00 -6.408200e-01 294 45 1.293000e+01 3.880000e+00 7.706600e+01 8.315000e+01 0
-6.738000e+00 6.914300e+00 3.494700e+00 -6.408200e-01 295 45 1.279800e+01 3.880000e+00 8.177900e+01 9.450000e+01 0
-7.163400e+00 6.834900e+00 2.847600e+00 -6.408200e-01 296 45 1.154000e+01 3.880000e+00 3.680600e+01 1.463000e+02 0
-6.748400e+00 6.858500e+00 3.965900e+00 -6.408200e-01 299 45 1.153200e+01 3.880000e+00 7.725600e+01 5.323300e+01 0
-6.607900e+00 6.857300e+00 4.283600e+00 -6.408200e-01 300 45 1.195900e+01 3.880000e+00 8.989900e+01 2.666400e+01 0
-6.548100e+00 6.730500e+00 4.646400e+00 -6.408200e-01 301 45 1.220100e+01 3.880000e+00 8.512000e+01 -9.914400e+00 0
-6.487800e+00 6.429800e+00 5.202500e+00 -6.408200e-01 302 45 1.159200e+01 3.880000e+00 6.503400e+01 -7.497400e+01 0
-5.603000e+00 7.306900e+00 5.143100e+00 -6.408200e-01 303 45 1.098600e+01 3.880000e+00 2.079700e+02 -2.191000e+01 0
-5.538900e+00 7.185900e+00 5.445900e+00 -6.408200e-01 304 45 1.075200e+01 3.880000e+00 2.059000e+02 -5.199900e+01 0
-5.806000e+00 6.653200e+00 5.894000e+00 -6.408200e-01 305 45 1.083800e+01 3.880000e+00 1.462100e+02 -1.205600e+02 0
-6.324400e+00 6.661200e+00 5.393200e+00 -6.408200e-01 306 45 1.119300e+01 3.880000e+00 1.004300e+02 -7.694900e+01 0
-6.679100e+00 6.907500e+00 4.677400e+00 -6.408200e-01 307 45 1.095500e+01 3.880000e+00 8.894000e+01 -3.174100e+00 0
1.200500e-02 3.837400e-01 -1.812300e-01 -6.087800e-01 12 46 1.070300e+01 3.880000e+00 3.661800e+02 1.375100e+03 0
6.548100e-03 4.182100e-01 -1.840400e-01 -6.087800e-01 13 46 1.083800e+01 3.880000e+00 3.891200e+02 1278 0
3.546900e-03 4.506400e-01 -1.866800e-01 -6.087800e-01 14 46 9.924500e+00 3.880000e+00 4.104000e+02 1.203100e+03 0
-2.751800e+00 2.622000e+00 2.001000e+00 -6.087800e-01 124 46 1.025400e+01 3.880000e+00 7.364900e+00 -1.097700e+01 0
-2.875700e+00 2.597000e+00 1.933600e+00 -6.087800e-01 125 46 1.064900e+01 3.880000e+00 -2.744600e+01 8.889200e-01 0
-3.069400e+00 2.410200e+00 1.956100e+00 -6.087800e-01 126 46 1.025300e+01 3.880000e+00 -1.272600e+02 -3.015100e+01 0
-2.990900e+00 1.548500e+00 2.831900e+00 -6.087800e-01 127 46 9.951500e+00 3.880000e+00 -5.016500e+02 -5.342900e+02 0
-2.979900e+00 2.705100e+00 1.863800e+00 -6.087800e-01 128 46 1.107000e+01 3.880000e+00 -2.289100e+01 2.989300e+01 0
-3.073300e+00 2.779800e+00 1.676400e+00 -6.087800e-01 129 46 1.143500e+01 3.880000e+00 -2.548000e+01 7.744800e+01 0
-3.097300e+00 2.737500e+00 1.791400e+00 -6.087800e-01 130 46 1.141500e+01 3.880000e+00 -4.043300e+01 4.921000e+01 0
-3.192200e+00 2.489200e+00 2.055600e+00 -6.087800e-01 131 46 1.151700e+01 3.880000e+00 -1.299800e+02 -4.026200e+01 0
-3.252500e+00 2.255800e+00 2.294100e+00 -6.087800e-01 132 46 1.122300e+01 3.880000e+00 -2.229700e+02 -1.381200e+02 0
-3.099400e+00 3.223500e+00 2.143700e+00 -6.087800e-01 143 46 1.229500e+01 3.880000e+00 6.792800e+01 3.191200e+01 0
-3.238300e+00 3.259200e+00 1.957300e+00 -6.087800e-01 144 46 1.258400e+01 3.880000e+00 4.839300e+01 6.861200e+01 0
-3.378800e+00 3.297300e+00 1.732600e+00 -6.087800e-01 145 46 1.191300e+01 3.880000e+00 2.917400e+01 1.115200e+02 0
-3.585100e+00 2.964800e+00 2.086800e+00 -6.087800e-01 147 46 1.243900e+01 3.880000e+00 -8.040700e+01 1.698300e+01 0
-3.449200e+00 3.058500e+00 2.259200e+00 -6.087800e-01 148 46 1.265300e+01 3.880000e+00 -3.067800e+01 -5.393500e+00 0
-3.966000e+00 3.815700e+00 -4.605400e-01 -6.087800e-01 159 46 1.309200e+01 3.880000e+00 1.440600e+01 4.862300e+02 0
-4.034500e+00 3.782600e+00 -4.578500e-01 -6.087800e-01 160 46 1.347300e+01 3.880000e+00 -2.382400e+00 4.867900e+02 0
-4.147100e+00 3.691700e+00 -4.504500e-01 -6.087800e-01 161 46 1.306900e+01 3.880000e+00 -3.762600e+01 4.884700e+02 0
-4.129100e+00 3.725100e+00 -4.531800e-01 -6.087800e-01 162 46 1.293100e+01 3.880000e+00 -2.825700e+01 4.878100e+02 0
-4.154800e+00 3.712400e+00 -4.521400e-01 -6.087800e-01 163 46 1.309300e+01 3.880000e+00 -3.483800e+01 4.880300e+02 0
-4.136000e+00 3.814900e+00 -4.604800e-01 -6.087800e-01 164 46 1.345500e+01 3.880000e+00 -1.261400e+01 4.860400e+02 0
-4.161300e+00 3.861400e+00 -4.642700e-01 -6.087800e-01 165 46 1.398900e+01 3.880000e+00 -8.205500e+00 4.851200e+02 0
-4.186700e+00 3.896300e+00 -4.671100e-01 -6.087800e-01 166 46 1.407500e+01 3.880000e+00 -5.943900e+00 4.844500e+02 0
-4.212100e+00 3.897000e+00 -4.671700e-01 -6.087800e-01 167 46 1.377400e+01 3.880000e+00 -9.743700e+00 4.844000e+02 0
-4.191900e+00 3.873000e+00 -4.652100e-01 -6.087800e-01 168 46 1.335700e+01 3.880000e+00 -1.089200e+01 4.848700e+02 0
-4.225700e+00 3.831100e+00 2.290400e+00 -6.087800e-01 177 46 1.256300e+01 3.880000e+00 -9.109100e+00 6.315200e+01 0
-4.249700e+00 4.024800e+00 1.987700e+00 -6.087800e-01 178 46 1.268400e+01 3.880000e+00 1.841600e+01 1.201900e+02 0
-4.273700e+00 4.171900e+00 1.724400e+00 -6.087800e-01 179 46 1.229900e+01 3.880000e+00 3.679900e+01 1.649400e+02 0
-4.200100e+00 4.259600e+00 1.814900e+00 -6.087800e-01 180 46 1.187500e+01 3.880000e+00 6.047500e+01 1.564300e+02 0
-4.174400e+00 4.229200e+00 2.050400e+00 -6.087800e-01 181 46 1.236700e+01 3.880000e+00 6.063400e+01 1.227500e+02 0
-4.345800e+00 4.221000e+00 1.803800e+00 -6.087800e-01 182 46 1.237100e+01 3.880000e+00 3.443400e+01 1.563500e+02 0
-4.518700e+00 3.965800e+00 2.062200e+00 -6.087800e-01 183 46 1.163500e+01 3.880000e+00 -3.064500e+01 1.064400e+02 0
-3.990500e+00 5.677400e+00 1.897300e+00 -6.087800e-01 207 46 1.093600e+01 3.880000e+00 2.368700e+02 1.977000e+02 0
-5.360200e+00 4.933500e+00 -5.515200e-01 -6.087800e-01 210 46 1.092400e+01 3.880000e+00 -4.619100e+00 4.683700e+02 0
-6.669300e+00 6.700200e+00 3.729500e+00 -6.087800e-01 292 46 1.123500e+01 3.880000e+00 6.969300e+01 6.624800e+01 0
-6.612500e+00 6.786200e+00 3.770100e+00 -6.087800e-01 293 46 1.197500e+01 3.880000e+00 8.225200e+01 6.633900e+01 0
-6.715100e+00 6.662300e+00 3.902000e+00 -6.087800e-01 294 46 1.258700e+01 3.880000e+00 6.271600e+01 4.997100e+01 0
-6.738000e+00 6.683200e+00 3.918400e+00 -6.087800e-01 295 46 1.261700e+01 3.880000e+00 6.263500e+01 4.953900e+01 0
-6.760900e+00 6.714500e+00 3.917200e+00 -6.087800e-01 296 46 1.186400e+01 3.880000e+00 6.343500e+01 5.106100e+01 0
-7.073600e+00 5.797200e+00 4.966400e+00 -6.087800e-01 299 46 1.125600e+01 3.880000e+00 -5.815800e+01 -9.580300e+01 0
-6.934200e+00 6.086900e+00 4.889100e+00 -6.087800e-01 300 46 1.150500e+01 3.880000e+00 -1.156600e+01 -6.853300e+01 0
-6.957400e+00 6.138800e+00 4.865900e+00 -6.087800e-01 301 46 1.146100e+01 3.880000e+00 -8.199800e+00 -6.295600e+01 0
-6.980600e+00 6.144800e+00 4.900300e+00 -6.087800e-01 302 46 1.088800e+01 3.880000e+00 -9.616300e+00 -6.563300e+01 0
-7.180000e+00 6.693100e+00 4.225200e+00 -6.087800e-01 307 46 1.046400e+01 3.880000e+00 2.581000e+01 2.465300e+01 0
2.182700e-02 3.480600e-01 -1.783300e-01 -5.767400e-01 11 47 1.004400e+01 3.880000e+00 3.458400e+02 1.502100e+03 0
2.100900e-02 3.834700e-01 -1.812100e-01 -5.767400e-01 12 47 1.115600e+01 3.880000e+00 3.841400e+02 1.376900e+03 0
1.964400e-02 4.184100e-01 -1.840500e-01 -5.767400e-01 13 47 1.116800e+01 3.880000e+00 4.131700e+02 1.278700e+03 0
1.418800e-02 4.526100e-01 -1.868400e-01 -5.767400e-01 14 47 1.003800e+01 3.880000e+00 4.295300e+02 1.199800e+03 0
-2.875700e+00 2.424800e+00 2.145700e+00 -5.767400e-01 125 47 1.028300e+01 3.880000e+00 -7.444200e+01 -7.301200e+01 0
-3.001200e+00 2.483900e+00 1.969700e+00 -5.767400e-01 126 47 1.059700e+01 3.880000e+00 -8.795600e+01 -2.248900e+01 0
-3.094000e+00 2.144300e+00 2.278600e+00 -5.767400e-01 127 47 1.043000e+01 3.880000e+00 -226 -1.597200e+02 0
-3.049200e+00 2.414300e+00 2.131800e+00 -5.767400e-01 128 47 1.104400e+01 3.880000e+00 -1.193300e+02 -7.062900e+01 0
-3.108200e+00 2.506100e+00 2.010300e+00 -5.767400e-01 129 47 1.184600e+01 3.880000e+00 -1.057500e+02 -2.791000e+01 0
-3.132500e+00 2.410600e+00 2.161700e+00 -5.767400e-01 130 47 1.204900e+01 3.880000e+00 -1.401200e+02 -7.775100e+01 0
-3.156700e+00 2.333700e+00 2.280500e+00 -5.767400e-01 131 47 1.188400e+01 3.880000e+00 -1.707800e+02 -1.197200e+02 0
-3.216800e+00 2.131800e+00 2.457300e+00 -5.767400e-01 132 47 1.129300e+01 3.880000e+00 -2.612800e+02 -2.077500e+02 0
-3.199300e+00 3.262600e+00 2.015100e+00 -5.767400e-01 144 47 1.167000e+01 3.880000e+00 5.640200e+01 5.863000e+01 0
-3.771700e+00 2.471900e+00 2.225800e+00 -5.767400e-01 145 47 1.123500e+01 3.880000e+00 -2.676900e+02 -7.843400e+01 0
-3.837500e+00 2.873200e+00 1.631300e+00 -5.767400e-01 146 47 1.313200e+01 3.880000e+00 -1.587300e+02 9.755900e+01 0
-3.863900e+00 3.000400e+00 -3.941900e-01 -5.767400e-01 147 47 1.367100e+01 3.880000e+00 -1.464300e+02 5.063100e+02 0
-3.770100e+00 3.096500e+00 1.597900e+00 -5.767400e-01 148 47 1.329000e+01 3.880000e+00 -8.732000e+01 1.218800e+02 0
-3.432300e+00 3.022300e+00 2.408200e+00 -5.767400e-01 149 47 1.234400e+01 3.880000e+00 -3.465000e+01 -3.753200e+01 0
-4.034500e+00 3.771400e+00 -4.569400e-01 -5.767400e-01 160 47 1.265600e+01 3.880000e+00 -4.404100e+00 4.870100e+02 0
-4.103500e+00 3.789000e+00 -4.583800e-01 -5.767400e-01 161 47 1.317600e+01 3.880000e+00 -1.219600e+01 4.865800e+02 0
-4.217000e+00 3.711200e+00 -4.520400e-01 -5.767400e-01 162 47 1.365200e+01 3.880000e+00 -4.515800e+01 4.879800e+02 0
-4.287400e+00 3.676700e+00 -4.492400e-01 -5.767400e-01 163 47 1.355200e+01 3.880000e+00 -6.345400e+01 4.886000e+02 0
-4.313800e+00 3.679900e+00 -4.494900e-01 -5.767400e-01 164 47 1.328700e+01 3.880000e+00 -6.713100e+01 4.885000e+02 0
-4.340300e+00 3.667700e+00 -4.485000e-01 -5.767400e-01 165 47 1.358100e+01 3.880000e+00 -7.393000e+01 4.887200e+02 0
-4.411800e+00 3.630400e+00 -4.454700e-01 -5.767400e-01 166 47 1.386400e+01 3.880000e+00 -9.344600e+01 4.894000e+02 0
-4.483800e+00 3.594900e+00 -4.425800e-01 -5.767400e-01 167 47 1.355400e+01 3.880000e+00 -1.130400e+02 4.900600e+02 0
-4.556400e+00 3.550600e+00 -4.389700e-01 -5.767400e-01 168 47 1.246200e+01 3.880000e+00 -1.350800e+02 4.909200e+02 0
-5.107000e+00 4.190100e+00 -4.910200e-01 -5.767400e-01 192 47 1.114100e+01 3.880000e+00 -8.957700e+01 4.784600e+02 0
-5.683800e+00 4.579400e+00 4.662200e+00 -5.767400e-01 249 47 1.082600e+01 3.880000e+00 -7.355300e+01 -1.771200e+02 0
-5.706700e+00 5.256200e+00 3.927400e+00 -5.767400e-01 250 47 1.097600e+01 3.880000e+00 1.441200e+01 -3.361600e+01 0
-5.797800e+00 5.690700e+00 3.198100e+00 -5.767400e-01 251 47 1.101900e+01 3.880000e+00 5.219100e+01 6.800300e+01 0
-5.684000e+00 6.289500e+00 2.229700e+00 -5.767400e-01 252 47 1.099400e+01 3.880000e+00 1.192200e+02 1.836700e+02 0
-5.087900e+00 7.180800e+00 -7.344200e-01 -5.767400e-01 253 47 1.057800e+01 3.880000e+00 2.340900e+02 4.509700e+02 0
-7.034900e+00 5.888700e+00 4.532000e+00 -5.767400e-01 294 47 1.130800e+01 3.880000e+00 -4.496500e+01 -4.819900e+01 0
-6.898400e+00 5.945500e+00 4.741700e+00 -5.767400e-01 295 47 1.131800e+01 3.880000e+00 -2.439800e+01 -6.445700e+01 0
-6.841400e+00 5.837000e+00 5.026300e+00 -5.767400e-01 296 47 1.118700e+01 3.880000e+00 -3.034900e+01 -9.910400e+01 0
2.728400e-02 3.468700e-01 -1.782300e-01 -5.447000e-01 11 48 9.926200e+00 3.880000e+00 3.568700e+02 1.507700e+03 0
3.001200e-02 3.828800e-01 -1.811600e-01 -5.447000e-01 12 48 1.098300e+01 3.880000e+00 4.018600e+02 1.379800e+03 0
2.946700e-02 4.179800e-01 -1.840200e-01 -5.447000e-01 13 48 1.089800e+01 3.880000e+00 4.307700e+02 1.280600e+03 0
2.482800e-02 4.530900e-01 -1.868800e-01 -5.447000e-01 14 48 9.695600e+00 3.880000e+00 4.475200e+02 1.199600e+03 0
-3.143100e+00 2.346100e+00 2.144500e+00 -5.447000e-01 129 48 1.132200e+01 3.880000e+00 -1.646100e+02 -8.504600e+01 0
-3.167700e+00 2.249000e+00 2.281200e+00 -5.447000e-01 130 48 1.174900e+01 3.880000e+00 -2.042500e+02 -1.369400e+02 0
-3.192200e+00 2.117100e+00 2.437100e+00 -5.447000e-01 131 48 1.125600e+01 3.880000e+00 -2.612000e+02 -2.064300e+02 0
-3.968200e+00 2.676700e+00 1.542500e+00 -5.447000e-01 145 48 1.157600e+01 3.880000e+00 -2.474500e+02 9.836400e+01 0
-3.916600e+00 2.868500e+00 -3.834600e-01 -5.447000e-01 146 48 1.283200e+01 3.880000e+00 -1.952600e+02 5.104900e+02 0
-3.903800e+00 3.009400e+00 -3.949300e-01 -5.447000e-01 147 48 1.318400e+01 3.880000e+00 -1.518600e+02 5.059600e+02 0
-3.850300e+00 3.135500e+00 -4.051900e-01 -5.447000e-01 148 48 1.263100e+01 3.880000e+00 -1.082400e+02 5.023200e+02 0
-3.634200e+00 3.209700e+00 1.790300e+00 -5.447000e-01 149 48 1.114600e+01 3.880000e+00 -3.471500e+01 9.521700e+01 0
-4.429800e+00 3.571300e+00 -4.406600e-01 -5.447000e-01 165 48 1.230600e+01 3.880000e+00 -1.092300e+02 4.906400e+02 0
-4.501800e+00 3.518100e+00 -4.363200e-01 -5.447000e-01 166 48 1.312800e+01 3.880000e+00 -1.333500e+02 4.917200e+02 0
-4.574400e+00 3.471200e+00 -4.325100e-01 -5.447000e-01 167 48 1.311700e+01 3.880000e+00 -1.567000e+02 4.926700e+02 0
-4.647500e+00 3.419900e+00 -4.283300e-01 -5.447000e-01 168 48 1.260200e+01 3.880000e+00 -1.818800e+02 4.937600e+02 0
-4.537800e+00 3.448900e+00 -4.306900e-01 -5.447000e-01 169 48 1.235500e+01 3.880000e+00 -1.558000e+02 4.932400e+02 0
-4.472600e+00 3.437500e+00 1.735800e+00 -5.447000e-01 170 48 1.225800e+01 3.880000e+00 -1.312300e+02 1.231400e+02 0
-5.102100e+00 3.637100e+00 1.841100e+00 -5.447000e-01 188 48 1.208700e+01 3.880000e+00 -1.874300e+02 1.203300e+02 0
-5.231900e+00 3.661400e+00 1.525800e+00 -5.447000e-01 189 48 1.194000e+01 3.880000e+00 -2.046800e+02 1.713800e+02 0
-5.423800e+00 3.547400e+00 1.851800e+00 -5.447000e-01 194 48 1.073300e+01 3.880000e+00 -2.605100e+02 1.134800e+02 0
-5.451900e+00 3.883600e+00 -4.660800e-01 -5.447000e-01 195 48 1.065500e+01 3.880000e+00 -2.024500e+02 4.832200e+02 0
-5.001100e+00 2.496200e+00 3.890300e+00 -5.447000e-01 196 48 1.061100e+01 3.880000e+00 -5.082900e+02 -4.241800e+02 0
-4.919800e+00 3.120400e+00 3.593300e+00 -5.447000e-01 197 48 1.129100e+01 3.880000e+00 -2.750600e+02 -2.284800e+02 0
-4.891200e+00 3.631300e+00 3.197400e+00 -5.447000e-01 198 48 1.101200e+01 3.880000e+00 -1.458000e+02 -9.068800e+01 0
-5.548400e+00 3.804700e+00 5.454500e+00 -5.447000e-01 249 48 1.058600e+01 3.880000e+00 -1.922700e+02 -3.899900e+02 0
-6.138900e+00 5.631700e+00 2.612600e+00 -5.447000e-01 251 48 1.098800e+01 3.880000e+00 8.397200e+00 125 0
-6.026500e+00 5.815000e+00 2.589500e+00 -5.447000e-01 252 48 1.099200e+01 3.880000e+00 4.039400e+01 1.343100e+02 0
-5.774600e+00 6.326600e+00 2.436300e+00 -5.447000e-01 256 48 1.096200e+01 3.880000e+00 1.144400e+02 1.658000e+02 0
-6.006800e+00 6.057600e+00 2.674600e+00 -5.447000e-01 257 48 1.140500e+01 3.880000e+00 6.768100e+01 1.349500e+02 0
-7.307700e+00 3.418400e+00 6.006200e+00 -5.447000e-01 289 48 1.127000e+01 3.880000e+00 -5.534000e+02 -5.368800e+02 0
-7.096500e+00 4.961800e+00 5.185100e+00 -5.447000e-01 290 48 1.124400e+01 3.880000e+00 -1.771600e+02 -1.912700e+02 0
-7.754300e+00 4.259800e+00 5.140900e+00 -5.447000e-01 294 48 1.080700e+01 3.880000e+00 -3.935400e+02 -2.663300e+02 0
3.601500e-02 3.823600e-01 -1.811200e-01 -5.126600e-01 12 49 1.018900e+01 3.880000e+00 4.136100e+02 1.382100e+03 0
3.601500e-02 4.174800e-01 -1.839800e-01 -5.126600e-01 13 49 9.943100e+00 3.880000e+00 4.424000e+02 1.282500e+03 0
-3.916600e+00 2.952500e+00 -3.903000e-01 -5.126600e-01 146 49 1.069900e+01 3.880000e+00 -1.704500e+02 5.077300e+02 0
-3.943600e+00 3.076900e+00 -4.004200e-01 -5.126600e-01 147 49 1.083200e+01 3.880000e+00 -1.413900e+02 5.038600e+02 0
-4.164600e+00 3.391200e+00 -4.260000e-01 -5.126600e-01 160 49 1.067500e+01 3.880000e+00 -1.043200e+02 4.951300e+02 0
-4.802000e+00 2.840800e+00 -3.812100e-01 -5.126600e-01 161 49 1.059800e+01 3.880000e+00 -3.871400e+02 5.097700e+02 0
-4.700200e+00 3.085800e+00 -4.011500e-01 -5.126600e-01 162 49 1.099200e+01 3.880000e+00 -2.843000e+02 5.023500e+02 0
-4.536200e+00 3.234800e+00 -4.132700e-01 -5.126600e-01 164 49 1.135400e+01 3.880000e+00 -2.104200e+02 4.985200e+02 0
-4.653500e+00 3.169400e+00 -4.079500e-01 -5.126600e-01 165 49 1.230100e+01 3.880000e+00 -2.504800e+02 5.000900e+02 0
-4.726900e+00 3.220600e+00 -4.121100e-01 -5.126600e-01 166 49 1.252000e+01 3.880000e+00 -2.492900e+02 4.986000e+02 0
-5.092800e+00 3.323000e+00 1.966200e+00 -5.126600e-01 184 49 1.169500e+01 3.880000e+00 -2.636800e+02 7.735700e+01 0
-5.120600e+00 3.222200e+00 2.165400e+00 -5.126600e-01 185 49 1.157200e+01 3.880000e+00 -2.949700e+02 3.424300e+01 0
-5.204100e+00 3.299200e+00 2.163800e+00 -5.126600e-01 188 49 1.191200e+01 3.880000e+00 -2.875600e+02 4.198200e+01 0
-5.334500e+00 3.352800e+00 1.846200e+00 -5.126600e-01 189 49 1.199200e+01 3.880000e+00 -2.978000e+02 1.005800e+02 0
-5.414500e+00 3.462400e+00 1.503900e+00 -5.126600e-01 190 49 1.140200e+01 3.880000e+00 -2.842400e+02 1.648800e+02 0
-5.529100e+00 3.816200e+00 -4.605900e-01 -5.126600e-01 194 49 1.039600e+01 3.880000e+00 -2.297500e+02 4.843600e+02 0
-5.451900e+00 3.443300e+00 3.190200e+00 -5.126600e-01 207 49 1.090000e+01 3.880000e+00 -2.805900e+02 -1.103500e+02 0
-5.421800e+00 3.543400e+00 3.210700e+00 -5.126600e-01 208 49 1.084800e+01 3.880000e+00 -2.499700e+02 -1.012000e+02 0
-6.479900e+00 5.554400e+00 1.840300e+00 -5.126600e-01 251 49 1.023700e+01 3.880000e+00 -3.949400e+01 2.023000e+02 0
-6.163400e+00 5.594800e+00 2.747400e+00 -5.126600e-01 252 49 1.051200e+01 3.880000e+00 1.979000e+00 1.097400e+02 0
-6.325500e+00 5.215600e+00 3.199700e+00 -5.126600e-01 253 49 1.050000e+01 3.880000e+00 -6.209800e+01 4.333000e+01 0
-6.695700e+00 4.653700e+00 3.402600e+00 -5.126600e-01 254 49 1.042600e+01 3.880000e+00 -1.923400e+02 -1.641900e+01 0
-6.722200e+00 5.235800e+00 2.466700e+00 -5.126600e-01 255 49 1.029200e+01 3.880000e+00 -1.063300e+02 1.246400e+02 0
-6.470400e+00 5.808100e+00 1.925400e+00 -5.126600e-01 256 49 1.062700e+01 3.880000e+00 -7.429000e+00 2.005000e+02 0
-6.425900e+00 5.597600e+00 2.702900e+00 -5.126600e-01 257 49 1.087300e+01 3.880000e+00 -2.523400e+01 1.147600e+02 0
-7.257500e+00 5.214000e+00 3.970200e+00 -5.126600e-01 281 49 1.120200e+01 3.880000e+00 -1.612700e+02 -3.763400e+01 0
-7.517200e+00 3.400100e+00 5.691300e+00 -5.126600e-01 288 49 1.087400e+01 3.880000e+00 -5.954300e+02 -4.925700e+02 0
-7.464900e+00 3.392400e+00 5.824900e+00 -5.126600e-01 289 49 1.114700e+01 3.880000e+00 -5.883100e+02 -5.146800e+02 0
-7.411900e+00 4.609700e+00 5.067500e+00 -5.126600e-01 290 49 1.103300e+01 3.880000e+00 -2.771900e+02 -2.152800e+02 0
-7.939600e+00 1.538600e+00 6.154300e+00 -5.126600e-01 292 49 1.031300e+01 3.880000e+00 -1.910900e+03 -1.415600e+03 0
-4.299700e+00 3.154800e+00 -4.067600e-01 -4.806200e-01 154 50 1.050700e+01 3.880000e+00 -1.883800e+02 5.010500e+02 0
-4.369800e+00 3.132300e+00 -4.049300e-01 -4.806200e-01 155 50 1.137800e+01 3.880000e+00 -2.078500e+02 5.015700e+02 0
-4.355900e+00 3.213500e+00 -4.115400e-01 -4.806200e-01 156 50 1.093100e+01 3.880000e+00 -183 4.993600e+02 0
-4.626200e+00 2.938500e+00 -3.891500e-01 -4.806200e-01 158 50 1.121300e+01 3.880000e+00 -3.172500e+02 5.069100e+02 0
-4.612600e+00 3.027100e+00 -3.963700e-01 -4.806200e-01 159 50 1.116200e+01 3.880000e+00 -2.857600e+02 5.042100e+02 0
-4.698300e+00 3.119800e+00 -4.039100e-01 -4.806200e-01 165 50 1.176100e+01 3.880000e+00 -2.735500e+02 5.013900e+02 0
-4.817000e+00 3.023900e+00 -3.961100e-01 -4.806200e-01 166 50 1.205900e+01 3.880000e+00 -3.264200e+02 5.039600e+02 0
-5.133700e+00 2.807900e+00 -3.785200e-01 -4.806200e-01 169 50 1.163500e+01 3.880000e+00 -4.679500e+02 5.102600e+02 0
-5.263900e+00 3.011600e+00 -3.951000e-01 -4.806200e-01 178 50 1.225700e+01 3.880000e+00 -4.169100e+02 5.035700e+02 0
-5.245000e+00 3.165200e+00 -4.076000e-01 -4.806200e-01 179 50 1.233000e+01 3.880000e+00 -3.612200e+02 4.992700e+02 0
-5.092800e+00 3.188000e+00 2.178300e+00 -4.806200e-01 184 50 1.127500e+01 3.880000e+00 -2.998900e+02 2.857900e+01 0
-5.170800e+00 2.846600e+00 2.540000e+00 -4.806200e-01 185 50 1.157900e+01 3.880000e+00 -4.221300e+02 -7.866300e+01 0
-5.198900e+00 2.828400e+00 2.591000e+00 -4.806200e-01 186 50 1.132900e+01 3.880000e+00 -4.336600e+02 -9.105500e+01 0
-5.125500e+00 3.133200e+00 2.471200e+00 -4.806200e-01 187 50 1.070800e+01 3.880000e+00 -3.191600e+02 -2.892500e+01 0
-5.204100e+00 2.999300e+00 2.563300e+00 -4.806200e-01 188 50 1.081300e+01 3.880000e+00 -3.750300e+02 -6.187600e+01 0
-5.334500e+00 3.171700e+00 2.142400e+00 -4.806200e-01 189 50 1.106500e+01 3.880000e+00 -3.481000e+02 3.406200e+01 0
-5.311300e+00 3.342300e+00 2.045800e+00 -4.806200e-01 190 50 1.076500e+01 3.880000e+00 -2.949300e+02 6.603900e+01 0
-6.738000e+00 5.044300e+00 2.570200e+00 -4.806200e-01 253 50 1.026500e+01 3.880000e+00 -1.364900e+02 1.044400e+02 0
-7.379700e+00 5.685300e+00 2.474600e+00 -4.806200e-01 277 50 1.141400e+01 3.880000e+00 -113 1.425200e+02 0
-7.307700e+00 5.302300e+00 3.663500e+00 -4.806200e-01 280 50 1.110500e+01 3.880000e+00 -1.547500e+02 9.768000e-01 0
-7.486700e+00 5.253700e+00 3.459400e+00 -4.806200e-01 281 50 1.148500e+01 3.880000e+00 -1.825400e+02 1.991100e+01 0
-4.556700e+00 3.111800e+00 -4.032600e-01 -4.806200e-01 294 50 1.027200e+01 3.880000e+00 -2.491800e+02 5.018400e+02 0
-4.466600e+00 2.885800e+00 -3.848700e-01 -4.485700e-01 154 51 1.075200e+01 3.880000e+00 -3.027500e+02 5.088900e+02 0
-4.495800e+00 2.930400e+00 -3.884900e-01 -4.485700e-01 155 51 1.127800e+01 3.880000e+00 -2.938500e+02 5.074000e+02 0
-4.651900e+00 2.732400e+00 -3.723800e-01 -4.485700e-01 156 51 1.018000e+01 3.880000e+00 -3.967900e+02 5.138400e+02 0
-4.724500e+00 2.571200e+00 -3.592600e-01 -4.485700e-01 157 51 1.111000e+01 3.880000e+00 -4.794300e+02 5.199000e+02 0
-4.711900e+00 2.773900e+00 -3.757600e-01 -4.485700e-01 158 51 1.171800e+01 3.880000e+00 -3.935400e+02 5.122400e+02 0
-4.741900e+00 2.808300e+00 -3.785600e-01 -4.485700e-01 159 51 1.152300e+01 3.880000e+00 -3.868400e+02 5.109800e+02 0
-4.771900e+00 2.794800e+00 -3.774600e-01 -4.485700e-01 160 51 1.116000e+01 3.880000e+00 -3.981700e+02 5.113900e+02 0
-4.845600e+00 2.638700e+00 -3.647600e-01 -4.485700e-01 161 51 1.098700e+01 3.880000e+00 -4.769000e+02 5.169600e+02 0
-5.282100e+00 3.079500e+00 -4.006300e-01 -4.485700e-01 177 51 1.173600e+01 3.880000e+00 -3.966200e+02 5.015800e+02 0
-5.312200e+00 2.909700e+00 -3.868100e-01 -4.485700e-01 178 51 1.248100e+01 3.880000e+00 -4.640700e+02 5.066000e+02 0
-5.293600e+00 2.979600e+00 -3.925000e-01 -4.485700e-01 179 51 1.221500e+01 3.880000e+00 -4.342100e+02 5.044800e+02 0
-5.142700e+00 2.275000e+00 3.036600e+00 -4.485700e-01 184 51 1.040700e+01 3.880000e+00 -6.620400e+02 -2.960700e+02 0
-5.170800e+00 2.161200e+00 3.143800e+00 -4.485700e-01 185 51 1.063300e+01 3.880000e+00 -7.310700e+02 -353 0
-5.198900e+00 2.840200e+00 2.578100e+00 -4.485700e-01 186 51 1.059900e+01 3.880000e+00 -4.294700e+02 -8.680600e+01 0
-7.379700e+00 5.325600e+00 3.175600e+00 -4.485700e-01 277 51 1.108600e+01 3.880000e+00 -1.613100e+02 5.398900e+01 0
-7.612200e+00 4.952300e+00 3.530900e+00 -4.485700e-01 280 51 1.119900e+01 3.880000e+00 -2.464400e+02 -7.357000e+00 0
-7.639500e+00 4.793700e+00 3.778700e+00 -4.485700e-01 281 51 1.122300e+01 3.880000e+00 -2.771400e+02 -4.726500e+01 0
-4.821100e+00 2.198100e+00 -3.288900e-01 -4.165300e-01 156 52 1.042500e+01 3.880000e+00 -6.962400e+02 5.373500e+02 0
-4.767000e+00 2.585900e+00 -3.604600e-01 -4.165300e-01 157 52 1.146000e+01 3.880000e+00 -4.824700e+02 5.192100e+02 0
-4.797600e+00 2.641000e+00 -3.649400e-01 -4.165300e-01 158 52 1.170400e+01 3.880000e+00 -4.654100e+02 5.169700e+02 0
-4.871300e+00 2.579300e+00 -3.599200e-01 -4.165300e-01 159 52 1.127900e+01 3.880000e+00 -5.086900e+02 5.192500e+02 0
-4.875900e+00 2.613400e+00 -3.626900e-01 -4.165300e-01 162 52 1.078300e+01 3.880000e+00 -4.945700e+02 5.178800e+02 0
-4.906200e+00 2.619600e+00 -3.632000e-01 -4.165300e-01 163 52 1.126900e+01 3.880000e+00 -4.985000e+02 5.175800e+02 0
-4.892000e+00 2.512000e+00 -3.544500e-01 -4.165300e-01 164 52 1.142800e+01 3.880000e+00 -5.445600e+02 5.219900e+02 0
-5.215600e+00 2.925900e+00 1.564200e+00 -4.165300e-01 178 52 1.199200e+01 3.880000e+00 -4.142300e+02 1.187100e+02 0
-5.196500e+00 2.596600e+00 2.213000e+00 -4.165300e-01 179 52 1.166300e+01 3.880000e+00 -5.318000e+02 -4.888600e+01 0
-7.612200e+00 4.528800e+00 4.059800e+00 -4.165300e-01 280 52 1.106200e+01 3.880000e+00 -3.245300e+02 -1.035500e+02 0
-8.881400e+00 5.732400e+00 2.783200e+00 -4.165300e-01 314 52 1.007300e+01 3.880000e+00 -2.555100e+02 1.154600e+02 0
-5.235200e+00 2.076200e+00 -3.189800e-01 -3.524500e-01 165 54 1.109000e+01 3.880000e+00 -8.862100e+02 5.431700e+02 0
-5.389600e+00 1.983000e+00 -3.113900e-01 -3.524500e-01 167 54 1.169100e+01 3.880000e+00 -9.998000e+02 5.485600e+02 0
-5.467700e+00 1.893900e+00 -3.041400e-01 -3.524500e-01 168 54 1.186200e+01 3.880000e+00 -1.097700e+03 5.543900e+02 0
-5.454600e+00 2.004100e+00 -3.131100e-01 -3.524500e-01 169 54 1.142400e+01 3.880000e+00 -1.000700e+03 5.469800e+02 0
-5.394800e+00 2.265200e+00 -3.343600e-01 -3.524500e-01 170 54 1.060400e+01 3.880000e+00 -7.995900e+02 5.322400e+02 0
-5.633600e+00 2.327500e+00 -3.394300e-01 -3.524500e-01 179 54 1.072800e+01 3.880000e+00 -8.188100e+02 5.285600e+02 0
-5.919500e+00 2.184500e+00 2.268900e+00 -3.524500e-01 193 54 1.010600e+01 3.880000e+00 -9.181100e+02 -1.288200e+02 0
-8.677900e+00 4.201700e+00 -4.919600e-01 -3.524500e-01 280 54 9.994800e+00 3.880000e+00 -5.806900e+02 4.747300e+02 0
-8.427400e+00 4.381100e+00 3.089700e+00 -3.524500e-01 287 54 1.068500e+01 3.880000e+00 -4.669000e+02 5.474700e+00 0
-8.307900e+00 4.107000e+00 4.084400e+00 -3.524500e-01 291 54 1.104000e+01 3.880000e+00 -5.129700e+02 -1.481500e+02 0
-8.098400e+00 3.600500e+00 4.973200e+00 -3.524500e-01 292 54 1.081500e+01 3.880000e+00 -6.248300e+02 -3.433900e+02 0
-8.641300e+00 5.128300e+00 2.426400e+00 -3.524500e-01 297 54 1.032300e+01 3.880000e+00 -3.361400e+02 127 0
-5.336700e+00 1.923300e+00 -3.065300e-01 -3.204100e-01 164 55 1.034700e+01 3.880000e+00 -1.034500e+03 5.527700e+02 0
-5.280000e+00 2.100400e+00 -3.209400e-01 -3.204100e-01 165 55 1.041600e+01 3.880000e+00 -8.807500e+02 5.416000e+02 0
-5.434900e+00 1.767800e+00 -2.938700e-01 -3.204100e-01 167 55 1.141600e+01 3.880000e+00 -1.208200e+03 5.641200e+02 0
-5.467700e+00 1.904800e+00 -3.050300e-01 -3.204100e-01 168 55 1.181400e+01 3.880000e+00 -1.088100e+03 5.536200e+02 0
-5.500400e+00 1.981800e+00 -3.112900e-01 -3.204100e-01 169 55 1.145900e+01 3.880000e+00 -1.031500e+03 5.482800e+02 0
-6.033300e+00 2.107200e+00 1.651100e+00 -3.204100e-01 190 55 1.003900e+01 3.880000e+00 -1.016500e+03 1.279900e+01 0
-5.909700e+00 2.612500e+00 1.509800e+00 -3.204100e-01 191 55 1.005900e+01 3.880000e+00 -6.863800e+02 1.050600e+02 0
-5.940800e+00 2.364300e+00 1.900200e+00 -3.204100e-01 192 55 1.059600e+01 3.880000e+00 -8.189000e+02 -1.022300e+01 0
-5.919500e+00 2.329800e+00 2.119500e+00 -3.204100e-01 193 55 1.063700e+01 3.880000e+00 -8.297700e+02 -6.638900e+01 0
-8.463400e+00 4.208800e+00 2.765200e+00 -3.204100e-01 283 55 1.024800e+01 3.880000e+00 -5.184900e+02 3.449000e+01 0
-7.542600e+00 6.079600e+00 2.283100e+00 -3.204100e-01 286 55 1.028700e+01 3.880000e+00 -7.933500e+01 1.743400e+02 0
-8.193300e+00 4.809100e+00 3.082700e+00 -3.204100e-01 287 55 1.080200e+01 3.880000e+00 -3.433500e+02 3.539500e+01 0
-8.456900e+00 3.899300e+00 3.706300e+00 -3.204100e-01 288 55 1.085300e+01 3.880000e+00 -5.960500e+02 -1.203600e+02 0
-5.292200e+00 2.086500e+00 -3.198100e-01 -1.922500e-01 164 59 1.025300e+01 3.880000e+00 -8.940300e+02 5.423900e+02 0
-5.988300e+00 2.331600e+00 -3.397600e-01 -1.922500e-01 187 59 1.080000e+01 3.880000e+00 -9.008300e+02 5.274900e+02 0
-6.173500e+00 1.248100e+00 1.726100e+00 -1.922500e-01 188 59 1.070700e+01 3.880000e+00 -2.074500e+03 -2.219700e+02 0
0 0 -1.500000e-01 -6.408200e-02 1 63 1.035600e+01 3.880000e+00 2167 -3.612800e+03 0
2.728400e-03 3.441900e-02 -1.528000e-01 -6.408200e-02 2 63 9.905300e+00 3.880000e+00 3.396300e+03 -7.090900e+03 0
0 0 -1.500000e-01 -3.204100e-02 1 64 1.562100e+01 3.880000e+00 2167 -3.612800e+03 0
-7.093800e-02 1.123400e-01 -1.591400e-01 -3.204100e-02 5 64 1.424100e+01 3.880000e+00 -3.097500e+03 7734 0
-1.585200e-01 1.861000e-01 -1.651500e-01 -3.204100e-02 8 64 1.344700e+01 3.880000e+00 -1.094900e+03 2.947600e+03 0
-1.986300e-01 1.940400e-01 -1.657900e-01 -3.204100e-02 9 64 1.288500e+01 3.880000e+00 -1.165300e+03 2.760900e+03 0
-2.480100e-01 1.848800e-01 -1.650500e-01 -3.204100e-02 10 64 1.273700e+01 3.880000e+00 -1.546300e+03 2.908100e+03 0
-2.646500e-01 2.160700e-01 -1.675900e-01 -3.204100e-02 11 64 1.217300e+01 3.880000e+00 -1.145100e+03 2.382500e+03 0
-2.881200e-01 2.300500e-01 -1.687200e-01 -3.204100e-02 12 64 1.176600e+01 3.880000e+00 -1.071300e+03 2.206500e+03 0
-3.077600e-01 2.784600e-01 -1.726600e-01 -3.204100e-02 13 64 1.097900e+01 3.880000e+00 -7.261400e+02 1.796200e+03 0
-1.107700e-01 4.554300e-01 -1.870700e-01 -3.204100e-02 15 64 1.051600e+01 3.880000e+00 2.277900e+02 1.184700e+03 0
3.609700e-01 2.871400e-01 -1.733700e-01 -3.204100e-02 28 64 1.216700e+01 3.880000e+00 1.294700e+03 1.898100e+03 0
6.799100e-01 6.443300e-01 -2.024400e-01 -3.204100e-02 29 64 1.374600e+01 3.880000e+00 1.285400e+03 9.585000e+02 0
6.725500e-01 7.393400e-01 -2.101700e-01 -3.204100e-02 30 64 1.466700e+01 3.880000e+00 1.190500e+03 8.774200e+02 0
6.793700e-01 7.974600e-01 -2.149000e-01 -3.204100e-02 31 64 1.481800e+01 3.880000e+00 1.155700e+03 8.389400e+02 0
6.766400e-01 8.305200e-01 -2.175900e-01 -3.204100e-02 32 64 1.426900e+01 3.880000e+00 1.132400e+03 8.196200e+02 0
6.810000e-01 8.678100e-01 -2.206300e-01 -3.204100e-02 33 64 1.275700e+01 3.880000e+00 1.114900e+03 7.999700e+02 0
6.662700e-01 9.357500e-01 -2.261600e-01 -3.204100e-02 34 64 1.023800e+01 3.880000e+00 1.069400e+03 7.682600e+02 0
7.421200e-01 8.883900e-01 -2.223000e-01 -3.204100e-02 35 64 1.018400e+01 3.880000e+00 1.154300e+03 7.910200e+02 0
-8.021400e-01 9.205200e-01 -2.249200e-01 -3.204100e-02 36 64 1.071000e+01 3.880000e+00 -1.540300e+01 7.507500e+02 0
-8.348900e-01 9.017700e-01 -2.233900e-01 -3.204100e-02 37 64 1.123500e+01 3.880000e+00 -5.438800e+01 7.576600e+02 0
-8.782700e-01 8.739200e-01 -2.211300e-01 -3.204100e-02 38 64 1.086400e+01 3.880000e+00 -1.115100e+02 7.685600e+02 0
-9.227400e-01 8.612900e-01 -2.201000e-01 -3.204100e-02 39 64 9.873000e+00 3.880000e+00 -1.570800e+02 7.733100e+02 0
