0 0 -1.500000e-01 0 1 65 1.658700e+01 8.900000e-01 2167 -3.612800e+03 0
-7.202900e-02 1.118700e-01 -1.520900e-01 0 5 65 1.534200e+01 8.900000e-01 -3.129300e+03 7653 0
-1.585200e-01 1.860800e-01 -1.534700e-01 0 8 65 1.448700e+01 8.900000e-01 -1.088600e+03 2.876600e+03 0
-2.008100e-01 1.914500e-01 -1.535700e-01 0 9 65 1.378900e+01 8.900000e-01 -1.207200e+03 2.739500e+03 0
-2.480100e-01 1.868500e-01 -1.534800e-01 0 10 65 1.376000e+01 8.900000e-01 -1.501700e+03 2.798300e+03 0
-2.619200e-01 2.217900e-01 -1.541300e-01 0 11 65 1.323800e+01 8.900000e-01 -1.062100e+03 2.250300e+03 0
-2.881200e-01 2.281800e-01 -1.542500e-01 0 12 65 1.280600e+01 8.900000e-01 -1.085700e+03 2167 0
-3.044900e-01 2.784300e-01 -1.551900e-01 0 13 65 1.201600e+01 8.900000e-01 -7.132100e+02 1.742600e+03 0
3.536000e-01 3.593200e-01 -1.567000e-01 0 28 65 1.323000e+01 8.900000e-01 1.116200e+03 1450 0
6.799100e-01 6.453100e-01 -1.620300e-01 0 29 65 1.477000e+01 8.900000e-01 1.281800e+03 9.106800e+02 0
6.725500e-01 7.407100e-01 -1.638100e-01 0 30 65 1.569100e+01 8.900000e-01 1.187300e+03 8.308900e+02 0
6.711800e-01 8.044100e-01 -1.650000e-01 0 31 65 1.587900e+01 8.900000e-01 1.141600e+03 7.896700e+02 0
6.766400e-01 8.326500e-01 -1.655200e-01 0 32 65 1.541000e+01 8.900000e-01 1.129200e+03 7.738100e+02 0
6.722700e-01 8.746800e-01 -1.663100e-01 0 33 65 1.406000e+01 8.900000e-01 1102 7.520900e+02 0
6.842800e-01 9.267100e-01 -1.672800e-01 0 34 65 1.163300e+01 8.900000e-01 1.085800e+03 7.285300e+02 0
6.864600e-01 9.656700e-01 -1.680000e-01 0 35 65 1.094700e+01 8.900000e-01 1.069900e+03 7.126300e+02 0
-7.926000e-01 9.019800e-01 -1.668100e-01 0 36 65 1.180500e+01 8.900000e-01 -2.253300e+01 7.167800e+02 0
-8.250600e-01 8.576800e-01 -1.659900e-01 0 37 65 1.218200e+01 8.900000e-01 -8.606800e+01 7.350400e+02 0
-8.479800e-01 8.291400e-01 -1.654600e-01 0 38 65 1.182500e+01 8.900000e-01 -1.322600e+02 7.478400e+02 0
-8.812700e-01 8.018500e-01 -1.649500e-01 0 39 65 1.058600e+01 8.900000e-01 -1.887000e+02 7.607500e+02 0
-5.426800e+00 2.685200e+00 3.117200e+00 0 196 65 1.060600e+01 8.900000e-01 -5.281300e+02 -2.179200e+02 0
-5.828900e+00 1.768300e+00 3.122600e+00 0 197 65 1.058800e+01 8.900000e-01 -1.197900e+03 -4.778100e+02 0
-9.161600e+00 3.674000e+00 1.739600e+00 0 288 65 1.129200e+01 8.900000e-01 -7.959600e+02 1.455300e+02 0
-5.855100e+00 8.232600e+00 -3.034700e-01 0 291 65 1.115100e+01 8.900000e-01 2.356100e+02 4.077700e+02 1
-9.442400e+00 4.461800e+00 2.717600e+00 0 310 65 1.126400e+01 8.900000e-01 -5.758400e+02 5.963900e+01 0
-9.134600e+00 5.315400e+00 2.347800e+00 0 311 65 1.143400e+01 8.900000e-01 -3.548900e+02 1.437500e+02 0
-9.333800e+00 5.258100e+00 1.788000e+00 0 312 65 1.147400e+01 8.900000e-01 -3.906100e+02 2.019400e+02 0
-9.751800e+00 5.441400e+00 -2.514400e-01 0 323 65 1.191400e+01 8.900000e-01 -4.128700e+02 4.233600e+02 0
-9.782100e+00 5.428900e+00 -2.512000e-01 0 324 65 1.180500e+01 8.900000e-01 -4.184900e+02 4.234600e+02 0
-8.961100e+00 9.173100e+00 4.691600e+00 0 392 65 1.232700e+01 8.900000e-01 8.563200e+01 8.482400e+01 0
-8.770100e+00 9.524200e+00 4.448600e+00 0 393 65 1.246700e+01 8.900000e-01 1.184900e+02 1.090500e+02 0
-8.730800e+00 9.779600e+00 4.824300e+00 0 401 65 1.191600e+01 8.900000e-01 1.358000e+02 9.331600e+01 0
-8.752700e+00 1.015300e+01 4.053600e+00 0 402 65 1.161500e+01 8.900000e-01 1.531800e+02 1.464900e+02 0
0 0 -1.500000e-01 3.204100e-02 1 66 1.557400e+01 8.900000e-01 2167 -3.612800e+03 0
-7.202900e-02 1.121500e-01 -1.520900e-01 3.204100e-02 5 66 1.432400e+01 8.900000e-01 -3103 7603 0
-1.585200e-01 1.860400e-01 -1.534700e-01 3.204100e-02 8 66 1.347100e+01 8.900000e-01 -1.089200e+03 2.877400e+03 0
-1.986300e-01 1.944300e-01 -1.536200e-01 3.204100e-02 9 66 1.278900e+01 8.900000e-01 -1153 2.685600e+03 0
-2.480100e-01 1.874200e-01 -1.534900e-01 3.204100e-02 10 66 1.272900e+01 8.900000e-01 -1.491400e+03 2.786900e+03 0
-2.619200e-01 2.213100e-01 -1.541300e-01 3.204100e-02 11 66 1.219900e+01 8.900000e-01 -1.067400e+03 2256 0
-2.881200e-01 2.231900e-01 -1.541600e-01 3.204100e-02 12 66 1.172300e+01 8.900000e-01 -1.141500e+03 2.223200e+03 0
-3.044900e-01 2.759600e-01 -1.551400e-01 3.204100e-02 13 66 1.091700e+01 8.900000e-01 -7.295700e+02 1.758500e+03 0
3.536000e-01 3.899600e-01 -1.572700e-01 3.204100e-02 28 66 1.222800e+01 8.900000e-01 1.073600e+03 1.341600e+03 0
6.799100e-01 6.404500e-01 -1.619400e-01 3.204100e-02 29 66 1.377000e+01 8.900000e-01 1.287100e+03 9.154900e+02 0
6.725500e-01 7.386700e-01 -1.637700e-01 3.204100e-02 30 66 1.469400e+01 8.900000e-01 1.188800e+03 8.323400e+02 0
6.711800e-01 8.044800e-01 -1.650000e-01 3.204100e-02 31 66 1.488000e+01 8.900000e-01 1.141500e+03 7.896400e+02 0
6.766400e-01 8.344100e-01 -1.655500e-01 3.204100e-02 32 66 1.441800e+01 8.900000e-01 1.128200e+03 7.728500e+02 0
6.722700e-01 8.754600e-01 -1.663200e-01 3.204100e-02 33 66 1.308600e+01 8.900000e-01 1.101600e+03 7.517100e+02 0
6.842800e-01 9.254400e-01 -1.672500e-01 3.204100e-02 34 66 1.062900e+01 8.900000e-01 1.086400e+03 7.290800e+02 0
6.771800e-01 9.722600e-01 -1.681200e-01 3.204100e-02 35 66 1.012700e+01 8.900000e-01 1.060200e+03 7.099500e+02 0
-7.544000e-01 9.375100e-01 -1.674800e-01 3.204100e-02 36 66 1.090300e+01 8.900000e-01 3.234400e+01 7.035700e+02 0
-8.054200e-01 8.680500e-01 -1.661800e-01 3.204100e-02 37 66 1.122000e+01 8.900000e-01 -6.166100e+01 7.307800e+02 0
-8.378900e-01 8.283200e-01 -1.654400e-01 3.204100e-02 38 66 1.090400e+01 8.900000e-01 -1.252900e+02 7.484100e+02 0
-8.916400e-01 7.365900e-01 -1.637300e-01 3.204100e-02 39 66 9.929200e+00 8.900000e-01 -2.808900e+02 7.970700e+02 0
-5.692800e+00 2.768100e+00 2.511300e+00 3.204100e-02 196 66 1.056600e+01 8.900000e-01 -5.556500e+02 -8.205700e+01 0
-5.989300e+00 1.966400e+00 2.667300e+00 3.204100e-02 197 66 1.062300e+01 8.900000e-01 -1.084600e+03 -2.826000e+02 0
-9.239900e+00 3.233200e+00 2.151800e+00 3.204100e-02 288 66 1.123700e+01 8.900000e-01 -9.866500e+02 4.960900e+01 0
-9.611000e+00 4.228300e+00 2.490500e+00 3.204100e-02 310 66 1.121800e+01 8.900000e-01 -6.644300e+02 7.412600e+01 0
-9.219200e+00 5.178800e+00 2.322300e+00 3.204100e-02 311 66 1.132100e+01 8.900000e-01 -3.901900e+02 1.412200e+02 0
-9.333800e+00 5.271700e+00 1.747600e+00 3.204100e-02 312 66 1.134800e+01 8.900000e-01 -3.882500e+02 2.066900e+02 0
-9.839600e+00 5.199400e+00 1.614000e+00 3.204100e-02 323 66 1.166000e+01 8.900000e-01 -4.580100e+02 2.196400e+02 0
-8.663200e+00 9.641100e+00 4.406000e+00 3.204100e-02 393 66 1.187900e+01 8.900000e-01 1.316600e+02 1.144400e+02 0
-8.512600e+00 9.877900e+00 5.010600e+00 3.204100e-02 401 66 1.124500e+01 8.900000e-01 1.544200e+02 8.489500e+01 0
0 0 -1.500000e-01 6.408200e-02 1 67 1.069500e+01 8.900000e-01 2167 -3.612800e+03 0
-3.192200e-02 1.288700e-02 -1.502400e-01 6.408200e-02 2 67 1.041800e+01 8.900000e-01 2.848700e+03 -4541 0
0 0 -1.500000e-01 -6.408200e-02 1 63 1.005400e+01 8.900000e-01 2167 -3.612800e+03 0
-3.274100e-02 9.044300e-03 -1.501700e-01 -6.408200e-02 2 63 1.037400e+01 8.900000e-01 2.727800e+03 -4.246700e+03 0
-6.548100e-02 6.388200e-03 -1.501200e-01 -6.408200e-02 3 63 9.757600e+00 8.900000e-01 2.997500e+03 -4.135800e+03 0
0 0 -1.500000e-01 -3.204100e-02 1 64 1.555400e+01 8.900000e-01 2167 -3.612800e+03 0
-7.202900e-02 1.112100e-01 -1.520700e-01 -3.204100e-02 5 64 1.431900e+01 8.900000e-01 -3.192900e+03 7.774200e+03 0
-1.585200e-01 1.861000e-01 -1.534700e-01 -3.204100e-02 8 64 1.346400e+01 8.900000e-01 -1.088200e+03 2.876100e+03 0
-1.986300e-01 1.931400e-01 -1.536000e-01 -3.204100e-02 9 64 1.275500e+01 8.900000e-01 -1.171900e+03 2.709300e+03 0
-2.480100e-01 1.858900e-01 -1.534700e-01 -3.204100e-02 10 64 1.272800e+01 8.900000e-01 -1.519200e+03 2.817600e+03 0
-2.619200e-01 2.216300e-01 -1.541300e-01 -3.204100e-02 11 64 1.216000e+01 8.900000e-01 -1.063800e+03 2.252100e+03 0
-2.851200e-01 2.351400e-01 -1.543800e-01 -3.204100e-02 12 64 1.182100e+01 8.900000e-01 -1003 2.094900e+03 0
-3.012100e-01 2.840500e-01 -1.553000e-01 -3.204100e-02 13 64 1.105600e+01 8.900000e-01 -6.685700e+02 1.708300e+03 0
3.536000e-01 3.225800e-01 -1.560100e-01 -3.204100e-02 28 64 1.221000e+01 8.900000e-01 1.181700e+03 1617 0
6.799100e-01 6.467700e-01 -1.620600e-01 -3.204100e-02 29 64 1.374700e+01 8.900000e-01 1.280300e+03 9.092500e+02 0
6.725500e-01 7.419900e-01 -1.638300e-01 -3.204100e-02 30 64 1.466300e+01 8.900000e-01 1.186300e+03 8.299800e+02 0
6.711800e-01 8.042500e-01 -1.649900e-01 -3.204100e-02 31 64 1.484600e+01 8.900000e-01 1.141700e+03 7.897700e+02 0
6.766400e-01 8.304600e-01 -1.654800e-01 -3.204100e-02 32 64 1.436800e+01 8.900000e-01 1.130500e+03 775 0
6.722700e-01 8.721100e-01 -1.662600e-01 -3.204100e-02 33 64 1.300400e+01 8.900000e-01 1.103400e+03 7.533500e+02 0
6.842800e-01 9.252800e-01 -1.672500e-01 -3.204100e-02 34 64 1.069200e+01 8.900000e-01 1.086500e+03 7.291500e+02 0
-8.403400e-01 8.447200e-01 -1.657500e-01 -3.204100e-02 36 64 1.065700e+01 8.900000e-01 -1.103500e+02 7.406600e+02 0
-8.545300e-01 8.153300e-01 -1.652000e-01 -3.204100e-02 37 64 1.111400e+01 8.900000e-01 -1.522300e+02 7.544400e+02 0
-8.681700e-01 7.860800e-01 -1.646500e-01 -3.204100e-02 38 64 1.048300e+01 8.900000e-01 -1.967800e+02 7.692400e+02 0
-8.854400e+00 9.261700e+00 4.720200e+00 -3.204100e-02 392 64 1.101700e+01 8.900000e-01 9.799200e+01 8.549700e+01 0
-8.877100e+00 9.570500e+00 4.125300e+00 -3.204100e-02 393 64 1.111900e+01 8.900000e-01 1.140600e+02 1.297000e+02 0
-8.840000e+00 9.658300e+00 4.869800e+00 -3.204100e-02 401 64 1.042700e+01 8.900000e-01 1.225100e+02 8.748500e+01 0
