0 0 -1.500000e-01 0 1 65 1.662200e+01 1.360000e+00 2167 -3.612800e+03 0
-7.202900e-02 1.116100e-01 -1.531800e-01 0 5 65 1.530700e+01 1.360000e+00 -3.158200e+03 7.725400e+03 0
-1.585200e-01 1.860900e-01 -1.553000e-01 0 8 65 1.446300e+01 1.360000e+00 -1.089400e+03 2.887400e+03 0
-2.008100e-01 1.911900e-01 -1.554500e-01 0 9 65 1.378800e+01 1.360000e+00 -1.212300e+03 2.755300e+03 0
-2.480100e-01 1.866500e-01 -1.553200e-01 0 10 65 1.374500e+01 1.360000e+00 -1.506600e+03 2.813200e+03 0
-2.619200e-01 2.223700e-01 -1.563400e-01 0 11 65 1.323200e+01 1.360000e+00 -1.056400e+03 2.252900e+03 0
-2.881200e-01 2.324300e-01 -1.566200e-01 0 12 65 1.277900e+01 1.360000e+00 -1.041600e+03 2.130900e+03 0
-3.077600e-01 2.792500e-01 -1.579600e-01 0 13 65 1.201400e+01 1.360000e+00 -7.174500e+02 1.745200e+03 0
-3.014900e-01 3.019900e-01 -1.586000e-01 0 14 65 1.153400e+01 1.360000e+00 -5.672400e+02 1616 0
-1.107700e-01 4.087000e-01 -1.616400e-01 0 15 65 1.132500e+01 1.360000e+00 1.642600e+02 1250 0
3.609700e-01 3.362800e-01 -1.595800e-01 0 28 65 1.317200e+01 1.360000e+00 1.174600e+03 1.558900e+03 0
6.799100e-01 6.399800e-01 -1.682300e-01 0 29 65 1.472300e+01 1.360000e+00 1288 9.233000e+02 0
6.725500e-01 7.391100e-01 -1.710600e-01 0 30 65 1.568100e+01 1.360000e+00 1.188800e+03 8.391600e+02 0
6.711800e-01 8.041200e-01 -1.729100e-01 0 31 65 1.585500e+01 1.360000e+00 1.142100e+03 7.968700e+02 0
6.766400e-01 8.290500e-01 -1.736200e-01 0 32 65 1.533100e+01 1.360000e+00 1.131700e+03 7.827700e+02 0
6.810000e-01 8.705500e-01 -1.748000e-01 0 33 65 1.381300e+01 1.360000e+00 1.111800e+03 7.612100e+02 0
6.752700e-01 9.334700e-01 -1.765900e-01 0 34 65 1.118600e+01 1.360000e+00 1076 7.323900e+02 0
7.328400e-01 9.020000e-01 -1.757000e-01 0 35 65 1.151000e+01 1.360000e+00 1.137300e+03 7.471500e+02 0
-8.021400e-01 9.063500e-01 -1.758200e-01 0 36 65 1.183500e+01 1.360000e+00 -2.589700e+01 7.213800e+02 0
-8.250600e-01 8.918700e-01 -1.754100e-01 0 37 65 1.229400e+01 1.360000e+00 -5.478300e+01 7.269000e+02 0
-8.479800e-01 8.710700e-01 -1.748200e-01 0 38 65 1.189600e+01 1.360000e+00 -9.057400e+01 7.353100e+02 0
-8.812700e-01 8.456400e-01 -1.740900e-01 0 39 65 1.041900e+01 1.360000e+00 -1.407600e+02 7.460700e+02 0
0 0 -1.500000e-01 3.204100e-02 1 66 1.561200e+01 1.360000e+00 2167 -3.612800e+03 0
-7.202900e-02 1.119800e-01 -1.531900e-01 3.204100e-02 5 66 1.428700e+01 1.360000e+00 -3.123300e+03 7.658700e+03 0
-1.585200e-01 1.860800e-01 -1.553000e-01 3.204100e-02 8 66 1.346100e+01 1.360000e+00 -1.089600e+03 2.887800e+03 0
-2.008100e-01 1.912800e-01 -1.554500e-01 3.204100e-02 9 66 1.277200e+01 1.360000e+00 -1211 2.753800e+03 0
-2.504700e-01 1.830600e-01 -1.552200e-01 3.204100e-02 10 66 1.271400e+01 1.360000e+00 -1.585500e+03 2.885700e+03 0
-2.619200e-01 2.227500e-01 -1.563500e-01 3.204100e-02 11 66 1.223600e+01 1.360000e+00 -1.052300e+03 2.248400e+03 0
-2.851200e-01 2.361700e-01 -1.567300e-01 3.204100e-02 12 66 1.176700e+01 1.360000e+00 -9.937400e+02 2.093800e+03 0
-3.044900e-01 2.820200e-01 -1.580300e-01 3.204100e-02 13 66 1.101200e+01 1.360000e+00 -6.906800e+02 1.728500e+03 0
3.609700e-01 3.342700e-01 -1.595200e-01 3.204100e-02 28 66 1.215600e+01 1.360000e+00 1.178500e+03 1.568500e+03 0
6.799100e-01 6.365500e-01 -1.681300e-01 3.204100e-02 29 66 1.372400e+01 1.360000e+00 1.291800e+03 9.267600e+02 0
6.725500e-01 7.357100e-01 -1.709600e-01 3.204100e-02 30 66 1.465500e+01 1.360000e+00 1.191500e+03 8.416000e+02 0
6.711800e-01 8.044600e-01 -1.729200e-01 3.204100e-02 31 66 1.480600e+01 1.360000e+00 1.141900e+03 7.966700e+02 0
6.766400e-01 8.319600e-01 -1.737000e-01 3.204100e-02 32 66 1.424700e+01 1.360000e+00 1.129900e+03 7.811700e+02 0
6.722700e-01 8.792700e-01 -1.750500e-01 3.204100e-02 33 66 1.264600e+01 1.360000e+00 1.099900e+03 7.568000e+02 0
-9.633900e-01 2.626200e-01 -1.574800e-01 3.204100e-02 34 66 1.013700e+01 1.360000e+00 -2568 1.709200e+03 0
6.864600e-01 9.340700e-01 -1.766100e-01 3.204100e-02 35 66 1.037300e+01 1.360000e+00 1.084300e+03 7.323100e+02 0
-8.212400e-01 8.806600e-01 -1.750900e-01 3.204100e-02 36 66 1.081100e+01 1.360000e+00 -6.204400e+01 7.316300e+02 0
-8.348900e-01 8.835000e-01 -1.751700e-01 3.204100e-02 37 66 1.121900e+01 1.360000e+00 -6.941600e+01 7.302300e+02 0
-8.681700e-01 8.642400e-01 -1.746200e-01 3.204100e-02 38 66 1.082300e+01 1.360000e+00 -1.121200e+02 7.379600e+02 0
-5.158300e+00 8.059300e+00 -3.796000e-01 -5.767400e-01 275 47 1.028800e+01 1.360000e+00 2.787200e+02 4.146300e+02 1
-5.177100e+00 8.057900e+00 -3.795600e-01 -5.767400e-01 276 47 1.133000e+01 1.360000e+00 2.772100e+02 4.146300e+02 1
-5.271200e+00 8.007500e+00 -3.781300e-01 -5.767400e-01 277 47 1.145400e+01 1.360000e+00 2.674100e+02 4.148300e+02 1
-5.290300e+00 8.031400e+00 -3.788100e-01 -5.767400e-01 278 47 1.098100e+01 1.360000e+00 2.672100e+02 4.147200e+02 1
-5.461100e+00 8.006000e+00 -3.780800e-01 -5.767400e-01 279 47 1.044900e+01 1.360000e+00 2.528000e+02 4.147800e+02 1
-5.556900e+00 7.992300e+00 -3.776900e-01 -5.767400e-01 280 47 1.027500e+01 1.360000e+00 2.447300e+02 4.148200e+02 1
0 0 -1.500000e-01 -5.447000e-01 1 48 9.313600e+00 1.360000e+00 2167 -3.612800e+03 0
-5.457300e+00 7.843100e+00 -3.734400e-01 -5.447000e-01 275 48 9.982900e+00 1.360000e+00 2.440800e+02 4.155100e+02 1
-5.327200e+00 7.924300e+00 -3.757600e-01 -5.447000e-01 276 48 1.107200e+01 1.360000e+00 2.586700e+02 4.151800e+02 1
-5.271200e+00 7.990300e+00 -3.776400e-01 -5.447000e-01 277 48 1.112900e+01 1.360000e+00 2.665100e+02 4.149000e+02 1
-5.290300e+00 8.012700e+00 -3.782800e-01 -5.447000e-01 278 48 1.057200e+01 1.360000e+00 2.662300e+02 4.148000e+02 1
-7.983200e+00 9.612300e+00 4.470700e+00 -5.447000e-01 381 48 1.020200e+01 1.360000e+00 1.719800e+02 1.093200e+02 0
-8.212200e+00 9.804200e+00 3.671700e+00 -5.447000e-01 382 48 1.013000e+01 1.360000e+00 1.669100e+02 1.612900e+02 0
-8.067300e+00 8.950900e+00 5.885800e+00 -5.447000e-01 385 48 1.102700e+01 1.360000e+00 1.317600e+02 1.580700e+00 0
-7.983200e+00 9.623900e+00 4.942500e+00 -5.447000e-01 386 48 1.137300e+01 1.360000e+00 1.732000e+02 8.147500e+01 0
-7.898700e+00 1.003900e+01 4.306600e+00 -5.447000e-01 387 48 1.078600e+01 1.360000e+00 1.981500e+02 1.290200e+02 0
-8.001800e+00 7.825200e+00 6.867700e+00 -5.126600e-01 377 49 1.108900e+01 1.360000e+00 6.232500e+01 -1.173700e+02 0
-8.125900e+00 7.953000e+00 6.638100e+00 -5.126600e-01 378 49 1.076900e+01 1.360000e+00 6.238100e+01 -9.387000e+01 0
-8.375900e+00 9.481000e+00 3.891600e+00 -5.126600e-01 380 49 1.103500e+01 1.360000e+00 1.397000e+02 1.414200e+02 0
-8.294300e+00 9.746500e+00 3.510800e+00 -5.126600e-01 381 49 1.139600e+01 1.360000e+00 1.586800e+02 1.697600e+02 0
-8.420100e+00 9.636900e+00 3.643600e+00 -5.126600e-01 382 49 1.147400e+01 1.360000e+00 1.452500e+02 1.597500e+02 0
-8.546400e+00 9.446500e+00 3.961900e+00 -5.126600e-01 383 49 1.127200e+01 1.360000e+00 1.271900e+02 1.364900e+02 0
-8.359800e+00 9.304400e+00 4.738100e+00 -5.126600e-01 384 49 1.127300e+01 1.360000e+00 1.319200e+02 8.516300e+01 0
-8.591100e+00 9.419600e+00 4.160000e+00 -5.126600e-01 385 49 1.197100e+01 1.360000e+00 1.231300e+02 1.238000e+02 0
-8.193300e+00 9.651600e+00 4.527300e+00 -5.126600e-01 386 49 1.197400e+01 1.360000e+00 1.612000e+02 1.071100e+02 0
-8.668100e+00 7.391500e+00 4.712500e+00 -4.806200e-01 354 50 1.088600e+01 1.360000e+00 -2.987200e+01 1.974400e+01 0
-9.175600e+00 7.520100e+00 3.478100e+00 -4.806200e-01 355 50 1.124200e+01 1.360000e+00 -6.064200e+01 1.188400e+02 0
-9.492000e+00 7.467300e+00 2.801100e+00 -4.806200e-01 356 50 1.133000e+01 1.360000e+00 -9.231300e+01 1.692400e+02 0
-9.615900e+00 7.505600e+00 2.402500e+00 -4.806200e-01 357 50 1.085400e+01 1.360000e+00 -9.929000e+01 2.007400e+02 0
-8.605300e+00 9.010100e+00 4.569800e+00 -4.806200e-01 381 50 1.157400e+01 1.360000e+00 9.807800e+01 8.742200e+01 0
-8.731900e+00 9.022000e+00 4.404700e+00 -4.806200e-01 382 50 1.198400e+01 1.360000e+00 9.030100e+01 9.834100e+01 0
-8.754800e+00 8.903000e+00 4.697200e+00 -4.806200e-01 383 50 1.167200e+01 1.360000e+00 8.162000e+01 7.625500e+01 0
-9.253300e+00 8.155900e+00 6.482700e+00 -4.806200e-01 400 50 1.178100e+01 1.360000e+00 -2.888700e+00 -7.072400e+01 0
-9.385600e+00 8.342200e+00 6.120400e+00 -4.806200e-01 401 50 1.190100e+01 1.360000e+00 1.799100e+00 -3.721600e+01 0
-8.957000e+00 7.156900e+00 4.530800e+00 -4.485700e-01 354 51 1.120700e+01 1.360000e+00 -7.602600e+01 2.382600e+01 0
-9.272100e+00 7.346900e+00 3.590300e+00 -4.485700e-01 355 51 1.165900e+01 1.360000e+00 -8.477800e+01 1.048200e+02 0
-9.395200e+00 7.345600e+00 3.387900e+00 -4.485700e-01 356 51 1.186100e+01 1.360000e+00 -9.521600e+01 1.205500e+02 0
-9.421700e+00 7.142600e+00 3.845500e+00 -4.485700e-01 357 51 1.149300e+01 1.360000e+00 -1.170600e+02 7.781400e+01 0
-9.875400e+00 8.509200e+00 2.667100e+00 -4.485700e-01 382 51 1.140800e+01 1.360000e+00 -2.677300e+01 2.011400e+02 0
-9.471000e+00 7.685400e+00 6.738100e+00 -4.485700e-01 400 51 1.184300e+01 1.360000e+00 -5.828700e+01 -1.134600e+02 0
-9.603900e+00 8.155400e+00 6.033000e+00 -4.485700e-01 401 51 1.191800e+01 1.360000e+00 -2.871800e+01 -3.952800e+01 0
-8.758100e+00 5.671300e+00 -3.115700e-01 -4.165300e-01 301 52 1.033600e+01 1.360000e+00 -2.691400e+02 4.276300e+02 0
-8.787300e+00 5.611900e+00 -3.098800e-01 -4.165300e-01 302 52 1.093700e+01 1.360000e+00 -2.819700e+02 4.281200e+02 0
-8.816500e+00 5.670100e+00 -3.115400e-01 -4.165300e-01 303 52 1.054800e+01 1.360000e+00 -2.753000e+02 4.276200e+02 0
-1.071800e+01 7.707600e+00 5.075300e+00 -4.165300e-01 406 52 1.163600e+01 1.360000e+00 -1.534000e+02 9.379600e+00 0
-8.862300e+00 5.142600e+00 1.822600e+00 -3.844900e-01 299 53 1.054300e+01 1.360000e+00 -3.616100e+02 1.943200e+02 0
-8.676300e+00 5.427800e+00 2.242500e+00 -3.844900e-01 301 53 1.042000e+01 1.360000e+00 -2.872300e+02 1.584700e+02 0
-8.705200e+00 5.630800e+00 1.736200e+00 -3.844900e-01 302 53 1.121000e+01 1.360000e+00 -2.593600e+02 2.167400e+02 0
-8.734100e+00 5.651600e+00 1.735100e+00 -3.844900e-01 303 53 1.103100e+01 1.360000e+00 -2.589600e+02 2.173800e+02 0
-9.423800e+00 5.454700e+00 -3.054000e-01 -3.844900e-01 315 53 1.065800e+01 1.360000e+00 -3.762200e+02 4.291600e+02 0
-9.539800e+00 5.427100e+00 -3.046100e-01 -3.844900e-01 316 53 1.070700e+01 1.360000e+00 -3.936600e+02 4.293500e+02 0
-9.482500e+00 6.196600e+00 2.304300e+00 -3.844900e-01 332 53 1.103900e+01 1.360000e+00 -2.458400e+02 1.774600e+02 0
-9.782900e+00 5.986400e+00 1.700300e+00 -3.844900e-01 333 53 1.063200e+01 1.360000e+00 -3.086800e+02 2.290800e+02 0
-1.037200e+01 6.051000e+00 2.630600e+00 -3.844900e-01 353 53 1.129800e+01 1.360000e+00 -3.487700e+02 1.436200e+02 0
-1.049800e+01 6.179600e+00 1.892700e+00 -3.844900e-01 354 53 1.144600e+01 1.360000e+00 -3.437800e+02 2.156800e+02 0
-1.072100e+01 6.098000e+00 -3.237300e-01 -3.844900e-01 355 53 1.101400e+01 1.360000e+00 -3.901700e+02 4.235700e+02 0
-1.021500e+01 7.323100e+00 5.247000e+00 -3.844900e-01 391 53 1.060200e+01 1.360000e+00 -1.554300e+02 -2.172500e+01 0
-1.038700e+01 7.436100e+00 6.071800e+00 -3.844900e-01 406 53 1.136200e+01 1.360000e+00 -1.536800e+02 -7.734200e+01 0
-1.041300e+01 7.676500e+00 5.804200e+00 -3.844900e-01 407 53 1.091200e+01 1.360000e+00 -1.316200e+02 -4.516800e+01 0
-1.079800e+01 6.690700e+00 6.455000e+00 -3.844900e-01 409 53 1.076700e+01 1.360000e+00 -2.735600e+02 -1.528200e+02 0
-1.093600e+01 6.764300e+00 6.218700e+00 -3.844900e-01 410 53 1.103000e+01 1.360000e+00 -2.762200e+02 -1.283800e+02 0
0 0 -1.500000e-01 -3.524500e-01 1 54 9.383200e+00 1.360000e+00 2167 -3.612800e+03 0
-1.037200e+01 6.066700e+00 2.594300e+00 -3.524500e-01 353 54 1.107200e+01 1.360000e+00 -3.464400e+02 1.475200e+02 0
-1.049800e+01 6.213300e+00 1.778900e+00 -3.524500e-01 354 54 1.097200e+01 1.360000e+00 -3.390600e+02 2.268700e+02 0
-9.566300e+00 7.859000e+00 4.050900e+00 -3.524500e-01 374 54 1.055500e+01 1.360000e+00 -5.694300e+01 8.772400e+01 0
0 0 -1.500000e-01 -3.204100e-01 1 55 9.570300e+00 1.360000e+00 2167 -3.612800e+03 0
-1.066800e+01 4.921400e+00 1.721700e+00 -3.204100e-01 341 55 1.065600e+01 1.360000e+00 -6.111900e+02 2.005400e+02 0
0 0 -1.500000e-01 -2.242900e-01 1 58 9.563900e+00 1.360000e+00 2167 -3.612800e+03 0
-1.241000e+01 5.518000e+00 3.115000e+00 -2.242900e-01 400 58 1.032500e+01 1.360000e+00 -6.422800e+02 7.809900e+01 0
6.035200e-01 7.688700e-01 -1.719000e-01 -9.612300e-02 29 62 9.215800e+00 1.360000e+00 1.100300e+03 8.171900e+02 0
6.646300e-01 7.509000e-01 -1.713900e-01 -9.612300e-02 30 62 9.746500e+00 1.360000e+00 1172 8.306700e+02 0
7.121100e-01 7.491000e-01 -1.713400e-01 -9.612300e-02 31 62 9.870300e+00 1.360000e+00 1.220800e+03 8.331000e+02 0
7.527600e-01 7.695300e-01 -1.719200e-01 -9.612300e-02 32 62 9.498400e+00 1.360000e+00 1.244300e+03 8.202600e+02 0
0 0 -1.500000e-01 -6.408200e-02 1 63 1.033600e+01 1.360000e+00 2167 -3.612800e+03 0
-8.185100e-04 3.489900e-02 -1.509900e-01 -6.408200e-02 2 63 9.874800e+00 1.360000e+00 3.501400e+03 -7.191900e+03 0
3.437800e-01 3.316500e-01 -1.594500e-01 -6.408200e-02 29 63 9.431800e+00 1.360000e+00 1.138200e+03 1.578200e+03 0
3.797900e-01 2.614500e-01 -1.574500e-01 -6.408200e-02 30 63 1.021600e+01 1.360000e+00 1.450500e+03 2.068100e+03 0
6.957400e-01 6.713900e-01 -1.691300e-01 -6.408200e-02 31 63 1.048300e+01 1.360000e+00 1.273500e+03 8.940700e+02 0
7.273900e-01 7.731300e-01 -1.720300e-01 -6.408200e-02 32 63 1.009600e+01 1.360000e+00 1.216800e+03 8.173100e+02 0
0 0 -1.500000e-01 -3.204100e-02 1 64 1.561000e+01 1.360000e+00 2167 -3.612800e+03 0
-7.202900e-02 1.111100e-01 -1.531700e-01 -3.204100e-02 5 64 1.428400e+01 1.360000e+00 -3.207100e+03 7.818500e+03 0
-1.585200e-01 1.860900e-01 -1.553000e-01 -3.204100e-02 8 64 1.345800e+01 1.360000e+00 -1.089400e+03 2.887400e+03 0
-1.986300e-01 1.933100e-01 -1.555100e-01 -3.204100e-02 9 64 1.278500e+01 1.360000e+00 -1.170400e+03 2.716900e+03 0
-2.480100e-01 1.864100e-01 -1.553100e-01 -3.204100e-02 10 64 1.270800e+01 1.360000e+00 -1.510900e+03 2.817900e+03 0
-2.592000e-01 2.266800e-01 -1.564600e-01 -3.204100e-02 11 64 1.222800e+01 1.360000e+00 -1.000100e+03 2204 0
-2.851200e-01 2.383600e-01 -1.567900e-01 -3.204100e-02 12 64 1.175600e+01 1.360000e+00 -9.725200e+02 2.072300e+03 0
-3.077600e-01 2.800600e-01 -1.579800e-01 -3.204100e-02 13 64 1.101200e+01 1.360000e+00 -7.121700e+02 1.740100e+03 0
3.609700e-01 3.088200e-01 -1.588000e-01 -3.204100e-02 28 64 1.208100e+01 1.360000e+00 1.233800e+03 1.704300e+03 0
6.799100e-01 6.457300e-01 -1.684000e-01 -3.204100e-02 29 64 1.369600e+01 1.360000e+00 1.281800e+03 9.176000e+02 0
6.725500e-01 7.437700e-01 -1.711900e-01 -3.204100e-02 30 64 1.467700e+01 1.360000e+00 1.185300e+03 8.358400e+02 0
6.711800e-01 8.024700e-01 -1.728600e-01 -3.204100e-02 31 64 1.487500e+01 1.360000e+00 1.143100e+03 7.978500e+02 0
6.766400e-01 8.232100e-01 -1.734500e-01 -3.204100e-02 32 64 1.437200e+01 1.360000e+00 1.135200e+03 7.860100e+02 0
6.810000e-01 8.706000e-01 -1.748000e-01 -3.204100e-02 33 64 1.287200e+01 1.360000e+00 1.111800e+03 7.611800e+02 0
6.842800e-01 9.251300e-01 -1.763600e-01 -3.204100e-02 34 64 1.035500e+01 1.360000e+00 1.086800e+03 7.360900e+02 0
7.514000e-01 8.618400e-01 -1.745500e-01 -3.204100e-02 35 64 1.055000e+01 1.360000e+00 1.176500e+03 7.668500e+02 0
-8.021400e-01 9.070900e-01 -1.758400e-01 -3.204100e-02 36 64 1.103500e+01 1.360000e+00 -2.528200e+01 7.210900e+02 0
-8.250600e-01 8.821500e-01 -1.751300e-01 -3.204100e-02 37 64 1.142500e+01 1.360000e+00 -6.348800e+01 7.309500e+02 0
-8.580800e-01 8.277800e-01 -1.735800e-01 -3.204100e-02 38 64 1.092600e+01 1.360000e+00 -1.418100e+02 7.548400e+02 0
