0 0 -1.500000e-01 0 1 65 1.665600e+01 1.680000e+00 2167 -3.612800e+03 0
-7.093800e-02 1.128000e-01 -1.539700e-01 0 5 65 1.526500e+01 1.680000e+00 -3.036100e+03 7536 0
-1.585200e-01 1.858800e-01 -1.565400e-01 0 8 65 1.437500e+01 1.680000e+00 -1.093300e+03 2.899600e+03 0
-2.008100e-01 1.931900e-01 -1.568000e-01 0 9 65 1.392500e+01 1.680000e+00 -1.182700e+03 2.724900e+03 0
-2.480100e-01 1.866800e-01 -1.565700e-01 0 10 65 1.373500e+01 1.680000e+00 -1.506900e+03 2.819900e+03 0
-2.619200e-01 2.221900e-01 -1.578200e-01 0 11 65 1.313800e+01 1.680000e+00 -1.059100e+03 2.261600e+03 0
-2.881200e-01 2.338000e-01 -1.582300e-01 0 12 65 1.272800e+01 1.680000e+00 -1.028200e+03 2.123100e+03 0
-3.077600e-01 2.798100e-01 -1.598500e-01 0 13 65 1.195100e+01 1.680000e+00 -7.142300e+02 1.747500e+03 0
-3.050300e-01 3.073100e-01 -1.608200e-01 0 14 65 1.153500e+01 1.680000e+00 -5.487200e+02 1594 0
-1.222300e-01 3.934200e-01 -1.638500e-01 0 15 65 1.115400e+01 1.680000e+00 1.172800e+02 1.295400e+03 0
3.536000e-01 3.359700e-01 -1.618200e-01 0 28 65 1.317800e+01 1.680000e+00 1.156200e+03 1.565100e+03 0
6.799100e-01 6.419100e-01 -1.725900e-01 0 29 65 1.473800e+01 1.680000e+00 1.286200e+03 9.263800e+02 0
6.725500e-01 7.393000e-01 -1.760200e-01 0 30 65 1.567700e+01 1.680000e+00 1.188900e+03 8.438800e+02 0
6.711800e-01 8.042400e-01 -1.783100e-01 0 31 65 1.586000e+01 1.680000e+00 1.142200e+03 8.015900e+02 0
6.766400e-01 8.293300e-01 -1.791900e-01 0 32 65 1.537000e+01 1.680000e+00 1.131700e+03 7.873800e+02 0
6.722700e-01 8.693500e-01 -1.806000e-01 0 33 65 1.395400e+01 1.680000e+00 1.105400e+03 7.663700e+02 0
7.792300e-01 8.956700e-01 -1.815200e-01 0 35 65 1.098200e+01 1.680000e+00 1179 7.555900e+02 0
-8.116900e-01 9.075500e-01 -1.819400e-01 0 36 65 1.179500e+01 1.680000e+00 -3.182600e+01 7.251800e+02 0
-8.447100e-01 8.911800e-01 -1.813700e-01 0 37 65 1.232800e+01 1.680000e+00 -6.973300e+01 7.313100e+02 0
-8.681700e-01 8.779200e-01 -1.809000e-01 0 38 65 1.192500e+01 1.680000e+00 -9.905700e+01 7.364900e+02 0
-9.020000e-01 8.763400e-01 -1.808400e-01 0 39 65 1.056800e+01 1.680000e+00 -1.253000e+02 7.366300e+02 0
-4.804100e+00 1.119300e+00 -1.893900e-01 0 143 65 1.041000e+01 1.680000e+00 -1.926900e+03 6.232800e+02 0
-4.681900e+00 1.515100e+00 -2.033200e-01 0 144 65 1.039600e+01 1.680000e+00 -1.235900e+03 5.645300e+02 0
0 0 -1.500000e-01 3.204100e-02 1 66 1.564700e+01 1.680000e+00 2167 -3.612800e+03 0
-7.202900e-02 1.119000e-01 -1.539400e-01 3.204100e-02 5 66 1.426000e+01 1.680000e+00 -3.133300e+03 7.689500e+03 0
-1.585200e-01 1.855700e-01 -1.565300e-01 3.204100e-02 8 66 1.335600e+01 1.680000e+00 -1.098100e+03 2.906400e+03 0
-2.008100e-01 1.938500e-01 -1.568200e-01 3.204100e-02 9 66 1.289600e+01 1.680000e+00 -1173 2.712700e+03 0
-2.480100e-01 1.878500e-01 -1.566100e-01 3.204100e-02 10 66 1.271200e+01 1.680000e+00 -1.485900e+03 2.796600e+03 0
-2.646500e-01 2.186000e-01 -1.576900e-01 3.204100e-02 11 66 1.215300e+01 1.680000e+00 -1.110300e+03 2.304400e+03 0
-2.881200e-01 2.344600e-01 -1.582500e-01 3.204100e-02 12 66 1.166200e+01 1.680000e+00 -1.021400e+03 2.116300e+03 0
-3.077600e-01 2.810600e-01 -1.598900e-01 3.204100e-02 13 66 1.087400e+01 1.680000e+00 -7.061400e+02 1.739600e+03 0
-3.085800e-01 3.096500e-01 -1.609000e-01 3.204100e-02 14 66 1.057400e+01 1.680000e+00 -5.454300e+02 1.581800e+03 0
-1.222300e-01 4.374800e-01 -1.654000e-01 3.204100e-02 15 66 1.039700e+01 1.680000e+00 1.863400e+02 1.186100e+03 0
3.536000e-01 3.486900e-01 -1.622700e-01 3.204100e-02 28 66 1.221300e+01 1.680000e+00 1.133900e+03 1508 0
6.722700e-01 6.444200e-01 -1.726800e-01 3.204100e-02 29 66 1.373600e+01 1.680000e+00 1.274300e+03 9.236200e+02 0
6.725500e-01 7.365700e-01 -1.759200e-01 3.204100e-02 30 66 1.468600e+01 1.680000e+00 1191 8.458500e+02 0
6.711800e-01 8.044100e-01 -1.783100e-01 3.204100e-02 31 66 1.488800e+01 1.680000e+00 1.142100e+03 8.014900e+02 0
6.766400e-01 8.293000e-01 -1.791900e-01 3.204100e-02 32 66 1.445300e+01 1.680000e+00 1.131700e+03 7.874000e+02 0
6.722700e-01 8.653400e-01 -1.804600e-01 3.204100e-02 33 66 1.317000e+01 1.680000e+00 1.107500e+03 7.683700e+02 0
6.662700e-01 9.372900e-01 -1.829900e-01 3.204100e-02 34 66 1.072500e+01 1.680000e+00 1.067500e+03 7.353300e+02 0
-3.339500e-01 9.380300e-01 -1.830100e-01 3.204100e-02 35 66 9.973600e+00 1.680000e+00 3.269200e+02 7.201800e+02 0
-8.212400e-01 8.984100e-01 -1.816200e-01 3.204100e-02 36 66 1.064000e+01 1.680000e+00 -4.645900e+01 7.287100e+02 0
-8.447100e-01 8.740000e-01 -1.807600e-01 3.204100e-02 37 66 1.111500e+01 1.680000e+00 -8.556800e+01 7.385300e+02 0
-8.681700e-01 8.706100e-01 -1.806400e-01 3.204100e-02 38 66 1.064800e+01 1.680000e+00 -1.060800e+02 7.396200e+02 0
0 0 -1.500000e-01 6.408200e-02 1 67 9.483700e+00 1.680000e+00 2167 -3.612800e+03 0
6.466300e-01 8.066100e-01 -1.783900e-01 6.408200e-02 31 67 9.841300e+00 1.680000e+00 1.118300e+03 7.996700e+02 0
6.681800e-01 8.343800e-01 -1.793700e-01 6.408200e-02 32 67 1.026700e+01 1.680000e+00 1.121300e+03 7.844500e+02 0
6.897400e-01 8.422800e-01 -1.796400e-01 6.408200e-02 33 67 1.009900e+01 1.680000e+00 1.135500e+03 7.806200e+02 0
0 0 -1.500000e-01 9.612300e-02 1 68 1.026600e+01 1.680000e+00 2167 -3.612800e+03 0
6.793700e-01 7.963000e-01 -1.780300e-01 9.612300e-02 31 68 9.807100e+00 1.680000e+00 1.154900e+03 8.065200e+02 0
1.855300e-01 5.238500e+00 2.787700e+00 -8.330700e-01 171 39 1.002800e+01 1.680000e+00 6.900200e+02 7.863700e+01 0
4.665500e-02 5.510900e+00 2.300200e+00 -8.330700e-01 172 39 1.041300e+01 1.680000e+00 6.750700e+02 1.453400e+02 0
1.931700e-01 5.795800e+00 2.140400e+00 -8.330700e-01 178 39 1.159900e+01 1.680000e+00 6.921700e+02 1.722700e+02 0
1.457000e-01 5.856200e+00 2.080000e+00 -8.330700e-01 179 39 1.204700e+01 1.680000e+00 6.871500e+02 1.804400e+02 0
1.465100e-01 5.881700e+00 2.112500e+00 -8.330700e-01 180 39 1.165300e+01 1.680000e+00 6.872100e+02 1.779100e+02 0
1.964400e-01 5.637200e+00 2.774900e+00 -8.330700e-01 181 39 1.078500e+01 1.680000e+00 6.914900e+02 9.984400e+01 0
2.701100e-01 6.558500e+00 2.174300e+00 -8.330700e-01 199 39 1.128900e+01 1.680000e+00 6.996800e+02 1.910900e+02 0
2.714700e-01 6.608700e+00 2.133300e+00 -8.330700e-01 200 39 1.103200e+01 1.680000e+00 6.998300e+02 1.961100e+02 0
-1.012800e+00 7.984200e+00 -4.310100e-01 -8.330700e-01 233 39 1.121300e+01 1.680000e+00 5.989900e+02 4.202700e+02 0
-9.535700e-01 8.008500e+00 -4.318700e-01 -8.330700e-01 234 39 1.132200e+01 1.680000e+00 6.039800e+02 4.201800e+02 0
-1.213000e+00 8.361800e+00 1.737200e+00 -8.330700e-01 248 39 1.149000e+01 1.680000e+00 5.868900e+02 2.599000e+02 0
-7.473000e-01 8.594000e+00 -4.524700e-01 -8.330700e-01 250 39 1.185400e+01 1.680000e+00 6.253900e+02 4.177100e+02 0
-6.821000e-01 8.643100e+00 -4.542000e-01 -8.330700e-01 251 39 1.256200e+01 1.680000e+00 6.305800e+02 4.175300e+02 0
-7.533100e-01 8.687700e+00 -4.557700e-01 -8.330700e-01 252 39 1.274500e+01 1.680000e+00 6.256900e+02 4.173300e+02 0
-7.563100e-01 8.748000e+00 -4.578900e-01 -8.330700e-01 253 39 1.234400e+01 1.680000e+00 6.259400e+02 4.171000e+02 0
-7.593100e-01 8.792300e+00 -4.594500e-01 -8.330700e-01 254 39 1.143400e+01 1.680000e+00 6.260700e+02 4.169200e+02 0
-4.600100e-01 9.744300e+00 -4.929600e-01 -8.330700e-01 282 39 1.179700e+01 1.680000e+00 6.522800e+02 4.136900e+02 0
-6.155200e-01 9.699100e+00 1.593200e+00 -8.330700e-01 283 39 1.195600e+01 1.680000e+00 6.403900e+02 2.826900e+02 0
-7.721300e-01 9.670100e+00 1.889900e+00 -8.330700e-01 284 39 1.164300e+01 1.680000e+00 6.298200e+02 2.639800e+02 0
-1.604300e-01 1.008900e+01 1.897600e+00 -8.330700e-01 295 39 1.260600e+01 1.680000e+00 6.707100e+02 2.674100e+02 0
-3.285000e-01 1.023500e+01 2.373900e+00 -8.330700e-01 302 39 1.312500e+01 1.680000e+00 6.602900e+02 2.407600e+02 0
-2.471900e-01 1.040100e+01 1.728700e+00 -8.330700e-01 303 39 1.331100e+01 1.680000e+00 6.662400e+02 2.800700e+02 0
-2.480100e-01 1.052300e+01 -5.203600e-01 -8.330700e-01 304 39 1.315200e+01 1.680000e+00 6.682100e+02 4.114700e+02 0
2.537400e-01 1.065600e+01 1.897900e+00 -8.330700e-01 311 39 1.294000e+01 1.680000e+00 6.965300e+02 2.723000e+02 0
1.697100e-01 1.069500e+01 1.883800e+00 -8.330700e-01 312 39 1.324500e+01 1.680000e+00 6.915400e+02 2.734500e+02 0
0 1.071200e+01 1.992000e+00 -8.330700e-01 313 39 1.321800e+01 1.680000e+00 6.814200e+02 2.675300e+02 0
2.742000e-01 1.148400e+01 2.215600e+00 -8.330700e-01 336 39 1.289800e+01 1.680000e+00 6.971700e+02 2.620300e+02 0
2.750200e-01 1.155300e+01 2.038100e+00 -8.330700e-01 337 39 1.329500e+01 1.680000e+00 6.973400e+02 2.719000e+02 0
2.758400e-01 1.160600e+01 1.931500e+00 -8.330700e-01 338 39 1.323600e+01 1.680000e+00 6.974500e+02 2.778700e+02 0
8.520700e-01 1.197300e+01 1.669200e+00 -8.330700e-01 348 39 1.255400e+01 1.680000e+00 7.281300e+02 2.936300e+02 0
5.696900e-01 1.202100e+01 1.698300e+00 -8.330700e-01 349 39 1.323000e+01 1.680000e+00 7.130100e+02 2.924700e+02 0
4.761000e-01 1.207300e+01 1.601800e+00 -8.330700e-01 350 39 1.287300e+01 1.680000e+00 7.080800e+02 2.976400e+02 0
3.928900e-01 1.234300e+01 2.359600e+00 -8.330700e-01 361 39 1.276900e+01 1.680000e+00 7.028900e+02 2.618800e+02 0
4.924700e-01 1.243700e+01 2.008700e+00 -8.330700e-01 362 39 1.268900e+01 1.680000e+00 7.081700e+02 2.796800e+02 0
8.889100e-01 1.250300e+01 1.645000e+00 -8.330700e-01 363 39 1.244000e+01 1.680000e+00 7.285400e+02 2.977000e+02 0
1.089400e+00 1.257400e+01 -5.925400e-01 -8.330700e-01 364 39 1.240300e+01 1.680000e+00 7.404800e+02 4.070600e+02 0
1.092400e+00 1.261100e+01 -5.938700e-01 -8.330700e-01 365 39 1.228500e+01 1.680000e+00 7.405000e+02 4.069800e+02 0
6.971000e-01 1.264400e+01 -5.950000e-01 -8.330700e-01 366 39 1.246700e+01 1.680000e+00 7.203100e+02 4.068600e+02 0
5.991500e-01 1.266500e+01 1.617100e+00 -8.330700e-01 367 39 1.275500e+01 1.680000e+00 7.135600e+02 2.998900e+02 0
6.007900e-01 1.267600e+01 1.798100e+00 -8.330700e-01 368 39 1.282800e+01 1.680000e+00 7.134800e+02 2.912800e+02 0
6.089800e-01 1.288900e+01 1.506700e+00 -8.330700e-01 373 39 1.264300e+01 1.680000e+00 7.137700e+02 3.061700e+02 0
7.123800e-01 1.294600e+01 -6.056600e-01 -8.330700e-01 374 39 1.264300e+01 1.680000e+00 7.204400e+02 4.063100e+02 0
8.163300e-01 1.296500e+01 -6.063100e-01 -8.330700e-01 375 39 1.278100e+01 1.680000e+00 7.255400e+02 4.062900e+02 0
9.208300e-01 1.297200e+01 1.547800e+00 -8.330700e-01 376 39 1.289200e+01 1.680000e+00 7.289200e+02 3.045700e+02 0
8.207000e-01 1.300400e+01 1.627300e+00 -8.330700e-01 377 39 1.290200e+01 1.680000e+00 7.238600e+02 3.010100e+02 0
9.257400e-01 1.296200e+01 2.113600e+00 -8.330700e-01 378 39 1.244400e+01 1.680000e+00 7.287200e+02 2.780300e+02 0
9.552100e-01 1.344800e+01 1.671400e+00 -8.330700e-01 390 39 1.233200e+01 1.680000e+00 7.291900e+02 3.010100e+02 0
1.064100e+00 1.348600e+01 1.584200e+00 -8.330700e-01 391 39 1.217100e+01 1.680000e+00 7.343000e+02 3.051000e+02 0
1.075000e+00 1.323400e+01 3.612200e+00 -8.330700e-01 395 39 1.176800e+01 1.680000e+00 7.339500e+02 2.114000e+02 0
1.293300e+00 1.321400e+01 3.741800e+00 -8.330700e-01 396 39 1.206900e+01 1.680000e+00 7.443600e+02 2.052200e+02 0
1.319400e+00 1.318300e+01 4.749600e+00 -8.330700e-01 404 39 1.143600e+01 1.680000e+00 7.448900e+02 1.590900e+02 0
-2.750200e-01 5.548400e+00 1.887500e+00 -8.010300e-01 169 40 1.021800e+01 1.680000e+00 6.392100e+02 1.916300e+02 0
0 5.478100e+00 2.196300e+00 -8.010300e-01 170 40 1.123500e+01 1.680000e+00 6.697500e+02 1.554200e+02 0
4.638300e-02 5.428500e+00 2.403400e+00 -8.010300e-01 171 40 1.217600e+01 1.680000e+00 6.746100e+02 1.307300e+02 0
0 5.498000e+00 2.331300e+00 -8.010300e-01 172 40 1.245200e+01 1.680000e+00 6.696300e+02 1.415100e+02 0
0 5.545000e+00 2.309600e+00 -8.010300e-01 173 40 1.179300e+01 1.680000e+00 6.698700e+02 1.457100e+02 0
-4.720100e-02 5.827200e+00 1.595000e+00 -8.010300e-01 174 40 1.101700e+01 1.680000e+00 6.668600e+02 2.297600e+02 0
-4.747400e-02 5.754500e+00 1.951700e+00 -8.010300e-01 175 40 1.245800e+01 1.680000e+00 6.660100e+02 1.908100e+02 0
-9.549300e-02 5.759000e+00 2.043600e+00 -8.010300e-01 176 40 1.305300e+01 1.680000e+00 6.606400e+02 1.814100e+02 0
-4.802000e-02 5.784700e+00 2.077200e+00 -8.010300e-01 177 40 1.254400e+01 1.680000e+00 6.659200e+02 1.786900e+02 0
1.448800e-01 5.848800e+00 1.995200e+00 -8.010300e-01 178 40 1.293800e+01 1.680000e+00 6.871800e+02 1.889200e+02 0
9.713000e-02 5.882600e+00 2.007200e+00 -8.010300e-01 179 40 1.348200e+01 1.680000e+00 6.820600e+02 1.887300e+02 0
1.465100e-01 5.962600e+00 1.872100e+00 -8.010300e-01 180 40 1.298800e+01 1.680000e+00 6.876500e+02 2.046200e+02 0
0 6.692700e+00 2.542300e+00 -8.010300e-01 206 40 1.277800e+01 1.680000e+00 6.735900e+02 1.618000e+02 0
-5.083000e-01 6.667200e+00 2.747700e+00 -8.010300e-01 208 40 1.278900e+01 1.680000e+00 6.254300e+02 1.431900e+02 0
-2.270000e-01 6.568700e+00 3.093100e+00 -8.010300e-01 209 40 1.283900e+01 1.680000e+00 6.508800e+02 1.084600e+02 0
-1.047700e+00 8.072200e+00 1.998300e+00 -8.010300e-01 241 40 1.293600e+01 1.680000e+00 5.957900e+02 2.367700e+02 0
-1.117800e+00 8.201600e+00 1.524000e+00 -8.010300e-01 242 40 1.341700e+01 1.680000e+00 5.922300e+02 2.735300e+02 0
-1.188500e+00 8.215300e+00 1.588500e+00 -8.010300e-01 243 40 1.373700e+01 1.680000e+00 5.869600e+02 2.689700e+02 0
-1.259700e+00 8.255600e+00 1.509000e+00 -8.010300e-01 244 40 1.364800e+01 1.680000e+00 5.821100e+02 2.752500e+02 0
-1.131700e+00 8.350200e+00 -4.438900e-01 -8.010300e-01 245 40 1.352200e+01 1.680000e+00 5.941200e+02 4.186100e+02 0
-1.208100e+00 8.239800e+00 2.110400e+00 -8.010300e-01 247 40 1.367300e+01 1.680000e+00 5.855000e+02 2.312200e+02 0
-8.831800e-01 8.526800e+00 -4.501100e-01 -8.010300e-01 250 40 1.386200e+01 1.680000e+00 6.147100e+02 4.179400e+02 0
-8.185100e-01 8.569600e+00 -4.516100e-01 -8.010300e-01 251 40 1.437400e+01 1.680000e+00 6.199100e+02 4.177900e+02 0
-8.217900e-01 8.609200e+00 -4.530100e-01 -8.010300e-01 252 40 1.430700e+01 1.680000e+00 6.200100e+02 4.176300e+02 0
-1.064100e+00 8.700300e+00 2.370600e+00 -8.010300e-01 261 40 1.375600e+01 1.680000e+00 6.013900e+02 2.201000e+02 0
-1.100900e+00 9.093700e+00 2.085000e+00 -8.010300e-01 270 40 1.294300e+01 1.680000e+00 6.029700e+02 2.450300e+02 0
-8.583500e-01 9.508200e+00 2.935900e+00 -8.010300e-01 287 40 1.299000e+01 1.680000e+00 6.223700e+02 1.964000e+02 0
-4.911100e-01 1.008300e+01 2.804600e+00 -8.010300e-01 301 40 1.390700e+01 1.680000e+00 6.493300e+02 2.133700e+02 0
-4.106200e-01 1.017200e+01 2.621400e+00 -8.010300e-01 302 40 1.424500e+01 1.680000e+00 6.548200e+02 2.254200e+02 0
-3.295900e-01 1.034200e+01 2.040300e+00 -8.010300e-01 303 40 1.430300e+01 1.680000e+00 6.608200e+02 2.614300e+02 0
-2.480100e-01 1.050200e+01 -5.196100e-01 -8.010300e-01 304 40 1.416100e+01 1.680000e+00 6.681600e+02 4.115200e+02 0
-2.488300e-01 1.057700e+01 -5.222600e-01 -8.010300e-01 305 40 1.380800e+01 1.680000e+00 6.682900e+02 4.113200e+02 0
8.485300e-02 1.063300e+01 2.214300e+00 -8.010300e-01 312 40 1.409100e+01 1.680000e+00 6.862000e+02 2.541800e+02 0
1.828000e-01 1.133200e+01 2.904200e+00 -8.010300e-01 336 40 1.397400e+01 1.680000e+00 6.915700e+02 2.241200e+02 0
2.750200e-01 1.147500e+01 2.437200e+00 -8.010300e-01 337 40 1.406800e+01 1.680000e+00 6.970400e+02 2.502900e+02 0
1.838900e-01 1.152700e+01 2.370100e+00 -8.010300e-01 338 40 1.402800e+01 1.680000e+00 6.920800e+02 2.543200e+02 0
0 1.150700e+01 3.451100e+00 -8.010300e-01 345 40 1.307500e+01 1.680000e+00 6.811700e+02 1.977900e+02 0
0 1.153300e+01 3.485300e+00 -8.010300e-01 346 40 1.271200e+01 1.680000e+00 6.811700e+02 1.963900e+02 0
6.627200e-01 1.198900e+01 1.634000e+00 -8.010300e-01 348 40 1.319600e+01 1.680000e+00 7.180500e+02 2.955400e+02 0
5.696900e-01 1.204200e+01 1.539700e+00 -8.010300e-01 349 40 1.379100e+01 1.680000e+00 7.131100e+02 3.005900e+02 0
3.928900e-01 1.226000e+01 2.757200e+00 -8.010300e-01 361 40 1.360600e+01 1.680000e+00 7.026500e+02 2.416500e+02 0
5.909700e-01 1.242900e+01 2.028600e+00 -8.010300e-01 362 40 1.341300e+01 1.680000e+00 7.131900e+02 2.786400e+02 0
8.889100e-01 1.254600e+01 -5.915600e-01 -8.010300e-01 363 40 1.314800e+01 1.680000e+00 7.303300e+02 4.070800e+02 0
9.904000e-01 1.256700e+01 -5.923200e-01 -8.010300e-01 364 40 1.315600e+01 1.680000e+00 7.354500e+02 4.070500e+02 0
8.938200e-01 1.259200e+01 -5.931700e-01 -8.010300e-01 365 40 1.309200e+01 1.680000e+00 7.304400e+02 4.069900e+02 0
6.971000e-01 1.264700e+01 -5.951100e-01 -8.010300e-01 366 40 1.318500e+01 1.680000e+00 7.203000e+02 4.068500e+02 0
7.142900e-01 1.294400e+01 1.595100e+00 -8.010300e-01 375 40 1.331600e+01 1.680000e+00 7.188000e+02 3.022500e+02 0
8.185100e-01 1.296200e+01 1.682100e+00 -8.010300e-01 376 40 1.354600e+01 1.680000e+00 7.238100e+02 2.982400e+02 0
9.232800e-01 1.292500e+01 2.125500e+00 -8.010300e-01 377 40 1.352400e+01 1.680000e+00 7.286900e+02 2.772300e+02 0
1.508800e+00 1.291000e+01 4.620800e+00 -8.010300e-01 396 40 1.325300e+01 1.680000e+00 7.553500e+02 1.607000e+02 0
3.978000e+00 1.354500e+01 -6.267300e-01 -8.010300e-01 406 40 1.242300e+01 1.680000e+00 8.749900e+02 4.057600e+02 0
-2.250900e-01 4.946100e+00 2.947900e+00 -7.689800e-01 166 41 1.041600e+01 1.680000e+00 6.375700e+02 4.376900e+01 0
-1.811600e-01 4.891800e+00 3.105800e+00 -7.689800e-01 167 41 1.057000e+01 1.680000e+00 6.423500e+02 2.124100e+01 0
-3.208600e-01 5.160000e+00 2.773900e+00 -7.689800e-01 169 41 1.053100e+01 1.680000e+00 6.284800e+02 7.683900e+01 0
-9.221900e-02 5.463200e+00 2.231400e+00 -7.689800e-01 170 41 1.120300e+01 1.680000e+00 659 1.511400e+02 0
-4.638300e-02 5.608100e+00 1.947900e+00 -7.689800e-01 171 41 1.201500e+01 1.680000e+00 6.654200e+02 1.867500e+02 0
-9.331100e-02 5.645900e+00 1.943900e+00 -7.689800e-01 172 41 1.206500e+01 1.680000e+00 6.603700e+02 1.883900e+02 0
-9.385600e-02 5.738900e+00 1.771300e+00 -7.689800e-01 173 41 1.147300e+01 1.680000e+00 6.610700e+02 2.092600e+02 0
-9.440200e-02 5.910500e+00 -3.580200e-01 -7.689800e-01 174 41 1.157300e+01 1.680000e+00 6.647800e+02 4.338100e+02 0
-9.494800e-02 5.806200e+00 1.790200e+00 -7.689800e-01 175 41 1.285100e+01 1.680000e+00 6.613000e+02 2.090700e+02 0
-9.549300e-02 5.785800e+00 1.966300e+00 -7.689800e-01 176 41 1.343800e+01 1.680000e+00 6.609000e+02 1.902500e+02 0
-9.603900e-02 5.768200e+00 2.121000e+00 -7.689800e-01 177 41 1.303000e+01 1.680000e+00 6.605300e+02 1.736600e+02 0
1.448800e-01 5.869600e+00 1.933000e+00 -7.689800e-01 178 41 1.249300e+01 1.680000e+00 6.872900e+02 1.959000e+02 0
4.856500e-02 5.916700e+00 1.906200e+00 -7.689800e-01 179 41 1.297800e+01 1.680000e+00 6.770800e+02 2.000200e+02 0
2.619200e-01 5.967900e+00 3.045700e+00 -7.689800e-01 193 41 1.354200e+01 1.680000e+00 6.980900e+02 8.724700e+01 0
-9.740300e-01 7.961400e+00 2.180000e+00 -7.689800e-01 239 41 1.375300e+01 1.680000e+00 6.001300e+02 2.213300e+02 0
-1.043300e+00 7.831300e+00 2.692400e+00 -7.689800e-01 240 41 1.386300e+01 1.680000e+00 5.927300e+02 180 0
-1.178700e+00 7.859700e+00 2.662100e+00 -7.689800e-01 241 41 1.399300e+01 1.680000e+00 5.823600e+02 1.830400e+02 0
-1.315100e+00 8.112600e+00 1.814700e+00 -7.689800e-01 242 41 1.418500e+01 1.680000e+00 5.757200e+02 2.510800e+02 0
-1.386600e+00 8.180800e+00 1.605700e+00 -7.689800e-01 243 41 1.450100e+01 1.680000e+00 5.713200e+02 2.673800e+02 0
-1.392300e+00 8.189700e+00 1.734500e+00 -7.689800e-01 244 41 1.450800e+01 1.680000e+00 5.709600e+02 2.580300e+02 0
-9.221900e-01 8.808800e+00 2.000300e+00 -7.689800e-01 261 41 1.419200e+01 1.680000e+00 6.128500e+02 2.469800e+02 0
-1.210600e+00 8.782200e+00 2.119100e+00 -7.689800e-01 262 41 1.434400e+01 1.680000e+00 5.919300e+02 2.386300e+02 0
-1.501200e+00 8.732300e+00 2.283600e+00 -7.689800e-01 263 41 1.429900e+01 1.680000e+00 5.704600e+02 2.267800e+02 0
-1.578600e+00 8.675700e+00 2.569300e+00 -7.689800e-01 264 41 1.426300e+01 1.680000e+00 5.639800e+02 2.062900e+02 0
-1.335800e+00 8.971600e+00 2.821300e+00 -7.689800e-01 273 41 1.341500e+01 1.680000e+00 5.849700e+02 1.944900e+02 0
-1.489700e+00 8.899300e+00 3.079300e+00 -7.689800e-01 274 41 1.332300e+01 1.680000e+00 5.732000e+02 1.760100e+02 0
-1.092400e+00 9.360700e+00 3.308500e+00 -7.689800e-01 287 41 1.339400e+01 1.680000e+00 6.054000e+02 1.702600e+02 0
-1.107700e+00 9.242300e+00 3.990500e+00 -7.689800e-01 291 41 1.331900e+01 1.680000e+00 6.028800e+02 1.241700e+02 0
-4.911100e-01 1.006300e+01 2.873400e+00 -7.689800e-01 301 41 1.329300e+01 1.680000e+00 6.491900e+02 209 0
-4.927500e-01 1.011000e+01 2.835400e+00 -7.689800e-01 302 41 1.345300e+01 1.680000e+00 6.493200e+02 2.119500e+02 0
3.743300e-01 1.148600e+01 3.378000e+00 -7.689800e-01 344 41 1.289600e+01 1.680000e+00 7.017400e+02 2.011500e+02 0
9.385600e-02 1.161900e+01 3.052600e+00 -7.689800e-01 345 41 1.272700e+01 1.680000e+00 6.866700e+02 2.198700e+02 0
-9.794900e-02 1.166500e+01 4.594400e+00 -7.689800e-01 360 41 1.328800e+01 1.680000e+00 6.752400e+02 1.416700e+02 0
9.822200e-02 1.159700e+01 4.855000e+00 -7.689800e-01 361 41 1.343700e+01 1.680000e+00 6.855400e+02 1.269500e+02 0
2.954800e-01 1.149900e+01 5.160800e+00 -7.689800e-01 362 41 1.294400e+01 1.680000e+00 6.959900e+02 1.091100e+02 0
-6.261600e-01 4.003500e+00 3.482900e+00 -7.369400e-01 154 42 1.063000e+01 1.680000e+00 5.620900e+02 -1.058800e+02 0
-5.042100e-01 4.286200e+00 3.209200e+00 -7.369400e-01 155 42 1.178000e+01 1.680000e+00 5.883700e+02 -3.918700e+01 0
-4.651900e-01 4.463400e+00 3.027100e+00 -7.369400e-01 156 42 1.238700e+01 1.680000e+00 5.980700e+02 1.075300e-01 0
-3.405000e-01 4.555700e+00 2.968300e+00 -7.369400e-01 157 42 1.250000e+01 1.680000e+00 6.170500e+02 1.455300e+01 0
-2.570100e-01 4.614400e+00 2.950300e+00 -7.369400e-01 158 42 1.216300e+01 1.680000e+00 6.293000e+02 2.099800e+01 0
-2.155400e-01 4.555100e+00 3.106700e+00 -7.369400e-01 159 42 1.130300e+01 1.680000e+00 6.339300e+02 -3.576800e+00 0
-2.602900e-01 4.078200e+00 3.759600e+00 -7.369400e-01 160 42 1.113800e+01 1.680000e+00 6.193500e+02 -1.378800e+02 0
-3.492300e-01 3.263100e+00 4.522500e+00 -7.369400e-01 161 42 1.160900e+01 1.680000e+00 5.837400e+02 -3.892100e+02 0
-2.372100e+00 5.072600e+00 -3.285400e-01 -7.369400e-01 162 42 1.207500e+01 1.680000e+00 3.755000e+02 4.408400e+02 0
-2.386800e+00 5.108700e+00 -3.298100e-01 -7.369400e-01 163 42 1.244300e+01 1.680000e+00 3.759500e+02 4.404300e+02 0
-2.346700e+00 5.856500e+00 -3.561300e-01 -7.369400e-01 184 42 1.339900e+01 1.680000e+00 4.207600e+02 4.331600e+02 0
-2.259100e+00 5.935000e+00 -3.588900e-01 -7.369400e-01 185 42 1.391900e+01 1.680000e+00 4.336100e+02 4.325400e+02 0
-2.271400e+00 5.950900e+00 -3.594500e-01 -7.369400e-01 186 42 1.385300e+01 1.680000e+00 4.330100e+02 4.324000e+02 0
-1.836700e+00 5.963700e+00 1.926200e+00 -7.369400e-01 188 42 1.388200e+01 1.680000e+00 4.793300e+02 2.008100e+02 0
-2.051700e+00 5.933600e+00 1.920900e+00 -7.369400e-01 189 42 1.389000e+01 1.680000e+00 4.558500e+02 2.007100e+02 0
-1.980300e+00 6.215600e+00 -3.687600e-01 -7.369400e-01 192 42 1.351500e+01 1.680000e+00 4.735100e+02 4.304400e+02 0
-1.990600e+00 6.106900e+00 1.924400e+00 -7.369400e-01 193 42 1.361000e+01 1.680000e+00 4.686900e+02 2.048400e+02 0
3.405000e-01 3.505200e+00 6.353200e+00 -7.369400e-01 209 42 1.331000e+01 1.680000e+00 7.064300e+02 -6.305000e+02 0
-1.213000e+00 8.505700e+00 -4.493700e-01 -7.369400e-01 248 42 1.351300e+01 1.680000e+00 5.898800e+02 4.179400e+02 0
-1.353300e+00 8.472800e+00 -4.482100e-01 -7.369400e-01 249 42 1.402100e+01 1.680000e+00 5.789900e+02 4.180300e+02 0
-1.494600e+00 8.329900e+00 1.999600e+00 -7.369400e-01 250 42 1.396400e+01 1.680000e+00 5.652000e+02 2.407100e+02 0
-1.500600e+00 7.945200e+00 3.293700e+00 -7.369400e-01 251 42 1.368900e+01 1.680000e+00 5.580400e+02 1.380600e+02 0
-1.501200e+00 8.743600e+00 2.240000e+00 -7.369400e-01 263 42 1.337400e+01 1.680000e+00 5.706400e+02 2.299300e+02 0
-1.793900e+00 8.648300e+00 2.519800e+00 -7.369400e-01 264 42 1.383500e+01 1.680000e+00 5.480900e+02 2.093300e+02 0
-2.016800e+00 8.622000e+00 2.568500e+00 -7.369400e-01 265 42 1.360900e+01 1.680000e+00 5.315700e+02 2.056200e+02 0
-1.638700e+00 9.208100e+00 1.850200e+00 -7.369400e-01 274 42 1.226200e+01 1.680000e+00 5.676100e+02 2.619600e+02 0
-1.196100e+00 8.989800e+00 3.052400e+00 -7.369400e-01 275 42 1.238100e+01 1.680000e+00 5.947600e+02 1.794500e+02 0
-8.253400e-01 8.512100e+00 4.370100e+00 -7.369400e-01 276 42 1.260900e+01 1.680000e+00 6.156000e+02 7.762600e+01 0
-1.103900e+00 8.630300e+00 5.115100e+00 -7.369400e-01 290 42 1.262300e+01 1.680000e+00 5.962000e+02 3.127400e+01 0
-1.028600e+00 8.972700e+00 4.583000e+00 -7.369400e-01 291 42 1.319400e+01 1.680000e+00 6.053300e+02 7.823700e+01 0
-1.032100e+00 9.015700e+00 4.575100e+00 -7.369400e-01 292 42 1.305700e+01 1.680000e+00 6.055100e+02 8.008600e+01 0
-3.313300e+00 1.201600e+01 3.132300e+00 -7.369400e-01 369 42 1.247700e+01 1.680000e+00 5.096200e+02 2.217300e+02 0
-3.322400e+00 1.201400e+01 3.270300e+00 -7.369400e-01 370 42 1.275400e+01 1.680000e+00 5.091200e+02 2.148900e+02 0
-3.230400e+00 1.206000e+01 3.331300e+00 -7.369400e-01 371 42 1.254600e+01 1.680000e+00 5.145200e+02 2.124000e+02 0
-2.471900e+00 4.595600e+00 -3.117500e-01 -7.049000e-01 152 43 1.126700e+01 1.680000e+00 3.289900e+02 4.467400e+02 0
-2.488300e+00 4.675500e+00 -3.145600e-01 -7.049000e-01 153 43 1.203300e+01 1.680000e+00 3.330400e+02 4.456500e+02 0
-2.462900e+00 4.733800e+00 -3.166100e-01 -7.049000e-01 154 43 1.234500e+01 1.680000e+00 3.408000e+02 4.449000e+02 0
-5.462200e-01 3.814700e+00 3.751600e+00 -7.049000e-01 155 43 1.297100e+01 1.680000e+00 5.683600e+02 -1.690400e+02 0
-5.074800e-01 3.981100e+00 3.632400e+00 -7.049000e-01 156 43 1.318900e+01 1.680000e+00 5.795400e+02 -1.304600e+02 0
-4.681900e-01 4.063000e+00 3.599100e+00 -7.049000e-01 157 43 1.302600e+01 1.680000e+00 5.877700e+02 -1.162200e+02 0
-3.855200e-01 4.128700e+00 3.587200e+00 -7.049000e-01 158 43 1.246900e+01 1.680000e+00 6.017600e+02 -1.074500e+02 0
-2.888300e+00 4.583100e+00 -3.113100e-01 -7.049000e-01 159 43 1.217500e+01 1.680000e+00 2.716800e+02 4.466100e+02 0
-2.459900e+00 5.018200e+00 -3.266200e-01 -7.049000e-01 162 43 1.355700e+01 1.680000e+00 3.611400e+02 4.414100e+02 0
-2.475200e+00 5.053500e+00 -3.278600e-01 -7.049000e-01 163 43 1.404600e+01 1.680000e+00 3.615700e+02 441 0
-2.446000e+00 5.115300e+00 -3.300400e-01 -7.049000e-01 164 43 1.384700e+01 1.680000e+00 3.691400e+02 4.403200e+02 0
-2.208900e+00 5.923700e+00 -3.584900e-01 -7.049000e-01 185 43 1.395800e+01 1.680000e+00 4.384200e+02 4.326600e+02 0
-2.170400e+00 5.950600e+00 -3.594400e-01 -7.049000e-01 186 43 1.397500e+01 1.680000e+00 4.436300e+02 4.324500e+02 0
-2.193900e+00 5.776900e+00 2.112800e+00 -7.049000e-01 188 43 1.438300e+01 1.680000e+00 4.343800e+02 1.768500e+02 0
-2.308200e+00 5.796100e+00 2.045600e+00 -7.049000e-01 189 43 1.463600e+01 1.680000e+00 4.230600e+02 1.844200e+02 0
-2.526800e+00 5.783700e+00 1.931600e+00 -7.049000e-01 190 43 1.380000e+01 1.680000e+00 3.992200e+02 1.959100e+02 0
-2.292900e+00 5.884200e+00 2.147500e+00 -7.049000e-01 192 43 1.409300e+01 1.680000e+00 4.286800e+02 1.767800e+02 0
-2.304900e+00 5.767700e+00 2.526100e+00 -7.049000e-01 193 43 1.376000e+01 1.680000e+00 4.223100e+02 1.344500e+02 0
-2.540700e+00 5.955700e+00 1.994300e+00 -7.049000e-01 195 43 1.358900e+01 1.680000e+00 4.061700e+02 1.944000e+02 0
-2.341000e+00 5.756400e+00 2.785800e+00 -7.049000e-01 196 43 1.384400e+01 1.680000e+00 4.180600e+02 1.076000e+02 0
-2.513400e+00 5.763500e+00 2.705400e+00 -7.049000e-01 197 43 1.367000e+01 1.680000e+00 4.000700e+02 1.163000e+02 0
-3.085500e+00 8.523200e+00 -4.499800e-01 -7.049000e-01 264 43 1.271600e+01 1.680000e+00 4.517700e+02 4.173500e+02 0
-2.737100e+00 8.608600e+00 1.845200e+00 -7.049000e-01 265 43 1.259000e+01 1.680000e+00 4.794900e+02 2.557900e+02 0
-1.768000e+00 9.625600e+00 5.679300e+00 -7.049000e-01 325 43 1.213500e+01 1.680000e+00 5.632200e+02 3.129500e+01 0
-4.994600e+00 9.894100e+00 4.162100e+00 -7.049000e-01 340 43 1.236000e+01 1.680000e+00 3.673200e+02 1.321400e+02 0
-4.731000e+00 9.955600e+00 4.415200e+00 -7.049000e-01 341 43 1.239400e+01 1.680000e+00 3.854500e+02 1.185100e+02 0
-3.825700e+00 1.188100e+01 3.204200e+00 -7.049000e-01 370 43 1.227700e+01 1.680000e+00 4.809200e+02 2.167600e+02 0
-3.836100e+00 1.181600e+01 3.555700e+00 -7.049000e-01 371 43 1.221400e+01 1.680000e+00 4.792200e+02 1.983500e+02 0
-3.547400e+00 1.181700e+01 6.092000e+00 -7.049000e-01 395 43 1.221600e+01 1.680000e+00 4.941700e+02 7.231000e+01 0
-3.772000e+00 1.195900e+01 5.749500e+00 -7.049000e-01 396 43 1.204200e+01 1.680000e+00 485 9.249700e+01 0
-3.791100e+00 1.216100e+01 5.474200e+00 -7.049000e-01 398 43 1.175100e+01 1.680000e+00 4.874200e+02 1.101000e+02 0
-3.800600e+00 1.195700e+01 5.981500e+00 -7.049000e-01 399 43 1.234300e+01 1.680000e+00 4.835000e+02 8.118400e+01 0
-3.701300e+00 1.174100e+01 6.528800e+00 -7.049000e-01 400 43 1.256100e+01 1.680000e+00 4.848900e+02 4.901300e+01 0
-3.492300e+00 1.160400e+01 6.950100e+00 -7.049000e-01 401 43 1.221200e+01 1.680000e+00 4.934700e+02 2.423900e+01 0
-2.541500e+00 1.237400e+01 6.362900e+00 -7.049000e-01 406 43 1.091400e+01 1.680000e+00 5.527900e+02 7.154400e+01 0
-1.810000e+00 3.268600e+00 -2.650400e-01 -6.728600e-01 108 44 9.889300e+00 1.680000e+00 3.070100e+02 4.733000e+02 0
-1.705500e+00 3.691400e+00 2.244800e+00 -6.728600e-01 134 44 1.063100e+01 1.680000e+00 3.723300e+02 5.297300e+01 0
-1.718300e+00 3.640900e+00 2.385700e+00 -6.728600e-01 135 44 1.163100e+01 1.680000e+00 3.660100e+02 2.632900e+01 0
-1.768000e+00 3.719200e+00 2.295600e+00 -6.728600e-01 136 44 1.158700e+01 1.680000e+00 3.645000e+02 4.743600e+01 0
-1.781100e+00 3.461700e+00 2.720800e+00 -6.728600e-01 137 44 1.097400e+01 1.680000e+00 3.390800e+02 -4.617000e+01 0
-1.644700e+00 2.906200e+00 3.426400e+00 -6.728600e-01 138 44 1.064300e+01 1.680000e+00 3.036400e+02 -2.587300e+02 0
-2.650600e+00 4.309300e+00 -3.016700e-01 -6.728600e-01 146 44 1.196000e+01 1.680000e+00 2.790900e+02 4.508100e+02 0
-2.566900e+00 4.445500e+00 -3.064700e-01 -6.728600e-01 148 44 1.210800e+01 1.680000e+00 3.034400e+02 4.488100e+02 0
-2.705500e+00 4.402600e+00 -3.049500e-01 -6.728600e-01 149 44 1.274800e+01 1.680000e+00 2.801300e+02 4.493400e+02 0
-2.764400e+00 4.407500e+00 -3.051300e-01 -6.728600e-01 150 44 1.296900e+01 1.680000e+00 2.723200e+02 4.492200e+02 0
-2.783000e+00 4.415500e+00 -3.054100e-01 -6.728600e-01 151 44 1.280000e+01 1.680000e+00 2.704800e+02 4.490900e+02 0
-2.513100e+00 4.635700e+00 -3.131600e-01 -6.728600e-01 152 44 1.243000e+01 1.680000e+00 3.266100e+02 4.461700e+02 0
-2.446800e+00 4.706400e+00 -3.156500e-01 -6.728600e-01 153 44 1.300800e+01 1.680000e+00 3.408800e+02 4.452700e+02 0
-2.421200e+00 4.743700e+00 -3.169600e-01 -6.728600e-01 154 44 1.292400e+01 1.680000e+00 3.470100e+02 4.448000e+02 0
-2.704400e+00 4.894000e+00 1.777100e+00 -6.728600e-01 169 44 1.356800e+01 1.680000e+00 3.244700e+02 1.851600e+02 0
-2.674400e+00 5.078000e+00 -3.287200e-01 -6.728600e-01 170 44 1.335100e+01 1.680000e+00 3.387600e+02 4.406000e+02 0
-2.449000e+00 5.714500e+00 1.999200e+00 -6.728600e-01 188 44 1.357900e+01 1.680000e+00 4.041100e+02 1.868700e+02 0
-2.462100e+00 5.842800e+00 1.705000e+00 -6.728600e-01 189 44 1.371600e+01 1.680000e+00 4.088300e+02 2.205100e+02 0
-2.578300e+00 5.887400e+00 1.502400e+00 -6.728600e-01 190 44 1.337600e+01 1.680000e+00 3.986900e+02 2.421200e+02 0
-2.553500e+00 5.793600e+00 2.099300e+00 -6.728600e-01 192 44 1.367800e+01 1.680000e+00 3.969800e+02 1.791000e+02 0
-2.933600e+00 5.685300e+00 2.008200e+00 -6.728600e-01 193 44 1.377500e+01 1.680000e+00 3.504800e+02 1.855000e+02 0
-2.873000e+00 5.506500e+00 2.793000e+00 -6.728600e-01 196 44 1.352600e+01 1.680000e+00 3.470700e+02 9.635600e+01 0
-2.941200e+00 5.600000e+00 2.615800e+00 -6.728600e-01 197 44 1.419000e+01 1.680000e+00 3.451400e+02 1.192300e+02 0
-3.063700e+00 5.664600e+00 2.420400e+00 -6.728600e-01 198 44 1.394800e+01 1.680000e+00 3.356800e+02 1.422600e+02 0
-2.863200e+00 5.869200e+00 2.273500e+00 -6.728600e-01 199 44 1.391500e+01 1.680000e+00 3.685600e+02 1.642200e+02 0
-2.553800e+00 6.112900e+00 2.979400e+00 -6.728600e-01 209 44 1.318100e+01 1.680000e+00 4.125700e+02 1.038500e+02 0
-2.936000e+00 5.919100e+00 3.262500e+00 -6.728600e-01 212 44 1.330500e+01 1.680000e+00 3.645300e+02 6.833600e+01 0
-2.776400e+00 6.004800e+00 3.324000e+00 -6.728600e-01 213 44 1.329700e+01 1.680000e+00 3.852600e+02 6.621900e+01 0
-3.826600e+00 7.956000e+00 -4.300200e-01 -6.728600e-01 256 44 1.244800e+01 1.680000e+00 3.766200e+02 4.195400e+02 0
-3.931600e+00 8.249400e+00 -4.403400e-01 -6.728600e-01 263 44 1.184500e+01 1.680000e+00 3.799200e+02 4.182300e+02 0
-3.731300e+00 8.382500e+00 -4.450300e-01 -6.728600e-01 264 44 1.211800e+01 1.680000e+00 3.997000e+02 4.177400e+02 0
-3.889600e+00 8.340600e+00 -4.435500e-01 -6.728600e-01 265 44 1.179000e+01 1.680000e+00 3.864500e+02 4.178600e+02 0
-3.285000e+00 7.935200e+00 6.061500e+00 -6.728600e-01 302 44 1.205800e+01 1.680000e+00 4.202800e+02 -6.222500e+01 0
-3.460700e+00 8.103500e+00 5.796000e+00 -6.728600e-01 303 44 1.247200e+01 1.680000e+00 4.125900e+02 -3.474900e+01 0
-3.554800e+00 8.267200e+00 5.566900e+00 -6.728600e-01 304 44 1.219900e+01 1.680000e+00 4.110200e+02 -1.115500e+01 0
-3.172600e+00 8.694300e+00 5.342900e+00 -6.728600e-01 307 44 1.183200e+01 1.680000e+00 4.510600e+02 2.093700e+01 0
-3.182900e+00 8.424600e+00 5.817600e+00 -6.728600e-01 308 44 1.236500e+01 1.680000e+00 4.428800e+02 -2.201100e+01 0
-3.193300e+00 8.472500e+00 5.806800e+00 -6.728600e-01 309 44 1.235800e+01 1.680000e+00 4.435100e+02 -1.916100e+01 0
-5.149000e+00 1.033600e+01 2.271400e+00 -6.728600e-01 338 44 1.212300e+01 1.680000e+00 3.710100e+02 2.494200e+02 0
-4.979800e+00 1.013500e+01 3.437100e+00 -6.728600e-01 339 44 1.279200e+01 1.680000e+00 3.754400e+02 1.793200e+02 0
-4.902100e+00 9.892500e+00 4.274200e+00 -6.728600e-01 340 44 1.322300e+01 1.680000e+00 3.729900e+02 1.254300e+02 0
-4.731000e+00 9.874700e+00 4.593200e+00 -6.728600e-01 341 44 1.310900e+01 1.680000e+00 3.830700e+02 1.060800e+02 0
-4.744900e+00 9.814900e+00 4.793100e+00 -6.728600e-01 342 44 1.248700e+01 1.680000e+00 3.804600e+02 9.275200e+01 0
-4.478900e+00 9.984900e+00 4.784800e+00 -6.728600e-01 343 44 1.166300e+01 1.680000e+00 4.017900e+02 9.747200e+01 0
-4.047600e+00 1.010000e+01 5.174000e+00 -6.728600e-01 346 44 1.154900e+01 1.680000e+00 4.310900e+02 7.765800e+01 0
-4.309800e+00 1.047000e+01 5.384700e+00 -6.728600e-01 360 44 1.218100e+01 1.680000e+00 4.249000e+02 7.594900e+01 0
-4.518200e+00 1.028700e+01 5.640800e+00 -6.728600e-01 361 44 1.233900e+01 1.680000e+00 4.080600e+02 5.680500e+01 0
-4.432300e+00 1.008400e+01 6.133000e+00 -6.728600e-01 362 44 1.225800e+01 1.680000e+00 4.077800e+02 2.262800e+01 0
-4.444500e+00 1.023200e+01 5.947100e+00 -6.728600e-01 363 44 1.195200e+01 1.680000e+00 4.110200e+02 3.786800e+01 0
-4.340900e+00 1.123400e+01 4.682100e+00 -6.728600e-01 371 44 1.133300e+01 1.680000e+00 4.409000e+02 1.313900e+02 0
-3.583500e+00 1.193300e+01 6.161300e+00 -6.728600e-01 399 44 1.108800e+01 1.680000e+00 4.942100e+02 7.170100e+01 0
-3.374700e+00 1.171600e+01 6.747200e+00 -6.728600e-01 400 44 1.156000e+01 1.680000e+00 5.014600e+02 3.729100e+01 0
-3.274100e+00 1.131900e+01 7.504200e+00 -6.728600e-01 401 44 1.141100e+01 1.680000e+00 5.002900e+02 -1.241800e+01 0
-3.094000e+00 1.187800e+01 7.027100e+00 -6.728600e-01 406 44 1.067100e+01 1.680000e+00 5.184300e+02 2.773800e+01 0
-3.766300e+00 1.248700e+01 5.561800e+00 -6.728600e-01 407 44 1.060600e+01 1.680000e+00 4.938900e+02 1.124000e+02 0
1.337500e+00 1.465900e+00 -2.015900e-01 -6.408200e-01 58 45 1.019000e+01 1.680000e+00 1.243500e+03 6.036600e+02 1
-1.669200e+00 3.729000e+00 2.209500e+00 -6.408200e-01 134 45 1.174000e+01 1.680000e+00 3.814000e+02 6.144000e+01 0
-1.718300e+00 3.709200e+00 2.278000e+00 -6.408200e-01 135 45 1.264000e+01 1.680000e+00 3.717700e+02 4.924500e+01 0
-1.768000e+00 3.714500e+00 2.303200e+00 -6.408200e-01 136 45 1.247100e+01 1.680000e+00 3.641100e+02 4.585400e+01 0
-1.558500e+00 3.054100e+00 3.286700e+00 -6.408200e-01 137 45 1.188600e+01 1.680000e+00 3.383000e+02 -2.047800e+02 0
-1.345600e+00 2.829700e+00 3.615700e+00 -6.408200e-01 138 45 1.258100e+01 1.680000e+00 3.568000e+02 -3.140600e+02 0
-2.974500e+00 3.772100e+00 -2.827600e-01 -6.408200e-01 139 45 1.213700e+01 1.680000e+00 1.674600e+02 4.600700e+02 0
-2.692600e+00 4.039100e+00 -2.921600e-01 -6.408200e-01 140 45 1.223900e+01 1.680000e+00 2.450300e+02 4.552700e+02 0
-2.712000e+00 4.027200e+00 -2.917400e-01 -6.408200e-01 141 45 1.275000e+01 1.680000e+00 2.407300e+02 4.554700e+02 0
-2.692900e+00 3.938100e+00 -2.886000e-01 -6.408200e-01 142 45 1.266300e+01 1.680000e+00 2.335200e+02 4.571100e+02 0
-2.805100e+00 4.363500e+00 -3.035800e-01 -6.408200e-01 150 45 1.381300e+01 1.680000e+00 2.623300e+02 4.498500e+02 0
-2.823900e+00 4.348000e+00 -3.030300e-01 -6.408200e-01 151 45 1.398500e+01 1.680000e+00 2.581200e+02 4.500700e+02 0
-2.883900e+00 4.325800e+00 -3.022500e-01 -6.408200e-01 152 45 1.330800e+01 1.680000e+00 2.473300e+02 4.503700e+02 0
-2.990900e+00 5.094000e+00 -3.292900e-01 -6.408200e-01 175 45 1.317300e+01 1.680000e+00 3.013400e+02 4.402300e+02 0
-3.008000e+00 5.103900e+00 1.501200e+00 -6.408200e-01 176 45 1.326800e+01 1.680000e+00 3.026900e+02 2.245200e+02 0
-2.709800e+00 5.710700e+00 2.130300e+00 -6.408200e-01 192 45 1.307400e+01 1.680000e+00 3.760200e+02 1.734500e+02 0
-2.881200e+00 5.688200e+00 2.074500e+00 -6.408200e-01 193 45 1.346400e+01 1.680000e+00 3.563400e+02 1.786700e+02 0
-3.175800e+00 5.648800e+00 1.976800e+00 -6.408200e-01 195 45 1.304700e+01 1.680000e+00 3.221300e+02 1.878900e+02 0
-3.139000e+00 5.577600e+00 2.326900e+00 -6.408200e-01 196 45 1.383900e+01 1.680000e+00 3.219300e+02 1.488200e+02 0
-3.208600e+00 5.617600e+00 2.236400e+00 -6.408200e-01 197 45 1.390300e+01 1.680000e+00 3.168800e+02 1.598100e+02 0
-3.386200e+00 5.670600e+00 1.926500e+00 -6.408200e-01 198 45 1.361200e+01 1.680000e+00 3.009100e+02 1.939500e+02 0
-3.349400e+00 5.706900e+00 2.006900e+00 -6.408200e-01 199 45 1.370100e+01 1.680000e+00 3.073800e+02 1.866800e+02 0
-3.257700e+00 5.695800e+00 2.290100e+00 -6.408200e-01 200 45 1.324500e+01 1.680000e+00 3.167600e+02 1.570500e+02 0
-2.510100e+00 5.082500e+00 4.080800e+00 -6.408200e-01 201 45 1.375500e+01 1.680000e+00 3.634600e+02 -7.159800e+01 0
-2.577500e+00 5.085400e+00 4.095000e+00 -6.408200e-01 202 45 1.367500e+01 1.680000e+00 3.557000e+02 -7.276500e+01 0
-2.314800e+00 6.381400e+00 1.919800e+00 -6.408200e-01 203 45 1.236200e+01 1.680000e+00 4.468300e+02 2.121600e+02 0
-2.824700e+00 5.681900e+00 3.161800e+00 -6.408200e-01 204 45 1.306700e+01 1.680000e+00 3.629700e+02 6.652800e+01 0
-2.160900e+00 5.933800e+00 4.376100e+00 -6.408200e-01 221 45 1.227100e+01 1.680000e+00 4.451000e+02 -4.062900e+01 0
-2.170700e+00 5.950000e+00 4.410600e+00 -6.408200e-01 222 45 1.231200e+01 1.680000e+00 4.447600e+02 -4.286800e+01 0
-2.543100e+00 6.934500e+00 3.887500e+00 -6.408200e-01 240 45 1.206700e+01 1.680000e+00 4.462800e+02 5.728800e+01 0
-3.625500e+00 8.527300e+00 5.037600e+00 -6.408200e-01 303 45 1.229800e+01 1.680000e+00 4.141700e+02 3.567100e+01 0
-3.802800e+00 8.523500e+00 4.986200e+00 -6.408200e-01 304 45 1.218400e+01 1.680000e+00 4.014300e+02 3.921800e+01 0
-4.147100e+00 8.482200e+00 4.854700e+00 -6.408200e-01 305 45 1.166900e+01 1.680000e+00 3.754500e+02 4.703900e+01 0
-3.827900e+00 8.074800e+00 5.796600e+00 -6.408200e-01 306 45 1.136700e+01 1.680000e+00 3.842500e+02 -3.558900e+01 0
-3.339500e+00 8.175800e+00 6.017100e+00 -6.408200e-01 307 45 1.213100e+01 1.680000e+00 424 -4.699400e+01 0
-3.434200e+00 8.166100e+00 6.039100e+00 -6.408200e-01 308 45 1.242600e+01 1.680000e+00 4.167000e+02 -4.885800e+01 0
-3.613500e+00 8.218100e+00 5.925000e+00 -6.408200e-01 309 45 1.213300e+01 1.680000e+00 4.052100e+02 -3.814900e+01 0
-4.887600e+00 9.912200e+00 4.146700e+00 -6.408200e-01 339 45 1.204300e+01 1.680000e+00 3.744400e+02 1.333800e+02 0
-4.809600e+00 9.594000e+00 4.998600e+00 -6.408200e-01 340 45 1.229100e+01 1.680000e+00 3.694800e+02 7.440200e+01 0
-4.638300e+00 9.468500e+00 5.461100e+00 -6.408200e-01 341 45 1.205500e+01 1.680000e+00 3.764700e+02 4.235300e+01 0
-4.372800e+00 9.349200e+00 5.940700e+00 -6.408200e-01 342 45 1.141300e+01 1.680000e+00 3.898900e+02 8.633500e+00 0
-4.235800e+00 9.937300e+00 5.336100e+00 -6.408200e-01 346 45 1.090100e+01 1.680000e+00 4.154400e+02 6.384800e+01 0
-4.814500e+00 9.137600e+00 6.271800e+00 -6.408200e-01 347 45 1.155900e+01 1.680000e+00 3.542200e+02 -1.942700e+01 0
1.154900e+00 1.350800e+00 -1.975400e-01 -6.087800e-01 52 46 1.048400e+01 1.680000e+00 1.198300e+03 6.228700e+02 1
1.149200e+00 1.395500e+00 -1.991200e-01 -6.087800e-01 53 46 1.113000e+01 1.680000e+00 1.177800e+03 6.144900e+02 1
1.142400e+00 1.442500e+00 -2.007700e-01 -6.087800e-01 54 46 1.074600e+01 1.680000e+00 1.157300e+03 6.062700e+02 1
1.305500e+00 1.407700e+00 -1.995400e-01 -6.087800e-01 56 46 1.088600e+01 1.680000e+00 1.252200e+03 6.133900e+02 1
1.329300e+00 1.434500e+00 -2.004900e-01 -6.087800e-01 57 46 1.268600e+01 1.680000e+00 1.252600e+03 6.088700e+02 1
1.337500e+00 1.472900e+00 -2.018400e-01 -6.087800e-01 58 46 1.331900e+01 1.680000e+00 1.240700e+03 6.025100e+02 1
1.360900e+00 1.494400e+00 -2.026000e-01 -6.087800e-01 59 46 1.292700e+01 1.680000e+00 1.243300e+03 5.992300e+02 1
1.384400e+00 1.503500e+00 -2.029200e-01 -6.087800e-01 60 46 1.139500e+01 1.680000e+00 1.250800e+03 5.979600e+02 1
-2.881200e+00 3.095700e+00 -2.589500e-01 -6.087800e-01 133 46 1.026400e+01 1.680000e+00 7.177900e+01 4.768500e+02 0
-2.903000e+00 3.540700e+00 -2.746200e-01 -6.087800e-01 134 46 1.214200e+01 1.680000e+00 1.456800e+02 4.651300e+02 0
-2.924800e+00 3.642100e+00 -2.781900e-01 -6.087800e-01 135 46 1.319800e+01 1.680000e+00 1.571600e+02 4.628400e+02 0
-2.946700e+00 3.679700e+00 -2.795100e-01 -6.087800e-01 136 46 1.358900e+01 1.680000e+00 1.589700e+02 4.620100e+02 0
-2.968500e+00 3.706600e+00 -2.804600e-01 -6.087800e-01 137 46 1.364800e+01 1.680000e+00 1.592200e+02 4.614200e+02 0
-2.952900e+00 3.748900e+00 -2.819500e-01 -6.087800e-01 138 46 1.345900e+01 1.680000e+00 1.677500e+02 4.605600e+02 0
-2.823900e+00 3.896600e+00 -2.871500e-01 -6.087800e-01 139 46 1.282600e+01 1.680000e+00 2.079300e+02 4.577700e+02 0
-2.768500e+00 3.954200e+00 -2.891700e-01 -6.087800e-01 140 46 1.347600e+01 1.680000e+00 2.235900e+02 4.567500e+02 0
-2.826600e+00 3.960600e+00 -2.894000e-01 -6.087800e-01 141 46 1.371800e+01 1.680000e+00 2.153100e+02 4.565700e+02 0
-2.846800e+00 3.958200e+00 -2.893100e-01 -6.087800e-01 142 46 1.320100e+01 1.680000e+00 2.118800e+02 4.566000e+02 0
-3.306300e+00 4.546800e+00 -3.100300e-01 -6.087800e-01 167 46 1.328700e+01 1.680000e+00 2.116900e+02 4.468100e+02 0
-3.280600e+00 4.548600e+00 1.600600e+00 -6.087800e-01 168 46 1.355500e+01 1.680000e+00 2.199400e+02 1.955200e+02 0
-3.208600e+00 4.623600e+00 1.658300e+00 -6.087800e-01 169 46 1.378500e+01 1.680000e+00 2.369900e+02 1.907400e+02 0
-3.181600e+00 4.613200e+00 1.852100e+00 -6.087800e-01 170 46 1.364500e+01 1.680000e+00 2.399400e+02 1.656900e+02 0
-3.547400e+00 5.626100e+00 1.759400e+00 -6.087800e-01 198 46 1.245900e+01 1.680000e+00 2.802400e+02 2.102900e+02 0
-3.565500e+00 5.646900e+00 1.792800e+00 -6.087800e-01 199 46 1.251900e+01 1.680000e+00 2.798400e+02 2.073600e+02 0
-2.564700e+00 4.604800e+00 4.583000e+00 -6.087800e-01 201 46 1.265300e+01 1.680000e+00 3.242000e+02 -1.759800e+02 0
-2.522700e+00 4.640000e+00 4.624000e+00 -6.087800e-01 202 46 1.251100e+01 1.680000e+00 3.323100e+02 -1.771900e+02 0
-2.769300e+00 5.700500e+00 3.177400e+00 -6.087800e-01 204 46 1.177600e+01 1.680000e+00 3.699200e+02 6.578500e+01 0
-3.395200e+00 4.637900e+00 4.209400e+00 -6.087800e-01 205 46 1.208800e+01 1.680000e+00 2.199700e+02 -1.242900e+02 0
-3.579600e+00 5.015300e+00 3.645300e+00 -6.087800e-01 206 46 1.230400e+01 1.680000e+00 2.311500e+02 -2.504500e+01 0
-4.046700e+00 5.480900e+00 2.310800e+00 -6.087800e-01 207 46 1.152700e+01 1.680000e+00 2.155800e+02 1.479500e+02 0
-5.770500e-01 5.465800e+00 -3.423700e-01 -6.087800e-01 236 46 1.145400e+01 1.680000e+00 6.058200e+02 4.377000e+02 0
-5.194800e+00 7.884200e+00 2.544200e+00 -6.087800e-01 281 46 1.129800e+01 1.680000e+00 2.700300e+02 1.950600e+02 0
-5.366700e+00 7.855500e+00 2.406900e+00 -6.087800e-01 282 46 1.113000e+01 1.680000e+00 2.551600e+02 2.048200e+02 0
-6.034100e+00 6.656800e+00 4.749400e+00 -6.087800e-01 292 46 1.142900e+01 1.680000e+00 1.240900e+02 -2.344800e+01 0
-5.510200e+00 7.746600e+00 4.148500e+00 -6.087800e-01 298 46 1.180700e+01 1.680000e+00 2.402200e+02 7.226700e+01 0
-5.691400e+00 7.878400e+00 3.721100e+00 -6.087800e-01 299 46 1.178500e+01 1.680000e+00 2.332700e+02 1.084100e+02 0
-5.380100e+00 7.644300e+00 5.666200e+00 -6.087800e-01 314 46 1.212000e+01 1.680000e+00 2.464300e+02 -4.483800e+01 0
-5.225900e+00 7.484700e+00 6.076200e+00 -6.087800e-01 315 46 1.231500e+01 1.680000e+00 2.500200e+02 -8.427900e+01 0
-5.328500e+00 8.140500e+00 5.134000e+00 -6.087800e-01 316 46 1.204700e+01 1.680000e+00 2.757700e+02 1.609600e+01 0
-5.780400e+00 8.315700e+00 4.807100e+00 -6.087800e-01 322 46 1.170200e+01 1.680000e+00 2.514800e+02 4.615100e+01 0
-5.798400e+00 8.176000e+00 5.097900e+00 -6.087800e-01 323 46 1.141100e+01 1.680000e+00 2.432600e+02 2.066000e+01 0
-5.375700e+00 8.720400e+00 4.722300e+00 -6.087800e-01 324 46 1.145600e+01 1.680000e+00 2.989400e+02 6.543200e+01 0
-5.038800e+00 8.930700e+00 4.783900e+00 -6.087800e-01 325 46 1.165300e+01 1.680000e+00 3.306400e+02 6.785900e+01 0
-4.788300e+00 8.832300e+00 5.280800e+00 -6.087800e-01 326 46 1.173700e+01 1.680000e+00 3.441100e+02 3.204000e+01 0
-4.892000e+00 8.469100e+00 5.827600e+00 -6.087800e-01 327 46 1.171900e+01 1.680000e+00 3.227500e+02 -1.834600e+01 0
-5.412000e+00 8.400900e+00 6.541300e+00 -6.087800e-01 343 46 1.113500e+01 1.680000e+00 2.836300e+02 -6.871300e+01 0
-5.427800e+00 8.940800e+00 5.838600e+00 -6.087800e-01 344 46 1.160100e+01 1.680000e+00 3.057300e+02 9.254000e-01 0
-5.256000e+00 9.265000e+00 5.555400e+00 -6.087800e-01 345 46 1.132600e+01 1.680000e+00 3.297000e+02 3.039500e+01 0
1.099300e+00 1.376500e+00 -1.984500e-01 -5.767400e-01 52 47 1.045400e+01 1.680000e+00 1.159400e+03 6.176000e+02 1
1.135000e+00 1.400600e+00 -1.992900e-01 -5.767400e-01 53 47 1.100200e+01 1.680000e+00 1.168700e+03 6.134800e+02 1
1.156800e+00 1.434700e+00 -2.005000e-01 -5.767400e-01 54 47 1.058100e+01 1.680000e+00 1.167200e+03 6.076900e+02 1
1.260500e+00 1.437000e+00 -2.005800e-01 -5.767400e-01 56 47 1.126000e+01 1.680000e+00 1.217500e+03 6.079800e+02 1
1.314000e+00 1.446700e+00 -2.009200e-01 -5.767400e-01 57 47 1.310400e+01 1.680000e+00 1.239900e+03 6.066900e+02 1
1.337500e+00 1.471100e+00 -2.017800e-01 -5.767400e-01 58 47 1.371100e+01 1.680000e+00 1.241400e+03 6.028100e+02 1
1.360900e+00 1.493100e+00 -2.025500e-01 -5.767400e-01 59 47 1.327300e+01 1.680000e+00 1.243800e+03 5.994400e+02 1
1.400500e+00 1.491700e+00 -2.025000e-01 -5.767400e-01 60 47 1.157600e+01 1.680000e+00 1.263200e+03 5.999000e+02 1
-2.895100e+00 3.529100e+00 -2.742100e-01 -5.767400e-01 132 47 1.088500e+01 1.680000e+00 1.452600e+02 4.654100e+02 0
-2.953200e+00 3.181000e+00 1.552700e+00 -5.767400e-01 133 47 1.062400e+01 1.680000e+00 8.403900e+01 1.344500e+02 0
-2.866700e+00 3.594100e+00 -2.765000e-01 -5.767400e-01 134 47 1.258000e+01 1.680000e+00 1.599600e+02 4.639600e+02 0
-2.888300e+00 3.681900e+00 -2.795900e-01 -5.767400e-01 135 47 1.391000e+01 1.680000e+00 1.690200e+02 4.620300e+02 0
-2.909800e+00 3.696400e+00 -2.801000e-01 -5.767400e-01 136 47 1.419200e+01 1.680000e+00 1.674800e+02 4.617000e+02 0
-2.894300e+00 3.745400e+00 -2.818200e-01 -5.767400e-01 137 47 1.371800e+01 1.680000e+00 1.768700e+02 4.606900e+02 0
-2.728700e+00 3.925200e+00 -2.881500e-01 -5.767400e-01 138 47 1.238800e+01 1.680000e+00 2.264000e+02 4.573200e+02 0
-2.146100e+00 4.314200e+00 -3.018400e-01 -5.767400e-01 139 47 1.235500e+01 1.680000e+00 3.522600e+02 4.511400e+02 0
-2.996000e+00 3.708100e+00 -2.805100e-01 -5.767400e-01 140 47 1.335300e+01 1.680000e+00 1.548600e+02 4.613600e+02 0
-3.017600e+00 3.726300e+00 -2.811500e-01 -5.767400e-01 141 47 1.354000e+01 1.680000e+00 1.539300e+02 4.609600e+02 0
-3.233100e+00 4.158900e+00 1.642400e+00 -5.767400e-01 159 47 1.304900e+01 1.680000e+00 1.837100e+02 1.743900e+02 0
-3.253600e+00 4.115800e+00 1.818700e+00 -5.767400e-01 160 47 1.379100e+01 1.680000e+00 1.760600e+02 1.474900e+02 0
-3.274100e+00 4.113600e+00 1.892500e+00 -5.767400e-01 161 47 1.384200e+01 1.680000e+00 1.730400e+02 1.369600e+02 0
-3.215700e+00 4.405100e+00 1.965500e+00 -5.767400e-01 167 47 1.298400e+01 1.680000e+00 2.146900e+02 1.416800e+02 0
-3.235000e+00 4.474400e+00 1.878500e+00 -5.767400e-01 168 47 1.318000e+01 1.680000e+00 2.190900e+02 1.563800e+02 0
-3.208600e+00 4.585500e+00 1.761200e+00 -5.767400e-01 169 47 1.296800e+01 1.680000e+00 2.335100e+02 1.761900e+02 0
-6.107800e+00 6.860900e+00 4.010400e+00 -5.767400e-01 288 47 1.194500e+01 1.680000e+00 1.324200e+02 4.875600e+01 0
-5.971900e+00 6.923200e+00 4.191400e+00 -5.767400e-01 289 47 1.241800e+01 1.680000e+00 1.491800e+02 3.635400e+01 0
-5.834900e+00 7.113300e+00 4.149600e+00 -5.767400e-01 290 47 1.294400e+01 1.680000e+00 1.744300e+02 4.786100e+01 0
-5.855100e+00 7.299500e+00 3.873900e+00 -5.767400e-01 291 47 1.311700e+01 1.680000e+00 1.850400e+02 7.722300e+01 0
-6.034100e+00 7.270900e+00 3.742100e+00 -5.767400e-01 292 47 1.277700e+01 1.680000e+00 1.683000e+02 8.676400e+01 0
-5.895500e+00 7.433800e+00 3.738000e+00 -5.767400e-01 293 47 1.233200e+01 1.680000e+00 1.904400e+02 9.272800e+01 0
-5.755800e+00 7.743800e+00 3.407300e+00 -5.767400e-01 294 47 1.179200e+01 1.680000e+00 2.201500e+02 1.276500e+02 0
-5.510200e+00 6.888400e+00 5.456200e+00 -5.767400e-01 298 47 1.246000e+01 1.680000e+00 1.883200e+02 -6.990600e+01 0
-5.610100e+00 7.169100e+00 5.043800e+00 -5.767400e-01 299 47 1.263500e+01 1.680000e+00 1.983200e+02 -2.110500e+01 0
-5.710500e+00 7.261200e+00 4.868400e+00 -5.767400e-01 300 47 1.228800e+01 1.680000e+00 1.958800e+02 -2.595000e+00 0
-5.520600e+00 7.478300e+00 4.983400e+00 -5.767400e-01 303 47 1.210800e+01 1.680000e+00 2.249100e+02 -1.494400e+00 0
-5.054600e+00 7.242700e+00 6.499600e+00 -5.767400e-01 315 47 1.192000e+01 1.680000e+00 2.504200e+02 -1.315600e+02 0
-5.500400e+00 7.797300e+00 5.474200e+00 -5.767400e-01 316 47 1.181500e+01 1.680000e+00 2.454400e+02 -2.306100e+01 0
-5.710500e+00 8.614300e+00 4.431800e+00 -5.767400e-01 323 47 1.108800e+01 1.680000e+00 2.707100e+02 8.167700e+01 0
-5.463900e+00 8.829900e+00 4.407200e+00 -5.767400e-01 324 47 1.112200e+01 1.680000e+00 2.974100e+02 8.966000e+01 0
-5.215600e+00 9.056400e+00 4.337200e+00 -5.767400e-01 325 47 1.114900e+01 1.680000e+00 3.234500e+02 1.005000e+02 0
-4.965700e+00 9.310500e+00 4.181100e+00 -5.767400e-01 326 47 1.119000e+01 1.680000e+00 3.493600e+02 1.169500e+02 0
-5.069900e+00 9.134500e+00 4.525000e+00 -5.767400e-01 327 47 1.119200e+01 1.680000e+00 3.362500e+02 9.063000e+01 0
-5.505300e+00 9.127700e+00 5.387900e+00 -5.767400e-01 343 47 1.097300e+01 1.680000e+00 3.079400e+02 3.639300e+01 0
-5.521400e+00 9.015000e+00 5.633200e+00 -5.767400e-01 344 47 1.135000e+01 1.680000e+00 3.024300e+02 1.691700e+01 0
-5.349800e+00 8.964500e+00 5.945100e+00 -5.767400e-01 345 47 1.111500e+01 1.680000e+00 3.119900e+02 -5.027100e+00 0
1.245500e+00 1.418400e+00 -1.999200e-01 -5.447000e-01 56 48 9.967200e+00 1.680000e+00 1.217400e+03 6.110900e+02 1
1.314000e+00 1.438700e+00 -2.006400e-01 -5.447000e-01 57 48 1.151500e+01 1.680000e+00 1.243200e+03 6.080500e+02 1
1.337500e+00 1.465800e+00 -2.015900e-01 -5.447000e-01 58 48 1.208600e+01 1.680000e+00 1.243600e+03 6.036800e+02 1
1.360900e+00 1.485100e+00 -2.022700e-01 -5.447000e-01 59 48 1.162100e+01 1.680000e+00 1247 6.007100e+02 1
-2.968500e+00 3.026300e+00 -2.565100e-01 -5.447000e-01 129 48 1.142800e+01 1.680000e+00 4.005600e+01 4.788500e+02 0
-3.097300e+00 2.972800e+00 -2.546300e-01 -5.447000e-01 130 48 1.201000e+01 1.680000e+00 2.105000e+00 4.803600e+02 0
-3.156700e+00 2.734600e+00 1.780200e+00 -5.447000e-01 131 48 1.184000e+01 1.680000e+00 -5.400600e+01 5.144800e+01 0
-3.538400e+00 2.782000e+00 -2.479200e-01 -5.447000e-01 132 48 1.172900e+01 1.680000e+00 -1.401100e+02 4.862200e+02 0
-3.601500e+00 2.875900e+00 -2.512200e-01 -5.447000e-01 133 48 1.188000e+01 1.680000e+00 -1.264200e+02 4.828100e+02 0
-3.229600e+00 3.336700e+00 -2.674400e-01 -5.447000e-01 134 48 1.223000e+01 1.680000e+00 5.273000e+01 4.697100e+02 0
-3.071100e+00 3.494000e+00 -2.729800e-01 -5.447000e-01 135 48 1.309900e+01 1.680000e+00 1.089800e+02 4.660300e+02 0
-3.020300e+00 3.479200e+00 -2.724500e-01 -5.447000e-01 136 48 1.320600e+01 1.680000e+00 1.154100e+02 4.664400e+02 0
-2.708700e+00 3.165600e+00 2.280400e+00 -5.447000e-01 137 48 1.203700e+01 1.680000e+00 1.305800e+02 8.795000e-02 0
-3.588400e+00 3.162900e+00 -2.613200e-01 -5.447000e-01 138 48 1.262600e+01 1.680000e+00 -5.059200e+01 4.739300e+02 0
-3.388700e+00 3.364200e+00 -2.684100e-01 -5.447000e-01 139 48 1.326500e+01 1.680000e+00 2.923200e+01 4.688100e+02 0
-3.299400e+00 3.426300e+00 -2.705900e-01 -5.447000e-01 140 48 1.343600e+01 1.680000e+00 5.694600e+01 4.673800e+02 0
-3.204500e+00 3.675900e+00 -2.793800e-01 -5.447000e-01 146 48 1.350600e+01 1.680000e+00 1.155100e+02 4.618300e+02 0
-3.266400e+00 3.608000e+00 1.520000e+00 -5.447000e-01 147 48 1.374100e+01 1.680000e+00 1.021700e+02 1.664600e+02 0
-3.288800e+00 3.635700e+00 1.523500e+00 -5.447000e-01 148 48 1.353700e+01 1.680000e+00 1.028800e+02 1.673900e+02 0
-3.297000e+00 4.028000e+00 1.933500e+00 -5.447000e-01 160 48 1.274300e+01 1.680000e+00 1.590400e+02 1.264400e+02 0
-3.317700e+00 4.093000e+00 1.861000e+00 -5.447000e-01 161 48 1.280100e+01 1.680000e+00 164 1.404100e+02 0
-9.713000e-01 4.876000e+00 -3.216100e-01 -5.447000e-01 179 48 1.183700e+01 1.680000e+00 5.435400e+02 4.441000e+02 0
-8.302500e-01 5.130200e+00 -3.305600e-01 -5.447000e-01 180 48 1.177100e+01 1.680000e+00 5.685300e+02 4.411400e+02 0
-8.348900e-01 5.394400e+00 -3.398600e-01 -5.447000e-01 181 48 1.163400e+01 1.680000e+00 5.741700e+02 4.382800e+02 0
-1.185200e+00 5.531100e+00 -3.446700e-01 -5.447000e-01 182 48 1.157600e+01 1.680000e+00 5.369100e+02 4.367200e+02 0
-1.340700e+00 5.540200e+00 -3.449900e-01 -5.447000e-01 183 48 1.168900e+01 1.680000e+00 5.193900e+02 4.365500e+02 0
-1.497900e+00 5.687700e+00 -3.501800e-01 -5.447000e-01 184 48 1.118400e+01 1.680000e+00 5.064600e+02 4.350800e+02 0
-2.685800e+00 6.954800e+00 -3.947800e-01 -5.447000e-01 215 48 1.108500e+01 1.680000e+00 4.333000e+02 4.251500e+02 0
-2.815700e+00 6.960500e+00 -3.949800e-01 -5.447000e-01 216 48 1.132100e+01 1.680000e+00 4.218600e+02 4.250700e+02 0
-6.298500e+00 6.272900e+00 4.477100e+00 -5.447000e-01 286 48 1.101500e+01 1.680000e+00 6.575700e+01 -2.091200e+01 0
-5.774300e+00 6.933300e+00 4.283400e+00 -5.447000e-01 287 48 1.113700e+01 1.680000e+00 1.669300e+02 2.896900e+01 0
-6.029500e+00 6.902400e+00 4.057400e+00 -5.447000e-01 288 48 1.231100e+01 1.680000e+00 1.424300e+02 4.657300e+01 0
-6.050500e+00 6.720400e+00 4.403400e+00 -5.447000e-01 289 48 1.286300e+01 1.680000e+00 1.270500e+02 9.176000e+00 0
-5.913800e+00 6.774600e+00 4.582400e+00 -5.447000e-01 290 48 1.327200e+01 1.680000e+00 1.436000e+02 -3.321300e+00 0
-5.934200e+00 6.997000e+00 4.289300e+00 -5.447000e-01 291 48 1.333000e+01 1.680000e+00 1.580400e+02 3.162000e+01 0
-6.034100e+00 7.269700e+00 3.744600e+00 -5.447000e-01 292 48 1.273000e+01 1.680000e+00 1.682200e+02 8.652300e+01 0
-5.610100e+00 5.968300e+00 6.419800e+00 -5.447000e-01 299 48 1.239600e+01 1.680000e+00 1.074400e+02 -2.216300e+02 0
-5.748700e+00 6.941000e+00 5.410700e+00 -5.447000e-01 302 48 1.239900e+01 1.680000e+00 1.717000e+02 -6.265400e+01 0
-5.767800e+00 6.961200e+00 5.432400e+00 -5.447000e-01 303 48 1.266200e+01 1.680000e+00 1.715700e+02 -6.320000e+01 0
-5.908300e+00 6.669000e+00 5.837200e+00 -5.447000e-01 306 48 1.193100e+01 1.680000e+00 1.383800e+02 -1.145100e+02 0
-2.592000e+00 2.364700e+00 2.597500e+00 -5.126600e-01 126 49 1.068200e+01 1.680000e+00 -1.943600e+01 -1.920800e+02 0
-2.612700e+00 2.472100e+00 2.534900e+00 -5.126600e-01 127 49 1.110000e+01 1.680000e+00 4.628600e+00 -1.549600e+02 0
-2.876000e+00 3.069700e+00 -2.580400e-01 -5.126600e-01 128 49 1.200600e+01 1.680000e+00 6.759400e+01 4.776400e+02 0
-3.073300e+00 3.080400e+00 -2.584200e-01 -5.126600e-01 129 49 1.328500e+01 1.680000e+00 3.077400e+01 4.770400e+02 0
-3.167700e+00 3.059700e+00 -2.576900e-01 -5.126600e-01 130 49 1.380200e+01 1.680000e+00 7.604900e+00 4.775300e+02 0
-3.298600e+00 2.944400e+00 -2.536300e-01 -5.126600e-01 131 49 1.351200e+01 1.680000e+00 -4.583900e+01 4.809900e+02 0
-3.324000e+00 2.943100e+00 -2.535800e-01 -5.126600e-01 132 49 1.257500e+01 1.680000e+00 -5.135200e+01 4.809900e+02 0
-3.097300e+00 3.388100e+00 -2.692500e-01 -5.126600e-01 133 49 1.256100e+01 1.680000e+00 8.615000e+01 4.685600e+02 0
-3.120700e+00 3.381000e+00 -2.690000e-01 -5.126600e-01 134 49 1.227100e+01 1.680000e+00 8.064800e+01 4.687100e+02 0
-3.327000e+00 3.211200e+00 -2.630200e-01 -5.126600e-01 135 49 1.238500e+01 1.680000e+00 9.566700e+00 4.729200e+02 0
-3.316300e+00 3.566700e+00 -2.755300e-01 -5.126600e-01 144 49 1.329400e+01 1.680000e+00 7.887300e+01 4.640900e+02 0
-3.261000e+00 3.527700e+00 -2.741600e-01 -5.126600e-01 145 49 1.349200e+01 1.680000e+00 8.169000e+01 4.650300e+02 0
-3.283600e+00 3.483200e+00 1.651800e+00 -5.126600e-01 146 49 1.381600e+01 1.680000e+00 7.929300e+01 1.377000e+02 0
-3.306300e+00 3.504600e+00 1.668500e+00 -5.126600e-01 147 49 1.389600e+01 1.680000e+00 7.917300e+01 1.362900e+02 0
-3.328900e+00 3.549200e+00 1.636000e+00 -5.126600e-01 148 49 1.337700e+01 1.680000e+00 8.270500e+01 1.444000e+02 0
-3.378300e+00 3.542500e+00 1.961400e+00 -5.126600e-01 152 49 1.285800e+01 1.680000e+00 7.481900e+01 9.093700e+01 0
-3.483600e+00 3.483000e+00 1.977800e+00 -5.126600e-01 153 49 1.377900e+01 1.680000e+00 4.684800e+01 8.401100e+01 0
-3.548300e+00 3.443000e+00 2.026300e+00 -5.126600e-01 154 49 1.353600e+01 1.680000e+00 2.881400e+01 7.298300e+01 0
-5.849700e+00 5.825200e+00 4.409900e+00 -5.126600e-01 269 49 1.127700e+01 1.680000e+00 6.463900e+01 -4.322100e+01 0
-5.651300e+00 6.349200e+00 4.000600e+00 -5.126600e-01 270 49 1.151500e+01 1.680000e+00 1.314800e+02 2.483000e+01 0
-6.159300e+00 6.438800e+00 5.577200e+00 -5.126600e-01 302 49 1.107000e+01 1.680000e+00 9.639600e+01 -1.075600e+02 0
-6.097400e+00 6.337100e+00 5.822200e+00 -5.126600e-01 303 49 1.130900e+01 1.680000e+00 9.362100e+01 -1.362800e+02 0
-6.137800e+00 7.961700e+00 3.413600e+00 -5.126600e-01 305 49 1.109300e+01 1.680000e+00 2.040100e+02 1.337200e+02 0
-6.074700e+00 7.262200e+00 4.880000e+00 -5.126600e-01 306 49 1.156700e+01 1.680000e+00 1.663800e+02 -2.896300e+00 0
-2.808100e+00 2.819900e+00 1.707700e+00 -4.806200e-01 125 50 1.059300e+01 1.680000e+00 4.007200e+01 7.413000e+01 0
-2.762500e+00 2.865900e+00 1.792200e+00 -4.806200e-01 126 50 1.069700e+01 1.680000e+00 6.015200e+01 6.146500e+01 0
-2.853300e+00 2.853700e+00 1.754400e+00 -4.806200e-01 127 50 1.162000e+01 1.680000e+00 3.845400e+01 6.813700e+01 0
-3.014600e+00 2.885000e+00 1.503600e+00 -4.806200e-01 128 50 1.279800e+01 1.680000e+00 1.063600e+01 1.219000e+02 0
-3.212900e+00 2.901700e+00 -2.521300e-01 -4.806200e-01 129 50 1.370800e+01 1.680000e+00 -3.876700e+01 4.825400e+02 0
-3.238000e+00 2.946100e+00 -2.536900e-01 -4.806200e-01 130 50 1.382400e+01 1.680000e+00 -3.300700e+01 4.810200e+02 0
-3.085800e+00 2.925100e+00 1.591800e+00 -4.806200e-01 131 50 1.301400e+01 1.680000e+00 5.876000e+00 1.078200e+02 0
-3.395500e+00 2.961600e+00 -2.542400e-01 -4.806200e-01 132 50 1.207400e+01 1.680000e+00 -6.128900e+01 4.802800e+02 0
-3.601500e+00 2.877200e+00 -2.512600e-01 -4.806200e-01 133 50 1.258500e+01 1.680000e+00 -1.260700e+02 4.827700e+02 0
-3.628700e+00 2.884100e+00 -2.515100e-01 -4.806200e-01 134 50 1.293200e+01 1.680000e+00 -1.298000e+02 4.824900e+02 0
-3.582900e+00 2.917900e+00 -2.527000e-01 -4.806200e-01 135 50 1.334300e+01 1.680000e+00 -1.110100e+02 4.814300e+02 0
-3.536000e+00 2.953400e+00 -2.539500e-01 -4.806200e-01 136 50 1.350300e+01 1.680000e+00 -9.195300e+01 4.803400e+02 0
-3.400700e+00 3.249300e+00 2.460900e+00 -4.806200e-01 153 50 1.292100e+01 1.680000e+00 1.995900e+01 -2.017700e+01 0
-3.548300e+00 3.204400e+00 2.385800e+00 -4.806200e-01 154 50 1.312600e+01 1.680000e+00 -1.637900e+01 -1.146700e+01 0
-1.305300e+00 4.342100e+00 -3.028200e-01 -4.806200e-01 185 50 1.128100e+01 1.680000e+00 4.761300e+02 4.513800e+02 0
-1.261900e+00 4.614700e+00 -3.124200e-01 -4.806200e-01 186 50 1.121200e+01 1.680000e+00 4.950200e+02 4.473600e+02 0
-5.598600e+00 7.029200e+00 2.856000e+00 -4.806200e-01 271 50 1.136700e+01 1.680000e+00 1.861800e+02 1.499200e+02 0
-6.499600e+00 5.610600e+00 4.456200e+00 -4.806200e-01 278 50 1.172900e+01 1.680000e+00 -2.489900e+01 -6.101500e+01 0
-6.447200e+00 5.737000e+00 4.447300e+00 -4.806200e-01 279 50 1.167000e+01 1.680000e+00 -4.716900e+00 -5.146500e+01 0
-6.242000e+00 5.367400e+00 5.212100e+00 -4.806200e-01 280 50 1.172900e+01 1.680000e+00 -2.513200e+01 -1.575600e+02 0
-6.111600e+00 4.884300e+00 5.866200e+00 -4.806200e-01 281 50 1.146100e+01 1.680000e+00 -7.323700e+01 -2.784400e+02 0
-2.778900e+00 1.725600e+00 1.657300e+00 -4.485700e-01 106 51 1.013600e+01 1.680000e+00 -3.431100e+02 -8.229900e+01 0
-2.834200e+00 1.685900e+00 1.681800e+00 -4.485700e-01 107 51 1.022900e+01 1.680000e+00 -3.843000e+02 -9.984600e+01 0
-2.977200e+00 2.771400e+00 -2.475400e-01 -4.485700e-01 125 51 1.052500e+01 1.680000e+00 -2.141100e+01 4.875500e+02 0
-2.898900e+00 3.045400e+00 -2.571900e-01 -4.485700e-01 126 51 1.055600e+01 1.680000e+00 5.804800e+01 4.783500e+02 0
-3.128400e+00 2.927600e+00 -2.530400e-01 -4.485700e-01 127 51 1.245100e+01 1.680000e+00 -1.488400e+01 4.818000e+02 0
-3.326400e+00 2.856200e+00 -2.505300e-01 -4.485700e-01 128 51 1.429800e+01 1.680000e+00 -7.423400e+01 4.839200e+02 0
-3.422500e+00 2.837300e+00 -2.498600e-01 -4.485700e-01 129 51 1.519800e+01 1.680000e+00 -9.961900e+01 4.844300e+02 0
-3.519600e+00 2.796000e+00 -2.484100e-01 -4.485700e-01 130 51 1.511900e+01 1.680000e+00 -1.319900e+02 4.857500e+02 0
-3.653300e+00 2.695300e+00 -2.448700e-01 -4.485700e-01 131 51 1.388700e+01 1.680000e+00 -1.918800e+02 4.892800e+02 0
-3.324000e+00 3.142100e+00 -2.605900e-01 -4.485700e-01 132 51 1.166500e+01 1.680000e+00 -4.712700e+00 4.748700e+02 0
-3.421400e+00 2.963700e+00 -2.543100e-01 -4.485700e-01 133 51 1.288300e+01 1.680000e+00 -6.603500e+01 4.801800e+02 0
-3.519900e+00 2.940700e+00 -2.535000e-01 -4.485700e-01 134 51 1.307200e+01 1.680000e+00 -9.201400e+01 4.807800e+02 0
-3.656000e+00 2.772500e+00 -2.475800e-01 -4.485700e-01 135 51 1.371100e+01 1.680000e+00 -1.682300e+02 4.863700e+02 0
-3.683300e+00 2.730500e+00 -2.461000e-01 -4.485700e-01 136 51 1.390600e+01 1.680000e+00 -1.872400e+02 4.878900e+02 0
-3.673500e+00 2.776100e+00 -2.477100e-01 -4.485700e-01 137 51 1.376100e+01 1.680000e+00 -1.708900e+02 4.862100e+02 0
-3.700500e+00 2.820100e+00 -2.492600e-01 -4.485700e-01 138 51 1.338600e+01 1.680000e+00 -1.633400e+02 4.845900e+02 0
-3.727500e+00 2.896400e+00 -2.519400e-01 -4.485700e-01 139 51 1.265200e+01 1.680000e+00 -1.467300e+02 4.819300e+02 0
-3.683300e+00 2.693600e+00 2.572800e+00 -4.485700e-01 151 51 1.285300e+01 1.680000e+00 -1.706800e+02 -1.164100e+02 0
-3.865600e+00 2.621700e+00 2.666200e+00 -4.485700e-01 155 51 1.247700e+01 1.680000e+00 -2.314300e+02 -1.473700e+02 0
-3.933000e+00 2.684700e+00 2.574100e+00 -4.485700e-01 156 51 1.279500e+01 1.680000e+00 -2.262700e+02 -1.168300e+02 0
-3.915800e+00 2.903600e+00 2.432500e+00 -4.485700e-01 157 51 1.261000e+01 1.680000e+00 -1.587000e+02 -5.563800e+01 0
-3.940900e+00 2.992900e+00 2.361200e+00 -4.485700e-01 158 51 1.215200e+01 1.680000e+00 -1.400300e+02 -3.035700e+01 0
-4.009100e+00 2.941100e+00 2.392500e+00 -4.485700e-01 159 51 1.216200e+01 1.680000e+00 -1.669300e+02 -4.256900e+01 0
-4.034500e+00 2.965200e+00 2.401000e+00 -4.485700e-01 160 51 1.280700e+01 1.680000e+00 -1.651700e+02 -4.097000e+01 0
-4.059800e+00 3.065800e+00 2.311200e+00 -4.485700e-01 161 51 1.296000e+01 1.680000e+00 -1.439600e+02 -1.188700e+01 0
-4.041300e+00 3.195200e+00 2.252300e+00 -4.485700e-01 162 51 1.239700e+01 1.680000e+00 -1.088000e+02 1.283900e+01 0
-3.803400e+00 2.517000e+00 3.464500e+00 -4.485700e-01 165 51 1.177500e+01 1.680000e+00 -2.443700e+02 -3.395000e+02 0
-3.871600e+00 2.662600e+00 3.335600e+00 -4.485700e-01 166 51 1.176900e+01 1.680000e+00 -2.124700e+02 -2.772800e+02 0
-2.229600e+00 5.801400e+00 -3.541900e-01 -4.485700e-01 228 51 1.087100e+01 1.680000e+00 4.308000e+02 4.336900e+02 0
-2.363900e+00 5.255600e+00 -3.349800e-01 -4.485700e-01 229 51 1.102300e+01 1.680000e+00 3.875400e+02 4.388500e+02 0
-2.374200e+00 4.768600e+00 -3.178300e-01 -4.485700e-01 230 51 1.099400e+01 1.680000e+00 3.549500e+02 4.445100e+02 0
-6.698700e+00 4.630200e+00 5.350400e+00 -4.485700e-01 280 51 1.103000e+01 1.680000e+00 -1.857900e+02 -2.485800e+02 0
-2.976100e+00 1.694700e+00 -2.096500e-01 -4.165300e-01 102 52 1.006600e+01 1.680000e+00 -4.685600e+02 5.528200e+02 0
-3.061200e+00 1.700700e+00 -2.098600e-01 -4.165300e-01 103 52 9.947800e+00 1.680000e+00 -4.939100e+02 5.519000e+02 0
-3.270800e+00 1.800100e+00 -2.133500e-01 -4.165300e-01 112 52 1.114100e+01 1.680000e+00 -4.976000e+02 5.419800e+02 0
-3.239100e+00 1.827200e+00 -2.143100e-01 -4.165300e-01 113 52 1.128500e+01 1.680000e+00 -4.701200e+02 5.397800e+02 0
-3.268100e+00 1.825700e+00 -2.142600e-01 -4.165300e-01 114 52 1.104400e+01 1.680000e+00 -4.803000e+02 5.398000e+02 0
-3.319900e+00 2.143700e+00 -2.254500e-01 -4.165300e-01 118 52 1.217400e+01 1.680000e+00 -3.232800e+02 5.168200e+02 0
-3.412700e+00 2.146400e+00 -2.255400e-01 -4.165300e-01 119 52 1.261100e+01 1.680000e+00 -3.475700e+02 5.164200e+02 0
-3.474000e+00 2.107000e+00 -2.241600e-01 -4.165300e-01 120 52 1.223000e+01 1.680000e+00 -3.837900e+02 5.187000e+02 0
-3.291800e+00 2.881000e+00 -2.514000e-01 -4.165300e-01 128 52 1.346700e+01 1.680000e+00 -6.048500e+01 4.831200e+02 0
-3.422500e+00 2.838500e+00 -2.499000e-01 -4.165300e-01 129 52 1.445100e+01 1.680000e+00 -9.928800e+01 4.843900e+02 0
-3.554800e+00 2.756900e+00 -2.470300e-01 -4.165300e-01 130 52 1.443800e+01 1.680000e+00 -1.511400e+02 4.871200e+02 0
-3.724200e+00 2.591500e+00 -2.412100e-01 -4.165300e-01 131 52 1.334200e+01 1.680000e+00 -2.429600e+02 4.933200e+02 0
-3.529400e+00 2.572100e+00 -2.405300e-01 -4.165300e-01 133 52 1.237400e+01 1.680000e+00 -2.049100e+02 4.945000e+02 0
-3.665000e+00 2.693300e+00 -2.447900e-01 -4.165300e-01 134 52 1.313400e+01 1.680000e+00 -1.951300e+02 4.893400e+02 0
-3.729200e+00 2.676100e+00 -2.441900e-01 -4.165300e-01 135 52 1.373800e+01 1.680000e+00 -2.149700e+02 4.898900e+02 0
-3.720100e+00 2.717300e+00 -2.456400e-01 -4.165300e-01 136 52 1.369800e+01 1.680000e+00 -1.994800e+02 4.883200e+02 0
-3.710600e+00 2.722700e+00 -2.458300e-01 -4.165300e-01 137 52 1.343600e+01 1.680000e+00 -1.956700e+02 4.881400e+02 0
-3.700500e+00 2.799300e+00 -2.485200e-01 -4.165300e-01 138 52 1.278500e+01 1.680000e+00 -1.696100e+02 4.853300e+02 0
-4.017500e+00 2.504300e+00 2.624800e+00 -4.165300e-01 156 52 1.246400e+01 1.680000e+00 -3.065500e+02 -1.596300e+02 0
-4.043500e+00 2.808300e+00 2.333400e+00 -4.165300e-01 157 52 1.223000e+01 1.680000e+00 -2.128900e+02 -4.873500e+01 0
-3.966000e+00 2.839400e+00 2.579900e+00 -4.165300e-01 159 52 1.186700e+01 1.680000e+00 -1.856200e+02 -9.322800e+01 0
-3.991100e+00 2.900600e+00 2.547900e+00 -4.165300e-01 160 52 1.248500e+01 1.680000e+00 -1.733500e+02 -7.789900e+01 0
-4.059800e+00 2.967500e+00 2.436000e+00 -4.165300e-01 161 52 1.247400e+01 1.680000e+00 -1.691100e+02 -4.716900e+01 0
-4.085200e+00 3.202000e+00 2.161600e+00 -4.165300e-01 162 52 1.173300e+01 1.680000e+00 -1.158000e+02 2.971500e+01 0
-2.139100e+00 4.498600e+00 -3.083300e-01 -4.165300e-01 197 52 1.114000e+01 1.680000e+00 3.672500e+02 4.483600e+02 0
-2.130000e+00 3.817000e+00 -2.843400e-01 -4.165300e-01 212 52 1.117500e+01 1.680000e+00 3.103900e+02 460 0
-1.966600e+00 4.472900e+00 -3.074300e-01 -4.165300e-01 213 52 1.113800e+01 1.680000e+00 3.894800e+02 4.488700e+02 0
-2.426100e+00 5.559200e+00 -3.456600e-01 -4.165300e-01 229 52 1.107800e+01 1.680000e+00 3.972500e+02 4.357800e+02 0
-2.311800e+00 4.997400e+00 -3.258900e-01 -4.165300e-01 230 52 1.109400e+01 1.680000e+00 3.782500e+02 4.417500e+02 0
-6.653400e+00 5.373000e+00 4.292800e+00 -4.165300e-01 275 52 1.073800e+01 1.680000e+00 -7.185500e+01 -6.132800e+01 0
-6.752700e+00 5.308400e+00 4.296000e+00 -4.165300e-01 276 52 1.095400e+01 1.680000e+00 -9.128600e+01 -6.625700e+01 0
-7.281500e+00 5.331900e+00 3.578900e+00 -4.165300e-01 279 52 1.099400e+01 1.680000e+00 -1.479100e+02 1.167900e+01 0
-7.003200e+00 5.077600e+00 4.484500e+00 -4.165300e-01 280 52 1.146800e+01 1.680000e+00 -1.518000e+02 -1.043000e+02 0
-6.875500e+00 4.952700e+00 4.880300e+00 -4.165300e-01 281 52 1.149900e+01 1.680000e+00 -1.551100e+02 -1.594200e+02 0
-6.900100e+00 4.948000e+00 4.920300e+00 -4.165300e-01 282 52 1.116500e+01 1.680000e+00 -1.584400e+02 -1.642100e+02 0
-7.001600e+00 5.342500e+00 4.407500e+00 -4.165300e-01 283 52 1.120100e+01 1.680000e+00 -1.126800e+02 -7.465000e+01 0
-7.103600e+00 5.611100e+00 3.966500e+00 -4.165300e-01 284 52 1.102000e+01 1.680000e+00 -8.856900e+01 -1.093500e+01 0
0 0 -1.500000e-01 -3.844900e-01 1 53 9.229000e+00 1.680000e+00 2167 -3.612800e+03 0
-2.810200e+00 1.711900e+00 -2.102500e-01 -3.844900e-01 101 53 1.023700e+01 1.680000e+00 -3.998900e+02 5.517900e+02 0
-2.865900e+00 1.687000e+00 -2.093800e-01 -3.844900e-01 102 53 1.090900e+01 1.680000e+00 -4.353400e+02 5.540300e+02 0
-2.977800e+00 1.697300e+00 -2.097400e-01 -3.844900e-01 103 53 1.135800e+01 1.680000e+00 -4.673800e+02 5.525600e+02 0
-3.063200e+00 1.696300e+00 -2.097000e-01 -3.844900e-01 104 53 1.211600e+01 1.680000e+00 -4.976000e+02 5.523200e+02 0
-3.092900e+00 1.738300e+00 -2.111800e-01 -3.844900e-01 105 53 1.248100e+01 1.680000e+00 -4.793200e+02 5.481900e+02 0
-3.122600e+00 1.767100e+00 -2.122000e-01 -3.844900e-01 106 53 1.201000e+01 1.680000e+00 -4.703400e+02 5.454300e+02 0
-3.065600e+00 1.783000e+00 -2.127500e-01 -3.844900e-01 107 53 1.071800e+01 1.680000e+00 -4.414100e+02 5.442200e+02 0
-3.383700e+00 2.045400e+00 -2.219900e-01 -3.844900e-01 118 53 1.285500e+01 1.680000e+00 -3.896700e+02 5.229500e+02 0
-3.444900e+00 2.098300e+00 -2.238500e-01 -3.844900e-01 119 53 1.324100e+01 1.680000e+00 -3.799700e+02 5.193300e+02 0
-3.474000e+00 2.108100e+00 -2.242000e-01 -3.844900e-01 120 53 1.281000e+01 1.680000e+00 -3.832300e+02 5.186300e+02 0
-3.871600e+00 2.300200e+00 -2.309600e-01 -3.844900e-01 130 53 1.270100e+01 1.680000e+00 -3.965200e+02 5.066200e+02 0
-4.114400e+00 1.678600e+00 -2.090800e-01 -3.844900e-01 131 53 1.203100e+01 1.680000e+00 -8.689600e+02 5.498900e+02 0
-3.673500e+00 2.513500e+00 -2.384600e-01 -3.844900e-01 133 53 1.274600e+01 1.680000e+00 -2.595000e+02 4.967700e+02 0
-3.701300e+00 2.620300e+00 -2.422200e-01 -3.844900e-01 134 53 1.293700e+01 1.680000e+00 -2.276800e+02 4.921800e+02 0
-3.765700e+00 2.649600e+00 -2.432500e-01 -3.844900e-01 135 53 1.280900e+01 1.680000e+00 -2.320800e+02 4.908800e+02 0
-4.186700e+00 2.470600e+00 2.381100e+00 -3.844900e-01 156 53 1.159700e+01 1.680000e+00 -3.608300e+02 -1.111000e+02 0
-4.171200e+00 2.904900e+00 1.960700e+00 -3.844900e-01 157 53 1.146800e+01 1.680000e+00 -2.130700e+02 3.685200e+01 0
-2.406400e+00 4.422300e+00 -3.056500e-01 -3.844900e-01 197 53 1.134900e+01 1.680000e+00 3.239300e+02 4.492800e+02 0
-2.628800e+00 5.103700e+00 -3.296300e-01 -3.844900e-01 236 53 1.057800e+01 1.680000e+00 3.461000e+02 4.403400e+02 0
-2.382400e+00 4.596900e+00 -3.117900e-01 -3.844900e-01 237 53 1.059300e+01 1.680000e+00 3.412000e+02 4.467900e+02 0
-7.284800e+00 4.525000e+00 3.661000e+00 -3.844900e-01 268 53 1.134700e+01 1.680000e+00 -2.876500e+02 -5.652100e+01 0
-7.312100e+00 4.660200e+00 3.523600e+00 -3.844900e-01 269 53 1.084100e+01 1.680000e+00 -2.652500e+02 -2.881400e+01 0
-7.205700e+00 5.156600e+00 3.968100e+00 -3.844900e-01 279 53 1.063200e+01 1.680000e+00 -1.644900e+02 -4.169900e+01 0
-6.927100e+00 4.777700e+00 4.911900e+00 -3.844900e-01 280 53 1.113400e+01 1.680000e+00 -1.898300e+02 -1.805500e+02 0
-6.951900e+00 4.519200e+00 5.183400e+00 -3.844900e-01 281 53 1.142700e+01 1.680000e+00 -2.378800e+02 -2.415000e+02 0
-7.053400e+00 4.493700e+00 5.134200e+00 -3.844900e-01 282 53 1.121500e+01 1.680000e+00 -2.556000e+02 -2.383600e+02 0
-7.155500e+00 4.834300e+00 4.734900e+00 -3.844900e-01 283 53 1.087500e+01 1.680000e+00 -2.077200e+02 -1.539600e+02 0
-7.103600e+00 5.522000e+00 4.089700e+00 -3.844900e-01 284 53 1.068800e+01 1.680000e+00 -9.994100e+01 -2.905300e+01 0
0 0 -1.500000e-01 -3.524500e-01 1 54 9.202600e+00 1.680000e+00 2167 -3.612800e+03 0
-3.061200e+00 1.637200e+00 -2.076200e-01 -3.524500e-01 103 54 1.126500e+01 1.680000e+00 -5.392100e+02 5.583300e+02 0
-3.119400e+00 1.644600e+00 -2.078800e-01 -3.524500e-01 104 54 1.275200e+01 1.680000e+00 -5.543400e+02 5.573000e+02 0
-3.121300e+00 1.712200e+00 -2.102600e-01 -3.524500e-01 105 54 1.337200e+01 1.680000e+00 -5.065700e+02 5.505400e+02 0
-3.122600e+00 1.772800e+00 -2.124000e-01 -3.524500e-01 106 54 1.296000e+01 1.680000e+00 -4.666900e+02 5.449200e+02 0
-3.152400e+00 1.796000e+00 -2.132100e-01 -3.524500e-01 107 54 1.108800e+01 1.680000e+00 -4.616900e+02 5.427600e+02 0
-3.329700e+00 2.028000e+00 -2.213800e-01 -3.524500e-01 114 54 1.215200e+01 1.680000e+00 -3.831100e+02 5.242800e+02 0
-3.846500e+00 2.469200e+00 -2.369100e-01 -3.524500e-01 134 54 1.178600e+01 1.680000e+00 -3.175600e+02 4.984100e+02 0
-3.978000e+00 2.220500e+00 -2.281500e-01 -3.524500e-01 136 54 1.204000e+01 1.680000e+00 -4.625900e+02 5.106900e+02 0
-4.007400e+00 2.257700e+00 -2.294600e-01 -3.524500e-01 137 54 1.271200e+01 1.680000e+00 -4.516400e+02 5.085700e+02 0
-4.074300e+00 2.262400e+00 -2.296300e-01 -3.524500e-01 138 54 1.268800e+01 1.680000e+00 -4.664500e+02 5.081600e+02 0
-4.217000e+00 2.179100e+00 -2.266900e-01 -3.524500e-01 139 54 1.201600e+01 1.680000e+00 -5.474000e+02 5.124500e+02 0
-4.256300e+00 2.238900e+00 2.076900e+00 -3.524500e-01 151 54 1.208000e+01 1.680000e+00 -4.844100e+02 -8.168300e+01 0
-4.284700e+00 2.348700e+00 1.983500e+00 -3.524500e-01 152 54 1.175300e+01 1.680000e+00 -4.410800e+02 -4.011900e+01 0
-4.453800e+00 1.776300e+00 2.435800e+00 -3.524500e-01 155 54 1.126500e+01 1.680000e+00 -8.146900e+02 -2.929000e+02 0
-4.186700e+00 2.607100e+00 2.230700e+00 -3.524500e-01 156 54 1.082400e+01 1.680000e+00 -3.108900e+02 -5.591700e+01 0
-7.357600e+00 3.769700e+00 4.312900e+00 -3.524500e-01 268 54 1.100400e+01 1.680000e+00 -4.724800e+02 -2.260700e+02 0
-7.458300e+00 3.086000e+00 4.738100e+00 -3.524500e-01 269 54 1.067300e+01 1.680000e+00 -7.146100e+02 -4.129900e+02 0
-6.646300e+00 3.706600e+00 6.140600e+00 -3.524500e-01 281 54 1.036200e+01 1.680000e+00 -3.696800e+02 -4.973900e+02 0
-7.206700e+00 4.040000e+00 5.295700e+00 -3.524500e-01 282 54 1.047800e+01 1.680000e+00 -3.722900e+02 -3.202800e+02 0
-7.386300e+00 3.706100e+00 5.357100e+00 -3.524500e-01 283 54 1.028000e+01 1.680000e+00 -4.844200e+02 -3.833500e+02 0
-3.203700e+00 1.528900e+00 -2.038100e-01 -3.204100e-01 104 55 1.176300e+01 1.680000e+00 -6.788100e+02 5.698200e+02 0
-3.149600e+00 1.689900e+00 -2.094800e-01 -3.204100e-01 105 55 1.251200e+01 1.680000e+00 -5.319600e+02 5.526000e+02 0
-3.151300e+00 1.743500e+00 -2.113700e-01 -3.204100e-01 106 55 1.214600e+01 1.680000e+00 -4.954500e+02 5.474800e+02 0
-3.152400e+00 1.837300e+00 -2.146700e-01 -3.204100e-01 107 55 1.011300e+01 1.680000e+00 -4.361300e+02 5.392300e+02 0
-3.136300e+00 2.344300e+00 1.589000e+00 -3.204100e-01 122 55 1.166200e+01 1.680000e+00 -1.697800e+02 4.844300e+01 0
-3.195500e+00 2.262300e+00 1.680500e+00 -3.204100e-01 123 55 1.153700e+01 1.680000e+00 -2.136500e+02 1.489100e+01 0
-3.478700e+00 1.636000e+00 2.068600e+00 -3.204100e-01 126 55 1.252500e+01 1.680000e+00 -6.241500e+02 -2.360200e+02 0
-3.575300e+00 1.540300e+00 2.051300e+00 -3.204100e-01 127 55 1.216300e+01 1.680000e+00 -7.337100e+02 -2.629900e+02 0
-4.058200e+00 2.088200e+00 -2.235000e-01 -3.204100e-01 135 55 1.176200e+01 1.680000e+00 -5.560100e+02 5.183200e+02 0
-4.014800e+00 2.198900e+00 -2.273900e-01 -3.204100e-01 136 55 1.218200e+01 1.680000e+00 -4.833900e+02 5.118200e+02 0
-4.007400e+00 2.254800e+00 -2.293600e-01 -3.204100e-01 137 55 1.220700e+01 1.680000e+00 -4.530300e+02 5.087300e+02 0
-4.036900e+00 2.284400e+00 -2.304000e-01 -3.204100e-01 138 55 1.210700e+01 1.680000e+00 -4.461000e+02 5.070800e+02 0
-4.104000e+00 2.285300e+00 -2.304300e-01 -3.204100e-01 139 55 1.198200e+01 1.680000e+00 -4.627300e+02 5.068800e+02 0
-4.338100e+00 2.029800e+00 2.121900e+00 -3.204100e-01 151 55 1.151000e+01 1.680000e+00 -6.178200e+02 -1.354600e+02 0
-4.325900e+00 1.887400e+00 2.352300e+00 -3.204100e-01 152 55 1.172400e+01 1.680000e+00 -6.995000e+02 -2.354600e+02 0
-4.313000e+00 1.544700e+00 2.681500e+00 -3.204100e-01 153 55 1.132600e+01 1.680000e+00 -9.608100e+02 -4.643000e+02 0
-4.424900e+00 4.788100e-01 2.956600e+00 -3.204100e-01 154 55 1.110500e+01 1.680000e+00 -3.605900e+03 -1.976500e+03 0
-4.495800e+00 1.920300e+00 2.241700e+00 -3.204100e-01 155 55 1.125000e+01 1.680000e+00 -7.279800e+02 -1.937500e+02 0
-4.525000e+00 2.489300e+00 1.621500e+00 -3.204100e-01 156 55 1.113800e+01 1.680000e+00 -4.403300e+02 6.356300e+01 0
-4.511700e+00 2.575400e+00 1.641100e+00 -3.204100e-01 157 55 1.094700e+01 1.680000e+00 -4.013500e+02 6.863000e+01 0
-2.710900e+00 2.892200e+00 -2.517900e-01 -3.204100e-01 185 55 1.088500e+01 1.680000e+00 6.423900e+01 4.836500e+02 0
-3.162700e+00 7.207300e-01 -1.753700e-01 -3.204100e-01 208 55 1.078000e+01 1.680000e+00 -2.120400e+03 7.705300e+02 0
-3.291500e+00 7.587500e-01 -1.767000e-01 -3.204100e-01 209 55 1.070700e+01 1.680000e+00 -2.073500e+03 7.497200e+02 0
-7.635100e+00 4.007100e+00 3.263800e+00 -3.204100e-01 265 55 1.052200e+01 1.680000e+00 -4.565300e+02 -5.122900e+01 0
-7.591700e+00 4.444100e+00 2.874900e+00 -3.204100e-01 266 55 1.088200e+01 1.680000e+00 -3.486000e+02 3.504100e+01 0
-7.402600e+00 5.320000e+00 1.787300e+00 -3.204100e-01 267 55 1.035700e+01 1.680000e+00 -1.714300e+02 2.021100e+02 0
-7.578100e+00 4.627600e+00 3.659700e+00 -3.204100e-01 276 55 1.059800e+01 1.680000e+00 -3.029200e+02 -4.693500e+01 0
-7.605600e+00 4.676000e+00 3.632700e+00 -3.204100e-01 277 55 1.063800e+01 1.680000e+00 -2.967900e+02 -3.974100e+01 0
-3.444600e+00 8.325600e-01 2.549200e+00 -2.883700e-01 126 56 1.153200e+01 1.680000e+00 -1652 -1.006500e+03 0
-3.472100e+00 1.027500e+00 2.500300e+00 -2.883700e-01 127 56 1.135500e+01 1.680000e+00 -1282 -7.570200e+02 0
-4.239900e+00 1.936600e+00 -2.181600e-01 -2.883700e-01 141 56 1.175700e+01 1.680000e+00 -7.042900e+02 5.280200e+02 0
-4.385600e+00 1.886200e+00 -2.163900e-01 -2.883700e-01 142 56 1.242200e+01 1.680000e+00 -7.840200e+02 5.312900e+02 0
-4.455400e+00 1.885500e+00 -2.163600e-01 -2.883700e-01 143 56 1.244300e+01 1.680000e+00 -8.054500e+02 5.311300e+02 0
-4.486800e+00 1.984700e+00 -2.198500e-01 -2.883700e-01 144 56 1.189400e+01 1.680000e+00 -7.421700e+02 5.239100e+02 0
-4.553100e+00 2.292400e+00 -2.306800e-01 -2.883700e-01 150 56 1.146600e+01 1.680000e+00 -5.722400e+02 5.054900e+02 0
-4.542800e+00 2.192900e+00 -2.271800e-01 -2.883700e-01 151 56 1.183800e+01 1.680000e+00 -6.250100e+02 5.108700e+02 0
-4.573000e+00 1.947300e+00 1.761900e+00 -2.883700e-01 152 56 1.179600e+01 1.680000e+00 -7.429000e+02 -5.266300e+01 0
-4.644800e+00 1.238200e+00 2.251900e+00 -2.883700e-01 153 56 1.135200e+01 1.680000e+00 -1471 -4.626200e+02 0
-4.832000e+00 1.681000e+00 1.658700e+00 -2.883700e-01 155 56 1.077300e+01 1.680000e+00 -1.035300e+03 -7.751900e+01 0
-4.778800e+00 2.385600e+00 -2.339600e-01 -2.883700e-01 156 56 1.110000e+01 1.680000e+00 -5.786400e+02 5.004000e+02 0
-4.767000e+00 2.557700e+00 -2.400200e-01 -2.883700e-01 157 56 1.107900e+01 1.680000e+00 -4.931700e+02 4.928000e+02 0
-4.669100e+00 2.872100e+00 -2.510900e-01 -2.883700e-01 158 56 1.069300e+01 1.680000e+00 -3.471300e+02 4.813000e+02 0
-4.916500e+00 2.998200e+00 -2.555200e-01 -2.883700e-01 171 56 1.040800e+01 1.680000e+00 -3.527600e+02 4.769400e+02 0
-3.575300e+00 3.078400e+00 -2.583500e-01 -2.883700e-01 235 56 1.046900e+01 1.680000e+00 -6.818600e+01 4.764000e+02 0
-3.462300e+00 2.627100e+00 -2.424600e-01 -2.883700e-01 236 56 1.044700e+01 1.680000e+00 -1.711800e+02 4.923300e+02 0
-7.677900e+00 3.135900e+00 3.946700e+00 -2.883700e-01 264 56 1.031100e+01 1.680000e+00 -7.429200e+02 -2.697700e+02 0
-7.635100e+00 3.822500e+00 3.478200e+00 -2.883700e-01 265 56 1.072700e+01 1.680000e+00 -5.055300e+02 -1.000700e+02 0
-7.591700e+00 4.494700e+00 2.795000e+00 -2.883700e-01 266 56 1.032400e+01 1.680000e+00 -3.381900e+02 4.838900e+01 0
-7.576200e+00 4.640800e+00 2.830500e+00 -2.883700e-01 268 56 1.053000e+01 1.680000e+00 -3.056000e+02 5.333900e+01 0
-7.385200e+00 5.434600e+00 1.876900e+00 -2.883700e-01 269 56 1.055600e+01 1.680000e+00 -1.517300e+02 1.958300e+02 0
0 0 -1.500000e-01 -2.563300e-01 1 57 9.543400e+00 1.680000e+00 2167 -3.612800e+03 0
-3.895900e+00 2.187300e+00 -2.269800e-01 -2.563300e-01 132 57 1.097800e+01 1.680000e+00 -4.578800e+02 5.127700e+02 0
-3.817600e+00 2.159300e+00 -2.260000e-01 -2.563300e-01 133 57 1.086800e+01 1.680000e+00 -4.513000e+02 5.146000e+02 0
-4.462500e+00 1.840000e+00 -2.147600e-01 -2.563300e-01 142 57 1.238500e+01 1.680000e+00 -8.432400e+02 5.346200e+02 0
-4.532900e+00 1.860700e+00 -2.154900e-01 -2.563300e-01 143 57 1.264700e+01 1.680000e+00 -8.479800e+02 5.327700e+02 0
-4.564900e+00 1.920300e+00 -2.175900e-01 -2.563300e-01 144 57 1.218000e+01 1.680000e+00 -8.113800e+02 5.282200e+02 0
-4.675100e+00 2.022800e+00 -2.212000e-01 -2.563300e-01 150 57 1.192100e+01 1.680000e+00 -7.686800e+02 5.208400e+02 0
-4.665500e+00 2.178600e+00 -2.266800e-01 -2.563300e-01 151 57 1.211800e+01 1.680000e+00 -6.654500e+02 5.113800e+02 0
-4.655400e+00 2.349300e+00 -2.326900e-01 -2.563300e-01 152 57 1.180900e+01 1.680000e+00 -5.675700e+02 5.024100e+02 0
-4.852200e+00 1.369800e+00 2.064300e+00 -2.563300e-01 157 57 1.092900e+01 1.680000e+00 -1.372600e+03 -3.196900e+02 0
-4.840400e+00 2.018700e+00 1.599400e+00 -2.563300e-01 158 57 1.122300e+01 1.680000e+00 -7.716500e+02 6.606200e+00 0
-4.871300e+00 2.218900e+00 -2.281000e-01 -2.563300e-01 159 57 1.124900e+01 1.680000e+00 -6.942800e+02 5.086500e+02 0
-7.103900e+00 4.794300e+00 3.303100e+00 -2.563300e-01 264 57 1.043300e+01 1.680000e+00 -2.168600e+02 6.533100e+00 0
-4.649200e+00 1.634300e+00 -2.075200e-01 -2.242900e-01 143 58 1.133100e+01 1.680000e+00 -1.090900e+03 5.520800e+02 0
-4.603900e+00 1.707000e+00 -2.100800e-01 -2.242900e-01 144 58 1.124500e+01 1.680000e+00 -1.003700e+03 5.453800e+02 0
-4.518200e+00 2.050300e+00 -2.221600e-01 -2.242900e-01 145 58 1.103000e+01 1.680000e+00 -7.065400e+02 5.194900e+02 0
-4.840400e+00 1.456800e+00 2.123900e+00 -2.242900e-01 158 58 1.082500e+01 1.680000e+00 -1.256200e+03 -3.048100e+02 0
-4.914400e+00 1.822500e+00 1.724700e+00 -2.242900e-01 159 58 1.109200e+01 1.680000e+00 -9.342900e+02 -6.530400e+01 0
-5.075600e+00 1.498300e+00 1.681300e+00 -2.242900e-01 160 58 1.072200e+01 1.680000e+00 -1.307300e+03 -1.314300e+02 0
-5.649400e+00 1.931900e+00 -2.179900e-01 -2.242900e-01 175 58 1.029400e+01 1.680000e+00 -1.112800e+03 5.241900e+02 0
0 0 -1.500000e-01 -3.204100e-02 1 64 1.562900e+01 1.680000e+00 2167 -3.612800e+03 0
-7.093800e-02 1.125300e-01 -1.539600e-01 -3.204100e-02 5 64 1.423100e+01 1.680000e+00 -3.060700e+03 7.583100e+03 0
-1.585200e-01 1.860400e-01 -1.565500e-01 -3.204100e-02 8 64 1.340000e+01 1.680000e+00 -1.090900e+03 2.896100e+03 0
-1.986300e-01 1.949700e-01 -1.568600e-01 -3.204100e-02 9 64 1.290300e+01 1.680000e+00 -1.146900e+03 2.693700e+03 0
-2.455500e-01 1.892800e-01 -1.566600e-01 -3.204100e-02 10 64 1.271600e+01 1.680000e+00 -1.449500e+03 2.770300e+03 0
-2.619200e-01 2.211600e-01 -1.577800e-01 -3.204100e-02 11 64 1.213700e+01 1.680000e+00 -1.070700e+03 2.274100e+03 0
-2.881200e-01 2.337700e-01 -1.582300e-01 -3.204100e-02 12 64 1.174700e+01 1.680000e+00 -1.028500e+03 2.123400e+03 0
-3.110400e-01 2.761500e-01 -1.597200e-01 -3.204100e-02 13 64 1.098000e+01 1.680000e+00 -7.475000e+02 1.770200e+03 0
3.609700e-01 3.031400e-01 -1.606700e-01 -3.204100e-02 28 64 1.215400e+01 1.680000e+00 1.248300e+03 1.745200e+03 0
6.799100e-01 6.433800e-01 -1.726400e-01 -3.204100e-02 29 64 1.371500e+01 1.680000e+00 1.284600e+03 9.249200e+02 0
6.725500e-01 7.409600e-01 -1.760800e-01 -3.204100e-02 30 64 1.465600e+01 1.680000e+00 1.187600e+03 8.427000e+02 0
6.711800e-01 8.039700e-01 -1.783000e-01 -3.204100e-02 31 64 1.484500e+01 1.680000e+00 1.142400e+03 8.017500e+02 0
6.766400e-01 8.288200e-01 -1.791700e-01 -3.204100e-02 32 64 1.434700e+01 1.680000e+00 1132 7.876600e+02 0
6.810000e-01 8.681700e-01 -1.805600e-01 -3.204100e-02 33 64 1.288900e+01 1.680000e+00 1.113300e+03 7.671200e+02 0
7.792300e-01 8.874100e-01 -1.812300e-01 -3.204100e-02 35 64 1.026700e+01 1.680000e+00 1.184100e+03 7.594900e+02 0
-8.021400e-01 9.212000e-01 -1.824200e-01 -3.204100e-02 36 64 1.105100e+01 1.680000e+00 -1.382500e+01 7.199800e+02 0
-8.348900e-01 9.217800e-01 -1.824400e-01 -3.204100e-02 37 64 1.150400e+01 1.680000e+00 -3.622000e+01 7.192900e+02 0
-8.681700e-01 9.135600e-01 -1.821500e-01 -3.204100e-02 38 64 1.110600e+01 1.680000e+00 -6.652900e+01 7.219900e+02 0
