0 0 -1.500000e-01 0 1 65 1.662600e+01 1.120000e+00 2167 -3.612800e+03 0
-7.202900e-02 1.116600e-01 -1.526200e-01 0 5 65 1.529700e+01 1.120000e+00 -3.151400e+03 7.703600e+03 0
-1.585200e-01 1.861000e-01 -1.543700e-01 0 8 65 1.443900e+01 1.120000e+00 -1.088800e+03 2.881600e+03 0
-2.008100e-01 1.909500e-01 -1.544800e-01 0 9 65 1.375200e+01 1.120000e+00 -1.215500e+03 2.754500e+03 0
-2.504700e-01 1.830100e-01 -1.542900e-01 0 10 65 1.372200e+01 1.120000e+00 -1.585800e+03 2.881200e+03 0
-2.619200e-01 2.224800e-01 -1.552200e-01 0 11 65 1.319700e+01 1.120000e+00 -1.054800e+03 2.246700e+03 0
-2.881200e-01 2.312900e-01 -1.554300e-01 0 12 65 1.277100e+01 1.120000e+00 -1.052900e+03 2.138100e+03 0
-3.044900e-01 2.818000e-01 -1.566100e-01 0 13 65 1.201600e+01 1.120000e+00 -6.917600e+02 1.725600e+03 0
-3.050300e-01 3.052400e-01 -1.571600e-01 0 14 65 1.154800e+01 1.120000e+00 -5.586900e+02 1.594500e+03 0
-1.222300e-01 3.541200e-01 -1.583100e-01 0 15 65 1.132800e+01 1.120000e+00 3.786700e+01 1.411900e+03 0
3.536000e-01 3.290800e-01 -1.577200e-01 0 28 65 1.313100e+01 1.120000e+00 1.168900e+03 1.588100e+03 0
6.799100e-01 6.412400e-01 -1.650400e-01 0 29 65 1.471100e+01 1.120000e+00 1.286400e+03 9.182900e+02 0
6.725500e-01 7.389200e-01 -1.673400e-01 0 30 65 1.563800e+01 1.120000e+00 1.188800e+03 8.356500e+02 0
6.711800e-01 8.042900e-01 -1.688700e-01 0 31 65 1.581000e+01 1.120000e+00 1.141800e+03 7.931800e+02 0
6.766400e-01 8.298000e-01 -1.694700e-01 0 32 65 1.531000e+01 1.120000e+00 1.131100e+03 7.787800e+02 0
6.722700e-01 8.719200e-01 -1.704600e-01 0 33 65 1.388500e+01 1.120000e+00 1.103600e+03 7.568300e+02 0
-9.724000e-01 3.948400e-01 -1.592600e-01 0 34 65 1.101900e+01 1.120000e+00 -1361 1.206900e+03 0
-8.627100e-01 7.814400e-01 -1.683300e-01 0 35 65 1.071800e+01 1.120000e+00 -1.980500e+02 7.750500e+02 0
-8.212400e-01 8.752900e-01 -1.705300e-01 0 36 65 1.189000e+01 1.120000e+00 -6.682000e+01 7.305900e+02 0
-8.348900e-01 8.789300e-01 -1.706200e-01 0 37 65 1.218600e+01 1.120000e+00 -7.347600e+01 7.288300e+02 0
-8.479800e-01 8.807900e-01 -1.706600e-01 0 38 65 1.162100e+01 1.120000e+00 -8.132000e+01 7.278500e+02 0
-8.709000e-01 9.035400e-01 -1.712000e-01 0 39 65 1.043300e+01 1.120000e+00 -7.704600e+01 7.181900e+02 0
1.234900e+00 1.331600e+00 -1.812400e-01 0 63 65 1.015500e+01 1.120000e+00 1.248700e+03 6.192800e+02 0
1.289200e+00 1.498700e+00 -1.851600e-01 0 64 65 1.026100e+01 1.120000e+00 1.207200e+03 5.902300e+02 0
1.309600e+00 1.652500e+00 -1.887700e-01 0 65 65 9.980400e+00 1.120000e+00 1.164500e+03 5.688900e+02 0
0 0 -1.500000e-01 3.204100e-02 1 66 1.560800e+01 1.120000e+00 2167 -3.612800e+03 0
-7.202900e-02 1.122000e-01 -1.526300e-01 3.204100e-02 5 66 1.428700e+01 1.120000e+00 -3.099900e+03 7.605400e+03 0
-1.585200e-01 1.860800e-01 -1.543700e-01 3.204100e-02 8 66 1.344000e+01 1.120000e+00 -1.089100e+03 2.882100e+03 0
-2.008100e-01 1.915600e-01 -1.544900e-01 3.204100e-02 9 66 1.274300e+01 1.120000e+00 -1.206200e+03 2.742900e+03 0
-2.504700e-01 1.837800e-01 -1.543100e-01 3.204100e-02 10 66 1.273100e+01 1.120000e+00 -1571 2.864900e+03 0
-2.646500e-01 2.183700e-01 -1.551200e-01 3.204100e-02 11 66 1.220200e+01 1.120000e+00 -1.111900e+03 2.295700e+03 0
-2.881200e-01 2.300200e-01 -1.554000e-01 3.204100e-02 12 66 1.177300e+01 1.120000e+00 -1.066300e+03 2.151500e+03 0
-3.044900e-01 2.810400e-01 -1.565900e-01 3.204100e-02 13 66 1.102200e+01 1.120000e+00 -6.966300e+02 1.730300e+03 0
-3.014900e-01 2.953800e-01 -1.569300e-01 3.204100e-02 14 66 1.056300e+01 1.120000e+00 -6.029400e+02 1.647100e+03 0
-1.298700e-01 3.205500e-01 -1.575200e-01 3.204100e-02 15 66 1.037100e+01 1.120000e+00 -6.848500e+01 1.549300e+03 0
3.536000e-01 3.060100e-01 -1.571800e-01 3.204100e-02 28 66 1.209900e+01 1.120000e+00 1.218700e+03 1715 0
6.799100e-01 6.417300e-01 -1.650600e-01 3.204100e-02 29 66 1.370400e+01 1.120000e+00 1.285900e+03 9.178100e+02 0
6.725500e-01 7.399000e-01 -1.673600e-01 3.204100e-02 30 66 1.462900e+01 1.120000e+00 1188 8.349500e+02 0
6.711800e-01 8.041200e-01 -1.688600e-01 3.204100e-02 31 66 1.482200e+01 1.120000e+00 1.141900e+03 7.932800e+02 0
6.766400e-01 8.284500e-01 -1.694400e-01 3.204100e-02 32 66 1.436300e+01 1.120000e+00 1.131900e+03 7.795300e+02 0
6.722700e-01 8.706700e-01 -1.704300e-01 3.204100e-02 33 66 1.302700e+01 1.120000e+00 1.104300e+03 7.574500e+02 0
6.482600e-01 9.445600e-01 -1.721600e-01 3.204100e-02 34 66 1.028100e+01 1.120000e+00 1.050200e+03 7.238700e+02 0
-8.116900e-01 9.075300e-01 -1.712900e-01 3.204100e-02 36 66 1.094400e+01 1.120000e+00 -3.157400e+01 7.174600e+02 0
-8.250600e-01 9.211200e-01 -1.716100e-01 3.204100e-02 37 66 1.125500e+01 1.120000e+00 -2.964300e+01 7.119600e+02 0
-8.378900e-01 9.347900e-01 -1.719300e-01 3.204100e-02 38 66 1.078300e+01 1.120000e+00 -2.733400e+01 7.066200e+02 0
0 0 -1.500000e-01 6.408200e-02 1 67 9.946200e+00 1.120000e+00 2167 -3.612800e+03 0
6.711800e-01 4.463700e-01 -1.604700e-01 6.408200e-02 31 67 9.497200e+00 1.120000e+00 1.600100e+03 1.219700e+03 0
6.512600e-01 7.424300e-01 -1.674200e-01 6.408200e-02 32 67 9.736700e+00 1.120000e+00 1.164700e+03 8.326200e+02 0
6.722700e-01 8.635500e-01 -1.702600e-01 6.408200e-02 33 67 9.848500e+00 1.120000e+00 1.108100e+03 7.609900e+02 0
6.171600e-01 2.730700e+00 -2.140600e-01 -5.767400e-01 88 47 9.808300e+00 1.120000e+00 8.009500e+02 4.880800e+02 0
6.722700e-01 2.867200e+00 -2.172600e-01 -5.767400e-01 89 47 1.016200e+01 1.120000e+00 8.083600e+02 4.826600e+02 0
8.013300e-01 2.883600e+00 -2.176500e-01 -5.767400e-01 90 47 9.788600e+00 1.120000e+00 8.373100e+02 4.822400e+02 0
-2.339600e+00 7.858000e+00 2.447000e+00 -5.447000e-01 246 48 1.003400e+01 1.120000e+00 4.906300e+02 2.000300e+02 0
-2.684700e+00 8.104000e+00 -3.401200e-01 -5.447000e-01 247 48 1.059300e+01 1.120000e+00 4.702400e+02 4.120500e+02 1
-3.100000e+00 8.049600e+00 -3.388500e-01 -5.447000e-01 248 48 1.039500e+01 1.120000e+00 4.364900e+02 4.121800e+02 1
-2.540100e+00 8.089200e+00 -3.397700e-01 -5.126600e-01 246 49 1.195500e+01 1.120000e+00 4.810300e+02 4.121600e+02 1
-2.617600e+00 8.140500e+00 -3.409800e-01 -5.126600e-01 247 49 1.263400e+01 1.120000e+00 4.764100e+02 4.119100e+02 1
-2.695600e+00 8.166900e+00 -3.416000e-01 -5.126600e-01 248 49 1.239200e+01 1.120000e+00 4.711200e+02 4.117800e+02 1
-2.706600e+00 8.213900e+00 -3.427000e-01 -5.126600e-01 249 49 1.144200e+01 1.120000e+00 4.715600e+02 4.115700e+02 1
-2.581600e+00 8.290300e+00 -3.444900e-01 -5.126600e-01 250 49 1.072800e+01 1.120000e+00 4.830500e+02 4.112700e+02 1
-2.660200e+00 8.256200e+00 -3.436900e-01 -5.126600e-01 251 49 1.078300e+01 1.120000e+00 4.762100e+02 4.114000e+02 1
-2.807800e+00 8.223200e+00 -3.429200e-01 -5.126600e-01 252 49 1.069800e+01 1.120000e+00 4.641000e+02 4.115000e+02 1
-2.956500e+00 8.146100e+00 1.533600e+00 -5.126600e-01 253 49 1.013900e+01 1.120000e+00 4.508000e+02 2.727800e+02 0
-5.068200e+00 1.024500e+01 3.698300e+00 -5.126600e-01 345 49 1.050400e+01 1.120000e+00 3.736300e+02 1.663300e+02 0
-5.083000e+00 9.711700e+00 5.001300e+00 -5.126600e-01 346 49 1.081900e+01 1.120000e+00 3.562900e+02 7.786300e+01 0
-5.192100e+00 9.602200e+00 5.181800e+00 -5.126600e-01 347 49 1.069600e+01 1.120000e+00 3.458100e+02 6.397600e+01 0
-4.786100e+00 9.305300e+00 6.842300e+00 -5.126600e-01 359 49 1.051500e+01 1.120000e+00 3.622300e+02 -4.777700e+01 0
-4.603600e+00 9.066900e+00 7.333900e+00 -5.126600e-01 360 49 1.094800e+01 1.120000e+00 3.661700e+02 -8.907600e+01 0
-4.911100e+00 9.831400e+00 6.106500e+00 -5.126600e-01 361 49 1.088300e+01 1.120000e+00 3.713300e+02 1.627300e+01 0
-5.554400e+00 1.133500e+01 3.742500e+00 -5.126600e-01 378 49 1.098800e+01 1.120000e+00 3.775500e+02 1.826400e+02 0
-5.672300e+00 1.126500e+01 3.896200e+00 -5.126600e-01 379 49 1.124500e+01 1.120000e+00 3.693400e+02 1.736100e+02 0
-5.790700e+00 1.135100e+01 3.577800e+00 -5.126600e-01 380 49 1.080700e+01 1.120000e+00 3.652600e+02 1.915200e+02 0
-5.807400e+00 1.177500e+01 3.209100e+00 -5.126600e-01 388 49 1.136500e+01 1.120000e+00 3.757800e+02 2.159500e+02 0
-5.928200e+00 1.184400e+01 2.861000e+00 -5.126600e-01 389 49 1.126400e+01 1.120000e+00 3.712400e+02 2.341800e+02 0
-5.996400e+00 1.258500e+01 2.773900e+00 -5.126600e-01 408 49 1.173300e+01 1.120000e+00 3.864900e+02 2.456600e+02 0
-6.345100e+00 1.243800e+01 2.839000e+00 -5.126600e-01 409 49 1.184600e+01 1.120000e+00 3.658400e+02 2.413200e+02 0
-2.607000e+00 8.036100e+00 -3.385300e-01 -4.806200e-01 246 50 1.181300e+01 1.120000e+00 4.744200e+02 4.123800e+02 1
-2.617600e+00 8.110000e+00 -3.402600e-01 -4.806200e-01 247 50 1.249100e+01 1.120000e+00 4.755900e+02 4.120500e+02 1
-2.628300e+00 8.145700e+00 -3.411000e-01 -4.806200e-01 248 50 1.226700e+01 1.120000e+00 4.757300e+02 4.118900e+02 1
-2.503600e+00 8.201500e+00 -3.424100e-01 -4.806200e-01 249 50 1.138100e+01 1.120000e+00 4.867400e+02 4.116800e+02 1
-2.513700e+00 8.217100e+00 -3.427800e-01 -4.806200e-01 250 50 1.057500e+01 1.120000e+00 4.863600e+02 4.116100e+02 1
-2.728400e+00 8.209700e+00 -3.426000e-01 -4.806200e-01 251 50 1.073600e+01 1.120000e+00 4.697800e+02 4.115800e+02 1
-2.739300e+00 8.242700e+00 -3.433700e-01 -4.806200e-01 252 50 1.063000e+01 1.120000e+00 4.698400e+02 4.114400e+02 1
-6.691400e+00 8.997300e+00 2.165500e+00 -4.806200e-01 328 50 1.093500e+01 1.120000e+00 2.202400e+02 2.406100e+02 0
-6.622300e+00 9.219500e+00 1.536100e+00 -4.806200e-01 329 50 1.136100e+01 1.120000e+00 2.351700e+02 2.837100e+02 0
-6.642500e+00 9.335900e+00 -3.690200e-01 -4.806200e-01 330 50 1.103900e+01 1.120000e+00 2.374000e+02 4.064800e+02 0
-4.786700e+00 9.992900e+00 4.642900e+00 -4.806200e-01 345 50 1.157900e+01 1.120000e+00 3.832800e+02 1.061800e+02 0
-4.988800e+00 9.799500e+00 4.924200e+00 -4.806200e-01 346 50 1.205000e+01 1.120000e+00 3.649800e+02 8.479700e+01 0
-5.097700e+00 9.374300e+00 5.669800e+00 -4.806200e-01 347 50 1.225800e+01 1.120000e+00 344 2.694600e+01 0
-5.396500e+00 9.344500e+00 5.514800e+00 -4.806200e-01 348 50 1.218700e+01 1.120000e+00 3.236400e+02 3.576100e+01 0
-5.601900e+00 9.160700e+00 5.692400e+00 -4.806200e-01 349 50 1.158800e+01 1.120000e+00 3.032100e+02 1.859200e+01 0
-5.205800e+00 9.675500e+00 6.111400e+00 -4.806200e-01 361 50 1.279800e+01 1.120000e+00 3.480300e+02 1.094800e+01 0
-7.040900e+00 1.010100e+01 4.358400e+00 -4.806200e-01 375 50 1.228100e+01 1.120000e+00 2.518200e+02 1.268400e+02 0
-6.855100e+00 1.010800e+01 4.727000e+00 -4.806200e-01 376 50 1.235500e+01 1.120000e+00 2.634600e+02 1.057800e+02 0
-6.155200e+00 1.045200e+01 5.029800e+00 -4.806200e-01 377 50 1.213700e+01 1.120000e+00 3.175600e+02 9.663200e+01 0
-7.129300e+00 1.111200e+01 3.347300e+00 -4.806200e-01 391 50 1.240600e+01 1.120000e+00 2.852500e+02 2.007100e+02 0
-5.996400e+00 1.247800e+01 3.220900e+00 -4.806200e-01 408 50 1.258800e+01 1.120000e+00 3.840600e+02 2.235000e+02 0
-6.233800e+00 1.262900e+01 2.163300e+00 -4.806200e-01 409 50 1.265200e+01 1.120000e+00 3.758400e+02 2.748000e+02 0
-2.483400e+00 8.159800e+00 -3.414300e-01 -4.485700e-01 247 51 1.007000e+01 1.120000e+00 4.872300e+02 4.118600e+02 0
-6.924600e+00 6.719000e+00 1.973600e+00 -4.485700e-01 283 51 1.036700e+01 1.120000e+00 4.450500e+01 2.177400e+02 0
-7.026400e+00 6.660900e+00 1.985400e+00 -4.485700e-01 284 51 1.076300e+01 1.120000e+00 3.006400e+01 2.155600e+02 0
-7.273900e+00 7.580900e+00 2.613000e+00 -4.485700e-01 311 51 1.045100e+01 1.120000e+00 8.989800e+01 1.847100e+02 0
-7.297300e+00 7.807100e+00 1.939600e+00 -4.485700e-01 312 51 1.102800e+01 1.120000e+00 1.036600e+02 2.399100e+02 0
-5.892500e+00 7.694200e+00 5.056100e+00 -4.485700e-01 314 51 1.154800e+01 1.120000e+00 2.089700e+02 3.437000e+00 0
-6.339700e+00 8.181100e+00 3.623400e+00 -4.485700e-01 315 51 1.187800e+01 1.120000e+00 2.022500e+02 1.249600e+02 0
-7.649000e+00 7.904900e+00 -3.354500e-01 -4.485700e-01 316 51 1.084600e+01 1.120000e+00 7.954800e+01 4.116100e+02 0
-6.293800e+00 7.098800e+00 5.637600e+00 -4.485700e-01 317 51 1.125900e+01 1.120000e+00 1.381500e+02 -7.063000e+01 0
-6.486700e+00 8.096200e+00 3.864400e+00 -4.485700e-01 318 51 1.214900e+01 1.120000e+00 1.868200e+02 1.055400e+02 0
-6.767500e+00 8.279600e+00 2.997300e+00 -4.485700e-01 319 51 1.176200e+01 1.120000e+00 1.761800e+02 1.718400e+02 0
-7.137400e+00 8.798900e+00 -3.564200e-01 -4.485700e-01 328 51 1.242600e+01 1.120000e+00 1.758500e+02 4.081900e+02 0
-6.980300e+00 8.958800e+00 -3.601700e-01 -4.485700e-01 329 51 1.260200e+01 1.120000e+00 1.955700e+02 4.076600e+02 0
-6.208200e+00 1.033500e+01 4.348400e+00 -4.485700e-01 368 51 1.283200e+01 1.120000e+00 3.099300e+02 1.319900e+02 0
-7.347000e+00 9.825400e+00 4.481100e+00 -4.485700e-01 375 51 1.355300e+01 1.120000e+00 2.214000e+02 1.134900e+02 0
-7.162000e+00 9.878500e+00 4.757400e+00 -4.485700e-01 376 51 1.363500e+01 1.120000e+00 2.353000e+02 9.850400e+01 0
-7.853900e+00 1.007300e+01 4.626800e+00 -4.485700e-01 390 51 1.285000e+01 1.120000e+00 2.027500e+02 1.114100e+02 0
-8.086900e+00 1.033800e+01 3.638400e+00 -4.485700e-01 391 51 1.333600e+01 1.120000e+00 2.003600e+02 1.730900e+02 0
-8.321000e+00 1.036400e+01 3.133100e+00 -4.485700e-01 392 51 1.298100e+01 1.120000e+00 1.874700e+02 2.020400e+02 0
-8.578000e+00 1.025500e+01 3.100600e+00 -4.485700e-01 394 51 1.280900e+01 1.120000e+00 1.673200e+02 2.023700e+02 0
-8.277400e+00 1.058800e+01 2.952800e+00 -4.485700e-01 395 51 1.291400e+01 1.120000e+00 2.001100e+02 2.152400e+02 0
-6.677700e+00 6.559400e+00 2.148900e+00 -4.165300e-01 276 52 1.072600e+01 1.120000e+00 5.198900e+01 1.986700e+02 0
-6.702000e+00 6.474300e+00 2.464600e+00 -4.165300e-01 277 52 1.146100e+01 1.120000e+00 4.252500e+01 1.684100e+02 0
-6.726300e+00 6.613600e+00 2.144400e+00 -4.165300e-01 278 52 1.094900e+01 1.120000e+00 5.271300e+01 2.004000e+02 0
-7.054000e+00 6.562400e+00 -3.039500e-01 -4.165300e-01 279 52 1.068800e+01 1.120000e+00 1.132700e+01 4.188900e+02 0
-7.053400e+00 6.503000e+00 2.064900e+00 -4.165300e-01 282 52 1.163200e+01 1.120000e+00 1.234900e+01 2.050700e+02 0
-7.078500e+00 6.584400e+00 1.878900e+00 -4.165300e-01 283 52 1.212300e+01 1.120000e+00 1.767600e+01 2.233500e+02 0
-7.026400e+00 6.701400e+00 1.844100e+00 -4.165300e-01 284 52 1.221800e+01 1.120000e+00 3.354200e+01 2.286800e+02 0
-7.479000e+00 7.494800e+00 1.895000e+00 -4.165300e-01 309 52 1.189900e+01 1.120000e+00 6.543000e+01 2.385700e+02 0
-7.551900e+00 7.686400e+00 -3.303200e-01 -4.165300e-01 312 52 1.200200e+01 1.120000e+00 7.007400e+01 4.126200e+02 0
-8.172100e+00 7.185500e+00 -3.185700e-01 -4.165300e-01 313 52 1.208000e+01 1.120000e+00 -2.378200e+01 4.149100e+02 0
-7.537200e+00 8.206100e+00 2.162200e+00 -4.165300e-01 326 52 1.263300e+01 1.120000e+00 1.144400e+02 2.299000e+02 0
-7.471400e+00 8.331600e+00 2.092800e+00 -4.165300e-01 327 52 1.261300e+01 1.120000e+00 1.274600e+02 2.366600e+02 0
-7.449000e+00 9.723000e+00 4.535700e+00 -4.165300e-01 375 52 1.295400e+01 1.120000e+00 2.104200e+02 1.078200e+02 0
-7.366600e+00 9.705600e+00 4.800500e+00 -4.165300e-01 376 52 1.315000e+01 1.120000e+00 2.149400e+02 9.160700e+01 0
-8.299700e+00 1.025800e+01 3.374100e+00 -4.165300e-01 391 52 1.294500e+01 1.120000e+00 1.839800e+02 1.867700e+02 0
-8.214300e+00 1.035600e+01 3.426500e+00 -4.165300e-01 392 52 1.271400e+01 1.120000e+00 1.936000e+02 1.853700e+02 0
-8.342300e+00 9.724700e+00 4.821800e+00 -4.165300e-01 393 52 1.246700e+01 1.120000e+00 1.563700e+02 9.168700e+01 0
-8.470800e+00 1.007100e+01 3.897200e+00 -4.165300e-01 394 52 1.332900e+01 1.120000e+00 1.653800e+02 1.536100e+02 0
-8.384900e+00 1.022900e+01 3.793100e+00 -4.165300e-01 395 52 1.309700e+01 1.120000e+00 1.781200e+02 1.625500e+02 0
-7.975100e+00 1.057700e+01 3.850700e+00 -4.165300e-01 396 52 1.208500e+01 1.120000e+00 2.176600e+02 1.654900e+02 0
-6.845000e+00 5.134900e+00 2.590300e+00 -3.844900e-01 257 53 1.007200e+01 1.120000e+00 -1.344900e+02 1.066900e+02 0
-6.941800e+00 5.155400e+00 2.406000e+00 -3.844900e-01 258 53 1.020500e+01 1.120000e+00 -1.430800e+02 1.281300e+02 0
-6.739100e+00 5.372900e+00 2.857300e+00 -3.844900e-01 261 53 1.018500e+01 1.120000e+00 -8.703600e+01 8.901800e+01 0
-6.836200e+00 5.546200e+00 2.364100e+00 -3.844900e-01 262 53 1.041800e+01 1.120000e+00 -7.596600e+01 1.480400e+02 0
-6.777300e+00 6.444400e+00 2.333500e+00 -3.844900e-01 277 53 1.170100e+01 1.120000e+00 3.237800e+01 1.793600e+02 0
-7.753000e+00 6.575200e+00 1.875700e+00 -3.844900e-01 297 53 1.254000e+01 1.120000e+00 -4.351100e+01 2.238600e+02 0
-7.860200e+00 6.662400e+00 -3.063000e-01 -3.844900e-01 298 53 1.269100e+01 1.120000e+00 -5.074900e+01 4.179800e+02 0
-7.968000e+00 6.654200e+00 -3.061100e-01 -3.844900e-01 299 53 1.277600e+01 1.120000e+00 -6.123800e+01 4.179900e+02 0
-8.076300e+00 6.570300e+00 -3.041400e-01 -3.844900e-01 300 53 1.262900e+01 1.120000e+00 -8.036400e+01 4.184800e+02 0
-8.383800e+00 7.525200e+00 3.023400e+00 -3.844900e-01 335 53 1.197200e+01 1.120000e+00 -1.671000e-01 1.528300e+02 0
-8.317500e+00 7.544400e+00 3.282600e+00 -3.844900e-01 336 53 1.232000e+01 1.120000e+00 7.318300e+00 1.335800e+02 0
-8.067300e+00 7.437100e+00 4.159400e+00 -3.844900e-01 337 53 1.250300e+01 1.120000e+00 1.971900e+01 6.297500e+01 0
-7.815500e+00 7.357100e+00 4.827500e+00 -3.844900e-01 338 53 1.230900e+01 1.120000e+00 3.431900e+01 8.212600e+00 0
-7.562000e+00 7.333600e+00 5.326500e+00 -3.844900e-01 339 53 1.151400e+01 1.120000e+00 5.357100e+01 -3.150900e+01 0
-7.673300e+00 7.753500e+00 5.964500e+00 -3.844900e-01 357 53 1.148300e+01 1.120000e+00 7.943800e+01 -5.729900e+01 0
-7.987100e+00 7.327200e+00 6.161200e+00 -3.844900e-01 358 53 1.147100e+01 1.120000e+00 2.153000e+01 -9.463100e+01 0
-7.444100e+00 7.020300e+00 7.244900e+00 -3.844900e-01 360 53 1.154100e+01 1.120000e+00 4.111800e+01 -1.994600e+02 0
-7.857700e+00 7.200200e+00 6.669200e+00 -3.844900e-01 361 53 1.234200e+01 1.120000e+00 2.201100e+01 -1.414400e+02 0
-7.978100e+00 7.247800e+00 6.539400e+00 -3.844900e-01 362 53 1.211700e+01 1.120000e+00 1.629300e+01 -1.282100e+02 0
-8.272500e+00 9.043300e+00 4.997500e+00 -3.844900e-01 380 53 1.134300e+01 1.120000e+00 1.225100e+02 6.108000e+01 0
-9.020000e+00 8.869100e+00 4.011800e+00 -3.844900e-01 381 53 1.152500e+01 1.120000e+00 6.057600e+01 1.195900e+02 0
-9.355600e+00 8.660000e+00 3.810500e+00 -3.844900e-01 382 53 1.127100e+01 1.120000e+00 2.289800e+01 1.275800e+02 0
-8.859100e+00 8.725900e+00 4.832300e+00 -3.844900e-01 383 53 1.117800e+01 1.120000e+00 6.305100e+01 6.203000e+01 0
-8.255300e+00 8.701500e+00 5.919600e+00 -3.844900e-01 384 53 1.155800e+01 1.120000e+00 1.038900e+02 -1.017600e+01 0
-8.001000e+00 9.660600e+00 5.395900e+00 -3.844900e-01 392 53 1.095000e+01 1.120000e+00 1.745900e+02 5.567800e+01 0
-8.578000e+00 9.706900e+00 4.534800e+00 -3.844900e-01 394 53 1.168100e+01 1.120000e+00 1.406800e+02 1.083600e+02 0
-8.599900e+00 9.607500e+00 4.803100e+00 -3.844900e-01 395 53 1.129500e+01 1.120000e+00 1.342400e+02 8.986300e+01 0
-7.495400e+00 5.439500e+00 2.112900e+00 -3.524500e-01 273 54 1.069800e+01 1.120000e+00 -1.616000e+02 1.712000e+02 0
-7.448500e+00 5.668900e+00 1.811700e+00 -3.524500e-01 274 54 1.089600e+01 1.120000e+00 -1.251000e+02 2.090700e+02 0
-8.193300e+00 5.435500e+00 1.756800e+00 -3.524500e-01 287 54 1.100600e+01 1.120000e+00 -2.378600e+02 2.092200e+02 0
-7.908800e+00 5.653600e+00 2.439000e+00 -3.524500e-01 288 54 1.162900e+01 1.120000e+00 -1.714200e+02 1.455500e+02 0
-7.779200e+00 6.001900e+00 2.150200e+00 -3.524500e-01 289 54 1.179300e+01 1.120000e+00 -1.122900e+02 1.849500e+02 0
-7.963900e+00 6.021700e+00 -2.912700e-01 -3.524500e-01 290 54 1.142400e+01 1.120000e+00 -1.376700e+02 4.222600e+02 0
-7.914500e+00 6.108000e+00 2.629300e+00 -3.524500e-01 297 54 1.251600e+01 1.120000e+00 -1.099100e+02 1.430700e+02 0
-8.103300e+00 6.235600e+00 1.742800e+00 -3.524500e-01 298 54 1.252400e+01 1.120000e+00 -1.151800e+02 2.292000e+02 0
-8.130600e+00 6.415400e+00 -3.005100e-01 -3.524500e-01 299 54 1.244600e+01 1.120000e+00 -1.034900e+02 4.194500e+02 0
-8.239400e+00 6.318200e+00 -2.982300e-01 -3.524500e-01 300 54 1.224500e+01 1.120000e+00 -1.255300e+02 4.200600e+02 0
-8.567100e+00 5.856700e+00 3.543200e+00 -3.524500e-01 315 54 1.190600e+01 1.120000e+00 -2.023300e+02 4.691400e+01 0
-8.594400e+00 6.363400e+00 2.581000e+00 -3.524500e-01 316 54 1.214600e+01 1.120000e+00 -1.411400e+02 1.564400e+02 0
-8.621700e+00 6.469500e+00 2.366400e+00 -3.524500e-01 317 54 1.171200e+01 1.120000e+00 -1.313700e+02 1.786500e+02 0
-8.649000e+00 6.363600e+00 2.694400e+00 -3.524500e-01 318 54 1.095400e+01 1.120000e+00 -1.456100e+02 1.463400e+02 0
-8.474900e+00 7.633600e+00 2.441700e+00 -3.524500e-01 335 54 1.093400e+01 1.120000e+00 7.928600e-01 1.996600e+02 0
-8.408900e+00 7.816300e+00 2.251600e+00 -3.524500e-01 336 54 1.124300e+01 1.120000e+00 2.085700e+01 2.173500e+02 0
-8.067300e+00 7.721800e+00 3.603400e+00 -3.524500e-01 337 54 1.125900e+01 1.120000e+00 4.212300e+01 1.145600e+02 0
-7.815500e+00 7.682200e+00 4.291400e+00 -3.524500e-01 338 54 1.102100e+01 1.120000e+00 5.964800e+01 62 0
-8.450300e+00 7.839000e+00 4.659800e+00 -3.524500e-01 357 54 1.079300e+01 1.120000e+00 2.531100e+01 4.180300e+01 0
-8.054200e+00 6.196900e+00 7.402300e+00 -3.524500e-01 361 54 1.134800e+01 1.120000e+00 -9.412000e+01 -2.803600e+02 0
-8.076600e+00 7.077000e+00 6.605300e+00 -3.524500e-01 362 54 1.121900e+01 1.120000e+00 -6.810700e+00 -1.442100e+02 0
-9.434700e+00 6.714400e+00 5.244000e+00 -3.524500e-01 365 54 1.129400e+01 1.120000e+00 -1.615400e+02 -5.530100e+01 0
0 0 -1.500000e-01 -3.204100e-01 1 55 9.743000e+00 1.120000e+00 2167 -3.612800e+03 0
-2.728400e-04 3.492200e-02 -1.508200e-01 -3.204100e-01 2 55 9.358300e+00 1.120000e+00 3.493500e+03 -7.191600e+03 0
-8.177000e+00 4.472100e+00 -2.549200e-01 -3.204100e-01 271 55 1.089300e+01 1.120000e+00 -4.410700e+02 4.374600e+02 0
-8.281200e+00 4.256600e+00 1.695500e+00 -3.204100e-01 272 55 1.132800e+01 1.120000e+00 -4.918700e+02 1.778200e+02 0
-8.163300e+00 4.685500e+00 -2.599200e-01 -3.204100e-01 273 55 1.138800e+01 1.120000e+00 -3.898500e+02 4.347900e+02 0
-7.969900e+00 5.188400e+00 -2.717200e-01 -3.204100e-01 274 55 1.088900e+01 1.120000e+00 -2.670700e+02 4.294100e+02 0
-8.271400e+00 4.490100e+00 3.344400e+00 -3.204100e-01 287 55 1.102000e+01 1.120000e+00 -4.194500e+02 -1.812100e+01 0
-8.222000e+00 5.080600e+00 2.654600e+00 -3.204100e-01 288 55 1.134600e+01 1.120000e+00 -2.971900e+02 9.904600e+01 0
-8.329200e+00 5.237900e+00 2.085700e+00 -3.204100e-01 289 55 1.145900e+01 1.120000e+00 -2.840800e+02 1.680900e+02 0
-8.594700e+00 5.122800e+00 -2.701800e-01 -3.204100e-01 290 55 1.138800e+01 1.120000e+00 -3.494500e+02 4.297400e+02 0
-8.782700e+00 4.964500e+00 -2.664700e-01 -3.204100e-01 291 55 1.108000e+01 1.120000e+00 -4.030600e+02 4.312800e+02 0
-9.507900e+00 3.533900e+00 7.604100e+00 -3.204100e-01 364 55 1.076900e+01 1.120000e+00 -8.187800e+02 -7.179300e+02 0
-9.434700e+00 6.428800e+00 5.590500e+00 -3.204100e-01 365 55 1.115700e+01 1.120000e+00 -1.954900e+02 -1.021700e+02 0
-9.460700e+00 7.964000e+00 3.091300e+00 -3.204100e-01 366 55 1.080800e+01 1.120000e+00 -4.240600e+01 1.597700e+02 0
-1.034800e+01 7.970000e+00 3.982200e+00 -3.204100e-01 392 55 1.109100e+01 1.120000e+00 -1.038100e+02 9.702000e+01 0
0 0 -1.500000e-01 -2.883700e-01 1 56 9.341100e+00 1.120000e+00 2167 -3.612800e+03 0
-5.047500e+00 3.225500e+00 2.420900e+00 -2.883700e-01 186 56 1.037700e+01 1.120000e+00 -2.787400e+02 -1.001800e+01 0
-7.993600e+00 3.933800e+00 -2.422900e-01 -2.883700e-01 258 56 1.088500e+01 1.120000e+00 -5.625400e+02 4.456000e+02 0
-7.954300e+00 4.069100e+00 -2.454600e-01 -2.883700e-01 259 56 1.152300e+01 1.120000e+00 -5.172000e+02 4.434200e+02 0
-7.985200e+00 4.105300e+00 -2.463100e-01 -2.883700e-01 260 56 1.159300e+01 1.120000e+00 -5.112600e+02 4.428300e+02 0
-8.228800e+00 3.707900e+00 -2.369900e-01 -2.883700e-01 261 56 1.075800e+01 1.120000e+00 -6.708100e+02 4.494200e+02 0
-8.281200e+00 4.266200e+00 1.671200e+00 -2.883700e-01 272 56 1.156600e+01 1.120000e+00 -4.895900e+02 1.814100e+02 0
-8.486400e+00 4.993500e+00 2.051400e+00 -2.883700e-01 289 56 1.091800e+01 1.120000e+00 -3.472400e+02 1.632300e+02 0
-8.673500e+00 4.690500e+00 2.152900e+00 -2.883700e-01 290 56 1.118500e+01 1.120000e+00 -4.319700e+02 1.392600e+02 0
-8.940900e+00 4.335700e+00 1.957900e+00 -2.883700e-01 291 56 1.094400e+01 1.120000e+00 -5.537500e+02 1.478200e+02 0
-7.887200e+00 3.837800e+00 5.201400e+00 -2.883700e-01 293 56 1.037600e+01 1.120000e+00 -5.195100e+02 -3.362800e+02 0
-8.313900e+00 4.295200e+00 4.139400e+00 -2.883700e-01 294 56 1.061100e+01 1.120000e+00 -4.647300e+02 -1.345200e+02 0
-1.064300e+01 6.257300e+00 3.569800e+00 -2.883700e-01 369 56 1.101300e+01 1.120000e+00 -3.359700e+02 6.649800e+01 0
-1.058600e+01 5.953100e+00 6.008600e+00 -2.883700e-01 389 56 1.093800e+01 1.120000e+00 -3.659500e+02 -1.714400e+02 0
-1.171300e+01 7.191000e+00 3.338800e+00 -2.883700e-01 406 56 1.071100e+01 1.120000e+00 -2.953400e+02 1.218100e+02 0
-1.196300e+01 7.077600e+00 2.797300e+00 -2.883700e-01 407 56 1.064300e+01 1.120000e+00 -3.326000e+02 1.615300e+02 0
-1.199300e+01 6.524000e+00 3.954700e+00 -2.883700e-01 408 56 1.041300e+01 1.120000e+00 -4.102800e+02 4.682800e+01 0
-5.239300e+00 1.142600e+00 2.783200e+00 -2.563300e-01 174 57 1.016100e+01 1.120000e+00 -1.834200e+03 -7.313500e+02 0
-5.032200e+00 2.656900e+00 2.131400e+00 -2.563300e-01 175 57 1.065400e+01 1.120000e+00 -4.728400e+02 -2.399400e+01 0
-5.061100e+00 2.539800e+00 2.299000e+00 -2.563300e-01 176 57 1.093000e+01 1.120000e+00 -5.265300e+02 -7.662700e+01 0
-4.946000e+00 1.494800e+00 3.329000e+00 -2.563300e-01 177 57 1.041200e+01 1.120000e+00 -1197 -6.925400e+02 0
-5.311300e+00 2.836300e+00 2.704000e+00 -2.563300e-01 190 57 1.068400e+01 1.120000e+00 -4.512300e+02 -1.111200e+02 0
-5.443100e+00 2.928600e+00 2.413400e+00 -2.563300e-01 191 57 1.069600e+01 1.120000e+00 -4.462500e+02 -4.217400e+01 0
-5.576000e+00 2.857500e+00 2.288400e+00 -2.563300e-01 192 57 1.023200e+01 1.120000e+00 -5.000200e+02 -2.689700e+01 0
-5.792400e+00 3.234400e+00 -2.258800e-01 -2.563300e-01 194 57 1.023800e+01 1.120000e+00 -4.353500e+02 4.622600e+02 0
-5.504800e+00 3.676900e+00 -2.362600e-01 -2.563300e-01 195 57 1.009400e+01 1.120000e+00 -2.580900e+02 4.524800e+02 0
-7.993600e+00 3.695000e+00 1.733400e+00 -2.563300e-01 258 57 1.125400e+01 1.120000e+00 -6.161100e+02 1.456300e+02 0
-7.954300e+00 3.965400e+00 -2.430300e-01 -2.563300e-01 259 57 1.162500e+01 1.120000e+00 -5.473900e+02 4.451000e+02 0
-8.055800e+00 3.710300e+00 1.775300e+00 -2.563300e-01 260 57 1.137600e+01 1.120000e+00 -6.198100e+02 1.402600e+02 0
-1.041400e+01 6.480300e+00 3.719200e+00 -2.563300e-01 368 57 1.061700e+01 1.120000e+00 -2.821700e+02 6.281900e+01 0
0 0 -1.500000e-01 -2.242900e-01 1 58 9.512300e+00 1.120000e+00 2167 -3.612800e+03 0
-5.204400e+00 1.973200e+00 2.524300e+00 -2.242900e-01 176 58 1.035100e+01 1.120000e+00 -8.771000e+02 -2.501400e+02 0
-5.421000e+00 2.706200e+00 1.538600e+00 -2.242900e-01 180 58 1.045900e+01 1.120000e+00 -5.414500e+02 1.060600e+02 0
-5.867400e+00 2.808200e+00 -2.158800e-01 -1.922500e-01 188 59 1.050600e+01 1.120000e+00 -6.148400e+02 4.746900e+02 0
-7.923200e+00 2.536000e+00 -2.094900e-01 -1.922500e-01 241 59 1.084500e+01 1.120000e+00 -1.191100e+03 4.813100e+02 0
-1.119200e+01 5.863000e+00 -2.875500e-01 -1.602100e-01 364 60 1.044500e+01 1.120000e+00 -4.770200e+02 4.221300e+02 0
0 0 -1.500000e-01 -1.281600e-01 1 61 9.711700e+00 1.120000e+00 2167 -3.612800e+03 0
-7.707700e+00 1.637900e+00 -1.884300e-01 -1.281600e-01 227 61 1.021100e+01 1.120000e+00 -2.052500e+03 5.337200e+02 0
-7.679900e+00 1.851300e+00 -1.934300e-01 -1.281600e-01 228 61 1.028500e+01 1.120000e+00 -1757 5.172700e+02 0
0 0 -1.500000e-01 -6.408200e-02 1 63 1.054600e+01 1.120000e+00 2167 -3.612800e+03 0
0 0 -1.500000e-01 -3.204100e-02 1 64 1.561400e+01 1.120000e+00 2167 -3.612800e+03 0
-7.202900e-02 1.109300e-01 -1.526000e-01 -3.204100e-02 5 64 1.427500e+01 1.120000e+00 -3.222500e+03 7839 0
-1.585200e-01 1.861000e-01 -1.543700e-01 -3.204100e-02 8 64 1.340100e+01 1.120000e+00 -1.088800e+03 2.881600e+03 0
-2.008100e-01 1.909000e-01 -1.544800e-01 -3.204100e-02 9 64 1.272600e+01 1.120000e+00 -1.216200e+03 2.755400e+03 0
-2.480100e-01 1.866900e-01 -1.543800e-01 -3.204100e-02 10 64 1.267700e+01 1.120000e+00 -1.505200e+03 2.806700e+03 0
-2.619200e-01 2.223000e-01 -1.552200e-01 -3.204100e-02 11 64 1.216600e+01 1.120000e+00 -1.056700e+03 2.248800e+03 0
-2.881200e-01 2.313400e-01 -1.554300e-01 -3.204100e-02 12 64 1.174800e+01 1.120000e+00 -1.052500e+03 2.137600e+03 0
-3.044900e-01 2.817400e-01 -1.566100e-01 -3.204100e-02 13 64 1.102400e+01 1.120000e+00 -6.921600e+02 1.725900e+03 0
-3.050300e-01 3.067900e-01 -1.572000e-01 -3.204100e-02 14 64 1.051100e+01 1.120000e+00 -5.507300e+02 1.586800e+03 0
3.609700e-01 3.030900e-01 -1.571100e-01 -3.204100e-02 28 64 1.213700e+01 1.120000e+00 1.247900e+03 1.734600e+03 0
6.799100e-01 6.447900e-01 -1.651300e-01 -3.204100e-02 29 64 1.369900e+01 1.120000e+00 1.282600e+03 9.147800e+02 0
6.804600e-01 7.323300e-01 -1.671800e-01 -3.204100e-02 30 64 1.461300e+01 1.120000e+00 1202 8.406200e+02 0
6.793700e-01 7.974700e-01 -1.687100e-01 -3.204100e-02 31 64 1.476900e+01 1.120000e+00 1.153800e+03 7.974100e+02 0
6.766400e-01 8.304800e-01 -1.694800e-01 -3.204100e-02 32 64 1.422600e+01 1.120000e+00 1.130700e+03 7.784100e+02 0
6.810000e-01 8.658000e-01 -1.703100e-01 -3.204100e-02 33 64 1.269900e+01 1.120000e+00 1.114300e+03 7.600200e+02 0
-8.307900e-01 8.615000e-01 -1.702100e-01 -3.204100e-02 36 64 1.090700e+01 1.120000e+00 -8.681500e+01 7.364400e+02 0
-8.447100e-01 8.440500e-01 -1.698000e-01 -3.204100e-02 37 64 1.112600e+01 1.120000e+00 -1.144800e+02 7.440900e+02 0
-8.580800e-01 8.011600e-01 -1.688000e-01 -3.204100e-02 38 64 1.047000e+01 1.120000e+00 -1.710800e+02 7.647300e+02 0
