0 0 -1.500000e-01 0 1 65 1.661100e+01 1.420000e+00 2167 -3.612800e+03 0
-7.202900e-02 1.117000e-01 -1.533200e-01 0 5 65 1.530000e+01 1.420000e+00 -3.149700e+03 7.711200e+03 0
-1.585200e-01 1.860800e-01 -1.555400e-01 0 8 65 1.444500e+01 1.420000e+00 -1.089700e+03 2.889100e+03 0
-2.008100e-01 1.913000e-01 -1.556900e-01 0 9 65 1.375600e+01 1.420000e+00 -1.210800e+03 2.754700e+03 0
-2.480100e-01 1.870400e-01 -1.555600e-01 0 10 65 1.373200e+01 1.420000e+00 -1.499600e+03 2.806600e+03 0
-2.619200e-01 2.227200e-01 -1.566300e-01 0 11 65 1.319500e+01 1.420000e+00 -1.052700e+03 2.249900e+03 0
-2.881200e-01 2.312300e-01 -1.568800e-01 0 12 65 1.279900e+01 1.420000e+00 -1.054100e+03 2.144700e+03 0
-3.044900e-01 2.805700e-01 -1.583500e-01 0 13 65 1.199400e+01 1.420000e+00 -7.000700e+02 1.738700e+03 0
-3.085800e-01 3.049300e-01 -1.590700e-01 0 14 65 1.149100e+01 1.420000e+00 -5.693700e+02 1.600700e+03 0
-1.222300e-01 3.913400e-01 -1.616400e-01 0 15 65 1.147100e+01 1.420000e+00 1.136500e+02 1297 0
3.536000e-01 3.670900e-01 -1.609200e-01 0 28 65 1.321400e+01 1.420000e+00 1.104900e+03 1.429700e+03 0
6.799100e-01 6.399300e-01 -1.690400e-01 0 29 65 1.476500e+01 1.420000e+00 1.288100e+03 9.242900e+02 0
6.725500e-01 7.385400e-01 -1.719700e-01 0 30 65 1.570400e+01 1.420000e+00 1.189300e+03 8.404700e+02 0
6.793700e-01 7.974500e-01 -1.737200e-01 0 31 65 1.587700e+01 1.420000e+00 1154 8.019200e+02 0
6.766400e-01 8.301600e-01 -1.746900e-01 0 32 65 1.537800e+01 1.420000e+00 1131 7.830500e+02 0
6.810000e-01 8.645800e-01 -1.757200e-01 0 33 65 1.403000e+01 1.420000e+00 1.115100e+03 7.650700e+02 0
6.662700e-01 9.371700e-01 -1.778800e-01 0 34 65 1.151000e+01 1.420000e+00 1.067400e+03 7.315800e+02 0
-3.896100e-01 3.012700e-01 -1.589600e-01 0 35 65 1.089400e+01 1.420000e+00 -7.883900e+02 1.605200e+03 0
-8.021400e-01 9.191300e-01 -1.773400e-01 0 36 65 1.183100e+01 1.420000e+00 -1.538100e+01 7.171900e+02 0
-8.250600e-01 9.207600e-01 -1.773900e-01 0 37 65 1.233000e+01 1.420000e+00 -3.008800e+01 7.162400e+02 0
-8.580800e-01 9.175500e-01 -1.772900e-01 0 38 65 1.199600e+01 1.420000e+00 -5.587100e+01 7.170100e+02 0
-8.916400e-01 9.343900e-01 -1.777900e-01 0 39 65 1.070300e+01 1.420000e+00 -6.468900e+01 7.101700e+02 0
0 0 -1.500000e-01 3.204100e-02 1 66 1.560300e+01 1.420000e+00 2167 -3.612800e+03 0
-7.202900e-02 1.117800e-01 -1.533300e-01 3.204100e-02 5 66 1.428600e+01 1.420000e+00 -3.142400e+03 7.697300e+03 0
-1.585200e-01 1.860200e-01 -1.555300e-01 3.204100e-02 8 66 1.344900e+01 1.420000e+00 -1.090600e+03 2.890400e+03 0
-2.008100e-01 1.917300e-01 -1.557000e-01 3.204100e-02 9 66 1.274700e+01 1.420000e+00 -1.204100e+03 2.746400e+03 0
-2.504700e-01 1.838700e-01 -1.554700e-01 3.204100e-02 10 66 1.271900e+01 1.420000e+00 -1.570100e+03 2870 0
-2.619200e-01 2.235600e-01 -1.566500e-01 3.204100e-02 11 66 1.220400e+01 1.420000e+00 -1.043500e+03 2.240100e+03 0
-2.881200e-01 2.315900e-01 -1.568900e-01 3.204100e-02 12 66 1.181900e+01 1.420000e+00 -1.050400e+03 2.140900e+03 0
-3.077600e-01 2.757700e-01 -1.582000e-01 3.204100e-02 13 66 1.094400e+01 1.420000e+00 -7.406600e+02 1.768700e+03 0
3.536000e-01 3.951000e-01 -1.617500e-01 3.204100e-02 28 66 1.220900e+01 1.420000e+00 1.067700e+03 1.334700e+03 0
6.799100e-01 6.353900e-01 -1.689000e-01 3.204100e-02 29 66 1.373800e+01 1.420000e+00 1.293100e+03 9.288800e+02 0
6.725500e-01 7.360500e-01 -1.718900e-01 3.204100e-02 30 66 1.467800e+01 1.420000e+00 1.191200e+03 8.422700e+02 0
6.711800e-01 8.044700e-01 -1.739300e-01 3.204100e-02 31 66 1.485800e+01 1.420000e+00 1.141900e+03 7.975600e+02 0
6.766400e-01 8.322100e-01 -1.747600e-01 3.204100e-02 32 66 1.439000e+01 1.420000e+00 1.129800e+03 7.819300e+02 0
6.810000e-01 8.642700e-01 -1.757100e-01 3.204100e-02 33 66 1.318900e+01 1.420000e+00 1.115300e+03 7.652200e+02 0
6.752700e-01 9.174700e-01 -1.772900e-01 3.204100e-02 34 66 1.125600e+01 1.420000e+00 1.083400e+03 7.401600e+02 0
-4.174400e-01 3.279400e-01 -1.597600e-01 3.204100e-02 35 66 1.004100e+01 1.420000e+00 -7.017300e+02 1.478900e+03 0
-8.212400e-01 9.012600e-01 -1.768100e-01 3.204100e-02 36 66 1.087900e+01 1.420000e+00 -4.386700e+01 7.239700e+02 0
-8.348900e-01 9.166200e-01 -1.772700e-01 3.204100e-02 37 66 1.132100e+01 1.420000e+00 -4.041800e+01 7.177000e+02 0
-8.681700e-01 9.187100e-01 -1.773300e-01 3.204100e-02 38 66 1.098100e+01 1.420000e+00 -6.192400e+01 7.164200e+02 0
0 0 -1.500000e-01 6.408200e-02 1 67 1.069500e+01 1.420000e+00 2167 -3.612800e+03 0
6.409000e-01 7.840900e-01 -1.733200e-01 6.408200e-02 30 67 1.056000e+01 1.420000e+00 1.126600e+03 8.092600e+02 0
6.548100e-01 8.046800e-01 -1.739400e-01 6.408200e-02 31 67 1.073400e+01 1.420000e+00 1.126800e+03 7.970900e+02 0
6.597200e-01 8.069600e-01 -1.740000e-01 6.408200e-02 32 67 9.924700e+00 1.420000e+00 1.129900e+03 7.958600e+02 0
0 0 -1.500000e-01 9.612300e-02 1 68 1.035200e+01 1.420000e+00 2167 -3.612800e+03 0
6.567200e-01 7.705400e-01 -1.729200e-01 9.612300e-02 30 68 9.622600e+00 1.420000e+00 1.150500e+03 8.182400e+02 0
6.630000e-01 7.974600e-01 -1.737200e-01 9.612300e-02 31 68 9.931600e+00 1.420000e+00 1.138800e+03 8.015600e+02 0
6.681800e-01 7.875800e-01 -1.734300e-01 9.612300e-02 32 68 9.447700e+00 1.420000e+00 1150 8.077000e+02 0
5.194800e-01 1.775800e+00 -2.028200e-01 -5.447000e-01 57 48 1.055100e+01 1.420000e+00 8.248800e+02 5.553900e+02 0
4.665500e-01 1.862000e+00 -2.053900e-01 -5.447000e-01 58 48 1.030900e+01 1.420000e+00 7.994000e+02 5.466500e+02 0
-4.465800e+00 8.001100e+00 -3.880100e-01 -5.447000e-01 265 48 1.120900e+01 1.420000e+00 3.289800e+02 4.158400e+02 1
-4.482700e+00 8.080700e+00 -3.903700e-01 -5.447000e-01 266 48 1.144500e+01 1.420000e+00 3.312500e+02 4.154900e+02 1
-4.499600e+00 8.127100e+00 -3.917500e-01 -5.447000e-01 267 48 1.090100e+01 1.420000e+00 3.320100e+02 4.152800e+02 1
-4.516600e+00 8.108100e+00 -3.911900e-01 -5.447000e-01 268 48 1.029700e+01 1.420000e+00 3.298900e+02 4.153600e+02 1
-4.679700e+00 8.059000e+00 -3.897300e-01 -5.447000e-01 269 48 1.023900e+01 1.420000e+00 3.152100e+02 4.155300e+02 1
-4.623800e+00 8.162100e+00 -3.927900e-01 -5.447000e-01 270 48 1.026200e+01 1.420000e+00 3.241600e+02 4.151000e+02 1
5.347600e-01 1.776900e+00 -2.028600e-01 -5.126600e-01 57 49 1.012500e+01 1.420000e+00 8.306000e+02 5.553400e+02 0
-4.537800e+00 7.967600e+00 -3.870100e-01 -5.126600e-01 265 49 1.159900e+01 1.420000e+00 3.218800e+02 4.159700e+02 1
-4.482700e+00 8.087600e+00 -3.905800e-01 -5.126600e-01 266 49 1.185200e+01 1.420000e+00 3.315500e+02 4.154600e+02 1
-4.499600e+00 8.125300e+00 -3.917000e-01 -5.126600e-01 267 49 1.130800e+01 1.420000e+00 3.319300e+02 4.152900e+02 1
-4.589400e+00 8.114500e+00 -3.913800e-01 -5.126600e-01 268 49 1.043200e+01 1.420000e+00 3.246300e+02 4.153100e+02 1
-4.679700e+00 8.104200e+00 -3.910700e-01 -5.126600e-01 269 49 1.019400e+01 1.420000e+00 3.173000e+02 4.153300e+02 1
-4.550400e+00 8.216000e+00 -3.944000e-01 -5.126600e-01 270 49 1.028300e+01 1.420000e+00 3.320700e+02 4.148900e+02 1
-4.346300e+00 8.367600e+00 -3.989100e-01 -5.126600e-01 271 49 9.958500e+00 1.420000e+00 3.536400e+02 4.143200e+02 1
-7.189800e+00 9.589900e+00 4.440500e+00 -5.126600e-01 367 49 1.055800e+01 1.420000e+00 2.199500e+02 1.099400e+02 0
-7.109300e+00 9.518800e+00 4.808400e+00 -5.126600e-01 368 49 1.098600e+01 1.420000e+00 222 8.581300e+01 0
-7.028300e+00 8.837100e+00 6.138100e+00 -5.126600e-01 369 49 1.124800e+01 1.420000e+00 1.942900e+02 -2.030900e+01 0
-7.148100e+00 9.147600e+00 5.594100e+00 -5.126600e-01 370 49 1.215000e+01 1.420000e+00 2.020700e+02 2.601100e+01 0
-7.268400e+00 9.450300e+00 4.983000e+00 -5.126600e-01 371 49 1.215700e+01 1.420000e+00 2.089000e+02 7.342700e+01 0
-7.692900e+00 9.331900e+00 4.648300e+00 -5.126600e-01 372 49 1.094900e+01 1.420000e+00 1.756000e+02 9.086500e+01 0
-7.022000e+00 1.008200e+01 4.327000e+00 -5.126600e-01 374 49 1.174900e+01 1.420000e+00 2.521300e+02 1.282100e+02 0
-7.040900e+00 1.010800e+01 4.341300e+00 -5.126600e-01 375 49 1.171700e+01 1.420000e+00 2.521200e+02 1.279800e+02 0
-7.059700e+00 1.022000e+01 4.150200e+00 -5.126600e-01 376 49 1.131800e+01 1.420000e+00 2.555100e+02 1.413000e+02 0
-6.668200e+00 1.063800e+01 3.847300e+00 -5.126600e-01 377 49 1.088400e+01 1.420000e+00 2.940800e+02 1.660500e+02 0
-6.583000e+00 9.618600e+00 6.123100e+00 -5.126600e-01 378 49 1.066700e+01 1.420000e+00 2.605700e+02 9.803800e+00 0
-7.135000e+00 9.776000e+00 5.358300e+00 -5.126600e-01 380 49 1.083500e+01 1.420000e+00 2.329400e+02 6.051800e+01 0
-7.257500e+00 9.587000e+00 5.615500e+00 -5.126600e-01 381 49 1.107400e+01 1.420000e+00 2.169200e+02 3.960700e+01 0
-4.609900e+00 7.978200e+00 -3.873200e-01 -4.806200e-01 265 50 1.024900e+01 1.420000e+00 3.168100e+02 4.159100e+02 1
-4.627300e+00 8.013300e+00 -3.883700e-01 -4.806200e-01 266 50 1.036000e+01 1.420000e+00 3.171000e+02 4.157500e+02 1
-7.059700e+00 7.560600e+00 6.177800e+00 -4.806200e-01 346 50 1.064000e+01 1.420000e+00 1.122000e+02 -8.424100e+01 0
-7.574000e+00 8.166500e+00 4.774800e+00 -4.806200e-01 348 50 1.099200e+01 1.420000e+00 1.138400e+02 4.500500e+01 0
-7.216000e+00 8.278400e+00 5.205800e+00 -4.806200e-01 349 50 1.116800e+01 1.420000e+00 1.474700e+02 1.907500e+01 0
-6.599100e+00 8.032000e+00 7.133200e+00 -4.806200e-01 362 50 1.107500e+01 1.420000e+00 1.796000e+02 -1.266800e+02 0
-6.815000e+00 8.603000e+00 6.274600e+00 -4.806200e-01 363 50 1.180900e+01 1.420000e+00 1.961300e+02 -3.946700e+01 0
-7.031900e+00 8.524600e+00 6.212400e+00 -4.806200e-01 364 50 1.158400e+01 1.420000e+00 1.767300e+02 -3.855000e+01 0
-7.128700e+00 8.919800e+00 5.898000e+00 -4.806200e-01 369 50 1.211900e+01 1.420000e+00 1.917600e+02 -1.548400e+00 0
-7.148100e+00 9.177900e+00 5.544200e+00 -4.806200e-01 370 50 1.290200e+01 1.420000e+00 2.035700e+02 3.017100e+01 0
-7.268400e+00 9.458700e+00 4.967100e+00 -4.806200e-01 371 50 1.293100e+01 1.420000e+00 2.093000e+02 7.463300e+01 0
-7.591700e+00 9.353800e+00 4.769100e+00 -4.806200e-01 372 50 1.227700e+01 1.420000e+00 1.833400e+02 8.397500e+01 0
-7.244900e+00 1.019600e+01 3.761800e+00 -4.806200e-01 375 50 1.166500e+01 1.420000e+00 2.432500e+02 1.630400e+02 0
-7.468900e+00 1.035300e+01 2.924000e+00 -4.806200e-01 376 50 1.147900e+01 1.420000e+00 2.360700e+02 2.133000e+02 0
-8.123800e+00 9.118800e+00 6.563300e+00 -4.806200e-01 398 50 1.142700e+01 1.420000e+00 139 -3.394900e+01 0
-8.252800e+00 8.812900e+00 6.886200e+00 -4.806200e-01 399 50 1.138600e+01 1.420000e+00 1.127600e+02 -6.730600e+01 0
-8.094000e+00 6.657300e+00 4.448100e+00 -4.485700e-01 327 51 1.017600e+01 1.420000e+00 -5.632700e+01 5.529900e+00 0
-7.883900e+00 7.702700e+00 4.779000e+00 -4.485700e-01 345 51 1.134700e+01 1.420000e+00 5.714400e+01 2.694600e+01 0
-7.952700e+00 8.261700e+00 3.918500e+00 -4.485700e-01 348 51 1.163000e+01 1.420000e+00 9.169600e+01 1.080700e+02 0
-7.690800e+00 8.186200e+00 4.641300e+00 -4.485700e-01 349 51 1.181100e+01 1.420000e+00 1.065500e+02 5.514500e+01 0
-7.349400e+00 9.446500e+00 4.776600e+00 -4.485700e-01 370 51 1.189900e+01 1.420000e+00 2.033800e+02 8.592400e+01 0
-7.470300e+00 9.639100e+00 4.272000e+00 -4.485700e-01 371 51 1.199000e+01 1.420000e+00 2.047500e+02 1.214800e+02 0
-8.448700e+00 8.560700e+00 6.896400e+00 -4.485700e-01 398 51 1.183500e+01 1.420000e+00 8.334100e+01 -7.960800e+01 0
-1.052300e+01 8.931300e+00 3.245100e+00 -4.485700e-01 407 51 1.195100e+01 1.420000e+00 -3.522700e+01 1.715100e+02 0
-8.154000e+00 5.592000e+00 2.635600e+00 -4.165300e-01 294 52 1.038700e+01 1.420000e+00 -2.046600e+02 1.236100e+02 0
-8.021400e+00 6.071300e+00 2.053300e+00 -4.165300e-01 295 52 1.019200e+01 1.420000e+00 -1.270200e+02 1.962600e+02 0
-7.887800e+00 6.487100e+00 -3.429700e-01 -4.165300e-01 296 52 1.019100e+01 1.420000e+00 -7.294500e+01 4.228100e+02 0
-7.914500e+00 6.490000e+00 -3.430600e-01 -4.165300e-01 297 52 1.051600e+01 1.420000e+00 -7.505400e+01 4.227800e+02 0
-7.941200e+00 6.546900e+00 -3.447500e-01 -4.165300e-01 298 52 1.037100e+01 1.420000e+00 -7.098400e+01 4.224100e+02 0
-8.818100e+00 6.396700e+00 2.492700e+00 -4.165300e-01 321 52 1.065100e+01 1.420000e+00 -1.575200e+02 1.655500e+02 0
-8.933300e+00 6.399000e+00 2.218600e+00 -4.165300e-01 322 52 1.065300e+01 1.420000e+00 -1.687100e+02 1.902000e+02 0
-8.634800e+00 7.629000e+00 3.401000e+00 -4.165300e-01 345 52 1.136700e+01 1.420000e+00 -9.395500e+00 1.274000e+02 0
-8.830100e+00 8.137100e+00 4.959400e+00 -4.165300e-01 373 52 1.146000e+01 1.420000e+00 2.210000e+01 3.257600e+01 0
-9.260900e+00 8.332000e+00 3.807800e+00 -4.165300e-01 374 52 1.152500e+01 1.420000e+00 4.345500e+00 1.188900e+02 0
-1.020400e+01 7.883600e+00 2.078900e+00 -4.165300e-01 375 52 1.165600e+01 1.420000e+00 -1.072800e+02 2.321100e+02 0
-9.123700e+00 7.220100e+00 6.383100e+00 -4.165300e-01 381 52 1.230300e+01 1.420000e+00 -7.721000e+01 -1.157100e+02 0
-9.251700e+00 8.062000e+00 5.143400e+00 -4.165300e-01 382 52 1.219100e+01 1.420000e+00 -1.365800e+01 1.734800e+01 0
-1.063900e+01 8.209400e+00 4.063900e+00 -4.165300e-01 403 52 1.211000e+01 1.420000e+00 -1.019700e+02 9.898200e+01 0
-1.088500e+01 8.132800e+00 3.666700e+00 -4.165300e-01 404 52 1.278300e+01 1.420000e+00 -1.276500e+02 1.245400e+02 0
-1.102300e+01 8.044400e+00 3.585200e+00 -4.165300e-01 405 52 1.280300e+01 1.420000e+00 -1.462400e+02 1.279400e+02 0
-1.093900e+01 7.941700e+00 4.160400e+00 -4.165300e-01 406 52 1.234800e+01 1.420000e+00 -1.486800e+02 8.406400e+01 0
-1.074500e+01 8.193200e+00 4.296300e+00 -4.165300e-01 407 52 1.218000e+01 1.420000e+00 -1.102200e+02 8.256000e+01 0
-1.110500e+01 8.345400e+00 3.012600e+00 -4.165300e-01 408 52 1.182600e+01 1.420000e+00 -1.248300e+02 1.751100e+02 0
0 0 -1.500000e-01 -3.844900e-01 1 53 9.422200e+00 1.420000e+00 2167 -3.612800e+03 0
-8.703500e+00 4.977100e+00 -2.980500e-01 -3.844900e-01 291 53 1.023000e+01 1.420000e+00 -3.915100e+02 4.348800e+02 0
-8.154000e+00 5.967600e+00 1.613700e+00 -3.844900e-01 294 53 1.092800e+01 1.420000e+00 -1.553600e+02 2.360200e+02 0
-8.181900e+00 5.860400e+00 2.032900e+00 -3.844900e-01 295 53 1.100700e+01 1.420000e+00 -1.710500e+02 1.927100e+02 0
-8.048700e+00 5.960800e+00 2.413600e+00 -3.844900e-01 296 53 1.129800e+01 1.420000e+00 -1.426500e+02 1.587400e+02 0
-8.156800e+00 5.874200e+00 2.412500e+00 -3.844900e-01 297 53 1.157600e+01 1.420000e+00 -1.649600e+02 1.561100e+02 0
-8.265400e+00 5.803800e+00 2.362800e+00 -3.844900e-01 298 53 1.149700e+01 1.420000e+00 -1.858400e+02 1.587300e+02 0
-8.763000e+00 5.487200e+00 2.252400e+00 -3.844900e-01 304 53 1.097500e+01 1.420000e+00 -2.861200e+02 1.596100e+02 0
-8.709000e+00 5.921800e+00 -3.261500e-01 -3.844900e-01 305 53 1.059000e+01 1.420000e+00 -2.250700e+02 4.264200e+02 0
-9.108400e+00 5.829000e+00 2.955000e+00 -3.844900e-01 322 53 1.069200e+01 1.420000e+00 -2.619300e+02 1.029800e+02 0
-9.183700e+00 7.523500e+00 -3.738000e-01 -3.844900e-01 341 53 1.116500e+01 1.420000e+00 -7.235000e+01 4.166600e+02 0
-9.517700e+00 6.154600e+00 3.766700e+00 -3.844900e-01 343 53 1.115700e+01 1.420000e+00 -2.482100e+02 4.237700e+01 0
-9.451900e+00 6.279400e+00 3.836600e+00 -3.844900e-01 344 53 1.146500e+01 1.420000e+00 -2.244100e+02 4.201200e+01 0
-9.489300e+00 7.147300e+00 5.083000e+00 -3.844900e-01 371 53 1.150700e+01 1.420000e+00 -1.178400e+02 -1.897900e+01 0
-9.515000e+00 6.827200e+00 5.543200e+00 -3.844900e-01 372 53 1.149000e+01 1.420000e+00 -1.538900e+02 -7.292300e+01 0
-9.642100e+00 7.118200e+00 5.013900e+00 -3.844900e-01 373 53 1.112600e+01 1.420000e+00 -1.334200e+02 -1.479800e+01 0
-1.007500e+01 7.607800e+00 3.209400e+00 -3.844900e-01 374 53 1.114400e+01 1.420000e+00 -1.215400e+02 1.424300e+02 0
-1.010200e+01 7.709400e+00 3.018200e+00 -3.844900e-01 375 53 1.140700e+01 1.420000e+00 -1.139500e+02 1.593400e+02 0
-1.012900e+01 7.618000e+00 3.298300e+00 -3.844900e-01 376 53 1.144000e+01 1.420000e+00 -1.243100e+02 1.361100e+02 0
-1.072200e+01 7.858900e+00 4.404100e+00 -3.844900e-01 402 53 1.152000e+01 1.420000e+00 -1.404500e+02 6.361600e+01 0
-1.085800e+01 8.102100e+00 3.680900e+00 -3.844900e-01 403 53 1.221900e+01 1.420000e+00 -1.286400e+02 1.226700e+02 0
-1.099500e+01 8.120000e+00 3.353600e+00 -3.844900e-01 404 53 1.287700e+01 1.420000e+00 -1.376100e+02 1.461900e+02 0
-1.102300e+01 8.225400e+00 3.147600e+00 -3.844900e-01 405 53 1.290900e+01 1.420000e+00 -1.300300e+02 1.631000e+02 0
-1.093900e+01 8.369200e+00 3.215000e+00 -3.844900e-01 406 53 1.219800e+01 1.420000e+00 -1.106500e+02 1.616900e+02 0
-1.085600e+01 8.093300e+00 4.206200e+00 -3.844900e-01 407 53 1.128200e+01 1.420000e+00 -1.277000e+02 8.570100e+01 0
0 0 -1.500000e-01 -3.524500e-01 1 54 9.668200e+00 1.420000e+00 2167 -3.612800e+03 0
-1.773400e-02 1.078000e-02 -1.503200e-01 -3.524500e-01 2 54 9.401600e+00 1.420000e+00 2.615300e+03 -4339 0
-8.220100e+00 4.212700e+00 1.714000e+00 -3.524500e-01 270 54 1.026200e+01 1.420000e+00 -4.951900e+02 1.734800e+02 0
-8.029600e+00 4.576800e+00 1.867900e+00 -3.524500e-01 271 54 1.109600e+01 1.420000e+00 -3.814500e+02 1.683100e+02 0
-7.985400e+00 4.773500e+00 1.737300e+00 -3.524500e-01 272 54 1.109200e+01 1.420000e+00 -3.352800e+02 1.913500e+02 0
-8.014900e+00 4.904700e+00 -2.959000e-01 -3.524500e-01 273 54 1.037500e+01 1.420000e+00 -3.260500e+02 4.360600e+02 0
-8.703500e+00 4.738700e+00 2.089100e+00 -3.524500e-01 291 54 1.094200e+01 1.420000e+00 -4.252500e+02 149 0
-8.654200e+00 5.119000e+00 -3.022700e-01 -3.524500e-01 292 54 1.092400e+01 1.420000e+00 -3.571100e+02 4.334500e+02 0
-8.553800e+00 5.346100e+00 1.719800e+00 -3.524500e-01 294 54 1.060200e+01 1.420000e+00 -2.913900e+02 2.110500e+02 0
-8.422500e+00 5.325800e+00 2.473500e+00 -3.524500e-01 295 54 1.086200e+01 1.420000e+00 -2.765800e+02 1.299400e+02 0
-8.290200e+00 5.138400e+00 3.317900e+00 -3.524500e-01 296 54 1.093300e+01 1.420000e+00 -2.902400e+02 2.965600e+01 0
-9.046200e+00 5.739100e+00 -3.207200e-01 -3.524500e-01 308 54 1.145500e+01 1.420000e+00 -2.873500e+02 4.276900e+02 0
-9.075700e+00 5.762500e+00 -3.214100e-01 -3.524500e-01 309 54 1.173700e+01 1.420000e+00 -2.864800e+02 4.274900e+02 0
-9.339300e+00 5.655000e+00 3.227700e+00 -3.524500e-01 327 54 1.106300e+01 1.420000e+00 -3.110900e+02 6.881300e+01 0
-9.278700e+00 5.586700e+00 3.620700e+00 -3.524500e-01 328 54 1.109700e+01 1.420000e+00 -3.142600e+02 2.618300e+01 0
-9.396500e+00 5.865000e+00 2.918800e+00 -3.524500e-01 329 54 1.108800e+01 1.420000e+00 -2.844300e+02 1.083200e+02 0
-9.654400e+00 5.796300e+00 3.421700e+00 -3.524500e-01 338 54 1.116000e+01 1.420000e+00 -3.176700e+02 5.728500e+01 0
-9.498600e+00 5.761000e+00 3.990400e+00 -3.524500e-01 339 54 1.094300e+01 1.420000e+00 -3.051900e+02 4.498800e-01 0
-9.704300e+00 5.764000e+00 3.905900e+00 -3.524500e-01 343 54 1.110200e+01 1.420000e+00 -3.251500e+02 9.115500e+00 0
-9.732700e+00 6.159000e+00 3.291000e+00 -3.524500e-01 344 54 1.098700e+01 1.420000e+00 -2.695900e+02 8.612900e+01 0
-9.940000e+00 6.478000e+00 4.939600e+00 -3.524500e-01 369 54 1.127200e+01 1.420000e+00 -2.358300e+02 -4.261200e+01 0
-9.665000e+00 6.822800e+00 5.109200e+00 -3.524500e-01 370 54 1.126200e+01 1.420000e+00 -1.684600e+02 -3.775600e+01 0
-9.590300e+00 6.366900e+00 5.870100e+00 -3.524500e-01 371 54 1.110600e+01 1.420000e+00 -2.160300e+02 -130 0
-9.717400e+00 5.551500e+00 6.528800e+00 -3.524500e-01 372 54 1.092600e+01 1.420000e+00 -3.472900e+02 -2.592200e+02 0
0 0 -1.500000e-01 -3.204100e-01 1 55 9.671700e+00 1.420000e+00 2167 -3.612800e+03 0
-7.956000e+00 4.632100e+00 2.039100e+00 -3.204100e-01 271 55 1.024900e+01 1.420000e+00 -3.591400e+02 1.494800e+02 0
-7.837600e+00 5.028900e+00 1.689600e+00 -3.204100e-01 272 55 1.016500e+01 1.420000e+00 -2.692200e+02 2.048500e+02 0
-9.842600e+00 5.023700e+00 2.590100e+00 -3.204100e-01 326 55 1.124500e+01 1.420000e+00 -4.886200e+02 1.059200e+02 0
-9.695000e+00 5.093400e+00 3.111600e+00 -3.204100e-01 327 55 1.122400e+01 1.420000e+00 -4.536800e+02 5.204400e+01 0
-9.457100e+00 5.357000e+00 3.504300e+00 -3.204100e-01 328 55 1.097200e+01 1.420000e+00 -3.737900e+02 2.515600e+01 0
-9.470500e+00 6.037500e+00 3.517300e+00 -3.204100e-01 338 55 1.060500e+01 1.420000e+00 -2.621200e+02 5.956400e+01 0
-9.498600e+00 6.167100e+00 3.328600e+00 -3.204100e-01 339 55 1.067000e+01 1.420000e+00 -2.467200e+02 8.274300e+01 0
-9.262900e+00 6.959000e+00 3.895800e+00 -3.204100e-01 351 55 1.029400e+01 1.420000e+00 -124 6.646900e+01 0
-9.913000e+00 6.738200e+00 4.538700e+00 -3.204100e-01 368 55 1.024600e+01 1.420000e+00 -2.016500e+02 4.942300e+00 0
-1.014100e+01 6.819600e+00 3.978000e+00 -3.204100e-01 369 55 1.066600e+01 1.420000e+00 -2.128100e+02 5.517800e+01 0
0 0 -1.500000e-01 -2.883700e-01 1 56 9.570900e+00 1.420000e+00 2167 -3.612800e+03 0
-9.280000e+00 4.805700e+00 -2.929500e-01 -2.883700e-01 302 56 1.060300e+01 1.420000e+00 -4.968700e+02 4.364100e+02 0
-9.393300e+00 4.608700e+00 -2.870900e-01 -2.883700e-01 303 56 1.066600e+01 1.420000e+00 -5.591400e+02 4.386400e+02 0
-9.704300e+00 4.766500e+00 -2.917900e-01 -2.883700e-01 313 56 1.094300e+01 1.420000e+00 -5.565200e+02 4.366000e+02 0
-1.038600e+01 4.655100e+00 2.023500e+00 -2.883700e-01 332 56 1.041000e+01 1.420000e+00 -6.443800e+02 1.555100e+02 0
-1.076300e+01 5.384000e+00 5.837200e+00 -2.883700e-01 384 56 1.046900e+01 1.420000e+00 -4.866500e+02 -2.051800e+02 0
-1.079100e+01 5.937000e+00 5.305000e+00 -2.883700e-01 385 56 1.080800e+01 1.420000e+00 -3.915400e+02 -1.082900e+02 0
-1.071400e+01 6.496400e+00 4.876500e+00 -2.883700e-01 386 56 1.043000e+01 1.420000e+00 -3.004500e+02 -3.477100e+01 0
-1.191800e+01 6.012500e+00 2.707100e+00 -2.883700e-01 391 56 1.095100e+01 1.420000e+00 -4.980300e+02 1.368400e+02 0
-1.216100e+01 5.603000e+00 2.676500e+00 -2.883700e-01 392 56 1.120800e+01 1.420000e+00 -6.027500e+02 1.249400e+02 0
-1.219300e+01 5.921100e+00 1.922200e+00 -2.883700e-01 393 56 1.083100e+01 1.420000e+00 -5.460900e+02 2.080900e+02 0
-1.150800e+01 5.269700e+00 3.988100e+00 -2.563300e-01 381 57 1.077500e+01 1.420000e+00 -6.002800e+02 -2.611400e+01 0
-5.492200e+00 2.941000e+00 -2.374800e-01 -2.242900e-01 184 58 1.029200e+01 1.420000e+00 -4.854300e+02 4.746500e+02 0
-5.442300e+00 2.582900e+00 2.134100e+00 -1.922500e-01 184 59 1.023200e+01 1.420000e+00 -5.913500e+02 -3.298300e+01 0
0 0 -1.500000e-01 -1.602100e-01 1 60 1.005800e+01 1.420000e+00 2167 -3.612800e+03 0
0 0 -1.500000e-01 -1.281600e-01 1 61 9.790300e+00 1.420000e+00 2167 -3.612800e+03 0
-5.822400e+00 3.416200e+00 -2.516200e-01 -1.281600e-01 195 61 1.013500e+01 1.420000e+00 -3.826200e+02 4.615200e+02 0
0 0 -1.500000e-01 -3.204100e-02 1 64 1.558800e+01 1.420000e+00 2167 -3.612800e+03 0
-7.093800e-02 1.123300e-01 -1.533400e-01 -3.204100e-02 5 64 1.426800e+01 1.420000e+00 -3.077400e+03 7.605800e+03 0
-1.585200e-01 1.861000e-01 -1.555400e-01 -3.204100e-02 8 64 1.341000e+01 1.420000e+00 -1.089400e+03 2.888700e+03 0
-1.986300e-01 1.932200e-01 -1.557500e-01 -3.204100e-02 9 64 1.274200e+01 1.420000e+00 -1.171900e+03 2.719900e+03 0
-2.480100e-01 1.862100e-01 -1.555400e-01 -3.204100e-02 10 64 1.270300e+01 1.420000e+00 -1.514700e+03 2.823300e+03 0
-2.619200e-01 2.214200e-01 -1.565900e-01 -3.204100e-02 11 64 1.210600e+01 1.420000e+00 -1.067200e+03 2.265500e+03 0
-2.851200e-01 2.328000e-01 -1.569200e-01 -3.204100e-02 12 64 1.179400e+01 1.420000e+00 -1.027600e+03 2.129300e+03 0
-3.044900e-01 2.792900e-01 -1.583100e-01 -3.204100e-02 13 64 1.103100e+01 1.420000e+00 -7.083300e+02 1.746700e+03 0
-1.222300e-01 4.091200e-01 -1.621700e-01 -3.204100e-02 15 64 1.053800e+01 1.420000e+00 1.440300e+02 1.248900e+03 0
3.609700e-01 3.291400e-01 -1.597900e-01 -3.204100e-02 28 64 1.222000e+01 1.420000e+00 1.188700e+03 1.594700e+03 0
6.799100e-01 6.434100e-01 -1.691400e-01 -3.204100e-02 29 64 1.376200e+01 1.420000e+00 1.284300e+03 9.208300e+02 0
6.804600e-01 7.330000e-01 -1.718000e-01 -3.204100e-02 30 64 1.469400e+01 1.420000e+00 1.201700e+03 8.446900e+02 0
6.793700e-01 7.972500e-01 -1.737200e-01 -3.204100e-02 31 64 1.486000e+01 1.420000e+00 1.154100e+03 8.020400e+02 0
6.766400e-01 8.286300e-01 -1.746500e-01 -3.204100e-02 32 64 1.434200e+01 1.420000e+00 1132 7.838900e+02 0
6.810000e-01 8.660700e-01 -1.757600e-01 -3.204100e-02 33 64 1.292400e+01 1.420000e+00 1.114300e+03 7.643200e+02 0
-3.896100e-01 4.841300e-01 -1.644000e-01 -3.204100e-02 35 64 1.012400e+01 1.420000e+00 -1.481600e+02 1.075900e+03 0
-8.021400e-01 9.164900e-01 -1.772600e-01 -3.204100e-02 36 64 1.085500e+01 1.420000e+00 -1.753800e+01 7.182200e+02 0
-8.250600e-01 9.130800e-01 -1.771600e-01 -3.204100e-02 37 64 1.132000e+01 1.420000e+00 -3.650100e+01 7.192200e+02 0
-8.681700e-01 8.929500e-01 -1.765600e-01 -3.204100e-02 38 64 1.096200e+01 1.420000e+00 -8.486700e+01 7.266400e+02 0
