0 0 -1.500000e-01 0 1 65 1.664800e+01 3.040000e+00 2167 -3.612800e+03 0
-7.202900e-02 1.119100e-01 -1.571300e-01 0 5 65 1.526900e+01 3.040000e+00 -3.144600e+03 7.760900e+03 0
-1.585200e-01 1.859500e-01 -1.618500e-01 0 8 65 1.440500e+01 3.040000e+00 -1.095200e+03 2.930500e+03 0
-2.008100e-01 1.931200e-01 -1.623100e-01 0 9 65 1.394600e+01 3.040000e+00 -1.186900e+03 2.757400e+03 0
-2.480100e-01 1.867900e-01 -1.619000e-01 0 10 65 1.374900e+01 3.040000e+00 -1.508700e+03 2.849200e+03 0
-2.619200e-01 2.218500e-01 -1.641400e-01 0 11 65 1.324600e+01 3.040000e+00 -1.065500e+03 2.293600e+03 0
-2.881200e-01 2.317300e-01 -1.647700e-01 0 12 65 1.278900e+01 3.040000e+00 -1052 2.171700e+03 0
-3.077600e-01 2.783000e-01 -1.677400e-01 0 13 65 1.196900e+01 3.040000e+00 -7.260200e+02 1.781800e+03 0
-3.121300e-01 3.079600e-01 -1.696300e-01 0 14 65 1.149500e+01 3.040000e+00 -5.642200e+02 1.613400e+03 0
-1.260500e-01 3.265400e-01 -1.708100e-01 0 15 65 1.137800e+01 3.040000e+00 -4.279000e+01 1.556400e+03 0
3.609700e-01 3.414100e-01 -1.717600e-01 0 28 65 1.315600e+01 3.040000e+00 1.166300e+03 1.566300e+03 0
6.799100e-01 6.390600e-01 -1.907300e-01 0 29 65 1.469200e+01 3.040000e+00 1.290400e+03 9.505800e+02 0
6.725500e-01 7.373700e-01 -1.969900e-01 0 30 65 1.561500e+01 3.040000e+00 1.191400e+03 866 0
6.793700e-01 7.975300e-01 -2.008300e-01 0 31 65 1.577200e+01 3.040000e+00 1155 8.262200e+02 0
6.766400e-01 8.318300e-01 -2.030100e-01 0 32 65 1.524200e+01 3.040000e+00 1.131100e+03 8.063000e+02 0
6.722700e-01 8.773300e-01 -2.059100e-01 0 33 65 1.375100e+01 3.040000e+00 1102 7.825900e+02 0
-9.724000e-01 6.104900e-01 -1.889100e-01 0 34 65 1.119100e+01 3.040000e+00 -5.844300e+02 9.194800e+02 0
7.050100e-01 8.762900e-01 -2.058500e-01 0 35 65 1.090800e+01 3.040000e+00 1.129900e+03 7.837100e+02 0
-8.212400e-01 8.994800e-01 -2.073200e-01 0 36 65 1.168300e+01 3.040000e+00 -4.620500e+01 7.471200e+02 0
-8.447100e-01 8.927600e-01 -2.068900e-01 0 37 65 1.220700e+01 3.040000e+00 -6.901300e+01 7.495000e+02 0
-8.681700e-01 8.908100e-01 -2.067700e-01 0 38 65 1.185500e+01 3.040000e+00 -8.770600e+01 7.499300e+02 0
-9.123700e-01 8.676500e-01 -2.052900e-01 0 39 65 1.049300e+01 3.040000e+00 -1.423700e+02 7.590200e+02 0
0 0 -1.500000e-01 3.204100e-02 1 66 1.563500e+01 3.040000e+00 2167 -3.612800e+03 0
-7.202900e-02 1.123800e-01 -1.571600e-01 3.204100e-02 5 66 1.426300e+01 3.040000e+00 -3.100600e+03 7.676400e+03 0
-1.585200e-01 1.857400e-01 -1.618400e-01 3.204100e-02 8 66 1.339300e+01 3.040000e+00 -1.098500e+03 2.935100e+03 0
-2.008100e-01 1.935700e-01 -1.623400e-01 3.204100e-02 9 66 1.292800e+01 3.040000e+00 -1.180200e+03 2749 0
-2.480100e-01 1.879400e-01 -1.619800e-01 3.204100e-02 10 66 1.273900e+01 3.040000e+00 -1488 2.826200e+03 0
-2.619200e-01 2.237600e-01 -1.642600e-01 3.204100e-02 11 66 1.226100e+01 3.040000e+00 -1.044400e+03 2.270900e+03 0
-2.881200e-01 2.345100e-01 -1.649500e-01 3.204100e-02 12 66 1.180100e+01 3.040000e+00 -1.023500e+03 2.142800e+03 0
-3.077600e-01 2.771200e-01 -1.676600e-01 3.204100e-02 13 66 1.098900e+01 3.040000e+00 -7.338900e+02 1.789500e+03 0
-1.260500e-01 3.679000e-01 -1.734500e-01 3.204100e-02 15 66 1.040900e+01 3.040000e+00 5.943000e+01 1396 0
3.609700e-01 3.819100e-01 -1.743400e-01 3.204100e-02 28 66 1.210000e+01 3.040000e+00 1.101600e+03 1.406800e+03 0
6.799100e-01 6.343000e-01 -1.904200e-01 3.204100e-02 29 66 1.367100e+01 3.040000e+00 1.295700e+03 9.554500e+02 0
6.725500e-01 7.344500e-01 -1.968100e-01 3.204100e-02 30 66 1.460600e+01 3.040000e+00 1.193700e+03 8.681300e+02 0
6.711800e-01 8.044800e-01 -2.012700e-01 3.204100e-02 31 66 1.475600e+01 3.040000e+00 1143 8.218600e+02 0
6.766400e-01 8.325100e-01 -2.030600e-01 3.204100e-02 32 66 1.421600e+01 3.040000e+00 1.130700e+03 8.059300e+02 0
6.722700e-01 8.745600e-01 -2.057400e-01 3.204100e-02 33 66 1.272500e+01 3.040000e+00 1.103500e+03 7.839500e+02 0
7.022900e-01 9.102500e-01 -2.080100e-01 3.204100e-02 34 66 1.039400e+01 3.040000e+00 1.109500e+03 7.676600e+02 0
7.050100e-01 9.031500e-01 -2.075600e-01 3.204100e-02 35 66 9.781200e+00 3.040000e+00 1.115300e+03 7.709400e+02 0
-8.594400e-01 8.589100e-01 -2.047400e-01 3.204100e-02 36 66 1.074500e+01 3.040000e+00 -1.118000e+02 7.637600e+02 0
-8.643500e-01 8.642200e-01 -2.050800e-01 3.204100e-02 37 66 1.113700e+01 3.040000e+00 -1.102300e+02 7.613300e+02 0
-8.782700e-01 8.583500e-01 -2.047000e-01 3.204100e-02 38 66 1.066500e+01 3.040000e+00 -1.264400e+02 7.636900e+02 0
0 0 -1.500000e-01 6.408200e-02 1 67 1.046900e+01 3.040000e+00 2167 -3.612800e+03 0
-3.001200e-03 3.451800e-02 -1.522000e-01 6.408200e-02 2 67 9.890500e+00 3.040000e+00 3.510700e+03 -7.141500e+03 0
-6.248000e-02 7.743400e+00 1.998900e+00 -9.291900e-01 230 36 1.066700e+01 3.040000e+00 6.717500e+02 2.309600e+02 0
1.255100e-01 7.779500e+00 1.995700e+00 -9.291900e-01 231 36 1.144700e+01 3.040000e+00 6.871300e+02 2.317200e+02 0
2.521000e-01 7.766400e+00 2.168100e+00 -9.291900e-01 232 36 1.193600e+01 3.040000e+00 6.972400e+02 2.180700e+02 0
3.797900e-01 7.730400e+00 2.396200e+00 -9.291900e-01 233 36 1.213900e+01 3.040000e+00 7.074400e+02 1.995900e+02 0
4.450000e-01 7.763600e+00 2.396100e+00 -9.291900e-01 234 36 1.192900e+01 3.040000e+00 7.127000e+02 2.002500e+02 0
5.107500e-01 7.852900e+00 2.203000e+00 -9.291900e-01 235 36 1.132400e+01 3.040000e+00 7.180300e+02 2.168300e+02 0
-1.028600e+00 9.756300e+00 2.515700e+00 -9.291900e-01 291 36 1.146500e+01 3.040000e+00 6.134700e+02 2.264000e+02 0
-4.133500e-01 1.042300e+01 1.781500e+00 -9.291900e-01 304 36 1.291200e+01 3.040000e+00 6.561800e+02 2.772100e+02 0
-5.806000e-01 1.041100e+01 1.996000e+00 -9.291900e-01 305 36 1.302800e+01 3.040000e+00 6.458500e+02 2.647300e+02 0
-6.657300e-01 1.042400e+01 2.087700e+00 -9.291900e-01 306 36 1.280000e+01 3.040000e+00 6.407000e+02 2.595600e+02 0
-6.679100e-01 1.049600e+01 1.897100e+00 -9.291900e-01 307 36 1.265700e+01 3.040000e+00 6.410500e+02 2.712100e+02 0
-6.700900e-01 1.048500e+01 2.137200e+00 -9.291900e-01 308 36 1.262700e+01 3.040000e+00 6.407100e+02 2.573200e+02 0
-7.563100e-01 1.034300e+01 2.854800e+00 -9.291900e-01 309 36 1.206400e+01 3.040000e+00 6.342900e+02 2.142900e+02 0
-6.831900e-01 1.076000e+01 1.799900e+00 -9.291900e-01 314 36 1.221800e+01 3.040000e+00 6.415000e+02 2.788900e+02 0
0 1.133200e+01 -8.722100e-01 -9.291900e-01 328 36 1.156600e+01 3.040000e+00 6.842700e+02 4.270800e+02 0
0 1.122800e+01 2.267100e+00 -9.291900e-01 329 36 1.219700e+01 3.040000e+00 6.817600e+02 2.570600e+02 0
8.976400e-02 1.120500e+01 2.542800e+00 -9.291900e-01 330 36 1.202900e+01 3.040000e+00 6.865900e+02 2.419900e+02 0
-1.806200e-01 1.134200e+01 2.227100e+00 -9.291900e-01 332 36 1.237900e+01 3.040000e+00 6.718400e+02 2.602800e+02 0
-9.058200e-02 1.143000e+01 1.941500e+00 -9.291900e-01 333 36 1.265600e+01 3.040000e+00 6.772000e+02 2.761300e+02 0
0 1.176800e+01 2.038600e+00 -9.291900e-01 343 36 1.235700e+01 3.040000e+00 6.824600e+02 2.735800e+02 0
0 1.180600e+01 2.024000e+00 -9.291900e-01 344 36 1.258600e+01 3.040000e+00 6.825100e+02 2.746100e+02 0
0 1.180700e+01 2.218300e+00 -9.291900e-01 345 36 1.221500e+01 3.040000e+00 6.823700e+02 2.646800e+02 0
3.896100e-01 1.212800e+01 2.863900e+00 -9.291900e-01 358 36 1.223500e+01 3.040000e+00 7.025000e+02 2.350600e+02 0
2.954800e-01 1.245400e+01 1.934500e+00 -9.291900e-01 362 36 1.236600e+01 3.040000e+00 6.981700e+02 2.834300e+02 0
6.913700e-01 1.251600e+01 1.645700e+00 -9.291900e-01 363 36 1.248400e+01 3.040000e+00 7.184600e+02 2.977500e+02 0
4.125300e-01 1.310700e+01 1.517900e+00 -9.291900e-01 379 36 1.224600e+01 3.040000e+00 7.039000e+02 3.066000e+02 0
5.170300e-01 1.319500e+01 -9.909000e-01 -9.291900e-01 380 36 1.227800e+01 3.040000e+00 7.107300e+02 4.234400e+02 0
-4.911100e-02 3.132800e+00 -3.496500e-01 -8.971500e-01 91 37 1.032000e+01 3.040000e+00 6.481300e+02 4.977100e+02 0
-7.268400e-01 4.945100e+00 -4.651500e-01 -8.971500e-01 149 37 9.975400e+00 3.040000e+00 5.772500e+02 4.611000e+02 0
-2.069500e+00 6.852100e+00 -5.866800e-01 -8.971500e-01 206 37 1.060700e+01 3.040000e+00 4.858000e+02 4.435300e+02 0
-2.079600e+00 6.886600e+00 -5.888800e-01 -8.971500e-01 207 37 1.061600e+01 3.040000e+00 4.859200e+02 4.433100e+02 0
-2.089700e+00 6.884500e+00 -5.887500e-01 -8.971500e-01 208 37 1.061800e+01 3.040000e+00 4.849300e+02 4.433200e+02 0
-2.043000e+00 6.933900e+00 -5.918900e-01 -8.971500e-01 209 37 1.094200e+01 3.040000e+00 4.906600e+02 4.430400e+02 0
-1.995800e+00 7.002700e+00 -5.962800e-01 -8.971500e-01 210 37 1.114300e+01 3.040000e+00 4.969000e+02 4.426500e+02 0
-2.198000e+00 6.967700e+00 -5.940500e-01 -8.971500e-01 213 37 1.120100e+01 3.040000e+00 4.776500e+02 4.427600e+02 0
-1.866200e+00 7.560300e+00 1.661500e+00 -8.971500e-01 229 37 1.250800e+01 3.040000e+00 5.217200e+02 2.554400e+02 0
-9.372000e-01 7.842700e+00 -6.498100e-01 -8.971500e-01 230 37 1.238200e+01 3.040000e+00 6.035500e+02 4.385600e+02 0
-1.255100e-01 7.880300e+00 1.550400e+00 -8.971500e-01 231 37 1.294600e+01 3.040000e+00 6.675200e+02 2.676000e+02 0
1.260500e-01 7.800100e+00 2.055300e+00 -8.971500e-01 232 37 1.351100e+01 3.040000e+00 6.871300e+02 2.274600e+02 0
2.531900e-01 7.769400e+00 2.284500e+00 -8.971500e-01 233 37 1.380600e+01 3.040000e+00 6.971900e+02 2.091200e+02 0
1.907100e-01 7.807500e+00 2.284600e+00 -8.971500e-01 234 37 1.363200e+01 3.040000e+00 6.921100e+02 2.098800e+02 0
1.915300e-01 7.841900e+00 2.291400e+00 -8.971500e-01 235 37 1.298200e+01 3.040000e+00 6.921800e+02 2.100300e+02 0
7.093800e-02 8.793600e+00 2.261700e+00 -8.971500e-01 261 37 1.347200e+01 3.040000e+00 6.836600e+02 2.285000e+02 0
-9.969500e-01 8.800100e+00 2.155800e+00 -8.971500e-01 262 37 1.320400e+01 3.040000e+00 6.073400e+02 2.362900e+02 0
-9.494800e-01 9.615400e+00 3.035400e+00 -8.971500e-01 291 37 1.332400e+01 3.040000e+00 6.171600e+02 1.921100e+02 0
-9.527500e-01 9.605900e+00 3.177800e+00 -8.971500e-01 292 37 1.328800e+01 3.040000e+00 6.167800e+02 1.831100e+02 0
-5.786900e-01 1.012700e+01 3.012500e+00 -8.971500e-01 304 37 1.443200e+01 3.040000e+00 6.439400e+02 2.017800e+02 0
-6.635400e-01 1.024400e+01 2.709200e+00 -8.971500e-01 305 37 1.452500e+01 3.040000e+00 6.395000e+02 2.213400e+02 0
-1.005100e+00 1.020700e+01 3.124700e+00 -8.971500e-01 308 37 1.412800e+01 3.040000e+00 6.180700e+02 1.966600e+02 0
-1.008400e+00 1.027200e+01 3.027500e+00 -8.971500e-01 309 37 1.418200e+01 3.040000e+00 6.184000e+02 2.033400e+02 0
0 1.117400e+01 2.674200e+00 -8.971500e-01 330 37 1.339300e+01 3.040000e+00 6.814000e+02 2.346200e+02 0
-3.612400e-01 1.126600e+01 2.565000e+00 -8.971500e-01 332 37 1.379100e+01 3.040000e+00 6.613400e+02 2.415900e+02 0
-2.717500e-01 1.134800e+01 2.363700e+00 -8.971500e-01 333 37 1.397700e+01 3.040000e+00 6.666900e+02 2.531000e+02 0
0 1.160200e+01 2.834800e+00 -8.971500e-01 343 37 1.344100e+01 3.040000e+00 6.817200e+02 2.309700e+02 0
0 1.176200e+01 2.270100e+00 -8.971500e-01 344 37 1.356200e+01 3.040000e+00 6.822900e+02 2.616500e+02 0
-9.385600e-02 1.173000e+01 2.594200e+00 -8.971500e-01 345 37 1.350800e+01 3.040000e+00 6.769700e+02 2.447500e+02 0
-1.882600e-01 1.160200e+01 3.243900e+00 -8.971500e-01 346 37 1.337700e+01 3.040000e+00 6.712000e+02 2.098900e+02 0
3.939800e-01 1.238600e+01 2.318300e+00 -8.971500e-01 362 37 1.339500e+01 3.040000e+00 7.029500e+02 2.642400e+02 0
5.926000e-01 1.246100e+01 2.051700e+00 -8.971500e-01 363 37 1.352100e+01 3.040000e+00 7.132100e+02 2.777300e+02 0
6.932800e-01 1.256200e+01 1.561400e+00 -8.971500e-01 364 37 1.339000e+01 3.040000e+00 7.185400e+02 3.020600e+02 0
9.380200e-01 1.263700e+01 4.170300e+00 -8.971500e-01 383 37 1.388000e+01 3.040000e+00 7.285300e+02 1.779500e+02 0
1.045000e+00 1.268600e+01 4.107800e+00 -8.971500e-01 384 37 1.400900e+01 3.040000e+00 7.337700e+02 1.815500e+02 0
9.429300e-01 1.276600e+01 3.997200e+00 -8.971500e-01 385 37 1.365300e+01 3.040000e+00 7.285600e+02 1.879000e+02 0
8.403400e-01 1.280000e+01 4.028200e+00 -8.971500e-01 386 37 1.342800e+01 3.040000e+00 7.233800e+02 1.869500e+02 0
3.200400e-01 1.314600e+01 3.680200e+00 -8.971500e-01 392 37 1.327800e+01 3.040000e+00 6.978700e+02 2.075600e+02 0
8.709000e-01 1.389800e+01 -1.035700e+00 -8.971500e-01 400 37 1.279300e+01 3.040000e+00 7.262100e+02 4.223500e+02 0
7.639500e-01 1.382100e+01 1.880100e+00 -8.971500e-01 401 37 1.294200e+01 3.040000e+00 7.192600e+02 2.935100e+02 0
3.683300e-01 1.815100e+00 -2.656800e-01 -8.651100e-01 55 38 1.009300e+01 3.040000e+00 7.664200e+02 5.728600e+02 0
-9.331100e-02 1.959100e+00 -2.748500e-01 -8.651100e-01 58 38 1.043600e+01 3.040000e+00 6.048000e+02 5.578900e+02 0
-1.107700e-01 1.976700e+00 -2.759700e-01 -8.651100e-01 59 38 1.036300e+01 3.040000e+00 5.998200e+02 5.563800e+02 0
1.391500e+00 3.276600e+00 -3.588200e-01 -8.651100e-01 103 38 1.111600e+01 3.040000e+00 9.398500e+02 4.955900e+02 1
1.405100e+00 3.310200e+00 -3.609600e-01 -8.651100e-01 104 38 1.105100e+01 3.040000e+00 9.400200e+02 4.946200e+02 1
1.591200e+00 3.388400e+00 -3.659400e-01 -8.651100e-01 109 38 1.032600e+01 3.040000e+00 9.708800e+02 4.926500e+02 1
-8.987300e-01 6.207100e+00 -5.455700e-01 -8.651100e-01 184 38 1.047000e+01 3.040000e+00 5.835100e+02 4.486300e+02 0
-1.054200e+00 6.103700e+00 1.710600e+00 -8.651100e-01 185 38 1.103100e+01 3.040000e+00 5.640800e+02 225 0
-1.399700e+00 6.071200e+00 2.282700e+00 -8.651100e-01 191 38 1.112800e+01 3.040000e+00 5.276700e+02 1.683600e+02 0
-1.771800e+00 6.355700e+00 -5.550400e-01 -8.651100e-01 192 38 1.153300e+01 3.040000e+00 4.990300e+02 4.470400e+02 0
-2.147800e+00 6.338500e+00 -5.539500e-01 -8.651100e-01 193 38 1.213200e+01 3.040000e+00 4.611500e+02 4.469600e+02 0
-2.316900e+00 6.322600e+00 -5.529300e-01 -8.651100e-01 194 38 1.229800e+01 3.040000e+00 4.437700e+02 4.469900e+02 0
-2.434800e+00 6.318000e+00 -5.526500e-01 -8.651100e-01 195 38 1.173800e+01 3.040000e+00 4.318900e+02 4.469600e+02 0
-2.334700e+00 6.488600e+00 -5.635200e-01 -8.651100e-01 200 38 1.262500e+01 3.040000e+00 4.484500e+02 4.458000e+02 0
-2.346400e+00 6.497900e+00 -5.641100e-01 -8.651100e-01 201 38 1.258300e+01 3.040000e+00 4.476700e+02 4.457300e+02 0
-2.105800e+00 7.550500e+00 -6.311900e-01 -8.651100e-01 228 38 1.345200e+01 3.040000e+00 5.020400e+02 4.395500e+02 0
-2.052800e+00 7.590900e+00 -6.337700e-01 -8.651100e-01 229 38 1.346600e+01 3.040000e+00 5.074500e+02 4.393700e+02 0
-1.855300e-01 1.098300e+01 4.507800e+00 -8.651100e-01 341 38 1.355100e+01 3.040000e+00 6.691900e+02 1.329000e+02 0
-9.303800e-02 1.122500e+01 3.977400e+00 -8.651100e-01 342 38 1.371100e+01 3.040000e+00 6.752600e+02 1.657700e+02 0
0 1.144400e+01 3.418600e+00 -8.651100e-01 343 38 1.346200e+01 3.040000e+00 6.811200e+02 1.985900e+02 0
9.358400e-02 1.171900e+01 2.477000e+00 -8.651100e-01 344 38 1.302900e+01 3.040000e+00 6.871400e+02 2.506200e+02 0
-9.385600e-02 1.171900e+01 2.642300e+00 -8.651100e-01 345 38 1.309600e+01 3.040000e+00 6.769200e+02 2.421800e+02 0
-1.882600e-01 1.148300e+01 3.642900e+00 -8.651100e-01 346 38 1.343000e+01 3.040000e+00 6.706900e+02 1.875600e+02 0
-2.832100e-01 1.105000e+01 4.880300e+00 -8.651100e-01 347 38 1.332100e+01 3.040000e+00 6.635500e+02 1.144000e+02 0
-1.893500e-01 1.084000e+01 5.413700e+00 -8.651100e-01 348 38 1.314100e+01 3.040000e+00 668 8.060600e+01 0
0 1.128600e+01 4.509400e+00 -8.651100e-01 349 38 1.301500e+01 3.040000e+00 6.801400e+02 1.387600e+02 0
3.950700e-01 1.224000e+01 3.139700e+00 -8.651100e-01 363 38 1.289800e+01 3.040000e+00 7.024800e+02 2.226600e+02 0
2.971200e-01 1.213200e+01 3.664400e+00 -8.651100e-01 364 38 1.288200e+01 3.040000e+00 6.970700e+02 1.955500e+02 0
9.931300e-02 1.188200e+01 4.516300e+00 -8.651100e-01 365 38 1.254900e+01 3.040000e+00 6.860300e+02 1.494400e+02 0
8.337900e-01 1.273600e+01 3.880900e+00 -8.651100e-01 383 38 1.407900e+01 3.040000e+00 7.233200e+02 193 0
1.045000e+00 1.278700e+01 3.783100e+00 -8.651100e-01 384 38 1.423000e+01 3.040000e+00 7.337300e+02 1.981600e+02 0
1.152500e+00 1.262800e+01 4.365200e+00 -8.651100e-01 385 38 1.377300e+01 3.040000e+00 7.391200e+02 1.684900e+02 0
1.155500e+00 1.255300e+01 4.677500e+00 -8.651100e-01 386 38 1.361300e+01 3.040000e+00 7.392700e+02 1.525000e+02 0
5.334000e-01 1.280200e+01 4.719800e+00 -8.651100e-01 392 38 1.306600e+01 3.040000e+00 7.077300e+02 1.548900e+02 0
1.405400e+00 3.230400e+00 -3.558700e-01 -8.330700e-01 102 39 1.138800e+01 3.040000e+00 9.463900e+02 4.970300e+02 1
1.419300e+00 3.267200e+00 -3.582200e-01 -8.330700e-01 103 39 1.224700e+01 3.040000e+00 9.462900e+02 4.959200e+02 1
1.405100e+00 3.311200e+00 -3.610200e-01 -8.330700e-01 104 39 1.212500e+01 3.040000e+00 9.399400e+02 4.945900e+02 1
1.333600e+00 3.371700e+00 -3.648700e-01 -8.330700e-01 105 39 1.091800e+01 3.040000e+00 9.212100e+02 4.927300e+02 1
1.446000e+00 3.406600e+00 -3.671000e-01 -8.330700e-01 107 39 1.085000e+01 3.040000e+00 9.408200e+02 4.919200e+02 1
1.518100e+00 3.405400e+00 -3.670300e-01 -8.330700e-01 108 39 1.174100e+01 3.040000e+00 9.550600e+02 4.920600e+02 1
1.561700e+00 3.416000e+00 -3.677000e-01 -8.330700e-01 109 39 1.175200e+01 3.040000e+00 9.627800e+02 4.918300e+02 1
1.605900e+00 3.425000e+00 -3.682800e-01 -8.330700e-01 110 39 1.092500e+01 3.040000e+00 9.706900e+02 4.916500e+02 1
-8.594400e-01 5.091100e+00 3.270100e+00 -8.330700e-01 176 39 1.010800e+01 3.040000e+00 5.614300e+02 1.692400e+01 0
-1.584600e+00 5.779300e+00 -5.183100e-01 -8.330700e-01 177 39 1.078300e+01 3.040000e+00 4.999900e+02 4.517800e+02 0
-2.366300e+00 5.691500e+00 -5.127100e-01 -8.330700e-01 178 39 1.165300e+01 3.040000e+00 4.106100e+02 4.520900e+02 0
-2.671100e+00 5.612500e+00 -5.076800e-01 -8.330700e-01 179 39 1.204100e+01 3.040000e+00 3.727100e+02 4.526200e+02 0
-2.979100e+00 5.392900e+00 -4.936900e-01 -8.330700e-01 180 39 1.096000e+01 3.040000e+00 3.241400e+02 4.545200e+02 0
-2.406400e+00 5.802900e+00 -5.198200e-01 -8.330700e-01 181 39 1.215400e+01 3.040000e+00 4.117200e+02 4.510800e+02 0
-2.469200e+00 5.818700e+00 -5.208200e-01 -8.330700e-01 182 39 1.243800e+01 3.040000e+00 4.057400e+02 4.509100e+02 0
-2.681500e+00 5.758900e+00 -5.170100e-01 -8.330700e-01 183 39 1.219900e+01 3.040000e+00 3.797300e+02 4.513000e+02 0
-2.796000e+00 5.734700e+00 -5.154700e-01 -8.330700e-01 184 39 1.253400e+01 3.040000e+00 3.659500e+02 4.514400e+02 0
-2.710900e+00 5.758700e+00 -5.170000e-01 -8.330700e-01 185 39 1.234900e+01 3.040000e+00 3.765200e+02 4.512800e+02 0
-2.095400e+00 6.325300e+00 -5.531100e-01 -8.330700e-01 193 39 1.317900e+01 3.040000e+00 4.658700e+02 4.470900e+02 0
-2.422300e+00 6.275000e+00 -5.499000e-01 -8.330700e-01 194 39 1.346000e+01 3.040000e+00 4.313500e+02 4.472900e+02 0
-2.540700e+00 6.268700e+00 -5.495000e-01 -8.330700e-01 195 39 1.323800e+01 3.040000e+00 4.192600e+02 4.472700e+02 0
-2.526200e+00 6.275600e+00 -5.499400e-01 -8.330700e-01 198 39 1.342900e+01 3.040000e+00 4.210100e+02 4.472300e+02 0
-2.539000e+00 6.299300e+00 -5.514500e-01 -8.330700e-01 199 39 1.362300e+01 3.040000e+00 4.207500e+02 4.470400e+02 0
-2.497600e+00 6.286400e+00 1.594500e+00 -8.330700e-01 200 39 1.356200e+01 3.040000e+00 4.251100e+02 2.408400e+02 0
-2.619200e+00 7.657400e+00 2.180500e+00 -8.330700e-01 241 39 1.342200e+01 3.040000e+00 4.628300e+02 2.166900e+02 0
-2.761700e+00 7.748300e+00 1.781900e+00 -8.330700e-01 242 39 1.330300e+01 3.040000e+00 4.540900e+02 2.490600e+02 0
-2.349100e+00 8.043500e+00 1.895000e+00 -8.330700e-01 247 39 1.405600e+01 3.040000e+00 4.945500e+02 2.445900e+02 0
-2.560900e+00 7.997500e+00 1.972500e+00 -8.330700e-01 248 39 1.415300e+01 3.040000e+00 4.770100e+02 2.382300e+02 0
-2.571200e+00 7.940300e+00 2.313600e+00 -8.330700e-01 249 39 1.447900e+01 3.040000e+00 4.746700e+02 2.117900e+02 0
-2.513700e+00 7.899900e+00 2.625100e+00 -8.330700e-01 250 39 1.443400e+01 3.040000e+00 4.780700e+02 1.876200e+02 0
-1.656700e+00 8.109500e+00 3.091700e+00 -8.330700e-01 254 39 1.395100e+01 3.040000e+00 5.488700e+02 1.573900e+02 0
-2.313700e+00 8.440000e+00 3.010500e+00 -8.330700e-01 266 39 1.401100e+01 3.040000e+00 5.062500e+02 1.714300e+02 0
-2.322400e+00 8.379400e+00 3.269200e+00 -8.330700e-01 267 39 1.405200e+01 3.040000e+00 5.042500e+02 1.518500e+02 0
-2.331100e+00 8.337000e+00 3.465000e+00 -8.330700e-01 268 39 1.373500e+01 3.040000e+00 5.026300e+02 1.369800e+02 0
-2.413000e+00 8.294000e+00 3.603600e+00 -8.330700e-01 269 39 1.350100e+01 3.040000e+00 4.955700e+02 1.260800e+02 0
-2.259100e-01 8.500300e+00 4.538800e+00 -8.330700e-01 277 39 1.308500e+01 3.040000e+00 6.592500e+02 6.493900e+01 0
-3.023000e-01 8.734400e+00 4.147300e+00 -8.330700e-01 278 39 1.302300e+01 3.040000e+00 6.550200e+02 9.925000e+01 0
-1.668700e+00 8.611100e+00 4.162000e+00 -8.330700e-01 279 39 1.326400e+01 3.040000e+00 5.559100e+02 9.585100e+01 0
-1.979200e+00 8.579000e+00 4.173900e+00 -8.330700e-01 280 39 1.354200e+01 3.040000e+00 5.330700e+02 9.436400e+01 0
-4.780100e-01 9.467600e+00 3.758500e+00 -8.330700e-01 293 39 1.337100e+01 3.040000e+00 6.466500e+02 1.437800e+02 0
-7.194700e-01 9.307100e+00 4.191100e+00 -8.330700e-01 294 39 1.296200e+01 3.040000e+00 6.293500e+02 1.127700e+02 0
-8.649000e-01 1.049900e+01 3.403200e+00 -8.330700e-01 318 39 1.246800e+01 3.040000e+00 6.283400e+02 1.853300e+02 0
0 1.040300e+01 3.886300e+00 -8.330700e-01 319 39 1.290800e+01 3.040000e+00 6.795300e+02 1.556000e+02 0
4.351800e-01 1.051600e+01 3.651700e+00 -8.330700e-01 320 39 1.246000e+01 3.040000e+00 7.059100e+02 1.708300e+02 0
-1.855300e-01 1.088600e+01 4.737800e+00 -8.330700e-01 341 39 1.236200e+01 3.040000e+00 6.688100e+02 1.183800e+02 0
-2.791100e-01 1.108900e+01 4.334200e+00 -8.330700e-01 342 39 1.258500e+01 3.040000e+00 6.642600e+02 1.443800e+02 0
-4.720100e-01 1.098300e+01 5.016700e+00 -8.330700e-01 347 39 1.258300e+01 3.040000e+00 6.525400e+02 1.056900e+02 0
1.350300e+00 3.229200e+00 -3.557900e-01 -8.010300e-01 102 40 1.079000e+01 3.040000e+00 9.350700e+02 4.969800e+02 1
1.391500e+00 3.275800e+00 -3.587600e-01 -8.010300e-01 103 40 1.148800e+01 3.040000e+00 9.399200e+02 4.956200e+02 1
1.377000e+00 3.322900e+00 -3.617700e-01 -8.010300e-01 104 40 1.129400e+01 3.040000e+00 9.333900e+02 4.942000e+02 1
1.488900e+00 3.422400e+00 -3.681100e-01 -8.010300e-01 108 40 1.092500e+01 3.040000e+00 948 4.915500e+02 1
1.561700e+00 3.431700e+00 -3.687000e-01 -8.010300e-01 109 40 1.102700e+01 3.040000e+00 9.615000e+02 4.914000e+02 1
1.665400e+00 3.417100e+00 -3.677700e-01 -8.010300e-01 110 40 1.034700e+01 3.040000e+00 9.830300e+02 4.919500e+02 1
-2.326200e+00 4.340600e+00 -4.266300e-01 -8.010300e-01 148 40 1.043800e+01 3.040000e+00 3.283000e+02 4.681000e+02 0
-2.382400e+00 4.404900e+00 -4.307200e-01 -8.010300e-01 149 40 1.034500e+01 3.040000e+00 3.256800e+02 4.670700e+02 0
-2.317200e+00 4.494100e+00 -4.364000e-01 -8.010300e-01 150 40 1.033000e+01 3.040000e+00 3.420200e+02 4.658100e+02 0
-2.291800e+00 4.661900e+00 -4.471000e-01 -8.010300e-01 151 40 9.914600e+00 3.040000e+00 3.580800e+02 4.634900e+02 0
-2.152400e+00 4.598100e+00 2.416300e+00 -8.010300e-01 162 40 1.086400e+01 3.040000e+00 3.751400e+02 9.169500e+01 0
-2.121600e+00 4.777400e+00 2.164100e+00 -8.010300e-01 163 40 1.108100e+01 3.040000e+00 3.905600e+02 1.325100e+02 0
-2.179200e+00 4.917500e+00 1.863900e+00 -8.010300e-01 164 40 1.059300e+01 3.040000e+00 3.916300e+02 1.749800e+02 0
-2.414900e+00 4.936200e+00 1.953600e+00 -8.010300e-01 168 40 1.123100e+01 3.040000e+00 3.635800e+02 1.652400e+02 0
-2.521000e+00 4.899800e+00 2.014900e+00 -8.010300e-01 169 40 1.122200e+01 3.040000e+00 3.480100e+02 1.565600e+02 0
-2.628300e+00 4.947900e+00 1.856000e+00 -8.010300e-01 170 40 1.167500e+01 3.040000e+00 3.379000e+02 1.775500e+02 0
-2.643800e+00 5.144600e+00 -4.778600e-01 -8.010300e-01 171 40 1.182600e+01 3.040000e+00 3.468800e+02 4.573500e+02 0
-2.752700e+00 5.236000e+00 -4.836900e-01 -8.010300e-01 172 40 1.190400e+01 3.040000e+00 3.399800e+02 4.562900e+02 0
-2.909500e+00 5.228400e+00 -4.832000e-01 -8.010300e-01 173 40 1.167100e+01 3.040000e+00 3.208200e+02 4.562600e+02 0
-2.462900e+00 5.669200e+00 -5.112900e-01 -8.010300e-01 178 40 1.263400e+01 3.040000e+00 3.988400e+02 4.522300e+02 0
-2.816800e+00 5.539800e+00 -5.030500e-01 -8.010300e-01 179 40 1.353800e+01 3.040000e+00 3.521200e+02 4.532100e+02 0
-3.076800e+00 5.406800e+00 -4.945700e-01 -8.010300e-01 180 40 1.284200e+01 3.040000e+00 3.138800e+02 4.543200e+02 0
-2.259100e+00 5.863800e+00 -5.236900e-01 -8.010300e-01 181 40 1.290000e+01 3.040000e+00 4.303900e+02 4.506500e+02 0
-2.716100e+00 5.707300e+00 -5.137200e-01 -8.010300e-01 182 40 1.354300e+01 3.040000e+00 3.731100e+02 4.517300e+02 0
-2.979400e+00 5.612800e+00 -5.077000e-01 -8.010300e-01 183 40 1.343100e+01 3.040000e+00 3.385300e+02 4.524200e+02 0
-2.995800e+00 5.645100e+00 -5.097600e-01 -8.010300e-01 184 40 1.325700e+01 3.040000e+00 3.387600e+02 4.521200e+02 0
-3.179900e+00 5.211000e+00 2.115600e+00 -8.010300e-01 186 40 1.339100e+01 3.040000e+00 2.913900e+02 1.579900e+02 0
-2.727300e+00 6.075600e+00 1.581900e+00 -8.010300e-01 197 40 1.366700e+01 3.040000e+00 3.926400e+02 2.380700e+02 0
-2.687500e+00 6.151500e+00 1.506700e+00 -8.010300e-01 198 40 1.386600e+01 3.040000e+00 4.002400e+02 2.468300e+02 0
-2.701100e+00 6.168100e+00 1.572600e+00 -8.010300e-01 199 40 1.369800e+01 3.040000e+00 3.996900e+02 2.407800e+02 0
-2.368200e+00 6.932200e+00 1.941100e+00 -8.010300e-01 218 40 1.337400e+01 3.040000e+00 4.613900e+02 2.220900e+02 0
-2.521800e+00 7.483000e+00 2.480000e+00 -8.010300e-01 238 40 1.368500e+01 3.040000e+00 4.655900e+02 1.895600e+02 0
-2.467500e+00 7.458200e+00 2.715000e+00 -8.010300e-01 239 40 1.369200e+01 3.040000e+00 4.693500e+02 1.703200e+02 0
-2.608300e+00 7.373400e+00 2.914800e+00 -8.010300e-01 240 40 1.327900e+01 3.040000e+00 4.551000e+02 1.523000e+02 0
-2.638900e+00 7.660300e+00 3.060800e+00 -8.010300e-01 249 40 1.396800e+01 3.040000e+00 4.614200e+02 1.488000e+02 0
-2.513700e+00 7.603400e+00 3.389500e+00 -8.010300e-01 250 40 1.434300e+01 3.040000e+00 4.698600e+02 1.217300e+02 0
-2.660200e+00 7.525300e+00 3.538400e+00 -8.010300e-01 251 40 1.380100e+01 3.040000e+00 4.556700e+02 1.078500e+02 0
-1.718900e+00 7.650200e+00 3.996400e+00 -8.010300e-01 253 40 1.377400e+01 3.040000e+00 5.350200e+02 7.585800e+01 0
-1.863800e+00 7.810400e+00 3.686600e+00 -8.010300e-01 254 40 1.407100e+01 3.040000e+00 5.268500e+02 105 0
-2.148300e+00 7.975500e+00 3.234500e+00 -8.010300e-01 255 40 1.394100e+01 3.040000e+00 5.083100e+02 1.438300e+02 0
-2.574200e+00 8.067000e+00 2.757600e+00 -8.010300e-01 256 40 1.356800e+01 3.040000e+00 4.778300e+02 1.814900e+02 0
-1.862100e+00 7.520600e+00 5.556200e+00 -8.010300e-01 274 40 1.256400e+01 3.040000e+00 5.202800e+02 -4.887500e+01 0
-1.644700e+00 8.213000e+00 4.626800e+00 -8.010300e-01 275 40 1.283300e+01 3.040000e+00 5.510200e+02 5.013100e+01 0
-1.275500e+00 8.487100e+00 4.310100e+00 -8.010300e-01 276 40 1.324800e+01 3.040000e+00 5.825200e+02 8.141100e+01 0
-1.129600e+00 8.663200e+00 4.071800e+00 -8.010300e-01 277 40 1.320300e+01 3.040000e+00 5.953100e+02 1.030300e+02 0
-1.284800e+00 8.819200e+00 3.762000e+00 -8.010300e-01 278 40 1.281800e+01 3.040000e+00 5.862500e+02 1.283700e+02 0
-1.517000e+00 8.707700e+00 4.016700e+00 -8.010300e-01 279 40 1.290600e+01 3.040000e+00 5.682400e+02 1.084100e+02 0
-1.598600e+00 8.590400e+00 4.311300e+00 -8.010300e-01 280 40 1.277700e+01 3.040000e+00 5.605700e+02 8.496800e+01 0
-1.813600e+00 8.681100e+00 4.818200e+00 -8.010300e-01 290 40 1.214000e+01 3.040000e+00 5.464800e+02 5.390300e+01 0
-2.136300e+00 8.556800e+00 4.978800e+00 -8.010300e-01 291 40 1.224400e+01 3.040000e+00 5.211900e+02 3.899400e+01 0
7.966900e-02 9.994000e+00 2.025800e+00 -8.010300e-01 293 40 1.224700e+01 3.040000e+00 6.855800e+02 2.587000e+02 0
-5.222100e-01 9.248000e+00 6.189700e+00 -8.010300e-01 320 40 1.136000e+01 3.040000e+00 6.407800e+02 -1.538600e+01 0
-7.333900e-01 1.147400e+01 2.346700e+00 -8.010300e-01 337 40 1.144200e+01 3.040000e+00 6.416300e+02 2.553100e+02 0
-5.516800e-01 1.151700e+01 2.357800e+00 -8.010300e-01 338 40 1.146300e+01 3.040000e+00 6.517500e+02 2.550800e+02 0
-3.803400e+00 1.000200e+01 5.146100e+00 -8.010300e-01 341 40 1.189800e+01 3.040000e+00 4.434400e+02 7.635500e+01 0
-4.333800e+00 1.142500e+01 3.102600e+00 -8.010300e-01 362 40 1.276300e+01 3.040000e+00 4.452000e+02 2.165300e+02 0
-4.399500e+00 1.133800e+01 4.859000e+00 -8.010300e-01 376 40 1.305100e+01 3.040000e+00 4.400200e+02 1.243600e+02 0
-4.513800e+00 1.151900e+01 4.399600e+00 -8.010300e-01 377 40 1.263800e+01 3.040000e+00 4.377800e+02 1.514300e+02 0
-3.846200e+00 1.080000e+01 6.752800e+00 -8.010300e-01 382 40 1.247600e+01 3.040000e+00 4.591500e+02 1.079600e+01 0
-3.856300e+00 1.025600e+01 7.610000e+00 -8.010300e-01 383 40 1.201900e+01 3.040000e+00 4.466500e+02 -5.501700e+01 0
-2.828200e+00 3.708900e+00 1.684700e+00 -7.689800e-01 143 41 1.022800e+01 3.040000e+00 1.892500e+02 1.449600e+02 0
-2.653100e+00 4.066100e+00 -4.091300e-01 -7.689800e-01 144 41 1.190400e+01 3.040000e+00 2.537400e+02 4.723100e+02 0
-2.671600e+00 4.130200e+00 -4.132100e-01 -7.689800e-01 145 41 1.226100e+01 3.040000e+00 2.577600e+02 4.711800e+02 0
-2.650600e+00 4.190800e+00 -4.170700e-01 -7.689800e-01 146 41 1.201200e+01 3.040000e+00 2.671500e+02 4.701900e+02 0
-2.589200e+00 4.226400e+00 -4.193500e-01 -7.689800e-01 147 41 1.180000e+01 3.040000e+00 2.797400e+02 4.696600e+02 0
-2.406400e+00 4.374400e+00 -4.287800e-01 -7.689800e-01 148 41 1.211900e+01 3.040000e+00 3.196900e+02 4.675100e+02 0
-2.422800e+00 4.359800e+00 -4.278500e-01 -7.689800e-01 149 41 1.269000e+01 3.040000e+00 3.161100e+02 4.677100e+02 0
-2.479800e+00 4.311700e+00 1.528600e+00 -7.689800e-01 150 41 1.206300e+01 3.040000e+00 3.069900e+02 1.955000e+02 0
-2.196300e+00 4.603400e+00 2.366200e+00 -7.689800e-01 162 41 1.184000e+01 3.040000e+00 3.696300e+02 9.843300e+01 0
-2.165800e+00 4.677200e+00 2.332600e+00 -7.689800e-01 163 41 1.209800e+01 3.040000e+00 3.785800e+02 1.066400e+02 0
-2.268100e+00 4.704100e+00 2.265400e+00 -7.689800e-01 164 41 1.185300e+01 3.040000e+00 367 1.166000e+02 0
-2.371500e+00 4.666100e+00 2.325200e+00 -7.689800e-01 165 41 1.140500e+01 3.040000e+00 3.509700e+02 1.073200e+02 0
-2.309800e+00 4.893100e+00 2.080900e+00 -7.689800e-01 167 41 1.178300e+01 3.040000e+00 3.739700e+02 1.480800e+02 0
-2.278200e+00 4.850600e+00 2.301300e+00 -7.689800e-01 168 41 1.245200e+01 3.040000e+00 3.754200e+02 1.195400e+02 0
-2.612700e+00 5.052500e+00 -4.719900e-01 -7.689800e-01 169 41 1.244500e+01 3.040000e+00 3.444000e+02 4.584000e+02 0
-2.720500e+00 5.126200e+00 -4.766900e-01 -7.689800e-01 170 41 1.338200e+01 3.040000e+00 3.363300e+02 4.575000e+02 0
-2.783000e+00 5.188200e+00 -4.806400e-01 -7.689800e-01 171 41 1.367000e+01 3.040000e+00 3.331000e+02 4.567700e+02 0
-2.799300e+00 5.241900e+00 -4.840600e-01 -7.689800e-01 172 41 1.351400e+01 3.040000e+00 3.348400e+02 4.561900e+02 0
-2.674900e+00 5.347200e+00 -4.907700e-01 -7.689800e-01 173 41 1.307800e+01 3.040000e+00 3.563700e+02 4.551900e+02 0
-3.178000e+00 5.487500e+00 -4.997100e-01 -7.689800e-01 183 41 1.376500e+01 3.040000e+00 3.080100e+02 4.534700e+02 0
-3.129500e+00 5.273600e+00 2.034000e+00 -7.689800e-01 186 41 1.389000e+01 3.040000e+00 3.017500e+02 1.693700e+02 0
-3.228800e+00 5.740500e+00 1.588800e+00 -7.689800e-01 195 41 1.388800e+01 3.040000e+00 3.218800e+02 2.305800e+02 0
-3.085800e+00 5.855400e+00 1.602800e+00 -7.689800e-01 196 41 1.406600e+01 3.040000e+00 3.439800e+02 2.315900e+02 0
-2.941200e+00 5.952900e+00 1.663300e+00 -7.689800e-01 197 41 1.361600e+01 3.040000e+00 3.645400e+02 2.275700e+02 0
-3.055800e+00 5.951800e+00 2.005900e+00 -7.689800e-01 201 41 1.315400e+01 3.040000e+00 3.529900e+02 1.935800e+02 0
-2.880100e+00 6.153100e+00 2.025900e+00 -7.689800e-01 204 41 1.294800e+01 3.040000e+00 3.814000e+02 1.969200e+02 0
-2.581600e+00 7.159700e+00 4.206200e+00 -7.689800e-01 250 41 1.321100e+01 3.040000e+00 4.506400e+02 4.083900e+01 0
-2.728400e+00 7.370100e+00 3.803200e+00 -7.689800e-01 251 41 1.330600e+01 3.040000e+00 4.451600e+02 8.174000e+01 0
-2.643800e+00 7.813400e+00 3.356700e+00 -7.689800e-01 256 41 1.298900e+01 3.040000e+00 4.655100e+02 1.306300e+02 0
-3.502700e+00 7.132100e+00 4.537100e+00 -7.689800e-01 263 41 1.183900e+01 3.040000e+00 3.715600e+02 1.419100e+01 0
-3.229000e+00 7.641200e+00 3.942900e+00 -7.689800e-01 264 41 1.289900e+01 3.040000e+00 4.138300e+02 8.134600e+01 0
-3.025200e+00 7.700200e+00 4.069300e+00 -7.689800e-01 265 41 1.285000e+01 3.040000e+00 4.320700e+02 7.366000e+01 0
-2.819800e+00 7.261100e+00 4.997400e+00 -7.689800e-01 266 41 1.219400e+01 3.040000e+00 4.341600e+02 -1.731000e+01 0
-2.662400e+00 8.132200e+00 5.219100e+00 -7.689800e-01 288 41 1.152400e+01 3.040000e+00 4.729300e+02 6.186700e+00 0
-2.514500e+00 7.923400e+00 5.662000e+00 -7.689800e-01 289 41 1.168900e+01 3.040000e+00 4.786500e+02 -3.525600e+01 0
-2.207800e+00 8.132200e+00 5.555000e+00 -7.689800e-01 290 41 1.177700e+01 3.040000e+00 5.069700e+02 -1.825500e+01 0
-2.373700e+00 8.136100e+00 5.544500e+00 -7.689800e-01 291 41 1.187200e+01 3.040000e+00 4.946300e+02 -1.709100e+01 0
-2.540700e+00 7.599200e+00 6.251100e+00 -7.689800e-01 292 41 1.149200e+01 3.040000e+00 4.677400e+02 -9.580700e+01 0
-5.209800e+00 9.357700e+00 4.707900e+00 -7.689800e-01 336 41 1.166400e+01 3.040000e+00 3.356000e+02 8.570100e+01 0
-5.408700e+00 9.499900e+00 4.265000e+00 -7.689800e-01 337 41 1.221700e+01 3.040000e+00 3.278800e+02 1.169000e+02 0
-5.424800e+00 9.600500e+00 4.112700e+00 -7.689800e-01 338 41 1.248100e+01 3.040000e+00 3.304900e+02 1.286300e+02 0
-5.164300e+00 9.727000e+00 4.248900e+00 -7.689800e-01 339 41 1.197700e+01 3.040000e+00 3.513500e+02 1.232300e+02 0
-4.267200e+00 1.033700e+01 3.989900e+00 -7.689800e-01 341 41 1.224000e+01 3.040000e+00 4.237500e+02 1.510200e+02 0
-5.240700e+00 1.044300e+01 2.638700e+00 -7.689800e-01 344 41 1.282800e+01 3.040000e+00 3.690400e+02 2.297600e+02 0
-4.489800e+00 1.103300e+01 5.359000e+00 -7.689800e-01 375 41 1.274900e+01 3.040000e+00 4.282900e+02 9.163000e+01 0
-4.399500e+00 1.132300e+01 4.894000e+00 -7.689800e-01 376 41 1.292900e+01 3.040000e+00 4.396900e+02 1.222400e+02 0
-4.411200e+00 1.135100e+01 4.911400e+00 -7.689800e-01 377 41 1.264600e+01 3.040000e+00 4.396800e+02 1.219400e+02 0
-2.634500e+00 4.031400e+00 -4.069200e-01 -7.369400e-01 143 42 1.176100e+01 3.040000e+00 2.528100e+02 4.729400e+02 0
-2.653100e+00 4.069400e+00 -4.093400e-01 -7.369400e-01 144 42 1.327400e+01 3.040000e+00 2.540900e+02 4.722500e+02 0
-2.710900e+00 4.099900e+00 -4.112900e-01 -7.369400e-01 145 42 1.361600e+01 3.040000e+00 2.486200e+02 4.716600e+02 0
-2.729700e+00 4.140600e+00 -4.138800e-01 -7.369400e-01 146 42 1.314600e+01 3.040000e+00 2.501600e+02 4.709500e+02 0
-2.748600e+00 4.058900e+00 -4.086700e-01 -7.369400e-01 147 42 1.219100e+01 3.040000e+00 2.384100e+02 4.723400e+02 0
-2.486600e+00 4.409800e+00 -4.310300e-01 -7.369400e-01 148 42 1.193200e+01 3.040000e+00 3.113700e+02 4.669000e+02 0
-2.543900e+00 4.329200e+00 -4.259000e-01 -7.369400e-01 149 42 1.296500e+01 3.040000e+00 2.960500e+02 4.680700e+02 0
-2.601800e+00 4.253000e+00 -4.210400e-01 -7.369400e-01 150 42 1.221900e+01 3.040000e+00 2.804900e+02 4.692200e+02 0
-3.055800e+00 4.565400e+00 -4.409500e-01 -7.369400e-01 161 42 1.260400e+01 3.040000e+00 2.471200e+02 4.641600e+02 0
-3.031000e+00 4.614700e+00 -4.440900e-01 -7.369400e-01 162 42 1.216200e+01 3.040000e+00 2.551900e+02 4.635000e+02 0
-3.575300e+00 4.647800e+00 -4.462000e-01 -7.369400e-01 169 42 1.286800e+01 3.040000e+00 1.862200e+02 4.626100e+02 0
-2.582100e+00 5.109000e+00 -4.756000e-01 -7.369400e-01 170 42 1.303700e+01 3.040000e+00 3.519900e+02 4.577900e+02 0
-2.690200e+00 5.278900e+00 -4.864200e-01 -7.369400e-01 171 42 1.340100e+01 3.040000e+00 3.502100e+02 4.558800e+02 0
-3.219200e+00 4.960700e+00 -4.661400e-01 -7.369400e-01 172 42 1.291300e+01 3.040000e+00 2.621600e+02 4.590100e+02 0
-3.363600e+00 5.319900e+00 -4.890300e-01 -7.369400e-01 185 42 1.366200e+01 3.040000e+00 2.743600e+02 455 0
-3.432300e+00 5.313900e+00 -4.886500e-01 -7.369400e-01 186 42 1.364200e+01 3.040000e+00 2.659000e+02 4.550100e+02 0
-3.457400e+00 5.593500e+00 -5.064700e-01 -7.369400e-01 193 42 1.422800e+01 3.040000e+00 2.843700e+02 4.523000e+02 0
-3.528100e+00 5.556500e+00 -5.041100e-01 -7.369400e-01 194 42 1.456800e+01 3.040000e+00 2.738200e+02 4.526000e+02 0
-3.493400e+00 5.557100e+00 1.678200e+00 -7.369400e-01 195 42 1.472600e+01 3.040000e+00 281 2.170200e+02 0
-3.458200e+00 5.585400e+00 1.794500e+00 -7.369400e-01 196 42 1.449400e+01 3.040000e+00 2.870400e+02 2.054300e+02 0
-3.403400e+00 5.271100e+00 2.906400e+00 -7.369400e-01 199 42 1.278900e+01 3.040000e+00 2.715000e+02 7.322800e+01 0
-3.383200e+00 5.764400e+00 2.027500e+00 -7.369400e-01 201 42 1.272800e+01 3.040000e+00 3.076000e+02 1.863100e+02 0
-4.003400e+00 5.500300e+00 1.730300e+00 -7.369400e-01 202 42 1.273000e+01 3.040000e+00 2.208200e+02 2.103900e+02 0
-3.527300e+00 5.846000e+00 1.774600e+00 -7.369400e-01 203 42 1.326500e+01 3.040000e+00 2.975700e+02 2.143200e+02 0
-3.489300e+00 5.758500e+00 2.218900e+00 -7.369400e-01 204 42 1.333900e+01 3.040000e+00 2.962800e+02 1.667200e+02 0
-3.617800e+00 5.479500e+00 2.764500e+00 -7.369400e-01 205 42 1.279300e+01 3.040000e+00 2.633000e+02 9.920700e+01 0
-3.691500e+00 5.643000e+00 2.405000e+00 -7.369400e-01 206 42 1.203600e+01 3.040000e+00 2.669800e+02 1.437700e+02 0
-2.055300e+00 6.820900e+00 4.611900e+00 -7.369400e-01 244 42 1.179500e+01 3.040000e+00 4.859500e+02 -9.848800e+00 0
-2.330000e+00 7.064700e+00 4.156100e+00 -7.369400e-01 245 42 1.236200e+01 3.040000e+00 4.691700e+02 4.038800e+01 0
-2.406400e+00 7.202300e+00 3.942600e+00 -7.369400e-01 246 42 1.217000e+01 3.040000e+00 4.668500e+02 6.370400e+01 0
-2.859300e+00 7.492700e+00 4.405000e+00 -7.369400e-01 263 42 1.254600e+01 3.040000e+00 4.385900e+02 3.971100e+01 0
-2.942000e+00 7.620700e+00 4.198800e+00 -7.369400e-01 264 42 1.317100e+01 3.040000e+00 4.361000e+02 6.076500e+01 0
-3.025200e+00 7.813400e+00 3.847400e+00 -7.369400e-01 265 42 1.283600e+01 3.040000e+00 4.357100e+02 9.426400e+01 0
-2.964400e+00 7.682200e+00 4.224300e+00 -7.369400e-01 266 42 1.226900e+01 3.040000e+00 4.363400e+02 6.121300e+01 0
-2.612700e+00 7.590000e+00 4.675700e+00 -7.369400e-01 267 42 1.190700e+01 3.040000e+00 4.615900e+02 2.276100e+01 0
-5.467700e+00 9.454400e+00 4.095900e+00 -7.369400e-01 335 42 1.187100e+01 3.040000e+00 3.223000e+02 1.262000e+02 0
-5.484000e+00 9.473800e+00 4.128700e+00 -7.369400e-01 336 42 1.209100e+01 3.040000e+00 3.220200e+02 1.246700e+02 0
-5.500400e+00 9.727600e+00 3.579200e+00 -7.369400e-01 337 42 1.232200e+01 3.040000e+00 3.300600e+02 1.636300e+02 0
-5.424800e+00 9.848400e+00 3.477600e+00 -7.369400e-01 338 42 1.227700e+01 3.040000e+00 3.389900e+02 1.719800e+02 0
-5.427800e+00 1.015500e+01 3.303400e+00 -7.369400e-01 344 42 1.207300e+01 3.040000e+00 3.491300e+02 1.876300e+02 0
-5.162400e+00 1.012300e+01 5.130600e+00 -7.369400e-01 358 42 1.213200e+01 3.040000e+00 3.648800e+02 8.171200e+01 0
-5.218000e+00 1.104100e+01 4.729700e+00 -7.369400e-01 376 42 1.152800e+01 3.040000e+00 3.882400e+02 1.255200e+02 0
-5.026800e+00 1.099000e+01 5.136900e+00 -7.369400e-01 377 42 1.156500e+01 3.040000e+00 3.975400e+02 1.027400e+02 0
-5.040100e+00 1.084200e+01 5.512100e+00 -7.369400e-01 378 42 1.150000e+01 3.040000e+00 3.930200e+02 7.926400e+01 0
-4.825100e+00 1.076200e+01 7.019900e+00 -7.369400e-01 394 42 1.110200e+01 3.040000e+00 4.033700e+02 -3.676000e+00 0
-2.479600e+00 4.099600e+00 -4.112600e-01 -7.049000e-01 143 43 1.150900e+01 3.040000e+00 2.835600e+02 4.719000e+02 0
-2.653100e+00 4.048000e+00 -4.079700e-01 -7.049000e-01 144 43 1.280100e+01 3.040000e+00 2.517700e+02 4.726300e+02 0
-2.750200e+00 4.058700e+00 -4.086600e-01 -7.049000e-01 145 43 1.310900e+01 3.040000e+00 2.381300e+02 4.723400e+02 0
-2.769300e+00 4.082400e+00 -4.101700e-01 -7.049000e-01 146 43 1.253100e+01 3.040000e+00 2.378800e+02 4.719000e+02 0
-2.868100e+00 3.771500e+00 1.883500e+00 -7.049000e-01 147 43 1.093600e+01 3.040000e+00 1.916800e+02 1.177800e+02 0
-2.887700e+00 4.105900e+00 -4.116700e-01 -7.049000e-01 148 43 1.171800e+01 3.040000e+00 2.226700e+02 4.713800e+02 0
-2.786200e+00 4.154800e+00 -4.147900e-01 -7.049000e-01 149 43 1.239700e+01 3.040000e+00 2.432800e+02 4.706500e+02 0
-2.764400e+00 4.095300e+00 1.632100e+00 -7.049000e-01 150 43 1.187100e+01 3.040000e+00 2.450100e+02 1.723900e+02 0
-3.036700e+00 4.296600e+00 1.775200e+00 -7.049000e-01 160 43 1.334100e+01 3.040000e+00 2.275400e+02 1.618800e+02 0
-3.186800e+00 4.324200e+00 1.539000e+00 -7.049000e-01 161 43 1.321700e+01 3.040000e+00 2.089100e+02 1.953700e+02 0
-3.162700e+00 4.381500e+00 1.553500e+00 -7.049000e-01 162 43 1.305000e+01 3.040000e+00 2.184400e+02 1.955200e+02 0
-3.599600e+00 4.580400e+00 -4.419100e-01 -7.049000e-01 168 43 1.372000e+01 3.040000e+00 1.755800e+02 4.634900e+02 0
-3.666900e+00 4.579900e+00 -4.418800e-01 -7.049000e-01 169 43 1.362100e+01 3.040000e+00 1.665100e+02 4.634400e+02 0
-3.639100e+00 4.683600e+00 -4.484800e-01 -7.049000e-01 172 43 1.405700e+01 3.040000e+00 1.817100e+02 4.620900e+02 0
-3.660400e+00 4.741800e+00 -4.521900e-01 -7.049000e-01 173 43 1.374100e+01 3.040000e+00 1.851800e+02 4.613300e+02 0
-3.804200e+00 5.277400e+00 -4.863200e-01 -7.049000e-01 192 43 1.365300e+01 3.040000e+00 2.196000e+02 4.551300e+02 0
-3.666900e+00 5.419600e+00 -4.953900e-01 -7.049000e-01 193 43 1.382400e+01 3.040000e+00 2.475000e+02 4.538100e+02 0
-3.580700e+00 5.513400e+00 -5.013700e-01 -7.049000e-01 194 43 1.415700e+01 3.040000e+00 2.646700e+02 4.529700e+02 0
-3.599300e+00 5.510000e+00 1.608600e+00 -7.049000e-01 195 43 1.427700e+01 3.040000e+00 2.657800e+02 2.233400e+02 0
-3.617800e+00 5.474400e+00 1.821900e+00 -7.049000e-01 196 43 1.399300e+01 3.040000e+00 2.613600e+02 1.995200e+02 0
-3.349400e+00 5.716200e+00 1.980400e+00 -7.049000e-01 199 43 1.277000e+01 3.040000e+00 3.079500e+02 1.896800e+02 0
-3.838800e+00 5.633100e+00 1.675200e+00 -7.049000e-01 202 43 1.289800e+01 3.040000e+00 2.492500e+02 2.195000e+02 0
-3.747700e+00 5.769000e+00 1.562000e+00 -7.049000e-01 203 43 1.316700e+01 3.040000e+00 2.688800e+02 2.343000e+02 0
-3.655500e+00 5.854900e+00 1.618100e+00 -7.049000e-01 204 43 1.280900e+01 3.040000e+00 2.846300e+02 2.304100e+02 0
-3.729200e+00 5.590100e+00 2.366600e+00 -7.049000e-01 205 43 1.231200e+01 3.040000e+00 2.589300e+02 1.458200e+02 0
-2.951000e+00 3.872300e+00 5.391100e+00 -7.049000e-01 209 43 1.169500e+01 3.040000e+00 2.018900e+02 -3.843300e+02 0
-1.260500e+00 6.954200e+00 3.890000e+00 -7.049000e-01 232 43 1.093400e+01 3.040000e+00 5.601600e+02 5.617700e+01 0
-1.392600e+00 5.135700e+00 6.109900e+00 -7.049000e-01 233 43 1.124800e+01 3.040000e+00 4.982000e+02 -2.932500e+02 0
-1.271400e+00 3.002300e+00 7.455400e+00 -7.049000e-01 234 43 1.110100e+01 3.040000e+00 3.945500e+02 -9.557600e+02 0
-1.347800e-01 5.342400e+00 -4.904700e-01 -7.049000e-01 248 43 1.114300e+01 3.040000e+00 6.570200e+02 4.569800e+02 0
-2.573400e+00 6.905300e+00 5.423600e+00 -7.049000e-01 263 43 1.131000e+01 3.040000e+00 4.429300e+02 -7.191500e+01 0
-2.439700e+00 6.468800e+00 6.046800e+00 -7.049000e-01 264 43 1.129600e+01 3.040000e+00 4.392700e+02 -1.549100e+02 0
-4.105700e+00 7.363700e+00 3.731500e+00 -7.049000e-01 265 43 1.113100e+01 3.040000e+00 3.313600e+02 8.875000e+01 0
-3.253600e+00 7.818400e+00 3.733000e+00 -7.049000e-01 266 43 1.124500e+01 3.040000e+00 4.180200e+02 1.032000e+02 0
-2.467500e+00 8.237700e+00 3.514000e+00 -7.049000e-01 267 43 1.121000e+01 3.040000e+00 4.901800e+02 1.309300e+02 0
-2.702500e+00 8.619000e+00 4.011100e+00 -7.049000e-01 284 43 1.082500e+01 3.040000e+00 4.822200e+02 1.073100e+02 0
-2.836200e+00 8.492000e+00 5.236900e+00 -7.049000e-01 298 43 1.106500e+01 3.040000e+00 4.695400e+02 1.984000e+01 0
-3.170900e+00 8.104000e+00 5.707800e+00 -7.049000e-01 299 43 1.136900e+01 3.040000e+00 4.341800e+02 -2.893400e+01 0
-3.426300e+00 8.088000e+00 5.646400e+00 -7.049000e-01 300 43 1.105400e+01 3.040000e+00 4.145900e+02 -2.496000e+01 0
-6.194200e+00 8.436200e+00 2.902900e+00 -7.049000e-01 312 43 1.178700e+01 3.040000e+00 226 1.814000e+02 0
-6.129000e+00 8.568000e+00 2.783600e+00 -7.049000e-01 313 43 1.177200e+01 3.040000e+00 2.374100e+02 1.921800e+02 0
-5.721700e+00 8.617000e+00 3.535100e+00 -7.049000e-01 314 43 1.187700e+01 3.040000e+00 2.691600e+02 1.420100e+02 0
-5.654300e+00 8.381100e+00 4.247000e+00 -7.049000e-01 315 43 1.191000e+01 3.040000e+00 2.631800e+02 8.681000e+01 0
-5.642300e+00 1.015200e+01 6.126300e+00 -7.049000e-01 377 43 1.088900e+01 3.040000e+00 3.378500e+02 2.643900e+01 0
-5.657300e+00 9.304700e+00 7.400200e+00 -7.049000e-01 378 43 1.079200e+01 3.040000e+00 3.067600e+02 -8.050700e+01 0
-5.569200e+00 8.825800e+00 8.084300e+00 -7.049000e-01 379 43 1.074700e+01 3.040000e+00 2.932500e+02 -1.469400e+02 0
-5.583900e+00 9.295100e+00 7.590200e+00 -7.049000e-01 380 43 1.083100e+01 3.040000e+00 3.112000e+02 -9.257300e+01 0
-5.806000e+00 9.865200e+00 6.714400e+00 -7.049000e-01 381 43 1.057300e+01 3.040000e+00 3.183600e+02 -1.679000e+01 0
-2.504400e+00 3.165300e+00 2.569100e+00 -6.728600e-01 138 44 1.076200e+01 3.040000e+00 1.700600e+02 -5.274700e+01 0
-2.635600e+00 3.119300e+00 2.559400e+00 -6.728600e-01 139 44 1.074900e+01 3.040000e+00 1.376900e+02 -5.631000e+01 0
-2.540900e+00 3.172100e+00 2.654400e+00 -6.728600e-01 140 44 1.053400e+01 3.040000e+00 1.646500e+02 -6.703100e+01 0
-2.521000e+00 3.439800e+00 2.391100e+00 -6.728600e-01 141 44 1.030300e+01 3.040000e+00 2.068800e+02 8.873700e+00 0
-2.923700e+00 3.662100e+00 1.512800e+00 -6.728600e-01 142 44 1.061600e+01 3.040000e+00 1.667100e+02 1.698800e+02 0
-2.905700e+00 3.450700e+00 2.059700e+00 -6.728600e-01 143 44 1.113300e+01 3.040000e+00 1.406500e+02 6.635400e+01 0
-2.770100e+00 3.488000e+00 2.258500e+00 -6.728600e-01 144 44 1.107900e+01 3.040000e+00 1.703000e+02 3.620500e+01 0
-2.672700e+00 4.182900e+00 2.409700e+00 -6.728600e-01 159 44 1.292600e+01 3.040000e+00 2.691100e+02 6.760200e+01 0
-2.949900e+00 4.127000e+00 2.258100e+00 -6.728600e-01 160 44 1.338500e+01 3.040000e+00 2.228100e+02 8.560400e+01 0
-3.186800e+00 4.038700e+00 2.180800e+00 -6.728600e-01 161 44 1.323600e+01 3.040000e+00 1.775100e+02 9.132900e+01 0
-3.250600e+00 4.160800e+00 1.932700e+00 -6.728600e-01 162 44 1.315100e+01 3.040000e+00 1.822700e+02 1.337700e+02 0
-3.270800e+00 4.345500e+00 1.557900e+00 -6.728600e-01 163 44 1.287000e+01 3.040000e+00 1.996000e+02 1.937100e+02 0
-3.532700e+00 4.596500e+00 -4.429300e-01 -6.728600e-01 167 44 1.355100e+01 3.040000e+00 1.862900e+02 4.633300e+02 0
-3.645100e+00 4.547100e+00 -4.397800e-01 -6.728600e-01 168 44 1.422500e+01 3.040000e+00 1.656900e+02 4.639100e+02 0
-3.758600e+00 4.488300e+00 -4.360400e-01 -6.728600e-01 169 44 1.372200e+01 3.040000e+00 1.433800e+02 4.646300e+02 0
-3.664200e+00 4.606100e+00 -4.435400e-01 -6.728600e-01 171 44 1.383600e+01 3.040000e+00 1.698400e+02 4.630900e+02 0
-3.970600e+00 5.107800e+00 -4.755200e-01 -6.728600e-01 190 44 1.355400e+01 3.040000e+00 1.840600e+02 4.568000e+02 0
-3.991600e+00 5.101700e+00 -4.751300e-01 -6.728600e-01 191 44 1.385200e+01 3.040000e+00 1.809300e+02 4.568500e+02 0
-4.012600e+00 5.084300e+00 1.594400e+00 -6.728600e-01 192 44 1.377900e+01 3.040000e+00 1.817700e+02 2.140200e+02 0
-4.033600e+00 5.077300e+00 1.706300e+00 -6.728600e-01 193 44 1.327200e+01 3.040000e+00 1.788700e+02 2.009100e+02 0
-4.950900e+00 5.456400e+00 -4.977300e-01 -6.728600e-01 212 44 1.191300e+01 3.040000e+00 1.067300e+02 4.526300e+02 0
-2.949900e+00 6.248900e+00 2.657900e+00 -6.728600e-01 213 44 1.191900e+01 3.040000e+00 3.796700e+02 1.399200e+02 0
-4.698300e-01 5.879700e+00 -5.247100e-01 -6.728600e-01 247 44 1.143100e+01 3.040000e+00 6.238900e+02 4.515700e+02 0
-5.582500e+00 6.861700e+00 1.888600e+00 -6.728600e-01 260 44 1.237800e+01 3.040000e+00 1.738400e+02 2.270900e+02 0
-5.604100e+00 6.830200e+00 2.095200e+00 -6.728600e-01 261 44 1.268000e+01 3.040000e+00 1.700100e+02 2.087800e+02 0
-5.625700e+00 6.704300e+00 2.547100e+00 -6.728600e-01 262 44 1.210900e+01 3.040000e+00 1.594400e+02 1.667500e+02 0
-7.148400e-02 6.025000e+00 -5.339700e-01 -6.728600e-01 263 44 1.134800e+01 3.040000e+00 668 4.505700e+02 0
-3.344700e+00 7.195300e+00 6.788000e+00 -6.728600e-01 300 44 1.128900e+01 3.040000e+00 3.887200e+02 -1.608300e+02 0
-3.601500e+00 7.146800e+00 6.761700e+00 -6.728600e-01 301 44 1.127500e+01 3.040000e+00 3.653300e+02 -1.615700e+02 0
-6.050500e+00 8.291100e+00 3.217000e+00 -6.728600e-01 309 44 1.226500e+01 3.040000e+00 2.288700e+02 1.561800e+02 0
-6.070100e+00 8.183700e+00 3.554300e+00 -6.728600e-01 310 44 1.241300e+01 3.040000e+00 2.219700e+02 1.296900e+02 0
-6.089800e+00 8.143000e+00 3.716600e+00 -6.728600e-01 311 44 1.253400e+01 3.040000e+00 2.184700e+02 1.170500e+02 0
-6.194200e+00 8.165100e+00 3.595400e+00 -6.728600e-01 312 44 1.245000e+01 3.040000e+00 2.119100e+02 1.263700e+02 0
-4.908900e+00 9.316100e+00 5.926400e+00 -6.728600e-01 347 44 1.060500e+01 3.040000e+00 3.542100e+02 8.924400e+00 0
-4.733700e+00 9.431500e+00 5.957600e+00 -6.728600e-01 348 44 1.055100e+01 3.040000e+00 3.694000e+02 1.099100e+01 0
-2.888300e+00 3.184600e+00 1.848300e+00 -6.408200e-01 135 45 1.038800e+01 3.040000e+00 9.832400e+01 8.074600e+01 0
-2.909800e+00 3.136600e+00 1.980500e+00 -6.408200e-01 136 45 1.069300e+01 3.040000e+00 8.612600e+01 5.236100e+01 0
-2.968500e+00 3.207500e+00 1.859800e+00 -6.408200e-01 137 45 1.087100e+01 3.040000e+00 8.762600e+01 8.082700e+01 0
-2.803400e+00 3.347500e+00 1.956200e+00 -6.408200e-01 138 45 1.122700e+01 3.040000e+00 1.419500e+02 7.512700e+01 0
-2.748600e+00 3.411700e+00 2.008100e+00 -6.408200e-01 139 45 1.159200e+01 3.040000e+00 1.618100e+02 7.140700e+01 0
-2.654700e+00 3.417300e+00 2.199800e+00 -6.408200e-01 140 45 1.117200e+01 3.040000e+00 1.797700e+02 3.923700e+01 0
-3.077600e+00 3.594800e+00 -3.791000e-01 -6.408200e-01 142 45 1.167200e+01 3.040000e+00 1.237000e+02 4.811300e+02 0
-3.022000e+00 3.607300e+00 1.564700e+00 -6.408200e-01 143 45 1.221400e+01 3.040000e+00 1.427700e+02 1.587900e+02 0
-3.319400e+00 3.664000e+00 2.117100e+00 -6.408200e-01 155 45 1.173300e+01 3.040000e+00 1.048400e+02 7.496500e+01 0
-3.636900e+00 3.352700e+00 2.198600e+00 -6.408200e-01 156 45 1.168600e+01 3.040000e+00 -2.897500e+00 3.638900e+01 0
-3.080100e+00 3.933800e+00 2.423200e+00 -6.408200e-01 160 45 1.251100e+01 3.040000e+00 1.811500e+02 4.856400e+01 0
-3.274100e+00 3.933900e+00 2.242300e+00 -6.408200e-01 161 45 1.269600e+01 3.040000e+00 1.511800e+02 7.551900e+01 0
-3.294500e+00 4.075500e+00 2.037400e+00 -6.408200e-01 162 45 1.241800e+01 3.040000e+00 1.657600e+02 1.142900e+02 0
-3.961600e+00 4.184300e+00 -4.166600e-01 -6.408200e-01 166 45 1.368900e+01 3.040000e+00 7.439600e+01 4.690200e+02 0
-3.985600e+00 4.205900e+00 -4.180400e-01 -6.408200e-01 167 45 1.393200e+01 3.040000e+00 7.405900e+01 4.686500e+02 0
-3.827400e+00 4.388300e+00 -4.296600e-01 -6.408200e-01 168 45 1.362800e+01 3.040000e+00 1.214300e+02 4.660100e+02 0
-3.758600e+00 4.481900e+00 -4.356300e-01 -6.408200e-01 169 45 1.388400e+01 3.040000e+00 1.426000e+02 4.647200e+02 0
-3.781000e+00 4.499100e+00 -4.367300e-01 -6.408200e-01 170 45 1.395700e+01 3.040000e+00 1.416600e+02 4.644600e+02 0
-3.849700e+00 4.461100e+00 -4.343000e-01 -6.408200e-01 171 45 1.383300e+01 3.040000e+00 1.276100e+02 4.649300e+02 0
-4.130200e+00 4.400800e+00 -4.304600e-01 -6.408200e-01 175 45 1.347600e+01 3.040000e+00 8.119400e+01 4.655500e+02 0
-4.320100e+00 4.572000e+00 -4.413700e-01 -6.408200e-01 183 45 1.299300e+01 3.040000e+00 7.861000e+01 463 0
-4.343900e+00 4.537200e+00 -4.391600e-01 -6.408200e-01 184 45 1.297900e+01 3.040000e+00 7.080400e+01 4.634500e+02 0
-4.221100e+00 4.939500e+00 1.509200e+00 -6.408200e-01 192 45 1.246900e+01 3.040000e+00 1.416200e+02 2.200900e+02 0
-4.348000e+00 4.898500e+00 -4.621800e-01 -6.408200e-01 193 45 1.237700e+01 3.040000e+00 1.156000e+02 4.588900e+02 0
-4.370600e+00 4.822100e+00 1.753600e+00 -6.408200e-01 194 45 1.223500e+01 3.040000e+00 1.108000e+02 1.872600e+02 0
-4.393200e+00 4.676800e+00 2.174700e+00 -6.408200e-01 195 45 1.196100e+01 3.040000e+00 9.182500e+01 1.297900e+02 0
-4.870200e+00 5.355100e+00 -4.912800e-01 -6.408200e-01 211 45 1.197400e+01 3.040000e+00 1.049400e+02 4.536500e+02 0
-4.893400e+00 5.462000e+00 -4.980900e-01 -6.408200e-01 212 45 1.209400e+01 3.040000e+00 1.137100e+02 4.526100e+02 0
-4.743000e+00 5.683600e+00 -5.122100e-01 -6.408200e-01 213 45 1.165500e+01 3.040000e+00 1.520700e+02 4.507100e+02 0
-4.877300e+00 5.665600e+00 -5.110600e-01 -6.408200e-01 219 45 1.201800e+01 3.040000e+00 1.359600e+02 4.507900e+02 0
-4.959400e+00 5.649400e+00 -5.100400e-01 -6.408200e-01 220 45 1.195800e+01 3.040000e+00 1.255600e+02 4.508800e+02 0
-5.723900e+00 6.700400e+00 2.038700e+00 -6.408200e-01 260 45 1.245900e+01 3.040000e+00 1.493800e+02 2.109200e+02 0
-5.675000e+00 6.799400e+00 2.002400e+00 -6.408200e-01 261 45 1.267200e+01 3.040000e+00 1.612900e+02 2.161400e+02 0
-5.625700e+00 6.736900e+00 2.459400e+00 -6.408200e-01 262 45 1.225100e+01 3.040000e+00 1.617800e+02 1.752200e+02 0
-5.575700e+00 6.420500e+00 3.377800e+00 -6.408200e-01 263 45 1.179400e+01 3.040000e+00 1.430600e+02 8.373700e+01 0
-1.435100e-01 6.173400e+00 -5.434300e-01 -6.408200e-01 264 45 1.109000e+01 3.040000e+00 6.611400e+02 4.493100e+02 0
-3.344700e+00 9.801700e+00 -7.746600e-01 -6.408200e-01 300 45 1.125500e+01 3.040000e+00 4.666600e+02 4.302800e+02 0
-6.218500e+00 8.154400e+00 3.245900e+00 -6.408200e-01 309 45 1.199300e+01 3.040000e+00 2.090400e+02 1.509200e+02 0
-6.238700e+00 7.873600e+00 3.941700e+00 -6.408200e-01 310 45 1.207400e+01 3.040000e+00 1.918700e+02 9.266300e+01 0
-6.258900e+00 7.523000e+00 4.630100e+00 -6.408200e-01 311 45 1.214500e+01 3.040000e+00 1.689900e+02 2.834600e+01 0
-6.194200e+00 7.469200e+00 4.879200e+00 -6.408200e-01 312 45 1.199100e+01 3.040000e+00 1.709100e+02 7.009700e+00 0
-5.958800e+00 7.278900e+00 5.498600e+00 -6.408200e-01 313 45 1.122600e+01 3.040000e+00 1.779600e+02 -5.031400e+01 0
-6.102000e+00 7.636800e+00 5.046100e+00 -6.408200e-01 316 45 1.092500e+01 3.040000e+00 1.892600e+02 1.907700e+00 0
-6.353600e+00 7.927100e+00 4.572200e+00 -6.408200e-01 320 45 1.121200e+01 3.040000e+00 1.874700e+02 4.893700e+01 0
-6.460800e+00 7.961500e+00 4.445500e+00 -6.408200e-01 321 45 1.096900e+01 3.040000e+00 1.814000e+02 5.946200e+01 0
-2.881200e+00 3.024400e+00 1.950100e+00 -6.087800e-01 133 46 1.027200e+01 3.040000e+00 6.983400e+01 4.696400e+01 0
-2.903000e+00 3.040700e+00 1.975100e+00 -6.087800e-01 134 46 1.062800e+01 3.040000e+00 6.895200e+01 4.394700e+01 0
-2.924800e+00 3.028400e+00 2.043000e+00 -6.087800e-01 135 46 1.107200e+01 3.040000e+00 6.263800e+01 2.992200e+01 0
-2.983500e+00 2.963300e+00 2.132000e+00 -6.087800e-01 136 46 1.160700e+01 3.040000e+00 3.818600e+01 5.963600e+00 0
-3.042700e+00 2.873700e+00 2.245500e+00 -6.087800e-01 137 46 1.195600e+01 3.040000e+00 7.270800e+00 -2.687400e+01 0
-2.990300e+00 2.930600e+00 2.315400e+00 -6.087800e-01 138 46 1.198800e+01 3.040000e+00 3.093600e+01 -3.340300e+01 0
-2.974500e+00 2.782200e+00 2.576500e+00 -6.087800e-01 139 46 1.173600e+01 3.040000e+00 2.331000e+00 -1.064300e+02 0
-3.034000e+00 2.337900e+00 2.982200e+00 -6.087800e-01 140 46 1.110500e+01 3.040000e+00 -1.318100e+02 -285 0
-3.697500e+00 3.678400e+00 -3.844300e-01 -6.087800e-01 155 46 1.218800e+01 3.040000e+00 3.391800e+01 4.785800e+02 0
-3.721500e+00 3.662700e+00 -3.834200e-01 -6.087800e-01 156 46 1.287000e+01 3.040000e+00 2.715700e+01 4.788800e+02 0
-3.745500e+00 3.621300e+00 1.593300e+00 -6.087800e-01 157 46 1.283300e+01 3.040000e+00 2.598500e+01 1.561700e+02 0
-3.683900e+00 3.510300e+00 2.042000e+00 -6.087800e-01 158 46 1.184900e+01 3.040000e+00 1.841100e+01 7.607400e+01 0
-3.916600e+00 4.202800e+00 -4.178400e-01 -6.087800e-01 166 46 1.337300e+01 3.040000e+00 8.358700e+01 4.687700e+02 0
-3.985600e+00 4.209800e+00 -4.182900e-01 -6.087800e-01 167 46 1.351700e+01 3.040000e+00 7.463400e+01 4.685900e+02 0
-4.191900e+00 4.054600e+00 -4.083900e-01 -6.087800e-01 168 46 1.321900e+01 3.040000e+00 2.050400e+01 4.709400e+02 0
-4.513800e+00 4.385900e+00 1.869700e+00 -6.087800e-01 189 46 1.227200e+01 3.040000e+00 3.597500e+01 1.553400e+02 0
-4.331600e+00 4.604800e+00 1.897300e+00 -6.087800e-01 190 46 1.335800e+01 3.040000e+00 8.972800e+01 1.611000e+02 0
-4.250800e+00 4.675800e+00 2.023900e+00 -6.087800e-01 191 46 1.346400e+01 3.040000e+00 1.092800e+02 1.482300e+02 0
-4.273200e+00 4.615800e+00 2.219800e+00 -6.087800e-01 192 46 1.271800e+01 3.040000e+00 9.972700e+01 1.210100e+02 0
-5.387700e+00 5.326000e+00 -4.894200e-01 -6.087800e-01 218 46 1.155000e+01 3.040000e+00 4.306700e+01 4.535900e+02 0
-4.996200e+00 5.680100e+00 -5.119900e-01 -6.087800e-01 219 46 1.222000e+01 3.040000e+00 1.246500e+02 4.505900e+02 0
-5.258100e+00 5.496000e+00 -5.002500e-01 -6.087800e-01 220 46 1.228800e+01 3.040000e+00 7.705300e+01 4.520700e+02 0
-5.522200e+00 5.293700e+00 -4.873700e-01 -6.087800e-01 221 46 1.154000e+01 3.040000e+00 2.389700e+01 4.538200e+02 0
-6.887800e+00 6.324300e+00 4.488300e+00 -6.087800e-01 298 46 1.160000e+01 3.040000e+00 1.648000e+01 -1.787600e+01 0
-6.829700e+00 6.445500e+00 4.485500e+00 -6.087800e-01 299 46 1.204700e+01 3.040000e+00 3.377500e+01 -1.096400e+01 0
-6.771000e+00 6.549200e+00 4.505300e+00 -6.087800e-01 300 46 1.220000e+01 3.040000e+00 4.895400e+01 -7.160200e+00 0
-6.875500e+00 6.330300e+00 4.735200e+00 -6.087800e-01 301 46 1.182500e+01 3.040000e+00 1.893400e+01 -3.943100e+01 0
-6.188000e+00 7.347900e+00 5.360600e+00 -6.087800e-01 316 46 1.067700e+01 3.040000e+00 1.640100e+02 -3.565300e+01 0
-6.121400e+00 8.049400e+00 4.418600e+00 -6.087800e-01 317 46 1.080800e+01 3.040000e+00 2.117500e+02 6.416100e+01 0
-5.794800e+00 8.779000e+00 3.451100e+00 -6.087800e-01 318 46 1.055000e+01 3.040000e+00 2.716600e+02 1.515600e+02 0
-6.333700e+00 8.203900e+00 3.989400e+00 -6.087800e-01 319 46 1.053900e+01 3.040000e+00 2.045000e+02 9.984900e+01 0
-6.701700e+00 7.482700e+00 4.817400e+00 -6.087800e-01 320 46 1.072600e+01 3.040000e+00 1.317900e+02 1.303400e+01 0
-2.997900e+00 2.650200e+00 2.426700e+00 -5.767400e-01 135 47 1.061600e+01 3.040000e+00 -3.666000e+01 -9.680000e+01 0
-3.057200e+00 2.614400e+00 2.458900e+00 -5.767400e-01 136 47 1.163300e+01 3.040000e+00 -5.898800e+01 -1.093400e+02 0
-3.116900e+00 2.660800e+00 2.400700e+00 -5.767400e-01 137 47 1.192000e+01 3.040000e+00 -6.000600e+01 -8.895900e+01 0
-3.139800e+00 1.944100e+00 3.041900e+00 -5.767400e-01 138 47 1.107700e+01 3.040000e+00 -3.154800e+02 -4.210800e+02 0
-2.936800e+00 2.503600e+00 2.886800e+00 -5.767400e-01 139 47 1.171600e+01 3.040000e+00 -5.910300e+01 -2.245500e+02 0
-3.071900e+00 2.575000e+00 2.738200e+00 -5.767400e-01 140 47 1.205100e+01 3.040000e+00 -7.083400e+01 -1.764200e+02 0
-3.208600e+00 2.369600e+00 2.827500e+00 -5.767400e-01 141 47 1.136100e+01 3.040000e+00 -1.649500e+02 -2.398700e+02 0
-3.865600e+00 3.723400e+00 -3.872900e-01 -5.767400e-01 155 47 1.116600e+01 3.040000e+00 1.446600e+01 4.774600e+02 0
-3.763800e+00 3.737000e+00 -3.881600e-01 -5.767400e-01 156 47 1.221900e+01 3.040000e+00 3.337800e+01 4.773000e+02 0
-3.703000e+00 3.705000e+00 -3.861200e-01 -5.767400e-01 157 47 1.217900e+01 3.040000e+00 3.769600e+01 4.780200e+02 0
-4.116600e+00 3.875300e+00 -3.969700e-01 -5.767400e-01 165 47 1.274300e+01 3.040000e+00 1.592200e+00 4.742200e+02 0
-4.186700e+00 3.882100e+00 -3.974100e-01 -5.767400e-01 166 47 1.283700e+01 3.040000e+00 -8.101400e+00 4.740200e+02 0
-4.125300e+00 4.017200e+00 -4.060100e-01 -5.767400e-01 169 47 1.289800e+01 3.040000e+00 2.434000e+01 4.716500e+02 0
-4.196000e+00 4.033900e+00 -4.070800e-01 -5.767400e-01 170 47 1.264800e+01 3.040000e+00 1.650400e+01 4.712900e+02 0
-4.385600e+00 3.984400e+00 -4.039300e-01 -5.767400e-01 172 47 1.256500e+01 3.040000e+00 -2.042700e+01 4.719600e+02 0
-4.392700e+00 3.813000e+00 1.875300e+00 -5.767400e-01 176 47 1.243100e+01 3.040000e+00 -4.015200e+01 1.245200e+02 0
-4.465800e+00 3.828400e+00 1.783000e+00 -5.767400e-01 177 47 1.324700e+01 3.040000e+00 -4.900600e+01 1.394500e+02 0
-4.394600e+00 3.946000e+00 1.823800e+00 -5.767400e-01 178 47 1.333600e+01 3.040000e+00 -1.693000e+01 1.397200e+02 0
-4.273700e+00 4.021700e+00 2.050400e+00 -5.767400e-01 179 47 1.284200e+01 3.040000e+00 1.469800e+01 1.110700e+02 0
-4.537800e+00 4.433000e+00 1.822900e+00 -5.767400e-01 190 47 1.171800e+01 3.040000e+00 3.932000e+01 1.636000e+02 0
-4.458200e+00 4.373200e+00 2.242500e+00 -5.767400e-01 191 47 1.188800e+01 3.040000e+00 4.316200e+01 1.054900e+02 0
-4.533800e+00 4.036000e+00 2.765800e+00 -5.767400e-01 192 47 1.208100e+01 3.040000e+00 -1.722100e+01 1.136200e+01 0
-4.662300e+00 3.790000e+00 2.976600e+00 -5.767400e-01 193 47 1.198900e+01 3.040000e+00 -7.935000e+01 -4.107600e+01 0
-4.686500e+00 4.018200e+00 2.705700e+00 -5.767400e-01 194 47 1.163000e+01 3.040000e+00 -4.261100e+01 1.874700e+01 0
-5.546800e+00 4.879700e+00 -4.609800e-01 -5.767400e-01 215 47 1.150600e+01 3.040000e+00 -3.470200e+01 4.582100e+02 0
-5.514100e+00 5.029200e+00 -4.705100e-01 -5.767400e-01 216 47 1.135800e+01 3.040000e+00 -9.610400e+00 4.565600e+02 0
-2.557600e+00 7.162400e+00 -6.064500e-01 -5.767400e-01 219 47 1.114300e+01 3.040000e+00 452 4.414600e+02 0
-2.390100e+00 7.252500e+00 -6.122000e-01 -5.767400e-01 220 47 1.121700e+01 3.040000e+00 4.695000e+02 4.410300e+02 0
-6.337800e+00 6.035800e+00 3.217000e+00 -5.767400e-01 268 47 1.130800e+01 3.040000e+00 3.487700e+01 8.306700e+01 0
-6.806800e+00 6.779800e+00 3.909500e+00 -5.767400e-01 298 47 1.128500e+01 3.040000e+00 6.525500e+01 5.462500e+01 0
-6.911000e+00 6.524900e+00 4.239300e+00 -5.767400e-01 299 47 1.188200e+01 3.040000e+00 3.348100e+01 1.475500e+01 0
-6.934200e+00 6.294900e+00 4.618200e+00 -5.767400e-01 300 47 1.231200e+01 3.040000e+00 9.613700e+00 -3.104300e+01 0
-7.039200e+00 6.025200e+00 4.890100e+00 -5.767400e-01 301 47 1.214700e+01 3.040000e+00 -2.838100e+01 -7.254700e+01 0
-6.696300e+00 6.223500e+00 5.329300e+00 -5.767400e-01 304 47 1.174800e+01 3.040000e+00 2.639500e+01 -9.950800e+01 0
-6.884300e+00 6.631200e+00 4.620500e+00 -5.767400e-01 305 47 1.195800e+01 3.040000e+00 4.688200e+01 -1.242400e+01 0
-7.156500e+00 7.038800e+00 3.563100e+00 -5.767400e-01 306 47 1.128800e+01 3.040000e+00 5.738100e+01 9.394200e+01 0
-3.057200e+00 2.340900e+00 2.720600e+00 -5.447000e-01 136 48 1.002900e+01 3.040000e+00 -1.392000e+02 -2.229500e+02 0
-3.079800e+00 2.661500e+00 2.447400e+00 -5.447000e-01 137 48 1.037300e+01 3.040000e+00 -5.136200e+01 -9.886000e+01 0
-3.147700e+00 2.386600e+00 2.821500e+00 -5.447000e-01 140 48 1.048600e+01 3.040000e+00 -1.448100e+02 -2.349300e+02 0
-4.110600e+00 3.725900e+00 -3.874500e-01 -5.447000e-01 163 48 1.127400e+01 3.040000e+00 -2.474000e+01 4.771200e+02 0
-4.180400e+00 3.790700e+00 -3.915800e-01 -5.447000e-01 164 48 1.187300e+01 3.040000e+00 -2.375500e+01 4.757600e+02 0
-4.250800e+00 3.774600e+00 -3.905500e-01 -5.447000e-01 165 48 1.202800e+01 3.040000e+00 -3.796800e+01 476 0
-4.411800e+00 3.657300e+00 -3.830800e-01 -5.447000e-01 166 48 1.183700e+01 3.040000e+00 -8.736100e+01 4.781800e+02 0
-4.191900e+00 3.920500e+00 -3.998500e-01 -5.447000e-01 168 48 1.149100e+01 3.040000e+00 -2.147000e+00 4.733000e+02 0
-4.308700e+00 3.904200e+00 -3.988200e-01 -5.447000e-01 169 48 1.199100e+01 3.040000e+00 -2.298800e+01 4.734800e+02 0
-4.618900e+00 3.756700e+00 -3.894100e-01 -5.447000e-01 172 48 1.203800e+01 3.040000e+00 -1.000300e+02 4.759300e+02 0
-4.609900e+00 3.664700e+00 1.760300e+00 -5.447000e-01 177 48 1.279800e+01 3.040000e+00 -1.038700e+02 1.337400e+02 0
-4.636100e+00 3.687900e+00 1.765300e+00 -5.447000e-01 178 48 1.296800e+01 3.040000e+00 -1.031600e+02 1.343800e+02 0
-4.662300e+00 3.629200e+00 1.932700e+00 -5.447000e-01 179 48 1.265700e+01 3.040000e+00 -1.185700e+02 1.045200e+02 0
-5.213900e+00 4.117600e+00 -4.124100e-01 -5.447000e-01 196 48 1.163900e+01 3.040000e+00 -1.180700e+02 4.688900e+02 0
-5.187200e+00 4.119300e+00 1.725700e+00 -5.447000e-01 197 48 1.168200e+01 3.040000e+00 -1.013700e+02 1.636400e+02 0
-5.213700e+00 4.152900e+00 1.704200e+00 -5.447000e-01 198 48 1.158100e+01 3.040000e+00 -9.904100e+01 1.682000e+02 0
-5.294200e+00 4.127400e+00 1.658800e+00 -5.447000e-01 199 48 1.123900e+01 3.040000e+00 -1.153500e+02 1.735000e+02 0
-5.401100e+00 4.022900e+00 2.100100e+00 -5.447000e-01 203 48 1.085100e+01 3.040000e+00 -1.480800e+02 1.062100e+02 0
-5.372500e+00 4.259900e+00 1.802800e+00 -5.447000e-01 204 48 1.101000e+01 3.040000e+00 -1.011300e+02 1.597500e+02 0
-5.598600e+00 4.998700e+00 -4.685600e-01 -5.447000e-01 217 48 1.032000e+01 3.040000e+00 -2.393900e+01 4.568300e+02 0
-6.147900e+00 5.629300e+00 3.511300e+00 -5.447000e-01 260 48 1.100300e+01 3.040000e+00 1.022600e+01 3.392000e+01 0
-6.434900e+00 5.252100e+00 4.081300e+00 -5.447000e-01 266 48 1.193300e+01 3.040000e+00 -6.547000e+01 -4.860000e+01 0
-6.604300e+00 4.946200e+00 4.267900e+00 -5.447000e-01 267 48 1.211500e+01 3.040000e+00 -1.281500e+02 -9.285400e+01 0
-6.337800e+00 5.416600e+00 4.176100e+00 -5.447000e-01 268 48 1.205200e+01 3.040000e+00 -3.301900e+01 -4.683000e+01 0
-6.434600e+00 5.375900e+00 4.158600e+00 -5.447000e-01 269 48 1.131900e+01 3.040000e+00 -4.863900e+01 -4.771600e+01 0
-7.260500e+00 5.851800e+00 4.698800e+00 -5.447000e-01 300 48 1.183400e+01 3.040000e+00 -7.083400e+01 -6.599700e+01 0
-7.448500e+00 5.828600e+00 4.507100e+00 -5.447000e-01 301 48 1.182700e+01 3.040000e+00 -9.286300e+01 -4.891600e+01 0
-6.801300e+00 6.802700e+00 4.492100e+00 -5.447000e-01 305 48 1.117700e+01 3.040000e+00 6.916300e+01 7.056200e+00 0
-7.156500e+00 6.881600e+00 3.858000e+00 -5.447000e-01 306 48 1.111700e+01 3.040000e+00 4.425700e+01 6.368100e+01 0
-4.224900e+00 3.420900e+00 -3.680100e-01 -5.126600e-01 164 49 1.006700e+01 3.040000e+00 -1.076300e+02 4.836600e+02 0
-4.877300e+00 2.994900e+00 -3.408700e-01 -5.126600e-01 165 49 1.080300e+01 3.040000e+00 -3.471800e+02 4.941500e+02 0
-4.681900e+00 3.314300e+00 -3.612200e-01 -5.126600e-01 166 49 1.127600e+01 3.040000e+00 -2.147300e+02 4.856500e+02 0
-4.556400e+00 3.628500e+00 -3.812400e-01 -5.126600e-01 168 49 1.103400e+01 3.040000e+00 -1.172200e+02 4.786100e+02 0
-4.675400e+00 3.543600e+00 -3.758300e-01 -5.126600e-01 169 49 1.129000e+01 3.040000e+00 -1.561800e+02 4.802900e+02 0
-4.591900e+00 3.659100e+00 -3.831900e-01 -5.126600e-01 171 49 1.181100e+01 3.040000e+00 -1.163500e+02 4.779300e+02 0
-4.805500e+00 3.476500e+00 -3.715500e-01 -5.126600e-01 172 49 1.285400e+01 3.040000e+00 -1.943900e+02 4.816200e+02 0
-4.880500e+00 3.433600e+00 -3.688200e-01 -5.126600e-01 173 49 1.267700e+01 3.040000e+00 -2.180900e+02 4.825100e+02 0
-4.908900e+00 3.469300e+00 -3.711000e-01 -5.126600e-01 174 49 1.188800e+01 3.040000e+00 -2.137800e+02 4.816500e+02 0
-4.889800e+00 3.537800e+00 -3.754600e-01 -5.126600e-01 175 49 1.171000e+01 3.040000e+00 -1.934600e+02 4.801500e+02 0
-4.883800e+00 3.507900e+00 1.709300e+00 -5.126600e-01 180 49 1.243600e+01 3.040000e+00 -1.834900e+02 1.328700e+02 0
-4.960200e+00 3.542300e+00 1.537800e+00 -5.126600e-01 181 49 1.269800e+01 3.040000e+00 -1.891300e+02 1.628700e+02 0
-4.821100e+00 3.577200e+00 2.481100e+00 -5.126600e-01 187 49 1.216900e+01 3.040000e+00 -1.516000e+02 1.444700e+01 0
-4.847000e+00 3.790000e+00 2.189100e+00 -5.126600e-01 188 49 1.197600e+01 3.040000e+00 -1.123000e+02 7.672700e+01 0
-5.160700e+00 4.202000e+00 -4.177900e-01 -5.126600e-01 196 49 1.107700e+01 3.040000e+00 -9.460000e+01 4.676000e+02 0
-5.026800e+00 4.256900e+00 1.861100e+00 -5.126600e-01 197 49 1.131500e+01 3.040000e+00 -5.398100e+01 1.512300e+02 0
-5.106200e+00 4.233700e+00 1.826300e+00 -5.126600e-01 198 49 1.080500e+01 3.040000e+00 -6.904300e+01 1.549800e+02 0
-6.668200e+00 5.742500e+00 2.237400e+00 -5.126600e-01 261 49 1.057700e+01 3.040000e+00 -3.418500e+01 1.675400e+02 0
-6.622600e+00 5.287000e+00 3.357300e+00 -5.126600e-01 262 49 1.128600e+01 3.040000e+00 -8.419600e+01 3.112800e+01 0
-6.505000e+00 4.658200e+00 4.439200e+00 -5.126600e-01 263 49 1.120400e+01 3.040000e+00 -1.625500e+02 -1.395800e+02 0
-3.229000e+00 7.685300e+00 -6.397800e-01 -5.126600e-01 264 49 1.066600e+01 3.040000e+00 4.137700e+02 4.384300e+02 0
-3.385400e+00 1.869800e+00 -2.691600e-01 -5.126600e-01 265 49 1.074400e+01 3.040000e+00 -4.909800e+02 5.530700e+02 0
-6.651800e+00 4.883100e+00 4.190300e+00 -5.126600e-01 266 49 1.162100e+01 3.040000e+00 -144 -8.945100e+01 0
-6.604300e+00 4.560100e+00 4.678200e+00 -5.126600e-01 267 49 1.184300e+01 3.040000e+00 -1.905700e+02 -1.778600e+02 0
-6.410600e+00 4.803100e+00 4.772900e+00 -5.126600e-01 268 49 1.151000e+01 3.040000e+00 -1.256200e+02 -1.638500e+02 0
-6.602700e+00 4.387600e+00 5.421100e+00 -5.126600e-01 276 49 1.156500e+01 3.040000e+00 -2.178900e+02 -2.886600e+02 0
-7.775900e+00 5.792200e+00 3.969100e+00 -5.126600e-01 301 49 1.121300e+01 3.040000e+00 -132 1.092300e+00 0
-4.540000e-01 7.798400e-01 -1.997000e-01 -4.806200e-01 27 50 9.286900e+00 3.040000e+00 1.423100e+02 8.114200e+02 0
-5.025400e+00 2.626500e+00 -3.173800e-01 -4.806200e-01 164 50 1.053200e+01 3.040000e+00 -5.209100e+02 5.065400e+02 0
-4.877300e+00 2.948700e+00 -3.379200e-01 -4.806200e-01 165 50 1.162100e+01 3.040000e+00 -3.630200e+02 4.955700e+02 0
-4.907000e+00 2.964500e+00 -3.389200e-01 -4.806200e-01 166 50 1.159800e+01 3.040000e+00 -3.634100e+02 4.950300e+02 0
-5.163200e+00 2.597500e+00 -3.155400e-01 -4.806200e-01 167 50 1.041400e+01 3.040000e+00 -5.643800e+02 5.074000e+02 0
-4.721200e+00 3.408100e+00 -3.671900e-01 -4.806200e-01 169 50 1.116200e+01 3.040000e+00 -1.971500e+02 4.833200e+02 0
-4.933700e+00 3.194000e+00 -3.535500e-01 -4.806200e-01 170 50 1.186000e+01 3.040000e+00 -2.944400e+02 4.884000e+02 0
-4.945500e+00 3.131800e+00 -3.495900e-01 -4.806200e-01 172 50 1.189000e+01 3.040000e+00 -3.157000e+02 4.900800e+02 0
-4.974400e+00 3.210800e+00 -3.546200e-01 -4.806200e-01 173 50 1.231600e+01 3.040000e+00 -2.968100e+02 4.879000e+02 0
-5.079200e+00 3.360700e+00 -3.641800e-01 -4.806200e-01 180 50 1.199100e+01 3.040000e+00 -2.721300e+02 4.839700e+02 0
-5.009300e+00 3.521600e+00 -3.744300e-01 -4.806200e-01 181 50 1.232200e+01 3.040000e+00 -2.174900e+02 4.803600e+02 0
-5.086500e+00 3.626600e+00 -3.811200e-01 -4.806200e-01 182 50 1.145400e+01 3.040000e+00 -2.043200e+02 4.780200e+02 0
-5.392400e+00 3.205700e+00 -3.542900e-01 -4.806200e-01 184 50 1.145800e+01 3.040000e+00 -3.744400e+02 4.874400e+02 0
-5.024000e+00 3.533400e+00 2.114000e+00 -4.806200e-01 187 50 1.152100e+01 3.040000e+00 -1.972200e+02 6.956400e+01 0
-5.102100e+00 3.661400e+00 1.792300e+00 -4.806200e-01 188 50 1.134300e+01 3.040000e+00 -1.822100e+02 1.294700e+02 0
-7.022900e+00 4.773600e+00 3.215500e+00 -4.806200e-01 261 50 1.069000e+01 3.040000e+00 -2.114400e+02 1.514900e+01 0
-6.765000e+00 5.090800e+00 3.376600e+00 -4.806200e-01 262 50 1.122500e+01 3.040000e+00 -1.284700e+02 1.725200e+01 0
-6.576500e+00 4.602100e+00 4.392200e+00 -4.806200e-01 263 50 1.108600e+01 3.040000e+00 -1.813000e+02 -1.394500e+02 0
-6.314600e+00 4.214400e+00 5.169700e+00 -4.806200e-01 264 50 1.076000e+01 3.040000e+00 -2.159900e+02 -2.826700e+02 0
-6.827800e+00 4.640700e+00 4.907200e+00 -4.806200e-01 276 50 1.133500e+01 3.040000e+00 -2.020300e+02 -1.951900e+02 0
-6.927900e+00 4.912000e+00 4.558900e+00 -4.806200e-01 277 50 1.115300e+01 3.040000e+00 -1.693200e+02 -1.274700e+02 0
-7.959200e+00 4.005500e+00 4.513100e+00 -4.806200e-01 287 50 1.123500e+01 3.040000e+00 -4.895900e+02 -2.185200e+02 0
-7.830500e+00 4.859200e+00 3.941100e+00 -4.806200e-01 288 50 1.154200e+01 3.040000e+00 -2.859800e+02 -6.006200e+01 0
-7.622000e+00 5.736600e+00 3.187200e+00 -4.806200e-01 289 50 1.135400e+01 3.040000e+00 -1.275100e+02 7.411200e+01 0
-4.398200e-01 7.943600e-01 -2.006200e-01 -4.485700e-01 27 51 9.752800e+00 3.040000e+00 1.651200e+02 8.036100e+02 0
-4.641000e-01 8.207500e-01 -2.023100e-01 -4.485700e-01 28 51 9.985900e+00 3.040000e+00 1.637300e+02 7.891800e+02 0
-4.847500e+00 2.983400e+00 -3.401300e-01 -4.485700e-01 164 51 1.143900e+01 3.040000e+00 -3.452800e+02 4.945500e+02 0
-4.877300e+00 2.997300e+00 -3.410200e-01 -4.485700e-01 165 51 1.181800e+01 3.040000e+00 -3.463700e+02 4.940800e+02 0
-4.997000e+00 2.867000e+00 -3.327100e-01 -4.485700e-01 166 51 1.158200e+01 3.040000e+00 -4.164800e+02 4.979900e+02 0
-5.163200e+00 2.632100e+00 -3.177400e-01 -4.485700e-01 167 51 1.125500e+01 3.040000e+00 -5.484200e+02 5.060500e+02 0
-5.012000e+00 2.973200e+00 -3.394800e-01 -4.485700e-01 168 51 1.069500e+01 3.040000e+00 -3.809800e+02 4.946000e+02 0
-4.858700e+00 2.969500e+00 -3.392500e-01 -4.485700e-01 169 51 1.179000e+01 3.040000e+00 -3.521800e+02 4.949600e+02 0
-4.933700e+00 3.036000e+00 -3.434800e-01 -4.485700e-01 170 51 1.216900e+01 3.040000e+00 -3.443700e+02 4.928300e+02 0
-5.055700e+00 3.053600e+00 -3.446100e-01 -4.485700e-01 171 51 1.197300e+01 3.040000e+00 -3.618400e+02 4.921300e+02 0
-5.068200e+00 2.893800e+00 -3.344200e-01 -4.485700e-01 173 51 1.191500e+01 3.040000e+00 -4.208200e+02 497 0
-5.144900e+00 2.847300e+00 -3.314600e-01 -4.485700e-01 174 51 1.197000e+01 3.040000e+00 -4.539800e+02 4.983800e+02 0
-5.723900e+00 3.038700e+00 -3.436500e-01 -4.485700e-01 190 51 1.085700e+01 3.040000e+00 -4.939900e+02 4.915300e+02 0
-5.598600e+00 3.364200e+00 -3.644000e-01 -4.485700e-01 191 51 1.069900e+01 3.040000e+00 -3.613400e+02 4.832100e+02 0
-2.433700e+00 4.446000e+00 -4.333400e-01 -4.485700e-01 224 51 1.030700e+01 3.040000e+00 3.218900e+02 4.664100e+02 0
-7.803200e+00 4.300600e+00 4.514000e+00 -4.485700e-01 287 51 1.179800e+01 3.040000e+00 -3.952600e+02 -1.827200e+02 0
-7.908800e+00 4.386800e+00 4.320600e+00 -4.485700e-01 288 51 1.204600e+01 3.040000e+00 -3.903400e+02 -1.487200e+02 0
-7.779200e+00 5.169900e+00 3.730700e+00 -4.485700e-01 289 51 1.173200e+01 3.040000e+00 -2.265100e+02 -1.391500e+01 0
-7.490800e+00 6.291500e+00 2.484200e+00 -4.485700e-01 290 51 1.110200e+01 3.040000e+00 -4.893500e+01 1.619600e+02 0
-8.070600e+00 5.039700e+00 3.469800e+00 -4.485700e-01 291 51 1.125300e+01 3.040000e+00 -2.828300e+02 6.368700e+00 0
-7.939600e+00 5.359700e+00 3.393500e+00 -4.485700e-01 292 51 1.172700e+01 3.040000e+00 -2.146400e+02 3.400500e+01 0
-7.966900e+00 5.339300e+00 3.465800e+00 -4.485700e-01 293 51 1.149300e+01 3.040000e+00 -2.204300e+02 2.531300e+01 0
-7.992500e+00 5.695800e+00 3.861700e+00 -4.485700e-01 303 51 1.071600e+01 3.040000e+00 -1.672800e+02 6.289000e+00 0
-7.936300e+00 6.287400e+00 3.075200e+00 -4.485700e-01 304 51 1.081700e+01 3.040000e+00 -8.843300e+01 1.086000e+02 0
-4.845600e+00 2.675600e+00 -3.205200e-01 -4.165300e-01 161 52 1.015400e+01 3.040000e+00 -4.605700e+02 505 0
-4.892000e+00 2.896400e+00 -3.345900e-01 -4.165300e-01 164 52 1.099100e+01 3.040000e+00 -3.844800e+02 4.972100e+02 0
-4.922000e+00 2.928500e+00 -3.366300e-01 -4.165300e-01 165 52 1.086600e+01 3.040000e+00 -3.790100e+02 4.961300e+02 0
-5.087100e+00 2.673800e+00 -3.204000e-01 -4.165300e-01 166 52 1.056000e+01 3.040000e+00 -5.133900e+02 5.046100e+02 0
-5.344400e+00 2.231100e+00 -2.921900e-01 -4.165300e-01 167 52 1.059000e+01 3.040000e+00 -8.077800e+02 5.237200e+02 0
-4.858700e+00 2.965800e+00 -3.390100e-01 -4.165300e-01 169 52 1.165200e+01 3.040000e+00 -3.534700e+02 4.950700e+02 0
-5.072100e+00 2.785200e+00 -3.275000e-01 -4.165300e-01 170 52 1.216000e+01 3.040000e+00 -4.636000e+02 5.006200e+02 0
-5.148500e+00 2.841100e+00 -3.310600e-01 -4.165300e-01 171 52 1.189200e+01 3.040000e+00 -4.571100e+02 4.985800e+02 0
-5.209000e+00 2.591000e+00 -3.151200e-01 -4.165300e-01 173 52 1.206500e+01 3.040000e+00 -5.775200e+02 5.075700e+02 0
-5.192100e+00 2.792100e+00 -3.279400e-01 -4.165300e-01 174 52 1.251200e+01 3.040000e+00 -4.856500e+02 5.001700e+02 0
-5.622700e+00 2.991100e+00 -3.406200e-01 -4.165300e-01 185 52 1.157000e+01 3.040000e+00 -4.927600e+02 4.930800e+02 0
-5.501800e+00 3.240000e+00 -3.564900e-01 -4.165300e-01 186 52 1.146400e+01 3.040000e+00 -3.830700e+02 4.864000e+02 0
-5.531500e+00 3.024100e+00 1.565800e+00 -4.165300e-01 187 52 1.098000e+01 3.040000e+00 -4.391600e+02 1.265900e+02 0
-5.950100e+00 2.649900e+00 -3.188800e-01 -4.165300e-01 189 52 1.023900e+01 3.040000e+00 -7.089900e+02 5.038600e+02 0
-5.672300e+00 2.735000e+00 1.977800e+00 -4.165300e-01 190 52 1.116100e+01 3.040000e+00 -5.735800e+02 1.991100e+01 0
-5.546800e+00 3.132200e+00 1.857800e+00 -4.165300e-01 191 52 1.125700e+01 3.040000e+00 -4.017000e+02 8.171900e+01 0
-5.263300e+00 3.720700e+00 1.716900e+00 -4.165300e-01 192 52 1.044000e+01 3.040000e+00 -1.944700e+02 1.448800e+02 0
-2.411900e+00 4.444300e+00 -4.332300e-01 -4.165300e-01 222 52 1.058400e+01 3.040000e+00 3.248100e+02 4.664500e+02 0
-2.422800e+00 4.405700e+00 -4.307700e-01 -4.165300e-01 223 52 1.088900e+01 3.040000e+00 3.200400e+02 4.670200e+02 0
-2.372900e+00 4.075800e+00 -4.097500e-01 -4.165300e-01 224 52 1.072800e+01 3.040000e+00 2.974400e+02 4.724300e+02 0
-6.750600e+00 5.702400e+00 4.021300e+00 -4.165300e-01 279 52 1.018900e+01 3.040000e+00 -4.091400e+01 -1.138400e+01 0
-7.387100e+00 4.906100e+00 4.519500e+00 -4.165300e-01 286 52 1.094300e+01 3.040000e+00 -2.231700e+02 -1.222400e+02 0
-7.569100e+00 4.145200e+00 5.028700e+00 -4.165300e-01 287 52 1.134200e+01 3.040000e+00 -3.974900e+02 -2.686300e+02 0
-7.908800e+00 3.559300e+00 5.024200e+00 -4.165300e-01 288 52 1.165700e+01 3.040000e+00 -6.097000e+02 -3.592500e+02 0
-8.014900e+00 3.613400e+00 4.885300e+00 -4.165300e-01 289 52 1.150200e+01 3.040000e+00 -6.093700e+02 -3.289600e+02 0
-8.279300e+00 2.757600e+00 5.071000e+00 -4.165300e-01 290 52 1.167100e+01 3.040000e+00 -1.006200e+03 -5.466900e+02 0
-8.228800e+00 3.714600e+00 4.589200e+00 -4.165300e-01 291 52 1.203300e+01 3.040000e+00 -6.113800e+02 -2.691000e+02 0
-8.098400e+00 4.693200e+00 3.958600e+00 -4.165300e-01 292 52 1.220400e+01 3.040000e+00 -3.498100e+02 -7.521300e+01 0
-7.966900e+00 5.232800e+00 3.624600e+00 -4.165300e-01 293 52 1.201600e+01 3.040000e+00 -2.370100e+02 1.985400e+00 0
-8.049300e+00 5.567100e+00 3.539100e+00 -4.165300e-01 299 52 1.092900e+01 3.040000e+00 -1.933000e+02 3.104300e+01 0
-8.076300e+00 5.492700e+00 3.693300e+00 -4.165300e-01 300 52 1.072000e+01 3.040000e+00 -2.066000e+02 1.121600e+01 0
-7.939600e+00 5.519000e+00 4.033700e+00 -4.165300e-01 301 52 1.032600e+01 3.040000e+00 -1.868800e+02 -2.184100e+01 0
-7.719700e+00 5.507000e+00 4.536500e+00 -4.165300e-01 302 52 1.050400e+01 3.040000e+00 -1.636800e+02 -7.368700e+01 0
-7.745300e+00 5.771200e+00 4.235400e+00 -4.165300e-01 303 52 1.096600e+01 3.040000e+00 -1.306700e+02 -2.594100e+01 0
-7.688300e+00 5.966500e+00 4.155000e+00 -4.165300e-01 304 52 1.112700e+01 3.040000e+00 -1.001200e+02 -6.572200e+00 0
-7.547800e+00 5.761100e+00 4.749200e+00 -4.165300e-01 305 52 1.046100e+01 3.040000e+00 -1.103700e+02 -7.650600e+01 0
-4.758300e+00 2.920000e+00 -3.360900e-01 -3.844900e-01 161 53 1.020400e+01 3.040000e+00 -3.493400e+02 4.966700e+02 0
-4.996200e+00 2.975100e+00 -3.396000e-01 -3.844900e-01 169 53 1.048600e+01 3.040000e+00 -3.772200e+02 4.945600e+02 0
-5.210400e+00 2.630300e+00 -3.176300e-01 -3.844900e-01 170 53 1.109600e+01 3.040000e+00 -5.595300e+02 5.060300e+02 0
-5.380400e+00 2.356700e+00 -3.001900e-01 -3.844900e-01 171 53 1.108500e+01 3.040000e+00 -7.397700e+02 5.173600e+02 0
-5.505300e+00 2.082500e+00 -2.827200e-01 -3.844900e-01 172 53 1.094400e+01 3.040000e+00 -9.525200e+02 5.316200e+02 0
-5.302900e+00 2.511400e+00 -3.100500e-01 -3.844900e-01 173 53 1.146400e+01 3.040000e+00 -6.375400e+02 5.106300e+02 0
-5.144900e+00 2.929300e+00 -3.366800e-01 -3.844900e-01 174 53 1.152700e+01 3.040000e+00 -4.228800e+02 4.957400e+02 0
-5.174700e+00 2.991300e+00 -3.406300e-01 -3.844900e-01 175 53 1.124900e+01 3.040000e+00 -4.062600e+02 4.937900e+02 0
-5.741900e+00 2.699100e+00 -3.220100e-01 -3.844900e-01 184 53 1.191200e+01 3.040000e+00 -6.409900e+02 5.024500e+02 0
-5.723100e+00 2.839400e+00 -3.309500e-01 -3.844900e-01 185 53 1.202800e+01 3.040000e+00 -5.738700e+02 4.976500e+02 0
-5.804600e+00 2.835000e+00 -3.306700e-01 -3.844900e-01 186 53 1.098300e+01 3.040000e+00 -5.921800e+02 4.976600e+02 0
-5.672300e+00 2.079600e+00 2.658400e+00 -3.844900e-01 190 53 1.076500e+01 3.040000e+00 -9.191900e+02 -2.517300e+02 0
-5.650500e+00 3.005200e+00 1.752000e+00 -3.844900e-01 191 53 1.037400e+01 3.040000e+00 -4.657200e+02 9.063600e+01 0
-2.362200e+00 3.834400e+00 -3.943700e-01 -3.844900e-01 223 53 1.032700e+01 3.040000e+00 2.742400e+02 4.769500e+02 0
-7.463200e+00 2.483100e+00 5.926600e+00 -3.844900e-01 283 53 1.025600e+01 3.040000e+00 -9.859900e+02 -8.079100e+02 0
-8.172100e+00 1.119100e+00 5.755600e+00 -3.844900e-01 289 53 1.097500e+01 3.040000e+00 -2.714100e+03 -1.746400e+03 0
-8.200400e+00 2.070400e+00 5.507400e+00 -3.844900e-01 290 53 1.150000e+01 3.040000e+00 -1.442200e+03 -8.954600e+02 0
-8.228800e+00 3.184800e+00 4.971500e+00 -3.844900e-01 291 53 1.154100e+01 3.040000e+00 -7.983000e+02 -4.236300e+02 0
-8.177800e+00 4.372300e+00 4.157800e+00 -3.844900e-01 292 53 1.139900e+01 3.040000e+00 -4.287500e+02 -1.292200e+02 0
-8.126200e+00 5.206700e+00 3.293300e+00 -3.844900e-01 293 53 1.117100e+01 3.040000e+00 -2.605100e+02 3.606700e+01 0
-8.346400e+00 5.456900e+00 2.853500e+00 -3.844900e-01 298 53 1.078400e+01 3.040000e+00 -2.445900e+02 9.575500e+01 0
-7.886700e+00 5.760800e+00 3.594800e+00 -3.844900e-01 299 53 1.140000e+01 3.040000e+00 -1.488400e+02 3.582000e+01 0
-7.994700e+00 5.548300e+00 3.786500e+00 -3.844900e-01 300 53 1.142700e+01 3.040000e+00 -1.893300e+02 4.984700e+00 0
-8.021400e+00 5.078000e+00 4.431500e+00 -3.844900e-01 301 53 1.072200e+01 3.040000e+00 -2.649000e+02 -9.573900e+01 0
-5.389600e+00 2.003600e+00 -2.776900e-01 -2.883700e-01 167 56 1.076000e+01 3.040000e+00 -9.822900e+02 5.368500e+02 0
-5.422100e+00 2.046900e+00 -2.804500e-01 -2.883700e-01 168 56 1.108800e+01 3.040000e+00 -9.573200e+02 5.340200e+02 0
-5.408700e+00 2.141100e+00 -2.864500e-01 -2.883700e-01 169 56 1.062400e+01 3.040000e+00 -8.846500e+02 5.284700e+02 0
-5.490600e+00 2.043900e+00 -2.802600e-01 -2.883700e-01 173 56 1.073000e+01 3.040000e+00 -9.780600e+02 534 0
-5.616900e+00 2.047000e+00 -2.804500e-01 -2.883700e-01 174 56 1.097600e+01 3.040000e+00 -1.009600e+03 5.334500e+02 0
-5.601900e+00 1.872000e+00 -2.693000e-01 -2.883700e-01 175 56 1.144700e+01 3.040000e+00 -1.155300e+03 5.451900e+02 0
-5.634100e+00 1.802900e+00 1.535500e+00 -2.883700e-01 176 56 1.121700e+01 3.040000e+00 -1.165900e+03 -8.302700e+00 0
-6.057000e+00 2.523900e-01 2.234100e+00 -2.883700e-01 186 56 1.123200e+01 3.040000e+00 -7.545700e+03 -2.047700e+03 0
-5.888700e+00 1.911400e+00 2.482700e+00 -2.883700e-01 192 56 1.074200e+01 3.040000e+00 -1109 -2.500900e+02 0
-5.867100e+00 2.271800e+00 2.318700e+00 -2.883700e-01 193 56 1.097900e+01 3.040000e+00 -8.484600e+02 -1.237300e+02 0
-8.728900e+00 5.484300e+00 1.663000e+00 -2.883700e-01 300 56 1.027600e+01 3.040000e+00 -2.863900e+02 2.207200e+02 0
-5.225700e+00 2.994300e+00 1.674900e+00 -2.563300e-01 180 57 1.065300e+01 3.040000e+00 -3.909600e+02 1.030800e+02 0
-5.353100e+00 2.640700e+00 1.971600e+00 -2.563300e-01 181 57 1.122900e+01 3.040000e+00 -5.491500e+02 8.602700e+00 0
-5.333400e+00 2.498700e+00 2.295100e+00 -2.563300e-01 182 57 1.135300e+01 3.040000e+00 -6.048100e+02 -8.098900e+01 0
-5.732300e+00 2.479400e+00 2.342300e+00 -2.563300e-01 192 57 1.108600e+01 3.040000e+00 -7.004700e+02 -9.234900e+01 0
-5.710000e+00 2.481100e+00 2.490200e+00 -2.563300e-01 193 57 1.113200e+01 3.040000e+00 -6.920500e+02 -1.244000e+02 0
-5.845000e+00 1.522200e+00 2.991500e+00 -2.563300e-01 194 57 1.050100e+01 3.040000e+00 -1.470300e+03 -5.515100e+02 0
0 0 -1.500000e-01 -2.242900e-01 1 58 9.579000e+00 3.040000e+00 2167 -3.612800e+03 0
-5.649400e+00 2.212600e+00 -2.910100e-01 -2.242900e-01 175 58 1.035500e+01 3.040000e+00 -8.964700e+02 5.239200e+02 0
-5.729600e+00 2.026100e+00 -2.791200e-01 -2.242900e-01 176 58 1.098100e+01 3.040000e+00 -1.056600e+03 5.344200e+02 0
-5.762300e+00 1.990600e+00 -2.768600e-01 -2.242900e-01 177 58 1.067400e+01 3.040000e+00 -1095 5.365700e+02 0
-6.168900e+00 1.129300e+00 2.167600e+00 -2.242900e-01 191 58 1.147600e+01 3.040000e+00 -2.279400e+03 -4.627600e+02 0
-5.940800e+00 2.263800e+00 2.018900e+00 -2.242900e-01 192 58 1.110300e+01 3.040000e+00 -8.775400e+02 -5.368700e+01 0
-6.331200e+00 2.369300e+00 3.724300e+00 -2.242900e-01 222 58 1.039600e+01 3.040000e+00 -8.638200e+02 -4.129200e+02 0
-6.238700e+00 2.227500e+00 4.028000e+00 -2.242900e-01 223 58 1.047500e+01 3.040000e+00 -9.226900e+02 -5.259800e+02 0
0 0 -1.500000e-01 -9.612300e-02 1 62 9.642700e+00 3.040000e+00 2167 -3.612800e+03 0
0 0 -1.500000e-01 -6.408200e-02 1 63 1.050800e+01 3.040000e+00 2167 -3.612800e+03 0
-3.355900e-02 9.656400e-03 -1.506200e-01 -6.408200e-02 2 63 1.021500e+01 3.040000e+00 2756 -4.296400e+03 0
-6.602700e-02 1.036700e-02 -1.506600e-01 -6.408200e-02 3 63 9.538600e+00 3.040000e+00 3.152600e+03 -4433 0
6.793700e-01 7.530100e-01 -1.979900e-01 -6.408200e-02 31 63 9.680600e+00 3.040000e+00 1.186300e+03 8.550900e+02 0
6.851000e-01 7.168400e-01 -1.956800e-01 -6.408200e-02 32 63 9.775000e+00 3.040000e+00 1.221100e+03 8.817500e+02 0
0 0 -1.500000e-01 -3.204100e-02 1 64 1.562000e+01 3.040000e+00 2167 -3.612800e+03 0
-7.093800e-02 1.126800e-01 -1.571800e-01 -3.204100e-02 5 64 1.424300e+01 3.040000e+00 -3059 7.629200e+03 0
-1.585200e-01 1.860700e-01 -1.618600e-01 -3.204100e-02 8 64 1.340700e+01 3.040000e+00 -1.093500e+03 2.928100e+03 0
-2.008100e-01 1.927400e-01 -1.622800e-01 -3.204100e-02 9 64 1.293100e+01 3.040000e+00 -1.192700e+03 2.764600e+03 0
-2.480100e-01 1.860200e-01 -1.618500e-01 -3.204100e-02 10 64 1.276000e+01 3.040000e+00 -1.522700e+03 2.864800e+03 0
-2.619200e-01 2.204900e-01 -1.640500e-01 -3.204100e-02 11 64 1.226000e+01 3.040000e+00 -1.080900e+03 2.310200e+03 0
-2.851200e-01 2.334600e-01 -1.648800e-01 -3.204100e-02 12 64 1.173400e+01 3.040000e+00 -1.023800e+03 2.154600e+03 0
-3.044900e-01 2.819500e-01 -1.679700e-01 -3.204100e-02 13 64 1.085700e+01 3.040000e+00 -6.934300e+02 1.759500e+03 0
-3.121300e-01 2.975800e-01 -1.689600e-01 -3.204100e-02 14 64 1.049900e+01 3.040000e+00 -6.200100e+02 1.667200e+03 0
3.683300e-01 2.623200e-01 -1.667200e-01 -3.204100e-02 28 64 1.219800e+01 3.040000e+00 1.405800e+03 2.091900e+03 0
6.875500e-01 6.362600e-01 -1.905500e-01 -3.204100e-02 29 64 1.366000e+01 3.040000e+00 1.302800e+03 9.537200e+02 0
6.804600e-01 7.330300e-01 -1.967200e-01 -3.204100e-02 30 64 1.457600e+01 3.040000e+00 1.202900e+03 8.693800e+02 0
6.793700e-01 7.973600e-01 -2.008200e-01 -3.204100e-02 31 64 1.473000e+01 3.040000e+00 1.155100e+03 8.263200e+02 0
6.766400e-01 8.310600e-01 -2.029600e-01 -3.204100e-02 32 64 1.419700e+01 3.040000e+00 1.131600e+03 8.067300e+02 0
6.722700e-01 8.800600e-01 -2.060900e-01 -3.204100e-02 33 64 1.271300e+01 3.040000e+00 1.100600e+03 7.812600e+02 0
-9.994100e-01 5.719400e-01 -1.864500e-01 -3.204100e-02 34 64 1.029100e+01 3.040000e+00 -7.073200e+02 9.561400e+02 0
-8.021400e-01 9.181800e-01 -2.085200e-01 -3.204100e-02 36 64 1.063000e+01 3.040000e+00 -1.691100e+01 7.399800e+02 0
-8.348900e-01 9.096000e-01 -2.079700e-01 -3.204100e-02 37 64 1.109000e+01 3.040000e+00 -4.719000e+01 7.428500e+02 0
-8.782700e-01 8.942000e-01 -2.069900e-01 -3.204100e-02 38 64 1.065400e+01 3.040000e+00 -9.182500e+01 7.483700e+02 0
