0 0 -1.500000e-01 0 1 65 1.663700e+01 2.410000e+00 2167 -3.612800e+03 0
-7.202900e-02 1.118300e-01 -1.556500e-01 0 5 65 1.529000e+01 2.410000e+00 -3.146800e+03 7742 0
-1.585200e-01 1.859800e-01 -1.593900e-01 0 8 65 1.443400e+01 2.410000e+00 -1.093400e+03 2.914900e+03 0
-1.986300e-01 1.951200e-01 -1.598500e-01 0 9 65 1.394200e+01 2.410000e+00 -1.146300e+03 2.707500e+03 0
-2.480100e-01 1.861600e-01 -1.594000e-01 0 10 65 1.375900e+01 2.410000e+00 -1.518500e+03 2.847400e+03 0
-2.619200e-01 2.212400e-01 -1.611700e-01 0 11 65 1.324100e+01 2.410000e+00 -1.071200e+03 2.288100e+03 0
-2.881200e-01 2.320800e-01 -1.617200e-01 0 12 65 1.275500e+01 2.410000e+00 -1.047200e+03 2.155500e+03 0
-3.044900e-01 2.836300e-01 -1.643200e-01 0 13 65 1.197300e+01 2.410000e+00 -6.819500e+02 1.737600e+03 0
-3.085800e-01 3.095900e-01 -1.656400e-01 0 14 65 1.147200e+01 2.410000e+00 -5.466000e+02 1.594900e+03 0
-1.184100e-01 4.233800e-01 -1.713800e-01 0 15 65 1.123600e+01 2.410000e+00 1.725500e+02 1.230300e+03 0
3.536000e-01 3.701000e-01 -1.686900e-01 0 28 65 1.316700e+01 2.410000e+00 1.101300e+03 1.436300e+03 0
6.722700e-01 6.458700e-01 -1.826200e-01 0 29 65 1.473700e+01 2.410000e+00 1.273400e+03 9.336100e+02 0
6.725500e-01 7.390500e-01 -1.873300e-01 0 30 65 1.568100e+01 2.410000e+00 1.189600e+03 8.551600e+02 0
6.711800e-01 8.043200e-01 -1.906200e-01 0 31 65 1.586400e+01 2.410000e+00 1.142700e+03 8.124900e+02 0
6.766400e-01 8.319200e-01 -1.920200e-01 0 32 65 1.536100e+01 2.410000e+00 1.130600e+03 7.968400e+02 0
6.722700e-01 8.753800e-01 -1.942100e-01 0 33 65 1.393600e+01 2.410000e+00 1.102600e+03 7.742000e+02 0
6.302600e-01 9.582100e-01 -1.983900e-01 0 34 65 1.121000e+01 2.410000e+00 1.031800e+03 7.368900e+02 0
7.606700e-01 8.604800e-01 -1.934600e-01 0 35 65 1.069300e+01 2.410000e+00 1.186100e+03 7.833300e+02 0
-8.307900e-01 8.860500e-01 -1.947500e-01 0 36 65 1.182700e+01 2.410000e+00 -6.466400e+01 7.437600e+02 0
-8.447100e-01 8.874300e-01 -1.948200e-01 0 37 65 1.224700e+01 2.410000e+00 -7.351600e+01 7.429700e+02 0
-8.681700e-01 8.760400e-01 -1.942400e-01 0 38 65 1.182800e+01 2.410000e+00 -1.012500e+02 7.473900e+02 0
-9.020000e-01 8.426500e-01 -1.925600e-01 0 39 65 1.041200e+01 2.410000e+00 -1.602700e+02 7.616500e+02 0
-7.489400e+00 2.345700e+00 -2.684700e-01 0 226 65 1.051300e+01 2.410000e+00 -1.236700e+03 5.055100e+02 0
-7.337700e+00 2.886400e+00 -2.957700e-01 0 227 65 1.042200e+01 2.410000e+00 -8.671000e+02 4.858100e+02 0
0 0 -1.500000e-01 3.204100e-02 1 66 1.562800e+01 2.410000e+00 2167 -3.612800e+03 0
-7.202900e-02 1.126500e-01 -1.556900e-01 3.204100e-02 5 66 1.428400e+01 2.410000e+00 -3.069700e+03 7.594300e+03 0
-1.585200e-01 1.859300e-01 -1.593900e-01 3.204100e-02 8 66 1.344300e+01 2.410000e+00 -1.094300e+03 2.916100e+03 0
-2.008100e-01 1.931100e-01 -1.597500e-01 3.204100e-02 9 66 1.296000e+01 2.410000e+00 -1.185600e+03 2.743100e+03 0
-2.480100e-01 1.873500e-01 -1.594600e-01 3.204100e-02 10 66 1.276600e+01 2.410000e+00 -1.496800e+03 2.823300e+03 0
-2.646500e-01 2.176000e-01 -1.609900e-01 3.204100e-02 11 66 1.223700e+01 2.410000e+00 -1.123600e+03 2.332200e+03 0
-2.881200e-01 2.308100e-01 -1.616600e-01 3.204100e-02 12 66 1.173900e+01 2.410000e+00 -1.060500e+03 2.168900e+03 0
-3.044900e-01 2.831600e-01 -1.643000e-01 3.204100e-02 13 66 1.092500e+01 2.410000e+00 -6.849000e+02 1.740500e+03 0
-3.121300e-01 3.169200e-01 -1.660100e-01 3.204100e-02 14 66 1.038600e+01 2.410000e+00 -5.190100e+02 1.559500e+03 0
-1.184100e-01 3.899700e-01 -1.697000e-01 3.204100e-02 15 66 1.035700e+01 2.410000e+00 1.181100e+02 1.317700e+03 0
3.536000e-01 4.411600e-01 -1.722800e-01 3.204100e-02 28 66 1.215100e+01 2.410000e+00 1.019800e+03 1.227600e+03 0
6.722700e-01 6.402800e-01 -1.823400e-01 3.204100e-02 29 66 1.370800e+01 2.410000e+00 1.279400e+03 9.391700e+02 0
6.725500e-01 7.374600e-01 -1.872500e-01 3.204100e-02 30 66 1.466500e+01 2.410000e+00 1.190900e+03 8.563200e+02 0
6.711800e-01 8.043800e-01 -1.906300e-01 3.204100e-02 31 66 1.487800e+01 2.410000e+00 1.142600e+03 8.124500e+02 0
6.766400e-01 8.328400e-01 -1.920600e-01 3.204100e-02 32 66 1.440700e+01 2.410000e+00 1.130100e+03 7.963400e+02 0
6.722700e-01 8.747500e-01 -1.941800e-01 3.204100e-02 33 66 1.300100e+01 2.410000e+00 1103 7.745100e+02 0
7.514000e-01 8.693100e-01 -1.939000e-01 3.204100e-02 35 66 9.930200e+00 2.410000e+00 1.172600e+03 7.786800e+02 0
-8.212400e-01 9.019200e-01 -1.955500e-01 3.204100e-02 36 66 1.087200e+01 2.410000e+00 -4.378800e+01 7.374000e+02 0
-8.447100e-01 8.951900e-01 -1.952100e-01 3.204100e-02 37 66 1.133800e+01 2.410000e+00 -6.649900e+01 7.397600e+02 0
-8.681700e-01 8.746600e-01 -1.941700e-01 3.204100e-02 38 66 1.097800e+01 2.410000e+00 -1.025700e+02 7.479800e+02 0
-8.812700e-01 8.644200e-01 -1.936600e-01 3.204100e-02 39 66 9.728200e+00 2.410000e+00 -1.222400e+02 7.522100e+02 0
-4.952000e-01 1.855500e+00 -2.437100e-01 -8.971500e-01 56 37 1.082300e+01 2.410000e+00 4.581700e+02 5.569200e+02 0
-5.347600e-01 1.878800e+00 -2.448900e-01 -8.971500e-01 57 37 1.107800e+01 2.410000e+00 4.475600e+02 5.546700e+02 0
-5.754200e-01 1.902600e+00 -2.460900e-01 -8.971500e-01 58 37 1.040000e+01 2.410000e+00 4.369300e+02 5.524200e+02 0
-4.952000e-01 1.853400e+00 -2.436000e-01 -8.651100e-01 56 38 1.097400e+01 2.410000e+00 4.579000e+02 5.571100e+02 0
-5.194800e-01 1.877500e+00 -2.448200e-01 -8.651100e-01 57 38 1.122200e+01 2.410000e+00 4.526500e+02 5.548400e+02 0
-5.598600e-01 1.896300e+00 -2.457700e-01 -8.651100e-01 58 38 1.051900e+01 2.410000e+00 4.413400e+02 5.530400e+02 0
-2.019000e-01 1.220400e+01 4.240200e+00 -8.010300e-01 371 40 1.033300e+01 2.410000e+00 6.709200e+02 1.686000e+02 0
-4.234400e-01 1.338300e+01 2.079500e+00 -8.010300e-01 389 40 1.028100e+01 2.410000e+00 6.637400e+02 2.824300e+02 0
-2.231800e-01 1.426800e+01 -8.705900e-01 -8.010300e-01 410 40 1.027700e+01 2.410000e+00 6.761700e+02 4.134500e+02 0
1.915300e+00 6.529400e+00 -4.797700e-01 -7.689800e-01 196 41 1.033400e+01 2.410000e+00 8.672900e+02 4.394100e+02 1
1.764700e+00 6.612400e+00 -4.839600e-01 -7.689800e-01 197 41 1.208300e+01 2.410000e+00 8.501600e+02 4.387400e+02 1
1.720000e+00 6.661300e+00 -4.864300e-01 -7.689800e-01 198 41 1.270000e+01 2.410000e+00 8.445900e+02 4.383800e+02 1
1.674700e+00 6.708700e+00 -4.888200e-01 -7.689800e-01 199 41 1.230700e+01 2.410000e+00 8.390900e+02 4.380200e+02 1
1.683100e+00 6.719600e+00 -4.893700e-01 -7.689800e-01 200 41 1.066100e+01 2.410000e+00 8.396800e+02 4.379500e+02 1
-9.232800e-01 9.292500e+00 3.128600e+00 -7.689800e-01 283 41 1.085800e+01 2.410000e+00 6.162400e+02 1.802800e+02 0
-1.081000e+00 9.551600e+00 2.297600e+00 -7.689800e-01 284 41 1.081800e+01 2.410000e+00 6.084600e+02 2.372300e+02 0
-1.931700e+00 1.003200e+01 -6.566800e-01 -7.689800e-01 296 41 1.142600e+01 2.410000e+00 5.604500e+02 4.218700e+02 0
1.680700e-01 1.046100e+01 2.497000e+00 -7.689800e-01 309 41 1.212700e+01 2.410000e+00 6.908800e+02 2.361100e+02 0
-8.430700e-02 1.062300e+01 1.897300e+00 -7.689800e-01 310 41 1.197600e+01 2.410000e+00 6.763800e+02 2.721400e+02 0
8.458000e-02 1.053400e+01 2.495500e+00 -7.689800e-01 311 41 1.208300e+01 2.410000e+00 6.858900e+02 2.370900e+02 0
5.091200e-01 1.002700e+01 4.141900e+00 -7.689800e-01 312 41 1.156600e+01 2.410000e+00 7.106900e+02 1.324500e+02 0
-2.298400e+00 1.052200e+01 1.654700e+00 -7.689800e-01 313 41 1.156600e+01 2.410000e+00 5.440400e+02 2.856600e+02 0
-2.135000e+00 1.054700e+01 1.918900e+00 -7.689800e-01 314 41 1.197000e+01 2.410000e+00 5.540100e+02 2.707600e+02 0
-2.141800e+00 1.054600e+01 2.106500e+00 -7.689800e-01 315 41 1.198200e+01 2.410000e+00 5.535400e+02 2.600800e+02 0
-2.234500e+00 1.052900e+01 2.273300e+00 -7.689800e-01 316 41 1.160400e+01 2.410000e+00 5.477700e+02 2.504500e+02 0
1.256700e+00 1.142100e+01 -7.268000e-01 -7.689800e-01 330 41 1.179100e+01 2.410000e+00 7.548600e+02 4.189800e+02 1
1.080400e+00 1.139600e+01 -7.255700e-01 -7.689800e-01 331 41 1.246600e+01 2.410000e+00 7.450300e+02 419 0
8.127900e-01 1.136800e+01 1.931600e+00 -7.689800e-01 332 41 1.265000e+01 2.410000e+00 7.275300e+02 276 0
5.434900e-01 1.139900e+01 2.049900e+00 -7.689800e-01 333 41 1.227500e+01 2.410000e+00 7.123200e+02 270 0
-1.213000e+00 1.132800e+01 3.586700e+00 -7.689800e-01 343 41 1.279800e+01 2.410000e+00 6.137300e+02 1.886300e+02 0
-1.590900e+00 1.135100e+01 3.479200e+00 -7.689800e-01 344 41 1.327800e+01 2.410000e+00 5.931700e+02 1.947900e+02 0
-1.595600e+00 1.143700e+01 3.311400e+00 -7.689800e-01 345 41 1.342700e+01 2.410000e+00 5.937300e+02 2.047700e+02 0
-1.411900e+00 1.154300e+01 3.150800e+00 -7.689800e-01 346 41 1.334700e+01 2.410000e+00 6.046400e+02 2.144200e+02 0
-1.227200e+00 1.159000e+01 3.190400e+00 -7.689800e-01 347 41 1.296400e+01 2.410000e+00 6.149400e+02 2.129000e+02 0
0 1.187800e+01 4.013300e+00 -7.689800e-01 360 41 1.289900e+01 2.410000e+00 6.811400e+02 1.746100e+02 0
-3.928900e-01 1.207000e+01 3.495300e+00 -7.689800e-01 361 41 1.321700e+01 2.410000e+00 6.612300e+02 2.033600e+02 0
-4.924700e-01 1.195700e+01 3.965600e+00 -7.689800e-01 362 41 1.298900e+01 2.410000e+00 6.554000e+02 1.784500e+02 0
-2.051700e-01 1.293300e+01 2.264900e+00 -7.689800e-01 377 41 1.287500e+01 2.410000e+00 6.732600e+02 2.709700e+02 0
0 1.295800e+01 2.331500e+00 -7.689800e-01 378 41 1.284400e+01 2.410000e+00 6.832700e+02 2.680100e+02 0
-5.565900e-01 1.365800e+01 4.022800e+00 -7.689800e-01 409 41 1.268400e+01 2.410000e+00 6.571100e+02 1.986100e+02 0
1.808900e+00 6.538400e+00 -4.802200e-01 -7.369400e-01 196 42 1.131400e+01 2.410000e+00 8.563800e+02 4.393000e+02 1
1.711200e+00 6.621400e+00 -4.844100e-01 -7.369400e-01 197 42 1.314200e+01 2.410000e+00 8.446600e+02 4.386500e+02 1
1.720000e+00 6.660400e+00 -4.863800e-01 -7.369400e-01 198 42 1.379600e+01 2.410000e+00 8.446100e+02 4.383800e+02 1
1.674700e+00 6.708900e+00 -4.888300e-01 -7.369400e-01 199 42 1.342900e+01 2.410000e+00 8.390900e+02 4.380200e+02 1
1.683100e+00 6.741800e+00 -4.904900e-01 -7.369400e-01 200 42 1.199600e+01 2.410000e+00 8.391900e+02 4.378000e+02 1
1.909900e+00 6.714200e+00 -4.891000e-01 -7.369400e-01 201 42 1.053400e+01 2.410000e+00 8.618800e+02 4.381000e+02 1
1.919400e+00 6.740400e+00 -4.904200e-01 -7.369400e-01 202 42 1.073000e+01 2.410000e+00 8.621400e+02 4.379200e+02 1
1.763600e+00 6.798100e+00 -4.933400e-01 -7.369400e-01 203 42 1.057200e+01 2.410000e+00 8.456900e+02 4.374600e+02 1
-2.395000e+00 7.494100e+00 1.784300e+00 -7.369400e-01 232 42 1.085800e+01 2.410000e+00 4.763600e+02 2.449400e+02 0
-2.342000e+00 7.536500e+00 1.833300e+00 -7.369400e-01 233 42 1.219200e+01 2.410000e+00 4.819200e+02 2.416800e+02 0
-2.352100e+00 7.571100e+00 1.832500e+00 -7.369400e-01 234 42 1.259100e+01 2.410000e+00 4.820500e+02 2.422900e+02 0
-2.362200e+00 7.618900e+00 1.776300e+00 -7.369400e-01 235 42 1.261100e+01 2.410000e+00 4.825400e+02 2.474400e+02 0
-2.308200e+00 7.683300e+00 1.730200e+00 -7.369400e-01 236 42 1.275500e+01 2.410000e+00 4.886500e+02 2.519500e+02 0
-2.318000e+00 7.747100e+00 1.593000e+00 -7.369400e-01 237 42 1.240900e+01 2.410000e+00 4.895400e+02 2.634500e+02 0
-2.282300e+00 7.843900e+00 1.712300e+00 -7.369400e-01 240 42 1.136400e+01 2.410000e+00 4.948500e+02 2.555300e+02 0
-2.575000e+00 7.840800e+00 1.821400e+00 -7.369400e-01 243 42 1.205400e+01 2.410000e+00 4.716100e+02 2.472900e+02 0
-2.784600e+00 7.834100e+00 1.700300e+00 -7.369400e-01 244 42 1.211500e+01 2.410000e+00 4.548600e+02 2.565100e+02 0
-2.910600e+00 8.305200e+00 -5.694500e-01 -7.369400e-01 255 42 1.210900e+01 2.410000e+00 4.585900e+02 4.276400e+02 0
-2.922100e+00 8.376700e+00 -5.730600e-01 -7.369400e-01 256 42 1.222700e+01 2.410000e+00 4.597400e+02 4.273400e+02 0
-3.003400e+00 8.408100e+00 -5.746500e-01 -7.369400e-01 257 42 1.177900e+01 2.410000e+00 4.545600e+02 4.271900e+02 0
-2.664500e+00 8.534700e+00 -5.810400e-01 -7.369400e-01 258 42 1.143700e+01 2.410000e+00 4.829800e+02 4.267800e+02 0
-1.900600e+00 8.737600e+00 -5.912900e-01 -7.369400e-01 259 42 1.147700e+01 2.410000e+00 5.429100e+02 4.262200e+02 0
-1.680700e+00 9.349400e+00 2.320400e+00 -7.369400e-01 281 42 1.300800e+01 2.410000e+00 5.665000e+02 2.333300e+02 0
-9.966800e-01 9.256300e+00 3.103500e+00 -7.369400e-01 282 42 1.300700e+01 2.410000e+00 611 1.812400e+02 0
-9.232800e-01 9.617000e+00 1.910600e+00 -7.369400e-01 283 42 1.273600e+01 2.410000e+00 6.195600e+02 2.621900e+02 0
7.612200e-01 1.026500e+01 3.353900e+00 -7.369400e-01 311 42 1.349300e+01 2.410000e+00 7.265600e+02 1.833600e+02 0
-2.213300e+00 1.051000e+01 1.836000e+00 -7.369400e-01 313 42 1.335000e+01 2.410000e+00 5.488900e+02 2.751900e+02 0
-2.135000e+00 1.050200e+01 2.150900e+00 -7.369400e-01 314 42 1.356400e+01 2.410000e+00 5.533500e+02 2.571200e+02 0
-2.141800e+00 1.048900e+01 2.375500e+00 -7.369400e-01 315 42 1.359700e+01 2.410000e+00 5.527000e+02 2.441700e+02 0
-1.395600e+00 1.112100e+01 4.024100e+00 -7.369400e-01 342 42 1.389400e+01 2.410000e+00 6.018200e+02 1.621800e+02 0
-1.679600e+00 1.128700e+01 3.526200e+00 -7.369400e-01 343 42 1.454000e+01 2.410000e+00 5.876900e+02 1.914100e+02 0
-1.684500e+00 1.138700e+01 3.313700e+00 -7.369400e-01 344 42 1.489600e+01 2.410000e+00 5.884200e+02 204 0
-1.595600e+00 1.143500e+01 3.319300e+00 -7.369400e-01 345 42 1.499000e+01 2.410000e+00 5.937100e+02 2.043300e+02 0
-1.506100e+00 1.148200e+01 3.327000e+00 -7.369400e-01 346 42 1.486700e+01 2.410000e+00 5.989700e+02 2.045200e+02 0
-1.604800e+00 1.150600e+01 3.324300e+00 -7.369400e-01 347 42 1.442100e+01 2.410000e+00 5.938100e+02 2.050200e+02 0
-8.766300e-01 1.143300e+01 4.894600e+00 -7.369400e-01 358 42 1.359800e+01 2.410000e+00 6.321300e+02 1.222200e+02 0
-7.814100e-01 1.160400e+01 4.587900e+00 -7.369400e-01 359 42 1.374600e+01 2.410000e+00 6.383100e+02 1.412600e+02 0
-6.856400e-01 1.193400e+01 3.781600e+00 -7.369400e-01 360 42 1.409100e+01 2.410000e+00 6.452900e+02 1.873700e+02 0
-9.822200e-01 1.205600e+01 3.427700e+00 -7.369400e-01 361 42 1.460100e+01 2.410000e+00 6.305600e+02 2.067500e+02 0
-1.083400e+00 1.203000e+01 3.611400e+00 -7.369400e-01 362 42 1.448000e+01 2.410000e+00 6.250600e+02 1.973500e+02 0
0 1.289000e+01 2.507300e+00 -7.369400e-01 377 42 1.363000e+01 2.410000e+00 6.831000e+02 2.592900e+02 0
2.057200e-01 1.292800e+01 2.482400e+00 -7.369400e-01 378 42 1.357500e+01 2.410000e+00 6.932100e+02 2.607000e+02 0
-1.072300e+00 1.332000e+01 3.131200e+00 -7.369400e-01 394 42 1.323200e+01 2.410000e+00 6.323700e+02 2.346900e+02 0
1.702500e+00 6.584500e+00 -4.825500e-01 -7.049000e-01 196 43 1.039400e+01 2.410000e+00 8.446500e+02 4.389100e+02 1
1.657800e+00 6.635300e+00 -4.851200e-01 -7.049000e-01 197 43 1.224700e+01 2.410000e+00 8.390700e+02 4.385300e+02 1
1.666200e+00 6.672500e+00 -4.870000e-01 -7.049000e-01 198 43 1.291300e+01 2.410000e+00 8.390700e+02 4.382700e+02 1
1.674700e+00 6.708000e+00 -4.887800e-01 -7.049000e-01 199 43 1.259500e+01 2.410000e+00 8.391100e+02 4.380300e+02 1
1.737400e+00 6.727100e+00 -4.897500e-01 -7.049000e-01 200 43 1.133000e+01 2.410000e+00 8.447800e+02 4.379300e+02 1
-2.828800e+00 6.745800e+00 1.842600e+00 -7.049000e-01 217 43 1.064000e+01 2.410000e+00 4.129500e+02 2.272400e+02 0
-2.841900e+00 6.796600e+00 1.777900e+00 -7.049000e-01 218 43 1.078300e+01 2.410000e+00 4.138100e+02 2.339100e+02 0
-3.152400e+00 6.749000e+00 1.573300e+00 -7.049000e-01 219 43 1.054300e+01 2.410000e+00 3.834700e+02 2.512100e+02 0
-2.301700e+00 7.135000e+00 2.682500e+00 -7.049000e-01 229 43 1.188400e+01 2.410000e+00 4.737000e+02 1.643500e+02 0
-2.374200e+00 7.180000e+00 2.601800e+00 -7.049000e-01 230 43 1.222700e+01 2.410000e+00 4.688200e+02 1.722600e+02 0
-2.572900e+00 7.192300e+00 2.484100e+00 -7.049000e-01 231 43 1.202900e+01 2.410000e+00 4.521700e+02 1.824200e+02 0
-2.521000e+00 7.356600e+00 2.146100e+00 -7.049000e-01 232 43 1.171800e+01 2.410000e+00 4.617800e+02 2.135600e+02 0
-2.278700e+00 7.680200e+00 -5.378900e-01 -7.049000e-01 233 43 1.240300e+01 2.410000e+00 4.910900e+02 4.307200e+02 0
-2.352100e+00 7.677700e+00 -5.377600e-01 -7.049000e-01 234 43 1.317500e+01 2.410000e+00 4.850200e+02 4.307000e+02 0
-2.426100e+00 7.635100e+00 1.612900e+00 -7.049000e-01 235 43 1.355800e+01 2.410000e+00 4.777900e+02 2.605000e+02 0
-2.436400e+00 7.625400e+00 1.808500e+00 -7.049000e-01 236 43 1.371600e+01 2.410000e+00 4.766800e+02 2.450400e+02 0
-2.382400e+00 7.647300e+00 1.942300e+00 -7.049000e-01 237 43 1.328100e+01 2.410000e+00 4.816700e+02 2.349100e+02 0
-2.641100e+00 7.775000e+00 2.000300e+00 -7.049000e-01 243 43 1.414100e+01 2.410000e+00 4.645200e+02 2.326500e+02 0
-2.718300e+00 7.809500e+00 1.908100e+00 -7.049000e-01 244 43 1.411100e+01 2.410000e+00 4.593900e+02 2.402800e+02 0
-3.106300e+00 8.244600e+00 -5.663900e-01 -7.049000e-01 254 43 1.430700e+01 2.410000e+00 4.420300e+02 4.278400e+02 0
-3.049200e+00 8.279200e+00 -5.681400e-01 -7.049000e-01 255 43 1.463200e+01 2.410000e+00 4.473800e+02 4.277100e+02 0
-3.130800e+00 8.290100e+00 -5.686900e-01 -7.049000e-01 256 43 1.437300e+01 2.410000e+00 4.415500e+02 4.276400e+02 0
-3.282800e+00 8.308400e+00 -5.696100e-01 -7.049000e-01 257 43 1.368800e+01 2.410000e+00 4.306800e+02 4.275100e+02 0
-3.435900e+00 8.291100e+00 -5.687400e-01 -7.049000e-01 258 43 1.321000e+01 2.410000e+00 4.186200e+02 4.275300e+02 0
-1.222300e+00 9.288900e+00 2.800200e+00 -7.049000e-01 281 43 1.339100e+01 2.410000e+00 5.962800e+02 2.014400e+02 0
-1.767700e+00 1.089100e+01 4.480400e+00 -7.049000e-01 342 43 1.400400e+01 2.410000e+00 5.784900e+02 1.335000e+02 0
-1.866200e+00 1.122500e+01 3.628300e+00 -7.049000e-01 343 43 1.428700e+01 2.410000e+00 5.767200e+02 1.851700e+02 0
-1.778100e+00 1.139700e+01 3.231200e+00 -7.049000e-01 344 43 1.451300e+01 2.410000e+00 5.834200e+02 2.084800e+02 0
-1.595600e+00 1.141200e+01 3.399400e+00 -7.049000e-01 345 43 1.461300e+01 2.410000e+00 5.934700e+02 1.998200e+02 0
-1.600200e+00 1.138600e+01 3.601600e+00 -7.049000e-01 346 43 1.452100e+01 2.410000e+00 5.929100e+02 1.888900e+02 0
-1.699200e+00 1.140500e+01 3.613600e+00 -7.049000e-01 347 43 1.407400e+01 2.410000e+00 5.876500e+02 1.885900e+02 0
-1.172100e+00 1.147700e+01 4.817800e+00 -7.049000e-01 359 43 1.300500e+01 2.410000e+00 6.163700e+02 1.272600e+02 0
-6.856400e-01 1.175100e+01 4.317300e+00 -7.049000e-01 360 43 1.340700e+01 2.410000e+00 6.442400e+02 1.575800e+02 0
-1.080400e+00 1.193700e+01 3.797000e+00 -7.049000e-01 361 43 1.407400e+01 2.410000e+00 6.245900e+02 1.868200e+02 0
-1.181900e+00 1.196800e+01 3.782500e+00 -7.049000e-01 362 43 1.403700e+01 2.410000e+00 6.194800e+02 1.880400e+02 0
-1.382700e+00 1.187600e+01 4.109100e+00 -7.049000e-01 363 43 1.314700e+01 2.410000e+00 6.082000e+02 1.704500e+02 0
-2.635600e+00 6.666300e+00 1.549300e+00 -6.728600e-01 211 44 1.008600e+01 2.410000e+00 4.274000e+02 2.517500e+02 0
-2.789500e+00 6.539300e+00 2.188700e+00 -6.728600e-01 214 44 1.016600e+01 2.410000e+00 4.080900e+02 1.916800e+02 0
-2.861000e+00 6.458400e+00 2.440900e+00 -6.728600e-01 215 44 1.054700e+01 2.410000e+00 3.979300e+02 1.666200e+02 0
-2.815700e+00 6.654900e+00 2.040000e+00 -6.728600e-01 216 44 1.151600e+01 2.410000e+00 4.104800e+02 2.078400e+02 0
-2.769900e+00 6.759100e+00 1.882900e+00 -6.728600e-01 217 44 1.200900e+01 2.410000e+00 4.188800e+02 2.239300e+02 0
-2.901100e+00 6.798600e+00 1.671600e+00 -6.728600e-01 218 44 1.180600e+01 2.410000e+00 4.084800e+02 2.432800e+02 0
-3.092900e+00 6.798500e+00 -4.933600e-01 -6.728600e-01 219 44 1.159200e+01 2.410000e+00 3.899300e+02 4.353000e+02 0
-3.346100e+00 6.682400e+00 1.626300e+00 -6.728600e-01 220 44 1.132900e+01 2.410000e+00 3.626700e+02 2.455000e+02 0
-2.488300e+00 7.087800e+00 2.640600e+00 -6.728600e-01 229 44 1.272700e+01 2.410000e+00 4.560500e+02 1.667000e+02 0
-2.624200e+00 7.137100e+00 2.476900e+00 -6.728600e-01 230 44 1.308900e+01 2.410000e+00 4.459100e+02 1.816800e+02 0
-2.823900e+00 7.096000e+00 2.488100e+00 -6.728600e-01 231 44 1.275300e+01 2.410000e+00 4.272200e+02 1.798800e+02 0
-2.962200e+00 7.012000e+00 2.671700e+00 -6.728600e-01 232 44 1.251900e+01 2.410000e+00 4.120600e+02 1.624300e+02 0
-2.785100e+00 6.899800e+00 3.206500e+00 -6.728600e-01 233 44 1.254900e+01 2.410000e+00 4.234800e+02 1.136100e+02 0
-3.013500e+00 7.320700e+00 2.163600e+00 -6.728600e-01 236 44 1.322300e+01 2.410000e+00 4.192200e+02 2.117200e+02 0
-2.498700e+00 7.730700e+00 2.197900e+00 -6.728600e-01 242 44 1.377200e+01 2.410000e+00 4.746200e+02 2.166400e+02 0
-2.641100e+00 7.765100e+00 2.038500e+00 -6.728600e-01 243 44 1.422300e+01 2.410000e+00 4.642300e+02 2.295600e+02 0
-2.850900e+00 7.800400e+00 1.745000e+00 -6.728600e-01 244 44 1.418200e+01 2.410000e+00 4.485900e+02 2.526700e+02 0
-2.929200e+00 7.881500e+00 -5.480500e-01 -6.728600e-01 245 44 1.367300e+01 2.410000e+00 4.445100e+02 4.295200e+02 0
-3.118500e+00 8.205500e+00 -5.644100e-01 -6.728600e-01 255 44 1.490000e+01 2.410000e+00 4.399000e+02 428 0
-3.200400e+00 8.178900e+00 -5.630700e-01 -6.728600e-01 256 44 1.452400e+01 2.410000e+00 4.328200e+02 4.280900e+02 0
-3.745300e+00 8.169500e+00 -5.626000e-01 -6.728600e-01 260 44 1.383100e+01 2.410000e+00 3.909700e+02 4.279500e+02 0
-3.759700e+00 8.197600e+00 -5.640200e-01 -6.728600e-01 261 44 1.380300e+01 2.410000e+00 3.909100e+02 4.278200e+02 0
-3.513600e+00 8.549600e+00 2.474800e+00 -6.728600e-01 275 44 1.347900e+01 2.410000e+00 4.221000e+02 2.116200e+02 0
-3.376400e+00 8.670100e+00 2.380000e+00 -6.728600e-01 276 44 1.367300e+01 2.410000e+00 4.355100e+02 2.200900e+02 0
-2.437000e+00 9.731500e+00 4.844700e+00 -6.728600e-01 320 44 1.304600e+01 2.410000e+00 5.225500e+02 8.543200e+01 0
-2.028800e+00 9.890000e+00 6.116200e+00 -6.728600e-01 339 44 1.304900e+01 2.410000e+00 5.502600e+02 1.456400e+01 0
-2.127300e+00 9.670600e+00 6.489600e+00 -6.728600e-01 340 44 1.284200e+01 2.410000e+00 5.407600e+02 -1.529200e+01 0
-2.511200e+00 9.807500e+00 7.095500e+00 -6.728600e-01 355 44 1.216900e+01 2.410000e+00 5.188200e+02 -4.522100e+01 0
-1.953500e-01 1.015000e+01 7.297200e+00 -6.728600e-01 359 44 1.178500e+01 2.410000e+00 6.645000e+02 -4.621000e+01 0
-2.938500e-01 1.004700e+01 7.494100e+00 -6.728600e-01 360 44 1.203000e+01 2.410000e+00 6.580100e+02 -6.147800e+01 0
-4.923400e+00 1.234700e+01 4.407000e+00 -6.728600e-01 402 44 1.238200e+01 2.410000e+00 4.342500e+02 1.650800e+02 0
-4.826000e+00 1.251900e+01 4.132900e+00 -6.728600e-01 403 44 1.233300e+01 2.410000e+00 4.424500e+02 1.805500e+02 0
-2.685800e+00 6.421600e+00 2.721100e+00 -6.408200e-01 215 45 1.029000e+01 2.410000e+00 4.130900e+02 1.397000e+02 0
-2.757000e+00 6.624000e+00 2.213500e+00 -6.408200e-01 216 45 1.115900e+01 2.410000e+00 4.146900e+02 1.915800e+02 0
-2.828800e+00 6.722100e+00 1.927300e+00 -6.408200e-01 217 45 1.151900e+01 2.410000e+00 4.120100e+02 2.193000e+02 0
-2.901100e+00 6.839500e+00 -4.954300e-01 -6.408200e-01 218 45 1.094300e+01 2.410000e+00 4.092200e+02 4.351300e+02 0
-3.092900e+00 6.627900e+00 2.113500e+00 -6.408200e-01 219 45 1.068900e+01 2.410000e+00 3.837300e+02 2.008500e+02 0
-3.226600e+00 6.653700e+00 1.952500e+00 -6.408200e-01 220 45 1.092200e+01 2.410000e+00 3.725000e+02 2.158600e+02 0
-2.674900e+00 7.068800e+00 2.505800e+00 -6.408200e-01 229 45 1.188300e+01 2.410000e+00 4.391600e+02 1.776000e+02 0
-2.811600e+00 7.156500e+00 2.199500e+00 -6.408200e-01 230 45 1.227800e+01 2.410000e+00 4.304000e+02 2.052400e+02 0
-3.263100e+00 7.108600e+00 1.827100e+00 -6.408200e-01 231 45 1.199400e+01 2.410000e+00 3.894600e+02 2.355300e+02 0
-3.151300e+00 6.807700e+00 2.967500e+00 -6.408200e-01 232 45 1.203200e+01 2.410000e+00 3.869900e+02 1.312700e+02 0
-2.911700e+00 7.180300e+00 2.368600e+00 -6.408200e-01 233 45 1.263500e+01 2.410000e+00 4.227300e+02 1.918800e+02 0
-4.043500e+00 7.594700e+00 -5.335700e-01 -6.408200e-01 248 45 1.357600e+01 2.410000e+00 3.438700e+02 4.305000e+02 0
-4.262800e+00 7.446000e+00 -5.260600e-01 -6.408200e-01 249 45 1.362500e+01 2.410000e+00 3.187300e+02 4.311600e+02 0
-4.280000e+00 7.463500e+00 -5.269400e-01 -6.408200e-01 250 45 1.357900e+01 2.410000e+00 3.181800e+02 4.310700e+02 0
-3.830600e+00 8.308300e+00 2.282500e+00 -6.408200e-01 271 45 1.302600e+01 2.410000e+00 3.909000e+02 2.212000e+02 0
-3.992700e+00 8.253600e+00 2.346700e+00 -6.408200e-01 272 45 1.352100e+01 2.410000e+00 3.769400e+02 2.157700e+02 0
-4.007400e+00 8.268100e+00 2.411100e+00 -6.408200e-01 273 45 1.343500e+01 2.410000e+00 3.764300e+02 2.114300e+02 0
-3.798700e+00 8.420000e+00 2.360300e+00 -6.408200e-01 274 45 1.326800e+01 2.410000e+00 3.971900e+02 2.175500e+02 0
-3.663100e+00 8.512900e+00 2.382900e+00 -6.408200e-01 275 45 1.311900e+01 2.410000e+00 4.101400e+02 2.174500e+02 0
-3.676500e+00 8.547500e+00 2.378700e+00 -6.408200e-01 276 45 1.292500e+01 2.410000e+00 4.103100e+02 2.183200e+02 0
-1.899000e+00 7.041800e+00 7.027000e+00 -6.408200e-01 291 45 1.277000e+01 2.410000e+00 5.054800e+02 -1.942400e+02 0
-2.223100e+00 7.467500e+00 6.524900e+00 -6.408200e-01 292 45 1.273500e+01 2.410000e+00 4.896100e+02 -1.250100e+02 0
-2.863200e+00 9.178500e+00 5.558000e+00 -6.408200e-01 319 45 1.317200e+01 2.410000e+00 4.840300e+02 2.451300e+01 0
-2.785100e+00 9.452300e+00 5.197000e+00 -6.408200e-01 320 45 1.310900e+01 2.410000e+00 495 5.608600e+01 0
-1.471100e+00 9.802300e+00 6.345400e+00 -6.408200e-01 338 45 1.208300e+01 2.410000e+00 5.838700e+02 -2.636300e+00 0
-1.936600e+00 9.262900e+00 7.055800e+00 -6.408200e-01 339 45 1.268300e+01 2.410000e+00 5.466600e+02 -6.673600e+01 0
-1.849800e+00 7.961000e+00 8.565200e+00 -6.408200e-01 340 45 1.250400e+01 2.410000e+00 5.297400e+02 -2.411600e+02 0
-5.287600e+00 1.027100e+01 2.745200e+00 -6.408200e-01 341 45 1.229600e+01 2.410000e+00 3.609800e+02 2.214900e+02 0
-2.407800e+00 1.092200e+01 5.186000e+00 -6.408200e-01 354 45 1.198700e+01 2.410000e+00 5.423600e+02 9.661800e+01 0
-2.607800e+00 1.035300e+01 6.233500e+00 -6.408200e-01 355 45 1.186400e+01 2.410000e+00 5.221900e+02 2.372300e+01 0
-3.099400e+00 9.257800e+00 7.641400e+00 -6.408200e-01 356 45 1.150000e+01 2.410000e+00 4.703100e+02 -1.012700e+02 0
-5.454600e+00 9.449800e+00 6.032500e+00 -6.408200e-01 358 45 1.169500e+01 2.410000e+00 3.242700e+02 7.937500e+00 0
-5.567500e+00 9.800400e+00 5.410000e+00 -6.408200e-01 359 45 1.172600e+01 2.410000e+00 3.297000e+02 5.673200e+01 0
-2.938500e-01 7.833900e+00 9.784200e+00 -6.408200e-01 360 45 1.149400e+01 2.410000e+00 6.463400e+02 -3.410900e+02 0
-4.054100e+00 1.131400e+01 5.710400e+00 -6.408200e-01 382 45 1.193900e+01 2.410000e+00 4.582100e+02 7.977200e+01 0
-4.924200e+00 1.136300e+01 5.145900e+00 -6.408200e-01 385 45 1.204500e+01 2.410000e+00 4.124800e+02 1.104900e+02 0
-5.462200e+00 1.093300e+01 5.603900e+00 -6.408200e-01 386 45 1.193100e+01 2.410000e+00 3.721200e+02 7.702000e+01 0
-5.456800e+00 1.204100e+01 4.514300e+00 -6.408200e-01 401 45 1.253500e+01 2.410000e+00 4.008100e+02 1.552500e+02 0
-5.470400e+00 1.202100e+01 4.658400e+00 -6.408200e-01 402 45 1.300500e+01 2.410000e+00 3.996700e+02 1.478900e+02 0
-5.484000e+00 1.203000e+01 4.721500e+00 -6.408200e-01 403 45 1.286100e+01 2.410000e+00 3.992300e+02 1.450100e+02 0
-4.823800e+00 6.004900e+00 -4.532800e-01 -6.087800e-01 222 46 1.024800e+01 2.410000e+00 1.726300e+02 4.400200e+02 0
-4.845600e+00 6.039700e+00 -4.550400e-01 -6.087800e-01 223 46 1.121500e+01 2.410000e+00 1.733900e+02 4.397400e+02 0
-4.867400e+00 6.057600e+00 -4.559400e-01 -6.087800e-01 224 46 1.161400e+01 2.410000e+00 1.727100e+02 4.396000e+02 0
-4.828100e+00 6.128600e+00 -4.595200e-01 -6.087800e-01 225 46 1.138600e+01 2.410000e+00 1.825700e+02 4.390800e+02 0
-4.726900e+00 6.269100e+00 -4.666200e-01 -6.087800e-01 226 46 1.131500e+01 2.410000e+00 2.037300e+02 4.381000e+02 0
-4.686300e+00 6.338100e+00 -4.701000e-01 -6.087800e-01 227 46 1.124400e+01 2.410000e+00 2.129100e+02 4.376300e+02 0
-4.541100e+00 6.535200e+00 -4.800600e-01 -6.087800e-01 229 46 1.167700e+01 2.410000e+00 2.408400e+02 4.363600e+02 0
-4.561000e+00 6.518300e+00 -4.792100e-01 -6.087800e-01 230 46 1.209800e+01 2.410000e+00 2.378100e+02 4.364600e+02 0
-4.241000e+00 6.661600e+00 1.811900e+00 -6.087800e-01 233 46 1.241100e+01 2.410000e+00 2.799300e+02 2.291300e+02 0
-4.322800e+00 6.749500e+00 -4.908800e-01 -6.087800e-01 234 46 1.277800e+01 2.410000e+00 2.749400e+02 4.350800e+02 0
-4.274000e+00 7.049100e+00 1.697100e+00 -6.087800e-01 242 46 1.348200e+01 2.410000e+00 2.992100e+02 2.459200e+02 0
-4.423800e+00 6.963200e+00 1.836100e+00 -6.087800e-01 243 46 1.376700e+01 2.410000e+00 2.815400e+02 2.328000e+02 0
-4.398200e+00 7.273400e+00 1.663300e+00 -6.087800e-01 249 46 1.348300e+01 2.410000e+00 3.007000e+02 2.522300e+02 0
-4.415900e+00 7.277700e+00 1.775800e+00 -6.087800e-01 250 46 1.355500e+01 2.410000e+00 2.995600e+02 2.431600e+02 0
-4.297200e+00 7.345700e+00 1.950000e+00 -6.087800e-01 251 46 1.328800e+01 2.410000e+00 3.131200e+02 2.301500e+02 0
-4.298000e+00 7.781800e+00 2.813700e+00 -6.087800e-01 268 46 1.261000e+01 2.410000e+00 3.346100e+02 1.720100e+02 0
-4.702600e+00 8.302100e+00 1.794200e+00 -6.087800e-01 279 46 1.170600e+01 2.410000e+00 3.261800e+02 2.563100e+02 0
-1.984900e+00 6.825600e+00 7.263000e+00 -6.087800e-01 292 46 1.167400e+01 2.410000e+00 4.921800e+02 -2.302400e+02 0
-3.036700e+00 9.041700e+00 5.688700e+00 -6.087800e-01 319 46 1.240100e+01 2.410000e+00 4.692700e+02 1.141700e+01 0
-3.307300e+00 9.298400e+00 5.168400e+00 -6.087800e-01 320 46 1.218300e+01 2.410000e+00 4.575200e+02 5.348300e+01 0
-4.304800e+00 9.457600e+00 4.298800e+00 -6.087800e-01 323 46 1.248700e+01 2.410000e+00 3.969900e+02 1.128800e+02 0
-4.494500e+00 9.419300e+00 4.280300e+00 -6.087800e-01 324 46 1.249700e+01 2.410000e+00 3.835800e+02 1.132000e+02 0
-5.087900e+00 8.969800e+00 5.375900e+00 -6.087800e-01 334 46 1.256800e+01 2.410000e+00 3.292800e+02 3.116800e+01 0
-4.738700e+00 9.245800e+00 5.302700e+00 -6.087800e-01 335 46 1.242200e+01 2.410000e+00 3.624600e+02 4.488300e+01 0
-5.792600e+00 8.740500e+00 5.344400e+00 -6.087800e-01 338 46 1.228700e+01 2.410000e+00 2.718600e+02 2.571600e+01 0
-5.762300e+00 1.080700e+01 5.463100e+00 -6.087800e-01 385 46 1.217100e+01 2.410000e+00 3.516600e+02 8.156700e+01 0
-5.882400e+00 1.061400e+01 5.789500e+00 -6.087800e-01 386 46 1.218500e+01 2.410000e+00 3.390200e+02 5.900600e+01 0
-6.034100e+00 1.070100e+01 5.717300e+00 -6.087800e-01 389 46 1.266100e+01 2.410000e+00 3.332400e+02 6.540300e+01 0
-6.049600e+00 1.029700e+01 6.474700e+00 -6.087800e-01 390 46 1.286600e+01 2.410000e+00 3.192000e+02 1.204600e+01 0
-6.220700e+00 1.105600e+01 5.848100e+00 -6.087800e-01 401 46 1.193100e+01 2.410000e+00 3.343400e+02 6.794300e+01 0
-5.908000e+00 1.142400e+01 5.540900e+00 -6.087800e-01 402 46 1.247800e+01 2.410000e+00 3.618900e+02 9.240600e+01 0
-5.813100e+00 1.157900e+01 5.407000e+00 -6.087800e-01 403 46 1.240500e+01 2.410000e+00 3.710900e+02 1.025300e+02 0
-5.827600e+00 1.159200e+01 5.453000e+00 -6.087800e-01 404 46 1.194700e+01 2.410000e+00 3.707100e+02 1.005400e+02 0
-4.732900e+00 5.166100e+00 2.045900e+00 -5.767400e-01 210 47 1.050600e+01 2.410000e+00 1.074700e+02 1.659500e+02 0
-4.780100e+00 5.970000e+00 -4.515100e-01 -5.767400e-01 220 47 1.125000e+01 2.410000e+00 1.740800e+02 4.403200e+02 0
-4.542800e+00 6.208000e+00 -4.635300e-01 -5.767400e-01 223 47 1.153100e+01 2.410000e+00 2.171100e+02 4.386300e+02 0
-4.441500e+00 6.345300e+00 -4.704700e-01 -5.767400e-01 224 47 1.206300e+01 2.410000e+00 2.370700e+02 4.377000e+02 0
-4.461500e+00 6.402200e+00 -4.733400e-01 -5.767400e-01 225 47 1.227700e+01 2.410000e+00 2.391800e+02 4.372900e+02 0
-4.665500e+00 6.274000e+00 -4.668700e-01 -5.767400e-01 226 47 1.268400e+01 2.410000e+00 2.100900e+02 4.380900e+02 0
-4.747900e+00 6.222200e+00 -4.642500e-01 -5.767400e-01 227 47 1.260000e+01 2.410000e+00 1.980200e+02 4.384300e+02 0
-4.498600e+00 6.583400e+00 -4.824900e-01 -5.767400e-01 230 47 1.235800e+01 2.410000e+00 2.480900e+02 4.360600e+02 0
-4.704300e+00 6.440200e+00 1.614400e+00 -5.767400e-01 234 47 1.323000e+01 2.410000e+00 2.222400e+02 2.430200e+02 0
-5.022400e+00 6.408800e+00 -4.736700e-01 -5.767400e-01 237 47 1.334100e+01 2.410000e+00 1.861100e+02 4.369800e+02 0
-4.423800e+00 6.812100e+00 2.335100e+00 -5.767400e-01 243 47 1.296800e+01 2.410000e+00 2.732400e+02 1.869400e+02 0
-4.574700e+00 6.798500e+00 2.206900e+00 -5.767400e-01 244 47 1.298700e+01 2.410000e+00 2.588500e+02 1.977600e+02 0
-4.832000e+00 6.771700e+00 2.977100e+00 -5.767400e-01 254 47 1.223700e+01 2.410000e+00 2.354100e+02 1.309900e+02 0
-4.851100e+00 6.951400e+00 2.613600e+00 -5.767400e-01 255 47 1.275400e+01 2.410000e+00 2.447300e+02 1.672400e+02 0
-4.870200e+00 6.931700e+00 2.745900e+00 -5.767400e-01 256 47 1.227900e+01 2.410000e+00 2.420200e+02 1.556000e+02 0
-4.645900e+00 7.381300e+00 2.261900e+00 -5.767400e-01 259 47 1.190300e+01 2.410000e+00 2.865500e+02 2.060700e+02 0
-4.858700e+00 8.395700e+00 5.407300e+00 -5.767400e-01 319 47 1.103900e+01 2.410000e+00 3.216900e+02 6.981800e+00 0
-4.612900e+00 8.224700e+00 5.931900e+00 -5.767400e-01 320 47 1.079400e+01 2.410000e+00 3.325200e+02 -3.682200e+01 0
-4.568400e+00 9.191200e+00 4.594300e+00 -5.767400e-01 323 47 1.159300e+01 2.410000e+00 3.713900e+02 8.742400e+01 0
-4.847000e+00 8.957400e+00 4.849200e+00 -5.767400e-01 324 47 1.189100e+01 2.410000e+00 3.446200e+02 6.430500e+01 0
-4.862000e+00 8.356000e+00 5.879700e+00 -5.767400e-01 325 47 1.195800e+01 2.410000e+00 3.201200e+02 -2.688800e+01 0
-4.877000e+00 7.782100e+00 6.669200e+00 -5.767400e-01 326 47 1.198100e+01 2.410000e+00 2.933800e+02 -1.115200e+02 0
-4.892000e+00 7.518000e+00 7.011800e+00 -5.767400e-01 327 47 1.154500e+01 2.410000e+00 2.791900e+02 -1.528000e+02 0
-5.867100e+00 8.334400e+00 5.814300e+00 -5.767400e-01 337 47 1.270800e+01 2.410000e+00 2.473800e+02 -2.195700e+01 0
-5.884600e+00 8.686200e+00 5.332500e+00 -5.767400e-01 338 47 1.295900e+01 2.410000e+00 2.630100e+02 2.458900e+01 0
-6.815000e+00 9.845900e+00 4.054700e+00 -5.767400e-01 363 47 1.263300e+01 2.410000e+00 2.542200e+02 1.386600e+02 0
-6.833800e+00 9.808100e+00 4.220300e+00 -5.767400e-01 364 47 1.276500e+01 2.410000e+00 2.515900e+02 1.280500e+02 0
-6.951900e+00 9.820000e+00 4.103000e+00 -5.767400e-01 365 47 1.253000e+01 2.410000e+00 2.448000e+02 1.353300e+02 0
-7.170200e+00 9.400500e+00 4.765000e+00 -5.767400e-01 366 47 1.228700e+01 2.410000e+00 2.123900e+02 8.517500e+01 0
-6.890300e+00 9.265200e+00 5.482500e+00 -5.767400e-01 367 47 1.267300e+01 2.410000e+00 2.244100e+02 3.668200e+01 0
-6.909100e+00 9.452500e+00 5.214000e+00 -5.767400e-01 368 47 1.229100e+01 2.410000e+00 2.318600e+02 5.914100e+01 0
-6.705300e+00 1.104300e+01 3.596900e+00 -5.767400e-01 385 47 1.162400e+01 2.410000e+00 3.061300e+02 1.863000e+02 0
-6.827800e+00 1.088400e+01 3.963300e+00 -5.767400e-01 386 47 1.152200e+01 2.410000e+00 2.940800e+02 1.642100e+02 0
-6.034100e+00 1.026500e+01 6.467900e+00 -5.767400e-01 389 47 1.160300e+01 2.410000e+00 3.189500e+02 1.134300e+01 0
-6.261900e+00 9.798300e+00 7.024100e+00 -5.767400e-01 390 47 1.198400e+01 2.410000e+00 2.884300e+02 -3.666000e+01 0
-6.278000e+00 9.634200e+00 7.299000e+00 -5.767400e-01 391 47 1.157600e+01 2.410000e+00 2.810700e+02 -5.926400e+01 0
-6.017400e+00 1.104700e+01 6.153300e+00 -5.767400e-01 402 47 1.117000e+01 2.410000e+00 3.452800e+02 5.163400e+01 0
-5.703400e+00 1.097800e+01 6.637500e+00 -5.767400e-01 403 47 1.128200e+01 2.410000e+00 3.605700e+02 2.411400e+01 0
-5.717600e+00 1.117000e+01 6.374100e+00 -5.767400e-01 404 47 1.102800e+01 2.410000e+00 3.652100e+02 4.327100e+01 0
-2.308200e+00 2.306000e+00 -2.664600e-01 -5.447000e-01 95 48 9.784900e+00 2.410000e+00 1.125900e+01 5.193500e+02 0
-2.332800e+00 2.260100e+00 -2.641500e-01 -5.447000e-01 96 48 9.769400e+00 2.410000e+00 -9.198100e+00 5.218600e+02 0
-4.710300e+00 5.486800e+00 -4.271100e-01 -5.447000e-01 209 48 1.027700e+01 2.410000e+00 1.367500e+02 4.445000e+02 0
-4.904000e+00 5.315300e+00 -4.184500e-01 -5.447000e-01 210 48 1.122000e+01 2.410000e+00 9.696600e+01 4.460300e+02 0
-4.984800e+00 5.255700e+00 -4.154400e-01 -5.447000e-01 211 48 1.138700e+01 2.410000e+00 8.101500e+01 4.465700e+02 0
-4.950900e+00 5.336400e+00 -4.195100e-01 -5.447000e-01 212 48 1.081800e+01 2.410000e+00 9.396400e+01 4.457900e+02 0
-5.421800e+00 5.229200e+00 -4.141000e-01 -5.447000e-01 217 48 1.143800e+01 2.410000e+00 2.758800e+01 4.465700e+02 0
-5.269300e+00 5.407400e+00 -4.231000e-01 -5.447000e-01 218 48 1.224400e+01 2.410000e+00 6.611700e+01 4.449100e+02 0
-4.780100e+00 5.920000e+00 -4.489900e-01 -5.447000e-01 220 48 1.176900e+01 2.410000e+00 1.697500e+02 4.407200e+02 0
-5.102100e+00 5.669100e+00 -4.363100e-01 -5.447000e-01 221 48 1.203300e+01 2.410000e+00 1.124300e+02 4.426400e+02 0
-5.245900e+00 5.326900e+00 1.916700e+00 -5.447000e-01 222 48 1.223700e+01 2.410000e+00 6.700900e+01 1.862900e+02 0
-5.209000e+00 5.386900e+00 1.989000e+00 -5.447000e-01 223 48 1.259100e+01 2.410000e+00 7.802400e+01 1.803400e+02 0
-5.033900e+00 5.803800e+00 1.649300e+00 -5.447000e-01 226 48 1.275300e+01 2.410000e+00 1.379900e+02 2.270300e+02 0
-4.994600e+00 5.850700e+00 1.765800e+00 -5.447000e-01 227 48 1.265400e+01 2.410000e+00 1.466100e+02 2.163900e+02 0
-5.063900e+00 6.068400e+00 1.782400e+00 -5.447000e-01 233 48 1.284600e+01 2.410000e+00 1.588700e+02 2.199100e+02 0
-5.085700e+00 6.161900e+00 1.542500e+00 -5.447000e-01 234 48 1.325600e+01 2.410000e+00 1.641200e+02 2.448700e+02 0
-5.414500e+00 6.381100e+00 1.781300e+00 -5.447000e-01 246 48 1.314300e+01 2.410000e+00 1.514200e+02 2.269800e+02 0
-5.345400e+00 6.203800e+00 2.819900e+00 -5.447000e-01 249 48 1.264100e+01 2.410000e+00 1.453400e+02 1.258400e+02 0
-5.095300e+00 6.344100e+00 3.067500e+00 -5.447000e-01 250 48 1.321400e+01 2.410000e+00 1.809900e+02 1.080400e+02 0
-5.115700e+00 6.241000e+00 3.332600e+00 -5.447000e-01 251 48 1.311000e+01 2.410000e+00 1.714200e+02 7.957500e+01 0
-5.136200e+00 6.130400e+00 3.588300e+00 -5.447000e-01 252 48 1.268100e+01 2.410000e+00 1.609300e+02 5.081700e+01 0
-4.908400e+00 6.952800e+00 2.850000e+00 -5.447000e-01 258 48 1.151200e+01 2.410000e+00 2.401900e+02 1.475200e+02 0
-5.349800e+00 6.704600e+00 2.759000e+00 -5.447000e-01 259 48 1.230600e+01 2.410000e+00 1.844100e+02 1.481500e+02 0
-5.582500e+00 6.435300e+00 3.039100e+00 -5.447000e-01 260 48 1.190700e+01 2.410000e+00 1.429300e+02 1.146300e+02 0
-5.143000e+00 8.037600e+00 6.145800e+00 -5.447000e-01 326 48 1.090900e+01 2.410000e+00 2.853900e+02 -5.995600e+01 0
-5.336700e+00 7.861700e+00 6.271400e+00 -5.447000e-01 327 48 1.087200e+01 2.410000e+00 2.622200e+02 -7.765400e+01 0
-5.744900e+00 8.031300e+00 5.874500e+00 -5.447000e-01 330 48 1.136500e+01 2.410000e+00 2.403700e+02 -4.021700e+01 0
-5.942400e+00 8.149200e+00 5.576500e+00 -5.447000e-01 331 48 1.172400e+01 2.410000e+00 2.319300e+02 -1.364000e+01 0
-6.412000e+00 8.287900e+00 4.880800e+00 -5.447000e-01 332 48 1.126200e+01 2.410000e+00 2.048600e+02 4.079500e+01 0
-5.884600e+00 8.543400e+00 5.558300e+00 -5.447000e-01 338 48 1.212400e+01 2.410000e+00 2.563500e+02 4.111300e+00 0
-7.010900e+00 8.943900e+00 4.687400e+00 -5.447000e-01 353 48 1.240700e+01 2.410000e+00 1.992900e+02 7.643600e+01 0
-7.223400e+00 9.329700e+00 3.571800e+00 -5.447000e-01 354 48 1.259900e+01 2.410000e+00 2.040500e+02 1.570100e+02 0
-7.533600e+00 9.474900e+00 2.512300e+00 -5.447000e-01 355 48 1.226700e+01 2.410000e+00 1.904300e+02 2.254000e+02 0
-7.361200e+00 9.339200e+00 3.506600e+00 -5.447000e-01 356 48 1.256200e+01 2.410000e+00 1.956500e+02 1.613600e+02 0
-7.284800e+00 9.183000e+00 4.144400e+00 -5.447000e-01 357 48 1.288900e+01 2.410000e+00 1.932500e+02 1.178500e+02 0
-7.402600e+00 9.055400e+00 4.317600e+00 -5.447000e-01 358 48 1.268500e+01 2.410000e+00 1.789700e+02 1.036300e+02 0
-7.091600e+00 1.016400e+01 2.311300e+00 -5.447000e-01 362 48 1.192500e+01 2.410000e+00 2.495900e+02 2.458600e+02 0
-6.913700e+00 9.966000e+00 3.564500e+00 -5.447000e-01 363 48 1.265900e+01 2.410000e+00 2.529400e+02 1.699200e+02 0
-7.130900e+00 9.718800e+00 3.925000e+00 -5.447000e-01 364 48 1.265400e+01 2.410000e+00 2.290800e+02 1.437900e+02 0
-7.249900e+00 9.635700e+00 4.023700e+00 -5.447000e-01 365 48 1.229600e+01 2.410000e+00 2.179500e+02 1.361300e+02 0
-7.189800e+00 9.317500e+00 4.986700e+00 -5.447000e-01 367 48 1.172400e+01 2.410000e+00 2.072800e+02 6.917800e+01 0
-7.244900e+00 1.056000e+01 2.570100e+00 -5.447000e-01 375 48 1.108500e+01 2.410000e+00 2.572400e+02 2.357200e+02 0
-2.309000e+00 2.277700e+00 -2.650400e-01 -5.126600e-01 94 49 1.023300e+01 2.410000e+00 2.593900e+00 5.209200e+02 0
-2.333900e+00 2.285000e+00 -2.654000e-01 -5.126600e-01 95 49 1.081800e+01 2.410000e+00 -1.867800e+00 5.204500e+02 0
-2.358700e+00 2.290000e+00 -2.656600e-01 -5.126600e-01 96 49 1.045700e+01 2.410000e+00 -6.962700e+00 5.201100e+02 0
-4.513800e+00 4.569900e+00 -3.808000e-01 -5.126600e-01 189 49 1.051300e+01 2.410000e+00 5.291700e+01 4.548700e+02 0
-4.897200e+00 4.431200e+00 -3.738000e-01 -5.126600e-01 194 49 1.100200e+01 2.410000e+00 -1.881500e+01 4.564800e+02 0
-4.922500e+00 4.430200e+00 -3.737400e-01 -5.126600e-01 195 49 1.080000e+01 2.410000e+00 -2.241500e+01 4.564700e+02 0
-5.050800e+00 4.959000e+00 1.632200e+00 -5.126600e-01 209 49 1.111400e+01 2.410000e+00 4.445000e+01 2.068700e+02 0
-5.075100e+00 5.005600e+00 1.569300e+00 -5.126600e-01 210 49 1.212600e+01 2.410000e+00 4.719000e+01 2.156100e+02 0
-5.099300e+00 5.041900e+00 1.536700e+00 -5.126600e-01 211 49 1.211500e+01 2.410000e+00 4.872700e+01 2.204200e+02 0
-5.123600e+00 5.107200e+00 -4.079400e-01 -5.126600e-01 212 49 1.145100e+01 2.410000e+00 4.712300e+01 4.480200e+02 0
-5.032200e+00 5.199600e+00 1.567200e+00 -5.126600e-01 213 49 1.095300e+01 2.410000e+00 7.543300e+01 2.210900e+02 0
-5.114100e+00 5.203900e+00 -4.128200e-01 -5.126600e-01 214 49 1.173500e+01 2.410000e+00 6.002000e+01 4.470200e+02 0
-5.254900e+00 5.219300e+00 -4.136000e-01 -5.126600e-01 215 49 1.211600e+01 2.410000e+00 4.560400e+01 4.467700e+02 0
-5.009300e+00 5.600900e+00 -4.328700e-01 -5.126600e-01 217 49 1.249000e+01 2.410000e+00 1.155100e+02 4.432900e+02 0
-5.210100e+00 5.458200e+00 -4.256600e-01 -5.126600e-01 218 49 1.337600e+01 2.410000e+00 7.839600e+01 4.444700e+02 0
-5.293600e+00 5.412200e+00 -4.233400e-01 -5.126600e-01 219 49 1.304200e+01 2.410000e+00 6.395100e+01 4.448500e+02 0
-5.536400e+00 5.341700e+00 2.053200e+00 -5.126600e-01 229 49 1.311700e+01 2.410000e+00 3.698300e+01 1.722400e+02 0
-5.435800e+00 5.280200e+00 2.555500e+00 -5.126600e-01 230 49 1.283200e+01 2.410000e+00 4.256800e+01 1.151500e+02 0
-5.403600e+00 5.800900e+00 1.834000e+00 -5.126600e-01 234 49 1.310200e+01 2.410000e+00 1.001800e+02 2.086200e+02 0
-5.502900e+00 5.785200e+00 2.875400e+00 -5.126600e-01 244 49 1.316100e+01 2.410000e+00 9.128600e+01 1.041200e+02 0
-5.592100e+00 5.909300e+00 2.534100e+00 -5.126600e-01 245 49 1.254800e+01 2.410000e+00 9.360900e+01 1.427200e+02 0
-5.772200e+00 6.117200e+00 1.751900e+00 -5.126600e-01 247 49 1.225000e+01 2.410000e+00 9.381700e+01 2.243900e+02 0
-5.593500e+00 6.030800e+00 2.598400e+00 -5.126600e-01 248 49 1.229300e+01 2.410000e+00 1.052900e+02 1.408100e+02 0
-5.210100e+00 6.095400e+00 3.273100e+00 -5.126600e-01 249 49 1.231800e+01 2.410000e+00 1.501300e+02 7.883100e+01 0
-5.163200e+00 6.188700e+00 3.265000e+00 -5.126600e-01 250 49 1.254500e+01 2.410000e+00 1.624800e+02 8.362000e+01 0
-5.183900e+00 6.170000e+00 3.359400e+00 -5.126600e-01 251 49 1.251700e+01 2.410000e+00 1.591400e+02 7.405500e+01 0
-4.698000e+00 6.525200e+00 3.988300e+00 -5.126600e-01 258 49 1.104400e+01 2.410000e+00 2.325300e+02 3.314000e+01 0
-5.349800e+00 6.615900e+00 2.965300e+00 -5.126600e-01 259 49 1.190300e+01 2.410000e+00 1.782000e+02 1.273300e+02 0
-5.511900e+00 6.414000e+00 3.208400e+00 -5.126600e-01 260 49 1.195400e+01 2.410000e+00 1.480700e+02 9.856000e+01 0
-5.675000e+00 6.194000e+00 3.446000e+00 -5.126600e-01 261 49 1.140700e+01 2.410000e+00 1.144700e+02 6.782000e+01 0
-5.497100e+00 5.728400e+00 5.465700e+00 -5.126600e-01 277 49 1.087300e+01 2.410000e+00 9.325600e+01 -1.532700e+02 0
-5.992600e+00 6.496800e+00 4.873000e+00 -5.126600e-01 290 49 1.141900e+01 2.410000e+00 1.147700e+02 -4.325600e+01 0
-6.171600e+00 6.756700e+00 4.339300e+00 -5.126600e-01 291 49 1.132300e+01 2.410000e+00 1.192900e+02 1.655900e+01 0
-7.425600e+00 8.123500e+00 4.069600e+00 -5.126600e-01 337 49 1.120700e+01 2.410000e+00 1.203800e+02 9.277200e+01 0
-6.987900e+00 8.098200e+00 4.909200e+00 -5.126600e-01 338 49 1.086400e+01 2.410000e+00 1.519500e+02 3.230500e+01 0
-6.363100e+00 7.638900e+00 6.363400e+00 -5.126600e-01 339 49 1.066300e+01 2.410000e+00 1.713900e+02 -9.475000e+01 0
-6.936900e+00 8.141200e+00 5.075600e+00 -5.126600e-01 340 49 1.165100e+01 2.410000e+00 1.586400e+02 2.227900e+01 0
-6.957400e+00 7.747300e+00 5.706500e+00 -5.126600e-01 341 49 1.219400e+01 2.410000e+00 1.323200e+02 -4.010000e+01 0
-6.791800e+00 7.447100e+00 6.342900e+00 -5.126600e-01 342 49 1.210900e+01 2.410000e+00 1.250700e+02 -1.035300e+02 0
-6.998300e+00 7.493700e+00 6.125500e+00 -5.126600e-01 343 49 1.163300e+01 2.410000e+00 1.119600e+02 -8.421700e+01 0
-7.486700e+00 8.442400e+00 4.020400e+00 -5.126600e-01 344 49 1.150400e+01 2.410000e+00 1.367900e+02 1.059300e+02 0
-7.187700e+00 9.399200e+00 3.816400e+00 -5.126600e-01 357 49 1.207300e+01 2.410000e+00 2.101100e+02 1.433700e+02 0
-7.305200e+00 9.036900e+00 4.517700e+00 -5.126600e-01 358 49 1.235800e+01 2.410000e+00 1.846200e+02 9.031500e+01 0
-7.423400e+00 8.899700e+00 4.690700e+00 -5.126600e-01 359 49 1.218300e+01 2.410000e+00 1.694700e+02 7.526500e+01 0
-7.542100e+00 8.693500e+00 4.972800e+00 -5.126600e-01 360 49 1.205500e+01 2.410000e+00 1.499400e+02 5.036200e+01 0
-7.464900e+00 8.461300e+00 5.545000e+00 -5.126600e-01 361 49 1.200500e+01 2.410000e+00 1.419900e+02 3.729300e+00 0
-7.387100e+00 9.213300e+00 4.414700e+00 -5.126600e-01 362 49 1.162800e+01 2.410000e+00 1.885800e+02 1.018100e+02 0
-7.210000e+00 9.461000e+00 4.281500e+00 -5.126600e-01 363 49 1.179800e+01 2.410000e+00 2.122900e+02 1.163400e+02 0
-7.229900e+00 9.127300e+00 5.013100e+00 -5.126600e-01 364 49 1.166600e+01 2.410000e+00 1.949900e+02 6.171100e+01 0
-7.150500e+00 8.648200e+00 5.972900e+00 -5.126600e-01 365 49 1.156500e+01 2.410000e+00 1.753600e+02 -1.729800e+01 0
-7.070600e+00 8.298100e+00 6.605600e+00 -5.126600e-01 366 49 1.166100e+01 2.410000e+00 1.612000e+02 -7.547400e+01 0
-2.333900e+00 2.283200e+00 -2.653100e-01 -4.806200e-01 95 50 1.027500e+01 2.410000e+00 -2.400400e+00 5.205500e+02 0
-2.384600e+00 2.270800e+00 -2.646800e-01 -4.806200e-01 96 50 9.876600e+00 2.410000e+00 -1.986100e+01 5.211200e+02 0
-4.843200e+00 4.095300e+00 -3.568300e-01 -4.806200e-01 184 50 1.069700e+01 2.410000e+00 -6.813500e+01 4.616500e+02 0
-4.769200e+00 4.236100e+00 -3.639400e-01 -4.806200e-01 185 50 1.133300e+01 2.410000e+00 -3.287000e+01 4.594700e+02 0
-4.744700e+00 4.365000e+00 -3.704500e-01 -4.806200e-01 186 50 1.095400e+01 2.410000e+00 -8.458600e+00 4.575500e+02 0
-4.616400e+00 4.478200e+00 -3.761700e-01 -4.806200e-01 189 50 1.079800e+01 2.410000e+00 2.620700e+01 4.560400e+02 0
-4.692500e+00 4.413600e+00 -3.729100e-01 -4.806200e-01 190 50 1.097100e+01 2.410000e+00 6.239600e+00 4.568900e+02 0
-4.976600e+00 4.230100e+00 1.516800e+00 -4.806200e-01 193 50 1.197200e+01 2.410000e+00 -5.335000e+01 1.969200e+02 0
-5.002500e+00 4.237100e+00 1.566100e+00 -4.806200e-01 194 50 1.243900e+01 2.410000e+00 -5.550500e+01 1.904600e+02 0
-5.028400e+00 4.242700e+00 1.617600e+00 -4.806200e-01 195 50 1.240000e+01 2.410000e+00 -5.786100e+01 1.836800e+02 0
-5.054300e+00 4.301000e+00 1.527100e+00 -4.806200e-01 196 50 1.193200e+01 2.410000e+00 -5.206100e+01 1.982200e+02 0
-4.973300e+00 4.478000e+00 -3.761600e-01 -4.806200e-01 197 50 1.163100e+01 2.410000e+00 -2.171600e+01 4.557600e+02 0
-5.114100e+00 5.151600e+00 1.625100e+00 -4.806200e-01 214 50 1.180500e+01 2.410000e+00 6.061500e+01 2.133300e+02 0
-5.196500e+00 5.228400e+00 -4.140600e-01 -4.806200e-01 215 50 1.229600e+01 2.410000e+00 5.343600e+01 4.467200e+02 0
-5.396700e+00 5.132700e+00 -4.092300e-01 -4.806200e-01 216 50 1.205500e+01 2.410000e+00 1.826300e+01 4.475800e+02 0
-5.210100e+00 5.410600e+00 -4.232600e-01 -4.806200e-01 218 50 1.278200e+01 2.410000e+00 7.308100e+01 4.449200e+02 0
-5.536400e+00 5.212400e+00 2.362300e+00 -4.806200e-01 229 50 1.311600e+01 2.410000e+00 2.241700e+01 1.335000e+02 0
-5.560700e+00 5.171600e+00 2.508300e+00 -4.806200e-01 230 50 1.294700e+01 2.410000e+00 1.512100e+01 1.155900e+02 0
-5.282100e+00 5.532300e+00 3.594300e+00 -4.806200e-01 243 50 1.255100e+01 2.410000e+00 9.045000e+01 1.835000e+01 0
-5.635500e+00 5.572000e+00 3.035200e+00 -4.806200e-01 244 50 1.334500e+01 2.410000e+00 5.569900e+01 7.845400e+01 0
-5.791800e+00 5.610400e+00 2.755200e+00 -4.806200e-01 245 50 1.298700e+01 2.410000e+00 4.264400e+01 1.091100e+02 0
-5.839300e+00 6.036900e+00 1.807300e+00 -4.806200e-01 247 50 1.179900e+01 2.410000e+00 7.963900e+01 2.173200e+02 0
-5.593200e+00 6.246900e+00 2.433000e+00 -4.806200e-01 251 50 1.177800e+01 2.410000e+00 1.245500e+02 1.635300e+02 0
-7.700600e+00 8.228300e+00 3.269200e+00 -4.806200e-01 337 50 1.105200e+01 2.410000e+00 1.062000e+02 1.522400e+02 0
-7.539600e+00 8.346100e+00 3.465400e+00 -4.806200e-01 338 50 1.075200e+01 2.410000e+00 1.259300e+02 1.414000e+02 0
-7.306900e+00 8.938900e+00 2.620600e+00 -4.806200e-01 340 50 1.093200e+01 2.410000e+00 1.765300e+02 2.102900e+02 0
-6.586300e+00 8.850300e+00 4.391300e+00 -4.806200e-01 341 50 1.080600e+01 2.410000e+00 2.224100e+02 9.235100e+01 0
-7.229900e+00 8.983700e+00 5.266100e+00 -4.806200e-01 364 50 1.060300e+01 2.410000e+00 1.876900e+02 4.103700e+01 0
-7.150500e+00 8.707700e+00 5.885800e+00 -4.806200e-01 365 50 1.097000e+01 2.410000e+00 1.786100e+02 -9.168200e+00 0
-7.070600e+00 8.487300e+00 6.360800e+00 -4.806200e-01 366 50 1.125900e+01 2.410000e+00 1.721000e+02 -5.001300e+01 0
-7.189800e+00 7.960300e+00 6.951100e+00 -4.806200e-01 367 50 1.094000e+01 2.410000e+00 1.317000e+02 -1.170100e+02 0
-4.893100e+00 4.012600e+00 -3.526600e-01 -4.485700e-01 184 51 1.037100e+01 2.410000e+00 -9.092200e+01 463 0
-4.919800e+00 4.062900e+00 -3.552000e-01 -4.485700e-01 185 51 1.104800e+01 2.410000e+00 -8.533700e+01 4.621200e+02 0
-4.946600e+00 4.150500e+00 -3.596200e-01 -4.485700e-01 186 51 1.064000e+01 2.410000e+00 -7.309100e+01 4.606600e+02 0
-5.054900e+00 3.945700e+00 1.836700e+00 -4.485700e-01 192 51 1.101800e+01 2.410000e+00 -1.146500e+02 1.389500e+02 0
-5.029000e+00 4.081700e+00 1.735000e+00 -4.485700e-01 193 51 1.169600e+01 2.410000e+00 -8.573400e+01 1.603600e+02 0
-5.055100e+00 4.093000e+00 1.767300e+00 -4.485700e-01 194 51 1.212400e+01 2.410000e+00 -8.722700e+01 1.563800e+02 0
-5.081300e+00 4.096600e+00 1.816600e+00 -4.485700e-01 195 51 1.221200e+01 2.410000e+00 -9.000700e+01 1.496800e+02 0
-5.107500e+00 4.209000e+00 1.604400e+00 -4.485700e-01 196 51 1.180100e+01 2.410000e+00 -7.471800e+01 1.842200e+02 0
-5.729600e+00 4.552200e+00 -3.799100e-01 -4.485700e-01 211 51 1.271600e+01 2.410000e+00 -1.094100e+02 4.541700e+02 0
-5.756900e+00 4.587700e+00 -3.817000e-01 -4.485700e-01 212 51 1.299000e+01 2.410000e+00 -1.068900e+02 4.536800e+02 0
-5.668500e+00 4.755800e+00 -3.901900e-01 -4.485700e-01 213 51 1.249300e+01 2.410000e+00 -6.820600e+01 4.516400e+02 0
-5.942400e+00 4.811500e+00 -3.930100e-01 -4.485700e-01 221 51 1.325400e+01 2.410000e+00 -9.346100e+01 4.507800e+02 0
-5.969400e+00 4.808600e+00 -3.928600e-01 -4.485700e-01 222 51 1.324700e+01 2.410000e+00 -9.726000e+01 4.508000e+02 0
-6.131500e+00 4.613500e+00 1.991700e+00 -4.485700e-01 228 51 1.271600e+01 2.410000e+00 -1.374600e+02 1.520500e+02 0
-6.220700e+00 4.622200e+00 1.827500e+00 -4.485700e-01 229 51 1.308000e+01 2.410000e+00 -1.480500e+02 1.729000e+02 0
-6.310500e+00 4.607900e+00 1.704200e+00 -4.485700e-01 230 51 1.280900e+01 2.410000e+00 -1.625000e+02 1.878200e+02 0
-5.912100e+00 4.816500e+00 2.839100e+00 -4.485700e-01 234 51 1.230500e+01 2.410000e+00 -7.354200e+01 5.980000e+01 0
-5.873700e+00 4.991100e+00 2.715000e+00 -4.485700e-01 235 51 1.237800e+01 2.410000e+00 -4.404900e+01 8.393800e+01 0
-5.898800e+00 4.952600e+00 2.833900e+00 -4.485700e-01 236 51 1.234700e+01 2.410000e+00 -5.194900e+01 6.826400e+01 0
-3.013800e+00 7.707200e+00 -5.392500e-01 -4.485700e-01 264 51 1.093100e+01 2.410000e+00 4.320300e+02 4.303200e+02 0
-6.753300e+00 4.803700e+00 4.642300e+00 -4.485700e-01 273 51 1.060600e+01 2.410000e+00 -1.664900e+02 -1.478000e+02 0
-8.412100e+00 6.485900e+00 4.287400e+00 -4.485700e-01 329 51 1.090900e+01 2.410000e+00 -1.036900e+02 1.105700e+01 0
-8.796900e+00 6.286900e+00 3.886500e+00 -4.485700e-01 330 51 1.096600e+01 2.410000e+00 -1.639400e+02 3.692100e+01 0
-8.308500e+00 6.075500e+00 5.261300e+00 -4.485700e-01 332 51 1.134000e+01 2.410000e+00 -1.405600e+02 -1.001400e+02 0
-8.514700e+00 6.715200e+00 4.103600e+00 -4.485700e-01 333 51 1.097300e+01 2.410000e+00 -8.739300e+01 3.790500e+01 0
-8.466400e+00 5.483600e+00 6.330100e+00 -4.485700e-01 342 51 1.095900e+01 2.410000e+00 -2.346300e+02 -2.511400e+02 0
-3.370600e+00 2.171800e+00 2.918000e+00 -4.165300e-01 143 52 1.032500e+01 2.410000e+00 -2.783400e+02 -3.119000e+02 0
-3.433400e+00 2.143000e+00 2.925700e+00 -4.165300e-01 144 52 1.034300e+01 2.410000e+00 -3.066700e+02 -3.216400e+02 0
-3.457400e+00 2.226600e+00 2.894700e+00 -4.165300e-01 145 52 1.066200e+01 2.410000e+00 -2.782600e+02 -2.900800e+02 0
-3.481400e+00 2.215400e+00 2.935100e+00 -4.165300e-01 146 52 1.099800e+01 2.410000e+00 -2.883000e+02 -3.027400e+02 0
-3.505400e+00 2.134900e+00 3.025200e+00 -4.165300e-01 147 52 1.083200e+01 2.410000e+00 -3.274200e+02 -3.482600e+02 0
-4.338100e+00 2.313100e+00 2.581400e+00 -4.165300e-01 160 52 1.070500e+01 2.410000e+00 -4.606500e+02 -1.871600e+02 0
-4.409100e+00 2.572900e+00 2.272200e+00 -4.165300e-01 161 52 1.094600e+01 2.410000e+00 -3.714500e+02 -6.893400e+01 0
-5.676700e+00 3.477800e+00 2.333800e+00 -4.165300e-01 203 52 1.104100e+01 2.410000e+00 -3.155700e+02 3.134600e+01 0
-5.704800e+00 3.680900e+00 2.041100e+00 -4.165300e-01 204 52 1.127100e+01 2.410000e+00 -2.697500e+02 9.343800e+01 0
-5.621600e+00 4.035200e+00 1.694700e+00 -4.165300e-01 205 52 1.159500e+01 2.410000e+00 -1.798100e+02 1.647400e+02 0
-5.593200e+00 4.207500e+00 1.506200e+00 -4.165300e-01 206 52 1.196100e+01 2.410000e+00 -1.428300e+02 1.982100e+02 0
-5.620500e+00 4.255900e+00 -3.649400e-01 -4.165300e-01 207 52 1.195100e+01 2.410000e+00 -1.486800e+02 4.584300e+02 0
-5.704200e+00 4.246700e+00 -3.644800e-01 -4.165300e-01 208 52 1.114000e+01 2.410000e+00 -1.621100e+02 4.585000e+02 0
-5.729600e+00 4.571300e+00 -3.808700e-01 -4.165300e-01 211 52 1.241400e+01 2.410000e+00 -1.061300e+02 4.539200e+02 0
-5.756900e+00 4.597000e+00 -3.821700e-01 -4.165300e-01 212 52 1.284700e+01 2.410000e+00 -1.053100e+02 4.535600e+02 0
-5.784200e+00 4.593100e+00 -3.819700e-01 -4.165300e-01 213 52 1.256100e+01 2.410000e+00 -1.094900e+02 4.535900e+02 0
-5.975200e+00 4.614000e+00 -3.830300e-01 -4.165300e-01 220 52 1.294100e+01 2.410000e+00 -1.304800e+02 4.531800e+02 0
-6.062500e+00 4.618400e+00 -3.832500e-01 -4.165300e-01 221 52 1.318600e+01 2.410000e+00 -1.409000e+02 4.530600e+02 0
-6.227800e+00 4.292500e+00 2.254600e+00 -4.165300e-01 227 52 1.217900e+01 2.410000e+00 -2.077400e+02 1.024900e+02 0
-6.255400e+00 4.498700e+00 1.865200e+00 -4.165300e-01 228 52 1.270800e+01 2.410000e+00 -1.743100e+02 1.632000e+02 0
-6.282900e+00 4.529600e+00 1.846400e+00 -4.165300e-01 229 52 1.286800e+01 2.410000e+00 -1.722800e+02 1.669100e+02 0
-6.373000e+00 4.456000e+00 1.867800e+00 -4.165300e-01 230 52 1.252500e+01 2.410000e+00 -1.974100e+02 1.612100e+02 0
-6.400800e+00 4.508300e+00 1.795600e+00 -4.165300e-01 231 52 1.159800e+01 2.410000e+00 -1.915600e+02 1.726300e+02 0
-6.140000e+00 4.648100e+00 2.518200e+00 -4.165300e-01 233 52 1.221700e+01 2.410000e+00 -1.298200e+02 8.895900e+01 0
-5.975700e+00 4.855100e+00 2.632800e+00 -4.165300e-01 234 52 1.225800e+01 2.410000e+00 -7.627400e+01 8.633500e+01 0
-5.682100e+00 4.807700e+00 3.373600e+00 -4.165300e-01 235 52 1.147400e+01 2.410000e+00 -4.480200e+01 -3.980700e+00 0
-7.454800e+00 6.296000e+00 4.442600e+00 -4.165300e-01 308 52 1.104000e+01 2.410000e+00 -3.855200e+01 -1.438500e+01 0
-7.479000e+00 5.804300e+00 5.106300e+00 -4.165300e-01 309 52 1.093800e+01 2.410000e+00 -9.660300e+01 -1.076100e+02 0
-8.770100e+00 6.168900e+00 4.030300e+00 -4.165300e-01 329 52 1.141100e+01 2.410000e+00 -1.762800e+02 1.800600e+01 0
-8.886600e+00 6.305400e+00 3.644800e+00 -4.165300e-01 330 52 1.137000e+01 2.410000e+00 -1.706800e+02 5.947000e+01 0
-8.308500e+00 5.545500e+00 5.817300e+00 -4.165300e-01 332 52 1.170000e+01 2.410000e+00 -2.117600e+02 -1.955300e+02 0
-8.424200e+00 6.498100e+00 4.608900e+00 -4.165300e-01 333 52 1.113000e+01 2.410000e+00 -1.021900e+02 -1.595900e+01 0
-8.668600e+00 6.720000e+00 4.362700e+00 -4.165300e-01 339 52 1.182400e+01 2.410000e+00 -9.912300e+01 1.670100e+01 0
-8.694300e+00 6.722800e+00 4.401800e+00 -4.165300e-01 340 52 1.171400e+01 2.410000e+00 -1.008600e+02 1.362200e+01 0
-8.534400e+00 6.280600e+00 5.358000e+00 -4.165300e-01 341 52 1.140500e+01 2.410000e+00 -1.351300e+02 -9.402700e+01 0
-8.652500e+00 5.428500e+00 6.122600e+00 -4.165300e-01 342 52 1.161400e+01 2.410000e+00 -2.633400e+02 -2.357500e+02 0
-8.771200e+00 5.382700e+00 6.061900e+00 -4.165300e-01 343 52 1.174000e+01 2.410000e+00 -2.833200e+02 -2.339800e+02 0
-8.796900e+00 5.278700e+00 6.183800e+00 -4.165300e-01 344 52 1.147000e+01 2.410000e+00 -3.029200e+02 -2.569800e+02 0
-3.378800e+00 6.233200e-01 3.672200e+00 -3.844900e-01 145 53 1.031300e+01 2.410000e+00 -2.079700e+03 -2.107700e+03 0
-3.441900e+00 1.619300e+00 3.342800e+00 -3.844900e-01 146 53 1.087600e+01 2.410000e+00 -5.913200e+02 -6.531600e+02 0
-3.465600e+00 2.196900e+00 3.026800e+00 -3.844900e-01 147 53 1.074000e+01 2.410000e+00 -2.907000e+02 -3.305100e+02 0
-4.164600e+00 2.618200e+00 2.575800e+00 -3.844900e-01 160 53 1.201600e+01 2.410000e+00 -2.980300e+02 -1.272600e+02 0
-4.234400e+00 2.731000e+00 2.415300e+00 -3.844900e-01 161 53 1.223200e+01 2.410000e+00 -2.758300e+02 -7.543100e+01 0
-4.260900e+00 2.938600e+00 2.196300e+00 -3.844900e-01 162 53 1.182900e+01 2.410000e+00 -2.184600e+02 -4.463400e+00 0
-4.199000e+00 3.171900e+00 2.077500e+00 -3.844900e-01 163 53 1.157300e+01 2.410000e+00 -1.444700e+02 4.210900e+01 0
-4.224900e+00 3.073000e+00 2.260800e+00 -3.844900e-01 164 53 1.134500e+01 2.410000e+00 -1.733700e+02 -1.234900e+00 0
-6.245300e+00 3.821200e+00 -3.429900e-01 -3.844900e-01 211 53 1.073100e+01 2.410000e+00 -3.371800e+02 4.650800e+02 0
-5.929600e+00 4.154100e+00 -3.598000e-01 -3.844900e-01 212 53 1.133500e+01 2.410000e+00 -2.126000e+02 4.597300e+02 0
-5.899900e+00 4.465900e+00 -3.755500e-01 -3.844900e-01 213 53 1.184000e+01 2.410000e+00 -1.471100e+02 4.551900e+02 0
-5.985800e+00 4.359600e+00 -3.701800e-01 -3.844900e-01 214 53 1.215100e+01 2.410000e+00 -1.786600e+02 4.566100e+02 0
-6.130700e+00 4.253200e+00 -3.648000e-01 -3.844900e-01 215 53 1.159000e+01 2.410000e+00 -2.198900e+02 4.580400e+02 0
-5.924700e+00 4.001300e+00 2.294600e+00 -3.844900e-01 216 53 1.142600e+01 2.410000e+00 -2.261900e+02 7.839300e+01 0
-6.188000e+00 3.858500e+00 1.929800e+00 -3.844900e-01 217 53 1.252800e+01 2.410000e+00 -3.000100e+02 1.224400e+02 0
-6.335000e+00 3.836300e+00 1.606800e+00 -3.844900e-01 218 53 1.263400e+01 2.410000e+00 -3.299500e+02 1.691700e+02 0
-6.364200e+00 3.974600e+00 -3.507300e-01 -3.844900e-01 219 53 1.242200e+01 2.410000e+00 -3.161200e+02 4.622600e+02 0
-6.273900e+00 4.214500e+00 -3.628500e-01 -3.844900e-01 220 53 1.278200e+01 2.410000e+00 -2.479300e+02 4.585000e+02 0
-6.302600e+00 4.201300e+00 -3.621900e-01 -3.844900e-01 221 53 1.300700e+01 2.410000e+00 -2.547800e+02 4.586700e+02 0
-6.331200e+00 4.114500e+00 1.598500e+00 -3.844900e-01 222 53 1.246300e+01 2.410000e+00 -2.636800e+02 1.827100e+02 0
-6.617700e+00 4.266400e+00 1.756300e+00 -3.844900e-01 232 53 1.210100e+01 2.410000e+00 -2.686100e+02 1.679900e+02 0
-6.519700e+00 4.447700e+00 1.832200e+00 -3.844900e-01 233 53 1.230200e+01 2.410000e+00 -2.181900e+02 1.656300e+02 0
-6.484300e+00 4.732300e+00 -3.890000e-01 -3.844900e-01 234 53 1.120000e+01 2.410000e+00 -1.739800e+02 4.513400e+02 0
-7.371000e+00 5.364100e+00 5.643100e+00 -3.844900e-01 308 53 1.098300e+01 2.410000e+00 -1.431000e+02 -1.983100e+02 0
-7.311000e+00 5.034200e+00 6.075000e+00 -3.844900e-01 309 53 1.067400e+01 2.410000e+00 -1.848200e+02 -2.785300e+02 0
-9.161400e+00 5.865500e+00 3.359000e+00 -3.844900e-01 327 53 1.092200e+01 2.410000e+00 -2.594100e+02 6.588100e+01 0
-9.278700e+00 5.360800e+00 3.947400e+00 -3.844900e-01 328 53 1.127400e+01 2.410000e+00 -3.517900e+02 -2.062600e+01 0
-9.217600e+00 5.336400e+00 4.215700e+00 -3.844900e-01 329 53 1.190700e+01 2.410000e+00 -3.482100e+02 -5.001700e+01 0
-9.245700e+00 5.503300e+00 4.030600e+00 -3.844900e-01 330 53 1.210800e+01 2.410000e+00 -3.227800e+02 -1.982700e+01 0
-9.273800e+00 5.594100e+00 3.939700e+00 -3.844900e-01 331 53 1.189400e+01 2.410000e+00 -3.107400e+02 -5.021700e+00 0
-9.030900e+00 5.666500e+00 4.467300e+00 -3.844900e-01 332 53 1.178700e+01 2.410000e+00 -2.719300e+02 -5.253900e+01 0
-8.760800e+00 6.194800e+00 4.920200e+00 -3.844900e-01 339 53 1.162900e+01 2.410000e+00 -1.683000e+02 -6.048000e+01 0
-8.971700e+00 6.344400e+00 4.406700e+00 -3.844900e-01 340 53 1.166700e+01 2.410000e+00 -1.702100e+02 -5.832000e+00 0
-8.998200e+00 5.938600e+00 4.975400e+00 -3.844900e-01 341 53 1.125100e+01 2.410000e+00 -2.251600e+02 -8.203100e+01 0
-8.931600e+00 4.503500e+00 6.462600e+00 -3.844900e-01 342 53 1.130100e+01 2.410000e+00 -4.714400e+02 -3.846400e+02 0
-8.864500e+00 4.826300e+00 6.386000e+00 -3.844900e-01 343 53 1.152600e+01 2.410000e+00 -3.939100e+02 -3.313900e+02 0
-8.890400e+00 4.437700e+00 6.690000e+00 -3.844900e-01 344 53 1.107800e+01 2.410000e+00 -4.801200e+02 -4.212900e+02 0
0 0 -1.500000e-01 -3.524500e-01 1 54 9.275700e+00 2.410000e+00 2167 -3.612800e+03 0
-4.596800e+00 2.911500e+00 -2.970400e-01 -3.524500e-01 157 54 1.025000e+01 2.410000e+00 -3.194100e+02 4.892900e+02 0
-4.095300e+00 2.937800e+00 2.246100e+00 -3.524500e-01 159 54 1.039000e+01 2.410000e+00 -1.859900e+02 -1.473000e+01 0
-4.121200e+00 2.781800e+00 2.472000e+00 -3.524500e-01 160 54 1.181500e+01 2.410000e+00 -2.355100e+02 -7.977200e+01 0
-4.234400e+00 2.720500e+00 2.427200e+00 -3.524500e-01 161 54 12 2.410000e+00 -2.792200e+02 -7.944400e+01 0
-4.217000e+00 2.886500e+00 2.345000e+00 -3.524500e-01 162 54 1.171800e+01 2.410000e+00 -2.238600e+02 -3.971900e+01 0
-4.199000e+00 3.082800e+00 2.207600e+00 -3.524500e-01 163 54 1.189700e+01 2.410000e+00 -1.663900e+02 9.497100e+00 0
-4.269400e+00 3.025600e+00 2.241100e+00 -3.524500e-01 164 54 1.194800e+01 2.410000e+00 -1.948100e+02 -2.786900e+00 0
-4.295600e+00 2.934800e+00 2.395500e+00 -3.524500e-01 165 54 1.138100e+01 2.410000e+00 -2.244000e+02 -4.278200e+01 0
-4.231700e+00 2.908700e+00 2.614700e+00 -3.524500e-01 166 54 1.097700e+01 2.410000e+00 -2.175800e+02 -8.840700e+01 0
-4.257400e+00 2.745200e+00 2.819000e+00 -3.524500e-01 167 54 1.093600e+01 2.410000e+00 -2.714300e+02 -1.543000e+02 0
-3.988900e+00 3.442700e+00 2.735700e+00 -3.524500e-01 171 54 1.045000e+01 2.410000e+00 -4.191400e+01 -4.273500e+01 0
-5.612300e-01 3.014400e+00 -3.022400e-01 -3.524500e-01 188 54 1.048000e+01 2.410000e+00 5.364500e+02 4.924200e+02 0
-6.276600e+00 3.452300e+00 2.250100e+00 -3.524500e-01 216 54 1.166300e+01 2.410000e+00 -4.209500e+02 4.427400e+01 0
-6.364800e+00 3.700500e+00 1.642900e+00 -3.524500e-01 217 54 1.287200e+01 2.410000e+00 -3.696600e+02 157 0
-6.453400e+00 3.713400e+00 -3.375400e-01 -3.524500e-01 218 54 1.305700e+01 2.410000e+00 -3.984600e+02 4.668900e+02 0
-6.483200e+00 3.795100e+00 -3.416700e-01 -3.524500e-01 219 54 1.270700e+01 2.410000e+00 -3.803300e+02 4.653200e+02 0
-6.453200e+00 3.928200e+00 -3.483900e-01 -3.524500e-01 220 54 1.264700e+01 2.410000e+00 -3.407900e+02 4.629700e+02 0
-6.422600e+00 4.051500e+00 -3.546200e-01 -3.524500e-01 221 54 1.258000e+01 2.410000e+00 -3.059800e+02 4.609300e+02 0
-6.840100e+00 4.049400e+00 -3.545100e-01 -3.524500e-01 231 54 1.121900e+01 2.410000e+00 -3.662700e+02 4.605800e+02 0
-6.743700e+00 4.129200e+00 1.597700e+00 -3.524500e-01 232 54 1.211500e+01 2.410000e+00 -3.175000e+02 1.839500e+02 0
-6.772900e+00 4.157200e+00 1.578200e+00 -3.524500e-01 233 54 1.196400e+01 2.410000e+00 -3.152000e+02 1.877900e+02 0
-7.120000e+00 3.859300e+00 -3.449200e-01 -3.524500e-01 234 54 1.082700e+01 2.410000e+00 -4.580900e+02 4.635300e+02 0
-7.988700e+00 5.747700e+00 4.074400e+00 -3.524500e-01 306 54 1.056600e+01 2.410000e+00 -1.586400e+02 -1.134200e+01 0
-7.847900e+00 5.403200e+00 4.839100e+00 -3.524500e-01 307 54 1.098400e+01 2.410000e+00 -1.909600e+02 -1.119600e+02 0
-9.576100e+00 5.628400e+00 1.753900e+00 -3.524500e-01 323 54 1.067400e+01 2.410000e+00 -3.477500e+02 2.155300e+02 0
-9.605800e+00 5.702000e+00 1.568200e+00 -3.524500e-01 324 54 1.127200e+01 2.410000e+00 -3.390800e+02 2.359300e+02 0
-9.517100e+00 5.255900e+00 3.379100e+00 -3.524500e-01 327 54 1.069900e+01 2.410000e+00 -4.000600e+02 3.242400e+01 0
-9.546300e+00 4.385600e+00 4.477600e+00 -3.524500e-01 328 54 1.081100e+01 2.410000e+00 -5.923200e+02 -1.623300e+02 0
-9.396500e+00 4.866200e+00 4.386100e+00 -3.524500e-01 329 54 1.171500e+01 2.410000e+00 -4.597600e+02 -1.051400e+02 0
-9.425200e+00 5.136200e+00 4.098800e+00 -3.524500e-01 330 54 1.200300e+01 2.410000e+00 -4.088800e+02 -5.190500e+01 0
-9.453800e+00 5.322500e+00 3.887700e+00 -3.524500e-01 331 54 1.170400e+01 2.410000e+00 -3.774500e+02 -1.664100e+01 0
-9.301900e+00 5.680600e+00 3.851100e+00 -3.524500e-01 332 54 1.147900e+01 2.410000e+00 -2.997400e+02 8.886200e+00 0
-8.748300e+00 5.753300e+00 5.140500e+00 -3.524500e-01 335 54 1.091900e+01 2.410000e+00 -2.274900e+02 -1.116100e+02 0
-9.048700e+00 5.946700e+00 4.430800e+00 -3.524500e-01 336 54 1.118700e+01 2.410000e+00 -2.313300e+02 -3.088300e+01 0
-9.350700e+00 5.621900e+00 4.318700e+00 -3.524500e-01 337 54 1.048000e+01 2.410000e+00 -3.116700e+02 -4.036100e+01 0
-8.484200e+00 6.236600e+00 5.334800e+00 -3.524500e-01 339 54 1.058100e+01 2.410000e+00 -1.361200e+02 -9.509400e+01 0
-9.249200e+00 6.104200e+00 4.165600e+00 -3.524500e-01 340 54 1.060800e+01 2.410000e+00 -2.287800e+02 3.067300e+00 0
-4.077800e+00 3.296500e+00 1.827000e+00 -3.204100e-01 160 55 1.002200e+01 2.410000e+00 -9.473100e+01 9.664900e+01 0
-4.365400e+00 2.782100e+00 2.103800e+00 -3.204100e-01 161 55 1.035000e+01 2.410000e+00 -2.891500e+02 -4.865600e+00 0
-4.480500e+00 2.377300e+00 2.426400e+00 -3.204100e-01 162 55 1.019200e+01 2.410000e+00 -4.673000e+02 -137 0
-4.287400e+00 3.000400e+00 2.150300e+00 -3.204100e-01 163 55 1.071300e+01 2.410000e+00 -2.061300e+02 1.139200e+01 0
-4.358300e+00 2.951900e+00 2.167000e+00 -3.204100e-01 164 55 1.094700e+01 2.410000e+00 -2.337000e+02 3.014800e+00 0
-4.429800e+00 2.742100e+00 2.379300e+00 -3.204100e-01 165 55 1.040500e+01 2.410000e+00 -3.127700e+02 -6.556700e+01 0
-6.359900e+00 3.631100e+00 -3.333900e-01 -3.204100e-01 211 55 1.080900e+01 2.410000e+00 -4.074300e+02 4.686100e+02 0
-6.562900e+00 3.279800e+00 -3.156500e-01 -3.204100e-01 212 55 1.073300e+01 2.410000e+00 -5.558400e+02 4.761600e+02 0
-6.305800e+00 3.495200e+00 1.968400e+00 -3.204100e-01 215 55 1.091200e+01 2.410000e+00 -4.156800e+02 9.310000e+01 0
-6.394000e+00 3.546400e+00 1.708300e+00 -3.204100e-01 216 55 1.159900e+01 2.410000e+00 -4.172100e+02 1.382400e+02 0
-6.423700e+00 3.532300e+00 1.778300e+00 -3.204100e-01 217 55 1.203800e+01 2.410000e+00 -4.254000e+02 1.262700e+02 0
-6.512600e+00 3.529100e+00 1.600800e+00 -3.204100e-01 218 55 1.199100e+01 2.410000e+00 -4.423400e+02 1.546200e+02 0
-6.602100e+00 3.619300e+00 -3.327900e-01 -3.204100e-01 219 55 1.175200e+01 2.410000e+00 -4.494000e+02 4.685900e+02 0
-6.632400e+00 3.657000e+00 -3.346900e-01 -3.204100e-01 220 55 1.195100e+01 2.410000e+00 -4.428400e+02 4.678000e+02 0
-6.875300e+00 3.449500e+00 -3.242100e-01 -3.204100e-01 224 55 1.173000e+01 2.410000e+00 -5.484900e+02 4.718600e+02 0
-6.845000e+00 3.461800e+00 1.536000e+00 -3.204100e-01 225 55 1.175900e+01 2.410000e+00 -5.174900e+02 1.619800e+02 0
-6.875500e+00 3.222100e+00 2.022200e+00 -3.204100e-01 226 55 1.160500e+01 2.410000e+00 -6.004200e+02 6.407600e+01 0
-3.476000e+00 1.346700e+00 -2.180100e-01 -3.204100e-01 246 55 1.038300e+01 2.410000e+00 -9.753100e+02 6.020300e+02 0
-8.126200e+00 4.362600e+00 4.350100e+00 -3.204100e-01 293 55 1.078600e+01 2.410000e+00 -423 -1.542100e+02 0
-8.370700e+00 4.478200e+00 4.002000e+00 -3.204100e-01 296 55 1.096400e+01 2.410000e+00 -4.292100e+02 -9.903200e+01 0
-8.399100e+00 4.620700e+00 3.868500e+00 -3.204100e-01 297 55 1.125500e+01 2.410000e+00 -4.016400e+02 -7.006100e+01 0
-7.905500e+00 6.340500e+00 3.279900e+00 -3.204100e-01 306 55 1.059100e+01 2.410000e+00 -7.866600e+01 9.223800e+01 0
-8.014900e+00 6.149500e+00 3.485200e+00 -3.204100e-01 307 55 1.088200e+01 2.410000e+00 -1.108600e+02 6.556900e+01 0
-8.041100e+00 5.981200e+00 3.809900e+00 -3.204100e-01 308 55 1.039500e+01 2.410000e+00 -1.334200e+02 2.721800e+01 0
-9.839600e+00 5.220600e+00 1.543900e+00 -3.204100e-01 323 55 1.099900e+01 2.410000e+00 -4.541000e+02 2.278100e+02 0
-1.013500e+01 4.946200e+00 -3.998000e-01 -3.204100e-01 324 55 1.149900e+01 2.410000e+00 -5.632700e+02 4.464900e+02 0
-1.034300e+01 4.530200e+00 -3.787900e-01 -3.204100e-01 325 55 1.117200e+01 2.410000e+00 -6.978900e+02 4.510100e+02 0
-9.842600e+00 3.462500e+00 4.467400e+00 -3.204100e-01 326 55 1.141300e+01 2.410000e+00 -9.404500e+02 -2.831200e+02 0
-9.695000e+00 4.667100e+00 3.720600e+00 -3.204100e-01 327 55 1.114500e+01 2.410000e+00 -5.451700e+02 -4.536400e+01 0
-9.754500e+00 2.941300e+00 5.235600e+00 -3.204100e-01 329 55 1.103500e+01 2.410000e+00 -1.160800e+03 -5.124800e+02 0
-9.784300e+00 4.267700e+00 4.250800e+00 -3.204100e-01 330 55 1.120500e+01 2.410000e+00 -6.565700e+02 -1.463100e+02 0
-9.934000e+00 4.311100e+00 4.044000e+00 -3.204100e-01 332 55 1.098600e+01 2.410000e+00 -6.649400e+02 -1.155600e+02 0
-9.782900e+00 4.946600e+00 3.776100e+00 -3.204100e-01 333 55 1.113700e+01 2.410000e+00 -4.899000e+02 -3.006300e+01 0
-8.930500e+00 6.152300e+00 4.295600e+00 -3.204100e-01 335 55 1.055000e+01 2.410000e+00 -1.921400e+02 -6.613700e+00 0
-9.140100e+00 6.022800e+00 4.130200e+00 -3.204100e-01 336 55 1.082300e+01 2.410000e+00 -2.303800e+02 1.609200e+00 0
-6.417200e+00 2.525000e+00 2.496100e+00 -2.883700e-01 211 56 1.101500e+01 2.410000e+00 -8.197500e+02 -1.139500e+02 0
-6.620400e+00 2.541500e+00 2.002500e+00 -2.883700e-01 212 56 1.120200e+01 2.410000e+00 -8.632000e+02 -5.439300e+00 0
-6.539400e+00 3.325100e+00 -3.179300e-01 -2.883700e-01 215 56 1.128200e+01 2.410000e+00 -5.355400e+02 4.751000e+02 0
-6.628600e+00 3.182600e+00 1.520000e+00 -2.883700e-01 216 56 1.184700e+01 2.410000e+00 -5.792900e+02 1.480100e+02 0
-6.600500e+00 3.139600e+00 1.865300e+00 -2.883700e-01 217 56 1.156500e+01 2.410000e+00 -5.859800e+02 8.378000e+01 0
-6.936900e+00 2.184700e+00 2.975000e+00 -2.883700e-01 226 56 1.164900e+01 2.410000e+00 -1.139700e+03 -2.900300e+02 0
-7.101400e+00 3.138400e+00 3.249300e+00 -2.883700e-01 242 56 1.122400e+01 2.410000e+00 -6.542800e+02 -1.549200e+02 0
-1.039900e+01 4.324800e+00 -3.684200e-01 -2.883700e-01 324 56 1.137600e+01 2.410000e+00 -7.672200e+02 4.535700e+02 0
-1.025400e+01 4.596900e+00 -3.821600e-01 -2.883700e-01 325 56 1.168700e+01 2.410000e+00 -6.681100e+02 4.502700e+02 0
-1.002000e+01 4.719900e+00 2.479200e+00 -2.883700e-01 326 56 1.146700e+01 2.410000e+00 -5.807600e+02 1.039500e+02 0
-9.961900e+00 4.855700e+00 2.608000e+00 -2.883700e-01 327 56 1.093100e+01 2.410000e+00 -5.400100e+02 9.582500e+01 0
-9.874000e+00 3.556200e+00 4.676700e+00 -2.883700e-01 330 56 1.144700e+01 2.410000e+00 -9.037200e+02 -2.982200e+02 0
-1.008400e+01 4.348100e+00 3.496100e+00 -2.883700e-01 331 56 1.061200e+01 2.410000e+00 -6.785000e+02 -4.367100e+01 0
-1.002400e+01 4.326800e+00 3.796800e+00 -2.883700e-01 332 56 1.063700e+01 2.410000e+00 -6.741400e+02 -8.306800e+01 0
-9.964100e+00 4.742800e+00 3.557600e+00 -2.883700e-01 333 56 1.098600e+01 2.410000e+00 -5.592800e+02 -2.001200e+01 0
-9.434200e+00 6.146500e+00 3.657600e+00 -2.883700e-01 340 56 1.023100e+01 2.410000e+00 -2.422000e+02 5.177800e+01 0
-6.785800e+00 1.895600e+00 1.906600e+00 -2.563300e-01 210 57 1.074800e+01 2.410000e+00 -1.381600e+03 -8.893900e+01 0
-6.818200e+00 2.285300e+00 -2.654200e-01 -2.563300e-01 211 57 1.125700e+01 2.410000e+00 -1.127400e+03 5.097700e+02 0
-6.965800e+00 2.119200e+00 -2.570300e-01 -2.563300e-01 212 57 1.107200e+01 2.410000e+00 -1.297400e+03 5.179500e+02 0
-7.364500e+00 2.922900e+00 2.838800e+00 -2.563300e-01 242 57 1.092800e+01 2.410000e+00 -7.986200e+02 -1.132900e+02 0
-4.090900e+00 6.589900e+00 -4.828200e-01 -2.563300e-01 295 57 1.024300e+01 2.410000e+00 2.865600e+02 4.362000e+02 0
-1.031100e+01 4.400700e+00 -3.722500e-01 -2.563300e-01 324 57 1.076500e+01 2.410000e+00 -7.324400e+02 4.526500e+02 0
-1.034300e+01 4.491700e+00 -3.768500e-01 -2.563300e-01 325 57 1.107800e+01 2.410000e+00 -7.091300e+02 4.514800e+02 0
-1.037500e+01 4.444400e+00 -3.744700e-01 -2.563300e-01 326 57 1.083500e+01 2.410000e+00 -7.271600e+02 4.520500e+02 0
-1.031800e+01 4.403700e+00 1.942100e+00 -2.563300e-01 327 57 1.048900e+01 2.410000e+00 -7.073900e+02 1.547900e+02 0
-9.874000e+00 2.688300e+00 5.224100e+00 -2.563300e-01 330 57 1.127700e+01 2.410000e+00 -1.330500e+03 -5.790400e+02 0
-9.286600e+00 5.439700e+00 4.762600e+00 -2.563300e-01 338 57 1.041000e+01 2.410000e+00 -3.337100e+02 -9.761100e+01 0
-9.406400e+00 5.363400e+00 4.700000e+00 -2.563300e-01 339 57 1.073200e+01 2.410000e+00 -3.599300e+02 -9.698600e+01 0
0 0 -1.500000e-01 -2.242900e-01 1 58 9.637000e+00 2.410000e+00 2167 -3.612800e+03 0
-5.873700e+00 3.435500e+00 2.440800e+00 -2.242900e-01 208 58 1.093400e+01 2.410000e+00 -3.584600e+02 1.074500e+01 0
-6.073400e+00 4.103200e+00 -3.572300e-01 -2.242900e-01 211 58 1.056800e+01 2.410000e+00 -2.440600e+02 4.604100e+02 0
-6.450700e+00 3.047200e+00 2.106400e+00 -2.242900e-01 214 58 1.131200e+01 2.410000e+00 -5.917000e+02 3.171400e+01 0
-6.422600e+00 2.952700e+00 2.426100e+00 -2.242900e-01 215 58 1.156200e+01 2.410000e+00 -6.198600e+02 -3.750900e+01 0
-6.511300e+00 1.692700e+00 3.334000e+00 -2.242900e-01 216 58 1.125000e+01 2.410000e+00 -1.458800e+03 -5.614000e+02 0
-7.561700e+00 1.106600e+00 3.526100e+00 -2.242900e-01 242 58 1.104800e+01 2.410000e+00 -2.732800e+03 -9.906600e+02 0
-7.659100e+00 2.735800e+00 2.297900e+00 -2.242900e-01 243 58 1.029900e+01 2.410000e+00 -9.577300e+02 -3.579200e+01 0
0 0 -1.500000e-01 -1.922500e-01 1 59 9.756100e+00 2.410000e+00 2167 -3.612800e+03 0
7.202900e-01 1.438600e-01 -1.572700e-01 -1.922500e-01 25 59 9.592200e+00 2.410000e+00 8314 6885 0
-6.238700e+00 3.378500e+00 -3.206300e-01 -1.922500e-01 207 59 1.114000e+01 2.410000e+00 -4.659800e+02 4.742100e+02 0
-6.099600e+00 3.296000e+00 2.047300e+00 -1.922500e-01 208 59 1.132400e+01 2.410000e+00 -4.425800e+02 6.399300e+01 0
-6.714500e+00 2.681900e+00 1.891200e+00 -1.922500e-01 215 59 1.166100e+01 2.410000e+00 -8.092900e+02 3.523900e+01 0
-6.804600e+00 2.292100e+00 2.195800e+00 -1.922500e-01 216 59 1.218700e+01 2.410000e+00 -1.053500e+03 -8.563300e+01 0
-6.954100e+00 1.514200e+00 2.500200e+00 -1.922500e-01 217 59 1.196000e+01 2.410000e+00 -1.851900e+03 -3.800200e+02 0
-9.544700e+00 9.583900e-01 4.125200e+00 -1.922500e-01 300 59 1.030000e+01 2.410000e+00 -3.784800e+03 -1310 0
6.777300e-01 2.217900e-01 -1.612000e-01 -1.602100e-01 24 60 1.051900e+01 2.410000e+00 3266 2.767800e+03 0
7.137400e-01 2.830000e-01 -1.642900e-01 -1.602100e-01 25 60 1.024700e+01 2.410000e+00 2556 1.998300e+03 0
-6.567800e+00 2.754700e+00 -2.891300e-01 -1.602100e-01 205 60 1.094600e+01 2.410000e+00 -7.830700e+02 4.912800e+02 0
-6.544000e+00 2.856200e+00 -2.942500e-01 -1.602100e-01 206 60 1.126700e+01 2.410000e+00 -7.285000e+02 4.879800e+02 0
-6.463500e+00 2.978600e+00 -3.004300e-01 -1.602100e-01 207 60 1.095100e+01 2.410000e+00 -6.575500e+02 4.843600e+02 0
-7.461000e+00 2.239700e+00 -2.631200e-01 -1.602100e-01 227 60 1.069900e+01 2.410000e+00 -1.314700e+03 5.105300e+02 0
-1.004800e+01 5.368300e+00 3.469600e+00 -1.602100e-01 342 60 1.016800e+01 2.410000e+00 -4.330900e+02 3.047800e+01 0
0 0 -1.500000e-01 -1.281600e-01 1 61 9.909000e+00 2.410000e+00 2167 -3.612800e+03 0
8.185100e-04 3.490400e-02 -1.517600e-01 -1.281600e-01 2 61 9.361200e+00 2.410000e+00 3.468700e+03 -7.188100e+03 0
6.651800e-01 3.202400e-01 -1.661700e-01 -1.281600e-01 24 61 9.592600e+00 2.410000e+00 2.095100e+03 1.719400e+03 0
7.202900e-01 3.169500e-01 -1.660100e-01 -1.281600e-01 25 61 9.871900e+00 2.410000e+00 2288 1.750900e+03 0
-6.867900e+00 3.181900e+00 -3.107000e-01 -1.281600e-01 218 61 1.116100e+01 2.410000e+00 -6.467700e+02 4.782200e+02 0
-6.899500e+00 3.188400e+00 -3.110300e-01 -1.281600e-01 219 61 1.125700e+01 2.410000e+00 -6.497500e+02 4.780100e+02 0
-7.556000e+00 8.257000e-01 -1.917000e-01 -1.281600e-01 228 61 1.097900e+01 2.410000e+00 -4.195100e+03 6.759500e+02 0
0 0 -1.500000e-01 -9.612300e-02 1 62 9.803500e+00 2.410000e+00 2167 -3.612800e+03 0
-6.696500e+00 2.556700e+00 -2.791300e-01 -9.612300e-02 209 62 1.075500e+01 2.410000e+00 -9.189900e+02 4.982600e+02 0
-6.785800e+00 2.258900e+00 -2.640900e-01 -9.612300e-02 210 62 1.075500e+01 2.410000e+00 -1.139600e+03 5.111200e+02 0
0 0 -1.500000e-01 -6.408200e-02 1 63 1.030100e+01 2.410000e+00 2167 -3.612800e+03 0
-3.990500e+00 3.607200e+00 -3.321800e-01 -6.408200e-02 207 63 1.043200e+01 2.410000e+00 -2.769200e+01 4.717300e+02 0
-6.664300e+00 2.800000e+00 -2.914200e-01 -6.408200e-02 208 63 1.037600e+01 2.410000e+00 -7.795700e+02 4.896000e+02 0
-6.753300e+00 2.673800e+00 -2.850400e-01 -6.408200e-02 209 63 1.050900e+01 2.410000e+00 -8.638400e+02 4.937900e+02 0
0 0 -1.500000e-01 -3.204100e-02 1 64 1.562200e+01 2.410000e+00 2167 -3.612800e+03 0
-7.093800e-02 1.122700e-01 -1.556700e-01 -3.204100e-02 5 64 1.427300e+01 2.410000e+00 -3.091600e+03 7.669100e+03 0
-1.585200e-01 1.860700e-01 -1.594000e-01 -3.204100e-02 8 64 1.341900e+01 2.410000e+00 -1092 2.912900e+03 0
-1.986300e-01 1.942600e-01 -1.598100e-01 -3.204100e-02 9 64 1.288700e+01 2.410000e+00 -1.158800e+03 2.723300e+03 0
-2.455500e-01 1.885200e-01 -1.595200e-01 -3.204100e-02 10 64 1.272900e+01 2.410000e+00 -1.464600e+03 2.801700e+03 0
-2.619200e-01 2.194400e-01 -1.610800e-01 -3.204100e-02 11 64 1.221400e+01 2.410000e+00 -1.091800e+03 2.310200e+03 0
-2.881200e-01 2.303300e-01 -1.616300e-01 -3.204100e-02 12 64 1.168600e+01 2.410000e+00 -1.065500e+03 2174 0
-3.044900e-01 2.845800e-01 -1.643700e-01 -3.204100e-02 13 64 1.093000e+01 2.410000e+00 -6.760400e+02 1.731800e+03 0
-3.050300e-01 3.055100e-01 -1.654300e-01 -3.204100e-02 14 64 1.048000e+01 2.410000e+00 -5.588000e+02 1.615800e+03 0
-1.222300e-01 4.729800e-01 -1.738900e-01 -3.204100e-02 15 64 1.032400e+01 2.410000e+00 2.308300e+02 1.126900e+03 0
3.609700e-01 3.510300e-01 -1.677300e-01 -3.204100e-02 28 64 1.212300e+01 2.410000e+00 1.148600e+03 1.512500e+03 0
6.799100e-01 6.409800e-01 -1.823700e-01 -3.204100e-02 29 64 1.372200e+01 2.410000e+00 1.287800e+03 9.387400e+02 0
6.725500e-01 7.398400e-01 -1.873700e-01 -3.204100e-02 30 64 1.465600e+01 2.410000e+00 1189 8.546000e+02 0
6.711800e-01 8.042600e-01 -1.906200e-01 -3.204100e-02 31 64 1.482400e+01 2.410000e+00 1.142700e+03 8.125200e+02 0
6.766400e-01 8.313000e-01 -1.919800e-01 -3.204100e-02 32 64 1.431200e+01 2.410000e+00 1131 7.971900e+02 0
6.810000e-01 8.695700e-01 -1.939200e-01 -3.204100e-02 33 64 1.292000e+01 2.410000e+00 1113 7.772300e+02 0
6.482600e-01 9.402600e-01 -1.974900e-01 -3.204100e-02 34 64 1.031700e+01 2.410000e+00 1.052800e+03 7.444900e+02 0
-8.212400e-01 8.857100e-01 -1.947300e-01 -3.204100e-02 36 64 1.082000e+01 2.410000e+00 -5.803300e+01 7.440600e+02 0
-8.447100e-01 8.785500e-01 -1.943700e-01 -3.204100e-02 37 64 1.115200e+01 2.410000e+00 -8.169200e+01 7.467000e+02 0
-8.782700e-01 8.636300e-01 -1.936200e-01 -3.204100e-02 38 64 1.067800e+01 2.410000e+00 -1.208000e+02 7.526000e+02 0
