0 0 -1.500000e-01 0 1 65 1.659500e+01 9.500000e-01 2167 -3.612800e+03 0
-7.093800e-02 1.129200e-01 -1.522500e-01 0 5 65 1.532700e+01 9.500000e-01 -3.019100e+03 7.477200e+03 0
-1.585200e-01 1.860800e-01 -1.537000e-01 0 8 65 1.446100e+01 9.500000e-01 -1.088700e+03 2878 0
-2.008100e-01 1.908600e-01 -1.538000e-01 0 9 65 1.379200e+01 9.500000e-01 -1.216400e+03 2.752300e+03 0
-2.480100e-01 1.864700e-01 -1.537100e-01 0 10 65 1.377100e+01 9.500000e-01 -1.508600e+03 2.807200e+03 0
-2.619200e-01 2.225200e-01 -1.544300e-01 0 11 65 1.326400e+01 9.500000e-01 -1054 2.242700e+03 0
-2.881200e-01 2.331500e-01 -1.546400e-01 0 12 65 1.283900e+01 9.500000e-01 -1.033400e+03 2.115300e+03 0
-3.044900e-01 2.826600e-01 -1.556200e-01 0 13 65 1.206200e+01 9.500000e-01 -6.861300e+02 1.717200e+03 0
-3.050300e-01 3.017900e-01 -1.560100e-01 0 14 65 1.162000e+01 9.500000e-01 -5.766300e+02 1.609200e+03 0
-1.222300e-01 3.518500e-01 -1.570000e-01 0 15 65 1.141600e+01 9.500000e-01 3.267200e+01 1.417300e+03 0
3.536000e-01 3.470800e-01 -1.569100e-01 0 28 65 1.322100e+01 9.500000e-01 1136 1.501500e+03 0
6.799100e-01 6.390500e-01 -1.627200e-01 0 29 65 1.475400e+01 9.500000e-01 1.288700e+03 9.178200e+02 0
6.725500e-01 7.382300e-01 -1.646900e-01 0 30 65 1.567400e+01 9.500000e-01 1.189200e+03 8.335600e+02 0
6.711800e-01 8.043300e-01 -1.660000e-01 0 31 65 1.580700e+01 9.500000e-01 1.141700e+03 7.906200e+02 0
6.766400e-01 8.309800e-01 -1.665400e-01 0 32 65 1.521800e+01 9.500000e-01 1.130200e+03 7.756100e+02 0
6.722700e-01 8.773400e-01 -1.674600e-01 0 33 65 1.362200e+01 9.500000e-01 1.100700e+03 7.516800e+02 0
6.957400e-01 9.616400e-01 -1.691400e-01 0 35 65 1.110900e+01 9.500000e-01 1.078600e+03 7.152200e+02 0
-7.830500e-01 9.272200e-01 -1.684500e-01 0 36 65 1.177200e+01 9.500000e-01 4.623200e+00 7.078800e+02 0
-8.054200e-01 9.340300e-01 -1.685900e-01 0 37 65 1.229900e+01 9.500000e-01 -5.516400e+00 7.050100e+02 0
-8.277900e-01 9.498600e-01 -1.689000e-01 0 38 65 1.204200e+01 9.500000e-01 -8.409200e+00 6.989100e+02 0
-8.709000e-01 9.589700e-01 -1.690800e-01 0 39 65 1.093300e+01 9.500000e-01 -3.024400e+01 6.951200e+02 0
6.439000e-02 2.004000e+00 -1.898800e-01 0 60 65 1.015600e+01 9.500000e-01 6.583100e+02 5.266600e+02 0
-5.893300e-01 1.999600e+00 -1.897900e-01 0 61 65 1.015100e+01 9.500000e-01 4.453000e+02 5.249900e+02 0
-4.992900e-01 2.055800e+00 -1.909100e-01 0 62 65 1.027000e+01 9.500000e-01 4.805000e+02 5.210100e+02 0
-3.992200e+00 1.192300e+00 7.593000e+00 0 249 65 1.074800e+01 9.500000e-01 -1.022200e+03 -2.437900e+03 0
-9.479200e+00 5.368100e+00 -2.568200e-01 0 314 65 1.155600e+01 9.500000e-01 -3.983400e+02 4.248700e+02 0
-9.680800e+00 5.112900e+00 -2.517400e-01 0 315 65 1.143000e+01 9.500000e-01 -4.727700e+02 4.272000e+02 0
-8.640200e+00 6.374500e+00 6.805100e+00 0 365 65 1.134100e+01 9.500000e-01 -1.276800e+02 -2.115500e+02 0
-1.035700e+01 6.480300e+00 3.636700e+00 0 366 65 1.154200e+01 9.500000e-01 -2.776200e+02 6.986000e+01 0
-1.068500e+01 5.965400e+00 3.691100e+00 0 367 65 1.155300e+01 9.500000e-01 -3.861000e+02 4.182600e+01 0
-9.257400e+00 6.917100e+00 6.308700e+00 0 378 65 1.249200e+01 9.500000e-01 -1.198400e+02 -1.290200e+02 0
-8.687200e+00 9.483300e+00 5.272100e+00 0 399 65 1.230100e+01 9.500000e-01 1.225300e+02 5.831100e+01 0
-8.817900e+00 9.875100e+00 4.346900e+00 0 400 65 1.221600e+01 9.500000e-01 1.350900e+02 1.236200e+02 0
0 0 -1.500000e-01 3.204100e-02 1 66 1.558200e+01 9.500000e-01 2167 -3.612800e+03 0
-7.202900e-02 1.124800e-01 -1.522400e-01 3.204100e-02 5 66 1.431500e+01 9.500000e-01 -3.072900e+03 7.547800e+03 0
-1.604300e-01 1.843300e-01 -1.536700e-01 3.204100e-02 8 66 1.345200e+01 9.500000e-01 -1125 2.914300e+03 0
-2.008100e-01 1.918600e-01 -1.538200e-01 3.204100e-02 9 66 1.279900e+01 9.500000e-01 -1.201100e+03 2.733200e+03 0
-2.480100e-01 1.881100e-01 -1.537400e-01 3.204100e-02 10 66 1.280200e+01 9.500000e-01 -1.479300e+03 2.774700e+03 0
-2.646500e-01 2.202000e-01 -1.543800e-01 3.204100e-02 11 66 1.229300e+01 9.500000e-01 -1.090300e+03 2.269600e+03 0
-2.881200e-01 2.345200e-01 -1.546700e-01 3.204100e-02 12 66 1.186400e+01 9.500000e-01 -1.019600e+03 2.101400e+03 0
-3.077600e-01 2.782600e-01 -1.555400e-01 3.204100e-02 13 66 1.107800e+01 9.500000e-01 -7.233900e+02 1.744100e+03 0
-3.050300e-01 3.076700e-01 -1.561200e-01 3.204100e-02 14 66 1.064200e+01 9.500000e-01 -5.460500e+02 1.579400e+03 0
-1.298700e-01 3.232800e-01 -1.564300e-01 3.204100e-02 15 66 1.053800e+01 9.500000e-01 -6.017700e+01 1.533700e+03 0
3.536000e-01 3.424800e-01 -1.568100e-01 3.204100e-02 28 66 1.227500e+01 9.500000e-01 1.143900e+03 1.521700e+03 0
6.799100e-01 6.402000e-01 -1.627400e-01 3.204100e-02 29 66 1.378700e+01 9.500000e-01 1.287400e+03 9.166700e+02 0
6.725500e-01 7.373900e-01 -1.646700e-01 3.204100e-02 30 66 1.469300e+01 9.500000e-01 1.189800e+03 8.341600e+02 0
6.711800e-01 8.044500e-01 -1.660100e-01 3.204100e-02 31 66 1.483900e+01 9.500000e-01 1.141600e+03 7.905500e+02 0
6.766400e-01 8.326300e-01 -1.665700e-01 3.204100e-02 32 66 1.426200e+01 9.500000e-01 1.129300e+03 7.747100e+02 0
6.722700e-01 8.768700e-01 -1.674500e-01 3.204100e-02 33 66 1.267300e+01 9.500000e-01 1.100900e+03 7.519100e+02 0
6.392600e-01 9.280800e-01 -1.684700e-01 3.204100e-02 34 66 1.044200e+01 9.500000e-01 1.050200e+03 7.281400e+02 0
6.864600e-01 9.675100e-01 -1.692500e-01 3.204100e-02 35 66 1.017500e+01 9.500000e-01 1.069100e+03 7.127800e+02 0
-7.735000e-01 9.399100e-01 -1.687000e-01 3.204100e-02 36 66 1.071500e+01 9.500000e-01 2.097700e+01 7.032500e+02 0
-8.054200e-01 9.406500e-01 -1.687200e-01 3.204100e-02 37 66 1.134700e+01 9.500000e-01 -3.386900e-01 7.025500e+02 0
-8.378900e-01 9.502900e-01 -1.689100e-01 3.204100e-02 38 66 1.117700e+01 9.500000e-01 -1.489900e+01 6.986200e+02 0
-8.605300e-01 9.853900e-01 -1.696100e-01 3.204100e-02 39 66 1.018900e+01 9.500000e-01 -3.171400e+00 6.862200e+02 0
-5.732900e+00 4.224700e+00 -2.340700e-01 3.204100e-02 205 66 1.111500e+01 9.500000e-01 -1.696200e+02 4.405300e+02 0
-5.816900e+00 4.146900e+00 -2.325200e-01 3.204100e-02 206 66 1.127000e+01 9.500000e-01 -1.973000e+02 4.416900e+02 0
-6.541600e+00 3.190700e+00 1.982600e+00 3.204100e-02 217 66 1.090900e+01 9.500000e-01 -5.551800e+02 6.732900e+01 0
-3.908700e+00 1.224400e+00 7.591600e+00 3.204100e-02 248 66 1.095400e+01 9.500000e-01 -9.581100e+02 -2.386500e+03 0
-3.924500e+00 3.985000e+00 6.612900e+00 3.204100e-02 249 66 1.051400e+01 9.500000e-01 7.906800e+01 -5.223700e+02 0
-9.479200e+00 5.318400e+00 -2.558300e-01 3.204100e-02 314 66 1.145400e+01 9.500000e-01 -4.080800e+02 4.253300e+02 0
-9.680800e+00 5.071900e+00 -2.509200e-01 3.204100e-02 315 66 1.122900e+01 9.500000e-01 -4.817800e+02 4.276100e+02 0
-1.060600e+01 4.456500e+00 3.076700e+00 3.204100e-02 342 66 1.141000e+01 9.500000e-01 -7.152800e+02 1.767200e+01 0
-9.434700e+00 6.898000e+00 5 3.204100e-02 365 66 1.108700e+01 9.500000e-01 -1.411100e+02 -2.528800e+01 0
-1.025700e+01 6.670700e+00 3.574200e+00 3.204100e-02 366 66 1.129800e+01 9.500000e-01 -2.434100e+02 8.281500e+01 0
-9.360300e+00 6.593400e+00 6.500700e+00 3.204100e-02 378 66 1.219100e+01 9.500000e-01 -1.649300e+02 -1.669900e+02 0
-2.619200e-01 1.985100e+00 -1.895000e-01 9.291900e-01 65 94 1.043200e+01 9.500000e-01 5.502700e+02 5.271400e+02 0
-2.128100e-01 2.107400e+00 -1.919300e-01 9.291900e-01 66 94 1.100400e+01 9.500000e-01 5.740100e+02 5.181100e+02 0
-1.980800e-01 2.187100e+00 -1.935200e-01 9.291900e-01 67 94 1.063900e+01 9.500000e-01 5.829000e+02 5.127200e+02 0
-2.619200e-01 2.049600e+00 -1.907800e-01 9.612300e-01 65 95 1.052700e+01 9.500000e-01 5.549200e+02 5.221600e+02 0
-2.128100e-01 2.122300e+00 -1.922300e-01 9.612300e-01 66 95 1.085100e+01 9.500000e-01 5.748800e+02 5.170600e+02 0
-1.620700e-01 2.168900e+00 -1.931600e-01 9.612300e-01 67 95 1.006000e+01 9.500000e-01 5.927600e+02 5.140200e+02 0
0 0 -1.500000e-01 -3.204100e-02 1 64 1.555800e+01 9.500000e-01 2167 -3.612800e+03 0
-7.093800e-02 1.125300e-01 -1.522400e-01 -3.204100e-02 5 64 1.429800e+01 9.500000e-01 -3.054900e+03 7.545700e+03 0
-1.585200e-01 1.861000e-01 -1.537000e-01 -3.204100e-02 8 64 1.339500e+01 9.500000e-01 -1.088400e+03 2.877500e+03 0
-2.008100e-01 1.907400e-01 -1.538000e-01 -3.204100e-02 9 64 1.275900e+01 9.500000e-01 -1.218200e+03 2.754500e+03 0
-2.504700e-01 1.824100e-01 -1.536300e-01 -3.204100e-02 10 64 1.272100e+01 9.500000e-01 -1597 2.890100e+03 0
-2.619200e-01 2.231200e-01 -1.544400e-01 -3.204100e-02 11 64 1.216800e+01 9.500000e-01 -1.047400e+03 2.235700e+03 0
-2.881200e-01 2.351700e-01 -1.546800e-01 -3.204100e-02 12 64 1.176000e+01 9.500000e-01 -1013 2.094700e+03 0
-3.077600e-01 2.813600e-01 -1.556000e-01 -3.204100e-02 13 64 1.100200e+01 9.500000e-01 -7.032200e+02 1.724600e+03 0
-3.050300e-01 2.991900e-01 -1.559500e-01 -3.204100e-02 14 64 1.069000e+01 9.500000e-01 -5.906400e+02 1.622800e+03 0
3.536000e-01 3.417400e-01 -1.568000e-01 -3.204100e-02 28 64 1.218100e+01 9.500000e-01 1.145300e+03 1525 0
6.799100e-01 6.408100e-01 -1.627500e-01 -3.204100e-02 29 64 1.369400e+01 9.500000e-01 1.286700e+03 9.160700e+02 0
6.725500e-01 7.396300e-01 -1.647200e-01 -3.204100e-02 30 64 1.461300e+01 9.500000e-01 1.188100e+03 8.325700e+02 0
6.793700e-01 7.971000e-01 -1.658600e-01 -3.204100e-02 31 64 1.472700e+01 9.500000e-01 1.153900e+03 7.950900e+02 0
6.766400e-01 8.277900e-01 -1.664700e-01 -3.204100e-02 32 64 1.411400e+01 9.500000e-01 1.132100e+03 7.773600e+02 0
6.722700e-01 8.709900e-01 -1.673300e-01 -3.204100e-02 33 64 1.247700e+01 9.500000e-01 1104 7.547800e+02 0
6.957400e-01 9.610100e-01 -1.691200e-01 -3.204100e-02 35 64 1.027800e+01 9.500000e-01 1.078900e+03 7.154600e+02 0
-7.830500e-01 9.178600e-01 -1.682600e-01 -3.204100e-02 36 64 1.076200e+01 9.500000e-01 -2.790200e+00 7.114700e+02 0
-8.054200e-01 9.178200e-01 -1.682600e-01 -3.204100e-02 37 64 1.110900e+01 9.500000e-01 -1.852800e+01 7.111700e+02 0
-8.277900e-01 9.345300e-01 -1.686000e-01 -3.204100e-02 38 64 1.070900e+01 9.500000e-01 -2.052400e+01 7.045200e+02 0
-8.578600e+00 9.487200e+00 5.440300e+00 -3.204100e-02 399 64 1.086100e+01 9.500000e-01 1.297300e+02 4.823900e+01 0
-8.817900e+00 9.521800e+00 5.074300e+00 -3.204100e-02 400 64 1.084400e+01 9.500000e-01 1.163600e+02 7.144800e+01 0
