0 0 -1.500000e-01 0 1 65 1.658600e+01 8.600000e-01 2167 -3.612800e+03 0
-7.202900e-02 1.118800e-01 -1.520200e-01 0 5 65 1.540600e+01 8.600000e-01 -3.128300e+03 7650 0
-1.585200e-01 1.861000e-01 -1.533500e-01 0 8 65 1.453500e+01 8.600000e-01 -1.088200e+03 2.875400e+03 0
-2.008100e-01 1.906200e-01 -1.534300e-01 0 9 65 1.382400e+01 8.600000e-01 -1220 2.754900e+03 0
-2.480100e-01 1.869800e-01 -1.533700e-01 0 10 65 1.381700e+01 8.600000e-01 -1.499200e+03 2795 0
-2.619200e-01 2.229600e-01 -1.540200e-01 0 11 65 1.334200e+01 8.600000e-01 -1.048900e+03 2.235700e+03 0
-2.881200e-01 2.321700e-01 -1.541800e-01 0 12 65 1.286400e+01 8.600000e-01 -1.043300e+03 2.123700e+03 0
-3.077600e-01 2.775800e-01 -1.550000e-01 0 13 65 1.212200e+01 8.600000e-01 -7.277500e+02 1.746800e+03 0
-3.014900e-01 3.096700e-01 -1.555800e-01 0 14 65 1.159000e+01 8.600000e-01 -5.272700e+02 1.568600e+03 0
-1.260500e-01 3.349800e-01 -1.560300e-01 0 15 65 1.138400e+01 8.600000e-01 -1.810500e+01 1.481600e+03 0
3.609700e-01 3.119900e-01 -1.556200e-01 0 28 65 1.321600e+01 8.600000e-01 1.225800e+03 1.676100e+03 0
6.799100e-01 6.398000e-01 -1.615200e-01 0 29 65 1.474300e+01 8.600000e-01 1.287800e+03 9.156700e+02 0
6.725500e-01 7.379200e-01 -1.632900e-01 0 30 65 1.567500e+01 8.600000e-01 1.189400e+03 8.324200e+02 0
6.711800e-01 8.043600e-01 -1.644900e-01 0 31 65 1.583900e+01 8.600000e-01 1.141600e+03 7.892600e+02 0
6.766400e-01 8.311000e-01 -1.649700e-01 0 32 65 1.533300e+01 8.600000e-01 1.130100e+03 7.742100e+02 0
6.722700e-01 8.748300e-01 -1.657600e-01 0 33 65 1.391800e+01 8.600000e-01 1.101900e+03 7.515800e+02 0
-7.926000e-01 9.164800e-01 -1.665100e-01 0 36 65 1.196300e+01 8.600000e-01 -1.057300e+01 7.106300e+02 0
-8.152400e-01 9.038300e-01 -1.662800e-01 0 37 65 1.233300e+01 8.600000e-01 -3.710600e+01 7.152900e+02 0
-8.277900e-01 9.066300e-01 -1.663300e-01 0 38 65 1.182900e+01 8.600000e-01 -4.363300e+01 714 0
-5.159400e-01 2.033600e+00 -1.866300e-01 0 62 65 1.105400e+01 8.600000e-01 4.728300e+02 5.214200e+02 0
1.268700e+00 1.721200e+00 -1.810000e-01 0 63 65 1.081600e+01 8.600000e-01 1.127600e+03 5.568300e+02 0
-1.651200e+00 1.588900e+00 -1.786200e-01 0 69 65 1.086900e+01 8.600000e-01 -4.331100e+01 5.593100e+02 0
-1.656700e+00 1.677500e+00 -1.802200e-01 0 70 65 1.144900e+01 8.600000e-01 -5.968400e+00 5.493200e+02 0
-1.680700e+00 1.728900e+00 -1.811400e-01 0 71 65 1.131900e+01 8.600000e-01 6.459200e+00 5.439200e+02 0
4.223500e-01 2.949200e+00 -2.031200e-01 0 87 65 1.063800e+01 8.600000e-01 7.492100e+02 4.757600e+02 0
-5.680200e+00 1.879700e+00 2.948800e+00 0 192 65 1.081100e+01 8.600000e-01 -1.064800e+03 -3.889100e+02 0
-5.605200e+00 2.702300e+00 2.498000e+00 0 193 65 1.125100e+01 8.600000e-01 -5.662200e+02 -8.980200e+01 0
-5.739700e+00 2.994700e+00 1.875700e+00 0 194 65 1.118400e+01 8.600000e-01 -4.846200e+02 6.687600e+01 0
-6.510500e+00 1.651600e+00 -1.797500e-01 0 195 65 1.056900e+01 8.600000e-01 -1.668900e+03 5.335900e+02 0
-5.935900e+00 3.359500e+00 -2.105200e-01 0 197 65 1.057500e+01 8.600000e-01 -4.192000e+02 4.557800e+02 0
-5.863800e+00 3.343100e+00 1.654600e+00 0 200 65 1.132300e+01 8.600000e-01 -3.921300e+02 1.334500e+02 0
-9.640500e+00 4.084500e+00 -2.235700e-01 0 303 65 1.153800e+01 8.600000e-01 -7.439500e+02 4.387800e+02 0
-9.341700e+00 4.576700e+00 1.939100e+00 0 304 65 1.182100e+01 8.600000e-01 -5.410800e+02 1.611800e+02 0
-9.206700e+00 5.054600e+00 1.550100e+00 0 305 65 1.150500e+01 8.600000e-01 -4.192300e+02 2.224900e+02 0
-9.400400e+00 5.837800e+00 2.002600e+00 0 323 65 1.246500e+01 8.600000e-01 -2.939400e+02 1.960600e+02 0
-8.214600e+00 9.360200e+00 5.160300e+00 0 387 65 1.248400e+01 8.600000e-01 1.448800e+02 6.084100e+01 0
-8.319400e+00 9.737400e+00 5.218200e+00 0 397 65 1.263000e+01 8.600000e-01 1.589600e+02 6.870900e+01 0
-8.665300e+00 9.698000e+00 4.804900e+00 0 398 65 1.253500e+01 8.600000e-01 1.352600e+02 9.224500e+01 0
-9.990200e+00 8.281900e+00 4.980100e+00 0 399 65 1.207400e+01 8.600000e-01 -4.779500e+01 3.800300e+01 0
-7.986800e+00 1.059600e+01 4.479400e+00 0 402 65 1.265700e+01 8.600000e-01 2.184600e+02 1.314500e+02 0
-8.226100e+00 1.058900e+01 4.160100e+00 0 403 65 1.276600e+01 8.600000e-01 2.043600e+02 1.489100e+02 0
0 0 -1.500000e-01 3.204100e-02 1 66 1.558600e+01 8.600000e-01 2167 -3.612800e+03 0
-7.202900e-02 1.120800e-01 -1.520200e-01 3.204100e-02 5 66 1.439900e+01 8.600000e-01 -3.109100e+03 7.613500e+03 0
-1.585200e-01 1.861000e-01 -1.533500e-01 3.204100e-02 8 66 1.353200e+01 8.600000e-01 -1.088200e+03 2.875400e+03 0
-2.008100e-01 1.907900e-01 -1.534400e-01 3.204100e-02 9 66 1.280600e+01 8.600000e-01 -1.217300e+03 2.751500e+03 0
-2.504700e-01 1.838100e-01 -1.533100e-01 3.204100e-02 10 66 1.280700e+01 8.600000e-01 -1.569600e+03 2.858200e+03 0
-2.646500e-01 2.187000e-01 -1.539400e-01 3.204100e-02 11 66 1.236200e+01 8.600000e-01 -1.107500e+03 2.286200e+03 0
-2.941200e-01 2.202000e-01 -1.539700e-01 3.204100e-02 12 66 1.185800e+01 8.600000e-01 -1.198600e+03 2.255600e+03 0
-3.110400e-01 2.709500e-01 -1.548800e-01 3.204100e-02 13 66 1.108800e+01 8.600000e-01 -7.824500e+02 1.789900e+03 0
-2.943900e-01 3.105000e-01 -1.555900e-01 3.204100e-02 14 66 1.067300e+01 8.600000e-01 -5.060600e+02 1.565800e+03 0
3.609700e-01 2.949900e-01 -1.553100e-01 3.204100e-02 28 66 1.214300e+01 8.600000e-01 1.269100e+03 1782 0
6.799100e-01 6.338800e-01 -1.614200e-01 3.204100e-02 29 66 1.367000e+01 8.600000e-01 1.294300e+03 9.216500e+02 0
6.725500e-01 7.334200e-01 -1.632100e-01 3.204100e-02 30 66 1.460100e+01 8.600000e-01 1.192900e+03 8.356600e+02 0
6.711800e-01 8.044700e-01 -1.644900e-01 3.204100e-02 31 66 1.474300e+01 8.600000e-01 1.141500e+03 7.891900e+02 0
6.766400e-01 8.334800e-01 -1.650100e-01 3.204100e-02 32 66 1.423900e+01 8.600000e-01 1.128700e+03 7.729100e+02 0
6.722700e-01 8.787700e-01 -1.658300e-01 3.204100e-02 33 66 1.284100e+01 8.600000e-01 1.099900e+03 7.496700e+02 0
-9.904000e-01 1.579700e-01 -1.528500e-01 3.204100e-02 34 66 1.014500e+01 8.600000e-01 -5.597500e+03 2.876100e+03 0
-7.421200e-01 9.184400e-01 -1.665400e-01 3.204100e-02 35 66 9.940300e+00 8.600000e-01 2.650500e+01 7.105700e+02 0
-7.926000e-01 9.238700e-01 -1.666400e-01 3.204100e-02 36 66 1.112500e+01 8.600000e-01 -4.637400e+00 7.077800e+02 0
-8.054200e-01 9.280300e-01 -1.667200e-01 3.204100e-02 37 66 1.148700e+01 8.600000e-01 -1.023900e+01 7.060200e+02 0
-8.076000e-01 9.454800e-01 -1.670300e-01 3.204100e-02 38 66 1.102400e+01 8.600000e-01 1.942800e+00 6.995200e+02 0
-5.576000e+00 1.578300e+00 3.303200e+00 3.204100e-02 192 66 1.025600e+01 8.600000e-01 -1.307900e+03 -6.247900e+02 0
-5.500400e+00 2.858600e+00 2.556300e+00 3.204100e-02 193 66 1.075400e+01 8.600000e-01 -4.814100e+02 -7.855200e+01 0
-5.687000e+00 3.103000e+00 1.859900e+00 3.204100e-02 194 66 1.059900e+01 8.600000e-01 -4.367100e+02 7.924300e+01 0
-6.457500e+00 1.657800e+00 -1.798600e-01 3.204100e-02 195 66 1.012500e+01 8.600000e-01 -1.644500e+03 5.332200e+02 0
-9.424400e+00 4.403800e+00 1.939400e+00 3.204100e-02 304 66 1.110800e+01 8.600000e-01 -5.965200e+02 1.539200e+02 0
-9.488200e+00 5.619100e+00 2.203600e+00 3.204100e-02 323 66 1.180700e+01 8.600000e-01 -3.379000e+02 1.697600e+02 0
-9.721500e+00 5.787700e+00 2.690500e+00 3.204100e-02 334 66 1.160600e+01 8.600000e-01 -3.296400e+02 1.277400e+02 0
-8.427400e+00 9.514000e+00 5.451700e+00 3.204100e-02 397 66 1.177100e+01 8.600000e-01 1.406100e+02 4.824500e+01 0
-8.773700e+00 9.522500e+00 4.957000e+00 3.204100e-02 398 66 1.173600e+01 8.600000e-01 1.189500e+02 7.845800e+01 0
-9.990200e+00 8.183100e+00 5.140700e+00 3.204100e-02 399 66 1.127800e+01 8.600000e-01 -5.582400e+01 2.327900e+01 0
-7.877400e+00 1.073400e+01 4.341200e+00 3.204100e-02 402 66 1.163800e+01 8.600000e-01 2.303300e+02 1.417000e+02 0
-8.116400e+00 1.061500e+01 4.306600e+00 3.204100e-02 403 66 1.176300e+01 8.600000e-01 2.118400e+02 1.413500e+02 0
0 0 -1.500000e-01 6.408200e-02 1 67 1.012400e+01 8.600000e-01 2167 -3.612800e+03 0
-2.728400e-03 3.451700e-02 -1.506200e-01 6.408200e-02 2 67 9.670800e+00 8.600000e-01 3.510700e+03 -7.127800e+03 0
6.630000e-01 8.112400e-01 -1.646100e-01 6.408200e-02 31 67 9.778300e+00 8.600000e-01 1.129800e+03 7.850800e+02 0
0 0 -1.500000e-01 -3.204100e-02 1 64 1.556500e+01 8.600000e-01 2167 -3.612800e+03 0
-5.402200e-02 7.330100e-02 -1.513200e-01 -3.204100e-02 4 64 1.535400e+01 8.600000e-01 -112940 234040 0
-7.202900e-02 1.116100e-01 -1.520100e-01 -3.204100e-02 5 64 1.438100e+01 8.600000e-01 -3.153400e+03 7.697800e+03 0
-1.585200e-01 1.861000e-01 -1.533500e-01 -3.204100e-02 8 64 1.352600e+01 8.600000e-01 -1.088200e+03 2.875400e+03 0
-2.008100e-01 1.912300e-01 -1.534400e-01 -3.204100e-02 9 64 1.279100e+01 8.600000e-01 -1.210500e+03 2.743100e+03 0
-2.480100e-01 1.867800e-01 -1.533600e-01 -3.204100e-02 10 64 1.279300e+01 8.600000e-01 -1.502800e+03 2.798900e+03 0
-2.619200e-01 2.220800e-01 -1.540000e-01 -3.204100e-02 11 64 1.233200e+01 8.600000e-01 -1.058700e+03 2.246100e+03 0
-2.881200e-01 2.316000e-01 -1.541700e-01 -3.204100e-02 12 64 1.184800e+01 8.600000e-01 -1.049300e+03 2.129700e+03 0
-3.077600e-01 2.788700e-01 -1.550200e-01 -3.204100e-02 13 64 1.106700e+01 8.600000e-01 -7.192100e+02 1.738500e+03 0
-3.085800e-01 3.018800e-01 -1.554400e-01 -3.204100e-02 14 64 1.053200e+01 8.600000e-01 -5.848500e+02 1.606500e+03 0
3.609700e-01 3.149800e-01 -1.556700e-01 -3.204100e-02 28 64 1.223000e+01 8.600000e-01 1.218800e+03 1.659100e+03 0
6.799100e-01 6.473100e-01 -1.616600e-01 -3.204100e-02 29 64 1.377200e+01 8.600000e-01 1.279700e+03 9.082600e+02 0
6.725500e-01 7.420800e-01 -1.633700e-01 -3.204100e-02 30 64 1.469900e+01 8.600000e-01 1.186200e+03 8.294600e+02 0
6.711800e-01 8.039200e-01 -1.644800e-01 -3.204100e-02 31 64 1.487600e+01 8.600000e-01 1.141900e+03 7.895100e+02 0
6.766400e-01 8.288200e-01 -1.649300e-01 -3.204100e-02 32 64 1.437900e+01 8.600000e-01 1.131500e+03 7.754500e+02 0
6.722700e-01 8.708100e-01 -1.656900e-01 -3.204100e-02 33 64 1.298100e+01 8.600000e-01 1.104100e+03 7.535400e+02 0
-7.926000e-01 9.171200e-01 -1.665200e-01 -3.204100e-02 36 64 1.088600e+01 8.600000e-01 -1.005200e+01 7.103800e+02 0
-8.152400e-01 8.983700e-01 -1.661800e-01 -3.204100e-02 37 64 1.125000e+01 8.600000e-01 -4.179100e+01 7.174900e+02 0
-8.277900e-01 8.962500e-01 -1.661400e-01 -3.204100e-02 38 64 1.064300e+01 8.600000e-01 -5.263700e+01 7.181700e+02 0
-1.619000e+00 1.734300e+00 -1.812400e-01 -3.204100e-02 70 64 1.082100e+01 8.600000e-01 3.064900e+01 5.436100e+02 0
-1.642500e+00 1.774300e+00 -1.819600e-01 -3.204100e-02 71 64 1.070800e+01 8.600000e-01 3.755200e+01 5.396400e+02 0
-7.333900e+00 6.674500e+00 9.028200e+00 -3.204100e-02 385 64 1.101500e+01 8.600000e-01 2.386400e+01 -3.708100e+02 0
-7.668100e+00 8.846200e+00 6.612500e+00 -3.204100e-02 386 64 1.131600e+01 8.600000e-01 1.529700e+02 -4.928100e+01 0
-8.109300e+00 9.403100e+00 5.248100e+00 -3.204100e-02 387 64 1.137200e+01 8.600000e-01 154 5.672500e+01 0
-7.986800e+00 1.044100e+01 4.828100e+00 -3.204100e-02 402 64 1.162600e+01 8.600000e-01 2.120600e+02 1.089000e+02 0
-8.116400e+00 1.062100e+01 4.292100e+00 -3.204100e-02 403 64 1.169500e+01 8.600000e-01 2.120800e+02 1.422600e+02 0
