0 0 -1.500000e-01 0 1 65 1.660000e+01 1.040000e+00 2167 -3.612800e+03 0
-7.202900e-02 1.118700e-01 -1.524400e-01 0 5 65 1.532900e+01 1.040000e+00 -3130 7.659900e+03 0
-1.585200e-01 1.861000e-01 -1.540500e-01 0 8 65 1.448200e+01 1.040000e+00 -1.088600e+03 2.879700e+03 0
-2.008100e-01 1.907000e-01 -1.541500e-01 0 9 65 1.378900e+01 1.040000e+00 -1.219100e+03 2.757400e+03 0
-2.480100e-01 1.864900e-01 -1.540600e-01 0 10 65 1.375800e+01 1.040000e+00 -1.508600e+03 2809 0
-2.619200e-01 2.227000e-01 -1.548500e-01 0 11 65 1.316800e+01 1.040000e+00 -1.052100e+03 2.242400e+03 0
-2.851200e-01 2.362100e-01 -1.551500e-01 0 12 65 1.278400e+01 1.040000e+00 -9.927100e+02 2.087100e+03 0
-3.044900e-01 2.818100e-01 -1.561400e-01 0 13 65 1.193500e+01 1.040000e+00 -6.916200e+02 1.724100e+03 0
-3.085800e-01 3.043600e-01 -1.566300e-01 0 14 65 1.147300e+01 1.040000e+00 -5.719100e+02 1597 0
-1.260500e-01 2.312200e-01 -1.550400e-01 0 15 65 1.131300e+01 1.040000e+00 -4.752800e+02 2.197300e+03 0
3.609700e-01 3.390500e-01 -1.573900e-01 0 28 65 1.322300e+01 1.040000e+00 1169 1.540100e+03 0
6.799100e-01 6.370100e-01 -1.638800e-01 0 29 65 1.475000e+01 1.040000e+00 1291 9.212900e+02 0
6.725500e-01 7.366000e-01 -1.660500e-01 0 30 65 1.567600e+01 1.040000e+00 1.190500e+03 8.361000e+02 0
6.711800e-01 8.044300e-01 -1.675200e-01 0 31 65 1.579900e+01 1.040000e+00 1.141700e+03 7.919100e+02 0
6.766400e-01 8.323600e-01 -1.681300e-01 0 32 65 1.517400e+01 1.040000e+00 1.129500e+03 7.762000e+02 0
6.722700e-01 8.832200e-01 -1.692400e-01 0 33 65 1.348800e+01 1.040000e+00 1.097700e+03 7.501900e+02 0
-4.081700e-01 8.278000e-01 -1.680300e-01 0 35 65 1.092800e+01 1.040000e+00 2.141700e+02 7.583000e+02 0
-8.116900e-01 9.035900e-01 -1.696800e-01 0 36 65 1.188400e+01 1.040000e+00 -3.487000e+01 7.179200e+02 0
-8.250600e-01 9.127000e-01 -1.698800e-01 0 37 65 1.224500e+01 1.040000e+00 -3.663200e+01 7.141300e+02 0
-8.479800e-01 9.296400e-01 -1.702500e-01 0 38 65 1.173600e+01 1.040000e+00 -3.846700e+01 7.073100e+02 0
-8.812700e-01 9.506200e-01 -1.707100e-01 0 39 65 1.037500e+01 1.040000e+00 -4.394100e+01 6.991800e+02 0
-5.893300e-01 2.010200e+00 -1.937900e-01 0 61 65 1.029600e+01 1.040000e+00 4.466400e+02 5.253700e+02 0
-6.324400e-01 2.033700e+00 -1.943000e-01 0 62 65 1.038800e+01 1.040000e+00 4.359400e+02 5.234500e+02 0
-5.702300e+00 2.910000e+00 1.744900e+00 0 191 65 1.014000e+01 1.040000e+00 -5.112900e+02 8.384000e+01 0
-5.628100e+00 2.719900e+00 2.328100e+00 0 192 65 1.049000e+01 1.040000e+00 -5.658400e+02 -5.287300e+01 0
-5.459500e+00 8.249100e+00 2.172000e+00 0 291 65 1.123500e+01 1.040000e+00 2.684900e+02 2.289100e+02 0
-5.716500e+00 8.054600e+00 2.392800e+00 0 292 65 1.130000e+01 1.040000e+00 2.395000e+02 2.098100e+02 0
-9.588400e+00 4.810300e+00 1.699800e+00 0 312 65 1.170900e+01 1.040000e+00 -5.154300e+02 1.985900e+02 0
-9.874600e+00 3.964900e+00 2.344600e+00 0 313 65 1.164300e+01 1.040000e+00 -7.845900e+02 7.730600e+01 0
-9.838300e+00 5.461000e+00 3.449500e+00 0 338 65 1.175000e+01 1.040000e+00 -3.941000e+02 3.737100e+01 0
-9.683000e+00 5.315500e+00 4.161800e+00 0 339 65 1.169300e+01 1.040000e+00 -4.008700e+02 -4.488200e+01 0
-9.186200e+00 8.663800e+00 4.818300e+00 0 388 65 1.268800e+01 1.040000e+00 3.670200e+01 6.124200e+01 0
-8.998200e+00 8.998400e+00 4.655200e+00 0 389 65 1.235400e+01 1.040000e+00 7.188500e+01 8.203200e+01 0
0 0 -1.500000e-01 3.204100e-02 1 66 1.558800e+01 1.040000e+00 2167 -3.612800e+03 0
-7.202900e-02 1.123800e-01 -1.524500e-01 3.204100e-02 5 66 1.431800e+01 1.040000e+00 -3.083100e+03 7.570500e+03 0
-1.585200e-01 1.860700e-01 -1.540500e-01 3.204100e-02 8 66 1.346900e+01 1.040000e+00 -1089 2.880300e+03 0
-2.008100e-01 1.921500e-01 -1.541900e-01 3.204100e-02 9 66 1.278700e+01 1.040000e+00 -1197 2.729900e+03 0
-2.480100e-01 1.881300e-01 -1.541000e-01 3.204100e-02 10 66 1.272900e+01 1.040000e+00 -1.479100e+03 2.776400e+03 0
-2.592000e-01 2.276900e-01 -1.549600e-01 3.204100e-02 11 66 1.206500e+01 1.040000e+00 -9.888800e+02 2.186200e+03 0
-2.881200e-01 2.304600e-01 -1.550200e-01 3.204100e-02 12 66 1.174300e+01 1.040000e+00 -1.061500e+03 2.145300e+03 0
-3.044900e-01 2.784300e-01 -1.560700e-01 3.204100e-02 13 66 1.079400e+01 1.040000e+00 -7.133800e+02 1.745300e+03 0
3.609700e-01 3.773200e-01 -1.582200e-01 3.204100e-02 28 66 1.221500e+01 1.040000e+00 1.106600e+03 1.387100e+03 0
6.799100e-01 6.321200e-01 -1.637700e-01 3.204100e-02 29 66 1.374600e+01 1.040000e+00 1.296500e+03 9.262700e+02 0
6.725500e-01 7.337800e-01 -1.659800e-01 3.204100e-02 30 66 1.467200e+01 1.040000e+00 1.192700e+03 8.381400e+02 0
6.711800e-01 8.044800e-01 -1.675200e-01 3.204100e-02 31 66 1.477700e+01 1.040000e+00 1.141600e+03 7.918800e+02 0
6.766400e-01 8.338000e-01 -1.681600e-01 3.204100e-02 32 66 1.408200e+01 1.040000e+00 1.128600e+03 7.754100e+02 0
6.635400e-01 8.934100e-01 -1.694600e-01 3.204100e-02 33 66 1.224400e+01 1.040000e+00 1.085400e+03 7.452500e+02 0
7.473000e-01 8.618300e-01 -1.687700e-01 3.204100e-02 34 66 1.094500e+01 1.040000e+00 1.172800e+03 7.620300e+02 0
-4.081700e-01 9.451200e-01 -1.705900e-01 3.204100e-02 35 66 1.032200e+01 1.040000e+00 2.777300e+02 7.074900e+02 0
-8.116900e-01 9.013600e-01 -1.696400e-01 3.204100e-02 36 66 1.107000e+01 1.040000e+00 -3.677600e+01 7.188200e+02 0
-8.348900e-01 9.068500e-01 -1.697500e-01 3.204100e-02 37 66 1.138300e+01 1.040000e+00 -4.856200e+01 7.162900e+02 0
-8.681700e-01 9.340800e-01 -1.703500e-01 3.204100e-02 38 66 1.077100e+01 1.040000e+00 -4.867300e+01 7.053800e+02 0
-5.222100e+00 7.923200e+00 3.539000e+00 3.204100e-02 291 66 1.067300e+01 1.040000e+00 2.710600e+02 1.226600e+02 0
-5.398900e+00 8.067400e+00 3.008200e+00 3.204100e-02 292 66 1.069600e+01 1.040000e+00 2.646200e+02 1.652400e+02 0
-9.588400e+00 4.462600e+00 2.472400e+00 3.204100e-02 312 66 1.098500e+01 1.040000e+00 -5.958400e+02 9.030500e+01 0
-9.874600e+00 3.299600e+00 3.214100e+00 3.204100e-02 313 66 1.094900e+01 1.040000e+00 -1.037800e+03 -1.142200e+02 0
-9.930200e+00 5.475300e+00 3.150400e+00 3.204100e-02 338 66 1.092800e+01 1.040000e+00 -4.027000e+02 6.863700e+01 0
-9.590800e+00 5.594000e+00 4.007500e+00 3.204100e-02 339 66 1.086000e+01 1.040000e+00 -3.420300e+02 -1.109000e+01 0
0 0 -1.500000e-01 6.408200e-02 1 67 1.064700e+01 1.040000e+00 2167 -3.612800e+03 0
6.804600e-01 7.270600e-01 -1.658400e-01 6.408200e-02 30 67 9.908400e+00 1.040000e+00 1.206200e+03 8.432800e+02 0
6.875500e-01 7.905300e-01 -1.672200e-01 6.408200e-02 31 67 9.986000e+00 1.040000e+00 1166 8.006100e+02 0
-2.635600e-01 2.359800e+00 -2.014100e-01 1.121400e+00 70 100 1.004800e+01 1.040000e+00 5.732200e+02 5.033100e+02 0
-2.673800e-01 2.372100e+00 -2.016700e-01 1.121400e+00 71 100 1.029700e+01 1.040000e+00 5.728200e+02 5.026200e+02 0
-2.864800e-01 2.350000e+00 -2.011900e-01 1.153500e+00 71 101 1.038700e+01 1.040000e+00 5.663800e+02 5.038100e+02 0
-2.905700e-01 2.350400e+00 -2.012000e-01 1.153500e+00 72 101 9.932400e+00 1.040000e+00 5.652700e+02 5.037800e+02 0
0 0 -1.500000e-01 -6.408200e-02 1 63 1.023400e+01 1.040000e+00 2167 -3.612800e+03 0
-1.937200e-02 1.270500e-02 -1.502800e-01 -6.408200e-02 2 63 1.006300e+01 1.040000e+00 2.695500e+03 -4.492600e+03 0
6.883700e-01 7.426400e-01 -1.661800e-01 -6.408200e-02 30 63 9.554400e+00 1.040000e+00 1.201900e+03 8.321900e+02 0
6.711800e-01 8.036200e-01 -1.675100e-01 -6.408200e-02 31 63 9.658800e+00 1.040000e+00 1.142200e+03 7.923800e+02 0
0 0 -1.500000e-01 -3.204100e-02 1 64 1.557900e+01 1.040000e+00 2167 -3.612800e+03 0
-7.093800e-02 1.124400e-01 -1.524500e-01 -3.204100e-02 5 64 1.430000e+01 1.040000e+00 -3.063400e+03 7.565200e+03 0
-1.585200e-01 1.861000e-01 -1.540500e-01 -3.204100e-02 8 64 1.346300e+01 1.040000e+00 -1.088600e+03 2.879700e+03 0
-2.008100e-01 1.902600e-01 -1.541400e-01 -3.204100e-02 9 64 1.275800e+01 1.040000e+00 -1.226100e+03 2.766100e+03 0
-2.504700e-01 1.812600e-01 -1.539500e-01 -3.204100e-02 10 64 1.277500e+01 1.040000e+00 -1620 2.917200e+03 0
-2.619200e-01 2.219700e-01 -1.548400e-01 -3.204100e-02 11 64 1.219800e+01 1.040000e+00 -1.060400e+03 2.251200e+03 0
-2.851200e-01 2.364900e-01 -1.551500e-01 -3.204100e-02 12 64 1.176300e+01 1.040000e+00 -9.900300e+02 2.084400e+03 0
-3.044900e-01 2.827200e-01 -1.561600e-01 -3.204100e-02 13 64 1.088700e+01 1.040000e+00 -6.858500e+02 1.718500e+03 0
3.683300e-01 2.810200e-01 -1.561200e-01 -3.204100e-02 28 64 1.218900e+01 1.040000e+00 1.335300e+03 1.888600e+03 0
6.799100e-01 6.389900e-01 -1.639200e-01 -3.204100e-02 29 64 1.371100e+01 1.040000e+00 1.288800e+03 9.192900e+02 0
6.725500e-01 7.387500e-01 -1.660900e-01 -3.204100e-02 30 64 1.464800e+01 1.040000e+00 1.188900e+03 8.345500e+02 0
6.793700e-01 7.973900e-01 -1.673700e-01 -3.204100e-02 31 64 1.478700e+01 1.040000e+00 1.153800e+03 7.962700e+02 0
6.766400e-01 8.311200e-01 -1.681100e-01 -3.204100e-02 32 64 1.420800e+01 1.040000e+00 1.130200e+03 7.768700e+02 0
6.722700e-01 8.825800e-01 -1.692300e-01 -3.204100e-02 33 64 1.262000e+01 1.040000e+00 1098 7.504900e+02 0
-8.212400e-01 8.964200e-01 -1.695300e-01 -3.204100e-02 36 64 1.081400e+01 1.040000e+00 -4.788100e+01 7.206800e+02 0
-8.250600e-01 9.144100e-01 -1.699200e-01 -3.204100e-02 37 64 1.115300e+01 1.040000e+00 -3.520100e+01 7.134600e+02 0
-8.277900e-01 9.407700e-01 -1.704900e-01 -3.204100e-02 38 64 1.067900e+01 1.040000e+00 -1.558700e+01 7.034500e+02 0
-9.809100e+00 5.642700e+00 3.103900e+00 -3.204100e-02 337 64 1.039300e+01 1.040000e+00 -3.605900e+02 8.117400e+01 0
-9.654400e+00 5.923700e+00 3.196200e+00 -3.204100e-02 338 64 1.067400e+01 1.040000e+00 -2.984900e+02 8.472000e+01 0
-9.576600e+00 6.910500e+00 3.285400e+00 -3.204100e-02 352 64 1.062300e+01 1.040000e+00 -1.576500e+02 1.147700e+02 0
-9.892000e+00 6.215600e+00 3.825100e+00 -3.204100e-02 353 64 1.056800e+01 1.040000e+00 -2.732700e+02 4.064900e+01 0
-9.566000e+00 7.269000e+00 5.385000e+00 -3.204100e-02 378 64 1.151300e+01 1.040000e+00 -1.101200e+02 -3.598700e+01 0
-9.080600e+00 8.869600e+00 4.640700e+00 -3.204100e-02 388 64 1.211700e+01 1.040000e+00 5.782400e+01 7.917000e+01 0
-8.892300e+00 9.151000e+00 4.560200e+00 -3.204100e-02 389 64 1.178900e+01 1.040000e+00 8.840300e+01 9.232100e+01 0
