0 0 -1.500000e-01 0 1 65 1.666100e+01 4.500000e+00 2167 -3.612800e+03 0
-7.202900e-02 1.119400e-01 -1.593900e-01 0 5 65 1.525500e+01 4.500000e+00 -3.150800e+03 7.808100e+03 0
-1.585200e-01 1.859600e-01 -1.656000e-01 0 8 65 1.438600e+01 4.500000e+00 -1.097200e+03 2.953400e+03 0
-2.008100e-01 1.930200e-01 -1.662000e-01 0 9 65 1.392200e+01 4.500000e+00 -1.190600e+03 2.781400e+03 0
-2.480100e-01 1.871400e-01 -1.657000e-01 0 10 65 1.373600e+01 4.500000e+00 -1.504900e+03 2.864400e+03 0
-2.619200e-01 2.226600e-01 -1.686800e-01 0 11 65 1.306200e+01 4.500000e+00 -1.058300e+03 2.303700e+03 0
-2.851200e-01 2.373500e-01 -1.699200e-01 0 12 65 1.274700e+01 4.500000e+00 -9.869300e+02 2.134200e+03 0
-3.077600e-01 2.794000e-01 -1.734500e-01 0 13 65 1.197000e+01 4.500000e+00 -7.200700e+02 1.792300e+03 0
-3.121300e-01 2.998200e-01 -1.751600e-01 0 14 65 1.142000e+01 4.500000e+00 -6.087500e+02 1.672200e+03 0
-1.184100e-01 3.657100e-01 -1.806900e-01 0 15 65 1.132900e+01 4.500000e+00 7.017600e+01 1.420700e+03 0
3.609700e-01 3.359300e-01 -1.781900e-01 0 28 65 1.315200e+01 4.500000e+00 1.177500e+03 1610 0
6.799100e-01 6.390300e-01 -2.036200e-01 0 29 65 1.470300e+01 4.500000e+00 1.291300e+03 9.657400e+02 0
6.725500e-01 7.370800e-01 -2.118500e-01 0 30 65 1.564800e+01 4.500000e+00 1.192300e+03 8.809000e+02 0
6.793700e-01 7.975400e-01 -2.169200e-01 0 31 65 1.580300e+01 4.500000e+00 1.155700e+03 8.407100e+02 0
6.766400e-01 8.309900e-01 -2.197300e-01 0 32 65 1.525500e+01 4.500000e+00 1.132200e+03 8.211600e+02 0
6.722700e-01 8.726300e-01 -2.232200e-01 0 33 65 1.371500e+01 4.500000e+00 1.105100e+03 7.991800e+02 0
-3.710600e-01 3.433200e-01 -1.788100e-01 0 35 65 1.058000e+01 4.500000e+00 -5.315800e+02 1.468500e+03 0
-7.926000e-01 9.296800e-01 -2.280100e-01 0 36 65 1.175300e+01 4.500000e+00 -1.455800e+00 7.490400e+02 0
-8.250600e-01 9.212200e-01 -2.273000e-01 0 37 65 1.226000e+01 4.500000e+00 -3.094500e+01 7.517900e+02 0
-8.479800e-01 9.105300e-01 -2.264000e-01 0 38 65 1.193600e+01 4.500000e+00 -5.612600e+01 7.556100e+02 0
-8.709000e-01 8.838500e-01 -2.241700e-01 0 39 65 1.056800e+01 4.500000e+00 -9.668600e+01 7.661300e+02 0
-6.007100e+00 1.206400e+00 -2.512300e-01 0 180 65 1.020700e+01 4.500000e+00 -2.254900e+03 6.266500e+02 0
0 0 -1.500000e-01 3.204100e-02 1 66 1.564200e+01 4.500000e+00 2167 -3.612800e+03 0
-7.202900e-02 1.123900e-01 -1.594300e-01 3.204100e-02 5 66 1.424800e+01 4.500000e+00 -3108 7.725700e+03 0
-1.604300e-01 1.841400e-01 -1.654500e-01 3.204100e-02 8 66 1.334800e+01 4.500000e+00 -1.135100e+03 2.992100e+03 0
-2.008100e-01 1.933600e-01 -1.662300e-01 3.204100e-02 9 66 1.291400e+01 4.500000e+00 -1.185500e+03 2775 0
-2.480100e-01 1.878300e-01 -1.657600e-01 3.204100e-02 10 66 1.274300e+01 4.500000e+00 -1.492500e+03 2.850600e+03 0
-2.619200e-01 2.233200e-01 -1.687400e-01 3.204100e-02 11 66 1.213500e+01 4.500000e+00 -1051 2.295800e+03 0
-2.881200e-01 2.331200e-01 -1.695600e-01 3.204100e-02 12 66 1.177600e+01 4.500000e+00 -1.039400e+03 2.176300e+03 0
-3.044900e-01 2.815900e-01 -1.736300e-01 3.204100e-02 13 66 1.104600e+01 4.500000e+00 -6.970300e+02 1.779200e+03 0
-3.085800e-01 3.036000e-01 -1.754800e-01 3.204100e-02 14 66 1.048600e+01 4.500000e+00 -5.794400e+02 1653 0
3.609700e-01 3.514600e-01 -1.794900e-01 3.204100e-02 28 66 1.207800e+01 4.500000e+00 1.149200e+03 1.539900e+03 0
6.799100e-01 6.357300e-01 -2.033500e-01 3.204100e-02 29 66 1.366500e+01 4.500000e+00 1.294900e+03 9.691300e+02 0
6.725500e-01 7.358800e-01 -2.117500e-01 3.204100e-02 30 66 1.462200e+01 4.500000e+00 1.193300e+03 8.817800e+02 0
6.711800e-01 8.044700e-01 -2.175100e-01 3.204100e-02 31 66 1.478300e+01 4.500000e+00 1.143600e+03 8.363300e+02 0
6.766400e-01 8.327200e-01 -2.198800e-01 3.204100e-02 32 66 1.424200e+01 4.500000e+00 1.131200e+03 8.202100e+02 0
6.810000e-01 8.711200e-01 -2.231000e-01 3.204100e-02 33 66 1.269200e+01 4.500000e+00 1.113200e+03 8.001000e+02 0
-3.988900e-01 4.924100e-01 -1.913200e-01 3.204100e-02 35 66 9.833500e+00 4.500000e+00 -1.467100e+02 1.101600e+03 0
-7.926000e-01 9.304800e-01 -2.280800e-01 3.204100e-02 36 66 1.093200e+01 4.500000e+00 -8.255900e-01 7.487300e+02 0
-8.152400e-01 9.349200e-01 -2.284500e-01 3.204100e-02 37 66 1.141600e+01 4.500000e+00 -1.298600e+01 7.467100e+02 0
-8.479800e-01 9.092200e-01 -2.262900e-01 3.204100e-02 38 66 1.114200e+01 4.500000e+00 -5.726700e+01 7.561300e+02 0
-8.501600e-01 8.817400e-01 -2.239900e-01 3.204100e-02 39 66 9.894600e+00 4.500000e+00 -8.355300e+01 7.673700e+02 0
6.122500e-01 6.897800e+00 1.673900e+00 -1.025300e+00 205 33 1.019500e+01 4.500000e+00 7.316000e+02 243 0
6.152500e-01 6.854000e+00 1.974700e+00 -1.025300e+00 206 33 1.037600e+01 4.500000e+00 7.316600e+02 2.157200e+02 0
-5.118400e-01 9.255400e+00 -9.266400e-01 -1.025300e+00 269 33 1.103200e+01 4.500000e+00 6.468500e+02 4.453700e+02 0
-5.137500e-01 9.331600e+00 -9.330300e-01 -1.025300e+00 270 33 1.166000e+01 4.500000e+00 6.471100e+02 4.451000e+02 0
-5.156600e-01 9.365700e+00 -9.359000e-01 -1.025300e+00 271 33 1.152700e+01 4.500000e+00 6.471500e+02 4.449800e+02 0
-4.436400e-01 9.430600e+00 -9.413500e-01 -1.025300e+00 272 33 1.059600e+01 4.500000e+00 6.523600e+02 4.447900e+02 0
-7.530300e-02 9.631100e+00 -9.581600e-01 -1.025300e+00 277 33 1.116200e+01 4.500000e+00 6.777100e+02 4.442500e+02 0
0 9.665400e+00 -9.610400e-01 -1.025300e+00 278 33 1.137600e+01 4.500000e+00 6.827600e+02 4.441600e+02 0
-7.584900e-02 9.703100e+00 -9.642100e-01 -1.025300e+00 279 33 1.099900e+01 4.500000e+00 6.778000e+02 4.440100e+02 0
-3.044900e-01 9.733000e+00 -9.667200e-01 -1.025300e+00 280 33 1.056300e+01 4.500000e+00 6.628100e+02 4.438400e+02 0
-3.819700e-01 9.706300e+00 -9.644700e-01 -1.025300e+00 281 33 1.068000e+01 4.500000e+00 6.576100e+02 4.439000e+02 0
-4.600100e-01 9.768900e+00 -9.697300e-01 -1.025300e+00 282 33 1.086200e+01 4.500000e+00 6.527400e+02 4.436800e+02 0
-1.620700e-01 1.036000e+01 -1.019400e+00 -1.025300e+00 298 33 1.068200e+01 4.500000e+00 6.735100e+02 4.420100e+02 0
8.130600e-02 1.040600e+01 -1.023200e+00 -1.025300e+00 299 33 1.105100e+01 4.500000e+00 6.885900e+02 4.419600e+02 0
8.157900e-02 1.043700e+01 -1.025800e+00 -1.025300e+00 300 33 1.070000e+01 4.500000e+00 6.886200e+02 4.418700e+02 0
4.406300e-01 1.124700e+01 -1.093700e+00 -1.025300e+00 324 33 1.103000e+01 4.500000e+00 7.095000e+02 4.398800e+02 0
4.420000e-01 1.130100e+01 -1.098300e+00 -1.025300e+00 325 33 1.179700e+01 4.500000e+00 7.095000e+02 4.397500e+02 0
3.546900e-01 1.130600e+01 -1.098700e+00 -1.025300e+00 326 33 1.185300e+01 4.500000e+00 7.045400e+02 4.397200e+02 0
2.668400e-01 1.124500e+01 1.762800e+00 -1.025300e+00 327 33 1.122000e+01 4.500000e+00 6.972100e+02 2.842600e+02 0
4.460900e-01 1.107000e+01 2.769100e+00 -1.025300e+00 328 33 1.112600e+01 4.500000e+00 7.066700e+02 2.281100e+02 0
4.474500e-01 1.131200e+01 1.744200e+00 -1.025300e+00 329 33 1.195200e+01 4.500000e+00 7.073400e+02 2.856900e+02 0
4.488200e-01 1.139700e+01 -1.106300e+00 -1.025300e+00 330 33 1.238100e+01 4.500000e+00 7.097600e+02 4.395300e+02 0
4.501800e-01 1.145400e+01 -1.111100e+00 -1.025300e+00 331 33 1.238200e+01 4.500000e+00 7.097500e+02 4.394000e+02 0
7.443000e-01 1.170900e+01 2.042400e+00 -1.025300e+00 342 33 1.179200e+01 4.500000e+00 7.227200e+02 2.727800e+02 0
6.531700e-01 1.180200e+01 1.717900e+00 -1.025300e+00 343 33 1.163500e+01 4.500000e+00 7.178600e+02 2.901600e+02 0
6.799100e-01 1.223800e+01 2.083400e+00 -1.025300e+00 357 33 1.110800e+01 4.500000e+00 7.180700e+02 2.746100e+02 0
4.870200e-01 1.235600e+01 1.588300e+00 -1.025300e+00 358 33 1.115000e+01 4.500000e+00 7.083100e+02 2.997700e+02 0
1.319400e+00 1.288100e+01 -1.230800e+00 -1.025300e+00 373 33 1.108800e+01 4.500000e+00 7.514000e+02 4.366700e+02 0
1.538800e+00 1.267000e+01 3.085800e+00 -1.025300e+00 377 33 1.118300e+01 4.500000e+00 7.594500e+02 2.295700e+02 0
1.645800e+00 1.268300e+01 3.127300e+00 -1.025300e+00 378 33 1.111800e+01 4.500000e+00 7.647100e+02 2.277000e+02 0
1.579700e+00 1.320100e+01 2.224100e+00 -1.025300e+00 387 33 1.131800e+01 4.500000e+00 7.595400e+02 2.743600e+02 0
1.404600e+00 1.370500e+01 -1.300000e+00 -1.025300e+00 397 33 1.153700e+01 4.500000e+00 7.519300e+02 4.352500e+02 0
1.408100e+00 1.374800e+01 -1.303600e+00 -1.025300e+00 398 33 1.158100e+01 4.500000e+00 7.519100e+02 4.351800e+02 0
2.106300e-01 6.697800e+00 -7.120300e-01 -9.932700e-01 194 34 1.006100e+01 4.500000e+00 6.979100e+02 4.582100e+02 0
2.646500e-01 6.515200e+00 1.839700e+00 -9.932700e-01 195 34 1.134700e+01 4.500000e+00 6.996700e+02 2.208500e+02 0
2.660200e-01 6.522300e+00 1.940400e+00 -9.932700e-01 196 34 1.245100e+01 4.500000e+00 6.996600e+02 2.117100e+02 0
2.673800e-01 6.585100e+00 1.849000e+00 -9.932700e-01 197 34 1.295800e+01 4.500000e+00 6.998600e+02 2.215000e+02 0
2.687500e-01 6.630100e+00 1.817200e+00 -9.932700e-01 198 34 1.284900e+01 4.500000e+00 6.999900e+02 2.253400e+02 0
2.701100e-01 6.637000e+00 1.921300e+00 -9.932700e-01 199 34 1.224300e+01 4.500000e+00 6.999700e+02 2.160200e+02 0
3.257700e-01 6.578000e+00 2.218600e+00 -9.932700e-01 200 34 1.113800e+01 4.500000e+00 7.049600e+02 1.875000e+02 0
7.200200e-01 6.704300e+00 2.189600e+00 -9.932700e-01 204 34 1.275800e+01 4.500000e+00 7.421000e+02 1.930700e+02 0
6.122500e-01 6.756700e+00 2.174600e+00 -9.932700e-01 205 34 1.297800e+01 4.500000e+00 7.316100e+02 1.958000e+02 0
5.593200e-01 6.842900e+00 2.029200e+00 -9.932700e-01 206 34 1.303300e+01 4.500000e+00 7.264400e+02 2.107200e+02 0
6.182500e-01 6.852400e+00 2.102000e+00 -9.932700e-01 207 34 1.322000e+01 4.500000e+00 7.317400e+02 2.044900e+02 0
3.486900e-01 7.104000e+00 2.178400e+00 -9.932700e-01 214 34 1.242500e+01 4.500000e+00 7.062000e+02 2.037600e+02 0
4.087100e-01 7.145500e+00 2.151500e+00 -9.932700e-01 215 34 1.262100e+01 4.500000e+00 7.114900e+02 2.069000e+02 0
2.933000e-01 7.272300e+00 1.845500e+00 -9.932700e-01 216 34 1.270700e+01 4.500000e+00 7.015100e+02 2.350300e+02 0
-3.246800e-01 8.197500e+00 -8.378700e-01 -9.932700e-01 239 34 1.269500e+01 4.500000e+00 6.553200e+02 4.496400e+02 0
-1.320500e-01 8.401600e+00 -8.550000e-01 -9.932700e-01 243 34 1.254200e+01 4.500000e+00 6.709500e+02 4.488200e+02 0
-7.953200e-01 9.067100e+00 1.674400e+00 -9.932700e-01 266 34 1.256800e+01 4.500000e+00 6.241400e+02 2.718400e+02 0
-6.580900e-01 9.197700e+00 1.602900e+00 -9.932700e-01 269 34 1.297700e+01 4.500000e+00 6.345800e+02 2.777700e+02 0
-5.871500e-01 9.337000e+00 -9.334800e-01 -9.932700e-01 270 34 1.316500e+01 4.500000e+00 6.421200e+02 4.450600e+02 0
-8.163300e-01 9.198700e+00 2.225200e+00 -9.932700e-01 273 34 1.322700e+01 4.500000e+00 6.233300e+02 2.370900e+02 0
-8.193300e-01 9.302000e+00 1.923500e+00 -9.932700e-01 274 34 1.294400e+01 4.500000e+00 6.241000e+02 2.579700e+02 0
3.536000e-01 1.124000e+01 -1.093200e+00 -9.932700e-01 325 34 1.332500e+01 4.500000e+00 7.045400e+02 4.398800e+02 0
3.546900e-01 1.123100e+01 1.598800e+00 -9.932700e-01 326 34 1.357400e+01 4.500000e+00 7.023200e+02 2.930100e+02 0
3.557800e-01 1.119400e+01 2.047800e+00 -9.932700e-01 327 34 1.316400e+01 4.500000e+00 7.020300e+02 2.684800e+02 0
4.460900e-01 1.118300e+01 2.271000e+00 -9.932700e-01 328 34 1.298400e+01 4.500000e+00 7.069700e+02 2.563100e+02 0
5.369500e-01 1.130100e+01 1.792700e+00 -9.932700e-01 329 34 1.348600e+01 4.500000e+00 7.123400e+02 2.829900e+02 0
5.385800e-01 1.139600e+01 -1.106200e+00 -9.932700e-01 330 34 1.387600e+01 4.500000e+00 7.148200e+02 4.395600e+02 0
5.402200e-01 1.146200e+01 -1.111800e+00 -9.932700e-01 331 34 1.377000e+01 4.500000e+00 7.147900e+02 4.394000e+02 0
6.512600e-01 1.167900e+01 2.236800e+00 -9.932700e-01 342 34 1.348700e+01 4.500000e+00 7.175700e+02 2.625000e+02 0
6.531700e-01 1.178900e+01 1.802300e+00 -9.932700e-01 343 34 1.322700e+01 4.500000e+00 7.178200e+02 2.857400e+02 0
3.885200e-01 1.200500e+01 3.208800e+00 -9.932700e-01 357 34 1.311000e+01 4.500000e+00 7.022600e+02 2.165000e+02 0
3.896100e-01 1.210300e+01 2.965800e+00 -9.932700e-01 358 34 1.343700e+01 4.500000e+00 7.024400e+02 2.297300e+02 0
3.907000e-01 1.226100e+01 2.414600e+00 -9.932700e-01 359 34 1.316500e+01 4.500000e+00 7.028000e+02 2.585100e+02 0
1.315900e+00 1.277000e+01 1.754600e+00 -9.932700e-01 372 34 1.260300e+01 4.500000e+00 7.490300e+02 2.937600e+02 0
1.420900e+00 1.287100e+01 -1.230000e+00 -9.932700e-01 373 34 1.274700e+01 4.500000e+00 7.565300e+02 4.367100e+02 0
1.408100e+00 1.375800e+01 -1.304500e+00 -9.932700e-01 398 34 1.312200e+01 4.500000e+00 7.518700e+02 4.351700e+02 0
1.628800e+00 1.377200e+01 -1.305600e+00 -9.932700e-01 399 34 1.285300e+01 4.500000e+00 7.621400e+02 4.351900e+02 0
-1.787600e+00 6.097700e+00 -6.616800e-01 -9.612300e-01 183 35 1.072300e+01 4.500000e+00 4.891400e+02 4.614300e+02 0
-1.897300e+00 6.098600e+00 -6.617400e-01 -9.612300e-01 184 35 1.097400e+01 4.500000e+00 4.778200e+02 4.613600e+02 0
-2.008100e+00 6.069400e+00 -6.592900e-01 -9.612300e-01 185 35 1.062700e+01 4.500000e+00 4.652800e+02 4.615200e+02 0
3.705100e-01 6.531800e+00 1.761000e+00 -9.612300e-01 195 35 1.199700e+01 4.500000e+00 7.100600e+02 2.284200e+02 0
3.724200e-01 6.507700e+00 1.971800e+00 -9.612300e-01 196 35 1.307200e+01 4.500000e+00 7.099900e+02 2.083800e+02 0
3.208600e-01 6.564200e+00 1.913600e+00 -9.612300e-01 197 35 1.354600e+01 4.500000e+00 7.049500e+02 2.150800e+02 0
3.224900e-01 6.603500e+00 1.903500e+00 -9.612300e-01 198 35 1.349800e+01 4.500000e+00 7.050600e+02 2.168700e+02 0
3.241300e-01 6.580400e+00 2.099400e+00 -9.612300e-01 199 35 1.300800e+01 4.500000e+00 7.049700e+02 1.984500e+02 0
5.429500e-01 6.054800e+00 3.368000e+00 -9.612300e-01 200 35 1.167600e+01 4.500000e+00 7.267100e+02 5.924100e+01 0
6.646300e-01 6.592000e+00 2.522700e+00 -9.612300e-01 204 35 1.356900e+01 4.500000e+00 7.370400e+02 1.599100e+02 0
6.122500e-01 6.549900e+00 2.735000e+00 -9.612300e-01 205 35 1.355600e+01 4.500000e+00 7.319000e+02 1.393000e+02 0
6.182500e-01 6.850300e+00 2.108900e+00 -9.612300e-01 207 35 1.382100e+01 4.500000e+00 7.317500e+02 2.038300e+02 0
-7.863200e-01 8.668900e+00 2.820000e+00 -9.612300e-01 263 35 1.347600e+01 4.500000e+00 6.208400e+02 1.884700e+02 0
-7.175600e-01 8.775600e+00 2.614500e+00 -9.612300e-01 264 35 1.395500e+01 4.500000e+00 6.267700e+02 2.045100e+02 0
-7.202900e-01 8.854600e+00 2.465900e+00 -9.612300e-01 265 35 1.409700e+01 4.500000e+00 6.272700e+02 2.159400e+02 0
-6.507200e-01 8.920700e+00 2.376300e+00 -9.612300e-01 266 35 1.397400e+01 4.500000e+00 6.327200e+02 223 0
-9.612100e-01 8.946300e+00 2.934300e+00 -9.612300e-01 272 35 1.453000e+01 4.500000e+00 6.107600e+02 1.862800e+02 0
-9.647600e-01 9.105800e+00 2.527200e+00 -9.612300e-01 273 35 1.454900e+01 4.500000e+00 6.122000e+02 2.160300e+02 0
-8.193300e-01 9.179600e+00 2.441800e+00 -9.612300e-01 274 35 1.388600e+01 4.500000e+00 6.228300e+02 2.226800e+02 0
-8.643500e-01 9.580200e+00 2.938400e+00 -9.612300e-01 289 35 1.392100e+01 4.500000e+00 6.225000e+02 1.974800e+02 0
-4.215400e-01 1.043900e+01 2.703400e+00 -9.612300e-01 310 35 1.358900e+01 4.500000e+00 6.550800e+02 2.241800e+02 0
-4.229000e-01 1.033900e+01 3.184600e+00 -9.612300e-01 311 35 1.338300e+01 4.500000e+00 6.542900e+02 195 0
-3.394100e-01 1.041000e+01 3.079100e+00 -9.612300e-01 312 35 1.343500e+01 4.500000e+00 6.596700e+02 2.021600e+02 0
-2.553800e-01 1.044700e+01 3.084600e+00 -9.612300e-01 313 35 1.388900e+01 4.500000e+00 6.648400e+02 2.023700e+02 0
-3.415900e-01 1.054100e+01 2.873600e+00 -9.612300e-01 314 35 1.403300e+01 4.500000e+00 6.601000e+02 2.158000e+02 0
-3.426800e-01 1.065800e+01 2.559000e+00 -9.612300e-01 315 35 1.369800e+01 4.500000e+00 6.606300e+02 2.351000e+02 0
4.488200e-01 1.140500e+01 -1.107000e+00 -9.612300e-01 330 35 1.347700e+01 4.500000e+00 7.097500e+02 4.395100e+02 0
5.713200e-01 1.159800e+01 3.703300e+00 -9.612300e-01 350 35 1.366000e+01 4.500000e+00 7.121100e+02 1.858100e+02 0
3.896100e-01 1.193300e+01 3.591400e+00 -9.612300e-01 358 35 1.372300e+01 4.500000e+00 7.020700e+02 1.964100e+02 0
8.054200e-01 1.264300e+01 2.360400e+00 -9.612300e-01 370 35 1.318600e+01 4.500000e+00 7.233600e+02 2.641200e+02 0
8.076000e-01 1.263300e+01 2.593900e+00 -9.612300e-01 371 35 1.331200e+01 4.500000e+00 7.233100e+02 2.528700e+02 0
9.110100e-01 1.270300e+01 2.382000e+00 -9.612300e-01 372 35 1.305800e+01 4.500000e+00 7.284800e+02 2.635300e+02 0
1.624800e+00 1.370600e+01 -1.300100e+00 -9.612300e-01 398 35 1.256700e+01 4.500000e+00 7.622800e+02 4.353000e+02 0
1.737400e+00 1.371100e+01 -1.300500e+00 -9.612300e-01 399 35 1.258700e+01 4.500000e+00 7.675600e+02 4.353200e+02 0
1.632900e+00 1.368200e+01 2.076900e+00 -9.612300e-01 400 35 1.235600e+01 4.500000e+00 7.598200e+02 2.839500e+02 0
-2.128700e+00 5.355900e+00 -5.994200e-01 -9.291900e-01 167 36 1.070600e+01 4.500000e+00 4.206100e+02 4.678900e+02 0
-2.278200e+00 5.367600e+00 -6.004100e-01 -9.291900e-01 168 36 1.061100e+01 4.500000e+00 4.037400e+02 4.676600e+02 0
-2.006200e+00 5.618600e+00 -6.214700e-01 -9.291900e-01 172 36 1.151600e+01 4.500000e+00 4.471100e+02 4.654100e+02 0
-1.971000e+00 5.673700e+00 -6.260900e-01 -9.291900e-01 173 36 1.206400e+01 4.500000e+00 4.534200e+02 4.649300e+02 0
-1.840800e+00 5.733400e+00 -6.311000e-01 -9.291900e-01 174 36 1.173000e+01 4.500000e+00 4.702300e+02 4.644800e+02 0
-8.070600e-01 5.599300e+00 2.218500e+00 -9.291900e-01 175 36 1.106200e+01 4.500000e+00 5.797700e+02 1.584000e+02 0
-1.680700e+00 5.876100e+00 -6.430700e-01 -9.291900e-01 177 36 1.183600e+01 4.500000e+00 4.928800e+02 4.633300e+02 0
-1.835100e+00 5.887200e+00 -6.440000e-01 -9.291900e-01 178 36 1.211000e+01 4.500000e+00 4.767000e+02 4.631400e+02 0
-2.088300e+00 5.853000e+00 -6.411400e-01 -9.291900e-01 179 36 1.200500e+01 4.500000e+00 4.481900e+02 4.632600e+02 0
-2.197700e+00 5.827100e+00 -6.389700e-01 -9.291900e-01 180 36 1.226400e+01 4.500000e+00 4.353000e+02 4.634100e+02 0
-2.210000e+00 5.865800e+00 -6.422100e-01 -9.291900e-01 181 36 1.201100e+01 4.500000e+00 4.356900e+02 4.630700e+02 0
-2.047100e+00 6.045500e+00 -6.572900e-01 -9.291900e-01 184 36 1.281900e+01 4.500000e+00 4.603100e+02 4.616900e+02 0
-2.138800e+00 6.584000e+00 -7.024800e-01 -9.291900e-01 202 36 1.350300e+01 4.500000e+00 4.706900e+02 4.576600e+02 0
1.178700e-01 6.686300e+00 3.490400e+00 -9.291900e-01 217 36 1.413200e+01 4.500000e+00 6.834600e+02 7.731300e+01 0
1.184100e-01 6.544100e+00 3.820000e+00 -9.291900e-01 218 36 1.423000e+01 4.500000e+00 6.828700e+02 4.155000e+01 0
1.189600e-01 6.548200e+00 3.881900e+00 -9.291900e-01 219 36 1.389900e+01 4.500000e+00 6.828500e+02 3.620600e+01 0
-2.253600e+00 7.864600e+00 -8.099300e-01 -9.291900e-01 237 36 1.405200e+01 4.500000e+00 4.978800e+02 4.503500e+02 0
-2.069200e+00 7.862700e+00 1.549700e+00 -9.291900e-01 238 36 1.417300e+01 4.500000e+00 5.122000e+02 2.681000e+02 0
-1.000800e+00 8.614000e+00 2.918700e+00 -9.291900e-01 263 36 1.358700e+01 4.500000e+00 6.047400e+02 1.806800e+02 0
-7.893200e-01 8.730500e+00 2.741600e+00 -9.291900e-01 264 36 1.416400e+01 4.500000e+00 6.211800e+02 1.950500e+02 0
-7.202900e-01 8.798500e+00 2.659100e+00 -9.291900e-01 265 36 1.423400e+01 4.500000e+00 6.267100e+02 2.018900e+02 0
-9.647600e-01 8.938800e+00 3.066000e+00 -9.291900e-01 273 36 1.408400e+01 4.500000e+00 6.103600e+02 1.773700e+02 0
-1.021500e+00 9.498600e+00 3.145500e+00 -9.291900e-01 289 36 1.355800e+01 4.500000e+00 6.114200e+02 1.831800e+02 0
-7.885000e-01 9.657600e+00 2.823700e+00 -9.291900e-01 290 36 1.333700e+01 4.500000e+00 6.280600e+02 2.058400e+02 0
-3.383200e-01 1.018100e+01 3.665400e+00 -9.291900e-01 311 36 1.319100e+01 4.500000e+00 6.585500e+02 1.642500e+02 0
-1.697100e-01 1.025300e+01 3.579100e+00 -9.291900e-01 312 36 1.353400e+01 4.500000e+00 6.691800e+02 1.705400e+02 0
-2.553800e-01 1.026700e+01 3.640800e+00 -9.291900e-01 313 36 1.418800e+01 4.500000e+00 6.639300e+02 1.672600e+02 0
-3.415900e-01 1.030000e+01 3.644700e+00 -9.291900e-01 314 36 1.420100e+01 4.500000e+00 6.587600e+02 1.677000e+02 0
-3.426800e-01 1.029700e+01 3.755700e+00 -9.291900e-01 315 36 1.346000e+01 4.500000e+00 6.586100e+02 1.612400e+02 0
8.201500e-01 1.102900e+01 3.707100e+00 -9.291900e-01 335 36 1.259300e+01 4.500000e+00 7.273200e+02 1.764600e+02 0
5.484000e-01 1.108600e+01 3.697800e+00 -9.291900e-01 336 36 1.250900e+01 4.500000e+00 7.116700e+02 1.780400e+02 0
-4.624600e-01 1.135500e+01 3.317800e+00 -9.291900e-01 340 36 1.256000e+01 4.500000e+00 6.554900e+02 2.028300e+02 0
8.569800e-01 1.126900e+01 4.564800e+00 -9.291900e-01 350 36 1.287200e+01 4.500000e+00 7.278700e+02 1.349800e+02 0
8.054200e-01 1.253700e+01 2.869100e+00 -9.291900e-01 370 36 1.296800e+01 4.500000e+00 7.232000e+02 2.388100e+02 0
-1.260500e+00 4.416900e+00 2.797600e+00 -8.971500e-01 155 37 1.036500e+01 4.500000e+00 4.860600e+02 2.862600e+01 0
-1.311000e+00 4.399100e+00 2.869000e+00 -8.971500e-01 156 37 1.071800e+01 4.500000e+00 4.781900e+02 1.798500e+01 0
-1.489700e+00 4.519600e+00 2.652400e+00 -8.971500e-01 157 37 1.091800e+01 4.500000e+00 4.595200e+02 5.529100e+01 0
-2.160900e+00 5.324700e+00 -5.968100e-01 -8.971500e-01 166 37 1.210800e+01 4.500000e+00 4.152100e+02 4.681900e+02 0
-2.219300e+00 5.340000e+00 -5.980900e-01 -8.971500e-01 167 37 1.260700e+01 4.500000e+00 4.091600e+02 4.679900e+02 0
-2.278200e+00 5.363500e+00 -6.000700e-01 -8.971500e-01 168 37 1.245500e+01 4.500000e+00 4.035200e+02 4.677000e+02 0
-2.337700e+00 5.380800e+00 -6.015200e-01 -8.971500e-01 169 37 1.188500e+01 4.500000e+00 3.975300e+02 4.674800e+02 0
-2.397700e+00 5.368100e+00 -6.004500e-01 -8.971500e-01 170 37 1.150800e+01 4.500000e+00 3.898300e+02 4.675600e+02 0
-1.866200e+00 5.670800e+00 -6.258500e-01 -8.971500e-01 172 37 1.236800e+01 4.500000e+00 4.649300e+02 4.650300e+02 0
-2.064800e+00 5.636800e+00 -6.230000e-01 -8.971500e-01 173 37 1.326400e+01 4.500000e+00 4.413700e+02 4.652000e+02 0
-2.124000e+00 5.622400e+00 -6.217900e-01 -8.971500e-01 174 37 1.317200e+01 4.500000e+00 4.341000e+02 4.652900e+02 0
-1.993900e+00 5.634100e+00 -6.227700e-01 -8.971500e-01 175 37 1.262200e+01 4.500000e+00 4.491700e+02 4.652800e+02 0
-2.291800e+00 6.404900e+00 1.584300e+00 -8.971500e-01 201 37 1.359100e+01 4.500000e+00 4.498600e+02 2.438900e+02 0
-2.303300e+00 6.398100e+00 1.741700e+00 -8.971500e-01 202 37 1.405700e+01 4.500000e+00 4.485300e+02 2.291000e+02 0
-2.425000e+00 6.315800e+00 1.999100e+00 -8.971500e-01 203 37 1.376600e+01 4.500000e+00 4.335600e+02 2.032500e+02 0
-2.239500e+00 7.025000e+00 1.592900e+00 -8.971500e-01 217 37 1.440200e+01 4.500000e+00 4.757500e+02 2.534200e+02 0
-2.190600e+00 7.053700e+00 1.696300e+00 -8.971500e-01 218 37 1.460400e+01 4.500000e+00 4.809300e+02 2.450800e+02 0
-2.319700e+00 7.064000e+00 1.637300e+00 -8.971500e-01 219 37 1.393100e+01 4.500000e+00 4.699000e+02 2.502900e+02 0
-1.645800e+00 7.535300e+00 2.481300e+00 -8.971500e-01 233 37 1.405000e+01 4.500000e+00 5.391300e+02 1.900300e+02 0
-1.780000e+00 7.570300e+00 2.394900e+00 -8.971500e-01 234 37 1.427400e+01 4.500000e+00 5.288500e+02 1.976900e+02 0
-1.915300e+00 7.639900e+00 2.178700e+00 -8.971500e-01 235 37 1.394600e+01 4.500000e+00 5.193700e+02 2.161000e+02 0
-2.180000e+00 7.797600e+00 -8.043200e-01 -8.971500e-01 236 37 1.371200e+01 4.500000e+00 5.021500e+02 4.507000e+02 0
-2.382400e+00 7.829700e+00 -8.070100e-01 -8.971500e-01 237 37 1.391900e+01 4.500000e+00 4.866500e+02 4.504500e+02 0
-2.457200e+00 7.824800e+00 -8.066000e-01 -8.971500e-01 238 37 1.379100e+01 4.500000e+00 4.805100e+02 4.504400e+02 0
-2.467500e+00 7.828000e+00 -8.068600e-01 -8.971500e-01 239 37 1.338700e+01 4.500000e+00 4.797600e+02 4.504200e+02 0
-8.485300e-02 1.018900e+01 3.761800e+00 -8.971500e-01 312 37 1.247300e+01 4.500000e+00 6.741100e+02 1.586100e+02 0
-2.553800e-01 1.007400e+01 4.143200e+00 -8.971500e-01 313 37 1.324100e+01 4.500000e+00 6.629800e+02 1.339700e+02 0
-4.269900e-01 1.000700e+01 4.378500e+00 -8.971500e-01 314 37 1.333200e+01 4.500000e+00 6.518800e+02 1.186600e+02 0
-4.283600e-01 9.869900e+00 4.759400e+00 -8.971500e-01 315 37 1.288300e+01 4.500000e+00 6.509500e+02 9.257900e+01 0
-1.195300e+00 11 4.011800e+00 -8.971500e-01 338 37 1.238300e+01 4.500000e+00 6.121800e+02 1.605600e+02 0
1.814400e+00 1.129700e+01 4.301300e+00 -8.971500e-01 351 37 1.299100e+01 4.500000e+00 7.816200e+02 1.488600e+02 0
1.493800e+00 1.071800e+01 6.736600e+00 -8.971500e-01 366 37 1.309100e+01 4.500000e+00 7.646800e+02 3.497500e+00 0
1.597700e+00 1.088900e+01 6.500100e+00 -8.971500e-01 367 37 1.304500e+01 4.500000e+00 7.698300e+02 2.166400e+01 0
1.702200e+00 1.165900e+01 5.044600e+00 -8.971500e-01 368 37 1.279000e+01 4.500000e+00 7.720100e+02 1.175200e+02 0
-2.638900e+00 1.323800e+01 3.983400e+00 -8.971500e-01 404 37 1.239400e+01 4.500000e+00 5.578200e+02 1.960500e+02 0
-2.535200e+00 1.302800e+01 4.786300e+00 -8.971500e-01 405 37 1.254800e+01 4.500000e+00 5.604000e+02 1.568900e+02 0
-2.210000e+00 1.280200e+01 5.593500e+00 -8.971500e-01 406 37 1.242100e+01 4.500000e+00 5.735800e+02 1.160300e+02 0
1.239800e+00 2.099200e+00 -3.261500e-01 -8.651100e-01 72 38 1.103300e+01 4.500000e+00 1037 5.647600e+02 1
1.257200e+00 2.115100e+00 -3.274800e-01 -8.651100e-01 73 38 1.148200e+01 4.500000e+00 1040 5.636200e+02 1
1.294600e+00 2.123300e+00 -3.281700e-01 -8.651100e-01 74 38 1.107800e+01 4.500000e+00 1.050600e+03 5.631400e+02 1
1.372900e+00 2.049000e+00 -3.219400e-01 -8.651100e-01 75 38 1.007000e+01 4.500000e+00 1.090700e+03 5.692200e+02 1
1.432400e+00 2.043000e+00 -3.214300e-01 -8.651100e-01 76 38 1.043100e+01 4.500000e+00 1.112100e+03 5.699300e+02 1
1.472200e+00 2.097400e+00 -3.260000e-01 -8.651100e-01 77 38 1.160900e+01 4.500000e+00 1.113700e+03 5.657600e+02 1
1.470600e+00 2.174100e+00 -3.324300e-01 -8.651100e-01 78 38 1.234600e+01 4.500000e+00 1.097500e+03 5.600500e+02 1
1.489700e+00 2.226600e+00 -3.368400e-01 -8.651100e-01 79 38 1.238000e+01 4.500000e+00 1.093300e+03 5.564400e+02 1
1.530300e+00 2.254100e+00 -3.391400e-01 -8.651100e-01 80 38 1.153700e+01 4.500000e+00 1.100600e+03 5.547300e+02 1
-1.335800e+00 3.926500e+00 2.844100e+00 -8.651100e-01 145 38 1.030700e+01 4.500000e+00 4.490500e+02 -1.864100e+01 0
-1.226400e+00 4.211000e+00 2.531000e+00 -8.651100e-01 146 38 1.108700e+01 4.500000e+00 4.811100e+02 4.951600e+01 0
-1.234900e+00 4.348500e+00 2.358700e+00 -8.651100e-01 147 38 1.083300e+01 4.500000e+00 4.865100e+02 8.245800e+01 0
-2.755100e+00 4.550300e+00 -5.318300e-01 -8.651100e-01 154 38 1.180300e+01 4.500000e+00 2.863500e+02 477 0
-2.815100e+00 4.561400e+00 -5.327500e-01 -8.651100e-01 155 38 1.174700e+01 4.500000e+00 2.791700e+02 4.767900e+02 0
-1.522400e+00 4.528000e+00 2.545800e+00 -8.651100e-01 156 38 1.239500e+01 4.500000e+00 4.554800e+02 6.967200e+01 0
-1.574800e+00 4.684500e+00 2.292700e+00 -8.651100e-01 157 38 1.273500e+01 4.500000e+00 4.563600e+02 1.110500e+02 0
-1.799100e+00 5.102000e+00 -5.781200e-01 -8.651100e-01 158 38 1.232200e+01 4.500000e+00 4.476100e+02 4.708900e+02 0
-2.069200e+00 5.085800e+00 -5.767600e-01 -8.651100e-01 159 38 1.263400e+01 4.500000e+00 4.134200e+02 4.708500e+02 0
-2.082300e+00 5.107900e+00 -5.786200e-01 -8.651100e-01 160 38 1.278800e+01 4.500000e+00 4.130200e+02 4.705900e+02 0
-2.139100e+00 5.125800e+00 -5.801200e-01 -8.651100e-01 161 38 1.268000e+01 4.500000e+00 4.070600e+02 4.703400e+02 0
-2.410800e+00 6.025100e+00 -6.555800e-01 -8.651100e-01 189 38 1.374200e+01 4.500000e+00 4.216100e+02 4.616200e+02 0
-2.590300e+00 6.266500e+00 1.945900e+00 -8.651100e-01 203 38 1.352000e+01 4.500000e+00 4.153000e+02 2.071800e+02 0
-2.121600e+00 6.886300e+00 2.231800e+00 -8.651100e-01 217 38 1.375200e+01 4.500000e+00 4.820300e+02 1.959300e+02 0
-2.013000e+00 6.811100e+00 2.643500e+00 -8.651100e-01 218 38 1.419300e+01 4.500000e+00 4.895700e+02 1.582500e+02 0
-2.022300e+00 6.561100e+00 3.290000e+00 -8.651100e-01 219 38 1.387700e+01 4.500000e+00 4.810500e+02 9.273400e+01 0
-2.100900e+00 7.178900e+00 1.755100e+00 -8.651100e-01 221 38 1.410200e+01 4.500000e+00 4.923500e+02 2.421500e+02 0
-2.110400e+00 7.007400e+00 2.451700e+00 -8.651100e-01 222 38 1.417300e+01 4.500000e+00 4.866100e+02 1.801300e+02 0
-1.907100e+00 7.412300e+00 2.762800e+00 -8.651100e-01 234 38 1.393400e+01 4.500000e+00 5.146700e+02 1.648900e+02 0
-2.043000e+00 7.303800e+00 3.043400e+00 -8.651100e-01 235 38 1.346700e+01 4.500000e+00 5.005200e+02 1.394600e+02 0
-1.709600e+00 6.838900e+00 4.598200e+00 -8.651100e-01 242 38 1.345300e+01 4.500000e+00 5.173600e+02 -8.327000e+00 0
-1.782700e+00 7.128300e+00 4.175600e+00 -8.651100e-01 243 38 1.374600e+01 4.500000e+00 5.181400e+02 4.083500e+01 0
-1.922700e+00 7.825900e+00 2.660300e+00 -8.651100e-01 244 38 1.297900e+01 4.500000e+00 5.227700e+02 1.829300e+02 0
-2.291300e+00 7.794300e+00 2.899600e+00 -8.651100e-01 248 38 1.290900e+01 4.500000e+00 4.928000e+02 1.643100e+02 0
-9.363800e-01 8.570900e+00 3.266000e+00 -8.651100e-01 265 38 1.282300e+01 4.500000e+00 6.087800e+02 1.556600e+02 0
-3.933800e+00 8.297300e+00 1.621000e+00 -8.651100e-01 268 38 1.293200e+01 4.500000e+00 3.825700e+02 2.683900e+02 0
-3.948500e+00 8.276200e+00 1.874500e+00 -8.651100e-01 269 38 1.358500e+01 4.500000e+00 3.808200e+02 2.499500e+02 0
-3.889900e+00 8.251100e+00 2.245600e+00 -8.651100e-01 270 38 1.351000e+01 4.500000e+00 3.844300e+02 2.229200e+02 0
-9.789400e-01 7.227000e+00 6.302300e+00 -8.651100e-01 277 38 1.239200e+01 4.500000e+00 5.877000e+02 -1.257900e+02 0
-2.082300e+00 9.791300e+00 4.809300e+00 -8.651100e-01 319 38 1.222200e+01 4.500000e+00 5.458800e+02 8.888700e+01 0
-2.350000e+00 9.685600e+00 4.977800e+00 -8.651100e-01 320 38 1.314000e+01 4.500000e+00 5.272500e+02 7.604400e+01 0
-2.619200e+00 9.492500e+00 5.284100e+00 -8.651100e-01 321 38 1.310100e+01 4.500000e+00 5.065100e+02 5.185100e+01 0
-2.578300e+00 1.043900e+01 5.811900e+00 -8.651100e-01 351 38 1.247500e+01 4.500000e+00 5.253800e+02 4.984900e+01 0
-2.202600e+00 1.079300e+01 5.376800e+00 -8.651100e-01 352 38 1.247500e+01 4.500000e+00 5.522700e+02 8.303600e+01 0
-1.869200e+00 1.273000e+01 5.704600e+00 -8.651100e-01 404 38 1.118900e+01 4.500000e+00 5.894500e+02 1.093300e+02 0
-1.984100e+00 1.236500e+01 6.498800e+00 -8.651100e-01 405 38 1.183900e+01 4.500000e+00 5.804200e+02 6.452300e+01 0
-2.099500e+00 1.228000e+01 6.696200e+00 -8.651100e-01 406 38 1.209400e+01 4.500000e+00 5.738100e+02 5.323800e+01 0
1.260500e+00 2.015400e+00 -3.191200e-01 -8.330700e-01 71 39 1.029600e+01 4.500000e+00 1.059200e+03 5.715400e+02 1
1.278500e+00 2.059000e+00 -3.227800e-01 -8.330700e-01 72 39 1.169800e+01 4.500000e+00 1.057100e+03 5.680500e+02 1
1.276900e+00 2.099600e+00 -3.261900e-01 -8.330700e-01 73 39 1.214400e+01 4.500000e+00 1.049100e+03 5.648700e+02 1
1.294600e+00 2.118600e+00 -3.277800e-01 -8.330700e-01 74 39 1.177400e+01 4.500000e+00 1.051500e+03 5.634900e+02 1
1.352700e+00 2.108100e+00 -3.269000e-01 -8.330700e-01 75 39 1.103500e+01 4.500000e+00 1.072300e+03 5.645000e+02 1
1.411900e+00 2.117900e+00 -3.277200e-01 -8.330700e-01 76 39 1.155000e+01 4.500000e+00 1.089700e+03 5.639700e+02 1
1.451500e+00 2.151000e+00 -3.304900e-01 -8.330700e-01 77 39 1.280000e+01 4.500000e+00 1.095900e+03 5.616500e+02 1
1.470600e+00 2.192800e+00 -3.340000e-01 -8.330700e-01 78 39 1.355900e+01 4.500000e+00 1.093800e+03 5.587200e+02 1
1.489700e+00 2.232100e+00 -3.373000e-01 -8.330700e-01 79 39 1.354500e+01 4.500000e+00 1.092300e+03 5.560700e+02 1
1.508800e+00 2.271300e+00 -3.405900e-01 -8.330700e-01 80 39 1.261900e+01 4.500000e+00 1.090800e+03 5.535200e+02 1
1.615200e+00 2.262900e+00 -3.398800e-01 -8.330700e-01 81 39 1.054700e+01 4.500000e+00 1.124700e+03 5.544200e+02 1
-9.754000e-01 3.843600e+00 3.035800e+00 -8.330700e-01 144 39 1.009600e+01 4.500000e+00 5.012800e+02 -5.663400e+01 0
-1.178700e+00 4.082000e+00 2.690400e+00 -8.330700e-01 145 39 1.194500e+01 4.500000e+00 4.817300e+02 1.696000e+01 0
-1.226400e+00 4.210800e+00 2.531300e+00 -8.330700e-01 146 39 1.278100e+01 4.500000e+00 4.811100e+02 4.946400e+01 0
-1.234900e+00 4.312200e+00 2.424500e+00 -8.330700e-01 147 39 1.249500e+01 4.500000e+00 4.848000e+02 7.119200e+01 0
-1.163100e+00 4.414700e+00 2.348000e+00 -8.330700e-01 148 39 1.075100e+01 4.500000e+00 4.996000e+02 8.786800e+01 0
-2.624700e+00 4.444200e+00 -5.229200e-01 -8.330700e-01 149 39 1.123700e+01 4.500000e+00 2.948700e+02 4.786500e+02 0
-2.601800e+00 4.499000e+00 -5.275200e-01 -8.330700e-01 150 39 1.198800e+01 4.500000e+00 3.028900e+02 4.778800e+02 0
-2.578300e+00 4.551900e+00 -5.319600e-01 -8.330700e-01 151 39 1.239700e+01 4.500000e+00 3.106200e+02 4.771500e+02 0
-2.595500e+00 4.582600e+00 -5.345400e-01 -8.330700e-01 152 39 1.237300e+01 4.500000e+00 3.108500e+02 4.767000e+02 0
-2.654200e+00 4.594200e+00 -5.355100e-01 -8.330700e-01 153 39 1.283800e+01 4.500000e+00 3.038800e+02 4.764900e+02 0
-2.713400e+00 4.602300e+00 -5.361900e-01 -8.330700e-01 154 39 1.358700e+01 4.500000e+00 2.965700e+02 4.763200e+02 0
-2.731100e+00 4.631900e+00 -5.386700e-01 -8.330700e-01 155 39 1.357700e+01 4.500000e+00 2.967200e+02 4.759000e+02 0
-2.629600e+00 4.694700e+00 -5.439500e-01 -8.330700e-01 159 39 1.371600e+01 4.500000e+00 3.154600e+02 4.751600e+02 0
-2.559500e+00 4.753300e+00 -5.488600e-01 -8.330700e-01 160 39 1.376900e+01 4.500000e+00 3.293000e+02 4.744600e+02 0
-2.658500e+00 5.156300e+00 1.808500e+00 -8.330700e-01 175 39 1.348200e+01 4.500000e+00 3.483500e+02 1.903300e+02 0
-2.605100e+00 6.498400e+00 2.901000e+00 -8.330700e-01 218 39 1.366800e+01 4.500000e+00 4.240100e+02 1.259400e+02 0
-2.557600e+00 6.402000e+00 3.230400e+00 -8.330700e-01 219 39 1.423600e+01 4.500000e+00 4.246900e+02 9.232400e+01 0
-2.629100e+00 6.188200e+00 3.645400e+00 -8.330700e-01 220 39 1.392200e+01 4.500000e+00 4.088000e+02 4.439600e+01 0
-1.980800e+00 4.562200e+00 5.856000e+00 -8.330700e-01 221 39 1.311300e+01 4.500000e+00 3.981800e+02 -3.380400e+02 0
-2.110400e+00 5.821800e+00 4.606700e+00 -8.330700e-01 222 39 1.364600e+01 4.500000e+00 4.457800e+02 -7.089900e+01 0
-2.241100e+00 6.070600e+00 4.270100e+00 -8.330700e-01 223 39 1.374500e+01 4.500000e+00 4.424800e+02 -2.163900e+01 0
-2.372900e+00 6.279300e+00 3.948500e+00 -8.330700e-01 224 39 1.345600e+01 4.500000e+00 4.377300e+02 2.051600e+01 0
-2.261300e+00 6.533700e+00 3.659700e+00 -8.330700e-01 225 39 1.332200e+01 4.500000e+00 4.578000e+02 5.893900e+01 0
-1.964400e+00 6.681200e+00 4.664100e+00 -8.330700e-01 241 39 1.233700e+01 4.500000e+00 4.900200e+02 -2.205700e+01 0
-1.841100e+00 6.980500e+00 4.326700e+00 -8.330700e-01 242 39 1.349500e+01 4.500000e+00 5.093600e+02 2.171900e+01 0
-1.848800e+00 7.151300e+00 4.107000e+00 -8.330700e-01 243 39 1.375200e+01 4.500000e+00 5.130300e+02 4.751200e+01 0
-1.856400e+00 7.387900e+00 3.740500e+00 -8.330700e-01 244 39 1.328400e+01 4.500000e+00 5.181200e+02 8.633800e+01 0
-1.797500e+00 7.616900e+00 3.371100e+00 -8.330700e-01 245 39 1.232300e+01 4.500000e+00 5.281500e+02 1.228700e+02 0
-9.358400e-01 7.217500e+00 4.499000e+00 -8.330700e-01 246 39 1.188600e+01 4.500000e+00 5.923800e+02 1.742200e+01 0
-1.073900e+00 7.475200e+00 4.095900e+00 -8.330700e-01 247 39 1.173500e+01 4.500000e+00 5.846100e+02 6.072500e+01 0
-2.057200e+00 7.421000e+00 4.810900e+00 -8.330700e-01 261 39 1.214000e+01 4.500000e+00 5.021100e+02 3.917500e+00 0
-2.350000e+00 7.129700e+00 5.169900e+00 -8.330700e-01 262 39 1.156100e+01 4.500000e+00 4.695100e+02 -3.876000e+01 0
-2.870300e-01 8.075400e+00 4.366500e+00 -8.330700e-01 264 39 1.167800e+01 4.500000e+00 6.529200e+02 6.216900e+01 0
-4.021600e+00 7.997000e+00 2.733800e+00 -8.330700e-01 269 39 1.252700e+01 4.500000e+00 3.650200e+02 1.826800e+02 0
-3.963200e+00 8.200000e+00 2.303800e+00 -8.330700e-01 270 39 1.263600e+01 4.500000e+00 3.770900e+02 2.179100e+02 0
-6.417200e-01 9.353600e+00 4.185600e+00 -8.330700e-01 295 39 1.133100e+01 4.500000e+00 6.348500e+02 1.142700e+02 0
-1.822000e+00 9.266700e+00 5.843300e+00 -8.330700e-01 319 39 1.162300e+01 4.500000e+00 5.546600e+02 8.617200e+00 0
-2.437000e+00 9.184200e+00 5.815700e+00 -8.330700e-01 320 39 1.275500e+01 4.500000e+00 5.124600e+02 8.007400e+00 0
-2.793900e+00 9.309200e+00 5.515900e+00 -8.330700e-01 321 39 1.295700e+01 4.500000e+00 4.914400e+02 3.166200e+01 0
-3.240500e+00 9.301400e+00 5.353000e+00 -8.330700e-01 322 39 1.231600e+01 4.500000e+00 4.619900e+02 4.201300e+01 0
-4.492000e+00 9.574800e+00 5.083100e+00 -8.330700e-01 337 39 1.248300e+01 4.500000e+00 3.889500e+02 6.844100e+01 0
-4.321500e+00 9.820500e+00 4.836800e+00 -8.330700e-01 338 39 1.261600e+01 4.500000e+00 4.068000e+02 8.996200e+01 0
-4.444500e+00 1.032200e+01 5.790800e+00 -8.330700e-01 363 39 1.145000e+01 4.500000e+00 4.133400e+02 4.932000e+01 0
-4.555900e+00 1.052900e+01 5.393400e+00 -8.330700e-01 364 39 1.218800e+01 4.500000e+00 4.121800e+02 7.724100e+01 0
-4.667700e+00 1.071200e+01 5.006400e+00 -8.330700e-01 365 39 1.225200e+01 4.500000e+00 4.104000e+02 1.030300e+02 0
1.259100e+00 2.044900e+00 -3.215900e-01 -8.010300e-01 72 40 1.040100e+01 4.500000e+00 1.053200e+03 5.691100e+02 1
1.296500e+00 2.071500e+00 -3.238300e-01 -8.010300e-01 73 40 1.090600e+01 4.500000e+00 1.060700e+03 5.671200e+02 1
1.314500e+00 2.076300e+00 -3.242200e-01 -8.010300e-01 74 40 1.060900e+01 4.500000e+00 1.065800e+03 5.668200e+02 1
1.352700e+00 2.087400e+00 -3.251600e-01 -8.010300e-01 75 40 1.021000e+01 4.500000e+00 1.076300e+03 5.660900e+02 1
1.411900e+00 2.161100e+00 -3.313400e-01 -8.010300e-01 76 40 1.091500e+01 4.500000e+00 1.081300e+03 5.607800e+02 1
1.451500e+00 2.186600e+00 -3.334800e-01 -8.010300e-01 77 40 1.212700e+01 4.500000e+00 1089 5.590900e+02 1
1.470600e+00 2.212900e+00 -3.356900e-01 -8.010300e-01 78 40 1.284200e+01 4.500000e+00 1090 5.573200e+02 1
1.489700e+00 2.239900e+00 -3.379500e-01 -8.010300e-01 79 40 1.279200e+01 4.500000e+00 1.090800e+03 5.555400e+02 1
1.530300e+00 2.255700e+00 -3.392800e-01 -8.010300e-01 80 40 1.184800e+01 4.500000e+00 1.100300e+03 5.546200e+02 1
-1.335800e+00 4.120000e+00 2.555700e+00 -8.010300e-01 145 40 1.175100e+01 4.500000e+00 4.602000e+02 3.952700e+01 0
-1.266000e+00 4.054400e+00 2.757200e+00 -8.010300e-01 146 40 1.250400e+01 4.500000e+00 4.671100e+02 5.316500e+00 0
-1.155200e+00 3.978700e+00 2.972000e+00 -8.010300e-01 147 40 1.209200e+01 4.500000e+00 4.799700e+02 -3.292000e+01 0
-2.566900e+00 4.434400e+00 -5.221000e-01 -8.010300e-01 148 40 1.135700e+01 4.500000e+00 3.021000e+02 4.788500e+02 0
-2.543900e+00 4.462300e+00 -5.244400e-01 -8.010300e-01 149 40 1.254900e+01 4.500000e+00 3.077300e+02 4.784600e+02 0
-2.642400e+00 4.410100e+00 -5.200600e-01 -8.010300e-01 150 40 1.308200e+01 4.500000e+00 2.892900e+02 4.791400e+02 0
-2.619200e+00 4.418500e+00 -5.207700e-01 -8.010300e-01 151 40 1.293800e+01 4.500000e+00 2.933200e+02 4.790300e+02 0
-2.760300e+00 4.331800e+00 -5.134900e-01 -8.010300e-01 152 40 1.220900e+01 4.500000e+00 2.651200e+02 4.802100e+02 0
-2.861500e+00 4.423600e+00 -5.212000e-01 -8.010300e-01 153 40 1.252100e+01 4.500000e+00 2.598200e+02 4.787200e+02 0
-2.796900e+00 4.548900e+00 -5.317100e-01 -8.010300e-01 154 40 1.348000e+01 4.500000e+00 2.805300e+02 4.769800e+02 0
-2.815100e+00 4.582000e+00 -5.344900e-01 -8.010300e-01 155 40 1.382900e+01 4.500000e+00 2.810300e+02 4.765000e+02 0
-2.875700e+00 4.565600e+00 -5.331100e-01 -8.010300e-01 156 40 1.339500e+01 4.500000e+00 2.713400e+02 4.766700e+02 0
-2.802000e+00 4.577500e+00 -5.341100e-01 -8.010300e-01 159 40 1.391800e+01 4.500000e+00 2.824000e+02 4.765800e+02 0
-2.819800e+00 4.637900e+00 -5.391700e-01 -8.010300e-01 160 40 1.379400e+01 4.500000e+00 2.853700e+02 4.757400e+02 0
-2.979100e+00 5.242900e+00 1.647700e+00 -8.010300e-01 180 40 1.301200e+01 4.500000e+00 3.164200e+02 2.115400e+02 0
-3.241300e+00 5.148200e+00 1.582900e+00 -8.010300e-01 181 40 1.273400e+01 4.500000e+00 2.785300e+02 2.164800e+02 0
-3.029100e+00 5.492000e+00 -6.108500e-01 -8.010300e-01 183 40 1.300200e+01 4.500000e+00 3.250100e+02 4.658800e+02 0
-3.045700e+00 5.414400e+00 1.500800e+00 -8.010300e-01 184 40 1.284500e+01 4.500000e+00 3.204600e+02 2.323200e+02 0
-1.124100e+00 5.249500e+00 4.789100e+00 -8.010300e-01 207 40 1.307900e+01 4.500000e+00 5.335700e+02 -1.389800e+02 0
-1.016600e+00 5.488200e+00 4.594200e+00 -8.010300e-01 208 40 1.301200e+01 4.500000e+00 5.523700e+02 -9.785300e+01 0
-2.782700e+00 6.374800e+00 3.008400e+00 -8.010300e-01 218 40 1.321900e+01 4.500000e+00 4.019300e+02 1.118300e+02 0
-2.855000e+00 6.351600e+00 3.077100e+00 -8.010300e-01 219 40 1.387100e+01 4.500000e+00 3.939900e+02 1.047000e+02 0
-2.808300e+00 6.263100e+00 3.373800e+00 -8.010300e-01 220 40 1.370800e+01 4.500000e+00 3.945700e+02 7.351800e+01 0
-2.881200e+00 6.052600e+00 3.754300e+00 -8.010300e-01 221 40 1.270700e+01 4.500000e+00 3.774300e+02 2.751300e+01 0
-2.301700e+00 5.825600e+00 4.568800e+00 -8.010300e-01 223 40 1.258700e+01 4.500000e+00 4.260700e+02 -6.646900e+01 0
-2.190300e+00 6.064800e+00 4.367100e+00 -8.010300e-01 224 40 1.255500e+01 4.500000e+00 4.473500e+02 -3.129100e+01 0
-1.833500e+00 6.202300e+00 4.400700e+00 -8.010300e-01 225 40 1.206800e+01 4.500000e+00 4.876600e+02 -2.664600e+01 0
-1.043600e+00 5.771900e+00 5.228700e+00 -8.010300e-01 226 40 1.150400e+01 4.500000e+00 5.559000e+02 -1.386600e+02 0
-2.178900e+00 7.315600e+00 3.627800e+00 -8.010300e-01 243 40 1.145200e+01 4.500000e+00 4.893400e+02 9.306100e+01 0
-2.187900e+00 7.320200e+00 3.694200e+00 -8.010300e-01 244 40 1.146200e+01 4.500000e+00 4.887000e+02 8.792900e+01 0
-3.238000e+00 7.271200e+00 4.222400e+00 -8.010300e-01 259 40 1.150100e+01 4.500000e+00 3.993800e+02 4.522500e+01 0
-4.033600e+00 9.967900e+00 -9.864300e-01 -8.010300e-01 309 40 1.090100e+01 4.500000e+00 4.272200e+02 4.419100e+02 0
-5.480000e+00 8.994300e+00 2.350600e+00 -8.010300e-01 310 40 1.133100e+01 4.500000e+00 3.016700e+02 2.279700e+02 0
-5.582300e+00 8.754000e+00 3.068000e+00 -8.010300e-01 311 40 1.163800e+01 4.500000e+00 2.847600e+02 1.763600e+02 0
-5.345700e+00 8.603100e+00 3.921100e+00 -8.010300e-01 312 40 1.169200e+01 4.500000e+00 2.951400e+02 1.153000e+02 0
-5.448000e+00 8.605500e+00 3.871600e+00 -8.010300e-01 313 40 1.213400e+01 4.500000e+00 2.880500e+02 1.187900e+02 0
-5.636300e+00 8.728200e+00 3.396700e+00 -8.010300e-01 314 40 1.224400e+01 4.500000e+00 2.801600e+02 1.538800e+02 0
-5.568600e+00 9.012300e+00 2.831900e+00 -8.010300e-01 315 40 1.225000e+01 4.500000e+00 2.968700e+02 1.968800e+02 0
-5.586400e+00 8.985900e+00 3.010600e+00 -8.010300e-01 316 40 1.227300e+01 4.500000e+00 2.946900e+02 1.847600e+02 0
-5.604100e+00 8.724800e+00 3.776300e+00 -8.010300e-01 317 40 1.228700e+01 4.500000e+00 2.825700e+02 1.284800e+02 0
-5.448900e+00 8.776600e+00 3.980100e+00 -8.010300e-01 318 40 1.237400e+01 4.500000e+00 2.957500e+02 1.162100e+02 0
-4.950400e+00 9.572000e+00 4.643500e+00 -8.010300e-01 337 40 1.245400e+01 4.500000e+00 3.597000e+02 9.537100e+01 0
-4.873200e+00 9.509400e+00 4.933200e+00 -8.010300e-01 338 40 1.256700e+01 4.500000e+00 3.626200e+02 7.595800e+01 0
-2.322400e+00 3.578700e+00 1.836700e+00 -7.689800e-01 134 41 1.116100e+01 4.500000e+00 2.570500e+02 1.114600e+02 0
-2.449500e+00 3.712300e+00 -4.615100e-01 -7.689800e-01 135 41 1.106100e+01 4.500000e+00 2.456700e+02 4.917600e+02 0
-2.374800e+00 3.452900e+00 2.235200e+00 -7.689800e-01 137 41 1.107000e+01 4.500000e+00 2.335700e+02 3.573300e+01 0
-2.354900e+00 3.628700e+00 2.044100e+00 -7.689800e-01 138 41 1.155400e+01 4.500000e+00 2.580300e+02 8.159300e+01 0
-2.334400e+00 3.564300e+00 2.252300e+00 -7.689800e-01 139 41 1.194600e+01 4.500000e+00 2.543800e+02 4.273700e+01 0
-2.351300e+00 3.580600e+00 2.283600e+00 -7.689800e-01 140 41 1.238200e+01 4.500000e+00 2.535600e+02 3.914700e+01 0
-2.406400e+00 3.633700e+00 2.215900e+00 -7.689800e-01 141 41 1.235900e+01 4.500000e+00 2.505000e+02 5.465800e+01 0
-2.577500e+00 3.661200e+00 2.049300e+00 -7.689800e-01 142 41 1.180300e+01 4.500000e+00 2.251700e+02 8.370400e+01 0
-2.611100e+00 4.188800e+00 -5.014900e-01 -7.689800e-01 146 41 1.262800e+01 4.500000e+00 2.726200e+02 4.826500e+02 0
-3.374200e+00 3.728400e+00 -4.628600e-01 -7.689800e-01 150 41 1.325800e+01 4.500000e+00 9.502900e+01 4.902300e+02 0
-3.233100e+00 3.922500e+00 -4.791400e-01 -7.689800e-01 151 41 1.336500e+01 4.500000e+00 1.463900e+02 4.866200e+02 0
-3.089900e+00 4.161100e+00 -4.991700e-01 -7.689800e-01 152 41 1.362600e+01 4.500000e+00 1.987100e+02 4.825900e+02 0
-3.068900e+00 4.217400e+00 -5.038900e-01 -7.689800e-01 153 41 1.377200e+01 4.500000e+00 2.083500e+02 4.816900e+02 0
-3.130800e+00 4.137300e+00 -4.971700e-01 -7.689800e-01 154 41 1.333600e+01 4.500000e+00 1.898000e+02 4.829400e+02 0
-2.916100e+00 4.799800e+00 1.572600e+00 -7.689800e-01 168 41 1.259500e+01 4.500000e+00 2.902000e+02 2.071200e+02 0
-3.208600e+00 4.689000e+00 -5.434600e-01 -7.689800e-01 169 41 1.341100e+01 4.500000e+00 2.385100e+02 4.747100e+02 0
-3.273800e+00 4.650700e+00 1.577100e+00 -7.689800e-01 170 41 1.399300e+01 4.500000e+00 2.309300e+02 2.020600e+02 0
-3.246800e+00 4.673100e+00 1.693600e+00 -7.689800e-01 171 41 1.406500e+01 4.500000e+00 2.368400e+02 1.881100e+02 0
-3.172600e+00 4.756200e+00 1.725400e+00 -7.689800e-01 172 41 1.342500e+01 4.500000e+00 2.541400e+02 1.870700e+02 0
-3.050300e+00 4.876800e+00 1.730300e+00 -7.689800e-01 173 41 1.236300e+01 4.500000e+00 2.799700e+02 1.905700e+02 0
-2.713400e+00 6.866800e+00 2.248000e+00 -7.689800e-01 222 41 1.194800e+01 4.500000e+00 4.283000e+02 1.944900e+02 0
-3.478700e+00 6.565800e+00 4.584400e+00 -7.689800e-01 251 41 1.111900e+01 4.500000e+00 3.470300e+02 -1.888100e+01 0
-3.287200e+00 6.795900e+00 4.455200e+00 -7.689800e-01 252 41 1.139300e+01 4.500000e+00 3.752400e+02 4.148400e+00 0
-3.493400e+00 7.355300e+00 6.080700e+00 -7.689800e-01 292 41 1.130600e+01 4.500000e+00 3.826100e+02 -9.542000e+01 0
-3.585100e+00 7.154500e+00 6.320700e+00 -7.689800e-01 293 41 1.115800e+01 4.500000e+00 3.667500e+02 -1.264400e+02 0
-3.911100e+00 8.238000e+00 5.504100e+00 -7.689800e-01 306 41 1.121000e+01 4.500000e+00 3.839400e+02 -7.569200e+00 0
-3.840500e+00 8.979700e+00 4.337900e+00 -7.689800e-01 307 41 1.107400e+01 4.500000e+00 4.130900e+02 9.705600e+01 0
-5.798400e+00 8.703400e+00 2.515700e+00 -7.689800e-01 309 41 1.173300e+01 4.500000e+00 2.669200e+02 2.126000e+02 0
-5.648600e+00 8.661200e+00 3.087000e+00 -7.689800e-01 310 41 1.240700e+01 4.500000e+00 2.759000e+02 1.731900e+02 0
-5.497700e+00 8.621400e+00 3.557100e+00 -7.689800e-01 311 41 1.246200e+01 4.500000e+00 2.850200e+02 1.404600e+02 0
-4.921500e+00 8.487700e+00 4.658600e+00 -7.689800e-01 312 41 1.226600e+01 4.500000e+00 3.205600e+02 6.141900e+01 0
-4.852200e+00 8.579500e+00 4.644700e+00 -7.689800e-01 313 41 1.238000e+01 4.500000e+00 3.292700e+02 6.539000e+01 0
-5.294700e+00 8.742800e+00 3.875100e+00 -7.689800e-01 314 41 1.244800e+01 4.500000e+00 3.047800e+02 1.221300e+02 0
-5.483000e+00 8.999200e+00 3.033600e+00 -7.689800e-01 315 41 1.249500e+01 4.500000e+00 3.022300e+02 1.834500e+02 0
-5.604100e+00 8.897400e+00 3.349500e+00 -7.689800e-01 317 41 1.279600e+01 4.500000e+00 2.899300e+02 1.608000e+02 0
-5.448900e+00 8.715900e+00 4.111300e+00 -7.689800e-01 318 41 1.324100e+01 4.500000e+00 2.931800e+02 1.058400e+02 0
-5.292500e+00 8.642400e+00 4.542400e+00 -7.689800e-01 319 41 1.324600e+01 4.500000e+00 3.011300e+02 7.476200e+01 0
-5.048100e+00 8.695000e+00 4.798500e+00 -7.689800e-01 320 41 1.296700e+01 4.500000e+00 3.205100e+02 5.920200e+01 0
-5.178700e+00 9.146500e+00 4.976500e+00 -7.689800e-01 334 41 1.226900e+01 4.500000e+00 3.298400e+02 6.255900e+01 0
-5.285400e+00 9.295600e+00 4.659900e+00 -7.689800e-01 335 41 1.219700e+01 4.500000e+00 3.283600e+02 8.697600e+01 0
-5.392600e+00 9.560300e+00 4.048900e+00 -7.689800e-01 336 41 1.183600e+01 4.500000e+00 331 1.315400e+02 0
-5.225400e+00 9.632500e+00 4.195600e+00 -7.689800e-01 337 41 1.173200e+01 4.500000e+00 3.442200e+02 1.242200e+02 0
-5.241000e+00 9.210300e+00 5.120100e+00 -7.689800e-01 338 41 1.177700e+01 4.500000e+00 3.283100e+02 5.564400e+01 0
-5.348700e+00 8.891800e+00 5.627100e+00 -7.689800e-01 339 41 1.170200e+01 4.500000e+00 3.088200e+02 1.250400e+01 0
-5.549500e+00 8.760800e+00 5.710800e+00 -7.689800e-01 340 41 1.150300e+01 4.500000e+00 2.896800e+02 2.277000e+00 0
-2.232900e+00 3.358600e+00 2.232700e+00 -7.369400e-01 133 42 1.111400e+01 4.500000e+00 2.464000e+02 2.684000e+01 0
-2.358700e+00 3.562100e+00 1.822700e+00 -7.369400e-01 134 42 1.147700e+01 4.500000e+00 2.488700e+02 1.127000e+02 0
-2.522700e+00 3.581600e+00 1.645700e+00 -7.369400e-01 135 42 1.104400e+01 4.500000e+00 2.230600e+02 1.432500e+02 0
-2.411900e+00 3.401700e+00 2.273700e+00 -7.369400e-01 137 42 1.146300e+01 4.500000e+00 2.204300e+02 2.455100e+01 0
-2.392200e+00 3.516800e+00 2.191000e+00 -7.369400e-01 138 42 1.163000e+01 4.500000e+00 2.385700e+02 4.880500e+01 0
-2.372100e+00 3.424600e+00 2.423200e+00 -7.369400e-01 139 42 1.237700e+01 4.500000e+00 2.309300e+02 1.506500e+00 0
-2.351300e+00 3.533200e+00 2.356400e+00 -7.369400e-01 140 42 1.296000e+01 4.500000e+00 2.480300e+02 2.306000e+01 0
-2.368200e+00 3.565900e+00 2.362300e+00 -7.369400e-01 141 42 1.290500e+01 4.500000e+00 2.491600e+02 2.517100e+01 0
-2.385200e+00 3.564500e+00 2.419300e+00 -7.369400e-01 142 42 1.221100e+01 4.500000e+00 2.462900e+02 1.586200e+01 0
-3.199300e+00 3.796600e+00 -4.685800e-01 -7.369400e-01 144 42 1.248000e+01 4.500000e+00 1.338500e+02 4.890800e+02 0
-2.985900e+00 4.044000e+00 -4.893400e-01 -7.369400e-01 145 42 1.293600e+01 4.500000e+00 2.002900e+02 4.847100e+02 0
-2.808900e+00 4.172700e+00 -5.001400e-01 -7.369400e-01 146 42 1.311300e+01 4.500000e+00 2.416400e+02 4.827000e+02 0
-3.149600e+00 4.047000e+00 -4.895900e-01 -7.369400e-01 149 42 1.375500e+01 4.500000e+00 1.757700e+02 4.844700e+02 0
-3.211600e+00 4.042100e+00 -4.891800e-01 -7.369400e-01 150 42 1.432000e+01 4.500000e+00 1.657300e+02 4.844800e+02 0
-3.192200e+00 4.078600e+00 -4.922500e-01 -7.369400e-01 151 42 1.438000e+01 4.500000e+00 1.733500e+02 4.838700e+02 0
-3.089900e+00 4.136200e+00 -4.970800e-01 -7.369400e-01 152 42 1.427000e+01 4.500000e+00 1.957600e+02 483 0
-3.068900e+00 4.131300e+00 -4.966700e-01 -7.369400e-01 153 42 1.416200e+01 4.500000e+00 1.982900e+02 4.831100e+02 0
-3.172600e+00 4.078600e+00 -4.922500e-01 -7.369400e-01 154 42 1.391800e+01 4.500000e+00 1.763100e+02 4.838900e+02 0
-3.351500e+00 4.545100e+00 -5.313900e-01 -7.369400e-01 167 42 1.332100e+01 4.500000e+00 2.048300e+02 4.765100e+02 0
-3.391900e+00 4.582200e+00 -5.345000e-01 -7.369400e-01 169 42 1.368700e+01 4.500000e+00 2.033300e+02 4.759600e+02 0
-3.366000e+00 4.569400e+00 1.620200e+00 -7.369400e-01 170 42 1.426200e+01 4.500000e+00 2.108100e+02 1.938300e+02 0
-3.339500e+00 4.559700e+00 1.817800e+00 -7.369400e-01 171 42 1.398700e+01 4.500000e+00 2.137800e+02 1.680500e+02 0
-3.312500e+00 4.547600e+00 2.002500e+00 -7.369400e-01 172 42 1.285700e+01 4.500000e+00 2.165600e+02 1.437800e+02 0
-2.475200e+00 5.713200e+00 4.258600e+00 -7.369400e-01 217 42 1.163600e+01 4.500000e+00 4.025000e+02 -4.319600e+01 0
-5.621600e+00 8.397500e+00 3.139000e+00 -7.369400e-01 304 42 1.144200e+01 4.500000e+00 2.651700e+02 1.638100e+02 0
-4.160800e+00 7.113800e+00 6.748200e+00 -7.369400e-01 306 42 1.177000e+01 4.500000e+00 3.172100e+02 -1.615500e+02 0
-4.424900e+00 7.632000e+00 6.031100e+00 -7.369400e-01 307 42 1.207600e+01 4.500000e+00 3.204400e+02 -7.414500e+01 0
-5.444500e+00 8.061000e+00 4.508500e+00 -7.369400e-01 308 42 1.212500e+01 4.500000e+00 2.625600e+02 5.739900e+01 0
-5.882400e+00 8.211900e+00 3.696100e+00 -7.369400e-01 309 42 1.235000e+01 4.500000e+00 2.373800e+02 1.203000e+02 0
-5.901500e+00 8.239600e+00 3.705900e+00 -7.369400e-01 310 42 1.224700e+01 4.500000e+00 2.374900e+02 1.204100e+02 0
-4.758800e+00 8.802800e+00 5.206500e+00 -7.369400e-01 324 42 1.178400e+01 4.500000e+00 3.449500e+02 3.578800e+01 0
-5.026800e+00 9.525200e+00 4.002100e+00 -7.369400e-01 330 42 1.117000e+01 4.500000e+00 3.529100e+02 1.333000e+02 0
-2.729700e+00 2.834200e+00 -3.878200e-01 -7.049000e-01 116 43 1.137400e+01 4.500000e+00 4.649000e+01 5.155100e+02 0
-2.690200e+00 2.903800e+00 -3.936600e-01 -7.049000e-01 117 43 1.185200e+01 4.500000e+00 7.025300e+01 5.131400e+02 0
-2.649500e+00 2.966400e+00 -3.989200e-01 -7.049000e-01 118 43 1.126000e+01 4.500000e+00 9.175700e+01 5.111200e+02 0
-2.929700e+00 2.880200e+00 -3.916800e-01 -7.049000e-01 119 43 9.997900e+00 4.500000e+00 1.441400e+01 5.135000e+02 0
-2.857200e+00 2.995100e+00 -4.013200e-01 -7.049000e-01 120 43 1.137100e+01 4.500000e+00 5.506000e+01 5.098100e+02 0
-2.783000e+00 3.076100e+00 -4.081200e-01 -7.049000e-01 121 43 1.162400e+01 4.500000e+00 8.654000e+01 5.074100e+02 0
-2.707100e+00 3.164400e+00 -4.155300e-01 -7.049000e-01 122 43 1.152600e+01 4.500000e+00 1.181000e+02 5.049200e+02 0
-2.696200e+00 3.230600e+00 -4.210900e-01 -7.049000e-01 123 43 1.138500e+01 4.500000e+00 1.319200e+02 5.030600e+02 0
-2.313400e+00 3.410100e+00 2.565900e+00 -7.049000e-01 140 43 1.154500e+01 4.500000e+00 2.397400e+02 -2.417500e+01 0
-3.331900e+00 3.640500e+00 -4.554800e-01 -7.049000e-01 143 43 1.265800e+01 4.500000e+00 8.779700e+01 4.921300e+02 0
-3.316300e+00 3.726500e+00 -4.627000e-01 -7.049000e-01 144 43 1.376400e+01 4.500000e+00 1.042000e+02 4.903400e+02 0
-3.261000e+00 3.828000e+00 -4.712200e-01 -7.049000e-01 145 43 1.410900e+01 4.500000e+00 1.285500e+02 4.883800e+02 0
-3.323200e+00 3.820800e+00 -4.706100e-01 -7.049000e-01 146 43 1.414900e+01 4.500000e+00 1.175300e+02 4.884500e+02 0
-3.465600e+00 3.732000e+00 -4.631600e-01 -7.049000e-01 147 43 1.379100e+01 4.500000e+00 8.067800e+01 4.900400e+02 0
-3.649800e+00 3.550400e+00 -4.479200e-01 -7.049000e-01 148 43 1.272400e+01 4.500000e+00 1.819400e+01 4.936800e+02 0
-3.233100e+00 3.995500e+00 -4.852800e-01 -7.049000e-01 151 43 1.334000e+01 4.500000e+00 1.563200e+02 4.852800e+02 0
-3.378300e+00 3.933000e+00 -4.800200e-01 -7.049000e-01 152 43 1.367500e+01 4.500000e+00 1.252500e+02 4.862500e+02 0
-3.556400e+00 4.317800e+00 -5.123100e-01 -7.049000e-01 166 43 1.357400e+01 4.500000e+00 1.502000e+02 4.796100e+02 0
-3.487400e+00 4.418800e+00 -5.207900e-01 -7.049000e-01 167 43 1.362600e+01 4.500000e+00 1.720900e+02 4.781700e+02 0
-3.525100e+00 4.415400e+00 1.823700e+00 -7.049000e-01 171 43 1.318300e+01 4.500000e+00 1.733200e+02 1.613600e+02 0
-3.545800e+00 4.298300e+00 2.148300e+00 -7.049000e-01 172 43 1.288400e+01 4.500000e+00 1.576700e+02 1.122000e+02 0
-3.892900e+00 4.544100e+00 -5.313000e-01 -7.049000e-01 175 43 1.339700e+01 4.500000e+00 1.317400e+02 4.760100e+02 0
-3.915200e+00 4.623600e+00 -5.379700e-01 -7.049000e-01 176 43 1.320200e+01 4.500000e+00 1.383400e+02 4.749200e+02 0
-2.073600e-01 5.062400e+00 -5.748000e-01 -7.049000e-01 191 43 1.224300e+01 4.500000e+00 6.458700e+02 4.726700e+02 0
1.563400e-01 5.461600e+00 -6.082900e-01 -7.049000e-01 192 43 1.176500e+01 4.500000e+00 6.923600e+02 4.685300e+02 0
-4.212600e-01 5.680600e+00 -6.266700e-01 -7.049000e-01 194 43 1.181200e+01 4.500000e+00 6.270100e+02 4.659500e+02 0
-5.283000e+00 7.548000e+00 4.121100e+00 -7.049000e-01 290 43 1.149300e+01 4.500000e+00 2.466600e+02 6.674700e+01 0
-5.426800e+00 7.642400e+00 5.132800e+00 -7.049000e-01 307 43 1.189300e+01 4.500000e+00 2.420400e+02 -5.271400e+00 0
-5.695800e+00 7.577600e+00 5.008800e+00 -7.049000e-01 308 43 1.208700e+01 4.500000e+00 2.171300e+02 1.418800e+00 0
-5.882400e+00 7.472700e+00 5.025600e+00 -7.049000e-01 309 43 1.185300e+01 4.500000e+00 196 -4.418000e+00 0
-4.904500e+00 7.686300e+00 6.522200e+00 -7.049000e-01 322 43 1.160200e+01 4.500000e+00 2.863600e+02 -1.063600e+02 0
-4.919800e+00 8.232100e+00 5.872400e+00 -7.049000e-01 323 43 1.159300e+01 4.500000e+00 3.105300e+02 -3.190600e+01 0
-4.847000e+00 8.754100e+00 5.207400e+00 -7.049000e-01 324 43 1.138500e+01 4.500000e+00 3.370300e+02 3.408100e+01 0
-2.698400e+00 2.877700e+00 -3.914700e-01 -6.728600e-01 116 44 1.151800e+01 4.500000e+00 6.289600e+01 5.140300e+02 0
-2.690200e+00 2.927900e+00 -3.956900e-01 -6.728600e-01 117 44 1.226800e+01 4.500000e+00 7.537800e+01 5.123200e+02 0
-2.777200e+00 2.917500e+00 -3.948100e-01 -6.728600e-01 118 44 1.261200e+01 4.500000e+00 5.491900e+01 5.125100e+02 0
-2.865300e+00 2.903500e+00 -3.936400e-01 -6.728600e-01 119 44 1.301600e+01 4.500000e+00 3.333200e+01 5.128200e+02 0
-2.889600e+00 2.939900e+00 -3.966900e-01 -6.728600e-01 120 44 1.283400e+01 4.500000e+00 3.641700e+01 5.115500e+02 0
-2.881200e+00 3.027200e+00 -4.040200e-01 -6.728600e-01 121 44 1.169300e+01 4.500000e+00 5.694900e+01 5.087500e+02 0
-3.448100e+00 3.562200e+00 -4.489100e-01 -6.728600e-01 143 44 1.353300e+01 4.500000e+00 5.475000e+01 4.936900e+02 0
-3.472400e+00 3.587700e+00 -4.510500e-01 -6.728600e-01 144 44 1.429400e+01 4.500000e+00 5.511800e+01 4.930900e+02 0
-3.418100e+00 3.687900e+00 -4.594600e-01 -6.728600e-01 145 44 1.416000e+01 4.500000e+00 8.126200e+01 4.910100e+02 0
-3.283600e+00 3.835300e+00 -4.718300e-01 -6.728600e-01 146 44 1.444300e+01 4.500000e+00 126 4.882100e+02 0
-3.385900e+00 3.784200e+00 -4.675400e-01 -6.728600e-01 147 44 1.453800e+01 4.500000e+00 1.018700e+02 4.890900e+02 0
-3.409100e+00 3.800100e+00 -4.688800e-01 -6.728600e-01 148 44 1.384900e+01 4.500000e+00 1.006100e+02 4.887500e+02 0
-3.472700e+00 3.768700e+00 -4.662400e-01 -6.728600e-01 149 44 1.318000e+01 4.500000e+00 8.542900e+01 4.892900e+02 0
-3.590000e+00 3.773800e+00 -4.666700e-01 -6.728600e-01 154 44 1.320600e+01 4.500000e+00 6.732100e+01 4.890400e+02 0
-3.819700e+00 4.657700e+00 -5.408300e-01 -6.728600e-01 176 44 1.303300e+01 4.500000e+00 1.548900e+02 4.745600e+02 0
-3.496700e+00 4.521600e+00 2.443500e+00 -6.728600e-01 179 44 1.294300e+01 4.500000e+00 1.906100e+02 8.624400e+01 0
-3.418700e+00 4.516900e+00 2.643700e+00 -6.728600e-01 180 44 1.312200e+01 4.500000e+00 2.009200e+02 6.024600e+01 0
-3.437800e+00 4.513500e+00 2.706800e+00 -6.728600e-01 181 44 1.318000e+01 4.500000e+00 1.982000e+02 5.202400e+01 0
-3.407500e+00 4.382700e+00 3.022800e+00 -6.728600e-01 182 44 1.296500e+01 4.500000e+00 1.889300e+02 1.746800e+00 0
1.276900e+00 1.054600e+01 -1.035000e+00 -6.728600e-01 391 44 1.038600e+01 4.500000e+00 7.616200e+02 4.419300e+02 0
-2.816800e+00 2.868800e+00 -3.907300e-01 -6.408200e-01 117 45 1.139800e+01 4.500000e+00 3.573800e+01 5.141100e+02 0
-2.873000e+00 2.835500e+00 -3.879300e-01 -6.408200e-01 118 45 1.279000e+01 4.500000e+00 1.597400e+01 5.151800e+02 0
-2.865300e+00 2.879000e+00 -3.915900e-01 -6.408200e-01 119 45 1.343900e+01 4.500000e+00 2.776500e+01 5.136600e+02 0
-2.857200e+00 2.935000e+00 -3.962800e-01 -6.408200e-01 120 45 1.317700e+01 4.500000e+00 4.207200e+01 5.117700e+02 0
-2.848400e+00 3.001100e+00 -4.018200e-01 -6.408200e-01 121 45 1.189300e+01 4.500000e+00 5.810200e+01 5.096300e+02 0
-3.062300e+00 2.962100e+00 -3.985500e-01 -6.408200e-01 123 45 1.106600e+01 4.500000e+00 5.802000e+00 5.105000e+02 0
-3.108200e+00 2.957400e+00 -3.981600e-01 -6.408200e-01 129 45 1.328200e+01 4.500000e+00 -4.682800e+00 5.105700e+02 0
-2.956500e+00 2.879300e+00 1.806900e+00 -6.408200e-01 130 45 1.328900e+01 4.500000e+00 2.326000e+01 6.050000e+01 0
-2.979400e+00 2.878300e+00 1.857600e+00 -6.408200e-01 131 45 1.284800e+01 4.500000e+00 1.866600e+01 5.035600e+01 0
-3.486900e+00 3.509400e+00 -4.444800e-01 -6.408200e-01 143 45 1.438600e+01 4.500000e+00 3.853700e+01 4.948400e+02 0
-3.550400e+00 3.495300e+00 -4.433000e-01 -6.408200e-01 144 45 1.517200e+01 4.500000e+00 2.488900e+01 4.950700e+02 0
-3.614600e+00 3.484300e+00 -4.423700e-01 -6.408200e-01 145 45 1.491000e+01 4.500000e+00 1.165300e+01 4.952400e+02 0
-3.244000e+00 3.741600e+00 -4.639700e-01 -6.408200e-01 146 45 1.333100e+01 4.500000e+00 1.183800e+02 4.901300e+02 0
-3.306300e+00 3.759000e+00 -4.654300e-01 -6.408200e-01 147 45 1.358500e+01 4.500000e+00 1.109000e+02 4.896900e+02 0
-3.780200e+00 3.965400e+00 1.546000e+00 -6.408200e-01 164 45 1.299100e+01 4.500000e+00 7.674000e+01 1.804700e+02 0
-3.848100e+00 3.947600e+00 1.553100e+00 -6.408200e-01 165 45 1.298400e+01 4.500000e+00 6.383600e+01 1.787300e+02 0
-3.369800e+00 4.606900e+00 2.549300e+00 -6.408200e-01 180 45 1.247200e+01 4.500000e+00 2.163400e+02 7.767900e+01 0
-3.290400e+00 4.518400e+00 2.876300e+00 -6.408200e-01 181 45 1.251900e+01 4.500000e+00 2.185900e+02 3.046500e+01 0
-3.308700e+00 4.234000e+00 3.329000e+00 -6.408200e-01 182 45 1.253200e+01 4.500000e+00 1.866000e+02 -5.178700e+01 0
-3.327000e+00 3.704400e+00 3.950700e+00 -6.408200e-01 183 45 1.244300e+01 4.500000e+00 1.171600e+02 -2.015600e+02 0
-5.408700e+00 5.671800e+00 2.550500e+00 -6.408200e-01 237 45 1.142800e+01 4.500000e+00 8.859800e+01 132 0
-5.431700e+00 5.512400e+00 2.935400e+00 -6.408200e-01 238 45 1.150200e+01 4.500000e+00 7.049800e+01 8.555700e+01 0
-6.544600e+00 6.002000e+00 4.796800e+00 -6.408200e-01 290 45 1.094700e+01 4.500000e+00 1.615100e+01 -6.655600e+01 0
-6.329800e+00 6.397500e+00 4.645100e+00 -6.408200e-01 291 45 1.118600e+01 4.500000e+00 7.494200e+01 -2.855300e+01 0
-6.272300e+00 6.707900e+00 4.352300e+00 -6.408200e-01 292 45 1.114500e+01 4.500000e+00 1.065400e+02 1.322700e+01 0
1.064100e+00 8.132800e+00 -8.324400e-01 -6.408200e-01 391 45 1.009800e+01 4.500000e+00 7.649700e+02 4.505300e+02 0
-2.904900e+00 2.771300e+00 -3.825400e-01 -6.087800e-01 118 46 1.151400e+01 4.500000e+00 -6.634400e+00 5.174600e+02 0
-2.897500e+00 2.824400e+00 -3.870000e-01 -6.087800e-01 119 46 1.218500e+01 4.500000e+00 8.032100e+00 5.155300e+02 0
-2.857200e+00 2.923100e+00 -3.952900e-01 -6.087800e-01 120 46 1.188400e+01 4.500000e+00 3.945000e+01 5.121700e+02 0
-2.848400e+00 3.054400e+00 -4.063000e-01 -6.087800e-01 121 46 1.084500e+01 4.500000e+00 6.912600e+01 5.079600e+02 0
-3.037200e+00 2.934200e+00 -3.962200e-01 -6.087800e-01 122 46 1.086500e+01 4.500000e+00 4.530900e+00 5.114600e+02 0
-3.095600e+00 2.896200e+00 -3.930200e-01 -6.087800e-01 123 46 1.112800e+01 4.500000e+00 -1.667600e+01 5.126300e+02 0
-3.205800e+00 2.819000e+00 -3.865400e-01 -6.087800e-01 126 46 1.216200e+01 4.500000e+00 -5.960100e+01 5.151100e+02 0
-3.162700e+00 2.888100e+00 -3.923400e-01 -6.087800e-01 127 46 1.181700e+01 4.500000e+00 -3.273900e+01 5.127800e+02 0
-3.003400e+00 2.946800e+00 1.509400e+00 -6.087800e-01 129 46 1.245400e+01 4.500000e+00 2.680100e+01 1.256100e+02 0
-2.921300e+00 2.880200e+00 1.861900e+00 -6.087800e-01 130 46 1.272200e+01 4.500000e+00 3.101900e+01 4.950400e+01 0
-3.525600e+00 3.458100e+00 -4.401700e-01 -6.087800e-01 143 46 1.359100e+01 4.500000e+00 2.212700e+01 4.959800e+02 0
-3.589500e+00 3.461400e+00 -4.404600e-01 -6.087800e-01 144 46 1.430500e+01 4.500000e+00 1.159800e+01 4.958100e+02 0
-3.693100e+00 3.406000e+00 -4.358000e-01 -6.087800e-01 145 46 1.416200e+01 4.500000e+00 -1.776600e+01 4.969900e+02 0
-3.877000e+00 3.254100e+00 -4.230600e-01 -6.087800e-01 146 46 1.291500e+01 4.500000e+00 -8.447800e+01 5.005600e+02 0
-3.795700e+00 3.432600e+00 -4.380300e-01 -6.087800e-01 149 46 1.333700e+01 4.500000e+00 -3.037100e+01 4.962000e+02 0
-3.821400e+00 3.460500e+00 -4.403800e-01 -6.087800e-01 150 46 1.358600e+01 4.500000e+00 -2.907600e+01 4.955000e+02 0
-3.806100e+00 3.535000e+00 -4.466300e-01 -6.087800e-01 151 46 1.339500e+01 4.500000e+00 -1.146100e+01 4.938100e+02 0
-3.949600e+00 3.529100e+00 -4.461400e-01 -6.087800e-01 155 46 1.320200e+01 4.500000e+00 -3.713800e+01 4.937500e+02 0
-3.869100e+00 3.913700e+00 -4.784000e-01 -6.087800e-01 164 46 1.265700e+01 4.500000e+00 4.611900e+01 4.860300e+02 0
-3.892900e+00 3.947700e+00 -4.812600e-01 -6.087800e-01 165 46 1.283100e+01 4.500000e+00 4.798700e+01 4.853800e+02 0
-4.051600e+00 3.953600e+00 -4.817500e-01 -6.087800e-01 166 46 1.223700e+01 4.500000e+00 2.460700e+01 4.850900e+02 0
-4.166800e+00 3.953800e+00 -4.817700e-01 -6.087800e-01 167 46 1.200700e+01 4.500000e+00 7.059600e+00 4.849600e+02 0
-4.125300e+00 3.843100e+00 1.623300e+00 -6.087800e-01 169 46 1.234100e+01 4.500000e+00 4.945500e+00 1.637100e+02 0
-4.196000e+00 3.743900e+00 1.792000e+00 -6.087800e-01 170 46 1.223000e+01 4.500000e+00 -2.282900e+01 1.327500e+02 0
-5.009300e-01 5.801300e+00 -6.368000e-01 -6.087800e-01 205 46 1.087500e+01 4.500000e+00 6.196300e+02 4.647900e+02 0
-3.188100e+00 3.480800e+00 5.382900e+00 -6.087800e-01 206 46 1.097800e+01 4.500000e+00 1.114500e+02 -4.594400e+02 0
-5.537500e+00 5.510000e+00 2.627600e+00 -6.087800e-01 237 46 1.139900e+01 4.500000e+00 5.799500e+01 1.176400e+02 0
-5.496300e+00 5.065800e+00 3.554400e+00 -6.087800e-01 238 46 1.171500e+01 4.500000e+00 1.291400e+01 -6.809500e+00 0
-5.519500e+00 5.103800e+00 3.545600e+00 -6.087800e-01 239 46 1.113100e+01 4.500000e+00 1.505600e+01 -3.173600e+00 0
-1.434600e+00 6.694500e+00 -7.117500e-01 -6.087800e-01 240 46 1.093900e+01 4.500000e+00 5.408200e+02 4.573100e+02 0
-5.992600e+00 6.191700e+00 5.255100e+00 -6.087800e-01 290 46 1.104600e+01 4.500000e+00 8.871100e+01 -9.667600e+01 0
-6.013400e+00 6.630800e+00 4.737400e+00 -6.087800e-01 291 46 1.151900e+01 4.500000e+00 1.237700e+02 -2.390100e+01 0
-6.113500e+00 6.686300e+00 4.604200e+00 -6.087800e-01 292 46 1.156500e+01 4.500000e+00 1.192100e+02 -9.429300e+00 0
-6.293800e+00 6.599100e+00 4.564000e+00 -6.087800e-01 293 46 1.094400e+01 4.500000e+00 9.590700e+01 -1.034700e+01 0
-2.230200e+00 1.243200e+00 3.410800e+00 -5.767400e-01 123 47 9.875700e+00 4.500000e+00 -4.218200e+02 -9.834700e+02 0
-2.449800e+00 2.651300e+00 2.328200e+00 -5.767400e-01 124 47 9.777200e+00 4.500000e+00 8.380400e+01 -7.854800e+01 0
-3.180200e+00 2.492000e+00 1.558600e+00 -5.767400e-01 125 47 1.037500e+01 4.500000e+00 -1.312400e+02 7.339800e+01 0
-3.308200e+00 2.651100e+00 -3.724600e-01 -5.767400e-01 126 47 1.067300e+01 4.500000e+00 -1.299300e+02 5.212700e+02 0
-2.968500e+00 2.851200e+00 1.743900e+00 -5.767400e-01 129 47 1.055200e+01 4.500000e+00 1.400400e+01 7.038700e+01 0
-3.133300e+00 2.475800e+00 2.303100e+00 -5.767400e-01 133 47 1.162500e+01 4.500000e+00 -1.180700e+02 -9.874400e+01 0
-3.193300e+00 2.506000e+00 2.257700e+00 -5.767400e-01 134 47 1.203400e+01 4.500000e+00 -1.230300e+02 -8.300200e+01 0
-3.217300e+00 2.677800e+00 2.092400e+00 -5.767400e-01 135 47 1.193600e+01 4.500000e+00 -7.975500e+01 -2.090800e+01 0
-4.090900e+00 3.358500e+00 -4.318200e-01 -5.767400e-01 154 47 1.267600e+01 4.500000e+00 -9.888800e+01 4.975700e+02 0
-4.117700e+00 3.363000e+00 -4.322000e-01 -5.767400e-01 155 47 1.301900e+01 4.500000e+00 -1.026000e+02 4.974200e+02 0
-4.102100e+00 3.389800e+00 -4.344500e-01 -5.767400e-01 156 47 1.290500e+01 4.500000e+00 -9.366900e+01 4.967800e+02 0
-4.366800e+00 3.581700e+00 -4.505500e-01 -5.767400e-01 166 47 1.172000e+01 4.500000e+00 -9.649200e+01 4.920200e+02 0
-4.302700e+00 3.760700e+00 -4.655600e-01 -5.767400e-01 167 47 1.185100e+01 4.500000e+00 -4.934900e+01 4.884200e+02 0
-4.283000e+00 3.764200e+00 -4.658600e-01 -5.767400e-01 168 47 1.180700e+01 4.500000e+00 -4.553400e+01 4.883700e+02 0
-4.125300e+00 3.520400e+00 2.238600e+00 -5.767400e-01 169 47 1.210900e+01 4.500000e+00 -5.196000e+01 4.610600e+01 0
-4.149900e+00 3.384800e+00 2.481000e+00 -5.767400e-01 170 47 1.218200e+01 4.500000e+00 -8.300600e+01 -6.396200e+00 0
-7.053400e+00 5.072400e+00 4.563300e+00 -5.767400e-01 282 47 1.069600e+01 4.500000e+00 -1.578100e+02 -1.131400e+02 0
-6.924600e+00 5.216800e+00 4.671700e+00 -5.767400e-01 283 47 1.138900e+01 4.500000e+00 -1.212800e+02 -1.126600e+02 0
-6.872000e+00 5.218300e+00 4.819200e+00 -5.767400e-01 284 47 1.162400e+01 4.500000e+00 -1.146600e+02 -1.282200e+02 0
-6.818800e+00 5.205600e+00 4.977700e+00 -5.767400e-01 285 47 1.154700e+01 4.500000e+00 -110 -1.462100e+02 0
-6.920500e+00 5.213500e+00 4.898000e+00 -5.767400e-01 286 47 1.134600e+01 4.500000e+00 -1.202800e+02 -1.368000e+02 0
-7.022900e+00 5.316200e+00 4.709400e+00 -5.767400e-01 287 47 1.128500e+01 4.500000e+00 -1.173500e+02 -108 0
-3.346100e+00 6.603500e+00 -7.041200e-01 -5.767400e-01 293 47 1.034900e+01 4.500000e+00 3.569900e+02 4.568500e+02 0
-6.875000e+00 6.234500e+00 4.309300e+00 -5.767400e-01 294 47 1.101500e+01 4.500000e+00 7.903500e+00 -6.949000e+00 0
-6.818200e+00 6.276500e+00 4.420100e+00 -5.767400e-01 295 47 1.101700e+01 4.500000e+00 1.782700e+01 -1.463200e+01 0
-2.841100e+00 2.550900e+00 -3.640500e-01 -5.447000e-01 118 48 1.008900e+01 4.500000e+00 -5.144600e+01 5.265500e+02 0
-2.736600e+00 2.295100e+00 2.055700e+00 -5.447000e-01 119 48 1.042500e+01 4.500000e+00 -8.151100e+01 -7.519100e+01 0
-2.824700e+00 2.123500e+00 2.187000e+00 -5.447000e-01 120 48 1.069100e+01 4.500000e+00 -1.632700e+02 -1.426100e+02 0
-2.913900e+00 2.269700e+00 1.980000e+00 -5.447000e-01 121 48 1.120400e+01 4.500000e+00 -1.358000e+02 -6.004400e+01 0
-2.905200e+00 2.220200e+00 2.118300e+00 -5.447000e-01 122 48 1.121600e+01 4.500000e+00 -1.495000e+02 -1.039400e+02 0
-2.796000e+00 2.131200e+00 2.406900e+00 -5.447000e-01 123 48 1.042800e+01 4.500000e+00 -1.500400e+02 -1.983100e+02 0
-3.338400e+00 2.668100e+00 1.819300e+00 -5.447000e-01 134 48 1.130600e+01 4.500000e+00 -1.111800e+02 3.633900e+01 0
-3.473200e+00 2.582000e+00 1.780400e+00 -5.447000e-01 135 48 1.133600e+01 4.500000e+00 -1.674100e+02 3.505400e+01 0
-3.499200e+00 2.430800e+00 2.018700e+00 -5.447000e-01 136 48 1.146800e+01 4.500000e+00 -2.217000e+02 -3.936300e+01 0
-3.450900e+00 2.279500e+00 2.335300e+00 -5.447000e-01 137 48 1.095200e+01 4.500000e+00 -2.628400e+02 -1.418900e+02 0
-3.375300e+00 2.512100e+00 2.421100e+00 -5.447000e-01 140 48 1.155800e+01 4.500000e+00 -1.611200e+02 -1.172600e+02 0
-3.472400e+00 3.028900e+00 1.925700e+00 -5.447000e-01 144 48 1.234900e+01 4.500000e+00 -4.421600e+01 5.389600e+01 0
-3.614600e+00 3.089100e+00 1.638000e+00 -5.447000e-01 145 48 1.253600e+01 4.500000e+00 -5.936800e+01 1.135000e+02 0
-4.119900e+00 3.176700e+00 -4.165700e-01 -5.447000e-01 152 48 1.265800e+01 4.500000e+00 -1.488100e+02 5.022600e+02 0
-4.402800e+00 3.353800e+00 -4.314300e-01 -5.447000e-01 164 48 1.215700e+01 4.500000e+00 -1.554700e+02 4.972200e+02 0
-4.295600e+00 3.368300e+00 1.733900e+00 -5.447000e-01 165 48 1.212900e+01 4.500000e+00 -1.169300e+02 1.184000e+02 0
-4.276700e+00 3.315900e+00 1.979700e+00 -5.447000e-01 166 48 1.209500e+01 4.500000e+00 -1.240700e+02 7.233600e+01 0
-4.438500e+00 3.183800e+00 1.942000e+00 -5.447000e-01 167 48 1.187400e+01 4.500000e+00 -1.859600e+02 6.807200e+01 0
-4.242100e+00 3.239400e+00 2.518900e+00 -5.447000e-01 170 48 1.185600e+01 4.500000e+00 -1.321500e+02 -2.830800e+01 0
-5.451900e+00 3.997800e+00 -4.854700e-01 -5.447000e-01 195 48 1.156600e+01 4.500000e+00 -1.775800e+02 4.827400e+02 0
-7.202900e+00 4.159600e+00 4.801100e+00 -5.447000e-01 276 48 1.086500e+01 4.500000e+00 -3.476300e+02 -2.390600e+02 0
-7.229100e+00 4.300800e+00 4.706300e+00 -5.447000e-01 277 48 1.166800e+01 4.500000e+00 -3.202600e+02 -2.089800e+02 0
-7.330900e+00 4.531900e+00 4.393300e+00 -5.447000e-01 278 48 1.141800e+01 4.500000e+00 -2.870700e+02 -1.442600e+02 0
-6.949200e+00 5.079200e+00 4.856900e+00 -5.447000e-01 284 48 1.163000e+01 4.500000e+00 -1.437100e+02 -1.445700e+02 0
-6.973700e+00 4.961900e+00 5.011700e+00 -5.447000e-01 285 48 1.161000e+01 4.500000e+00 -1.641200e+02 -1.726500e+02 0
-6.725500e+00 6.477700e+00 3.921600e+00 -5.447000e-01 291 48 1.064300e+01 4.500000e+00 4.471500e+01 3.980600e+01 0
-6.986800e+00 6.079400e+00 4.183900e+00 -5.447000e-01 292 48 1.123300e+01 4.500000e+00 -1.968900e+01 -4.060300e+00 0
-7.090500e+00 5.948100e+00 4.282000e+00 -5.447000e-01 293 48 1.100200e+01 4.500000e+00 -4.426800e+01 -2.073500e+01 0
-7.114800e+00 5.908700e+00 4.378600e+00 -5.447000e-01 294 48 1.073700e+01 4.500000e+00 -5.093300e+01 -3.223400e+01 0
-6.978700e+00 6.084100e+00 4.438800e+00 -5.447000e-01 295 48 1.053200e+01 4.500000e+00 -1.755300e+01 -2.730200e+01 0
-2.792500e+00 2.080200e+00 2.001100e+00 -5.126600e-01 116 49 1.062800e+01 4.500000e+00 -1.736400e+02 -1.029700e+02 0
-2.880100e+00 2.199400e+00 1.810900e+00 -5.126600e-01 117 49 1.058600e+01 4.500000e+00 -1.540900e+02 -2.972800e+01 0
-2.736600e+00 2.283500e+00 2.068600e+00 -5.126600e-01 119 49 1.032600e+01 4.500000e+00 -8.513000e+01 -8.047400e+01 0
-2.889600e+00 2.223500e+00 1.994300e+00 -5.126600e-01 120 49 1.106000e+01 4.500000e+00 -1.457100e+02 -7.212900e+01 0
-2.979400e+00 2.211000e+00 1.948700e+00 -5.126600e-01 121 49 1.167600e+01 4.500000e+00 -1.741400e+02 -6.234100e+01 0
-3.004200e+00 2.046600e+00 2.154700e+00 -5.126600e-01 122 49 1.144400e+01 4.500000e+00 -2.441200e+02 -1.503800e+02 0
-3.525600e+00 2.971300e+00 1.826000e+00 -5.126600e-01 143 49 1.182500e+01 4.500000e+00 -6.910800e+01 6.752600e+01 0
-3.511400e+00 2.981600e+00 1.928800e+00 -5.126600e-01 144 49 1.215100e+01 4.500000e+00 -6.303700e+01 4.876000e+01 0
-3.693100e+00 3.060900e+00 1.510700e+00 -5.126600e-01 145 49 1.245600e+01 4.500000e+00 -8.200400e+01 1.354500e+02 0
-3.758300e+00 3.165600e+00 -4.156300e-01 -5.126600e-01 146 49 1.200700e+01 4.500000e+00 -8.337400e+01 5.031500e+02 0
-4.287400e+00 3.162500e+00 1.904000e+00 -5.126600e-01 163 49 1.228700e+01 4.500000e+00 -1.643700e+02 7.260600e+01 0
-4.269400e+00 3.313400e+00 1.788300e+00 -5.126600e-01 164 49 1.237200e+01 4.500000e+00 -1.247700e+02 1.050700e+02 0
-4.161300e+00 3.528000e+00 1.743500e+00 -5.126600e-01 165 49 1.193800e+01 4.500000e+00 -5.944000e+01 1.271300e+02 0
-7.153800e+00 3.831500e+00 5.200900e+00 -5.126600e-01 277 49 1.123100e+01 4.500000e+00 -4.182200e+02 -3.412200e+02 0
-7.255300e+00 4.157600e+00 4.863800e+00 -5.126600e-01 278 49 1.126300e+01 4.500000e+00 -3.545300e+02 -2.471700e+02 0
-3.028500e+00 1.914000e+00 -3.106100e-01 -4.806200e-01 112 50 9.812500e+00 4.500000e+00 -3.550700e+02 5.631900e+02 0
-3.086300e+00 1.857300e+00 1.524500e+00 -4.806200e-01 113 50 1.013300e+01 4.500000e+00 -3.699700e+02 -1.014200e+01 0
-3.074900e+00 1.911200e+00 1.738400e+00 -4.806200e-01 116 50 1.098100e+01 4.500000e+00 -3.343600e+02 -6.308500e+01 0
-3.133300e+00 2.038200e+00 1.562000e+00 -4.806200e-01 117 50 1.087800e+01 4.500000e+00 -2.926500e+02 1.113600e+01 0
-3.247900e+00 2.196600e+00 2.146800e+00 -4.806200e-01 129 50 1.138200e+01 4.500000e+00 -2.469400e+02 -1.136700e+02 0
-3.619500e+00 2.363600e+00 1.792400e+00 -4.806200e-01 135 50 1.223900e+01 4.500000e+00 -2.781900e+02 4.193100e+00 0
-3.683300e+00 2.254900e+00 1.891100e+00 -4.806200e-01 136 50 1.183100e+01 4.500000e+00 -3.371000e+02 -3.628400e+01 0
-4.466600e+00 2.854400e+00 -3.895200e-01 -4.806200e-01 154 50 1.212200e+01 4.500000e+00 -3.135300e+02 5.114500e+02 0
-4.698800e+00 2.811200e+00 -3.858900e-01 -4.806200e-01 159 50 1.204900e+01 4.500000e+00 -3.769200e+02 5.124800e+02 0
-4.287400e+00 2.854100e+00 2.341100e+00 -4.806200e-01 163 50 1.208000e+01 4.500000e+00 -2.477600e+02 -4.296000e+01 0
-4.313800e+00 3.007700e+00 2.179200e+00 -4.806200e-01 164 50 1.185000e+01 4.500000e+00 -2.088400e+02 6.890200e+00 0
-4.545500e+00 3.258600e+00 1.991900e+00 -4.806200e-01 171 50 1.126300e+01 4.500000e+00 -1.852300e+02 6.609200e+01 0
-3.936200e+00 5.130700e+00 -5.805300e-01 -4.806200e-01 230 50 1.075700e+01 4.500000e+00 1.901700e+02 4.688600e+02 0
-3.890700e+00 5.021000e+00 -5.713200e-01 -4.806200e-01 231 50 1.107500e+01 4.500000e+00 1.848400e+02 4.701000e+02 0
-3.907600e+00 4.487800e+00 -5.265800e-01 -4.806200e-01 232 50 1.070000e+01 4.500000e+00 1.227700e+02 4.767800e+02 0
-6.098500e+00 5.020900e+00 4.035400e+00 -4.806200e-01 255 50 1.053500e+01 4.500000e+00 -6.013900e+01 -6.214700e+01 0
-5.913800e+00 5.567600e+00 3.651800e+00 -4.806200e-01 256 50 1.065800e+01 4.500000e+00 2.796400e+01 1.575800e+01 0
-6.896300e+00 6.045500e+00 3.776800e+00 -4.806200e-01 285 50 1.027400e+01 4.500000e+00 -1.615200e+01 3.176800e+01 0
-3.141500e+00 1.154500e+00 2.156100e+00 -4.485700e-01 115 51 1.020300e+01 4.500000e+00 -9.601500e+02 -5.052200e+02 0
-3.200400e+00 1.540500e+00 1.874500e+00 -4.485700e-01 116 51 1.083000e+01 4.500000e+00 -6.064500e+02 -2.054400e+02 0
-3.228200e+00 2.018400e+00 -3.193700e-01 -4.485700e-01 117 51 1.051300e+01 4.500000e+00 -3.602400e+02 5.548500e+02 0
-4.411800e+00 2.535500e+00 -3.627600e-01 -4.485700e-01 148 51 1.100800e+01 4.500000e+00 -4.240100e+02 5.235900e+02 0
-4.431200e+00 2.695100e+00 -3.761600e-01 -4.485700e-01 150 51 1.126000e+01 4.500000e+00 -3.637500e+02 5.171800e+02 0
-4.379100e+00 2.793700e+00 -3.844300e-01 -4.485700e-01 151 51 1.150300e+01 4.500000e+00 -3.164300e+02 5.137000e+02 0
-4.424900e+00 2.693300e+00 -3.760000e-01 -4.485700e-01 154 51 1.169500e+01 4.500000e+00 -3.631100e+02 5.172700e+02 0
-4.579900e+00 2.577800e+00 -3.663100e-01 -4.485700e-01 155 51 1.256300e+01 4.500000e+00 -4.441200e+02 5.214600e+02 0
-4.694200e+00 2.483100e+00 -3.583600e-01 -4.485700e-01 156 51 1.282700e+01 4.500000e+00 -5.127800e+02 5.252000e+02 0
-4.724500e+00 2.403300e+00 -3.516700e-01 -4.485700e-01 157 51 1.265100e+01 4.500000e+00 -5.587300e+02 5.287200e+02 0
-4.669100e+00 2.628700e+00 -3.705800e-01 -4.485700e-01 158 51 1.296300e+01 4.500000e+00 -4.424100e+02 5.192300e+02 0
-4.741900e+00 2.664000e+00 -3.735400e-01 -4.485700e-01 159 51 1.299600e+01 4.500000e+00 -4.436800e+02 5.177200e+02 0
-4.771900e+00 2.736900e+00 -3.796600e-01 -4.485700e-01 160 51 1.238100e+01 4.500000e+00 -4.206900e+02 5.149600e+02 0
-4.845600e+00 2.717100e+00 -3.780000e-01 -4.485700e-01 161 51 1.128400e+01 4.500000e+00 -4.442500e+02 5.155200e+02 0
-6.107800e+00 3.513800e+00 4.914900e+00 -4.485700e-01 247 51 1.031900e+01 4.500000e+00 -3.506600e+02 -3.623800e+02 0
-6.200000e+00 4.681000e+00 3.749300e+00 -4.485700e-01 248 51 1.069100e+01 4.500000e+00 -1.253100e+02 -5.685200e+01 0
-6.495700e+00 4.825100e+00 3.088200e+00 -4.485700e-01 249 51 1.102500e+01 4.500000e+00 -1.406900e+02 3.231800e+01 0
-6.657800e+00 4.611800e+00 3.166000e+00 -4.485700e-01 250 51 1.085100e+01 4.500000e+00 -1.966100e+02 8.887800e+00 0
-7.025600e+00 4.001900e+00 3.294400e+00 -4.485700e-01 251 51 1.063900e+01 4.500000e+00 -3.733200e+02 -5.780100e+01 0
-6.122500e+00 5.295400e+00 3.712200e+00 -4.485700e-01 256 51 1.102200e+01 4.500000e+00 -2.707900e+01 -7.090000e+00 0
-6.216300e+00 5.708200e+00 2.950100e+00 -4.485700e-01 257 51 1.112300e+01 4.500000e+00 1.037600e+01 9.429000e+01 0
-6.310700e+00 5.986900e+00 2.210700e+00 -4.485700e-01 258 51 1.054600e+01 4.500000e+00 2.931300e+01 1.774000e+02 0
-7.386300e+00 4.939100e+00 4.247200e+00 -4.485700e-01 283 51 1.067800e+01 4.500000e+00 -2.189100e+02 -8.899500e+01 0
-7.412500e+00 5.351900e+00 3.754000e+00 -4.485700e-01 284 51 1.080000e+01 4.500000e+00 -1.580900e+02 -5.109900e+00 0
-7.361200e+00 5.768200e+00 3.303400e+00 -4.485700e-01 285 51 1.054100e+01 4.500000e+00 -9.675600e+01 6.382100e+01 0
-2.961900e+00 2.461000e+00 -3.565100e-01 -4.165300e-01 119 52 9.943000e+00 4.500000e+00 -1.081300e+02 5.303500e+02 0
-3.214300e+00 1.942800e+00 1.779000e+00 -4.165300e-01 120 52 1.018900e+01 4.500000e+00 -3.585400e+02 -6.731100e+01 0
-4.421600e+00 2.446900e+00 -3.553300e-01 -4.165300e-01 147 52 1.044500e+01 4.500000e+00 -4.656200e+02 5.274500e+02 0
-4.451900e+00 2.530300e+00 -3.623200e-01 -4.165300e-01 148 52 1.097600e+01 4.500000e+00 -4.354600e+02 5.237200e+02 0
-4.401400e+00 2.427100e+00 -3.536600e-01 -4.165300e-01 149 52 1.068600e+01 4.500000e+00 -4.700100e+02 5.284100e+02 0
-4.471800e+00 2.544200e+00 -3.634900e-01 -4.165300e-01 150 52 1.108400e+01 4.500000e+00 -4.340100e+02 5.230900e+02 0
-4.379100e+00 2.770500e+00 -3.824800e-01 -4.165300e-01 151 52 1.078600e+01 4.500000e+00 -3.247000e+02 5.145300e+02 0
-4.621900e+00 2.474600e+00 -3.576500e-01 -4.165300e-01 155 52 1.218300e+01 4.500000e+00 -4.999000e+02 5.257400e+02 0
-4.736500e+00 2.403000e+00 -3.516400e-01 -4.165300e-01 156 52 1.287100e+01 4.500000e+00 -5.617700e+02 5.287100e+02 0
-4.767000e+00 2.412900e+00 -3.524700e-01 -4.165300e-01 157 52 1.295400e+01 4.500000e+00 -5.640400e+02 5.281700e+02 0
-4.797600e+00 2.417600e+00 -3.528700e-01 -4.165300e-01 158 52 1.272700e+01 4.500000e+00 -5.689200e+02 5.278800e+02 0
-4.828100e+00 2.553600e+00 -3.642800e-01 -4.165300e-01 159 52 1.214700e+01 4.500000e+00 -5.107800e+02 5.219000e+02 0
-4.842300e+00 2.366400e+00 2.806700e+00 -4.165300e-01 175 52 1.079900e+01 4.500000e+00 -5.497700e+02 -2.234900e+02 0
-5.050800e+00 2.748000e+00 2.362400e+00 -4.165300e-01 179 52 1.046000e+01 4.500000e+00 -4.374100e+02 -5.841900e+01 0
-4.981500e+00 3.449200e+00 1.538300e+00 -4.165300e-01 180 52 1.043800e+01 4.500000e+00 -2.154200e+02 1.577100e+02 0
-6.550800e+00 3.975800e+00 3.806300e+00 -4.165300e-01 246 52 1.063900e+01 4.500000e+00 -3.092400e+02 -1.324400e+02 0
-6.443300e+00 4.269300e+00 3.750100e+00 -4.165300e-01 247 52 1.102300e+01 4.500000e+00 -2.312300e+02 -9.389400e+01 0
-6.334800e+00 4.709900e+00 3.478000e+00 -4.165300e-01 248 52 1.122900e+01 4.500000e+00 -1.383200e+02 -2.198100e+01 0
-6.495700e+00 4.683900e+00 3.298300e+00 -4.165300e-01 249 52 1.128200e+01 4.500000e+00 -1.632500e+02 -2.177300e+00 0
-6.725700e+00 4.418500e+00 3.295500e+00 -4.165300e-01 250 52 1.102400e+01 4.500000e+00 -2.410300e+02 -2.173900e+01 0
-6.470400e+00 4.367500e+00 4.285600e+00 -4.165300e-01 256 52 1.058600e+01 4.500000e+00 -2.119400e+02 -1.515000e+02 0
-6.565600e+00 5.200600e+00 3.126900e+00 -4.165300e-01 257 52 1.078700e+01 4.500000e+00 -9.113000e+01 5.080600e+01 0
-6.591200e+00 5.579500e+00 2.445600e+00 -4.165300e-01 258 52 1.062200e+01 4.500000e+00 -4.569300e+01 1.406100e+02 0
-7.643800e+00 2.797200e+00 4.897000e+00 -4.165300e-01 273 52 1.074900e+01 4.500000e+00 -8.735500e+02 -5.102700e+02 0
-7.523000e+00 2.718300e+00 5.187900e+00 -4.165300e-01 274 52 1.097200e+01 4.500000e+00 -8.852500e+02 -5.866900e+02 0
-7.326300e+00 3.589800e+00 5.000500e+00 -4.165300e-01 275 52 1.085500e+01 4.500000e+00 -5.135300e+02 -3.537400e+02 0
-7.127900e+00 4.694800e+00 4.403100e+00 -4.165300e-01 276 52 1.042300e+01 4.500000e+00 -2.312300e+02 -1.297400e+02 0
-4.405200e+00 5.349600e+00 -5.989000e-01 -4.165300e-01 300 52 1.031200e+01 4.500000e+00 1.569100e+02 4.662500e+02 0
-4.541100e+00 2.316300e+00 -3.443600e-01 -3.844900e-01 147 53 1.017600e+01 4.500000e+00 -5.587500e+02 5.333900e+02 0
-4.572200e+00 2.331900e+00 -3.456800e-01 -3.844900e-01 148 53 1.064000e+01 4.500000e+00 -5.582800e+02 5.325300e+02 0
-4.478900e+00 2.706800e+00 -3.771300e-01 -3.844900e-01 153 53 1.074600e+01 4.500000e+00 -3.696400e+02 5.166500e+02 0
-4.675400e+00 2.476400e+00 -3.578000e-01 -3.844900e-01 154 53 1.106300e+01 4.500000e+00 -5.115300e+02 5.255400e+02 0
-4.905600e+00 2.076600e+00 -3.242500e-01 -3.844900e-01 156 53 1.143700e+01 4.500000e+00 -7.973300e+02 5.456500e+02 0
-4.894700e+00 2.232200e+00 -3.373100e-01 -3.844900e-01 157 53 1.225900e+01 4.500000e+00 -6.946300e+02 5.368000e+02 0
-4.926100e+00 2.243600e+00 -3.382600e-01 -3.844900e-01 158 53 1.241200e+01 4.500000e+00 -6.958000e+02 5.361100e+02 0
-5.043700e+00 2.094000e+00 -3.257100e-01 -3.844900e-01 159 53 1.190900e+01 4.500000e+00 -8.224900e+02 5.441800e+02 0
-5.204400e+00 2.332100e+00 2.197000e+00 -3.844900e-01 176 53 1.033700e+01 4.500000e+00 -6.618800e+02 -8.799100e+01 0
-5.330200e+00 2.682700e+00 -3.751100e-01 -3.844900e-01 177 53 1.037400e+01 4.500000e+00 -5.623400e+02 5.158100e+02 0
-5.225700e+00 2.848800e+00 1.911800e+00 -3.844900e-01 180 53 1.036500e+01 4.500000e+00 -4.400100e+02 4.402300e+01 0
-6.668700e+00 5.091100e+00 -5.772000e-01 -3.844900e-01 243 53 1.006800e+01 4.500000e+00 -1.367600e+02 4.671500e+02 0
-6.443300e+00 3.725500e+00 4.290900e+00 -3.844900e-01 247 53 1.015900e+01 4.500000e+00 -3.512000e+02 -2.336300e+02 0
-7.671900e+00 2.300900e+00 5.171600e+00 -3.844900e-01 274 53 1.069400e+01 4.500000e+00 -1.160800e+03 -7.277100e+02 0
-7.475800e+00 3.254700e+00 5.008500e+00 -3.844900e-01 275 53 1.090900e+01 4.500000e+00 -6.485600e+02 -4.197400e+02 0
-7.503100e+00 3.930400e+00 4.526700e+00 -3.844900e-01 276 53 1.099000e+01 4.500000e+00 -4.470800e+02 -2.325100e+02 0
-4.461500e+00 2.429300e+00 -3.538500e-01 -3.524500e-01 147 54 1.043500e+01 4.500000e+00 -4.832900e+02 5.281600e+02 0
-4.572200e+00 2.331400e+00 -3.456300e-01 -3.524500e-01 148 54 1.055000e+01 4.500000e+00 -5.585500e+02 5.325600e+02 0
-4.788300e+00 1.512000e+00 -2.768800e-01 -3.524500e-01 151 54 1.020100e+01 4.500000e+00 -1281 5.929600e+02 0
-4.863300e+00 2.082600e+00 -3.247600e-01 -3.524500e-01 156 54 1.170800e+01 4.500000e+00 -7.817600e+02 5.454100e+02 0
-4.894700e+00 2.139400e+00 -3.295200e-01 -3.524500e-01 157 54 1.248000e+01 4.500000e+00 -7.524400e+02 5.419500e+02 0
-4.968900e+00 2.084100e+00 -3.248800e-01 -3.524500e-01 158 54 1.274300e+01 4.500000e+00 -8.092200e+02 545 0
-5.043700e+00 2.050300e+00 -3.220400e-01 -3.524500e-01 159 54 1.236400e+01 4.500000e+00 -8.533600e+02 5.468500e+02 0
-5.162400e+00 1.891800e+00 -3.087400e-01 -3.524500e-01 160 54 1.117300e+01 4.500000e+00 -1.011400e+03 5.571000e+02 0
-5.454600e+00 1.884900e+00 -3.081600e-01 -3.524500e-01 169 54 1.148400e+01 4.500000e+00 -1.102300e+03 5.565600e+02 0
-5.394800e+00 1.409500e+00 1.934700e+00 -3.524500e-01 170 54 1.211300e+01 4.500000e+00 -1519 -2.484400e+02 0
-5.334000e+00 4.147900e-01 2.573700e+00 -3.524500e-01 171 54 1.189000e+01 4.500000e+00 -4.846800e+03 -1.793600e+03 0
-5.549500e+00 2.589600e+00 -3.673000e-01 -3.524500e-01 181 54 1.027300e+01 4.500000e+00 -6.539200e+02 5.188900e+02 0
-7.812500e+00 4.059800e+00 4.091700e+00 -3.524500e-01 279 54 1.104000e+01 4.500000e+00 -4.592700e+02 -1.564000e+02 0
-7.764400e+00 3.898200e+00 4.410800e+00 -3.524500e-01 280 54 1.098100e+01 4.500000e+00 -4.931600e+02 -2.199700e+02 0
-7.868700e+00 4.081200e+00 4.128900e+00 -3.524500e-01 281 54 1.088400e+01 4.500000e+00 -4.609300e+02 -1.586100e+02 0
-5.159400e+00 1.495600e+00 -2.755000e-01 -3.204100e-01 156 55 1.075500e+01 4.500000e+00 -1434 5.928900e+02 0
-5.022400e+00 1.930300e+00 -3.119800e-01 -3.204100e-01 157 55 1.156600e+01 4.500000e+00 -9.388900e+02 5.548400e+02 0
-5.097400e+00 1.851500e+00 -3.053700e-01 -3.204100e-01 158 55 1.185000e+01 4.500000e+00 -1.027300e+03 5.603100e+02 0
-5.216100e+00 1.712900e+00 -2.937400e-01 -3.204100e-01 159 55 1.143700e+01 4.500000e+00 -1.196800e+03 5.710900e+02 0
-5.317100e+00 1.627700e+00 2.450500e+00 -3.204100e-01 175 55 1.091900e+01 4.500000e+00 -1.209600e+03 -3.403400e+02 0
-8.208100e+00 2.975800e+00 4.084000e+00 -3.204100e-01 277 55 1.100300e+01 4.500000e+00 -9.019200e+02 -3.204600e+02 0
-8.237800e+00 3.423400e+00 3.741800e+00 -3.204100e-01 278 55 1.148700e+01 4.500000e+00 -7.233900e+02 -1.873300e+02 0
-8.191700e+00 3.787700e+00 3.578800e+00 -3.204100e-01 279 55 1.149100e+01 4.500000e+00 -5.943400e+02 -1.162300e+02 0
-8.068900e+00 3.745900e+00 3.974700e+00 -3.204100e-01 280 55 1.125100e+01 4.500000e+00 -5.854100e+02 -1.781800e+02 0
-8.097800e+00 3.365200e+00 4.326700e+00 -3.204100e-01 281 55 1.094600e+01 4.500000e+00 -7.155000e+02 -2.878300e+02 0
-8.242400e+00 5.433900e+00 -6.059700e-01 -3.204100e-01 286 55 1.054400e+01 4.500000e+00 -2.562000e+02 4.627400e+02 0
0 0 -1.500000e-01 -9.612300e-02 1 62 9.442700e+00 4.500000e+00 2167 -3.612800e+03 0
6.766400e-01 8.284600e-01 -2.195200e-01 -9.612300e-02 32 62 9.851400e+00 4.500000e+00 1.133800e+03 8.225700e+02 0
6.897400e-01 8.503100e-01 -2.213500e-01 -9.612300e-02 33 62 9.875500e+00 4.500000e+00 1.132300e+03 8.109700e+02 0
0 0 -1.500000e-01 -6.408200e-02 1 63 1.067500e+01 4.500000e+00 2167 -3.612800e+03 0
-2.728400e-04 3.478700e-02 -1.529200e-01 -6.408200e-02 2 63 1.024600e+01 4.500000e+00 3.476900e+03 -7181 0
6.567200e-01 7.620100e-01 -2.139400e-01 -6.408200e-02 30 63 9.562600e+00 4.500000e+00 1.158100e+03 8.629600e+02 0
6.711800e-01 8.025900e-01 -2.173500e-01 -6.408200e-02 31 63 1.042000e+01 4.500000e+00 1.144800e+03 8.374600e+02 0
6.851000e-01 8.283100e-01 -2.195100e-01 -6.408200e-02 32 63 1.074100e+01 4.500000e+00 1.141400e+03 8.228400e+02 0
6.897400e-01 8.570900e-01 -2.219200e-01 -6.408200e-02 33 63 1.053800e+01 4.500000e+00 1.128400e+03 8.074200e+02 0
6.752700e-01 8.873300e-01 -2.244600e-01 -6.408200e-02 34 63 9.944100e+00 4.500000e+00 1.099900e+03 7.920600e+02 0
0 0 -1.500000e-01 -3.204100e-02 1 64 1.565200e+01 4.500000e+00 2167 -3.612800e+03 0
-7.202900e-02 1.110200e-01 -1.593200e-01 -3.204100e-02 5 64 1.422600e+01 4.500000e+00 -3240 7.979700e+03 0
-1.585200e-01 1.860200e-01 -1.656100e-01 -3.204100e-02 8 64 1.333400e+01 4.500000e+00 -1.096400e+03 2.952200e+03 0
-2.008100e-01 1.929500e-01 -1.661900e-01 -3.204100e-02 9 64 1.287700e+01 4.500000e+00 -1.191700e+03 2.782800e+03 0
-2.480100e-01 1.870400e-01 -1.656900e-01 -3.204100e-02 10 64 1.269100e+01 4.500000e+00 -1.506800e+03 2.866500e+03 0
-2.592000e-01 2.271600e-01 -1.690600e-01 -3.204100e-02 11 64 1.204800e+01 4.500000e+00 -9.999100e+02 2.252300e+03 0
-2.851200e-01 2.393800e-01 -1.700900e-01 -3.204100e-02 12 64 1.171000e+01 4.500000e+00 -9.674400e+02 2.114200e+03 0
-3.044900e-01 2.830200e-01 -1.737500e-01 -3.204100e-02 13 64 1.087100e+01 4.500000e+00 -6.879200e+02 1.770300e+03 0
-1.184100e-01 1.652500e-01 -1.638700e-01 -3.204100e-02 15 64 1.045200e+01 4.500000e+00 -1.244200e+03 3.543300e+03 0
3.683300e-01 3.005000e-01 -1.752200e-01 -3.204100e-02 28 64 1.215500e+01 4.500000e+00 1.279900e+03 1.809500e+03 0
6.799100e-01 6.419200e-01 -2.038600e-01 -3.204100e-02 29 64 1.370200e+01 4.500000e+00 1.288100e+03 9.628200e+02 0
6.725500e-01 7.383100e-01 -2.119500e-01 -3.204100e-02 30 64 1.464800e+01 4.500000e+00 1.191400e+03 8.800100e+02 0
6.793700e-01 7.973900e-01 -2.169100e-01 -3.204100e-02 31 64 1.480800e+01 4.500000e+00 1.155800e+03 8.408000e+02 0
6.766400e-01 8.285500e-01 -2.195300e-01 -3.204100e-02 32 64 1.428700e+01 4.500000e+00 1.133700e+03 8.225300e+02 0
6.722700e-01 8.658600e-01 -2.226600e-01 -3.204100e-02 33 64 1.285800e+01 4.500000e+00 1.108700e+03 8.025800e+02 0
6.122500e-01 9.612800e-01 -2.306600e-01 -3.204100e-02 34 64 1.025300e+01 4.500000e+00 1018 7.586400e+02 0
-7.735000e-01 9.461000e-01 -2.293900e-01 -3.204100e-02 36 64 1.063100e+01 4.500000e+00 2.430800e+01 7.431800e+02 0
-8.152400e-01 9.328500e-01 -2.282800e-01 -3.204100e-02 37 64 1.107400e+01 4.500000e+00 -1.463800e+01 7.474900e+02 0
-8.378900e-01 9.217500e-01 -2.273500e-01 -3.204100e-02 38 64 1.074300e+01 4.500000e+00 -3.947000e+01 7.513800e+02 0
