0 0 -1.500000e-01 0 1 65 1.663100e+01 9.600000e-01 2167 -3.612800e+03 0
-7.202900e-02 1.118800e-01 -1.522500e-01 0 5 65 1.536400e+01 9.600000e-01 -3129 7.655100e+03 0
-1.585200e-01 1.860900e-01 -1.537400e-01 0 8 65 1.448600e+01 9.600000e-01 -1.088600e+03 2878 0
-2.008100e-01 1.909900e-01 -1.538400e-01 0 9 65 1.379700e+01 9.600000e-01 -1.214500e+03 2750 0
-2.504700e-01 1.825600e-01 -1.536700e-01 0 10 65 1.378500e+01 9.600000e-01 -1594 2887 0
-2.619200e-01 2.224000e-01 -1.544700e-01 0 11 65 1.323000e+01 9.600000e-01 -1.055400e+03 2.244400e+03 0
-2.851200e-01 2.362100e-01 -1.547500e-01 0 12 65 1.282000e+01 9.600000e-01 -9.926200e+02 2.085600e+03 0
-3.044900e-01 2.820800e-01 -1.556700e-01 0 13 65 1.200600e+01 9.600000e-01 -6.898000e+02 1721 0
-1.222300e-01 3.753200e-01 -1.575500e-01 0 15 65 1.142600e+01 9.600000e-01 8.342800e+01 1.337300e+03 0
3.536000e-01 3.529000e-01 -1.571000e-01 0 28 65 1.324000e+01 9.600000e-01 1.126400e+03 1.477100e+03 0
6.799100e-01 6.438900e-01 -1.629500e-01 0 29 65 1.477900e+01 9.600000e-01 1.283400e+03 9.131700e+02 0
6.725500e-01 7.408500e-01 -1.649000e-01 0 30 65 1.572000e+01 9.600000e-01 1.187200e+03 8.318400e+02 0
6.711800e-01 8.042400e-01 -1.661700e-01 0 31 65 1.593500e+01 9.600000e-01 1.141700e+03 7.908200e+02 0
6.766400e-01 8.310700e-01 -1.667100e-01 0 32 65 1.551600e+01 9.600000e-01 1.130200e+03 7.757100e+02 0
6.810000e-01 8.664600e-01 -1.674200e-01 0 33 65 1.427100e+01 9.600000e-01 1.113800e+03 7.573300e+02 0
6.752700e-01 9.325500e-01 -1.687500e-01 0 34 65 1.189100e+01 9.600000e-01 1.076100e+03 7.269300e+02 0
7.142900e-01 9.479800e-01 -1.690600e-01 0 35 65 1.103800e+01 9.600000e-01 1.098900e+03 7.211100e+02 0
-7.830500e-01 9.273600e-01 -1.686500e-01 0 36 65 1.170400e+01 9.600000e-01 4.731500e+00 7.079600e+02 0
-8.054200e-01 9.287500e-01 -1.686800e-01 0 37 65 1.207300e+01 9.600000e-01 -9.710400e+00 7.071300e+02 0
-8.177000e-01 9.590500e-01 -1.692800e-01 0 38 65 1.168100e+01 9.600000e-01 5.420200e+00 6.959000e+02 0
-5.825100e-01 2.048200e+00 -1.911900e-01 0 62 65 1.052100e+01 9.600000e-01 4.535000e+02 5.214600e+02 0
-4.897200e+00 3.843200e+00 2.584200e+00 0 194 65 9.973000e+00 9.600000e-01 -1.068000e+02 2.234600e+01 0
-4.710800e+00 3.670900e+00 3.199100e+00 0 195 65 1.010100e+01 9.600000e-01 -1.091800e+02 -8.703100e+01 0
-9.083300e+00 3.730900e+00 2.008400e+00 0 288 65 1.123900e+01 9.600000e-01 -7.601700e+02 1.086400e+02 0
-9.350700e+00 3.689300e+00 -2.241800e-01 0 289 65 1.113100e+01 9.600000e-01 -8.454100e+02 4.468600e+02 0
-9.196000e+00 5.883100e+00 -2.683000e-01 0 316 65 1.161500e+01 9.600000e-01 -2.786900e+02 4.208300e+02 0
-9.397600e+00 5.566600e+00 1.576500e+00 0 317 65 1.212700e+01 9.600000e-01 -3.415700e+02 2.320400e+02 0
-9.340900e+00 5.820700e+00 -2.670400e-01 0 318 65 1.169000e+01 9.600000e-01 -3.031100e+02 4.212500e+02 0
-1.026000e+01 6.291300e+00 -2.765100e-01 0 346 65 1.188700e+01 9.600000e-01 -3.159100e+02 4.175200e+02 0
-8.939800e+00 8.054700e+00 5.678500e+00 0 382 65 1.199900e+01 9.600000e-01 9.382000e+00 -2.066000e+01 0
-8.754800e+00 7.429600e+00 6.791800e+00 0 383 65 1.225600e+01 9.600000e-01 -2.740900e+01 -1.341400e+02 0
-8.568800e+00 6.760600e+00 7.731600e+00 0 384 65 1.227800e+01 9.600000e-01 -7.508600e+01 -2.555700e+02 0
-8.172100e+00 6.584800e+00 8.348700e+00 0 385 65 1.242700e+01 9.600000e-01 -5.817400e+01 -3.222300e+02 0
-7.878200e+00 6.723500e+00 8.573800e+00 0 386 65 1.238100e+01 9.600000e-01 -1.857700e+01 -3.280300e+02 0
-8.578600e+00 9.776500e+00 4.901400e+00 0 399 65 1.216000e+01 9.600000e-01 1.449300e+02 8.859000e+01 0
-9.362200e+00 9.034000e+00 4.990400e+00 0 400 65 1.283500e+01 9.600000e-01 5.130100e+01 6.233100e+01 0
-9.822200e+00 8.386500e+00 5.322900e+00 0 401 65 1.288200e+01 9.600000e-01 -2.664500e+01 1.862200e+01 0
-1.028400e+01 6.938500e+00 6.496800e+00 0 402 65 1.213300e+01 9.600000e-01 -2.001200e+02 -1.402100e+02 0
0 0 -1.500000e-01 3.204100e-02 1 66 1.560500e+01 9.600000e-01 2167 -3.612800e+03 0
-7.202900e-02 1.124100e-01 -1.522600e-01 3.204100e-02 5 66 1.434900e+01 9.600000e-01 -3.079800e+03 7.561300e+03 0
-1.585200e-01 1.860500e-01 -1.537400e-01 3.204100e-02 8 66 1.347900e+01 9.600000e-01 -1.089100e+03 2.878800e+03 0
-2.008100e-01 1.918800e-01 -1.538600e-01 3.204100e-02 9 66 1.277100e+01 9.600000e-01 -1.200800e+03 2.733100e+03 0
-2.504700e-01 1.837000e-01 -1.536900e-01 3.204100e-02 10 66 1.278400e+01 9.600000e-01 -1572 2.862800e+03 0
-2.646500e-01 2.190600e-01 -1.544000e-01 3.204100e-02 11 66 1.227600e+01 9.600000e-01 -1.103500e+03 2.283900e+03 0
-2.881200e-01 2.322900e-01 -1.546700e-01 3.204100e-02 12 66 1.180500e+01 9.600000e-01 -1.042300e+03 2.124400e+03 0
-3.044900e-01 2.830000e-01 -1.556900e-01 3.204100e-02 13 66 1.098800e+01 9.600000e-01 -6.839800e+02 1.715300e+03 0
3.462300e-01 3.656000e-01 -1.573500e-01 3.204100e-02 28 66 1.226300e+01 9.600000e-01 1.089700e+03 1.426100e+03 0
6.799100e-01 6.423500e-01 -1.629200e-01 3.204100e-02 29 66 1.378100e+01 9.600000e-01 1.285100e+03 9.146900e+02 0
6.725500e-01 7.395600e-01 -1.648700e-01 3.204100e-02 30 66 1.470100e+01 9.600000e-01 1.188200e+03 8.327700e+02 0
6.711800e-01 8.043800e-01 -1.661700e-01 3.204100e-02 31 66 1.492000e+01 9.600000e-01 1.141600e+03 7.907400e+02 0
6.766400e-01 8.329200e-01 -1.667500e-01 3.204100e-02 32 66 1.452000e+01 9.600000e-01 1.129100e+03 7.747000e+02 0
6.810000e-01 8.691800e-01 -1.674800e-01 3.204100e-02 33 66 1.329800e+01 9.600000e-01 1.112300e+03 7.559800e+02 0
6.842800e-01 9.271100e-01 -1.686400e-01 3.204100e-02 34 66 1.096400e+01 9.600000e-01 1.085700e+03 7.293800e+02 0
-7.830500e-01 9.361500e-01 -1.688200e-01 3.204100e-02 36 66 1.083800e+01 9.600000e-01 1.154700e+01 7.046500e+02 0
-7.956000e-01 9.520900e-01 -1.691400e-01 3.204100e-02 37 66 1.111900e+01 9.600000e-01 1.506500e+01 6.986700e+02 0
-8.076000e-01 9.706000e-01 -1.695200e-01 3.204100e-02 38 66 1.076800e+01 9.600000e-01 2.070600e+01 6.920100e+02 0
-9.110100e+00 5.994500e+00 -2.705400e-01 3.204100e-02 316 66 1.082200e+01 9.600000e-01 -2.529900e+02 4.200200e+02 0
-9.397600e+00 5.564900e+00 1.582500e+00 3.204100e-02 317 66 1.129200e+01 9.600000e-01 -3.418300e+02 2.313900e+02 0
-9.513900e+00 5.570600e+00 -2.620100e-01 3.204100e-02 318 66 1.085800e+01 9.600000e-01 -3.638800e+02 4.232100e+02 0
-8.754800e+00 7.612100e+00 6.586600e+00 3.204100e-02 383 66 1.119300e+01 9.600000e-01 -1.174700e+01 -1.081200e+02 0
-8.568800e+00 6.086500e+00 8.272800e+00 3.204100e-02 384 66 1.124800e+01 9.600000e-01 -151 -3.654800e+02 0
-8.276800e+00 5.671600e+00 8.897700e+00 3.204100e-02 385 66 1.136800e+01 9.600000e-01 -1.760300e+02 -4.725400e+02 0
-9.471000e+00 8.605300e+00 5.515000e+00 3.204100e-02 400 66 1.165200e+01 9.600000e-01 1.472500e+01 1.389600e+01 0
-1.004000e+01 7.957700e+00 5.568400e+00 3.204100e-02 401 66 1.186200e+01 9.600000e-01 -7.825100e+01 -1.573200e+01 0
-1.050300e+01 6.479500e+00 6.619500e+00 3.204100e-02 402 66 1.125800e+01 9.600000e-01 -2.766200e+02 -1.826500e+02 0
0 0 -1.500000e-01 6.408200e-02 1 67 1.079100e+01 9.600000e-01 2167 -3.612800e+03 0
-6.711800e-02 1.341800e-02 -1.502700e-01 6.408200e-02 3 67 9.556200e+00 9.600000e-01 3.295900e+03 -4.684800e+03 0
3.383200e-01 1.236900e+00 -1.748700e-01 4.806200e-01 41 80 9.952100e+00 9.600000e-01 7.855500e+02 6.299600e+02 0
2.979400e-01 1.246000e+00 -1.750600e-01 5.126600e-01 40 81 1.074900e+01 9.600000e-01 7.626700e+02 6.276300e+02 0
2.946700e-01 1.284800e+00 -1.758300e-01 5.126600e-01 41 81 1.136200e+01 9.600000e-01 7.587000e+02 6.194300e+02 0
3.020300e-01 1.301000e+00 -1.761600e-01 5.126600e-01 42 81 1.092200e+01 9.600000e-01 7.616900e+02 6.162100e+02 0
0 0 -1.500000e-01 5.447000e-01 1 82 9.282200e+00 9.600000e-01 2167 -3.612800e+03 0
3.214000e-01 1.209500e+00 -1.743200e-01 5.447000e-01 39 82 9.889700e+00 9.600000e-01 7.782000e+02 6.360500e+02 0
2.979400e-01 1.261500e+00 -1.753700e-01 5.447000e-01 40 82 1.131900e+01 9.600000e-01 7.617600e+02 6.243000e+02 0
3.055800e-01 1.295800e+00 -1.760600e-01 5.447000e-01 41 82 1.179900e+01 9.600000e-01 7.638500e+02 6.172800e+02 0
3.132200e-01 1.337400e+00 -1.768900e-01 5.447000e-01 42 82 1.124600e+01 9.600000e-01 7.654000e+02 6.092400e+02 0
3.525100e-01 1.189900e+00 -1.739300e-01 5.767400e-01 39 83 9.810700e+00 9.600000e-01 7.976700e+02 6.409800e+02 0
3.298600e-01 1.241400e+00 -1.749600e-01 5.767400e-01 40 83 1.076900e+01 9.600000e-01 7.805400e+02 6.289100e+02 0
3.274100e-01 1.292100e+00 -1.759800e-01 5.767400e-01 41 83 1.100900e+01 9.600000e-01 7.755900e+02 6.181800e+02 0
3.355900e-01 1.360300e+00 -1.773500e-01 5.767400e-01 42 83 1.022400e+01 9.600000e-01 7.752900e+02 6.051800e+02 0
0 0 -1.500000e-01 -6.408200e-02 1 63 9.944200e+00 9.600000e-01 2167 -3.612800e+03 0
-3.301300e-02 8.974900e-03 -1.501800e-01 -6.408200e-02 2 63 9.906700e+00 9.600000e-01 2.728500e+03 -4.242400e+03 0
-6.548100e-02 7.989000e-03 -1.501600e-01 -6.408200e-02 3 63 9.570700e+00 9.600000e-01 3.055500e+03 -4.249200e+03 0
0 0 -1.500000e-01 -3.204100e-02 1 64 1.561300e+01 9.600000e-01 2167 -3.612800e+03 0
-7.202900e-02 1.113200e-01 -1.522400e-01 -3.204100e-02 5 64 1.434400e+01 9.600000e-01 -3.182300e+03 7.756500e+03 0
-1.585200e-01 1.861000e-01 -1.537400e-01 -3.204100e-02 8 64 1.347400e+01 9.600000e-01 -1.088400e+03 2.877800e+03 0
-2.008100e-01 1.910100e-01 -1.538400e-01 -3.204100e-02 9 64 1.279600e+01 9.600000e-01 -1.214200e+03 2.749600e+03 0
-2.480100e-01 1.862200e-01 -1.537400e-01 -3.204100e-02 10 64 1.274800e+01 9.600000e-01 -1.513300e+03 2.812600e+03 0
-2.619200e-01 2.213900e-01 -1.544500e-01 -3.204100e-02 11 64 1.213900e+01 9.600000e-01 -1.066700e+03 2.256500e+03 0
-2.821100e-01 2.379800e-01 -1.547900e-01 -3.204100e-02 12 64 1.181300e+01 9.600000e-01 -9.654000e+02 2.069100e+03 0
-2.979400e-01 2.857100e-01 -1.557500e-01 -3.204100e-02 13 64 1.096300e+01 9.600000e-01 -6.497500e+02 1.700200e+03 0
-1.260500e-01 3.970000e-01 -1.579800e-01 -3.204100e-02 15 64 1.054400e+01 9.600000e-01 1.166700e+02 1.273200e+03 0
3.536000e-01 3.409100e-01 -1.568500e-01 -3.204100e-02 28 64 1.220900e+01 9.600000e-01 1.146700e+03 1529 0
6.799100e-01 6.427300e-01 -1.629200e-01 -3.204100e-02 29 64 1.374900e+01 9.600000e-01 1.284700e+03 9.143200e+02 0
6.725500e-01 7.413400e-01 -1.649100e-01 -3.204100e-02 30 64 1.469600e+01 9.600000e-01 1.186800e+03 8.315000e+02 0
6.711800e-01 8.040100e-01 -1.661700e-01 -3.204100e-02 31 64 1.490400e+01 9.600000e-01 1.141900e+03 7.909600e+02 0
6.766400e-01 8.289900e-01 -1.666700e-01 -3.204100e-02 32 64 1.447400e+01 9.600000e-01 1.131400e+03 7.768500e+02 0
6.810000e-01 8.639800e-01 -1.673700e-01 -3.204100e-02 33 64 1.320500e+01 9.600000e-01 1.115200e+03 7.585600e+02 0
6.842800e-01 9.227400e-01 -1.685500e-01 -3.204100e-02 34 64 1.068300e+01 9.600000e-01 1.087700e+03 7.312600e+02 0
-6.957400e-01 9.428600e-01 -1.689600e-01 -3.204100e-02 35 64 1.009400e+01 9.600000e-01 7.656300e+01 7.033400e+02 0
-7.735000e-01 9.339500e-01 -1.687800e-01 -3.204100e-02 36 64 1.070200e+01 9.600000e-01 1.644400e+01 7.056100e+02 0
-8.054200e-01 9.318800e-01 -1.687400e-01 -3.204100e-02 37 64 1.100500e+01 9.600000e-01 -7.224700e+00 7.059500e+02 0
-8.479800e-01 9.519600e-01 -1.691400e-01 -3.204100e-02 38 64 1.062400e+01 9.600000e-01 -2.040500e+01 6.980300e+02 0
-6.158000e-01 2.038900e+00 -1.910000e-01 -3.204100e-02 62 64 9.954900e+00 9.600000e-01 4.418600e+02 5.220500e+02 0
-9.393800e+00 5.220000e+00 1.998700e+00 -3.204100e-02 314 64 1.034400e+01 9.600000e-01 -4.031300e+02 1.780400e+02 0
-9.311400e+00 5.615300e+00 1.885200e+00 -3.204100e-02 317 64 1.104200e+01 9.600000e-01 -3.225600e+02 2.016800e+02 0
-9.254400e+00 5.779500e+00 1.874600e+00 -3.204100e-02 318 64 1.070400e+01 9.600000e-01 -2.896700e+02 2.069900e+02 0
-8.546400e+00 7.143100e+00 7.342300e+00 -3.204100e-02 383 64 1.133100e+01 9.600000e-01 -3.620000e+01 -1.952800e+02 0
-8.673300e+00 6.768600e+00 7.607100e+00 -3.204100e-02 384 64 1.131800e+01 9.600000e-01 -8.334400e+01 -2.446900e+02 0
-8.276800e+00 6.633400e+00 8.205800e+00 -3.204100e-02 385 64 1.148300e+01 9.600000e-01 -6.242000e+01 -3.057500e+02 0
-7.878200e+00 6.641500e+00 8.637400e+00 -3.204100e-02 386 64 1.150400e+01 9.600000e-01 -2.648800e+01 -341 0
-7.671100e+00 1.089100e+01 3.713800e+00 -3.204100e-02 397 64 1.135900e+01 9.600000e-01 2.475800e+02 1.781400e+02 0
-7.907100e+00 1.075000e+01 3.759500e+00 -3.204100e-02 398 64 1.120200e+01 9.600000e-01 2.288000e+02 1.734500e+02 0
-8.578600e+00 9.736900e+00 4.979600e+00 -3.204100e-02 399 64 1.134000e+01 9.600000e-01 1.429000e+02 8.293200e+01 0
-9.253300e+00 9.249900e+00 4.794100e+00 -3.204100e-02 400 64 1.196300e+01 9.600000e-01 7.211200e+01 8.096700e+01 0
-9.713000e+00 8.711800e+00 4.990400e+00 -3.204100e-02 401 64 1.190500e+01 9.600000e-01 5.343100e+00 5.218600e+01 0
