0 0 -1.500000e-01 0 1 65 1.674600e+01 1.740000e+00 2167 -3.612800e+03 0
-7.093800e-02 1.127600e-01 -1.541100e-01 0 5 65 1.516600e+01 1.740000e+00 -3.040600e+03 7.546800e+03 0
-1.585200e-01 1.860600e-01 -1.567800e-01 0 8 65 1.432000e+01 1.740000e+00 -1.090800e+03 2.897300e+03 0
-2.008100e-01 1.917600e-01 -1.569900e-01 0 9 65 1.364500e+01 1.740000e+00 -1.204400e+03 2.753200e+03 0
-2.480100e-01 1.869400e-01 -1.568100e-01 0 10 65 1.361600e+01 1.740000e+00 -1.502300e+03 2816 0
-2.619200e-01 2.232500e-01 -1.581400e-01 0 11 65 1.312300e+01 1.740000e+00 -1.047400e+03 2.250200e+03 0
-2.881200e-01 2.349400e-01 -1.585600e-01 0 12 65 1.270600e+01 1.740000e+00 -1.016800e+03 2.112700e+03 0
-3.044900e-01 2.827800e-01 -1.603100e-01 0 13 65 1.199700e+01 1.740000e+00 -6.864000e+02 1.730700e+03 0
-3.050300e-01 3.009600e-01 -1.609700e-01 0 14 65 1.147500e+01 1.740000e+00 -5.820300e+02 1.627400e+03 0
-1.145900e-01 3.718400e-01 -1.635500e-01 0 15 65 1.124100e+01 1.740000e+00 9.161300e+01 1.362400e+03 0
-3.560500e-01 3.739800e-01 -1.636300e-01 0 16 65 1.123000e+01 1.740000e+00 -3.803400e+02 1.329400e+03 0
3.536000e-01 3.662300e-01 -1.633500e-01 0 28 65 1.311200e+01 1.740000e+00 1.106400e+03 1.438700e+03 0
6.722700e-01 6.410900e-01 -1.733700e-01 0 29 65 1.463400e+01 1.740000e+00 1.277900e+03 9.278600e+02 0
6.725500e-01 7.358300e-01 -1.768200e-01 0 30 65 1.557500e+01 1.740000e+00 1.191600e+03 8.473000e+02 0
6.793700e-01 7.975600e-01 -1.790700e-01 0 31 65 1.573200e+01 1.740000e+00 1.154100e+03 8.066600e+02 0
6.766400e-01 8.317100e-01 -1.803200e-01 0 32 65 1.519200e+01 1.740000e+00 1.130300e+03 7.869700e+02 0
6.810000e-01 8.698200e-01 -1.817100e-01 0 33 65 1.364800e+01 1.740000e+00 1.112500e+03 7.671900e+02 0
7.606700e-01 8.604800e-01 -1.813700e-01 0 35 65 1.107900e+01 1.740000e+00 1.185600e+03 7.733600e+02 0
-8.498900e-01 8.370700e-01 -1.805100e-01 0 36 65 1.182600e+01 1.740000e+00 -1.259400e+02 7.558500e+02 0
-8.741700e-01 8.216800e-01 -1.799500e-01 0 37 65 1.215000e+01 1.740000e+00 -1.611800e+02 7.627900e+02 0
-8.984600e-01 7.824900e-01 -1.785200e-01 0 38 65 1.162700e+01 1.740000e+00 -2.264800e+02 7.824300e+02 0
-9.331100e-01 7.382600e-01 -1.769100e-01 0 39 65 1.041200e+01 1.740000e+00 -3.151000e+02 8.070300e+02 0
0 0 -1.500000e-01 3.204100e-02 1 66 1.573700e+01 1.740000e+00 2167 -3.612800e+03 0
-7.202900e-02 1.117700e-01 -1.540700e-01 3.204100e-02 5 66 1.416200e+01 1.740000e+00 -3.146500e+03 7.716800e+03 0
-1.585200e-01 1.860100e-01 -1.567800e-01 3.204100e-02 8 66 1.330400e+01 1.740000e+00 -1.091500e+03 2.898200e+03 0
-2.008100e-01 1.921100e-01 -1.570000e-01 3.204100e-02 9 66 1.259000e+01 1.740000e+00 -1.199200e+03 2.746600e+03 0
-2.480100e-01 1.874100e-01 -1.568300e-01 3.204100e-02 10 66 1.255000e+01 1.740000e+00 -1.493800e+03 2.806600e+03 0
-2.592000e-01 2.275200e-01 -1.582900e-01 3.204100e-02 11 66 1.201200e+01 1.740000e+00 -9.919400e+02 2.202200e+03 0
-2.851200e-01 2.388800e-01 -1.587100e-01 3.204100e-02 12 66 1.163400e+01 1.740000e+00 -9.681500e+02 2.074600e+03 0
-3.044900e-01 2.827400e-01 -1.603100e-01 3.204100e-02 13 66 1.096800e+01 1.740000e+00 -6.866900e+02 1731 0
-3.014900e-01 2.956900e-01 -1.607800e-01 3.204100e-02 14 66 1.057300e+01 1.740000e+00 -6.019300e+02 1.656300e+03 0
3.536000e-01 4.335000e-01 -1.658000e-01 3.204100e-02 28 66 1.207300e+01 1.740000e+00 1.026600e+03 1.234700e+03 0
6.722700e-01 6.363500e-01 -1.732000e-01 3.204100e-02 29 66 1.360400e+01 1.740000e+00 1283 9.326400e+02 0
6.725500e-01 7.348000e-01 -1.767900e-01 3.204100e-02 30 66 1.454600e+01 1.740000e+00 1.192400e+03 8.480400e+02 0
6.793700e-01 7.975700e-01 -1.790700e-01 3.204100e-02 31 66 1.469000e+01 1.740000e+00 1.154100e+03 8.066500e+02 0
6.766400e-01 8.339700e-01 -1.804000e-01 3.204100e-02 32 66 1.410700e+01 1.740000e+00 1129 7.857300e+02 0
6.897400e-01 8.638400e-01 -1.814900e-01 3.204100e-02 33 66 1.246900e+01 1.740000e+00 1.123100e+03 7.703300e+02 0
7.328400e-01 9.174500e-01 -1.834400e-01 3.204100e-02 35 66 1.021300e+01 1.740000e+00 1.129200e+03 7.457900e+02 0
-8.307900e-01 8.327600e-01 -1.803600e-01 3.204100e-02 36 66 1.070800e+01 1.740000e+00 -1.156800e+02 7.582200e+02 0
-8.545300e-01 7.899700e-01 -1.788000e-01 3.204100e-02 37 66 1.118000e+01 1.740000e+00 -1.815700e+02 7.792800e+02 0
-8.782700e-01 6.795300e-01 -1.747700e-01 3.204100e-02 38 66 1.077800e+01 1.740000e+00 -3.564500e+02 8.474900e+02 0
-9.020000e-01 6.633000e-01 -1.741800e-01 3.204100e-02 39 66 1.016900e+01 1.740000e+00 -4.069500e+02 8.589900e+02 0
6.725500e-01 7.544400e-01 -1.775000e-01 6.408200e-02 30 67 1.022100e+01 1.740000e+00 1.177600e+03 8.341900e+02 0
6.793700e-01 7.922800e-01 -1.788800e-01 6.408200e-02 31 67 1.052600e+01 1.740000e+00 1.157600e+03 8.098600e+02 0
6.766400e-01 7.998700e-01 -1.791600e-01 6.408200e-02 32 67 1.063600e+01 1.740000e+00 1.150100e+03 8.052100e+02 0
6.722700e-01 8.452800e-01 -1.808100e-01 6.408200e-02 33 67 9.901900e+00 1.740000e+00 1.118600e+03 7.795800e+02 0
0 0 -1.500000e-01 9.612300e-02 1 68 9.969900e+00 1.740000e+00 2167 -3.612800e+03 0
1.527900e-02 2.903000e-03 -1.501100e-01 9.612300e-02 2 68 9.615100e+00 1.740000e+00 2.080600e+03 -3.746800e+03 0
6.793700e-01 7.786600e-01 -1.783800e-01 9.612300e-02 31 68 9.709100e+00 1.740000e+00 1.166900e+03 8.183700e+02 0
6.935500e-01 7.874800e-01 -1.787100e-01 9.612300e-02 32 68 9.944100e+00 1.740000e+00 1.174200e+03 8.131400e+02 0
7.159300e-01 7.506600e-01 -1.773600e-01 9.612300e-02 33 68 9.699800e+00 1.740000e+00 1.223700e+03 8.378800e+02 0
9.350200e-01 5.111200e+00 -3.363200e-01 -7.689800e-01 150 41 1.068800e+01 1.740000e+00 7.906100e+02 4.432600e+02 1
9.003700e-01 5.160400e+00 -3.381100e-01 -7.689800e-01 151 41 1.205900e+01 1.740000e+00 7.852900e+02 4.426600e+02 1
9.475700e-01 5.185900e+00 -3.390400e-01 -7.689800e-01 152 41 1.244300e+01 1.740000e+00 7.907700e+02 4.424000e+02 1
9.953100e-01 5.207700e+00 -3.398400e-01 -7.689800e-01 153 41 1.184200e+01 1.740000e+00 7.963300e+02 4.421800e+02 1
1.001900e+00 5.245900e+00 -3.412300e-01 -7.689800e-01 154 41 1.003600e+01 1.740000e+00 7.963800e+02 4.417500e+02 1
9.350200e-01 5.117300e+00 -3.365400e-01 -7.369400e-01 150 42 1.092500e+01 1.740000e+00 7.905000e+02 4.431900e+02 1
9.412900e-01 5.153100e+00 -3.378500e-01 -7.369400e-01 151 42 1.240100e+01 1.740000e+00 7.906000e+02 4.427700e+02 1
9.475700e-01 5.184100e+00 -3.389800e-01 -7.369400e-01 152 42 1.279100e+01 1.740000e+00 7.908000e+02 4.424200e+02 1
9.538400e-01 5.207600e+00 -3.398400e-01 -7.369400e-01 153 42 1.213000e+01 1.740000e+00 7.911400e+02 4.421500e+02 1
9.601200e-01 5.189300e+00 -3.391700e-01 -7.369400e-01 154 42 1.023000e+01 1.740000e+00 7.922800e+02 4.423700e+02 1
9.822200e-01 5.124600e+00 -3.368100e-01 -7.049000e-01 151 43 1.068300e+01 1.740000e+00 7.963600e+02 4.431300e+02 1
9.063700e-01 5.176800e+00 -3.387100e-01 -7.049000e-01 152 43 1.100500e+01 1.740000e+00 7.857500e+02 4.424800e+02 1
8.294300e-01 5.190600e+00 -3.392200e-01 -7.049000e-01 153 43 1.038700e+01 1.740000e+00 7.758500e+02 4.422700e+02 1
1.571500e+00 2.919700e+00 -2.564300e-01 -6.408200e-01 97 45 9.864900e+00 1.740000e+00 1.012200e+03 4.904700e+02 0
2.285800e+00 7.650300e-01 -1.778900e-01 -3.524500e-01 72 54 1.038800e+01 1.740000e+00 2.879300e+03 8.692200e+02 0
2.219800e+00 1.107300e+00 -1.903700e-01 -3.524500e-01 73 54 1.068100e+01 1.740000e+00 2.050600e+03 6.948600e+02 0
2.210800e+00 1.218500e+00 -1.944200e-01 -3.524500e-01 74 54 1.040600e+01 1.740000e+00 1.903900e+03 6.624900e+02 0
2.221400e+00 7.231600e-01 -1.763600e-01 -3.204100e-01 70 55 1.073000e+01 1.740000e+00 2.959100e+03 9.026000e+02 0
2.272700e+00 7.512800e-01 -1.773900e-01 -3.204100e-01 71 55 1.081800e+01 1.740000e+00 2.913900e+03 8.799400e+02 0
2.266500e+00 9.306000e-01 -1.839200e-01 -3.204100e-01 72 55 1.113800e+01 1.740000e+00 2.398300e+03 7.659100e+02 0
2.219800e+00 1.146100e+00 -1.917800e-01 -3.204100e-01 73 55 1.151000e+01 1.740000e+00 1.997900e+03 6.827900e+02 0
2.190900e+00 1.283500e+00 -1.967900e-01 -3.204100e-01 74 55 1.123000e+01 1.740000e+00 1.822900e+03 6.463800e+02 0
2.247100e+00 5.898600e-01 -1.715000e-01 -2.883700e-01 72 56 1.019100e+01 1.740000e+00 3.685700e+03 1.060500e+03 0
2.180500e+00 1.081900e+00 -1.894400e-01 -2.883700e-01 73 56 1.038900e+01 1.740000e+00 2.058800e+03 7.028100e+02 0
2.131100e+00 1.345200e+00 -1.990400e-01 -2.883700e-01 74 56 1.018400e+01 1.740000e+00 1.731200e+03 6.323700e+02 0
0 0 -1.500000e-01 -6.408200e-02 1 63 1.014800e+01 1.740000e+00 2167 -3.612800e+03 0
5.456800e-04 3.491000e-02 -1.512700e-01 -6.408200e-02 2 63 1.008600e+01 1.740000e+00 3.475800e+03 -7.187400e+03 0
6.488100e-01 7.752600e-01 -1.782600e-01 -6.408200e-02 30 63 9.812700e+00 1.740000e+00 1140 8.198300e+02 0
6.793700e-01 7.847100e-01 -1.786100e-01 -6.408200e-02 31 63 9.642400e+00 1.740000e+00 1.162700e+03 8.145500e+02 0
0 0 -1.500000e-01 -3.204100e-02 1 64 1.573100e+01 1.740000e+00 2167 -3.612800e+03 0
-7.093800e-02 1.127100e-01 -1.541100e-01 -3.204100e-02 5 64 1.413500e+01 1.740000e+00 -3045 7.555200e+03 0
-1.585200e-01 1.860900e-01 -1.567800e-01 -3.204100e-02 8 64 1.331700e+01 1.740000e+00 -1.090300e+03 2.896600e+03 0
-1.986300e-01 1.938000e-01 -1.570600e-01 -3.204100e-02 9 64 1.265000e+01 1.740000e+00 -1164 2.716400e+03 0
-2.480100e-01 1.857300e-01 -1.567700e-01 -3.204100e-02 10 64 1.261900e+01 1.740000e+00 -1.524400e+03 2.840500e+03 0
-2.619200e-01 2.223700e-01 -1.581100e-01 -3.204100e-02 11 64 1.217600e+01 1.740000e+00 -1.057200e+03 2.260700e+03 0
-2.881200e-01 2.359800e-01 -1.586000e-01 -3.204100e-02 12 64 1.172400e+01 1.740000e+00 -1.006400e+03 2.102200e+03 0
-3.077600e-01 2.808900e-01 -1.602400e-01 -3.204100e-02 13 64 1.096200e+01 1.740000e+00 -7.072700e+02 1.741700e+03 0
-3.121300e-01 2.953100e-01 -1.607700e-01 -3.204100e-02 14 64 1.036800e+01 1.740000e+00 -6.312400e+02 1.656400e+03 0
3.536000e-01 3.309900e-01 -1.620700e-01 -3.204100e-02 28 64 1.208300e+01 1.740000e+00 1.165700e+03 1.590300e+03 0
6.722700e-01 6.402700e-01 -1.733400e-01 -3.204100e-02 29 64 1.358900e+01 1.740000e+00 1.278800e+03 9.286900e+02 0
6.725500e-01 7.364900e-01 -1.768500e-01 -3.204100e-02 30 64 1.455400e+01 1.740000e+00 1.191100e+03 8.468200e+02 0
6.793700e-01 7.974700e-01 -1.790700e-01 -3.204100e-02 31 64 1.471200e+01 1.740000e+00 1.154200e+03 8.067100e+02 0
6.851000e-01 8.236100e-01 -1.800200e-01 -3.204100e-02 32 64 1.417700e+01 1.740000e+00 1.142800e+03 7.916300e+02 0
6.810000e-01 8.698000e-01 -1.817100e-01 -3.204100e-02 33 64 1.264600e+01 1.740000e+00 1.112500e+03 7.672000e+02 0
7.885000e-01 8.083300e-01 -1.794700e-01 -3.204100e-02 35 64 1.038800e+01 1.740000e+00 1.247400e+03 8.026000e+02 0
-8.594400e-01 8.402300e-01 -1.806300e-01 -3.204100e-02 36 64 1.094100e+01 1.740000e+00 -1.299900e+02 7.542100e+02 0
-8.643500e-01 8.546000e-01 -1.811500e-01 -3.204100e-02 37 64 1.117500e+01 1.740000e+00 -1.190500e+02 7.475500e+02 0
-8.883600e-01 8.423800e-01 -1.807100e-01 -3.204100e-02 38 64 1.062200e+01 1.740000e+00 -1.497800e+02 7.527200e+02 0
