0 0 -1.500000e-01 0 1 65 1.676100e+01 1.970000e+00 2167 -3.612800e+03 0
-7.093800e-02 1.131500e-01 -1.546700e-01 0 5 65 1.515800e+01 1.970000e+00 -3.007300e+03 7.491100e+03 0
-1.585200e-01 1.860800e-01 -1.576800e-01 0 8 65 1.432400e+01 1.970000e+00 -1.090900e+03 2.902300e+03 0
-2.008100e-01 1.909400e-01 -1.578800e-01 0 9 65 1.364700e+01 1.970000e+00 -1.217600e+03 2.774200e+03 0
-2.480100e-01 1.866200e-01 -1.577000e-01 0 10 65 1.361400e+01 1.970000e+00 -1.508800e+03 2.827800e+03 0
-2.619200e-01 2.228200e-01 -1.592000e-01 0 11 65 1.307100e+01 1.970000e+00 -1.052600e+03 2260 0
-2.881200e-01 2.334600e-01 -1.596400e-01 0 12 65 1.266500e+01 1.970000e+00 -1.032100e+03 2.132300e+03 0
-3.044900e-01 2.825200e-01 -1.616600e-01 0 13 65 1.196200e+01 1.970000e+00 -6.883900e+02 1.736500e+03 0
-3.085800e-01 2.944500e-01 -1.621500e-01 0 14 65 1.144000e+01 1.970000e+00 -6.273800e+02 1.665900e+03 0
-1.222300e-01 3.751500e-01 -1.654800e-01 0 15 65 1.111100e+01 1.970000e+00 8.265500e+01 1.354800e+03 0
3.536000e-01 3.271200e-01 -1.635000e-01 0 28 65 1.311500e+01 1.970000e+00 1.173400e+03 1.613900e+03 0
6.799100e-01 6.375000e-01 -1.763100e-01 0 29 65 1.463300e+01 1.970000e+00 1.291200e+03 9.353600e+02 0
6.725500e-01 7.362500e-01 -1.803900e-01 0 30 65 1.556300e+01 1.970000e+00 1.191500e+03 8.504900e+02 0
6.793700e-01 7.975800e-01 -1.829200e-01 0 31 65 1.570300e+01 1.970000e+00 1.154300e+03 8.101000e+02 0
6.766400e-01 8.322100e-01 -1.843500e-01 0 32 65 1.515600e+01 1.970000e+00 1.130200e+03 7.901200e+02 0
6.810000e-01 8.694000e-01 -1.858900e-01 0 33 65 1.363100e+01 1.970000e+00 1.112800e+03 7.708000e+02 0
7.421200e-01 8.033200e-01 -1.831600e-01 0 35 65 1.131900e+01 1.970000e+00 1.208500e+03 8.080300e+02 0
-8.689900e-01 8.392300e-01 -1.846400e-01 0 36 65 1.175500e+01 1.970000e+00 -1.384600e+02 7.577100e+02 0
-8.643500e-01 8.662700e-01 -1.857600e-01 0 37 65 1.201300e+01 1.970000e+00 -1.076300e+02 7.455800e+02 0
-8.782700e-01 8.901400e-01 -1.867400e-01 0 38 65 1.152100e+01 1.970000e+00 -9.502800e+01 7.352400e+02 0
-9.123700e-01 9.052300e-01 -1.873600e-01 0 39 65 1.020700e+01 1.970000e+00 -1.053200e+02 7.286200e+02 0
0 0 -1.500000e-01 3.204100e-02 1 66 1.572500e+01 1.970000e+00 2167 -3.612800e+03 0
-7.093800e-02 1.136100e-01 -1.546900e-01 3.204100e-02 5 66 1.415900e+01 1.970000e+00 -2.966700e+03 7.413200e+03 0
-1.585200e-01 1.860300e-01 -1.576800e-01 3.204100e-02 8 66 1.329800e+01 1.970000e+00 -1.091700e+03 2.903300e+03 0
-2.008100e-01 1.911600e-01 -1.578900e-01 3.204100e-02 9 66 1.262300e+01 1.970000e+00 -1.214200e+03 2770 0
-2.480100e-01 1.874600e-01 -1.577400e-01 3.204100e-02 10 66 1.261300e+01 1.970000e+00 -1.493600e+03 2811 0
-2.619200e-01 2.241900e-01 -1.592500e-01 3.204100e-02 11 66 1.203300e+01 1.970000e+00 -1.037600e+03 2.243900e+03 0
-2.881200e-01 2.364000e-01 -1.597600e-01 3.204100e-02 12 66 1.160800e+01 1.970000e+00 -1.002700e+03 2.102500e+03 0
-3.044900e-01 2.849600e-01 -1.617600e-01 3.204100e-02 13 66 1.094500e+01 1.970000e+00 -6.731200e+02 1.721600e+03 0
-3.121300e-01 3.029400e-01 -1.625000e-01 3.204100e-02 14 66 1.038400e+01 1.970000e+00 -5.892800e+02 1.619900e+03 0
-1.184100e-01 4.053200e-01 -1.667300e-01 3.204100e-02 15 66 1.033300e+01 1.970000e+00 1.446300e+02 1.268100e+03 0
3.536000e-01 3.779900e-01 -1.656000e-01 3.204100e-02 28 66 1.214300e+01 1.970000e+00 1090 1.400300e+03 0
6.722700e-01 6.408100e-01 -1.764500e-01 3.204100e-02 29 66 1.369000e+01 1.970000e+00 1.278400e+03 9.317400e+02 0
6.725500e-01 7.341000e-01 -1.803000e-01 3.204100e-02 30 66 1.462200e+01 1.970000e+00 1.193200e+03 8.520500e+02 0
6.711800e-01 8.044500e-01 -1.832000e-01 3.204100e-02 31 66 1.476900e+01 1.970000e+00 1.142300e+03 8.058100e+02 0
6.766400e-01 8.336800e-01 -1.844100e-01 3.204100e-02 32 66 1.422100e+01 1.970000e+00 1.129300e+03 7.893100e+02 0
6.722700e-01 8.762400e-01 -1.861700e-01 3.204100e-02 33 66 1.267300e+01 1.970000e+00 1.101900e+03 7.672700e+02 0
7.421200e-01 7.317800e-01 -1.802000e-01 3.204100e-02 35 66 1.041500e+01 1.970000e+00 1.266700e+03 8.556200e+02 0
-8.689900e-01 8.444800e-01 -1.848600e-01 3.204100e-02 36 66 1.068000e+01 1.970000e+00 -133 7.552700e+02 0
-8.643500e-01 8.739900e-01 -1.860700e-01 3.204100e-02 37 66 1.104000e+01 1.970000e+00 -1.001700e+02 7.422400e+02 0
-8.883600e-01 8.852500e-01 -1.865400e-01 3.204100e-02 38 66 1.068700e+01 1.970000e+00 -1.069200e+02 7.371000e+02 0
0 0 -1.500000e-01 6.408200e-02 1 67 1.011900e+01 1.970000e+00 2167 -3.612800e+03 0
1.555200e-02 4.318000e-03 -1.501800e-01 6.408200e-02 2 67 9.787200e+00 1.970000e+00 2.105900e+03 -3.829700e+03 0
6.646300e-01 6.064500e-01 -1.750300e-01 6.408200e-02 29 67 9.934300e+00 1.970000e+00 1308 9.681400e+02 0
6.646300e-01 7.150400e-01 -1.795100e-01 6.408200e-02 30 67 1.066700e+01 1.970000e+00 1.200200e+03 8.661600e+02 0
6.630000e-01 8.073600e-01 -1.833200e-01 6.408200e-02 31 67 1.063900e+01 1.970000e+00 1133 8.039200e+02 0
6.681800e-01 8.461300e-01 -1.849200e-01 6.408200e-02 32 67 9.852300e+00 1.970000e+00 1.114700e+03 7.824700e+02 0
6.646300e-01 7.148300e-01 -1.795100e-01 9.612300e-02 30 68 9.928200e+00 1.970000e+00 1.200400e+03 8.663200e+02 0
6.711800e-01 7.982100e-01 -1.829500e-01 9.612300e-02 31 68 9.830400e+00 1.970000e+00 1.146300e+03 8.095400e+02 0
8.190600e-01 5.455600e+00 -3.751800e-01 -8.010300e-01 159 40 1.121600e+01 1.970000e+00 7.706100e+02 4.424000e+02 1
8.676300e-01 5.478600e+00 -3.761300e-01 -8.010300e-01 160 40 1.202500e+01 1.970000e+00 7.760500e+02 4.421900e+02 1
8.730800e-01 5.506700e+00 -3.773000e-01 -8.010300e-01 161 40 1.182800e+01 1.970000e+00 7.762600e+02 4.419000e+02 1
9.224700e-01 5.522400e+00 -3.779400e-01 -8.010300e-01 162 40 1.060000e+01 1.970000e+00 7.818400e+02 4.417700e+02 1
8.190600e-01 5.456500e+00 -3.752200e-01 -7.689800e-01 159 41 1.198900e+01 1.970000e+00 7.706000e+02 4.423900e+02 1
8.242400e-01 5.489900e+00 -3.766000e-01 -7.689800e-01 160 41 1.280200e+01 1.970000e+00 7.707400e+02 4.420500e+02 1
8.294300e-01 5.521400e+00 -3.779000e-01 -7.689800e-01 161 41 1.256500e+01 1.970000e+00 7.709000e+02 4.417300e+02 1
8.785400e-01 5.540900e+00 -3.787000e-01 -7.689800e-01 162 41 1.122900e+01 1.970000e+00 7.763800e+02 4.415600e+02 1
0 0 -1.500000e-01 -7.369400e-01 1 42 9.625300e+00 1.970000e+00 2167 -3.612800e+03 0
7.759500e-01 5.462700e+00 -3.754800e-01 -7.369400e-01 159 42 1.087300e+01 1.970000e+00 7.653800e+02 4.423000e+02 1
8.242400e-01 5.491300e+00 -3.766600e-01 -7.369400e-01 160 42 1.168400e+01 1.970000e+00 7.707200e+02 4.420300e+02 1
8.730800e-01 5.518900e+00 -3.778000e-01 -7.369400e-01 161 42 1.140600e+01 1.970000e+00 7.760800e+02 4.417800e+02 1
9.224700e-01 5.546000e+00 -3.789200e-01 -7.369400e-01 162 42 1.007100e+01 1.970000e+00 7.814600e+02 4.415300e+02 1
1.669800e+00 3.114200e+00 -2.785400e-01 -6.728600e-01 103 44 9.993400e+00 1.970000e+00 1.012800e+03 4.867900e+02 0
1.601800e+00 3.189500e+00 -2.816500e-01 -6.728600e-01 104 44 9.967800e+00 1.970000e+00 9.906100e+02 4.842300e+02 0
2.198000e+00 1.478000e+00 -2.110100e-01 -4.485700e-01 77 51 1.049400e+01 1.970000e+00 1.661600e+03 6.114000e+02 0
2.226900e+00 1.507200e+00 -2.122100e-01 -4.485700e-01 78 51 1.025800e+01 1.970000e+00 1655 6.067600e+02 0
2.053400e+00 1.265300e+00 -2.022200e-01 -4.165300e-01 72 52 1.030200e+01 1.970000e+00 1759 6.527900e+02 0
2.082300e+00 1.408500e+00 -2.081400e-01 -4.165300e-01 73 52 1.107300e+01 1.970000e+00 1.653700e+03 6.229200e+02 0
2.111200e+00 1.422900e+00 -2.087300e-01 -4.165300e-01 74 52 1.070000e+01 1.970000e+00 1658 6.204700e+02 0
2.148600e+00 1.494600e+00 -2.116900e-01 -4.165300e-01 76 52 1.099400e+01 1.970000e+00 1.625300e+03 6.083200e+02 0
2.177200e+00 1.517800e+00 -2.126500e-01 -4.165300e-01 77 52 1.170000e+01 1.970000e+00 1.623500e+03 6.047500e+02 0
2.205900e+00 1.537800e+00 -2.134800e-01 -4.165300e-01 78 52 1.130700e+01 1.970000e+00 1.623800e+03 6.017900e+02 0
2.101900e+00 1.376600e+00 -2.068200e-01 -3.844900e-01 73 53 1.078400e+01 1.970000e+00 1.689300e+03 6.291800e+02 0
2.131100e+00 1.399200e+00 -2.077500e-01 -3.844900e-01 74 53 1.029800e+01 1.970000e+00 1.686900e+03 6.250300e+02 0
2.087200e+00 1.552400e+00 -2.140800e-01 -3.844900e-01 76 53 1.008700e+01 1.970000e+00 1558 5.988400e+02 0
2.156500e+00 1.540500e+00 -2.135900e-01 -3.844900e-01 77 53 1.075000e+01 1.970000e+00 1.598400e+03 6.010800e+02 0
2.184900e+00 1.567200e+00 -2.146900e-01 -3.844900e-01 78 53 1.035600e+01 1.970000e+00 1.594700e+03 5.972100e+02 0
0 0 -1.500000e-01 -6.408200e-02 1 63 1.043900e+01 1.970000e+00 2167 -3.612800e+03 0
-1.364200e-03 3.482500e-02 -1.514400e-01 -6.408200e-02 2 63 9.788200e+00 1.970000e+00 3.504900e+03 -7.184500e+03 0
6.722700e-01 6.750000e-01 -1.778600e-01 -6.408200e-02 29 63 9.739200e+00 1.970000e+00 1.243900e+03 8.995500e+02 0
6.567200e-01 7.660100e-01 -1.816200e-01 -6.408200e-02 30 63 1.057000e+01 1.970000e+00 1154 8.295000e+02 0
6.548100e-01 8.044200e-01 -1.832000e-01 -6.408200e-02 31 63 1.077800e+01 1.970000e+00 1.127300e+03 8.054800e+02 0
6.597200e-01 7.538700e-01 -1.811200e-01 -6.408200e-02 32 63 1.025800e+01 1.970000e+00 1.165400e+03 8.377500e+02 0
0 0 -1.500000e-01 -3.204100e-02 1 64 1.576000e+01 1.970000e+00 2167 -3.612800e+03 0
-7.093800e-02 1.131900e-01 -1.546700e-01 -3.204100e-02 5 64 1.413400e+01 1.970000e+00 -3.003600e+03 7484 0
-1.585200e-01 1.861000e-01 -1.576800e-01 -3.204100e-02 8 64 1.329900e+01 1.970000e+00 -1.090600e+03 2.901800e+03 0
-2.008100e-01 1.895800e-01 -1.578300e-01 -3.204100e-02 9 64 1.261800e+01 1.970000e+00 -1.238800e+03 2.800700e+03 0
-2.480100e-01 1.847000e-01 -1.576200e-01 -3.204100e-02 10 64 1.259000e+01 1.970000e+00 -1.544300e+03 2.867100e+03 0
-2.646500e-01 2.162000e-01 -1.589200e-01 -3.204100e-02 11 64 1.212200e+01 1.970000e+00 -1.139600e+03 2341 0
-2.881200e-01 2.294300e-01 -1.594700e-01 -3.204100e-02 12 64 1.165800e+01 1.970000e+00 -1.074200e+03 2.174900e+03 0
-3.044900e-01 2.795100e-01 -1.615400e-01 -3.204100e-02 13 64 1.091800e+01 1.970000e+00 -7.076200e+02 1.755300e+03 0
3.536000e-01 2.707800e-01 -1.611800e-01 -3.204100e-02 28 64 1.205400e+01 1.970000e+00 1.319500e+03 1.987500e+03 0
6.799100e-01 6.383900e-01 -1.763500e-01 -3.204100e-02 29 64 1.353500e+01 1.970000e+00 1.290300e+03 9.344500e+02 0
6.804600e-01 7.296300e-01 -1.801200e-01 -3.204100e-02 30 64 1.445300e+01 1.970000e+00 1.204800e+03 8.555500e+02 0
6.793700e-01 7.975800e-01 -1.829200e-01 -3.204100e-02 31 64 1.456500e+01 1.970000e+00 1.154300e+03 8.101000e+02 0
6.851000e-01 8.259800e-01 -1.840900e-01 -3.204100e-02 32 64 1.398500e+01 1.970000e+00 1.141400e+03 7.937300e+02 0
6.810000e-01 8.701200e-01 -1.859100e-01 -3.204100e-02 33 64 1.241000e+01 1.970000e+00 1.112500e+03 7.704400e+02 0
7.328400e-01 7.897700e-01 -1.826000e-01 -3.204100e-02 35 64 1.051400e+01 1.970000e+00 1.209800e+03 8.160700e+02 0
-8.689900e-01 8.284100e-01 -1.841900e-01 -3.204100e-02 36 64 1.082300e+01 1.970000e+00 -1.499500e+02 7.628200e+02 0
-8.545300e-01 8.789100e-01 -1.862800e-01 -3.204100e-02 37 64 1.090800e+01 1.970000e+00 -8.830800e+01 7.403000e+02 0
-8.681700e-01 9.380400e-01 -1.887200e-01 -3.204100e-02 38 64 1.036400e+01 1.970000e+00 -4.584100e+01 7.167000e+02 0
