0 0 -1.500000e-01 0 1 65 1.672100e+01 3.550000e+00 2167 -3.612800e+03 0
-7.093800e-02 1.130200e-01 -1.584100e-01 0 5 65 1.516700e+01 3.550000e+00 -3.032700e+03 7597 0
-1.585200e-01 1.860800e-01 -1.638500e-01 0 8 65 1.432100e+01 3.550000e+00 -1.094500e+03 2.940100e+03 0
-2.008100e-01 1.906000e-01 -1.641900e-01 0 9 65 1.365900e+01 3.550000e+00 -1.226500e+03 2.817400e+03 0
-2.480100e-01 1.859600e-01 -1.638400e-01 0 10 65 1.360300e+01 3.550000e+00 -1.525200e+03 2878 0
-2.592000e-01 2.261500e-01 -1.668400e-01 0 11 65 1.306700e+01 3.550000e+00 -1.009700e+03 2.254600e+03 0
-2.851200e-01 2.369700e-01 -1.676400e-01 0 12 65 1.263800e+01 3.550000e+00 -9.898300e+02 2.129100e+03 0
-3.044900e-01 2.827200e-01 -1.710500e-01 0 13 65 1.192200e+01 3.550000e+00 -6.892600e+02 1764 0
-3.050300e-01 3.107600e-01 -1.731300e-01 0 14 65 1.147700e+01 3.550000e+00 -5.335000e+02 1.609800e+03 0
-1.260500e-01 2.997200e-01 -1.723100e-01 0 15 65 1.117000e+01 3.550000e+00 -1.290600e+02 1.700500e+03 0
3.609700e-01 3.337800e-01 -1.748500e-01 0 28 65 1.308800e+01 3.550000e+00 1.181300e+03 1.611800e+03 0
6.799100e-01 6.383200e-01 -1.975200e-01 0 29 65 1.466200e+01 3.550000e+00 1.291700e+03 9.593600e+02 0
6.725500e-01 7.365800e-01 -2.048400e-01 0 30 65 1.558700e+01 3.550000e+00 1.192400e+03 8.743700e+02 0
6.793700e-01 7.975700e-01 -2.093800e-01 0 31 65 1.574400e+01 3.550000e+00 1.155400e+03 8.338900e+02 0
6.766400e-01 8.320100e-01 -2.119400e-01 0 32 65 1.520900e+01 3.550000e+00 1.131300e+03 8.138400e+02 0
6.722700e-01 8.739700e-01 -2.150600e-01 0 33 65 1.367800e+01 3.550000e+00 1.104100e+03 7.918100e+02 0
-9.724000e-01 5.153000e-01 -1.883600e-01 0 34 65 1.082000e+01 3.550000e+00 -8.418800e+02 1.031100e+03 0
7.235700e-01 9.386400e-01 -2.198800e-01 0 35 65 1.119800e+01 3.550000e+00 1.112200e+03 7.631300e+02 0
-8.212400e-01 8.692600e-01 -2.147100e-01 0 36 65 1.163500e+01 3.550000e+00 -7.365700e+01 7.669600e+02 0
-8.545300e-01 8.522600e-01 -2.134500e-01 0 37 65 1.207700e+01 3.550000e+00 -1.150200e+02 7.739500e+02 0
-8.883600e-01 8.178700e-01 -2.108900e-01 0 38 65 1.156800e+01 3.550000e+00 -1.776200e+02 7.896300e+02 0
-9.745800e-01 6.417700e-01 -1.977800e-01 0 39 65 1.013300e+01 3.550000e+00 -5.204600e+02 8.996400e+02 0
0 0 -1.500000e-01 3.204100e-02 1 66 1.570300e+01 3.550000e+00 2167 -3.612800e+03 0
-7.093800e-02 1.134400e-01 -1.584500e-01 3.204100e-02 5 66 1.416000e+01 3.550000e+00 -2.995200e+03 7.524700e+03 0
-1.585200e-01 1.860200e-01 -1.638500e-01 3.204100e-02 8 66 1.331400e+01 3.550000e+00 -1.095300e+03 2.941300e+03 0
-1.986300e-01 1.937300e-01 -1.644200e-01 3.204100e-02 9 66 1.264500e+01 3.550000e+00 -1.169200e+03 2.759200e+03 0
-2.480100e-01 1.867100e-01 -1.639000e-01 3.204100e-02 10 66 1.256700e+01 3.550000e+00 -1.511500e+03 2.862700e+03 0
-2.592000e-01 2.269600e-01 -1.669000e-01 3.204100e-02 11 66 1.197400e+01 3.550000e+00 -1.001200e+03 2.245300e+03 0
-2.851200e-01 2.394700e-01 -1.678300e-01 3.204100e-02 12 66 1.164200e+01 3.550000e+00 -9.657600e+02 2.104500e+03 0
-3.012100e-01 2.868700e-01 -1.713600e-01 3.204100e-02 13 66 1.092600e+01 3.550000e+00 -6.548100e+02 1.739400e+03 0
-3.050300e-01 3.078800e-01 -1.729200e-01 3.204100e-02 14 66 1.042200e+01 3.550000e+00 -5.479400e+02 1624 0
3.609700e-01 3.681700e-01 -1.774100e-01 3.204100e-02 28 66 1.202900e+01 3.550000e+00 1.121900e+03 1465 0
6.799100e-01 6.338000e-01 -1.971800e-01 3.204100e-02 29 66 1.363300e+01 3.550000e+00 1.296700e+03 9.640100e+02 0
6.725500e-01 7.345000e-01 -2.046800e-01 3.204100e-02 30 66 1.456200e+01 3.550000e+00 1194 8.758900e+02 0
6.711800e-01 8.044800e-01 -2.098900e-01 3.204100e-02 31 66 1.472900e+01 3.550000e+00 1.143300e+03 8.295400e+02 0
6.766400e-01 8.328600e-01 -2.120000e-01 3.204100e-02 32 66 1.422500e+01 3.550000e+00 1.130800e+03 8.133800e+02 0
6.722700e-01 8.767500e-01 -2.152700e-01 3.204100e-02 33 66 1.275000e+01 3.550000e+00 1.102600e+03 7.904400e+02 0
6.957400e-01 9.603700e-01 -2.215000e-01 3.204100e-02 35 66 9.965000e+00 3.550000e+00 1.080700e+03 7.537200e+02 0
-8.498900e-01 8.435800e-01 -2.128000e-01 3.204100e-02 36 66 1.065800e+01 3.550000e+00 -1.202800e+02 7.780300e+02 0
-8.741700e-01 8.450900e-01 -2.129100e-01 3.204100e-02 37 66 1.108500e+01 3.550000e+00 -1.372200e+02 7.768900e+02 0
-9.186500e-01 8.072900e-01 -2.101000e-01 3.204100e-02 38 66 1.060800e+01 3.550000e+00 -2.137600e+02 7.943300e+02 0
1.009200e+00 4.676200e+00 -4.981300e-01 -8.651100e-01 138 38 1.021300e+01 3.550000e+00 8.107600e+02 4.728600e+02 1
1.016600e+00 4.706100e+00 -5.003500e-01 -8.651100e-01 139 38 1.059900e+01 3.550000e+00 8.110300e+02 4.724400e+02 1
9.101900e-01 4.766400e+00 -5.048400e-01 -8.651100e-01 140 38 1.037100e+01 3.550000e+00 7.949000e+02 4.715000e+02 1
1.084000e+00 4.655200e+00 -4.965600e-01 -8.330700e-01 138 39 1.128400e+01 3.550000e+00 8.218300e+02 4.732300e+02 1
1.091900e+00 4.692200e+00 -4.993200e-01 -8.330700e-01 139 39 1.195900e+01 3.550000e+00 8.219100e+02 4.727100e+02 1
1.061900e+00 4.736800e+00 -5.026300e-01 -8.330700e-01 140 39 1.169500e+01 3.550000e+00 8.165200e+02 4.720500e+02 1
1.031300e+00 4.776800e+00 -5.056200e-01 -8.330700e-01 141 39 1.060900e+01 3.550000e+00 8.112800e+02 4.714700e+02 1
1.084800e+00 4.830800e+00 -5.096400e-01 -8.330700e-01 143 39 1.048100e+01 3.550000e+00 8.171900e+02 4.707800e+02 1
1.053400e+00 4.872700e+00 -5.127500e-01 -8.330700e-01 144 39 1.103700e+01 3.550000e+00 8.118900e+02 4.701900e+02 1
9.822200e-01 4.927900e+00 -5.168700e-01 -8.330700e-01 145 39 1.070900e+01 3.550000e+00 8.010800e+02 4.694100e+02 1
1.121400e+00 4.650300e+00 -4.962000e-01 -8.010300e-01 138 40 1.047600e+01 3.550000e+00 8.272500e+02 4.733400e+02 1
1.091900e+00 4.693500e+00 -4.994100e-01 -8.010300e-01 139 40 1.127900e+01 3.550000e+00 8.218700e+02 4.726900e+02 1
1.061900e+00 4.736100e+00 -5.025800e-01 -8.010300e-01 140 40 1.111200e+01 3.550000e+00 8.165400e+02 4.720600e+02 1
1.107700e+00 4.760000e+00 -5.043600e-01 -8.010300e-01 141 40 1.024500e+01 3.550000e+00 8.222200e+02 4.717700e+02 1
1.084800e+00 4.796700e+00 -5.071000e-01 -8.010300e-01 143 40 1.005100e+01 3.550000e+00 8.180900e+02 4.712400e+02 1
1.092400e+00 4.846900e+00 -5.108400e-01 -8.010300e-01 144 40 1.050800e+01 3.550000e+00 8.178000e+02 4.705700e+02 1
1.021500e+00 4.909100e+00 -5.154600e-01 -8.010300e-01 145 40 1.026900e+01 3.550000e+00 8.067400e+02 4.696900e+02 1
1.088600e-01 1.920000e+00 -2.929400e-01 -7.049000e-01 58 43 1.000700e+01 3.550000e+00 6.724600e+02 5.689200e+02 0
1.107700e-01 1.948300e+00 -2.950500e-01 -7.049000e-01 59 43 1.064200e+01 3.550000e+00 6.734400e+02 5.664800e+02 0
1.126800e-01 1.985900e+00 -2.978400e-01 -7.049000e-01 60 43 1.011800e+01 3.550000e+00 6.744800e+02 5.633500e+02 0
1.399700e-01 1.916500e+00 -2.926700e-01 -6.728600e-01 58 44 1.010900e+01 3.550000e+00 6.831800e+02 5.693600e+02 0
1.424200e-01 1.960800e+00 -2.959800e-01 -6.728600e-01 59 44 1.076200e+01 3.550000e+00 6.842700e+02 5.655500e+02 0
1.287800e-01 2.009700e+00 -2.996100e-01 -6.728600e-01 60 44 1.026500e+01 3.550000e+00 6.800200e+02 5.614900e+02 0
0 0 -1.500000e-01 -2.242900e-01 1 58 9.694500e+00 3.550000e+00 2167 -3.612800e+03 0
2.011100e+00 8.907400e-01 -2.163100e-01 -2.242900e-01 64 58 9.853000e+00 3.550000e+00 2.256500e+03 8.098400e+02 0
2.043000e+00 8.861700e-01 -2.159700e-01 -2.242900e-01 65 58 1.034000e+01 3.550000e+00 2.295600e+03 8.129800e+02 0
2.074900e+00 9.205300e-01 -2.185300e-01 -2.242900e-01 66 58 1.061700e+01 3.550000e+00 2.253200e+03 7.956800e+02 0
2.124900e+00 8.840000e-01 -2.158100e-01 -2.242900e-01 67 58 1.050200e+01 3.550000e+00 2.376800e+03 8.159000e+02 0
2.102200e+00 1.006200e+00 -2.249100e-01 -2.242900e-01 68 58 9.922100e+00 3.550000e+00 2.119900e+03 7.575300e+02 0
0 0 -1.500000e-01 -1.922500e-01 1 59 9.478500e+00 3.550000e+00 2167 -3.612800e+03 0
1.976700e+00 8.216700e-01 -2.111700e-01 -1.922500e-01 64 59 1.012300e+01 3.550000e+00 2.380100e+03 8.498700e+02 0
2.130300e+00 6.747000e-01 -2.002300e-01 -1.922500e-01 65 59 1.015700e+01 3.550000e+00 3.049400e+03 9.776600e+02 0
0 0 -1.500000e-01 -3.204100e-02 1 64 1.570100e+01 3.550000e+00 2167 -3.612800e+03 0
-7.093800e-02 1.127300e-01 -1.583900e-01 -3.204100e-02 5 64 1.414200e+01 3.550000e+00 -3.059100e+03 7.647900e+03 0
-1.585200e-01 1.861000e-01 -1.638500e-01 -3.204100e-02 8 64 1.332100e+01 3.550000e+00 -1.094200e+03 2.939700e+03 0
-2.008100e-01 1.893000e-01 -1.640900e-01 -3.204100e-02 9 64 1.267000e+01 3.550000e+00 -1247 2843 0
-2.480100e-01 1.839900e-01 -1.637000e-01 -3.204100e-02 10 64 1.261200e+01 3.550000e+00 -1.562200e+03 2.919100e+03 0
-2.619200e-01 2.195700e-01 -1.663500e-01 -3.204100e-02 11 64 1.214400e+01 3.550000e+00 -1.092600e+03 2.332200e+03 0
-2.851200e-01 2.315700e-01 -1.672400e-01 -3.204100e-02 12 64 1.161500e+01 3.550000e+00 -1.044200e+03 2.184700e+03 0
-3.012100e-01 2.834400e-01 -1.711000e-01 -3.204100e-02 13 64 1.087700e+01 3.550000e+00 -6.759100e+02 1.760200e+03 0
-3.050300e-01 3.135200e-01 -1.733400e-01 -3.204100e-02 14 64 1.049700e+01 3.550000e+00 -5.198900e+02 1.596500e+03 0
-4.010700e-01 2.486400e-01 -1.685100e-01 -3.204100e-02 15 64 1.036400e+01 3.550000e+00 -1.242900e+03 1.985400e+03 0
3.683300e-01 2.804300e-01 -1.708800e-01 -3.204100e-02 28 64 1.206400e+01 3.550000e+00 1340 1.944600e+03 0
6.799100e-01 6.400000e-01 -1.976500e-01 -3.204100e-02 29 64 1.362700e+01 3.550000e+00 1.289800e+03 9.576600e+02 0
6.804600e-01 7.314400e-01 -2.044500e-01 -3.204100e-02 30 64 1.457300e+01 3.550000e+00 1.204600e+03 8.783700e+02 0
6.793700e-01 7.974800e-01 -2.093700e-01 -3.204100e-02 31 64 1.473900e+01 3.550000e+00 1.155400e+03 8.339400e+02 0
6.766400e-01 8.304800e-01 -2.118300e-01 -3.204100e-02 32 64 1.419900e+01 3.550000e+00 1.132300e+03 8.147000e+02 0
6.810000e-01 8.663000e-01 -2.144900e-01 -3.204100e-02 33 64 1.264300e+01 3.550000e+00 1.115500e+03 7.958200e+02 0
7.235700e-01 9.367600e-01 -2.197400e-01 -3.204100e-02 35 64 1.039000e+01 3.550000e+00 1.113100e+03 7.639300e+02 0
-8.116900e-01 8.643400e-01 -2.143500e-01 -3.204100e-02 36 64 1.065600e+01 3.550000e+00 -7.114500e+01 7.692800e+02 0
-8.447100e-01 8.554400e-01 -2.136800e-01 -3.204100e-02 37 64 1.101200e+01 3.550000e+00 -1.044500e+02 7.726900e+02 0
-8.782700e-01 8.317000e-01 -2.119200e-01 -3.204100e-02 38 64 1.060100e+01 3.550000e+00 -1.545300e+02 7.831000e+02 0
