0 0 -1.500000e-01 0 1 65 1.674500e+01 2.820000e+00 2167 -3.612800e+03 0
-7.093800e-02 1.132100e-01 -1.566900e-01 0 5 65 1.514900e+01 2.820000e+00 -3.009500e+03 7.525900e+03 0
-1.585200e-01 1.860400e-01 -1.610000e-01 0 8 65 1.434000e+01 2.820000e+00 -1.093400e+03 2.923400e+03 0
-2.008100e-01 1.918500e-01 -1.613400e-01 0 9 65 1.364900e+01 2.820000e+00 -1.205600e+03 2.776400e+03 0
-2.480100e-01 1.871000e-01 -1.610600e-01 0 10 65 1.360800e+01 2.820000e+00 -1.502400e+03 2.837800e+03 0
-2.619200e-01 2.224500e-01 -1.631500e-01 0 11 65 1.308100e+01 2.820000e+00 -1.058400e+03 2.281900e+03 0
-2.881200e-01 2.311000e-01 -1.636600e-01 0 12 65 1.271500e+01 2.820000e+00 -1.058100e+03 2174 0
-3.044900e-01 2.798500e-01 -1.665400e-01 0 13 65 1.198400e+01 2.820000e+00 -7.066300e+02 1.768700e+03 0
-3.050300e-01 3.027300e-01 -1.678900e-01 0 14 65 1.140200e+01 2.820000e+00 -5.738500e+02 1.637300e+03 0
-1.222300e-01 3.835300e-01 -1.726700e-01 0 15 65 1.135300e+01 2.820000e+00 9.863200e+01 1.343200e+03 0
3.536000e-01 3.075500e-01 -1.681800e-01 0 28 65 1.307200e+01 2.820000e+00 1.216600e+03 1.738700e+03 0
6.799100e-01 6.398000e-01 -1.878200e-01 0 29 65 1.463700e+01 2.820000e+00 1.289400e+03 9.463700e+02 0
6.725500e-01 7.372000e-01 -1.935800e-01 0 30 65 1.555700e+01 2.820000e+00 1.191400e+03 8.627600e+02 0
6.793700e-01 7.975100e-01 -1.971400e-01 0 31 65 1.568900e+01 2.820000e+00 1.154900e+03 8.229200e+02 0
6.766400e-01 8.294300e-01 -1.990300e-01 0 32 65 1.511900e+01 2.820000e+00 1.132400e+03 8.043400e+02 0
6.810000e-01 8.654900e-01 -2.011600e-01 0 33 65 1.350600e+01 2.820000e+00 1.115500e+03 7.853600e+02 0
7.421200e-01 8.636200e-01 -2.010500e-01 0 35 65 1.138000e+01 2.820000e+00 1.168500e+03 7.874800e+02 0
-8.498900e-01 8.508800e-01 -2.002900e-01 0 36 65 1.186000e+01 2.820000e+00 -1.125000e+02 7.644900e+02 0
-8.643500e-01 8.642500e-01 -2.010900e-01 0 37 65 1.224400e+01 2.820000e+00 -1.100800e+02 7.582600e+02 0
-8.984600e-01 8.507300e-01 -2.002900e-01 0 38 65 1.184300e+01 2.820000e+00 -1.492900e+02 7.637100e+02 0
-9.434700e-01 8.304700e-01 -1.990900e-01 0 39 65 1.058500e+01 2.820000e+00 -2.056800e+02 7.723200e+02 0
0 0 -1.500000e-01 3.204100e-02 1 66 1.572700e+01 2.820000e+00 2167 -3.612800e+03 0
-7.202900e-02 1.129000e-01 -1.566700e-01 3.204100e-02 5 66 1.413700e+01 2.820000e+00 -3.050500e+03 7.572500e+03 0
-1.585200e-01 1.859300e-01 -1.609900e-01 3.204100e-02 8 66 1.330500e+01 2.820000e+00 -1.095100e+03 2.925800e+03 0
-2.008100e-01 1.924400e-01 -1.613800e-01 3.204100e-02 9 66 1.263300e+01 2.820000e+00 -1.196700e+03 2.765200e+03 0
-2.480100e-01 1.879500e-01 -1.611100e-01 3.204100e-02 10 66 1.257600e+01 2.820000e+00 -1.487200e+03 2.820900e+03 0
-2.619200e-01 2.231400e-01 -1.631900e-01 3.204100e-02 11 66 1.209500e+01 2.820000e+00 -1.050700e+03 2.273600e+03 0
-2.881200e-01 2.326000e-01 -1.637500e-01 3.204100e-02 12 66 1.170600e+01 2.820000e+00 -1.042600e+03 2.158200e+03 0
-3.044900e-01 2.809500e-01 -1.666100e-01 3.204100e-02 13 66 1.098800e+01 2.820000e+00 -6.995300e+02 1.761700e+03 0
-3.085800e-01 3.057000e-01 -1.680700e-01 3.204100e-02 14 66 1.047900e+01 2.820000e+00 -5.670200e+02 1.621500e+03 0
3.536000e-01 3.294200e-01 -1.694700e-01 3.204100e-02 28 66 1.213800e+01 2.820000e+00 1.169600e+03 1.618400e+03 0
6.722700e-01 6.425000e-01 -1.879800e-01 3.204100e-02 29 66 1.367800e+01 2.820000e+00 1.277300e+03 9.433800e+02 0
6.725500e-01 7.363800e-01 -1.935300e-01 3.204100e-02 30 66 1.461800e+01 2.820000e+00 1192 8.633500e+02 0
6.711800e-01 8.044000e-01 -1.975500e-01 3.204100e-02 31 66 1.477900e+01 2.820000e+00 1.142900e+03 8.186000e+02 0
6.766400e-01 8.302400e-01 -1.990700e-01 3.204100e-02 32 66 1.424700e+01 2.820000e+00 1.131900e+03 8.039000e+02 0
6.810000e-01 8.655000e-01 -2.011600e-01 3.204100e-02 33 66 1.273000e+01 2.820000e+00 1.115500e+03 7.853600e+02 0
7.328400e-01 8.761200e-01 -2.017900e-01 3.204100e-02 35 66 1.048000e+01 2.820000e+00 1.153100e+03 7.810500e+02 0
-8.594400e-01 8.456100e-01 -1.999800e-01 3.204100e-02 36 66 1.088500e+01 2.820000e+00 -1.250700e+02 7.667300e+02 0
-8.741700e-01 8.583300e-01 -2.007400e-01 3.204100e-02 37 66 1.125800e+01 2.820000e+00 -1.232800e+02 7.607100e+02 0
-8.984600e-01 8.637800e-01 -2.010600e-01 3.204100e-02 38 66 1.089000e+01 2.820000e+00 -1.358700e+02 7.578900e+02 0
6.646300e-01 6.314700e-01 -1.873300e-01 6.408200e-02 29 67 1.042900e+01 2.820000e+00 1280 9.543300e+02 0
6.646300e-01 7.456600e-01 -1.940800e-01 6.408200e-02 30 67 1.128200e+01 2.820000e+00 1.176900e+03 8.564900e+02 0
6.711800e-01 8.003400e-01 -1.973100e-01 6.408200e-02 31 67 1.157500e+01 2.820000e+00 1.145500e+03 8.210200e+02 0
6.851000e-01 8.048300e-01 -1.975700e-01 6.408200e-02 32 67 1.119800e+01 2.820000e+00 1.155400e+03 8.186500e+02 0
7.246600e-01 8.089800e-01 -1.978200e-01 6.408200e-02 33 67 1.018400e+01 2.820000e+00 1189 8.170700e+02 0
0 0 -1.500000e-01 9.612300e-02 1 68 9.661600e+00 2.820000e+00 2167 -3.612800e+03 0
6.725500e-01 7.199300e-01 -1.925500e-01 9.612300e-02 30 68 1.036000e+01 2.820000e+00 1.205100e+03 8.756300e+02 0
6.711800e-01 8.044800e-01 -1.975500e-01 9.612300e-02 31 68 1.057900e+01 2.820000e+00 1.142800e+03 8.185500e+02 0
6.851000e-01 8.032800e-01 -1.974800e-01 9.612300e-02 32 68 1.016300e+01 2.820000e+00 1.156400e+03 8.195700e+02 0
0 0 -1.500000e-01 -1.249600e+00 1 26 9.040700e+00 2.820000e+00 2167 -3.612800e+03 0
8.201500e-01 5.750400e+00 -4.899000e-01 -8.330700e-01 168 39 1.091800e+01 2.820000e+00 7.669500e+02 4.506500e+02 1
7.792300e-01 5.797400e+00 -4.926800e-01 -8.330700e-01 169 39 1.149600e+01 2.820000e+00 7.617600e+02 4.501900e+02 1
7.377500e-01 5.843700e+00 -4.954200e-01 -8.330700e-01 170 39 1.097400e+01 2.820000e+00 7.566000e+02 4.497400e+02 1
7.290200e-01 5.783200e+00 -4.918400e-01 -8.010300e-01 168 40 1.170200e+01 2.820000e+00 7.562900e+02 4.502900e+02 1
7.333900e-01 5.819100e+00 -4.939700e-01 -8.010300e-01 169 40 1.234400e+01 2.820000e+00 7.563900e+02 4.499600e+02 1
7.377500e-01 5.853300e+00 -4.959900e-01 -8.010300e-01 170 40 1.182500e+01 2.820000e+00 7.565000e+02 4.496500e+02 1
7.290200e-01 5.783200e+00 -4.918400e-01 -7.689800e-01 168 41 1.045500e+01 2.820000e+00 7.562900e+02 4.502900e+02 1
7.792300e-01 5.814000e+00 -4.936600e-01 -7.689800e-01 169 41 1.113200e+01 2.820000e+00 7.615600e+02 4.500400e+02 1
9.221900e-01 5.827300e+00 -4.944500e-01 -7.689800e-01 170 41 1.055300e+01 2.820000e+00 7.773500e+02 450 1
2.121900e+00 1.625600e+00 -2.460900e-01 -5.447000e-01 78 48 1.032200e+01 2.820000e+00 1.531700e+03 6.007200e+02 0
2.128100e+00 1.666900e+00 -2.485300e-01 -5.447000e-01 79 48 1.056900e+01 2.820000e+00 1.511700e+03 5.952500e+02 0
2.133900e+00 1.740800e+00 -2.529000e-01 -5.447000e-01 80 48 1.039400e+01 2.820000e+00 1.476200e+03 5.861400e+02 0
2.073600e+00 1.868100e+00 -2.604200e-01 -5.447000e-01 81 48 1.133400e+01 2.820000e+00 1.395300e+03 5.719600e+02 0
2.099500e+00 1.891000e+00 -2.617800e-01 -5.447000e-01 82 48 1.177400e+01 2.820000e+00 1.395900e+03 5.697900e+02 0
2.147800e+00 1.873500e+00 -2.607400e-01 -5.447000e-01 83 48 1.111800e+01 2.820000e+00 1.421400e+03 5.717400e+02 0
2.066700e+00 1.582300e+00 -2.435300e-01 -5.126600e-01 76 49 1.013000e+01 2.820000e+00 1.531500e+03 6.064900e+02 0
2.032100e+00 1.700300e+00 -2.505100e-01 -5.126600e-01 77 49 1.198400e+01 2.820000e+00 1.453300e+03 5.905000e+02 0
2.037800e+00 1.751700e+00 -2.535400e-01 -5.126600e-01 78 49 1.265800e+01 2.820000e+00 1.431400e+03 5.843800e+02 0
2.064300e+00 1.774800e+00 -2.549100e-01 -5.126600e-01 79 49 1.241400e+01 2.820000e+00 1.431700e+03 5.818700e+02 0
2.133900e+00 1.737800e+00 -2.527200e-01 -5.126600e-01 80 49 1.135300e+01 2.820000e+00 1.477700e+03 5.864900e+02 0
2.095400e+00 1.847700e+00 -2.592200e-01 -5.126600e-01 81 49 1.229300e+01 2.820000e+00 1.412200e+03 5.741400e+02 0
2.099500e+00 1.895600e+00 -2.620500e-01 -5.126600e-01 82 49 1.267700e+01 2.820000e+00 1394 5.693300e+02 0
2.125400e+00 1.914200e+00 -2.631500e-01 -5.126600e-01 83 49 1.190000e+01 2.820000e+00 1.396400e+03 5.676400e+02 0
2.025800e+00 1.656800e+00 -2.479300e-01 -4.806200e-01 76 50 1.018500e+01 2.820000e+00 1.472300e+03 596 0
2.011400e+00 1.728300e+00 -2.521600e-01 -4.806200e-01 77 50 1.203100e+01 2.820000e+00 1.431300e+03 587 0
2.016800e+00 1.777300e+00 -2.550500e-01 -4.806200e-01 78 50 1.262800e+01 2.820000e+00 1.411400e+03 5.813600e+02 0
2.043000e+00 1.801100e+00 -2.564600e-01 -4.806200e-01 79 50 1.224300e+01 2.820000e+00 1.411500e+03 5.788500e+02 0
2.133900e+00 1.706500e+00 -2.508700e-01 -4.806200e-01 80 50 1.073400e+01 2.820000e+00 1.493400e+03 5.902700e+02 0
2.117200e+00 1.814300e+00 -2.572400e-01 -4.806200e-01 81 50 1.126500e+01 2.820000e+00 1.435200e+03 5.777600e+02 0
2.121600e+00 1.869600e+00 -2.605100e-01 -4.806200e-01 82 50 1.156000e+01 2.820000e+00 1.413100e+03 5.720100e+02 0
2.125400e+00 1.918400e+00 -2.633900e-01 -4.806200e-01 83 50 1.060600e+01 2.820000e+00 1.394700e+03 5.672400e+02 0
2.011400e+00 1.725900e+00 -2.520200e-01 -4.485700e-01 77 51 9.951000e+00 2.820000e+00 1.432400e+03 5.872900e+02 0
1.995800e+00 1.795700e+00 -2.561400e-01 -4.485700e-01 78 51 1.058500e+01 2.820000e+00 1395 5.792200e+02 0
2.021700e+00 1.816000e+00 -2.573400e-01 -4.485700e-01 79 51 1.011300e+01 2.820000e+00 1.396700e+03 5.771400e+02 0
9.576600e-01 1.233300e+00 -2.229000e-01 -3.844900e-01 46 53 1.033700e+01 2.820000e+00 1.137500e+03 6.625200e+02 0
9.412900e-01 1.285900e+00 -2.260100e-01 -3.844900e-01 47 53 9.964200e+00 2.820000e+00 1.108700e+03 6.506000e+02 0
9.699400e-01 1.194300e+00 -2.206000e-01 -3.524500e-01 46 54 9.948100e+00 2.820000e+00 1.160700e+03 6.721300e+02 0
0 0 -1.500000e-01 -9.612300e-02 1 62 9.693700e+00 2.820000e+00 2167 -3.612800e+03 0
6.804600e-01 7.190400e-01 -1.925000e-01 -9.612300e-02 30 62 9.914500e+00 2.820000e+00 1.214200e+03 8.765400e+02 0
6.711800e-01 7.970900e-01 -1.971200e-01 -9.612300e-02 31 62 9.851500e+00 2.820000e+00 1.147600e+03 8.229900e+02 0
6.851000e-01 7.653700e-01 -1.952400e-01 -9.612300e-02 32 62 9.468900e+00 2.820000e+00 1.182700e+03 8.434900e+02 0
0 0 -1.500000e-01 -6.408200e-02 1 63 9.981100e+00 2.820000e+00 2167 -3.612800e+03 0
-1.991700e-02 1.161900e-02 -1.506900e-01 -6.408200e-02 2 63 9.749500e+00 2.820000e+00 2.665700e+03 -4411 0
6.722700e-01 6.209800e-01 -1.867100e-01 -6.408200e-02 29 63 1.038700e+01 2.820000e+00 1.301300e+03 9.657700e+02 0
6.725500e-01 7.262300e-01 -1.929300e-01 -6.408200e-02 30 63 1.148400e+01 2.820000e+00 1200 8.708500e+02 0
6.711800e-01 8.029400e-01 -1.974600e-01 -6.408200e-02 31 63 1.164800e+01 2.820000e+00 1.143800e+03 8.194600e+02 0
6.766400e-01 8.396200e-01 -1.996300e-01 -6.408200e-02 32 63 1.107700e+01 2.820000e+00 1.126400e+03 7.987700e+02 0
0 0 -1.500000e-01 -3.204100e-02 1 64 1.572900e+01 2.820000e+00 2167 -3.612800e+03 0
-7.093800e-02 1.128800e-01 -1.566700e-01 -3.204100e-02 5 64 1.411700e+01 2.820000e+00 -3.039400e+03 7.583400e+03 0
-1.585200e-01 1.860800e-01 -1.610000e-01 -3.204100e-02 8 64 1.332400e+01 2.820000e+00 -1.092900e+03 2.922700e+03 0
-2.008100e-01 1.913300e-01 -1.613100e-01 -3.204100e-02 9 64 1.261700e+01 2.820000e+00 -1.213500e+03 2.786300e+03 0
-2.480100e-01 1.860300e-01 -1.610000e-01 -3.204100e-02 10 64 1.258700e+01 2.820000e+00 -1522 2.859600e+03 0
-2.564700e-01 2.298200e-01 -1.635800e-01 -3.204100e-02 11 64 1.201900e+01 2.820000e+00 -9.606800e+02 2.199600e+03 0
-2.851200e-01 2.331900e-01 -1.637800e-01 -3.204100e-02 12 64 1.165500e+01 2.820000e+00 -1.026200e+03 2.153100e+03 0
-3.044900e-01 2.776300e-01 -1.664100e-01 -3.204100e-02 13 64 1.090500e+01 2.820000e+00 -7.211300e+02 1.782900e+03 0
-3.085800e-01 2.982200e-01 -1.676300e-01 -3.204100e-02 14 64 1.036200e+01 2.820000e+00 -6.072200e+02 1.660500e+03 0
-1.260500e-01 3.761600e-01 -1.722300e-01 -3.204100e-02 15 64 1.039100e+01 2.820000e+00 7.661900e+01 1.365500e+03 0
3.536000e-01 2.223400e-01 -1.631400e-01 -3.204100e-02 28 64 1.196900e+01 2.820000e+00 1.542800e+03 2.575700e+03 0
6.799100e-01 6.471800e-01 -1.882500e-01 -3.204100e-02 29 64 1.356400e+01 2.820000e+00 1.281500e+03 9.390200e+02 0
6.725500e-01 7.404500e-01 -1.937700e-01 -3.204100e-02 30 64 1.446300e+01 2.820000e+00 1.188900e+03 8.604100e+02 0
6.711800e-01 8.039100e-01 -1.975200e-01 -3.204100e-02 31 64 1.456800e+01 2.820000e+00 1.143200e+03 8.188800e+02 0
6.766400e-01 8.233100e-01 -1.986700e-01 -3.204100e-02 32 64 1.395400e+01 2.820000e+00 1.136100e+03 8.077700e+02 0
6.722700e-01 8.634700e-01 -2.010400e-01 -3.204100e-02 33 64 1.228600e+01 2.820000e+00 1.109200e+03 7.862200e+02 0
7.514000e-01 8.516600e-01 -2.003400e-01 -3.204100e-02 35 64 1.076500e+01 2.820000e+00 1.184100e+03 7.938600e+02 0
-8.689900e-01 8.194500e-01 -1.984400e-01 -3.204100e-02 36 64 1.083600e+01 2.820000e+00 -1.602300e+02 7.790200e+02 0
-8.840000e-01 8.279000e-01 -1.989400e-01 -3.204100e-02 37 64 1.126700e+01 2.820000e+00 -1.626400e+02 7.746300e+02 0
-9.085500e-01 8.106700e-01 -1.979200e-01 -3.204100e-02 38 64 1.087900e+01 2.820000e+00 -2.013200e+02 7.826300e+02 0
-9.538400e-01 7.176000e-01 -1.924200e-01 -3.204100e-02 39 64 1.011300e+01 2.820000e+00 -3.652700e+02 8.346600e+02 0
