0 0 -1.500000e-01 0 1 65 1.674900e+01 6.900000e-01 2167 -3.612800e+03 0
-7.093800e-02 1.129800e-01 -1.516300e-01 0 5 65 1.518100e+01 6.900000e-01 -3.011800e+03 7.453900e+03 0
-1.585200e-01 1.859700e-01 -1.526900e-01 0 8 65 1.431100e+01 6.900000e-01 -1.089800e+03 2.874200e+03 0
-1.986300e-01 1.943700e-01 -1.528100e-01 0 9 65 1.363700e+01 6.900000e-01 -1.153400e+03 2.682200e+03 0
-2.480100e-01 1.863700e-01 -1.526900e-01 0 10 65 1.361500e+01 6.900000e-01 -1.509800e+03 2.803300e+03 0
-2.619200e-01 2.221800e-01 -1.532100e-01 0 11 65 1.298000e+01 6.900000e-01 -1.057300e+03 2.241500e+03 0
-2.881200e-01 2.326700e-01 -1.533600e-01 0 12 65 1.265700e+01 6.900000e-01 -1.037800e+03 2.115100e+03 0
-3.044900e-01 2.821400e-01 -1.540800e-01 0 13 65 1.188200e+01 6.900000e-01 -6.890600e+02 1.715700e+03 0
-1.260500e-01 3.458000e-01 -1.550000e-01 0 15 65 1.123100e+01 6.900000e-01 9.855400e+00 1.435200e+03 0
3.536000e-01 3.676200e-01 -1.553100e-01 0 28 65 1.306200e+01 6.900000e-01 1.103600e+03 1.414700e+03 0
6.799100e-01 6.380000e-01 -1.592200e-01 0 29 65 1.461200e+01 6.900000e-01 1.289600e+03 9.148200e+02 0
6.725500e-01 7.346600e-01 -1.606200e-01 0 30 65 1.550100e+01 6.900000e-01 1.191800e+03 8.321800e+02 0
6.711800e-01 8.043900e-01 -1.616300e-01 0 31 65 1.566400e+01 6.900000e-01 1.141500e+03 7.867000e+02 0
6.766400e-01 8.361400e-01 -1.620800e-01 0 32 65 1.517700e+01 6.900000e-01 1127 7.689500e+02 0
6.722700e-01 8.779400e-01 -1.626900e-01 0 33 65 1.384700e+01 6.900000e-01 1.100200e+03 7.475600e+02 0
6.662700e-01 9.320600e-01 -1.634700e-01 0 34 65 1.138400e+01 6.900000e-01 1.069200e+03 7.230700e+02 0
7.514000e-01 8.755800e-01 -1.626500e-01 0 35 65 1.108900e+01 6.900000e-01 1.167500e+03 7.500800e+02 0
-8.307900e-01 8.785000e-01 -1.627000e-01 0 36 65 1.180300e+01 6.900000e-01 -7.065900e+01 7.231400e+02 0
-8.545300e-01 8.750500e-01 -1.626500e-01 0 37 65 1.218100e+01 6.900000e-01 -9.125600e+01 7.242400e+02 0
-8.883600e-01 8.426200e-01 -1.621800e-01 0 38 65 1.172600e+01 6.900000e-01 -1.489100e+02 7.380700e+02 0
-9.227400e-01 8.485500e-01 -1.622600e-01 0 39 65 1.011600e+01 6.900000e-01 -1.686000e+02 7.348100e+02 0
0 0 -1.500000e-01 3.204100e-02 1 66 1.573100e+01 6.900000e-01 2167 -3.612800e+03 0
-7.202900e-02 1.125500e-01 -1.516300e-01 3.204100e-02 5 66 1.417300e+01 6.900000e-01 -3.063900e+03 7.521300e+03 0
-1.585200e-01 1.858600e-01 -1.526900e-01 3.204100e-02 8 66 1.331200e+01 6.900000e-01 -1.091400e+03 2.876500e+03 0
-2.008100e-01 1.921300e-01 -1.527800e-01 3.204100e-02 9 66 1.262200e+01 6.900000e-01 -1.196500e+03 2.722300e+03 0
-2.504700e-01 1.829400e-01 -1.526400e-01 3.204100e-02 10 66 1.262800e+01 6.900000e-01 -1.585800e+03 2.872500e+03 0
-2.646500e-01 2.192700e-01 -1.531700e-01 3.204100e-02 11 66 1.209100e+01 6.900000e-01 -1.100500e+03 2.275700e+03 0
-2.881200e-01 2.351000e-01 -1.534000e-01 3.204100e-02 12 66 1.165500e+01 6.900000e-01 -1.013200e+03 2.090300e+03 0
-3.044900e-01 2.828000e-01 -1.540900e-01 3.204100e-02 13 66 1.087700e+01 6.900000e-01 -6.848800e+02 1.711700e+03 0
-1.260500e-01 3.633100e-01 -1.552500e-01 3.204100e-02 15 66 1.026500e+01 6.900000e-01 5.060400e+01 1.371800e+03 0
3.536000e-01 4.209100e-01 -1.560800e-01 3.204100e-02 28 66 1.208900e+01 6.900000e-01 1.038400e+03 1.248700e+03 0
6.799100e-01 6.318400e-01 -1.591300e-01 3.204100e-02 29 66 1.359000e+01 6.900000e-01 1.296500e+03 9.210700e+02 0
6.725500e-01 7.307000e-01 -1.605600e-01 3.204100e-02 30 66 1.447400e+01 6.900000e-01 1.194900e+03 8.350700e+02 0
6.711800e-01 8.040700e-01 -1.616200e-01 3.204100e-02 31 66 1.465900e+01 6.900000e-01 1.141700e+03 7.868900e+02 0
6.681800e-01 8.439600e-01 -1.622000e-01 3.204100e-02 32 66 1.422300e+01 6.900000e-01 1.115100e+03 7.646200e+02 0
6.635400e-01 8.824400e-01 -1.627500e-01 3.204100e-02 33 66 1.301800e+01 6.900000e-01 1.090700e+03 7.452600e+02 0
6.752700e-01 8.989300e-01 -1.629900e-01 3.204100e-02 34 66 1.078000e+01 6.900000e-01 1092 7.377600e+02 0
7.514000e-01 8.573800e-01 -1.623900e-01 3.204100e-02 35 66 1.033100e+01 6.900000e-01 1.178900e+03 7.591800e+02 0
-8.212400e-01 8.871200e-01 -1.628200e-01 3.204100e-02 36 66 1.081800e+01 6.900000e-01 -5.590000e+01 7.196600e+02 0
-8.643500e-01 8.672500e-01 -1.625300e-01 3.204100e-02 37 66 1.105900e+01 6.900000e-01 -1.059700e+02 7.274500e+02 0
-9.085500e-01 8.204000e-01 -1.618600e-01 3.204100e-02 38 66 1.048000e+01 6.900000e-01 -1.887600e+02 7.482400e+02 0
0 0 -1.500000e-01 6.408200e-02 1 67 1.078500e+01 6.900000e-01 2167 -3.612800e+03 0
-8.619000e-01 1.054600e+00 -1.652400e-01 8.651100e-01 40 92 9.814100e+00 6.900000e-01 4.387400e+01 6.612500e+02 0
1.686100e-01 3.593000e+00 -2.019300e-01 -4.485700e-01 104 51 1.042600e+01 6.900000e-01 6.929900e+02 4.543400e+02 0
1.702500e-01 3.627800e+00 -2.024300e-01 -4.485700e-01 105 51 1.128600e+01 6.900000e-01 6.932900e+02 4.535200e+02 0
1.432400e-01 3.663400e+00 -2.029400e-01 -4.485700e-01 106 51 1.112500e+01 6.900000e-01 6.885100e+02 4.526700e+02 0
1.638100e+00 5.265500e+00 -2.261000e-01 -4.485700e-01 159 51 1.061200e+01 6.900000e-01 8.747300e+02 4.281000e+02 0
1.691900e+00 5.286000e+00 -2.263900e-01 -4.485700e-01 160 51 1.029000e+01 6.900000e-01 8.806900e+02 4.279000e+02 0
1.967200e-01 3.587400e+00 -2.018400e-01 -4.165300e-01 104 52 1.056700e+01 6.900000e-01 6.980800e+02 4.545100e+02 0
1.702500e-01 3.623100e+00 -2.023600e-01 -4.165300e-01 105 52 1.139700e+01 6.900000e-01 6.932900e+02 4.536300e+02 0
1.432400e-01 3.659500e+00 -2.028900e-01 -4.165300e-01 106 52 1.124000e+01 6.900000e-01 6.885100e+02 4.527600e+02 0
8.676300e-02 3.700000e+00 -2.034700e-01 -4.165300e-01 107 52 1.020900e+01 6.900000e-01 6.786700e+02 4.517900e+02 0
1.551900e+00 5.293400e+00 -2.265000e-01 -4.165300e-01 159 52 1.014200e+01 6.900000e-01 8.630600e+02 4.277400e+02 0
1.561700e+00 5.328600e+00 -2.270100e-01 -4.165300e-01 160 52 9.925000e+00 6.900000e-01 8.631200e+02 4.273600e+02 0
-4.744700e-01 1.460700e+00 -1.711100e-01 -3.524500e-01 48 54 1.044300e+01 6.900000e-01 4.012600e+02 580 1
-5.238500e-01 1.458300e+00 -1.710800e-01 -3.524500e-01 49 54 1.135600e+01 6.900000e-01 3.787300e+02 5.800900e+02 1
-5.213900e-01 1.490800e+00 -1.715400e-01 -3.524500e-01 50 54 1.119600e+01 6.900000e-01 3.869300e+02 5.753600e+02 1
-4.911100e-01 1.653400e+00 -1.738900e-01 -3.524500e-01 51 54 1.030700e+01 6.900000e-01 4.300200e+02 5.546400e+02 1
-5.257600e-01 1.471700e+00 -1.712700e-01 -3.204100e-01 48 55 1.119500e+01 6.900000e-01 3.808600e+02 5.781100e+02 1
-5.762300e-01 1.496900e+00 -1.716300e-01 -3.204100e-01 49 55 1.237900e+01 6.900000e-01 3.644800e+02 5.742100e+02 1
-6.149800e-01 1.516100e+00 -1.719100e-01 -3.204100e-01 50 55 1.231200e+01 6.900000e-01 3.523000e+02 5.713200e+02 0
-6.411700e-01 1.543700e+00 -1.723100e-01 -3.204100e-01 51 55 1.115100e+01 6.900000e-01 3.476600e+02 5.674800e+02 0
-7.085600e-01 1.621100e+00 -1.734300e-01 -3.204100e-01 54 55 1.063000e+01 6.900000e-01 3.379600e+02 5.574600e+02 0
-7.072000e-01 1.602800e+00 -1.731600e-01 -3.204100e-01 55 55 1.041500e+01 6.900000e-01 3.343200e+02 5.596700e+02 0
-5.385800e-01 1.517600e+00 -1.719300e-01 -2.883700e-01 48 56 1.063800e+01 6.900000e-01 3.852200e+02 5.715100e+02 1
-5.762300e-01 1.527000e+00 -1.720700e-01 -2.883700e-01 49 56 1.168300e+01 6.900000e-01 3.712200e+02 5.700400e+02 1
-6.283500e-01 1.541500e+00 -1.722800e-01 -2.883700e-01 50 56 1.173800e+01 6.900000e-01 3.525200e+02 5.678300e+02 0
-6.821000e-01 1.555400e+00 -1.724800e-01 -2.883700e-01 51 56 1.079100e+01 6.900000e-01 3.333900e+02 5.657500e+02 0
-7.519400e-01 1.621800e+00 -1.734400e-01 -2.883700e-01 54 56 1.099800e+01 6.900000e-01 3.209400e+02 5.571900e+02 0
-7.661300e-01 1.632900e+00 -1.736000e-01 -2.883700e-01 55 56 1.070900e+01 6.900000e-01 3.179800e+02 5.558200e+02 0
-1.029700e+00 1.375400e+00 -1.698800e-01 -2.242900e-01 52 58 1.004700e+01 6.900000e-01 1.228800e+02 5.901400e+02 0
-1.049900e+00 1.418400e+00 -1.705000e-01 -2.242900e-01 53 58 1.054600e+01 6.900000e-01 1.316600e+02 5.831700e+02 0
-1.084500e+00 1.445400e+00 -1.708900e-01 -2.242900e-01 54 58 1.007100e+01 6.900000e-01 1.272700e+02 5.789100e+02 0
0 0 -1.500000e-01 -1.922500e-01 1 59 9.621300e+00 6.900000e-01 2167 -3.612800e+03 0
-1.364200e-03 3.484800e-02 -1.505000e-01 -1.922500e-01 2 59 9.541200e+00 6.900000e-01 3.509500e+03 -7.181900e+03 0
-1.057500e+00 1.362900e+00 -1.697000e-01 -1.922500e-01 52 59 9.894900e+00 6.900000e-01 1.045500e+02 5.920400e+02 0
-1.049900e+00 1.422000e+00 -1.705500e-01 -1.922500e-01 53 59 1.038200e+01 6.900000e-01 1.331300e+02 5.826200e+02 0
-1.070100e+00 1.448000e+00 -1.709300e-01 -1.922500e-01 54 59 1.009800e+01 6.900000e-01 1.346400e+02 5.786000e+02 0
0 0 -1.500000e-01 -9.612300e-02 1 62 9.991600e+00 6.900000e-01 2167 -3.612800e+03 0
-3.355900e-02 3.763200e-03 -1.500500e-01 -9.612300e-02 2 62 9.562100e+00 6.900000e-01 2.580400e+03 -3.894700e+03 0
0 0 -1.500000e-01 -6.408200e-02 1 63 1.006200e+01 6.900000e-01 2167 -3.612800e+03 0
1.364200e-03 3.485100e-02 -1.505000e-01 -6.408200e-02 2 63 9.881500e+00 6.900000e-01 3.458900e+03 -7165 0
6.630000e-01 8.085000e-01 -1.616800e-01 -6.408200e-02 31 63 9.844100e+00 6.900000e-01 1.131400e+03 7.841300e+02 0
6.766400e-01 7.901800e-01 -1.614200e-01 -6.408200e-02 32 63 9.802200e+00 6.900000e-01 1.155700e+03 7.953400e+02 0
0 0 -1.500000e-01 -3.204100e-02 1 64 1.573100e+01 6.900000e-01 2167 -3.612800e+03 0
-7.093800e-02 1.121000e-01 -1.516200e-01 -3.204100e-02 5 64 1.415300e+01 6.900000e-01 -3.092300e+03 7.607900e+03 0
-1.585200e-01 1.858500e-01 -1.526900e-01 -3.204100e-02 8 64 1.326600e+01 6.900000e-01 -1.091600e+03 2.876800e+03 0
-1.986300e-01 1.950900e-01 -1.528200e-01 -3.204100e-02 9 64 1.257800e+01 6.900000e-01 -1143 2.669100e+03 0
-2.455500e-01 1.898900e-01 -1.527400e-01 -3.204100e-02 10 64 1.255800e+01 6.900000e-01 -1.436400e+03 2736 0
-2.592000e-01 2.248900e-01 -1.532500e-01 -3.204100e-02 11 64 1.186700e+01 6.900000e-01 -1.017700e+03 2.210800e+03 0
-2.851200e-01 2.350800e-01 -1.534000e-01 -3.204100e-02 12 64 1.160400e+01 6.900000e-01 -1.003300e+03 2.091600e+03 0
-3.044900e-01 2.822400e-01 -1.540800e-01 -3.204100e-02 13 64 1.089400e+01 6.900000e-01 -6.884100e+02 1.715100e+03 0
-3.050300e-01 3.134500e-01 -1.545300e-01 -3.204100e-02 14 64 1.041000e+01 6.900000e-01 -5.170500e+02 1547 0
3.536000e-01 2.797700e-01 -1.540400e-01 -3.204100e-02 28 64 1.199500e+01 6.900000e-01 1.289200e+03 1.887200e+03 0
6.799100e-01 6.440400e-01 -1.593100e-01 -3.204100e-02 29 64 1.362200e+01 6.900000e-01 1283 9.088100e+02 0
6.725500e-01 7.374100e-01 -1.606600e-01 -3.204100e-02 30 64 1.451900e+01 6.900000e-01 1.189600e+03 8.302100e+02 0
6.711800e-01 8.044700e-01 -1.616300e-01 -3.204100e-02 31 64 1.467700e+01 6.900000e-01 1.141400e+03 7.866500e+02 0
6.766400e-01 8.352900e-01 -1.620700e-01 -3.204100e-02 32 64 1.416700e+01 6.900000e-01 1.127500e+03 7.694100e+02 0
6.722700e-01 8.794700e-01 -1.627100e-01 -3.204100e-02 33 64 1.276700e+01 6.900000e-01 1.099400e+03 7.468300e+02 0
6.482600e-01 9.480000e-01 -1.637000e-01 -3.204100e-02 34 64 1.034700e+01 6.900000e-01 1.048500e+03 7.162100e+02 0
7.421200e-01 8.899000e-01 -1.628600e-01 -3.204100e-02 35 64 1.028200e+01 6.900000e-01 1.151300e+03 7.430500e+02 0
-8.403400e-01 8.630800e-01 -1.624700e-01 -3.204100e-02 36 64 1.075400e+01 6.900000e-01 -9.218900e+01 7.296400e+02 0
-8.545300e-01 8.567100e-01 -1.623800e-01 -3.204100e-02 37 64 1.120000e+01 6.900000e-01 -109 7.322400e+02 0
-8.681700e-01 8.336300e-01 -1.620500e-01 -3.204100e-02 38 64 1.082200e+01 6.900000e-01 -1.429900e+02 7.426000e+02 0
