0 0 -1.500000e-01 0 1 65 1.675700e+01 2.780000e+00 2167 -3.612800e+03 0
-7.093800e-02 1.128300e-01 -1.565700e-01 0 5 65 1.517300e+01 2.780000e+00 -3.043100e+03 7.589200e+03 0
-1.585200e-01 1.860400e-01 -1.608400e-01 0 8 65 1.429800e+01 2.780000e+00 -1.093400e+03 2.922500e+03 0
-2.008100e-01 1.914200e-01 -1.611500e-01 0 9 65 1.365200e+01 2.780000e+00 -1.212100e+03 2.783700e+03 0
-2.480100e-01 1.866400e-01 -1.608800e-01 0 10 65 1.362800e+01 2.780000e+00 -1.510600e+03 2.846100e+03 0
-2.619200e-01 2.229200e-01 -1.629900e-01 0 11 65 1.306800e+01 2.780000e+00 -1.053100e+03 2.275500e+03 0
-2.881200e-01 2.325400e-01 -1.635500e-01 0 12 65 1.262900e+01 2.780000e+00 -1.043100e+03 2158 0
-3.044900e-01 2.826300e-01 -1.664700e-01 0 13 65 1.189600e+01 2.780000e+00 -6.887500e+02 1.750500e+03 0
-3.050300e-01 3.105100e-01 -1.680900e-01 0 14 65 1.152200e+01 2.780000e+00 -5.338500e+02 1.597500e+03 0
-1.184100e-01 3.803000e-01 -1.721600e-01 0 15 65 1.129400e+01 2.780000e+00 1.000200e+02 1.352800e+03 0
3.609700e-01 3.487200e-01 -1.703200e-01 0 28 65 1.309600e+01 2.780000e+00 1.152900e+03 1.529100e+03 0
6.799100e-01 6.389800e-01 -1.872300e-01 0 29 65 1.465900e+01 2.780000e+00 1.290300e+03 9.465700e+02 0
6.725500e-01 7.371800e-01 -1.929600e-01 0 30 65 1.558700e+01 2.780000e+00 1.191300e+03 8.621600e+02 0
6.711800e-01 8.044700e-01 -1.968800e-01 0 31 65 1.574300e+01 2.780000e+00 1.142800e+03 8.179500e+02 0
6.766400e-01 8.320200e-01 -1.984800e-01 0 32 65 1.519700e+01 2.780000e+00 1.130800e+03 8.023100e+02 0
6.722700e-01 8.716300e-01 -2.007900e-01 0 33 65 1.363900e+01 2.780000e+00 1.104800e+03 7.815300e+02 0
7.606700e-01 8.759800e-01 -2.010400e-01 0 35 65 1.131800e+01 2.780000e+00 1.176500e+03 7.810400e+02 0
-8.307900e-01 8.958900e-01 -2.022000e-01 0 36 65 1.181600e+01 2.780000e+00 -5.607100e+01 7.448300e+02 0
-8.545300e-01 9.027700e-01 -2.026000e-01 0 37 65 1.222900e+01 2.780000e+00 -6.695700e+01 7.416700e+02 0
-8.782700e-01 9.024000e-01 -2.025800e-01 0 38 65 1.184200e+01 2.780000e+00 -8.418100e+01 7.414500e+02 0
-9.020000e-01 9.183600e-01 -2.035100e-01 0 39 65 1.049800e+01 2.780000e+00 -8.653400e+01 7.348100e+02 0
0 0 -1.500000e-01 3.204100e-02 1 66 1.573300e+01 2.780000e+00 2167 -3.612800e+03 0
-7.202900e-02 1.126700e-01 -1.565700e-01 3.204100e-02 5 66 1.416300e+01 2.780000e+00 -3.070900e+03 7.610100e+03 0
-1.585200e-01 1.859600e-01 -1.608400e-01 3.204100e-02 8 66 1.329000e+01 2.780000e+00 -1.094500e+03 2.924100e+03 0
-2.008100e-01 1.918000e-01 -1.611800e-01 3.204100e-02 9 66 1.266700e+01 2.780000e+00 -1.206300e+03 2.776500e+03 0
-2.480100e-01 1.873500e-01 -1.609200e-01 3.204100e-02 10 66 1.262900e+01 2.780000e+00 -1.497700e+03 2.831800e+03 0
-2.619200e-01 2.240400e-01 -1.630500e-01 3.204100e-02 11 66 1.215800e+01 2.780000e+00 -1.040800e+03 2.262200e+03 0
-2.881200e-01 2.353400e-01 -1.637100e-01 3.204100e-02 12 66 1.175500e+01 2.780000e+00 -1.014600e+03 2.129200e+03 0
-3.044900e-01 2.833100e-01 -1.665100e-01 3.204100e-02 13 66 1.105400e+01 2.780000e+00 -6.844500e+02 1.746300e+03 0
-3.014900e-01 3.083100e-01 -1.679700e-01 3.204100e-02 14 66 1.043100e+01 2.780000e+00 -5.362600e+02 1.608900e+03 0
-1.222300e-01 2.351900e-01 -1.637000e-01 3.204100e-02 15 66 1.035700e+01 2.780000e+00 -4.355400e+02 2.190700e+03 0
3.609700e-01 3.724500e-01 -1.717000e-01 3.204100e-02 28 66 1.209900e+01 2.780000e+00 1.114900e+03 1.435300e+03 0
6.799100e-01 6.356100e-01 -1.870400e-01 3.204100e-02 29 66 1.367200e+01 2.780000e+00 1294 9.500100e+02 0
6.725500e-01 7.346100e-01 -1.928100e-01 3.204100e-02 30 66 1.460300e+01 2.780000e+00 1.193400e+03 8.640400e+02 0
6.711800e-01 8.044600e-01 -1.968800e-01 3.204100e-02 31 66 1.476200e+01 2.780000e+00 1.142800e+03 8.179600e+02 0
6.766400e-01 8.333000e-01 -1.985600e-01 3.204100e-02 32 66 1.422600e+01 2.780000e+00 1.130100e+03 8.016100e+02 0
6.722700e-01 8.715000e-01 -2.007800e-01 3.204100e-02 33 66 1.271200e+01 2.780000e+00 1.104900e+03 7.816000e+02 0
7.606700e-01 8.891200e-01 -2.018100e-01 3.204100e-02 35 66 1.020400e+01 2.780000e+00 1.168500e+03 7.746500e+02 0
-8.307900e-01 8.961100e-01 -2.022200e-01 3.204100e-02 36 66 1.070200e+01 2.780000e+00 -5.587500e+01 7.447400e+02 0
-8.545300e-01 8.994300e-01 -2.024100e-01 3.204100e-02 37 66 1.110400e+01 2.780000e+00 -6.993900e+01 7.430200e+02 0
-8.782700e-01 8.919000e-01 -2.019700e-01 3.204100e-02 38 66 1.075900e+01 2.780000e+00 -9.382100e+01 7.457200e+02 0
-8.916400e-01 8.423800e-01 -1.990900e-01 3.204100e-02 39 66 9.864500e+00 2.780000e+00 -1.529000e+02 7.671000e+02 0
0 0 -1.500000e-01 6.408200e-02 1 67 9.829000e+00 2.780000e+00 2167 -3.612800e+03 0
-1.555200e-02 1.092400e-02 -1.506400e-01 6.408200e-02 2 67 9.838000e+00 2.780000e+00 2.594800e+03 -4.346400e+03 0
6.417200e-01 5.690100e-01 -1.831600e-01 6.408200e-02 29 67 9.768700e+00 2.780000e+00 1.325500e+03 1.026100e+03 0
6.567200e-01 7.089600e-01 -1.913100e-01 6.408200e-02 30 67 1.065300e+01 2.780000e+00 1.197400e+03 8.831100e+02 0
6.711800e-01 7.994300e-01 -1.965800e-01 6.408200e-02 31 67 1.085100e+01 2.780000e+00 1146 8.209700e+02 0
6.766400e-01 8.432800e-01 -1.991400e-01 6.408200e-02 32 67 1.043500e+01 2.780000e+00 1.124200e+03 7.962000e+02 0
6.493600e-01 5.364100e-01 -1.812600e-01 9.612300e-02 29 68 9.638200e+00 2.780000e+00 1.383600e+03 1073 0
6.646300e-01 6.913300e-01 -1.902800e-01 9.612300e-02 30 68 1.052400e+01 2.780000e+00 1221 8.977400e+02 0
6.711800e-01 7.932300e-01 -1.962200e-01 9.612300e-02 31 68 1.071500e+01 2.780000e+00 1.150100e+03 8.247400e+02 0
6.851000e-01 8.381400e-01 -1.988400e-01 9.612300e-02 32 68 1.031600e+01 2.780000e+00 1.134600e+03 7.991400e+02 0
2.701100e-01 1.897000e+00 -2.605400e-01 -8.971500e-01 56 37 9.760000e+00 2.780000e+00 7.285200e+02 5.611500e+02 0
3.361400e-01 1.926100e+00 -2.622300e-01 -8.971500e-01 57 37 1.050300e+01 2.780000e+00 7.508200e+02 5.588200e+02 0
3.576900e-01 1.956800e+00 -2.640200e-01 -8.971500e-01 58 37 1.015400e+01 2.780000e+00 7.572300e+02 5.562500e+02 0
2.750200e-01 1.934000e+00 -2.626900e-01 -8.651100e-01 57 38 1.002000e+01 2.780000e+00 7.295100e+02 5.579000e+02 0
2.799300e-01 1.961100e+00 -2.642700e-01 -8.651100e-01 58 38 9.773900e+00 2.780000e+00 7.306700e+02 5.556000e+02 0
9.876700e-01 6.225600e+00 -5.127600e-01 -8.330700e-01 182 39 1.078500e+01 2.780000e+00 7.787400e+02 4.461200e+02 1
8.938200e-01 6.242500e+00 -5.137500e-01 -8.330700e-01 183 39 1.069400e+01 2.780000e+00 7.687400e+02 4.459300e+02 1
1.031300e+00 6.195200e+00 -5.110000e-01 -8.010300e-01 181 40 1.047400e+01 2.780000e+00 7.837400e+02 4.463900e+02 1
8.889100e-01 6.251300e+00 -5.142600e-01 -8.010300e-01 182 40 1.154400e+01 2.780000e+00 7.681200e+02 4.458600e+02 1
8.938200e-01 6.265200e+00 -5.150700e-01 -8.010300e-01 183 40 1.155200e+01 2.780000e+00 7.684600e+02 4.457600e+02 1
9.486600e-01 6.204300e+00 -5.115200e-01 -8.010300e-01 184 40 1.024800e+01 2.780000e+00 7.749500e+02 4.462700e+02 1
9.876700e-01 6.242500e+00 -5.137500e-01 -7.689800e-01 182 41 1.036800e+01 2.780000e+00 7.785100e+02 4.459900e+02 1
9.931300e-01 6.267100e+00 -5.151900e-01 -7.689800e-01 183 41 1.037400e+01 2.780000e+00 7.787300e+02 4.457900e+02 1
6.182500e-01 3.212500e+00 -3.371900e-01 -6.728600e-01 104 44 9.999400e+00 2.780000e+00 7.850500e+02 4.928400e+02 0
2.064000e+00 2.123100e+00 -2.737100e-01 -6.087800e-01 86 46 1.079000e+01 2.780000e+00 1.301800e+03 5.489400e+02 0
2.064800e+00 2.176400e+00 -2.768200e-01 -6.087800e-01 87 46 1.160400e+01 2.780000e+00 1.286100e+03 5.449800e+02 0
2.088800e+00 2.200000e+00 -2.782000e-01 -6.087800e-01 88 46 1.120500e+01 2.780000e+00 1.286900e+03 5.433500e+02 0
2.282600e+00 2.082800e+00 -2.713600e-01 -6.087800e-01 90 46 1.070100e+01 2.780000e+00 1.388700e+03 5.528700e+02 0
2.210000e+00 2.226400e+00 -2.797300e-01 -6.087800e-01 91 46 1.143000e+01 2.780000e+00 1.317600e+03 5.418800e+02 0
2.135200e+00 2.353800e+00 -2.871600e-01 -6.087800e-01 92 46 1.152300e+01 2.780000e+00 1.259400e+03 5.333300e+02 1
2.083400e+00 2.445200e+00 -2.924800e-01 -6.087800e-01 93 46 1.065500e+01 2.780000e+00 1.222200e+03 5.277900e+02 1
1.833500e+00 2.182100e+00 -2.771500e-01 -5.767400e-01 85 47 1.007400e+01 2.780000e+00 1.210300e+03 5.438100e+02 1
2.017600e+00 2.173500e+00 -2.766500e-01 -5.767400e-01 86 47 1.161900e+01 2.780000e+00 1.271700e+03 5.450300e+02 1
2.041400e+00 2.201000e+00 -2.782500e-01 -5.767400e-01 87 47 1.241800e+01 2.780000e+00 1.271500e+03 5.431300e+02 1
2.041400e+00 2.241700e+00 -2.806200e-01 -5.767400e-01 88 47 1.204600e+01 2.780000e+00 1.260300e+03 5.403100e+02 1
2.258300e+00 2.104800e+00 -2.726400e-01 -5.767400e-01 90 47 1.120500e+01 2.780000e+00 1.372700e+03 5.510400e+02 0
2.185400e+00 2.256700e+00 -2.815000e-01 -5.767400e-01 91 47 1.196900e+01 2.780000e+00 1301 5.397300e+02 0
2.135200e+00 2.349700e+00 -2.869200e-01 -5.767400e-01 92 47 1.203500e+01 2.780000e+00 1.260500e+03 5.335800e+02 1
2.108500e+00 2.379800e+00 -2.886700e-01 -5.767400e-01 93 47 1.120600e+01 2.780000e+00 1245 5.316700e+02 1
1.948100e+00 2.237400e+00 -2.803700e-01 -5.447000e-01 86 48 1.068700e+01 2.780000e+00 1.232400e+03 5.403100e+02 1
2.017900e+00 2.224100e+00 -2.796000e-01 -5.447000e-01 87 48 1.132200e+01 2.780000e+00 1.257800e+03 5.414400e+02 1
2.017600e+00 2.270200e+00 -2.822900e-01 -5.447000e-01 88 48 1.099200e+01 2.780000e+00 1.245500e+03 5.383200e+02 1
2.185400e+00 2.254200e+00 -2.813500e-01 -5.447000e-01 91 48 1.036900e+01 2.780000e+00 1.301700e+03 5.399000e+02 0
2.110400e+00 2.346900e+00 -2.867600e-01 -5.447000e-01 92 48 1.042600e+01 2.780000e+00 1.253800e+03 5.336800e+02 1
2.083400e+00 2.238900e+00 -2.804600e-01 -5.447000e-01 93 48 9.853800e+00 2.780000e+00 1.274200e+03 5.406300e+02 1
0 0 -1.500000e-01 -9.612300e-02 1 62 1.053700e+01 2.780000e+00 2167 -3.612800e+03 0
6.722700e-01 6.338400e-01 -1.869300e-01 -9.612300e-02 29 62 9.400300e+00 2.780000e+00 1.286700e+03 9.515400e+02 0
6.725500e-01 7.239300e-01 -1.921800e-01 -9.612300e-02 30 62 1.043100e+01 2.780000e+00 1.201900e+03 8.719800e+02 0
6.793700e-01 7.953000e-01 -1.963400e-01 -9.612300e-02 31 62 1.057100e+01 2.780000e+00 1.156300e+03 8.236600e+02 0
6.851000e-01 8.307800e-01 -1.984100e-01 -9.612300e-02 32 62 1.001200e+01 2.780000e+00 1.139100e+03 8.031700e+02 0
0 0 -1.500000e-01 -6.408200e-02 1 63 1.009200e+01 2.780000e+00 2167 -3.612800e+03 0
-3.001200e-03 3.478700e-02 -1.520300e-01 -6.408200e-02 2 63 9.545700e+00 2.780000e+00 3.530800e+03 -7.192100e+03 0
6.875500e-01 6.255700e-01 -1.864500e-01 -6.408200e-02 29 63 9.918200e+00 2.780000e+00 1.314900e+03 9.608000e+02 0
6.804600e-01 7.216100e-01 -1.920500e-01 -6.408200e-02 30 63 1.072800e+01 2.780000e+00 1212 8.739600e+02 0
6.793700e-01 7.952200e-01 -1.963400e-01 -6.408200e-02 31 63 1.095800e+01 2.780000e+00 1.156400e+03 8.237100e+02 0
6.766400e-01 8.432400e-01 -1.991400e-01 -6.408200e-02 32 63 1.066400e+01 2.780000e+00 1.124300e+03 7.962300e+02 0
6.897400e-01 8.631800e-01 -2.003000e-01 -6.408200e-02 33 63 1.001500e+01 2.780000e+00 1.124200e+03 7.861000e+02 0
0 0 -1.500000e-01 -3.204100e-02 1 64 1.575000e+01 2.780000e+00 2167 -3.612800e+03 0
-7.093800e-02 1.120000e-01 -1.565300e-01 -3.204100e-02 5 64 1.414600e+01 2.780000e+00 -3.120300e+03 7.737800e+03 0
-1.585200e-01 1.860600e-01 -1.608400e-01 -3.204100e-02 8 64 1.326100e+01 2.780000e+00 -1.093100e+03 2.922100e+03 0
-2.008100e-01 1.915300e-01 -1.611600e-01 -3.204100e-02 9 64 1.262600e+01 2.780000e+00 -1.210500e+03 2.781700e+03 0
-2.480100e-01 1.861200e-01 -1.608500e-01 -3.204100e-02 10 64 1.259800e+01 2.780000e+00 -1.520100e+03 2.856600e+03 0
-2.619200e-01 2.222200e-01 -1.629500e-01 -3.204100e-02 11 64 1.207500e+01 2.780000e+00 -1.060900e+03 2.283800e+03 0
-2.881200e-01 2.291300e-01 -1.633500e-01 -3.204100e-02 12 64 1.151000e+01 2.780000e+00 -1079 2.194400e+03 0
-3.012100e-01 2.846600e-01 -1.665900e-01 -3.204100e-02 13 64 1.083700e+01 2.780000e+00 -6.673100e+02 1.738800e+03 0
-3.014900e-01 3.153100e-01 -1.683700e-01 -3.204100e-02 14 64 1.068400e+01 2.780000e+00 -5.020200e+02 1.575200e+03 0
-4.163500e-01 2.204400e-01 -1.628500e-01 -3.204100e-02 15 64 1.036900e+01 2.780000e+00 -1.635900e+03 2.242300e+03 0
3.609700e-01 2.961300e-01 -1.672600e-01 -3.204100e-02 28 64 1.199600e+01 2.780000e+00 1.267800e+03 1.812400e+03 0
6.799100e-01 6.434000e-01 -1.874900e-01 -3.204100e-02 29 64 1.359500e+01 2.780000e+00 1.285500e+03 9.421300e+02 0
6.725500e-01 7.401400e-01 -1.931300e-01 -3.204100e-02 30 64 1.451800e+01 2.780000e+00 1.189100e+03 8.600200e+02 0
6.793700e-01 7.973800e-01 -1.964600e-01 -3.204100e-02 31 64 1.467700e+01 2.780000e+00 1155 8.223900e+02 0
6.766400e-01 8.294900e-01 -1.983300e-01 -3.204100e-02 32 64 1.413500e+01 2.780000e+00 1.132300e+03 8.037100e+02 0
6.722700e-01 8.646000e-01 -2.003800e-01 -3.204100e-02 33 64 1.258000e+01 2.780000e+00 1.108600e+03 7.850500e+02 0
7.699500e-01 8.883500e-01 -2.017600e-01 -3.204100e-02 35 64 1.045800e+01 2.780000e+00 1.176600e+03 7.751900e+02 0
-8.307900e-01 8.954500e-01 -2.021800e-01 -3.204100e-02 36 64 1.082800e+01 2.780000e+00 -5.645700e+01 7.450100e+02 0
-8.643500e-01 8.979600e-01 -2.023200e-01 -3.204100e-02 37 64 1.128900e+01 2.780000e+00 -7.828100e+01 7.434600e+02 0
-8.984600e-01 8.958200e-01 -2.022000e-01 -3.204100e-02 38 64 1.089700e+01 2.780000e+00 -1.046400e+02 7.438000e+02 0
