0 0 -1.500000e-01 0 1 65 1.674600e+01 1.960000e+00 2167 -3.612800e+03 0
-7.093800e-02 1.129900e-01 -1.546400e-01 0 5 65 1.517400e+01 1.960000e+00 -3.022200e+03 7.519300e+03 0
-1.585200e-01 1.859000e-01 -1.576300e-01 0 8 65 1.431300e+01 1.960000e+00 -1.093700e+03 2.905900e+03 0
-2.008100e-01 1.926400e-01 -1.579100e-01 0 9 65 1.364800e+01 1.960000e+00 -1.191700e+03 2.741600e+03 0
-2.480100e-01 1.869800e-01 -1.576800e-01 0 10 65 1.361400e+01 1.960000e+00 -1.502200e+03 2.820300e+03 0
-2.619200e-01 2.219400e-01 -1.591100e-01 0 11 65 1.309800e+01 1.960000e+00 -1.062400e+03 2.270300e+03 0
-2.881200e-01 2.331100e-01 -1.595700e-01 0 12 65 1.278200e+01 1.960000e+00 -1.035700e+03 2.135800e+03 0
-3.044900e-01 2.818700e-01 -1.615800e-01 0 13 65 1.210700e+01 1.960000e+00 -6.924500e+02 1.740300e+03 0
-3.014900e-01 3.063800e-01 -1.625800e-01 0 14 65 1.136200e+01 1.960000e+00 -5.451200e+02 1.604200e+03 0
-1.184100e-01 3.779000e-01 -1.655200e-01 0 15 65 1.118700e+01 1.960000e+00 9.575100e+01 1.346400e+03 0
3.609700e-01 3.182100e-01 -1.630700e-01 0 28 65 1.311300e+01 1.960000e+00 1.212500e+03 1.662200e+03 0
6.722700e-01 6.433700e-01 -1.764200e-01 0 29 65 1.467700e+01 1.960000e+00 1.275700e+03 9.290300e+02 0
6.725500e-01 7.365300e-01 -1.802500e-01 0 30 65 1.562900e+01 1.960000e+00 1.191300e+03 8.501400e+02 0
6.711800e-01 8.044700e-01 -1.830400e-01 0 31 65 1.579500e+01 1.960000e+00 1.142300e+03 8.056500e+02 0
6.766400e-01 8.324900e-01 -1.841900e-01 0 32 65 1.524300e+01 1.960000e+00 1130 7.898200e+02 0
6.810000e-01 8.701600e-01 -1.857300e-01 0 33 65 1.366200e+01 1.960000e+00 1.112400e+03 7.702700e+02 0
7.792300e-01 8.593000e-01 -1.852900e-01 0 35 65 1.085200e+01 1.960000e+00 1.202400e+03 7.775900e+02 0
-8.403400e-01 8.731900e-01 -1.858600e-01 0 36 65 1.173600e+01 1.960000e+00 -8.326400e+01 7.428300e+02 0
-8.643500e-01 8.705700e-01 -1.857500e-01 0 37 65 1.217900e+01 1.960000e+00 -1.034500e+02 7.435700e+02 0
-8.883600e-01 8.570500e-01 -1.852000e-01 0 38 65 1.183100e+01 1.960000e+00 -1.346900e+02 7.491100e+02 0
-9.123700e-01 8.627000e-01 -1.854300e-01 0 39 65 1.053400e+01 1.960000e+00 -1.467900e+02 7.462200e+02 0
0 0 -1.500000e-01 3.204100e-02 1 66 1.573200e+01 1.960000e+00 2167 -3.612800e+03 0
-7.202900e-02 1.122700e-01 -1.546100e-01 3.204100e-02 5 66 1.416300e+01 1.960000e+00 -3.101100e+03 7.638100e+03 0
-1.585200e-01 1.858600e-01 -1.576300e-01 3.204100e-02 8 66 1.329800e+01 1.960000e+00 -1.094300e+03 2.906800e+03 0
-2.008100e-01 1.927800e-01 -1.579200e-01 3.204100e-02 9 66 1.260700e+01 1.960000e+00 -1.189600e+03 2.739100e+03 0
-2.480100e-01 1.867900e-01 -1.576700e-01 3.204100e-02 10 66 1.257200e+01 1.960000e+00 -1.505600e+03 2.824100e+03 0
-2.619200e-01 2.211200e-01 -1.590800e-01 3.204100e-02 11 66 1.207300e+01 1.960000e+00 -1.071700e+03 2.280300e+03 0
-2.881200e-01 2.319700e-01 -1.595300e-01 3.204100e-02 12 66 1.171600e+01 1.960000e+00 -1.047500e+03 2.147700e+03 0
-3.077600e-01 2.792100e-01 -1.614700e-01 3.204100e-02 13 66 1.104800e+01 1.960000e+00 -7.185400e+02 1.756400e+03 0
-4.201700e-01 2.324800e-01 -1.595500e-01 3.204100e-02 15 66 1.036700e+01 1.960000e+00 -1.483800e+03 2.096300e+03 0
3.609700e-01 3.660500e-01 -1.650300e-01 3.204100e-02 28 66 1.212800e+01 1.960000e+00 1.123900e+03 1.444300e+03 0
6.799100e-01 6.338400e-01 -1.760300e-01 3.204100e-02 29 66 1.366000e+01 1.960000e+00 1.295300e+03 9.389400e+02 0
6.725500e-01 7.352200e-01 -1.801900e-01 3.204100e-02 30 66 1.460600e+01 1.960000e+00 1.192300e+03 8.510800e+02 0
6.711800e-01 8.044700e-01 -1.830400e-01 3.204100e-02 31 66 1.477500e+01 1.960000e+00 1.142300e+03 8.056500e+02 0
6.766400e-01 8.335400e-01 -1.842300e-01 3.204100e-02 32 66 1.423800e+01 1.960000e+00 1.129400e+03 7.892400e+02 0
6.810000e-01 8.680200e-01 -1.856500e-01 3.204100e-02 33 66 1.271800e+01 1.960000e+00 1.113600e+03 7.713400e+02 0
-8.307900e-01 8.719600e-01 -1.858100e-01 3.204100e-02 36 66 1.067500e+01 1.960000e+00 -7.737500e+01 7.435100e+02 0
-8.545300e-01 8.733800e-01 -1.858700e-01 3.204100e-02 37 66 1.116900e+01 1.960000e+00 -9.352500e+01 7.425200e+02 0
-8.782700e-01 8.729100e-01 -1.858500e-01 3.204100e-02 38 66 1.085900e+01 1.960000e+00 -1.114300e+02 7.423400e+02 0
-8.812700e-01 9.287800e-01 -1.881400e-01 3.204100e-02 39 66 9.777900e+00 1.960000e+00 -6.262000e+01 7.198300e+02 0
0 0 -1.500000e-01 6.408200e-02 1 67 9.974400e+00 1.960000e+00 2167 -3.612800e+03 0
1.664300e-02 1.376500e-02 -1.505700e-01 6.408200e-02 2 67 9.646000e+00 1.960000e+00 2.313400e+03 -4.483300e+03 0
3.246800e+00 7.643700e+00 -4.639000e-01 -7.049000e-01 239 43 1.049300e+01 1.960000e+00 9.556700e+02 4.270500e+02 1
2.956500e+00 3.375800e+00 -2.886300e-01 -5.767400e-01 130 47 1.083700e+01 1.960000e+00 1.246300e+03 4.803800e+02 1
2.979400e+00 3.386200e+00 -2.890600e-01 -5.767400e-01 131 47 1.023500e+01 1.960000e+00 1.249200e+03 4.801100e+02 1
2.989200e+00 3.508200e+00 -2.940700e-01 -5.767400e-01 133 47 1.066800e+01 1.960000e+00 1.230800e+03 4.767100e+02 1
3.217300e+00 3.392100e+00 -2.893000e-01 -5.767400e-01 135 47 1.061000e+01 1.960000e+00 1.296600e+03 4.802600e+02 0
3.167700e+00 3.463300e+00 -2.922300e-01 -5.767400e-01 136 47 1.042900e+01 1.960000e+00 1.273600e+03 4.781700e+02 1
-8.250600e-01 1.054900e+00 -1.933200e-01 -5.447000e-01 43 48 1.000300e+01 1.960000e+00 6.596700e+01 6.788900e+02 0
2.933600e+00 3.343200e+00 -2.872900e-01 -5.447000e-01 129 48 9.913300e+00 1.960000e+00 1.247200e+03 4.813100e+02 1
2.956500e+00 3.358000e+00 -2.879000e-01 -5.447000e-01 130 48 1.080000e+01 1.960000e+00 1.249400e+03 4.809000e+02 1
3.014900e+00 3.345400e+00 -2.873800e-01 -5.447000e-01 131 48 1.045100e+01 1.960000e+00 1.263600e+03 4.813600e+02 1
2.930800e+00 3.487600e+00 -2.932200e-01 -5.447000e-01 132 48 10 1.960000e+00 1.222600e+03 4.771900e+02 1
2.953200e+00 3.539100e+00 -2.953400e-01 -5.447000e-01 133 48 1.064300e+01 1.960000e+00 1.218800e+03 4.758400e+02 1
3.048100e+00 3.502600e+00 -2.938400e-01 -5.447000e-01 134 48 1.041100e+01 1.960000e+00 1.243300e+03 4.769400e+02 1
3.180700e+00 3.429600e+00 -2.908400e-01 -5.447000e-01 135 48 1.044700e+01 1.960000e+00 1.282300e+03 4.791400e+02 0
0 0 -1.500000e-01 -6.408200e-02 1 63 1.036500e+01 1.960000e+00 2167 -3.612800e+03 0
-1.091400e-03 3.490600e-02 -1.514300e-01 -6.408200e-02 2 63 9.767800e+00 1.960000e+00 3.505600e+03 -7.198200e+03 0
0 0 -1.500000e-01 -3.204100e-02 1 64 1.573300e+01 1.960000e+00 2167 -3.612800e+03 0
-7.093800e-02 1.127600e-01 -1.546300e-01 -3.204100e-02 5 64 1.414700e+01 1.960000e+00 -3.042600e+03 7.558500e+03 0
-1.585200e-01 1.857400e-01 -1.576300e-01 -3.204100e-02 8 64 1.329800e+01 1.960000e+00 -1.096100e+03 2.909400e+03 0
-1.986300e-01 1.958700e-01 -1.580400e-01 -3.204100e-02 9 64 1.262600e+01 1.960000e+00 -1.134700e+03 2.683900e+03 0
-2.480100e-01 1.874500e-01 -1.577000e-01 -3.204100e-02 10 64 1.259700e+01 1.960000e+00 -1.493800e+03 2811 0
-2.619200e-01 2.218500e-01 -1.591100e-01 -3.204100e-02 11 64 1.212400e+01 1.960000e+00 -1.063500e+03 2.271500e+03 0
-2.881200e-01 2.317100e-01 -1.595200e-01 -3.204100e-02 12 64 1.177500e+01 1.960000e+00 -1.050200e+03 2.150400e+03 0
-3.044900e-01 2.797300e-01 -1.614900e-01 -3.204100e-02 13 64 1.111600e+01 1.960000e+00 -7.061800e+02 1.753700e+03 0
-4.291700e-01 7.937500e-02 -1.532600e-01 -3.204100e-02 14 64 1.036500e+01 1.960000e+00 -18560 15275 0
3.683300e-01 2.331900e-01 -1.595800e-01 -3.204100e-02 28 64 1.202300e+01 1.960000e+00 1.545400e+03 2.402300e+03 0
6.722700e-01 6.475400e-01 -1.765900e-01 -3.204100e-02 29 64 1.366300e+01 1.960000e+00 1.271300e+03 9.249400e+02 0
6.725500e-01 7.377900e-01 -1.803000e-01 -3.204100e-02 30 64 1.461500e+01 1.960000e+00 1.190300e+03 8.492200e+02 0
6.711800e-01 8.044300e-01 -1.830300e-01 -3.204100e-02 31 64 1.476600e+01 1.960000e+00 1.142300e+03 8.056700e+02 0
6.766400e-01 8.314500e-01 -1.841400e-01 -3.204100e-02 32 64 1.417600e+01 1.960000e+00 1.130600e+03 7.903900e+02 0
6.810000e-01 8.734600e-01 -1.858700e-01 -3.204100e-02 33 64 1.245800e+01 1.960000e+00 1.110700e+03 7.686500e+02 0
7.514000e-01 8.598900e-01 -1.853100e-01 -3.204100e-02 35 64 1.019600e+01 1.960000e+00 1.178200e+03 7.767600e+02 0
-8.594400e-01 8.627800e-01 -1.854300e-01 -3.204100e-02 36 64 1.070600e+01 1.960000e+00 -1.073900e+02 7.470500e+02 0
-8.741700e-01 8.739400e-01 -1.858900e-01 -3.204100e-02 37 64 1.112500e+01 1.960000e+00 -1.074200e+02 7.419600e+02 0
-8.883600e-01 8.774400e-01 -1.860300e-01 -3.204100e-02 38 64 1.080400e+01 1.960000e+00 -1.144200e+02 7.402500e+02 0
