0 0 -1.500000e-01 0 1 65 1.677800e+01 1.950000e+00 2167 -3.612800e+03 0
-7.093800e-02 1.131900e-01 -1.546200e-01 0 5 65 1.516300e+01 1.950000e+00 -3.003800e+03 7.483700e+03 0
-1.585200e-01 1.860800e-01 -1.576000e-01 0 8 65 1.434100e+01 1.950000e+00 -1.090900e+03 2.901900e+03 0
-2.008100e-01 1.915100e-01 -1.578200e-01 0 9 65 1.367300e+01 1.950000e+00 -1.208800e+03 2.762800e+03 0
-2.480100e-01 1.875400e-01 -1.576600e-01 0 10 65 1.363000e+01 1.950000e+00 -1.492100e+03 2809 0
-2.619200e-01 2.237100e-01 -1.591400e-01 0 11 65 1.312100e+01 1.950000e+00 -1.042700e+03 2.249100e+03 0
-2.851200e-01 2.376000e-01 -1.597100e-01 0 12 65 1.272000e+01 1.950000e+00 -9.808400e+02 2.091300e+03 0
-3.044900e-01 2.818600e-01 -1.615200e-01 0 13 65 1.197200e+01 1.950000e+00 -6.925400e+02 1.740200e+03 0
-3.050300e-01 3.073900e-01 -1.625600e-01 0 14 65 1.140200e+01 1.950000e+00 -5.486200e+02 1.598300e+03 0
-1.222300e-01 3.345600e-01 -1.636700e-01 0 15 65 1.128700e+01 1.950000e+00 -1.102500e+01 1.502900e+03 0
3.609700e-01 3.116300e-01 -1.627300e-01 0 28 65 1.306800e+01 1.950000e+00 1.227600e+03 1.699100e+03 0
6.799100e-01 6.368000e-01 -1.760200e-01 0 29 65 1.464600e+01 1.950000e+00 1292 9.357500e+02 0
6.725500e-01 7.356700e-01 -1.800600e-01 0 30 65 1.561300e+01 1.950000e+00 1.191900e+03 8.506000e+02 0
6.793700e-01 7.975200e-01 -1.825800e-01 0 31 65 1.578500e+01 1.950000e+00 1.154300e+03 8.098300e+02 0
6.766400e-01 8.296800e-01 -1.839000e-01 0 32 65 1.526000e+01 1.950000e+00 1.131700e+03 7.912100e+02 0
6.810000e-01 8.678100e-01 -1.854600e-01 0 33 65 1.371800e+01 1.950000e+00 1.113700e+03 7.712900e+02 0
7.050100e-01 8.844400e-01 -1.861400e-01 0 35 65 1.103100e+01 1.950000e+00 1.124600e+03 7.636000e+02 0
-7.926000e-01 9.184300e-01 -1.875200e-01 0 36 65 1.170000e+01 1.950000e+00 -9.498600e+00 7.249300e+02 0
-8.054200e-01 9.244000e-01 -1.877700e-01 0 37 65 1.209900e+01 1.950000e+00 -1.365500e+01 7.224400e+02 0
-8.378900e-01 9.260700e-01 -1.878400e-01 0 38 65 1.177900e+01 1.950000e+00 -3.487500e+01 7.213400e+02 0
-8.501600e-01 9.763100e-01 -1.898900e-01 0 39 65 1.066600e+01 1.950000e+00 -3.611700e+00 7.031100e+02 0
0 0 -1.500000e-01 3.204100e-02 1 66 1.576100e+01 1.950000e+00 2167 -3.612800e+03 0
-7.093800e-02 1.137800e-01 -1.546500e-01 3.204100e-02 5 66 1.415800e+01 1.950000e+00 -2.952500e+03 7.385300e+03 0
-1.585200e-01 1.860700e-01 -1.576000e-01 3.204100e-02 8 66 1.333200e+01 1.950000e+00 -1.091100e+03 2.902100e+03 0
-1.986300e-01 1.943000e-01 -1.579400e-01 3.204100e-02 9 66 1.269000e+01 1.950000e+00 -1.157100e+03 2.711900e+03 0
-2.480100e-01 1.887700e-01 -1.577100e-01 3.204100e-02 10 66 1.262500e+01 1.950000e+00 -1.470300e+03 2.784700e+03 0
-2.619200e-01 2.256600e-01 -1.592200e-01 3.204100e-02 11 66 1.214300e+01 1.950000e+00 -1.021800e+03 2.226500e+03 0
-2.881200e-01 2.373400e-01 -1.597000e-01 3.204100e-02 12 66 1.175800e+01 1.950000e+00 -9.933900e+02 2.092800e+03 0
-3.077600e-01 2.794200e-01 -1.614200e-01 3.204100e-02 13 66 1.102600e+01 1.950000e+00 -7.171500e+02 1.754800e+03 0
-1.222300e-01 3.502900e-01 -1.643100e-01 3.204100e-02 15 66 1.032000e+01 1.950000e+00 2.849900e+01 1.440300e+03 0
3.609700e-01 3.327500e-01 -1.635900e-01 3.204100e-02 28 66 1.211300e+01 1.950000e+00 1182 1.586800e+03 0
6.722700e-01 6.401300e-01 -1.761500e-01 3.204100e-02 29 66 1.365000e+01 1.950000e+00 1.279100e+03 9.321100e+02 0
6.725500e-01 7.349800e-01 -1.800300e-01 3.204100e-02 30 66 1.464700e+01 1.950000e+00 1.192500e+03 8.511100e+02 0
6.711800e-01 8.043100e-01 -1.828600e-01 3.204100e-02 31 66 1.484900e+01 1.950000e+00 1.142400e+03 8.055900e+02 0
6.766400e-01 8.281200e-01 -1.838300e-01 3.204100e-02 32 66 1.434700e+01 1.950000e+00 1.132600e+03 7.920700e+02 0
6.810000e-01 8.681400e-01 -1.854700e-01 3.204100e-02 33 66 1.283100e+01 1.950000e+00 1.113500e+03 7.711300e+02 0
6.864600e-01 8.692600e-01 -1.855100e-01 3.204100e-02 35 66 1.012800e+01 1.950000e+00 1.117500e+03 7.706700e+02 0
-7.926000e-01 9.182900e-01 -1.875200e-01 3.204100e-02 36 66 1.061200e+01 1.950000e+00 -9.611800e+00 7.249800e+02 0
-7.956000e-01 9.335700e-01 -1.881400e-01 3.204100e-02 37 66 1.125400e+01 1.950000e+00 4.470100e-01 7.191000e+02 0
-8.177000e-01 9.514100e-01 -1.888700e-01 3.204100e-02 38 66 1.115600e+01 1.950000e+00 -8.410000e-01 7.122500e+02 0
-8.398000e-01 9.930700e-01 -1.905700e-01 3.204100e-02 39 66 1.033800e+01 1.950000e+00 1.542600e+01 6.976400e+02 0
0 0 -1.500000e-01 6.408200e-02 1 67 1.046600e+01 1.950000e+00 2167 -3.612800e+03 0
-3.465000e-02 3.222800e-03 -1.501300e-01 6.408200e-02 2 67 9.965700e+00 1.950000e+00 2.576500e+03 -3.864200e+03 0
6.250700e-01 7.331100e-01 -1.799500e-01 6.408200e-02 30 67 9.528400e+00 1.950000e+00 1.145400e+03 8.512100e+02 0
6.466300e-01 6.722900e-01 -1.774700e-01 6.408200e-02 31 67 1.016900e+01 1.950000e+00 1.217400e+03 9.008300e+02 0
6.851000e-01 6.032700e-01 -1.746500e-01 6.408200e-02 32 67 9.666100e+00 1.950000e+00 1.338300e+03 9.723100e+02 0
-4.976600e-01 3.147500e-01 -1.628600e-01 6.408200e-02 33 67 9.047800e+00 1.950000e+00 -9.573300e+02 1.532300e+03 0
1.166400e+00 9.884400e+00 -5.538400e-01 -8.010300e-01 286 40 1.006100e+01 1.950000e+00 7.584500e+02 4.171300e+02 1
1.239800e+00 9.839600e+00 -5.520100e-01 -7.689800e-01 285 41 1.087800e+01 1.950000e+00 7.635600e+02 4.172900e+02 1
1.244100e+00 9.872100e+00 -5.533400e-01 -7.689800e-01 286 41 1.144600e+01 1.950000e+00 7.636100e+02 4.171800e+02 1
1.326500e+00 9.897500e+00 -5.543800e-01 -7.689800e-01 287 41 1.091500e+01 1.950000e+00 7.688000e+02 4.171300e+02 1
1.971000e+00 5.519100e+00 -3.754900e-01 -7.369400e-01 169 42 1.064100e+01 1.950000e+00 9.063200e+02 4.421600e+02 1
1.982700e+00 5.553000e+00 -3.768700e-01 -7.369400e-01 170 42 1.119400e+01 1.950000e+00 9.063900e+02 4.418200e+02 1
1.948100e+00 5.598700e+00 -3.787400e-01 -7.369400e-01 171 42 1.091000e+01 1.950000e+00 9.005300e+02 4.413400e+02 1
1.899000e+00 5.769300e+00 -3.857100e-01 -7.369400e-01 175 42 1.055800e+01 1.950000e+00 8.886600e+02 4.396600e+02 1
1.394700e+00 9.818100e+00 -5.511300e-01 -7.369400e-01 285 42 1.020900e+01 1.950000e+00 7.739000e+02 4.173900e+02 1
1.399700e+00 9.853400e+00 -5.525800e-01 -7.369400e-01 286 42 1.072800e+01 1.950000e+00 7.739300e+02 4.172800e+02 1
1.971000e+00 5.526000e+00 -3.757700e-01 -7.049000e-01 169 43 1.150800e+01 1.950000e+00 9.060500e+02 4.420900e+02 1
1.936600e+00 5.574900e+00 -3.777700e-01 -7.049000e-01 170 43 1.216100e+01 1.950000e+00 9.000800e+02 4.415700e+02 1
1.948100e+00 5.606100e+00 -3.790500e-01 -7.049000e-01 171 43 1.196800e+01 1.950000e+00 9.002500e+02 4.412600e+02 1
1.912900e+00 5.622200e+00 -3.797000e-01 -7.049000e-01 172 43 1.091800e+01 1.950000e+00 8.955200e+02 4.410800e+02 1
1.840800e+00 5.754400e+00 -3.851000e-01 -7.049000e-01 174 43 1.113100e+01 1.950000e+00 8.825400e+02 4.397600e+02 1
1.946400e+00 5.755500e+00 -3.851500e-01 -7.049000e-01 175 43 1.168200e+01 1.950000e+00 8.945700e+02 4.398100e+02 1
2.053100e+00 5.756300e+00 -3.851800e-01 -7.049000e-01 176 43 1.113700e+01 1.950000e+00 9.067400e+02 4.398600e+02 1
1.925100e+00 5.541800e+00 -3.764200e-01 -6.728600e-01 169 44 1.052200e+01 1.950000e+00 8.999800e+02 4.419000e+02 1
1.982700e+00 5.558900e+00 -3.771200e-01 -6.728600e-01 170 44 1.122500e+01 1.950000e+00 9.061500e+02 4.417600e+02 1
1.994400e+00 5.589300e+00 -3.783600e-01 -6.728600e-01 171 44 1.112100e+01 1.950000e+00 9.063500e+02 4.414600e+02 1
2.006200e+00 5.608300e+00 -3.791300e-01 -6.728600e-01 172 44 1.032200e+01 1.950000e+00 9.069900e+02 4.412800e+02 1
2.029600e+00 5.674300e+00 -3.818300e-01 -6.728600e-01 174 44 1.042500e+01 1.950000e+00 9.071700e+02 4.406400e+02 1
2.088800e+00 5.706300e+00 -3.831400e-01 -6.728600e-01 175 44 1.084200e+01 1.950000e+00 9.127800e+02 4.403600e+02 1
2.196300e+00 5.697000e+00 -3.827600e-01 -6.728600e-01 176 44 1.025900e+01 1.950000e+00 9.256000e+02 4.405100e+02 1
1.673000e+00 1.871900e+00 -2.264800e-01 -5.447000e-01 74 48 1.044400e+01 1.950000e+00 1.241500e+03 5.577100e+02 1
1.736300e+00 1.899600e+00 -2.276100e-01 -5.447000e-01 75 48 1.092900e+01 1.950000e+00 1.256300e+03 5.552700e+02 1
1.780300e+00 1.920700e+00 -2.284700e-01 -5.447000e-01 76 48 1.042600e+01 1.950000e+00 1.265800e+03 5.534600e+02 1
1.637800e+00 1.763300e+00 -2.220400e-01 -5.126600e-01 70 49 1.059700e+01 1.950000e+00 1.263800e+03 5.689100e+02 1
1.680700e+00 1.769500e+00 -2.223000e-01 -5.126600e-01 71 49 1.092600e+01 1.950000e+00 1.278800e+03 5.684200e+02 1
1.762800e+00 1.733900e+00 -2.208400e-01 -5.126600e-01 72 49 1.030900e+01 1.950000e+00 1.325400e+03 5.728400e+02 0
1.673000e+00 1.897800e+00 -2.275400e-01 -5.126600e-01 74 49 1.113700e+01 1.950000e+00 1.233500e+03 5.552000e+02 1
1.736300e+00 1.903000e+00 -2.277500e-01 -5.126600e-01 75 49 1.169200e+01 1.950000e+00 1.255300e+03 5.549500e+02 1
1.780300e+00 1.915100e+00 -2.282400e-01 -5.126600e-01 76 49 1.126000e+01 1.950000e+00 1.267600e+03 5.539800e+02 1
1.756500e+00 1.886000e+00 -2.270600e-01 -4.806200e-01 75 50 1.050800e+01 1.950000e+00 1.268200e+03 5.566600e+02 1
0 0 -1.500000e-01 -3.204100e-02 1 64 1.578500e+01 1.950000e+00 2167 -3.612800e+03 0
-7.093800e-02 1.127400e-01 -1.546100e-01 -3.204100e-02 5 64 1.414500e+01 1.950000e+00 -3.044200e+03 7.561200e+03 0
-1.585200e-01 1.860900e-01 -1.576000e-01 -3.204100e-02 8 64 1.332200e+01 1.950000e+00 -1.090700e+03 2.901500e+03 0
-2.008100e-01 1.916400e-01 -1.578300e-01 -3.204100e-02 9 64 1.263400e+01 1.950000e+00 -1.206800e+03 2.760400e+03 0
-2.480100e-01 1.872800e-01 -1.576500e-01 -3.204100e-02 10 64 1.261200e+01 1.950000e+00 -1.496800e+03 2.814200e+03 0
-2.619200e-01 2.229600e-01 -1.591100e-01 -3.204100e-02 11 64 1.215100e+01 1.950000e+00 -1051 2.257900e+03 0
-2.851200e-01 2.355900e-01 -1.596300e-01 -3.204100e-02 12 64 1.168400e+01 1.950000e+00 -1.000500e+03 2.111200e+03 0
-3.044900e-01 2.799100e-01 -1.614400e-01 -3.204100e-02 13 64 1.090900e+01 1.950000e+00 -7.050100e+02 1.752400e+03 0
-3.014900e-01 2.962700e-01 -1.621000e-01 -3.204100e-02 14 64 1.043700e+01 1.950000e+00 -5.989600e+02 1.656900e+03 0
-1.222300e-01 4.656200e-01 -1.690200e-01 -3.204100e-02 15 64 1.044600e+01 1.950000e+00 2.223400e+02 1.133300e+03 0
3.683300e-01 2.669100e-01 -1.609100e-01 -3.204100e-02 28 64 1.197700e+01 1.950000e+00 1.386400e+03 2.025900e+03 0
6.799100e-01 6.370700e-01 -1.760300e-01 -3.204100e-02 29 64 1.361600e+01 1.950000e+00 1.291700e+03 9.354800e+02 0
6.725500e-01 7.361100e-01 -1.800800e-01 -3.204100e-02 30 64 1.458900e+01 1.950000e+00 1.191600e+03 8.502800e+02 0
6.793700e-01 7.975000e-01 -1.825800e-01 -3.204100e-02 31 64 1.474500e+01 1.950000e+00 1.154300e+03 8.098400e+02 0
6.766400e-01 8.294800e-01 -1.838900e-01 -3.204100e-02 32 64 1.420100e+01 1.950000e+00 1.131800e+03 7.913200e+02 0
6.810000e-01 8.683800e-01 -1.854800e-01 -3.204100e-02 33 64 1.260400e+01 1.950000e+00 1.113400e+03 7.710100e+02 0
7.050100e-01 8.804900e-01 -1.859700e-01 -3.204100e-02 35 64 1.008400e+01 1.950000e+00 1.126800e+03 7.655000e+02 0
-8.021400e-01 8.999100e-01 -1.867700e-01 -3.204100e-02 36 64 1.085000e+01 1.950000e+00 -3.162100e+01 7.321300e+02 0
-8.054200e-01 9.159500e-01 -1.874200e-01 -3.204100e-02 37 64 1.112300e+01 1.950000e+00 -2.053000e+01 7.257000e+02 0
-8.277900e-01 9.223100e-01 -1.876800e-01 -3.204100e-02 38 64 1.073400e+01 1.950000e+00 -3.095900e+01 7.229200e+02 0
