0 0 -1.500000e-01 0 1 65 1.673500e+01 2.410000e+00 2167 -3.612800e+03 0
-7.093800e-02 1.128600e-01 -1.557000e-01 0 5 65 1.516300e+01 2.410000e+00 -3.036900e+03 7.563900e+03 0
-1.585200e-01 1.860700e-01 -1.594000e-01 0 8 65 1.434000e+01 2.410000e+00 -1.092100e+03 2913 0
-2.008100e-01 1.916900e-01 -1.596800e-01 0 9 65 1.367500e+01 2.410000e+00 -1207 2.769900e+03 0
-2.480100e-01 1.870400e-01 -1.594500e-01 0 10 65 1.363000e+01 2.410000e+00 -1.502400e+03 2.829500e+03 0
-2.619200e-01 2.233300e-01 -1.612800e-01 0 11 65 1.309600e+01 2.410000e+00 -1.047900e+03 2263 0
-2.881200e-01 2.344700e-01 -1.618400e-01 0 12 65 1.269500e+01 2.410000e+00 -1.022700e+03 2.130700e+03 0
-3.077600e-01 2.801400e-01 -1.641500e-01 0 13 65 1.204500e+01 2.410000e+00 -7.130800e+02 1.758600e+03 0
-3.014900e-01 2.973300e-01 -1.650200e-01 0 14 65 1.141600e+01 2.410000e+00 -5.936600e+02 1.659300e+03 0
-1.145900e-01 4.284900e-01 -1.716400e-01 0 15 65 1.132700e+01 2.410000e+00 1.865800e+02 1.218600e+03 0
-3.601500e-01 3.727400e-01 -1.688300e-01 0 16 65 1.128700e+01 2.410000e+00 -3.931400e+02 1.343700e+03 0
3.536000e-01 3.345600e-01 -1.669000e-01 0 28 65 1.309100e+01 2.410000e+00 1.159500e+03 1.585500e+03 0
6.799100e-01 6.367800e-01 -1.821600e-01 0 29 65 1.465400e+01 2.410000e+00 1.292400e+03 943 0
6.725500e-01 7.353500e-01 -1.871400e-01 0 30 65 1.559100e+01 2.410000e+00 1.192500e+03 8.578500e+02 0
6.793700e-01 7.975600e-01 -1.902800e-01 0 31 65 1.575700e+01 2.410000e+00 1.154600e+03 8.167200e+02 0
6.766400e-01 8.306700e-01 -1.919500e-01 0 32 65 1.524000e+01 2.410000e+00 1.131400e+03 7.975300e+02 0
6.810000e-01 8.660500e-01 -1.937400e-01 0 33 65 1.374900e+01 2.410000e+00 1115 7.789900e+02 0
7.328400e-01 9.067200e-01 -1.957900e-01 0 35 65 1.108300e+01 2.410000e+00 1.135400e+03 7.604800e+02 0
-8.021400e-01 9.182000e-01 -1.963700e-01 0 36 65 1.179900e+01 2.410000e+00 -1.660000e+01 7.312400e+02 0
-8.250600e-01 9.193200e-01 -1.964300e-01 0 37 65 1.210500e+01 2.410000e+00 -3.175600e+01 7.304700e+02 0
-8.479800e-01 9.267600e-01 -1.968100e-01 0 38 65 1.169400e+01 2.410000e+00 -4.153000e+01 7.272800e+02 0
-8.605300e-01 9.701100e-01 -1.990000e-01 0 39 65 1.044600e+01 2.410000e+00 -1.535700e+01 7.114200e+02 0
0 0 -1.500000e-01 3.204100e-02 1 66 1.574500e+01 2.410000e+00 2167 -3.612800e+03 0
-7.093800e-02 1.132400e-01 -1.557200e-01 3.204100e-02 5 66 1.415300e+01 2.410000e+00 -3.003500e+03 7.499600e+03 0
-1.585200e-01 1.860300e-01 -1.594000e-01 3.204100e-02 8 66 1.332800e+01 2.410000e+00 -1.092600e+03 2.913800e+03 0
-2.008100e-01 1.923100e-01 -1.597100e-01 3.204100e-02 9 66 1.263000e+01 2.410000e+00 -1.197700e+03 2.758200e+03 0
-2.480100e-01 1.878900e-01 -1.594900e-01 3.204100e-02 10 66 1.261400e+01 2.410000e+00 -1.487100e+03 2.812600e+03 0
-2.646500e-01 2.201600e-01 -1.611200e-01 3.204100e-02 11 66 1.216200e+01 2.410000e+00 -1.093700e+03 2.300200e+03 0
-2.911200e-01 2.297600e-01 -1.616000e-01 3.204100e-02 12 66 1.173800e+01 2.410000e+00 -1082 2179 0
-3.077600e-01 2.781600e-01 -1.640500e-01 3.204100e-02 13 66 1.110900e+01 2.410000e+00 -7.260800e+02 1.771300e+03 0
-2.943900e-01 3.094000e-01 -1.656300e-01 3.204100e-02 14 66 1.040100e+01 2.410000e+00 -5.131600e+02 1.598200e+03 0
-4.163500e-01 2.404500e-01 -1.621400e-01 3.204100e-02 15 66 1.035700e+01 2.410000e+00 -1.376700e+03 2.030600e+03 0
-3.519600e-01 3.842000e-01 -1.694000e-01 3.204100e-02 16 66 1.048100e+01 2.410000e+00 -3.392400e+02 1.310700e+03 0
3.609700e-01 3.448700e-01 -1.674200e-01 3.204100e-02 28 66 1.209200e+01 2.410000e+00 1.159500e+03 1.539100e+03 0
6.799100e-01 6.300300e-01 -1.818200e-01 3.204100e-02 29 66 1.363700e+01 2.410000e+00 1300 9.499600e+02 0
6.725500e-01 7.324500e-01 -1.869900e-01 3.204100e-02 30 66 1.459200e+01 2.410000e+00 1.194800e+03 8.599700e+02 0
6.711800e-01 8.044700e-01 -1.906300e-01 3.204100e-02 31 66 1.477200e+01 2.410000e+00 1.142600e+03 8.124000e+02 0
6.766400e-01 8.297100e-01 -1.919000e-01 3.204100e-02 32 66 1.427300e+01 2.410000e+00 1132 7.980600e+02 0
6.810000e-01 8.618800e-01 -1.935300e-01 3.204100e-02 33 66 1.280500e+01 2.410000e+00 1.117200e+03 7.811000e+02 0
2.701100e-02 1.787400e-01 -1.590300e-01 3.204100e-02 34 66 9.948700e+00 2.410000e+00 -1.895700e+02 3.244200e+03 0
7.421200e-01 9.161600e-01 -1.962700e-01 3.204100e-02 35 66 1.065700e+01 2.410000e+00 1.137700e+03 7.563900e+02 0
-8.116900e-01 9.093800e-01 -1.959300e-01 3.204100e-02 36 66 1.099300e+01 2.410000e+00 -3.063800e+01 7.345600e+02 0
-8.447100e-01 9.062500e-01 -1.957700e-01 3.204100e-02 37 66 1.122200e+01 2.410000e+00 -5.673500e+01 7.353100e+02 0
-8.883600e-01 8.846800e-01 -1.946800e-01 3.204100e-02 38 66 1.083400e+01 2.410000e+00 -1.077000e+02 7.434200e+02 0
0 0 -1.500000e-01 6.408200e-02 1 67 1.009000e+01 2.410000e+00 2167 -3.612800e+03 0
-2.182700e-03 3.475600e-02 -1.517600e-01 6.408200e-02 2 67 9.668600e+00 2.410000e+00 3.514100e+03 -7.178700e+03 0
6.329800e-01 6.862800e-01 -1.846600e-01 6.408200e-02 30 67 9.950400e+00 2.410000e+00 1.190200e+03 8.953200e+02 0
6.630000e-01 7.176900e-01 -1.862500e-01 6.408200e-02 31 67 1.048800e+01 2.410000e+00 1.196700e+03 8.708100e+02 0
7.020100e-01 7.355800e-01 -1.871500e-01 6.408200e-02 32 67 1.014400e+01 2.410000e+00 1.222400e+03 8.584700e+02 0
1.896200e+00 9.507400e+00 -6.301700e-01 -8.010300e-01 279 40 1.074600e+01 2.410000e+00 8.108500e+02 4.245300e+02 1
1.903000e+00 9.547500e+00 -6.321900e-01 -8.010300e-01 280 40 1.084700e+01 2.410000e+00 8.108200e+02 4.244000e+02 1
1.965000e+00 9.444600e+00 -6.270000e-01 -7.689800e-01 278 41 1.055500e+01 2.410000e+00 8.163700e+02 4.247700e+02 1
1.896200e+00 9.518500e+00 -6.307300e-01 -7.689800e-01 279 41 1.171400e+01 2.410000e+00 8.107100e+02 4.245000e+02 1
1.903000e+00 9.555800e+00 -6.326100e-01 -7.689800e-01 280 41 1.190500e+01 2.410000e+00 8.107100e+02 4.243700e+02 1
1.833500e+00 9.604600e+00 -6.350800e-01 -7.689800e-01 281 41 1.109200e+01 2.410000e+00 8.054100e+02 4.241900e+02 1
1.820400e+00 9.527000e+00 -6.311600e-01 -7.369400e-01 279 42 1.083300e+01 2.410000e+00 8.054400e+02 4.244500e+02 1
1.826900e+00 9.567600e+00 -6.332100e-01 -7.369400e-01 280 42 1.103800e+01 2.410000e+00 8.054000e+02 4.243100e+02 1
1.757100e+00 9.616500e+00 -6.356800e-01 -7.369400e-01 281 42 1.035500e+01 2.410000e+00 8.001200e+02 4.241300e+02 1
2.312600e+00 5.183400e+00 -4.117900e-01 -7.049000e-01 164 43 1.073900e+01 2.410000e+00 9.643300e+02 4.521800e+02 1
2.371500e+00 5.180900e+00 -4.116600e-01 -7.049000e-01 165 43 1.074600e+01 2.410000e+00 9.720200e+02 4.522500e+02 1
2.187100e+00 5.399800e+00 -4.227200e-01 -7.049000e-01 168 43 1.069400e+01 2.410000e+00 9.377800e+02 4.496400e+02 1
2.337700e+00 5.373000e+00 -4.213600e-01 -7.049000e-01 169 43 1.141900e+01 2.410000e+00 9.576100e+02 4.500300e+02 1
2.397700e+00 5.385300e+00 -4.219800e-01 -7.049000e-01 170 43 1.121900e+01 2.410000e+00 9.643800e+02 4.499300e+02 1
2.597400e+00 5.321500e+00 -4.187600e-01 -7.049000e-01 171 43 1.004800e+01 2.410000e+00 9.926800e+02 4.507800e+02 0
2.254200e+00 5.188000e+00 -4.120200e-01 -6.728600e-01 163 44 1.047200e+01 2.410000e+00 9.566100e+02 4.520800e+02 1
2.312600e+00 5.197400e+00 -4.124900e-01 -6.728600e-01 164 44 1.131100e+01 2.410000e+00 9.635800e+02 4.520100e+02 1
2.371500e+00 5.207400e+00 -4.130000e-01 -6.728600e-01 165 44 1.124900e+01 2.410000e+00 9.705600e+02 4.519300e+02 1
2.431000e+00 5.211500e+00 -4.132100e-01 -6.728600e-01 166 44 1.023100e+01 2.410000e+00 9.779200e+02 4.519300e+02 1
2.264600e+00 5.333100e+00 -4.193500e-01 -6.728600e-01 167 44 1.036900e+01 2.410000e+00 9.505400e+02 4.504200e+02 1
2.232600e+00 5.385500e+00 -4.219900e-01 -6.728600e-01 168 44 1.139900e+01 2.410000e+00 9.440500e+02 4.498200e+02 1
2.291800e+00 5.396900e+00 -4.225700e-01 -6.728600e-01 169 44 1.195400e+01 2.410000e+00 9.507700e+02 4.497400e+02 1
2.351600e+00 5.407700e+00 -4.231100e-01 -6.728600e-01 170 44 1.170400e+01 2.410000e+00 9.575700e+02 4.496600e+02 1
2.458300e+00 5.384300e+00 -4.219300e-01 -6.728600e-01 171 44 1.059200e+01 2.410000e+00 9.719000e+02 4.499900e+02 1
2.232600e+00 5.376300e+00 -4.215300e-01 -6.408200e-01 168 45 1.020800e+01 2.410000e+00 9.444900e+02 4.499200e+02 1
2.246000e+00 5.419700e+00 -4.237200e-01 -6.408200e-01 169 45 1.062000e+01 2.410000e+00 9.440600e+02 4.494600e+02 1
2.213300e+00 5.470400e+00 -4.262800e-01 -6.408200e-01 170 45 1.039000e+01 2.410000e+00 9.377100e+02 4.489000e+02 1
1.693800e+00 1.432700e+00 -2.223600e-01 -4.485700e-01 65 51 9.928000e+00 2.410000e+00 1.437100e+03 6.220900e+02 0
1.702500e+00 1.501300e+00 -2.258300e-01 -4.485700e-01 66 51 1.071900e+01 2.410000e+00 1.404100e+03 6.106500e+02 0
1.674700e+00 1.571900e+00 -2.293900e-01 -4.485700e-01 67 51 1.035500e+01 2.410000e+00 1.356600e+03 5.998100e+02 0
1.957900e+00 1.373600e+00 -2.193800e-01 -4.485700e-01 70 51 1.117400e+01 2.410000e+00 1.614100e+03 6.350400e+02 0
1.929000e+00 1.495500e+00 -2.255300e-01 -4.485700e-01 71 51 1.206400e+01 2.410000e+00 1.517200e+03 6.130600e+02 0
1.898400e+00 1.595000e+00 -2.305500e-01 -4.485700e-01 72 51 1.205200e+01 2.410000e+00 1.447100e+03 5.978300e+02 0
1.885900e+00 1.662000e+00 -2.339400e-01 -4.485700e-01 73 51 1.103900e+01 2.410000e+00 1.408500e+03 5.887400e+02 0
1.693800e+00 1.447100e+00 -2.230900e-01 -4.165300e-01 65 52 1.070200e+01 2.410000e+00 1429 6.195700e+02 0
1.702500e+00 1.501100e+00 -2.258100e-01 -4.165300e-01 66 52 1.142400e+01 2.410000e+00 1.404200e+03 6.106900e+02 0
1.692700e+00 1.557100e+00 -2.286400e-01 -4.165300e-01 67 52 1.099800e+01 2.410000e+00 1.371800e+03 6.020700e+02 0
1.736600e+00 1.544900e+00 -2.280200e-01 -4.165300e-01 68 52 1.009500e+01 2.410000e+00 1.398100e+03 6.041500e+02 0
1.873900e+00 1.446900e+00 -2.230800e-01 -4.165300e-01 69 52 1.017900e+01 2.410000e+00 1.519900e+03 6.208700e+02 0
1.957900e+00 1.369900e+00 -2.191900e-01 -4.165300e-01 70 52 1.142000e+01 2.410000e+00 1.616800e+03 6.357700e+02 0
1.909900e+00 1.520200e+00 -2.267800e-01 -4.165300e-01 71 52 1.233600e+01 2.410000e+00 1.493300e+03 609 0
1.898400e+00 1.595000e+00 -2.305600e-01 -4.165300e-01 72 52 1.236000e+01 2.410000e+00 1.447100e+03 5.978200e+02 0
1.885900e+00 1.661700e+00 -2.339300e-01 -4.165300e-01 73 52 1.137500e+01 2.410000e+00 1.408700e+03 5.887700e+02 0
1.929000e+00 1.494200e+00 -2.254600e-01 -3.844900e-01 71 53 1.062300e+01 2.410000e+00 1518 6.132700e+02 0
1.898400e+00 1.593200e+00 -2.304600e-01 -3.844900e-01 72 53 1.063200e+01 2.410000e+00 1448 5.980800e+02 0
0 0 -1.500000e-01 -3.204100e-02 1 64 1.570300e+01 2.410000e+00 2167 -3.612800e+03 0
-7.093800e-02 1.122000e-01 -1.556700e-01 -3.204100e-02 5 64 1.413100e+01 2.410000e+00 -3.098300e+03 7.681800e+03 0
-1.585200e-01 1.860900e-01 -1.594000e-01 -3.204100e-02 8 64 1.334800e+01 2.410000e+00 -1.091800e+03 2.912600e+03 0
-1.986300e-01 1.942100e-01 -1.598100e-01 -3.204100e-02 9 64 1.267000e+01 2.410000e+00 -1.159500e+03 2.724200e+03 0
-2.480100e-01 1.865100e-01 -1.594200e-01 -3.204100e-02 10 64 1.260100e+01 2.410000e+00 -1512 2.840200e+03 0
-2.592000e-01 2.269200e-01 -1.614600e-01 -3.204100e-02 11 64 1.204100e+01 2.410000e+00 -9.994800e+02 2.222600e+03 0
-2.851200e-01 2.391400e-01 -1.620800e-01 -3.204100e-02 12 64 1.164700e+01 2.410000e+00 -9.669400e+02 2.085300e+03 0
-3.044900e-01 2.846000e-01 -1.643700e-01 -3.204100e-02 13 64 1.105100e+01 2.410000e+00 -6.759300e+02 1.731700e+03 0
-3.050300e-01 2.722700e-01 -1.637500e-01 -3.204100e-02 14 64 1.047200e+01 2.410000e+00 -7.584700e+02 1.810800e+03 0
-1.069500e-01 4.038100e-01 -1.703900e-01 -3.204100e-02 15 64 1.029800e+01 2.410000e+00 1.632000e+02 1.280400e+03 0
3.536000e-01 3.298600e-01 -1.666600e-01 -3.204100e-02 28 64 1.209500e+01 2.410000e+00 1.168400e+03 1.608400e+03 0
6.799100e-01 6.413200e-01 -1.823900e-01 -3.204100e-02 29 64 1.365500e+01 2.410000e+00 1.287400e+03 9.384000e+02 0
6.804600e-01 7.307100e-01 -1.869000e-01 -3.204100e-02 30 64 1.456700e+01 2.410000e+00 1.204300e+03 8.614600e+02 0
6.793700e-01 7.974100e-01 -1.902700e-01 -3.204100e-02 31 64 1.471700e+01 2.410000e+00 1.154700e+03 8.168100e+02 0
6.766400e-01 8.274000e-01 -1.917900e-01 -3.204100e-02 32 64 1.418700e+01 2.410000e+00 1.133300e+03 7.993400e+02 0
6.810000e-01 8.588600e-01 -1.933800e-01 -3.204100e-02 33 64 1.268100e+01 2.410000e+00 1.118900e+03 7.826400e+02 0
-7.926000e-01 9.294600e-01 -1.969400e-01 -3.204100e-02 36 64 1.058400e+01 2.410000e+00 -9.098700e-01 7.270600e+02 0
-8.250600e-01 9.229000e-01 -1.966100e-01 -3.204100e-02 37 64 1.086900e+01 2.410000e+00 -2.879600e+01 7.290900e+02 0
-8.378900e-01 9.355800e-01 -1.972500e-01 -3.204100e-02 38 64 1.045300e+01 2.410000e+00 -2.730700e+01 7.241100e+02 0
