0 0 -1.500000e-01 0 1 65 1.672300e+01 2.350000e+00 2167 -3.612800e+03 0
-7.093800e-02 1.129300e-01 -1.555600e-01 0 5 65 1.516300e+01 2.350000e+00 -3.030800e+03 7550 0
-1.585200e-01 1.859900e-01 -1.591600e-01 0 8 65 1.430900e+01 2.350000e+00 -1.093200e+03 2.913400e+03 0
-2.008100e-01 1.923000e-01 -1.594700e-01 0 9 65 1.365500e+01 2.350000e+00 -1.197700e+03 2757 0
-2.480100e-01 1.871400e-01 -1.592200e-01 0 10 65 1.361900e+01 2.350000e+00 -1.500400e+03 2.826100e+03 0
-2.619200e-01 2.229200e-01 -1.609800e-01 0 11 65 1.298600e+01 2.350000e+00 -1.052300e+03 2.266700e+03 0
-2.881200e-01 2.335200e-01 -1.615000e-01 0 12 65 1.263100e+01 2.350000e+00 -1.032300e+03 2.139300e+03 0
-3.044900e-01 2.833900e-01 -1.639600e-01 0 13 65 1.193500e+01 2.350000e+00 -6.834200e+02 1738 0
-3.014900e-01 3.046700e-01 -1.650000e-01 0 14 65 1.151200e+01 2.350000e+00 -5.543700e+02 1.619700e+03 0
-1.145900e-01 3.548200e-01 -1.674700e-01 0 15 65 1.112800e+01 2.350000e+00 5.534200e+01 1.431300e+03 0
-3.560500e-01 3.766300e-01 -1.685500e-01 0 16 65 1.121900e+01 2.350000e+00 -3.718500e+02 1.331400e+03 0
3.536000e-01 3.603500e-01 -1.677500e-01 0 28 65 1.311200e+01 2.350000e+00 1.115700e+03 1.472300e+03 0
6.799100e-01 6.400000e-01 -1.815200e-01 0 29 65 1.464500e+01 2.350000e+00 1.288800e+03 9.387900e+02 0
6.725500e-01 7.376000e-01 -1.863200e-01 0 30 65 1.552200e+01 2.350000e+00 1.190700e+03 8.553000e+02 0
6.711800e-01 8.044800e-01 -1.896200e-01 0 31 65 1.564500e+01 2.350000e+00 1.142500e+03 8.114900e+02 0
6.766400e-01 8.346300e-01 -1.911000e-01 0 32 65 1.509100e+01 2.350000e+00 1129 7.944600e+02 0
6.722700e-01 8.815800e-01 -1.934100e-01 0 33 65 1.364200e+01 2.350000e+00 1.099400e+03 7.703000e+02 0
6.662700e-01 9.382500e-01 -1.962100e-01 0 34 65 1.130000e+01 2.350000e+00 1.067400e+03 7.447300e+02 0
7.328400e-01 8.931300e-01 -1.939800e-01 0 35 65 1.083500e+01 2.350000e+00 1143 7.658800e+02 0
-8.498900e-01 8.634300e-01 -1.925200e-01 0 36 65 1.179900e+01 2.350000e+00 -9.986400e+01 7.523300e+02 0
-8.643500e-01 8.690800e-01 -1.928000e-01 0 37 65 1.213300e+01 2.350000e+00 -1.051000e+02 7.496200e+02 0
-8.984600e-01 8.202300e-01 -1.903900e-01 0 38 65 1.164700e+01 2.350000e+00 -1.821300e+02 7.715400e+02 0
-9.331100e-01 6.844800e-01 -1.837100e-01 0 39 65 1.029100e+01 2.350000e+00 -4.001500e+02 8.510900e+02 0
1.426700e+00 1.645200e+00 -2.310200e-01 0 64 65 9.684900e+00 2.350000e+00 1.217600e+03 5.876300e+02 0
0 0 -1.500000e-01 3.204100e-02 1 66 1.570000e+01 2.350000e+00 2167 -3.612800e+03 0
-7.202900e-02 1.125300e-01 -1.555400e-01 3.204100e-02 5 66 1.414700e+01 2.350000e+00 -3080 7612 0
-1.585200e-01 1.859000e-01 -1.591500e-01 3.204100e-02 8 66 1.328400e+01 2.350000e+00 -1.094500e+03 2.915100e+03 0
-2.008100e-01 1.928200e-01 -1.595000e-01 3.204100e-02 9 66 1.261600e+01 2.350000e+00 -1.189900e+03 2.747300e+03 0
-2.480100e-01 1.885600e-01 -1.592900e-01 3.204100e-02 10 66 1.258200e+01 2.350000e+00 -1.475100e+03 2798 0
-2.619200e-01 2.248700e-01 -1.610700e-01 3.204100e-02 11 66 1.197800e+01 2.350000e+00 -1.030900e+03 2.243700e+03 0
-2.881200e-01 2.366800e-01 -1.616600e-01 3.204100e-02 12 66 1.163000e+01 2.350000e+00 -1.000600e+03 2.107200e+03 0
-3.044900e-01 2.842700e-01 -1.640000e-01 3.204100e-02 13 66 1.097300e+01 2.350000e+00 -6.779000e+02 1.732700e+03 0
-2.979400e-01 3.072100e-01 -1.651300e-01 3.204100e-02 14 66 1.059700e+01 2.350000e+00 -5.326300e+02 1.607400e+03 0
-1.107700e-01 3.458500e-01 -1.670300e-01 3.204100e-02 15 66 1.027800e+01 2.350000e+00 4.307800e+01 1.465700e+03 0
3.536000e-01 4.054300e-01 -1.699700e-01 3.204100e-02 28 66 1.214500e+01 2.350000e+00 1.056200e+03 1.319900e+03 0
6.799100e-01 6.365900e-01 -1.813500e-01 3.204100e-02 29 66 1.365000e+01 2.350000e+00 1.292600e+03 9.422400e+02 0
6.725500e-01 7.360700e-01 -1.862500e-01 3.204100e-02 30 66 1.452500e+01 2.350000e+00 1.191900e+03 8.564100e+02 0
6.711800e-01 8.044400e-01 -1.896200e-01 3.204100e-02 31 66 1.464800e+01 2.350000e+00 1.142500e+03 8.115100e+02 0
6.766400e-01 8.364500e-01 -1.911900e-01 3.204100e-02 32 66 1.408600e+01 2.350000e+00 1.127900e+03 7.934700e+02 0
6.722700e-01 8.851200e-01 -1.935900e-01 3.204100e-02 33 66 1.262500e+01 2.350000e+00 1.097500e+03 7.686000e+02 0
6.752700e-01 9.312500e-01 -1.958600e-01 3.204100e-02 34 66 1.035200e+01 2.350000e+00 1.077600e+03 7.478300e+02 0
-8.307900e-01 8.924500e-01 -1.939500e-01 3.204100e-02 36 66 1.094700e+01 2.350000e+00 -5.890200e+01 7.402800e+02 0
-8.545300e-01 8.936400e-01 -1.940100e-01 3.204100e-02 37 66 1.120300e+01 2.350000e+00 -7.492300e+01 7.394200e+02 0
-8.782700e-01 8.752100e-01 -1.931000e-01 3.204100e-02 38 66 1.069000e+01 2.350000e+00 -1.094100e+02 7.467500e+02 0
0 0 -1.500000e-01 -5.447000e-01 1 48 9.348500e+00 2.350000e+00 2167 -3.612800e+03 0
2.408900e+00 2.947400e+00 -2.951500e-01 -5.447000e-01 110 48 9.999500e+00 2.350000e+00 1.203100e+03 4.991700e+02 1
2.431000e+00 2.946000e+00 -2.950800e-01 -5.447000e-01 111 48 9.926000e+00 2.350000e+00 1.208500e+03 4.992600e+02 1
2.604500e+00 2.843800e+00 -2.900500e-01 -5.447000e-01 112 48 1.012000e+01 2.350000e+00 1.270400e+03 5.036800e+02 1
2.597400e+00 2.921000e+00 -2.938500e-01 -5.447000e-01 113 48 1.087300e+01 2.350000e+00 1.252600e+03 5.005400e+02 1
2.589800e+00 2.977300e+00 -2.966200e-01 -5.447000e-01 114 48 1.100200e+01 2.350000e+00 1.239600e+03 4.983600e+02 1
2.612700e+00 3.000800e+00 -2.977800e-01 -5.447000e-01 115 48 1.107300e+01 2.350000e+00 1.240400e+03 4.975200e+02 1
2.604200e+00 3.055900e+00 -3.004900e-01 -5.447000e-01 116 48 1.112100e+01 2.350000e+00 1.228100e+03 4.954900e+02 1
2.626900e+00 3.084000e+00 -3.018700e-01 -5.447000e-01 117 48 1.057700e+01 2.350000e+00 1228 4.945300e+02 1
2.597400e+00 2.912900e+00 -2.934500e-01 -5.126600e-01 113 49 9.888100e+00 2.350000e+00 1.254200e+03 5.008600e+02 1
2.589800e+00 2.977700e+00 -2.966400e-01 -5.126600e-01 114 49 1.019300e+01 2.350000e+00 1.239500e+03 4.983400e+02 1
2.612700e+00 3.003700e+00 -2.979200e-01 -5.126600e-01 115 49 1.038400e+01 2.350000e+00 1.239800e+03 4.974100e+02 1
2.667000e+00 3.001500e+00 -2.978100e-01 -5.126600e-01 116 49 1.041000e+01 2.350000e+00 1.252700e+03 4.975800e+02 1
0 0 -1.500000e-01 -6.408200e-02 1 63 1.054300e+01 2.350000e+00 2167 -3.612800e+03 0
0 0 -1.500000e-01 -3.204100e-02 1 64 1.569800e+01 2.350000e+00 2167 -3.612800e+03 0
-7.093800e-02 1.120800e-01 -1.555200e-01 -3.204100e-02 5 64 1.414100e+01 2.350000e+00 -3109 7.700200e+03 0
-1.585200e-01 1.860000e-01 -1.591600e-01 -3.204100e-02 8 64 1.329300e+01 2.350000e+00 -1093 2913 0
-2.008100e-01 1.918400e-01 -1.594500e-01 -3.204100e-02 9 64 1.263000e+01 2.350000e+00 -1.204600e+03 2.765700e+03 0
-2.480100e-01 1.858700e-01 -1.591500e-01 -3.204100e-02 10 64 1.259900e+01 2.350000e+00 -1.523500e+03 2.851800e+03 0
-2.619200e-01 2.221200e-01 -1.609400e-01 -3.204100e-02 11 64 1.204300e+01 2.350000e+00 -1.061100e+03 2.276200e+03 0
-2.851200e-01 2.369100e-01 -1.616700e-01 -3.204100e-02 12 64 1.159400e+01 2.350000e+00 -9.882800e+02 2106 0
-3.044900e-01 2.831800e-01 -1.639500e-01 -3.204100e-02 13 64 1.090200e+01 2.350000e+00 -6.847300e+02 1.739300e+03 0
-3.050300e-01 2.880900e-01 -1.641900e-01 -3.204100e-02 14 64 1.038300e+01 2.350000e+00 -6.559700e+02 1.709700e+03 0
-1.069500e-01 3.694800e-01 -1.682000e-01 -3.204100e-02 15 64 1.040900e+01 2.350000e+00 1.023200e+02 1.381300e+03 0
3.462300e-01 2.978800e-01 -1.646700e-01 -3.204100e-02 28 64 1.205000e+01 2.350000e+00 1.217300e+03 1.788900e+03 0
6.799100e-01 6.425100e-01 -1.816400e-01 -3.204100e-02 29 64 1.362100e+01 2.350000e+00 1.286100e+03 9.362800e+02 0
6.804600e-01 7.315800e-01 -1.860300e-01 -3.204100e-02 30 64 1.448900e+01 2.350000e+00 1.203500e+03 8.599100e+02 0
6.793700e-01 7.975700e-01 -1.892800e-01 -3.204100e-02 31 64 1.460300e+01 2.350000e+00 1.154500e+03 8.158100e+02 0
6.766400e-01 8.339200e-01 -1.910700e-01 -3.204100e-02 32 64 1.404600e+01 2.350000e+00 1.129400e+03 7.948500e+02 0
6.635400e-01 8.874800e-01 -1.937000e-01 -3.204100e-02 33 64 1.260900e+01 2.350000e+00 1.089200e+03 7.673200e+02 0
6.482600e-01 9.527300e-01 -1.969200e-01 -3.204100e-02 34 64 1.032300e+01 2.350000e+00 1.047500e+03 7.384900e+02 0
-8.689900e-01 8.325500e-01 -1.910000e-01 -3.204100e-02 36 64 1.066100e+01 2.350000e+00 -1.457500e+02 7.661400e+02 0
-8.840000e-01 8.362300e-01 -1.911800e-01 -3.204100e-02 37 64 1.106000e+01 2.350000e+00 -1.533500e+02 7.641300e+02 0
-9.085500e-01 7.634300e-01 -1.876000e-01 -3.204100e-02 38 64 1.067500e+01 2.350000e+00 -2.597400e+02 8.013000e+02 0
