0 0 -1.500000e-01 0 1 65 1.676000e+01 1.930000e+00 2167 -3.612800e+03 0
-7.093800e-02 1.128500e-01 -1.545600e-01 0 5 65 1.516500e+01 1.930000e+00 -3.033900e+03 7.540700e+03 0
-1.585200e-01 1.860600e-01 -1.575200e-01 0 8 65 1.433000e+01 1.930000e+00 -1.091200e+03 2.901800e+03 0
-2.008100e-01 1.916900e-01 -1.577500e-01 0 9 65 1.365300e+01 1.930000e+00 -1206 2759 0
-2.480100e-01 1.868300e-01 -1.575500e-01 0 10 65 1.362900e+01 1.930000e+00 -1.504800e+03 2.822600e+03 0
-2.619200e-01 2.227600e-01 -1.590100e-01 0 11 65 1.308600e+01 1.930000e+00 -1.053200e+03 2.259900e+03 0
-2.881200e-01 2.322600e-01 -1.593900e-01 0 12 65 1.262700e+01 1.930000e+00 -1.044400e+03 2144 0
-3.077600e-01 2.804000e-01 -1.613400e-01 0 13 65 1.187000e+01 1.930000e+00 -7.107400e+02 1.748300e+03 0
-3.085800e-01 3.029300e-01 -1.622500e-01 0 14 65 1.144800e+01 1.930000e+00 -5.805300e+02 1.619900e+03 0
-1.298700e-01 3.251600e-01 -1.631500e-01 0 15 65 1.124400e+01 1.930000e+00 -5.522600e+01 1.542400e+03 0
3.536000e-01 3.579200e-01 -1.644700e-01 0 28 65 1.312400e+01 1.930000e+00 1.119100e+03 1.474400e+03 0
6.799100e-01 6.383600e-01 -1.758100e-01 0 29 65 1.464100e+01 1.930000e+00 1.290300e+03 9.338600e+02 0
6.725500e-01 7.366000e-01 -1.797900e-01 0 30 65 1.557900e+01 1.930000e+00 1.191200e+03 8.496300e+02 0
6.793700e-01 7.975700e-01 -1.822500e-01 0 31 65 1.572400e+01 1.930000e+00 1.154300e+03 8.095000e+02 0
6.766400e-01 8.318400e-01 -1.836400e-01 0 32 65 1.516900e+01 1.930000e+00 1.130400e+03 7.897300e+02 0
6.722700e-01 8.757100e-01 -1.854100e-01 0 33 65 1.358200e+01 1.930000e+00 1.102200e+03 7.669400e+02 0
7.606700e-01 8.590700e-01 -1.847400e-01 0 35 65 1.133100e+01 1.930000e+00 1.186600e+03 7.769100e+02 0
-8.498900e-01 8.488300e-01 -1.843200e-01 0 36 65 1.187900e+01 1.930000e+00 -1.140500e+02 7.530500e+02 0
-8.643500e-01 8.583200e-01 -1.847100e-01 0 37 65 1.224500e+01 1.930000e+00 -1.154400e+02 7.485300e+02 0
-8.782700e-01 8.564000e-01 -1.846300e-01 0 38 65 1.176400e+01 1.930000e+00 -1.277800e+02 7.491500e+02 0
-9.020000e-01 7.994600e-01 -1.823300e-01 0 39 65 1.016500e+01 1.930000e+00 -2.087700e+02 7.760500e+02 0
0 0 -1.500000e-01 3.204100e-02 1 66 1.574100e+01 1.930000e+00 2167 -3.612800e+03 0
-7.202900e-02 1.120400e-01 -1.545300e-01 3.204100e-02 5 66 1.415500e+01 1.930000e+00 -3.122300e+03 7.677500e+03 0
-1.604300e-01 1.844000e-01 -1.574600e-01 3.204100e-02 8 66 1.334800e+01 1.930000e+00 -1.126200e+03 2.936300e+03 0
-2.008100e-01 1.922200e-01 -1.577700e-01 3.204100e-02 9 66 1.268100e+01 1.930000e+00 -1.197900e+03 2.748800e+03 0
-2.480100e-01 1.880100e-01 -1.576000e-01 3.204100e-02 10 66 1.260300e+01 1.930000e+00 -1.483600e+03 2.799100e+03 0
-2.619200e-01 2.240800e-01 -1.590600e-01 3.204100e-02 11 66 1.205500e+01 1.930000e+00 -1.038700e+03 2.244300e+03 0
-2.881200e-01 2.336300e-01 -1.594500e-01 3.204100e-02 12 66 1.162600e+01 1.930000e+00 -1.030300e+03 2.129800e+03 0
-3.110400e-01 2.771500e-01 -1.612100e-01 3.204100e-02 13 66 1.088500e+01 1.930000e+00 -7.411100e+02 1.768300e+03 0
-3.050300e-01 3.127200e-01 -1.626500e-01 3.204100e-02 14 66 1.048100e+01 1.930000e+00 -5.219900e+02 1572 0
3.536000e-01 3.725900e-01 -1.650700e-01 3.204100e-02 28 66 1.212000e+01 1.930000e+00 1.097400e+03 1.418700e+03 0
6.722700e-01 6.431100e-01 -1.760100e-01 3.204100e-02 29 66 1.362700e+01 1.930000e+00 1.275900e+03 9.288200e+02 0
6.725500e-01 7.354300e-01 -1.797400e-01 3.204100e-02 30 66 1.457700e+01 1.930000e+00 1.192100e+03 8.504700e+02 0
6.711800e-01 8.044300e-01 -1.825300e-01 3.204100e-02 31 66 1.470400e+01 1.930000e+00 1.142300e+03 8.052200e+02 0
6.766400e-01 8.349500e-01 -1.837600e-01 3.204100e-02 32 66 1.410300e+01 1.930000e+00 1.128500e+03 7.880300e+02 0
6.722700e-01 8.819100e-01 -1.856600e-01 3.204100e-02 33 66 1.243800e+01 1.930000e+00 1.098900e+03 7.639400e+02 0
7.792300e-01 8.616900e-01 -1.848400e-01 3.204100e-02 35 66 1.069600e+01 1.930000e+00 1.200800e+03 7.759200e+02 0
-8.594400e-01 8.360100e-01 -1.838100e-01 3.204100e-02 36 66 1.104200e+01 1.930000e+00 -1.344900e+02 7.588300e+02 0
-8.643500e-01 8.668400e-01 -1.850500e-01 3.204100e-02 37 66 1.127800e+01 1.930000e+00 -1.070500e+02 7.447700e+02 0
-8.580800e-01 8.952600e-01 -1.862000e-01 3.204100e-02 38 66 1.071700e+01 1.930000e+00 -7.579000e+01 7.328900e+02 0
-6.548100e-03 2.924400e-02 -1.511800e-01 6.408200e-02 2 67 9.792000e+00 1.930000e+00 3.237100e+03 -6.263200e+03 0
-1.817100e-01 8.502700e-02 -1.534400e-01 6.408200e-02 7 67 9.506100e+00 1.930000e+00 -12358 17569 0
6.799100e-01 6.269100e-01 -1.753500e-01 6.408200e-02 29 67 1.020500e+01 1.930000e+00 1.303100e+03 9.456800e+02 0
6.725500e-01 7.500900e-01 -1.803300e-01 6.408200e-02 30 67 1.136800e+01 1.930000e+00 1.180900e+03 8.400700e+02 0
6.793700e-01 7.944700e-01 -1.821300e-01 6.408200e-02 31 67 1.165900e+01 1.930000e+00 1.156300e+03 8.113800e+02 0
6.935500e-01 8.122400e-01 -1.828400e-01 6.408200e-02 32 67 1.098100e+01 1.930000e+00 1.157700e+03 8.011300e+02 0
2.750200e-01 3.113600e-01 -1.625900e-01 9.612300e-02 29 68 9.277400e+00 1.930000e+00 9.822500e+02 1.683300e+03 0
6.646300e-01 7.635900e-01 -1.808800e-01 9.612300e-02 30 68 1.015300e+01 1.930000e+00 1.163300e+03 8.307000e+02 0
6.630000e-01 7.840600e-01 -1.817100e-01 9.612300e-02 31 68 1.054200e+01 1.930000e+00 1.147800e+03 8.174400e+02 0
6.597200e-01 7.837800e-01 -1.816900e-01 9.612300e-02 32 68 1.003400e+01 1.930000e+00 1.144900e+03 8.175400e+02 0
1.049900e+00 5.060800e+00 -3.546400e-01 -7.689800e-01 149 41 1.136100e+01 1.930000e+00 8.064700e+02 4.464400e+02 1
1.016300e+00 5.102800e+00 -3.563400e-01 -7.689800e-01 150 41 1.176200e+01 1.930000e+00 8.012300e+02 4.459100e+02 1
9.412900e-01 5.148300e+00 -3.581800e-01 -7.689800e-01 151 41 1.108700e+01 1.930000e+00 7.907500e+02 4.453200e+02 1
1.002700e+00 5.021500e+00 -3.530600e-01 -7.369400e-01 148 42 1.072800e+01 1.930000e+00 8.012300e+02 4.468800e+02 1
1.009500e+00 5.068600e+00 -3.549600e-01 -7.369400e-01 149 42 1.216500e+01 1.930000e+00 8.010900e+02 4.463200e+02 1
1.016300e+00 5.103300e+00 -3.563600e-01 -7.369400e-01 150 42 1.254100e+01 1.930000e+00 8.012200e+02 4.459000e+02 1
1.023100e+00 5.136600e+00 -3.577100e-01 -7.369400e-01 151 42 1.185900e+01 1.930000e+00 8.013700e+02 4.455100e+02 1
9.691200e-01 5.073900e+00 -3.551800e-01 -7.049000e-01 149 43 1.105700e+01 1.930000e+00 7.957800e+02 4.462200e+02 1
9.756700e-01 5.110200e+00 -3.566400e-01 -7.049000e-01 150 43 1.137800e+01 1.930000e+00 7.958800e+02 4.458000e+02 1
1.023100e+00 5.137100e+00 -3.577300e-01 -7.049000e-01 151 43 1.078900e+01 1.930000e+00 8.013600e+02 4.455100e+02 1
1.596100e-01 2.186600e+00 -2.384200e-01 -6.087800e-01 66 46 9.565200e+00 1.930000e+00 6.901900e+02 5.268400e+02 0
1.939100e+00 1.316200e+00 -2.032200e-01 -3.204100e-01 70 55 1.006100e+01 1.930000e+00 1.647800e+03 6.397200e+02 0
2.043600e+00 1.317600e+00 -2.032800e-01 -3.204100e-01 71 55 1.052100e+01 1.930000e+00 1706 6.402800e+02 0
2.130900e+00 1.261200e+00 -2.010000e-01 -3.204100e-01 72 55 1.107000e+01 1.930000e+00 1.809500e+03 6.538700e+02 0
2.180500e+00 1.250600e+00 -2.005700e-01 -3.204100e-01 73 55 1.094300e+01 1.930000e+00 1.850400e+03 6.569000e+02 0
2.171000e+00 1.336500e+00 -2.040400e-01 -3.204100e-01 74 55 1.001800e+01 1.930000e+00 1.761600e+03 6.373100e+02 0
2.010800e+00 1.148300e+00 -1.964300e-01 -2.883700e-01 68 56 1.047700e+01 1.930000e+00 1.854300e+03 6.826200e+02 0
2.003700e+00 1.239000e+00 -2.001000e-01 -2.883700e-01 69 56 1.015400e+01 1.930000e+00 1.754100e+03 6.581000e+02 0
1.920200e+00 1.430500e+00 -2.078500e-01 -2.883700e-01 70 56 1.027000e+01 1.930000e+00 1.553600e+03 6.171600e+02 0
2.024500e+00 1.338800e+00 -2.041400e-01 -2.883700e-01 71 56 1.067100e+01 1.930000e+00 1.677300e+03 6.356300e+02 0
2.150200e+00 1.198600e+00 -1.984700e-01 -2.883700e-01 72 56 1.096100e+01 1.930000e+00 1.888200e+03 6.699700e+02 0
2.219800e+00 1.146200e+00 -1.963500e-01 -2.883700e-01 73 56 1.072600e+01 1.930000e+00 1998 6.856000e+02 0
6.722700e-01 6.506000e-01 -1.763100e-01 -6.408200e-02 29 63 1.006000e+01 1.930000e+00 1.268100e+03 9.215000e+02 0
6.725500e-01 7.353100e-01 -1.797300e-01 -6.408200e-02 30 63 1.108400e+01 1.930000e+00 1.192200e+03 8.505600e+02 0
6.711800e-01 8.044700e-01 -1.825300e-01 -6.408200e-02 31 63 1.118600e+01 1.930000e+00 1.142200e+03 8.052000e+02 0
6.766400e-01 8.305800e-01 -1.835900e-01 -6.408200e-02 32 63 1.064700e+01 1.930000e+00 1.131100e+03 7.904200e+02 0
6.722700e-01 8.608200e-01 -1.848100e-01 -6.408200e-02 33 63 9.332000e+00 1.930000e+00 1.110100e+03 7.743500e+02 0
0 0 -1.500000e-01 -3.204100e-02 1 64 1.574700e+01 1.930000e+00 2167 -3.612800e+03 0
-7.093800e-02 1.128400e-01 -1.545600e-01 -3.204100e-02 5 64 1.413200e+01 1.930000e+00 -3035 7.542900e+03 0
-1.585200e-01 1.861000e-01 -1.575300e-01 -3.204100e-02 8 64 1.332900e+01 1.930000e+00 -1.090500e+03 2.900900e+03 0
-2.008100e-01 1.902600e-01 -1.576900e-01 -3.204100e-02 9 64 1.264900e+01 1.930000e+00 -1.228100e+03 2.786600e+03 0
-2.480100e-01 1.850900e-01 -1.574800e-01 -3.204100e-02 10 64 1.264300e+01 1.930000e+00 -1.536800e+03 2.858100e+03 0
-2.646500e-01 2.176500e-01 -1.588000e-01 -3.204100e-02 11 64 1.216000e+01 1.930000e+00 -1122 2.321500e+03 0
-2.881200e-01 2.337300e-01 -1.594500e-01 -3.204100e-02 12 64 1.162000e+01 1.930000e+00 -1.029300e+03 2.128800e+03 0
-3.077600e-01 2.821500e-01 -1.614100e-01 -3.204100e-02 13 64 1.091700e+01 1.930000e+00 -6.995000e+02 1.737400e+03 0
-3.227700e-01 2.797100e-01 -1.613100e-01 -3.204100e-02 14 64 1.041400e+01 1.930000e+00 -7.559600e+02 1.749400e+03 0
3.462300e-01 4.060000e-01 -1.664200e-01 -3.204100e-02 28 64 1.210200e+01 1.930000e+00 1.040400e+03 1.310300e+03 0
6.799100e-01 6.416100e-01 -1.759500e-01 -3.204100e-02 29 64 1.362700e+01 1.930000e+00 1.286700e+03 9.305900e+02 0
6.725500e-01 7.387400e-01 -1.798700e-01 -3.204100e-02 30 64 1.453600e+01 1.930000e+00 1.189500e+03 8.480800e+02 0
6.793700e-01 7.973900e-01 -1.822400e-01 -3.204100e-02 31 64 1.468200e+01 1.930000e+00 1.154400e+03 8.096100e+02 0
6.766400e-01 8.289800e-01 -1.835200e-01 -3.204100e-02 32 64 1.413200e+01 1.930000e+00 1.132100e+03 7.913000e+02 0
6.810000e-01 8.649700e-01 -1.849800e-01 -3.204100e-02 33 64 1.253100e+01 1.930000e+00 1.115200e+03 7.724200e+02 0
7.514000e-01 8.536500e-01 -1.845200e-01 -3.204100e-02 35 64 1.017600e+01 1.930000e+00 1.182200e+03 7.795400e+02 0
-8.403400e-01 8.691000e-01 -1.851400e-01 -3.204100e-02 36 64 1.088400e+01 1.930000e+00 -8.710800e+01 7.441800e+02 0
-8.545300e-01 8.763000e-01 -1.854400e-01 -3.204100e-02 37 64 1.125200e+01 1.930000e+00 -9.074100e+01 7.408500e+02 0
-8.580800e-01 8.820600e-01 -1.856700e-01 -3.204100e-02 38 64 1.076700e+01 1.930000e+00 -8.792100e+01 7.383500e+02 0
