0 0 -1.500000e-01 0 1 65 1.677900e+01 1.650000e+00 2167 -3.612800e+03 0
-7.093800e-02 1.129600e-01 -1.539000e-01 0 5 65 1.516200e+01 1.650000e+00 -3.021600e+03 7.507200e+03 0
-1.585200e-01 1.860800e-01 -1.564300e-01 0 8 65 1.434100e+01 1.650000e+00 -1.090300e+03 2.894700e+03 0
-2.008100e-01 1.911600e-01 -1.566100e-01 0 9 65 1.366500e+01 1.650000e+00 -1.213500e+03 2.762700e+03 0
-2.480100e-01 1.864000e-01 -1.564400e-01 0 10 65 1.362800e+01 1.650000e+00 -1512 2.824900e+03 0
-2.619200e-01 2.217100e-01 -1.576600e-01 0 11 65 1.309300e+01 1.650000e+00 -1.064400e+03 2.266800e+03 0
-2.881200e-01 2.305300e-01 -1.579700e-01 0 12 65 1.266500e+01 1.650000e+00 -1.061900e+03 2.156700e+03 0
-3.077600e-01 2.777600e-01 -1.596000e-01 0 13 65 1.194600e+01 1.650000e+00 -7.276500e+02 1760 0
-3.014900e-01 3.013800e-01 -1.604200e-01 0 14 65 1.147500e+01 1.650000e+00 -5.708100e+02 1.624300e+03 0
-1.222300e-01 3.730200e-01 -1.628900e-01 0 15 65 1.128100e+01 1.650000e+00 7.850200e+01 1.356200e+03 0
3.536000e-01 3.249500e-01 -1.612300e-01 0 28 65 1.307200e+01 1.650000e+00 1.177500e+03 1619 0
6.799100e-01 6.387600e-01 -1.720800e-01 0 29 65 1.464300e+01 1.650000e+00 1.289600e+03 9.290700e+02 0
6.725500e-01 7.357700e-01 -1.754300e-01 0 30 65 1.555700e+01 1.650000e+00 1.191600e+03 8.459700e+02 0
6.793700e-01 7.975700e-01 -1.775700e-01 0 31 65 1.567700e+01 1.650000e+00 1.154100e+03 8.053000e+02 0
6.766400e-01 8.335800e-01 -1.788100e-01 0 32 65 1.508600e+01 1.650000e+00 1.129200e+03 7.846000e+02 0
6.810000e-01 8.747800e-01 -1.802400e-01 0 33 65 1.343200e+01 1.650000e+00 1.109700e+03 7.634200e+02 0
7.514000e-01 7.723900e-01 -1.767000e-01 0 35 65 1.095700e+01 1.650000e+00 1.240900e+03 8.227400e+02 0
-8.212400e-01 8.985800e-01 -1.810600e-01 0 36 65 1.197100e+01 1.650000e+00 -4.630100e+01 7.282300e+02 0
-8.447100e-01 9.099000e-01 -1.814500e-01 0 37 65 1.240900e+01 1.650000e+00 -5.317800e+01 7.233600e+02 0
-8.580800e-01 9.289100e-01 -1.821100e-01 0 38 65 1.209700e+01 1.650000e+00 -4.634500e+01 7.158400e+02 0
-8.812700e-01 9.445900e-01 -1.826500e-01 0 39 65 1.093300e+01 1.650000e+00 -4.918900e+01 7.097300e+02 0
0 0 -1.500000e-01 3.204100e-02 1 66 1.577000e+01 1.650000e+00 2167 -3.612800e+03 0
-7.202900e-02 1.123600e-01 -1.538800e-01 3.204100e-02 5 66 1.413900e+01 1.650000e+00 -3.089700e+03 7.605200e+03 0
-1.585200e-01 1.860500e-01 -1.564300e-01 3.204100e-02 8 66 1.335800e+01 1.650000e+00 -1.090700e+03 2.895300e+03 0
-2.008100e-01 1.911600e-01 -1.566100e-01 3.204100e-02 9 66 1.265200e+01 1.650000e+00 -1.213500e+03 2.762600e+03 0
-2.480100e-01 1.866200e-01 -1.564500e-01 3.204100e-02 10 66 1.266000e+01 1.650000e+00 -1508 2.820500e+03 0
-2.619200e-01 2.217000e-01 -1.576600e-01 3.204100e-02 11 66 1.216800e+01 1.650000e+00 -1.064500e+03 2.266800e+03 0
-2.881200e-01 2.307500e-01 -1.579800e-01 3.204100e-02 12 66 1.169700e+01 1.650000e+00 -1.059700e+03 2.154400e+03 0
-3.077600e-01 2.784900e-01 -1.596300e-01 3.204100e-02 13 66 1.094300e+01 1.650000e+00 -7.228400e+02 1.755300e+03 0
-3.050300e-01 3.055400e-01 -1.605600e-01 3.204100e-02 14 66 1.047000e+01 1.650000e+00 -5.577400e+02 1.602300e+03 0
3.536000e-01 3.294800e-01 -1.613900e-01 3.204100e-02 28 66 1.206500e+01 1.650000e+00 1.168500e+03 1596 0
6.799100e-01 6.348600e-01 -1.719500e-01 3.204100e-02 29 66 1.361800e+01 1.650000e+00 1.293900e+03 9.330200e+02 0
6.725500e-01 7.320800e-01 -1.753100e-01 3.204100e-02 30 66 1.452400e+01 1.650000e+00 1.194500e+03 8.486500e+02 0
6.793700e-01 7.971600e-01 -1.775600e-01 3.204100e-02 31 66 1.461200e+01 1.650000e+00 1.154300e+03 8.055500e+02 0
6.766400e-01 8.372800e-01 -1.789400e-01 3.204100e-02 32 66 1.397500e+01 1.650000e+00 1127 7.826000e+02 0
6.722700e-01 8.871000e-01 -1.806600e-01 3.204100e-02 33 66 1.226000e+01 1.650000e+00 1.096100e+03 7.573300e+02 0
7.328400e-01 7.581900e-01 -1.762100e-01 3.204100e-02 35 66 1.015000e+01 1.650000e+00 1.234300e+03 8.317500e+02 0
-8.212400e-01 9.015800e-01 -1.811700e-01 3.204100e-02 36 66 1.108800e+01 1.650000e+00 -4.369900e+01 7.270100e+02 0
-8.348900e-01 9.280100e-01 -1.820800e-01 3.204100e-02 37 66 1.160100e+01 1.650000e+00 -3.105300e+01 7.165100e+02 0
-8.479800e-01 9.505700e-01 -1.828600e-01 3.204100e-02 38 66 1.143000e+01 1.650000e+00 -2.182600e+01 7.080100e+02 0
-8.605300e-01 9.715700e-01 -1.835800e-01 3.204100e-02 39 66 1.050400e+01 1.650000e+00 -1.389100e+01 7.004800e+02 0
-2.128100e-02 2.765200e-02 -1.509600e-01 6.408200e-02 2 67 9.441900e+00 1.650000e+00 3.381700e+03 -6.101200e+03 0
6.851000e-01 7.970500e-01 -1.775500e-01 6.408200e-02 32 67 9.863900e+00 1.650000e+00 1.159700e+03 8.057400e+02 0
7.333900e-01 7.856200e-01 -1.771600e-01 6.408200e-02 33 67 9.567900e+00 1.650000e+00 1.213200e+03 8.138500e+02 0
0 0 -1.500000e-01 9.612300e-02 1 68 1.049400e+01 1.650000e+00 2167 -3.612800e+03 0
1.364200e-03 3.488700e-02 -1.512100e-01 9.612300e-02 2 68 1.009600e+01 1.650000e+00 3.459100e+03 -7177 0
6.488100e-01 6.798600e-01 -1.735000e-01 9.612300e-02 30 68 9.560300e+00 1.650000e+00 1.212800e+03 8.896100e+02 0
6.384400e-01 7.579800e-01 -1.762000e-01 9.612300e-02 31 68 9.449000e+00 1.650000e+00 1.141400e+03 8.295900e+02 0
5.565900e-02 2.088500e+00 -2.221900e-01 -8.971500e-01 69 37 9.967900e+00 1.650000e+00 6.571600e+02 5.296100e+02 0
9.412900e-02 2.138900e+00 -2.239400e-01 -8.971500e-01 70 37 9.956600e+00 1.650000e+00 6.698800e+02 5.261400e+02 0
7.421200e-02 1.981200e+00 -2.184800e-01 -8.651100e-01 69 38 1.004100e+01 1.650000e+00 6.612700e+02 5.379400e+02 0
9.412900e-02 2.116700e+00 -2.231700e-01 -8.651100e-01 70 38 1.007900e+01 1.650000e+00 6.696200e+02 5.277000e+02 0
9.601200e-01 5.253700e+00 -3.316000e-01 -8.010300e-01 154 40 1.028200e+01 1.650000e+00 7.910200e+02 4.404600e+02 1
9.063700e-01 5.190400e+00 -3.294200e-01 -7.689800e-01 152 41 1.053200e+01 1.650000e+00 7.854800e+02 4.411400e+02 1
9.123700e-01 5.229100e+00 -3.307600e-01 -7.689800e-01 153 41 1.218400e+01 1.650000e+00 7.855400e+02 4.407000e+02 1
9.183700e-01 5.262300e+00 -3.319000e-01 -7.689800e-01 154 41 1.273300e+01 1.650000e+00 7.856900e+02 4.403300e+02 1
9.243800e-01 5.295500e+00 -3.330500e-01 -7.689800e-01 155 41 1.221900e+01 1.650000e+00 7.858400e+02 4.399700e+02 1
9.726700e-01 5.315200e+00 -3.337300e-01 -7.689800e-01 156 41 1.037000e+01 1.650000e+00 7.914100e+02 4.397800e+02 1
9.063700e-01 5.194500e+00 -3.295600e-01 -7.369400e-01 152 42 1.066100e+01 1.650000e+00 7.854100e+02 4.410900e+02 1
8.709000e-01 5.236300e+00 -3.310000e-01 -7.369400e-01 153 42 1.230100e+01 1.650000e+00 7.802500e+02 4.406000e+02 1
8.766300e-01 5.270800e+00 -3.322000e-01 -7.369400e-01 154 42 1.287500e+01 1.650000e+00 7.803800e+02 4.402100e+02 1
8.823600e-01 5.304000e+00 -3.333400e-01 -7.369400e-01 155 42 1.241700e+01 1.650000e+00 7.805300e+02 4.398500e+02 1
9.303800e-01 5.319700e+00 -3.338900e-01 -7.369400e-01 156 42 1.078900e+01 1.650000e+00 7.861500e+02 4.397100e+02 1
9.123700e-01 5.228800e+00 -3.307400e-01 -7.049000e-01 153 43 1.046400e+01 1.650000e+00 7.855400e+02 4.407100e+02 1
8.348900e-01 5.274700e+00 -3.323300e-01 -7.049000e-01 154 43 1.098700e+01 1.650000e+00 7.751700e+02 4.401500e+02 1
8.403400e-01 5.311500e+00 -3.336000e-01 -7.049000e-01 155 43 1.059900e+01 1.650000e+00 7.752600e+02 4.397400e+02 1
0 0 -1.500000e-01 -6.408200e-01 1 45 9.244100e+00 1.650000e+00 2167 -3.612800e+03 0
1.587900e+00 2.951600e+00 -2.520300e-01 -6.408200e-01 98 45 1.036600e+01 1.650000e+00 1.012300e+03 4.880800e+02 0
1.631000e+00 2.992400e+00 -2.534400e-01 -6.408200e-01 99 45 1.012700e+01 1.650000e+00 1.017500e+03 4.866600e+02 0
2.089700e+00 1.155800e+00 -1.899500e-01 -3.524500e-01 70 54 1.075000e+01 1.650000e+00 1.897900e+03 6.771400e+02 0
2.081800e+00 1.224600e+00 -1.923300e-01 -3.524500e-01 71 54 1.073000e+01 1.650000e+00 1.816300e+03 6.583300e+02 0
2.130900e+00 1.237400e+00 -1.927700e-01 -3.524500e-01 72 54 1.059400e+01 1.650000e+00 1.833400e+03 6.555500e+02 0
2.239500e+00 1.142300e+00 -1.894900e-01 -3.524500e-01 73 54 1.040000e+01 1.650000e+00 2.016100e+03 6.827900e+02 0
2.290500e+00 1.118700e+00 -1.886700e-01 -3.524500e-01 74 54 1.044400e+01 1.650000e+00 2.084100e+03 6.907000e+02 0
2.022300e+00 1.241200e+00 -1.929000e-01 -3.204100e-01 69 55 1.073800e+01 1.650000e+00 1763 6.536000e+02 0
2.052000e+00 1.243100e+00 -1.929700e-01 -3.204100e-01 70 55 1.149600e+01 1.650000e+00 1.779300e+03 6.534200e+02 0
2.062700e+00 1.274400e+00 -1.940500e-01 -3.204100e-01 71 55 1.099200e+01 1.650000e+00 1.755500e+03 6.460300e+02 0
2.034000e+00 1.336200e+00 -1.961900e-01 -3.204100e-01 72 55 1.006900e+01 1.650000e+00 1.684500e+03 6.321700e+02 0
2.141200e+00 1.250100e+00 -1.932100e-01 -3.204100e-01 73 55 1.001300e+01 1.650000e+00 1.826600e+03 6.525100e+02 0
2.250600e+00 1.143000e+00 -1.895100e-01 -3.204100e-01 74 55 1.001100e+01 1.650000e+00 2.022900e+03 6.827200e+02 0
1.966600e+00 1.324600e+00 -1.957900e-01 -2.883700e-01 69 56 9.994300e+00 1.650000e+00 1.656200e+03 6.340600e+02 0
2.014400e+00 1.317400e+00 -1.955400e-01 -2.883700e-01 70 56 1.029500e+01 1.650000e+00 1.689200e+03 6.359900e+02 0
0 0 -1.500000e-01 -3.204100e-02 1 64 1.575500e+01 1.650000e+00 2167 -3.612800e+03 0
-7.093800e-02 1.127100e-01 -1.539000e-01 -3.204100e-02 5 64 1.413900e+01 1.650000e+00 -3.044700e+03 7.551400e+03 0
-1.585200e-01 1.860900e-01 -1.564300e-01 -3.204100e-02 8 64 1.332500e+01 1.650000e+00 -1.090100e+03 2.894500e+03 0
-2.008100e-01 1.896900e-01 -1.565600e-01 -3.204100e-02 9 64 1.265300e+01 1.650000e+00 -1.236300e+03 2.791100e+03 0
-2.480100e-01 1.855200e-01 -1.564100e-01 -3.204100e-02 10 64 1.257200e+01 1.650000e+00 -1.528200e+03 2.842800e+03 0
-2.619200e-01 2.207400e-01 -1.576300e-01 -3.204100e-02 11 64 1.205700e+01 1.650000e+00 -1.075400e+03 2.278500e+03 0
-2.881200e-01 2.299300e-01 -1.579500e-01 -3.204100e-02 12 64 1.158900e+01 1.650000e+00 -1.068400e+03 2.163200e+03 0
-3.077600e-01 2.785400e-01 -1.596300e-01 -3.204100e-02 13 64 1.094100e+01 1.650000e+00 -7.225000e+02 1755 0
-2.979400e-01 2.967900e-01 -1.602600e-01 -3.204100e-02 14 64 1.052100e+01 1.650000e+00 -5.866900e+02 1.649400e+03 0
-4.201700e-01 2.294100e-01 -1.579300e-01 -3.204100e-02 15 64 1.033500e+01 1.650000e+00 -1.522500e+03 2.121300e+03 0
3.609700e-01 2.770700e-01 -1.595800e-01 -3.204100e-02 28 64 1.208200e+01 1.650000e+00 1.323900e+03 1.930400e+03 0
6.799100e-01 6.431600e-01 -1.722300e-01 -3.204100e-02 29 64 1.360900e+01 1.650000e+00 1.284800e+03 9.246700e+02 0
6.804600e-01 7.310700e-01 -1.752700e-01 -3.204100e-02 30 64 1.455400e+01 1.650000e+00 1.203400e+03 8.496000e+02 0
6.793700e-01 7.975600e-01 -1.775700e-01 -3.204100e-02 31 64 1.468700e+01 1.650000e+00 1.154100e+03 8.053100e+02 0
6.766400e-01 8.321900e-01 -1.787700e-01 -3.204100e-02 32 64 1.409600e+01 1.650000e+00 1130 7.853600e+02 0
6.810000e-01 8.728300e-01 -1.801700e-01 -3.204100e-02 33 64 1.240200e+01 1.650000e+00 1.110800e+03 7.643700e+02 0
7.421200e-01 7.657400e-01 -1.764700e-01 -3.204100e-02 35 64 1.000400e+01 1.650000e+00 1.237200e+03 8.269000e+02 0
-8.116900e-01 9.031200e-01 -1.812200e-01 -3.204100e-02 36 64 1.085400e+01 1.650000e+00 -3.556400e+01 7.265400e+02 0
-8.250600e-01 9.225400e-01 -1.818900e-01 -3.204100e-02 37 64 1.129900e+01 1.650000e+00 -2.872200e+01 7.187300e+02 0
-8.479800e-01 9.359500e-01 -1.823500e-01 -3.204100e-02 38 64 1.086300e+01 1.650000e+00 -3.357600e+01 7.133500e+02 0
