0 0 -1.500000e-01 0 1 65 1.676100e+01 2.940000e+00 2167 -3.612800e+03 0
-7.093800e-02 1.129000e-01 -1.569600e-01 0 5 65 1.515800e+01 2.940000e+00 -3.038100e+03 7.585200e+03 0
-1.585200e-01 1.860900e-01 -1.614700e-01 0 8 65 1.433800e+01 2.940000e+00 -1093 2.925300e+03 0
-2.008100e-01 1.911000e-01 -1.617800e-01 0 9 65 1.364700e+01 2.940000e+00 -1.217500e+03 2.793600e+03 0
-2.480100e-01 1.868000e-01 -1.615100e-01 0 10 65 1.362900e+01 2.940000e+00 -1.508200e+03 2.846600e+03 0
-2.619200e-01 2.229200e-01 -1.637400e-01 0 11 65 1.306700e+01 2.940000e+00 -1.053400e+03 2.278800e+03 0
-2.881200e-01 2.334900e-01 -1.643900e-01 0 12 65 1.268900e+01 2.940000e+00 -1.033600e+03 2.151300e+03 0
-3.044900e-01 2.819000e-01 -1.673700e-01 0 13 65 1.197800e+01 2.940000e+00 -6.936000e+02 1.757900e+03 0
-3.050300e-01 3.074600e-01 -1.689500e-01 0 14 65 1.140700e+01 2.940000e+00 -5.493800e+02 1.615300e+03 0
-1.184100e-01 3.889700e-01 -1.739700e-01 0 15 65 1.112900e+01 2.940000e+00 1.161100e+02 1.329500e+03 0
3.536000e-01 3.729200e-01 -1.729800e-01 0 28 65 1.312300e+01 2.940000e+00 1.097600e+03 1.435600e+03 0
6.799100e-01 6.370000e-01 -1.892600e-01 0 29 65 1.465000e+01 2.940000e+00 1.292600e+03 9.511000e+02 0
6.725500e-01 7.356200e-01 -1.953400e-01 0 30 65 1.555100e+01 2.940000e+00 1.192700e+03 8.657400e+02 0
6.793700e-01 7.975800e-01 -1.991500e-01 0 31 65 1.567500e+01 2.940000e+00 1.154900e+03 8.246800e+02 0
6.766400e-01 8.334200e-01 -2.013600e-01 0 32 65 1.506900e+01 2.940000e+00 1.130100e+03 8.039300e+02 0
6.810000e-01 8.772000e-01 -2.040600e-01 0 33 65 1.331400e+01 2.940000e+00 1.109300e+03 7.813300e+02 0
-9.994100e-01 3.690700e-01 -1.727500e-01 0 34 65 1.093200e+01 2.940000e+00 -1.572300e+03 1.297500e+03 0
7.235700e-01 9.176700e-01 -2.065600e-01 0 35 65 1.143000e+01 2.940000e+00 1.122500e+03 7.632200e+02 0
-8.307900e-01 8.623200e-01 -2.031400e-01 0 36 65 1.175600e+01 2.940000e+00 -8.700700e+01 7.613500e+02 0
-8.447100e-01 8.772600e-01 -2.040600e-01 0 37 65 1.206800e+01 2.940000e+00 -8.317900e+01 7.546100e+02 0
-8.681700e-01 8.760800e-01 -2.039900e-01 0 38 65 1.159800e+01 2.940000e+00 -1.015000e+02 7.547300e+02 0
-9.020000e-01 8.703200e-01 -2.036400e-01 0 39 65 1.002100e+01 2.940000e+00 -1.319800e+02 7.566500e+02 0
0 0 -1.500000e-01 3.204100e-02 1 66 1.575400e+01 2.940000e+00 2167 -3.612800e+03 0
-7.202900e-02 1.116200e-01 -1.568800e-01 3.204100e-02 5 66 1.415600e+01 2.940000e+00 -3.171300e+03 7.808400e+03 0
-1.585200e-01 1.860800e-01 -1.614700e-01 3.204100e-02 8 66 1.330700e+01 2.940000e+00 -1.093100e+03 2.925500e+03 0
-2.008100e-01 1.913300e-01 -1.617900e-01 3.204100e-02 9 66 1.259000e+01 2.940000e+00 -1.213900e+03 2.789200e+03 0
-2.504700e-01 1.828400e-01 -1.612700e-01 3.204100e-02 10 66 1.255500e+01 2.940000e+00 -1.594400e+03 2.927600e+03 0
-2.619200e-01 2.230400e-01 -1.637500e-01 3.204100e-02 11 66 1.207600e+01 2.940000e+00 -1.052100e+03 2.277300e+03 0
-2.881200e-01 2.353300e-01 -1.645000e-01 3.204100e-02 12 66 1.152100e+01 2.940000e+00 -1.015100e+03 2.132500e+03 0
-3.044900e-01 2.853100e-01 -1.675800e-01 3.204100e-02 13 66 1.079900e+01 2.940000e+00 -6.722400e+02 1737 0
-3.121300e-01 3.071300e-01 -1.689300e-01 3.204100e-02 14 66 1.041400e+01 2.940000e+00 -5.683600e+02 1.615700e+03 0
-1.222300e-01 3.944900e-01 -1.743100e-01 3.204100e-02 15 66 1.028700e+01 2.940000e+00 1.186700e+02 1.313300e+03 0
3.536000e-01 4.099900e-01 -1.752700e-01 3.204100e-02 28 66 1.221200e+01 2.940000e+00 1.051500e+03 1.317100e+03 0
6.799100e-01 6.331900e-01 -1.890200e-01 3.204100e-02 29 66 1.373400e+01 2.940000e+00 1.296900e+03 9.550200e+02 0
6.725500e-01 7.342400e-01 -1.952500e-01 3.204100e-02 30 66 1.464000e+01 2.940000e+00 1.193800e+03 8.667500e+02 0
6.793700e-01 7.975700e-01 -1.991500e-01 3.204100e-02 31 66 1.478300e+01 2.940000e+00 1.154900e+03 8.246900e+02 0
6.766400e-01 8.333700e-01 -2.013600e-01 3.204100e-02 32 66 1.422200e+01 2.940000e+00 1.130100e+03 8.039600e+02 0
6.810000e-01 8.706600e-01 -2.036600e-01 3.204100e-02 33 66 1.261800e+01 2.940000e+00 1.112800e+03 7.845500e+02 0
7.235700e-01 9.289600e-01 -2.072500e-01 3.204100e-02 35 66 1.044500e+01 2.940000e+00 1.116700e+03 7.582800e+02 0
-8.594400e-01 8.166700e-01 -2.003300e-01 3.204100e-02 36 66 1.050100e+01 2.940000e+00 -1.558600e+02 7.822500e+02 0
-8.447100e-01 8.925100e-01 -2.050100e-01 3.204100e-02 37 66 1.068200e+01 2.940000e+00 -6.917900e+01 7.482100e+02 0
-8.479800e-01 9.622700e-01 -2.093000e-01 3.204100e-02 38 66 1.031000e+01 2.940000e+00 -1.328900e+01 7.216200e+02 0
-1.446000e-01 6.622200e-02 -1.540800e-01 6.408200e-02 6 67 9.778800e+00 2.940000e+00 69537 -101210 0
-1.800700e-01 7.467700e-02 -1.546000e-01 6.408200e-02 7 67 1.004800e+01 2.940000e+00 -32543 44494 0
-1.623400e-01 1.765700e-01 -1.608800e-01 6.408200e-02 8 67 9.733200e+00 2.940000e+00 -1.270800e+03 3.144800e+03 0
-2.480100e-01 1.926500e-01 -1.618700e-01 6.408200e-02 10 67 9.662000e+00 2.940000e+00 -1.406800e+03 2.733900e+03 0
-2.783000e-01 2.084600e-01 -1.628500e-01 6.408200e-02 11 67 9.524200e+00 2.940000e+00 -1.294800e+03 2.460300e+03 0
6.875500e-01 6.286300e-01 -1.887400e-01 6.408200e-02 29 67 1.059700e+01 2.940000e+00 1.311500e+03 9.600800e+02 0
6.804600e-01 7.314200e-01 -1.950800e-01 6.408200e-02 30 67 1.147300e+01 2.940000e+00 1.204100e+03 8.690400e+02 0
6.793700e-01 7.972600e-01 -1.991300e-01 6.408200e-02 31 67 1.166700e+01 2.940000e+00 1.155100e+03 8.248800e+02 0
6.766400e-01 8.276500e-01 -2.010100e-01 6.408200e-02 32 67 1.119300e+01 2.940000e+00 1.133500e+03 8.071300e+02 0
6.635400e-01 8.342500e-01 -2.014100e-01 6.408200e-02 33 67 1.000500e+01 2.940000e+00 1.118100e+03 8.032100e+02 0
0 0 -1.500000e-01 9.612300e-02 1 68 1.003300e+01 2.940000e+00 2167 -3.612800e+03 0
6.951900e-01 6.086500e-01 -1.875100e-01 9.612300e-02 29 68 9.624100e+00 2.940000e+00 1.345400e+03 9.822900e+02 0
6.725500e-01 7.328200e-01 -1.951600e-01 9.612300e-02 30 68 1.057300e+01 2.940000e+00 1.194900e+03 8.677900e+02 0
6.711800e-01 8.044300e-01 -1.995800e-01 9.612300e-02 31 68 1.080200e+01 2.940000e+00 1.142900e+03 8.203800e+02 0
6.766400e-01 8.429500e-01 -2.019500e-01 9.612300e-02 32 68 1.040600e+01 2.940000e+00 1.124500e+03 7.987700e+02 0
9.797600e-01 5.868100e+00 -5.116400e-01 -8.330700e-01 172 39 1.017400e+01 2.940000e+00 7.831700e+02 4.512400e+02 1
8.447100e-01 5.945900e+00 -5.164400e-01 -8.330700e-01 173 39 1.088200e+01 2.940000e+00 7.672200e+02 4.504700e+02 1
6.136100e-01 5.980900e+00 -5.186000e-01 -8.330700e-01 174 39 1.056700e+01 2.940000e+00 7.417100e+02 4.500300e+02 1
8.741700e-01 6.149100e+00 -5.289600e-01 -8.330700e-01 179 39 1.006300e+01 2.940000e+00 7.678600e+02 4.487700e+02 1
7.464900e-01 5.909100e+00 -5.141700e-01 -8.010300e-01 172 40 1.037100e+01 2.940000e+00 7.568900e+02 4.507400e+02 1
7.508500e-01 5.959700e+00 -5.172900e-01 -8.010300e-01 173 40 1.119100e+01 2.940000e+00 7.568200e+02 4.503000e+02 1
7.552200e-01 5.989600e+00 -5.191300e-01 -8.010300e-01 174 40 1.101700e+01 2.940000e+00 7.569700e+02 4.500400e+02 1
8.741700e-01 6.154000e+00 -5.292700e-01 -8.010300e-01 179 40 1.034500e+01 2.940000e+00 7.678000e+02 4.487300e+02 1
8.302500e-01 6.194400e+00 -5.317600e-01 -8.010300e-01 180 40 1.008700e+01 2.940000e+00 7.627100e+02 4.483800e+02 1
7.565800e-01 1.449700e+00 -2.393400e-01 -6.087800e-01 48 46 1.026000e+01 2.940000e+00 9.695600e+02 6.202300e+02 0
7.464900e-01 1.493400e+00 -2.420400e-01 -6.087800e-01 49 46 1.060500e+01 2.940000e+00 9.562500e+02 6.132500e+02 0
7.353000e-01 1.539400e+00 -2.448700e-01 -6.087800e-01 50 46 9.771200e+00 2.940000e+00 9.428700e+02 6.063500e+02 0
0 0 -1.500000e-01 -5.767400e-01 1 47 9.417700e+00 2.940000e+00 2167 -3.612800e+03 0
7.694000e-01 1.433900e+00 -2.383700e-01 -5.767400e-01 48 47 1.043000e+01 2.940000e+00 9.790300e+02 6.229400e+02 0
7.595800e-01 1.486500e+00 -2.416100e-01 -5.767400e-01 49 47 1.085900e+01 2.940000e+00 9.636400e+02 6.143900e+02 0
7.486700e-01 1.536300e+00 -2.446800e-01 -5.767400e-01 50 47 1.020400e+01 2.940000e+00 9.494000e+02 6.068700e+02 0
2.004500e+00 1.862600e+00 -2.647900e-01 -5.767400e-01 80 47 1.090700e+01 2.940000e+00 1.371200e+03 5.739000e+02 0
2.029900e+00 1.914300e+00 -2.679800e-01 -5.767400e-01 81 47 1.161800e+01 2.940000e+00 1.360900e+03 5.689200e+02 0
2.055300e+00 1.943400e+00 -2.697700e-01 -5.767400e-01 82 47 1.155600e+01 2.940000e+00 1.359400e+03 5.662900e+02 0
2.035900e+00 2.003800e+00 -2.735000e-01 -5.767400e-01 83 47 1.102700e+01 2.940000e+00 1.330900e+03 5.607900e+02 0
2.038100e+00 2.058300e+00 -2.768500e-01 -5.767400e-01 84 47 1.089300e+01 2.940000e+00 1.313600e+03 5.562200e+02 0
2.131400e+00 2.015600e+00 -2.742200e-01 -5.767400e-01 85 47 1.141800e+01 2.940000e+00 1.360500e+03 5.601400e+02 0
2.156800e+00 2.028600e+00 -2.750200e-01 -5.767400e-01 86 47 1.128000e+01 2.940000e+00 1.364800e+03 5.591300e+02 0
2.004500e+00 1.888100e+00 -2.663700e-01 -5.447000e-01 80 48 1.179900e+01 2.940000e+00 1.361300e+03 5.713500e+02 0
2.008100e+00 1.939900e+00 -2.695500e-01 -5.447000e-01 81 48 1.241600e+01 2.940000e+00 1.343400e+03 5.664200e+02 0
2.011100e+00 1.989300e+00 -2.726000e-01 -5.447000e-01 82 48 1.212000e+01 2.940000e+00 1.327100e+03 5.619600e+02 0
1.968800e+00 2.050000e+00 -2.763400e-01 -5.447000e-01 83 48 1.114600e+01 2.940000e+00 1.292400e+03 5.566400e+02 0
2.038100e+00 2.058100e+00 -2.768400e-01 -5.447000e-01 84 48 1.109400e+01 2.940000e+00 1.313600e+03 5.562300e+02 0
2.108500e+00 2.038800e+00 -2.756500e-01 -5.447000e-01 85 48 1.198100e+01 2.940000e+00 1.344300e+03 5.580800e+02 0
2.110400e+00 2.079300e+00 -2.781500e-01 -5.447000e-01 86 48 1.177800e+01 2.940000e+00 1.331400e+03 5.547700e+02 0
2.111800e+00 2.098100e+00 -2.793000e-01 -5.447000e-01 87 48 1.037200e+01 2.940000e+00 1.325700e+03 5.532900e+02 0
2.026100e+00 1.866600e+00 -2.650400e-01 -5.126600e-01 80 49 1.070700e+01 2.940000e+00 1.377900e+03 5.735900e+02 0
2.008100e+00 1.940000e+00 -2.695600e-01 -5.126600e-01 81 49 1.123400e+01 2.940000e+00 1.343400e+03 5.664100e+02 0
1.989000e+00 2.011400e+00 -2.739600e-01 -5.126600e-01 82 49 1.072100e+01 2.940000e+00 1.311900e+03 5.599600e+02 0
2.108500e+00 2.032300e+00 -2.752500e-01 -5.126600e-01 85 49 1.060500e+01 2.940000e+00 1.346600e+03 5.586300e+02 0
2.133600e+00 2.028400e+00 -2.750100e-01 -5.126600e-01 86 49 1.035500e+01 2.940000e+00 1.356700e+03 5.590500e+02 0
0 0 -1.500000e-01 -9.612300e-02 1 62 1.012700e+01 2.940000e+00 2167 -3.612800e+03 0
6.804600e-01 7.423900e-01 -1.957500e-01 -9.612300e-02 30 62 1.042900e+01 2.940000e+00 1.195500e+03 8.610700e+02 0
6.793700e-01 7.896300e-01 -1.986600e-01 -9.612300e-02 31 62 1.076600e+01 2.940000e+00 1.160200e+03 8.295600e+02 0
6.851000e-01 7.972800e-01 -1.991400e-01 -9.612300e-02 32 62 1.046000e+01 2.940000e+00 1.160500e+03 825 0
7.246600e-01 7.889900e-01 -1.986300e-01 -9.612300e-02 33 62 9.644100e+00 2.940000e+00 1.203400e+03 8.310200e+02 0
6.722700e-01 6.368800e-01 -1.892500e-01 -6.408200e-02 29 63 1.062400e+01 2.940000e+00 1.283500e+03 9.509400e+02 0
6.725500e-01 7.439600e-01 -1.958500e-01 -6.408200e-02 30 63 1.180300e+01 2.940000e+00 1.186300e+03 8.597300e+02 0
6.711800e-01 8.020500e-01 -1.994300e-01 -6.408200e-02 31 63 1.222800e+01 2.940000e+00 1.144500e+03 8.218000e+02 0
6.766400e-01 8.206400e-01 -2.005800e-01 -6.408200e-02 32 63 1.211700e+01 2.940000e+00 1.137800e+03 8.110800e+02 0
6.810000e-01 8.428200e-01 -2.019400e-01 -6.408200e-02 33 63 1.138200e+01 2.940000e+00 1.128400e+03 7.989300e+02 0
6.842800e-01 8.357700e-01 -2.015100e-01 -6.408200e-02 34 63 9.904900e+00 2.940000e+00 1.135400e+03 8.028100e+02 0
0 0 -1.500000e-01 -3.204100e-02 1 64 1.575600e+01 2.940000e+00 2167 -3.612800e+03 0
-7.093800e-02 1.132200e-01 -1.569800e-01 -3.204100e-02 5 64 1.413300e+01 2.940000e+00 -3.009500e+03 7.530200e+03 0
-1.585200e-01 1.861000e-01 -1.614700e-01 -3.204100e-02 8 64 1.334000e+01 2.940000e+00 -1.092800e+03 2925 0
-1.986300e-01 1.925400e-01 -1.618700e-01 -3.204100e-02 9 64 1.267800e+01 2.940000e+00 -1.185400e+03 2.767400e+03 0
-2.480100e-01 1.856000e-01 -1.614400e-01 -3.204100e-02 10 64 1.269100e+01 2.940000e+00 -1.530300e+03 2.871200e+03 0
-2.619200e-01 2.218600e-01 -1.636700e-01 -3.204100e-02 11 64 1.222700e+01 2.940000e+00 -1.065300e+03 2.291500e+03 0
-2.881200e-01 2.324500e-01 -1.643300e-01 -3.204100e-02 12 64 1.181200e+01 2.940000e+00 -1.044400e+03 2.162200e+03 0
-3.077600e-01 2.760900e-01 -1.670200e-01 -3.204100e-02 13 64 1.110500e+01 2.940000e+00 -7.406500e+02 1.794400e+03 0
-3.014900e-01 3.064600e-01 -1.688900e-01 -3.204100e-02 14 64 1.047400e+01 2.940000e+00 -5.458500e+02 1621 0
3.536000e-01 3.865700e-01 -1.738200e-01 -3.204100e-02 28 64 1.205400e+01 2.940000e+00 1.079300e+03 1.388500e+03 0
6.799100e-01 6.414700e-01 -1.895300e-01 -3.204100e-02 29 64 1.354800e+01 2.940000e+00 1.287700e+03 9.465800e+02 0
6.804600e-01 7.301400e-01 -1.950000e-01 -3.204100e-02 30 64 1.438900e+01 2.940000e+00 1.205200e+03 8.699900e+02 0
6.793700e-01 7.975800e-01 -1.991500e-01 -3.204100e-02 31 64 1.444900e+01 2.940000e+00 1.154900e+03 8.246800e+02 0
6.851000e-01 8.278400e-01 -2.010200e-01 -3.204100e-02 32 64 1.367600e+01 2.940000e+00 1141 8.072000e+02 0
6.984700e-01 8.699600e-01 -2.036200e-01 -3.204100e-02 33 64 1.134300e+01 2.940000e+00 1.127900e+03 7.852400e+02 0
6.842800e-01 8.056600e-01 -1.996500e-01 -3.204100e-02 34 64 1.068300e+01 2.940000e+00 1.154200e+03 8.199400e+02 0
7.050100e-01 9.199300e-01 -2.066900e-01 -3.204100e-02 35 64 1.033500e+01 2.940000e+00 1.106700e+03 7.619100e+02 0
-8.307900e-01 8.642800e-01 -2.032700e-01 -3.204100e-02 36 64 1.091300e+01 2.940000e+00 -8.512800e+01 7.604800e+02 0
-8.447100e-01 8.746100e-01 -2.039000e-01 -3.204100e-02 37 64 1.124100e+01 2.940000e+00 -8.566100e+01 7.557500e+02 0
-8.580800e-01 8.728600e-01 -2.037900e-01 -3.204100e-02 38 64 1.078600e+01 2.940000e+00 -9.716100e+01 7.562800e+02 0
