0 0 -1.500000e-01 0 1 65 1.675900e+01 2.910000e+00 2167 -3.612800e+03 0
-7.093800e-02 1.129900e-01 -1.568900e-01 0 5 65 1.515600e+01 2.910000e+00 -3.030200e+03 7569 0
-1.585200e-01 1.860800e-01 -1.613500e-01 0 8 65 1.434600e+01 2.910000e+00 -1093 2.924700e+03 0
-2.008100e-01 1.914100e-01 -1.616800e-01 0 9 65 1.366500e+01 2.910000e+00 -1.212500e+03 2.786800e+03 0
-2.480100e-01 1.868500e-01 -1.614000e-01 0 10 65 1.359600e+01 2.910000e+00 -1.507200e+03 2845 0
-2.619200e-01 2.226800e-01 -1.635800e-01 0 11 65 1.307900e+01 2.910000e+00 -1.056100e+03 2281 0
-2.881200e-01 2.333200e-01 -1.642300e-01 0 12 65 1.266900e+01 2.910000e+00 -1.035400e+03 2.152500e+03 0
-3.077600e-01 2.797400e-01 -1.670600e-01 0 13 65 1.196300e+01 2.910000e+00 -7.163400e+02 1.770200e+03 0
-3.050300e-01 2.970100e-01 -1.681200e-01 0 14 65 1.144800e+01 2.910000e+00 -6.050800e+02 1.669300e+03 0
-1.145900e-01 4.143700e-01 -1.752800e-01 0 15 65 1.131900e+01 2.910000e+00 1.655900e+02 1.260700e+03 0
3.609700e-01 3.024100e-01 -1.684500e-01 0 28 65 1.310900e+01 2.910000e+00 1.251300e+03 1.773900e+03 0
6.799100e-01 6.398200e-01 -1.890300e-01 0 29 65 1.466000e+01 2.910000e+00 1.289500e+03 9.477600e+02 0
6.725500e-01 7.364500e-01 -1.949200e-01 0 30 65 1.557400e+01 2.910000e+00 1192 8.646700e+02 0
6.793700e-01 7.975600e-01 -1.986500e-01 0 31 65 1.573100e+01 2.910000e+00 1.154900e+03 8.242400e+02 0
6.766400e-01 8.314500e-01 -2.007200e-01 0 32 65 1.521200e+01 2.910000e+00 1.131300e+03 8.045700e+02 0
6.722700e-01 8.735000e-01 -2.032800e-01 0 33 65 1.372400e+01 2.910000e+00 1.103900e+03 7.825400e+02 0
7.514000e-01 8.467600e-01 -2.016500e-01 0 35 65 1.121000e+01 2.910000e+00 1.187400e+03 7.978000e+02 0
-8.498900e-01 8.452200e-01 -2.015600e-01 0 36 65 1.187800e+01 2.910000e+00 -1.182500e+02 7.683300e+02 0
-8.545300e-01 8.705900e-01 -2.031100e-01 0 37 65 1.224000e+01 2.910000e+00 -9.670300e+01 7.569000e+02 0
-8.681700e-01 8.697600e-01 -2.030500e-01 0 38 65 1.187100e+01 2.910000e+00 -1.075800e+02 7.570400e+02 0
-8.916400e-01 8.578800e-01 -2.023300e-01 0 39 65 1.067000e+01 2.910000e+00 -1.368500e+02 7.618700e+02 0
8.447100e-01 1.147500e+00 -2.200000e-01 0 44 65 9.727600e+00 2.910000e+00 1.103600e+03 6.844100e+02 0
0 0 -1.500000e-01 3.204100e-02 1 66 1.572300e+01 2.910000e+00 2167 -3.612800e+03 0
-7.202900e-02 1.117200e-01 -1.568100e-01 3.204100e-02 5 66 1.414800e+01 2.910000e+00 -3.161900e+03 7.789200e+03 0
-1.585200e-01 1.859300e-01 -1.613400e-01 3.204100e-02 8 66 1.327300e+01 2.910000e+00 -1.095300e+03 2.927900e+03 0
-1.986300e-01 1.949700e-01 -1.618900e-01 3.204100e-02 9 66 1.258900e+01 2.910000e+00 -1.149600e+03 2.721700e+03 0
-2.480100e-01 1.878200e-01 -1.614600e-01 3.204100e-02 10 66 1.249600e+01 2.910000e+00 -1.489800e+03 2.825600e+03 0
-2.619200e-01 2.236300e-01 -1.636400e-01 3.204100e-02 11 66 1.197100e+01 2.910000e+00 -1.045500e+03 2.269700e+03 0
-2.941200e-01 2.269700e-01 -1.638400e-01 3.204100e-02 12 66 1.155100e+01 2.910000e+00 -1.124100e+03 2.218600e+03 0
-3.175800e-01 2.693800e-01 -1.664300e-01 3.204100e-02 13 66 1.089700e+01 2.910000e+00 -8.153700e+02 1837 0
-1.031300e-01 4.041800e-01 -1.746500e-01 3.204100e-02 15 66 1.044600e+01 2.910000e+00 1.707000e+02 1.288100e+03 0
3.536000e-01 3.255800e-01 -1.698600e-01 3.204100e-02 28 66 1.207500e+01 2.910000e+00 1.177300e+03 1.639600e+03 0
6.799100e-01 6.365000e-01 -1.888300e-01 3.204100e-02 29 66 1.367800e+01 2.910000e+00 1.293200e+03 9.511400e+02 0
6.725500e-01 7.345800e-01 -1.948100e-01 3.204100e-02 30 66 1.458400e+01 2.910000e+00 1.193500e+03 8.660400e+02 0
6.793700e-01 7.975700e-01 -1.986500e-01 3.204100e-02 31 66 1.472500e+01 2.910000e+00 1.154900e+03 8.242400e+02 0
6.766400e-01 8.335500e-01 -2.008500e-01 3.204100e-02 32 66 1.416700e+01 2.910000e+00 1130 8.034100e+02 0
6.722700e-01 8.772000e-01 -2.035100e-01 3.204100e-02 33 66 1.256900e+01 2.910000e+00 1102 7.807200e+02 0
7.421200e-01 8.991400e-01 -2.048500e-01 3.204100e-02 35 66 1.029000e+01 2.910000e+00 1.147500e+03 7.715200e+02 0
-8.403400e-01 8.612400e-01 -2.025400e-01 3.204100e-02 36 66 1.069100e+01 2.910000e+00 -9.515800e+01 7.612400e+02 0
-8.545300e-01 8.887200e-01 -2.042100e-01 3.204100e-02 37 66 1.104700e+01 2.910000e+00 -7.970100e+01 7.492100e+02 0
-8.782700e-01 9.017500e-01 -2.050100e-01 3.204100e-02 38 66 1.067100e+01 2.910000e+00 -8.484300e+01 7.435100e+02 0
0 0 -1.500000e-01 6.408200e-02 1 67 1.045600e+01 2.910000e+00 2167 -3.612800e+03 0
-3.246800e-02 9.622800e-03 -1.505900e-01 6.408200e-02 2 67 1.014900e+01 2.910000e+00 2.742800e+03 -4291 0
-1.440600e-01 1.493400e-01 -1.591100e-01 6.408200e-02 7 67 9.937600e+00 2.910000e+00 -1.807900e+03 4.097500e+03 0
-5.042100e-01 8.126300e-01 -1.995700e-01 6.408200e-02 29 67 9.711300e+00 2.910000e+00 1.252500e+02 7.907200e+02 0
6.804600e-01 7.425900e-01 -1.953000e-01 6.408200e-02 30 67 1.030300e+01 2.910000e+00 1.195300e+03 8.604600e+02 0
6.793700e-01 7.931500e-01 -1.983800e-01 6.408200e-02 31 67 1.067500e+01 2.910000e+00 1.157900e+03 8.269400e+02 0
6.851000e-01 8.041300e-01 -1.990500e-01 6.408200e-02 32 67 1.024900e+01 2.910000e+00 1.155900e+03 8.204200e+02 0
0 0 -1.500000e-01 9.612300e-02 1 68 1.006400e+01 2.910000e+00 2167 -3.612800e+03 0
6.725500e-01 7.539600e-01 -1.959900e-01 9.612300e-02 30 68 9.710600e+00 2.910000e+00 1.178700e+03 8.522700e+02 0
6.630000e-01 8.109400e-01 -1.994700e-01 9.612300e-02 31 68 1.004700e+01 2.910000e+00 1.131400e+03 8.159100e+02 0
6.597200e-01 8.563100e-01 -2.022300e-01 9.612300e-02 32 68 9.618800e+00 2.910000e+00 1.102500e+03 7.909700e+02 0
7.838600e-01 5.846500e+00 -5.066300e-01 -8.330700e-01 170 39 1.081100e+01 2.910000e+00 7.617200e+02 4.509300e+02 1
7.885000e-01 5.884200e+00 -5.089300e-01 -8.330700e-01 171 39 1.160100e+01 2.910000e+00 7.617900e+02 4.505900e+02 1
8.398000e-01 5.910900e+00 -5.105600e-01 -8.330700e-01 172 39 1.135900e+01 2.910000e+00 7.671100e+02 4.503800e+02 1
8.299700e-01 5.843000e+00 -5.064200e-01 -8.010300e-01 170 40 1.148000e+01 2.910000e+00 7.668800e+02 4.509800e+02 1
7.885000e-01 5.884200e+00 -5.089300e-01 -8.010300e-01 171 40 1.230800e+01 2.910000e+00 7.617900e+02 4.505900e+02 1
7.931400e-01 5.918100e+00 -5.110000e-01 -8.010300e-01 172 40 1.208400e+01 2.910000e+00 7.619000e+02 4.502900e+02 1
7.039200e-01 5.946200e+00 -5.127100e-01 -8.010300e-01 173 40 1.069800e+01 2.910000e+00 7.518400e+02 4.499900e+02 1
7.838600e-01 5.823500e+00 -5.052300e-01 -7.689800e-01 170 41 1.016300e+01 2.910000e+00 7.619900e+02 4.511300e+02 1
7.421200e-01 5.882400e+00 -5.088200e-01 -7.689800e-01 171 41 1.100300e+01 2.910000e+00 7.566900e+02 4.505800e+02 1
6.998300e-01 5.929700e+00 -5.117100e-01 -7.689800e-01 172 41 1.085800e+01 2.910000e+00 7.515500e+02 4.501300e+02 1
2.033200e+00 1.944100e+00 -2.685900e-01 -5.767400e-01 82 47 1.024100e+01 2.910000e+00 1351 5.657100e+02 0
2.103000e+00 1.937100e+00 -2.681600e-01 -5.767400e-01 83 47 1.080900e+01 2.910000e+00 1.379200e+03 5.666400e+02 0
2.174000e+00 1.916700e+00 -2.669200e-01 -5.767400e-01 84 47 1.079300e+01 2.910000e+00 1.413500e+03 5.688700e+02 0
2.177200e+00 1.945300e+00 -2.686600e-01 -5.767400e-01 85 47 1.007800e+01 2.910000e+00 1.403300e+03 5.661800e+02 0
8.659900e-01 1.303900e+00 -2.295400e-01 -5.447000e-01 47 48 1.068900e+01 2.910000e+00 1.061800e+03 6.474400e+02 0
9.104600e-01 1.299600e+00 -2.292700e-01 -5.447000e-01 48 48 1.051600e+01 2.910000e+00 1.087300e+03 6.487200e+02 0
2.016800e+00 1.778000e+00 -2.584600e-01 -5.447000e-01 78 48 1.078600e+01 2.910000e+00 1.411100e+03 5.825500e+02 0
2.000500e+00 1.848500e+00 -2.627500e-01 -5.447000e-01 79 48 1.179000e+01 2.910000e+00 1.375200e+03 5.749000e+02 0
2.004500e+00 1.889300e+00 -2.652500e-01 -5.447000e-01 80 48 1.143200e+01 2.910000e+00 1.360800e+03 5.708100e+02 0
2.182700e+00 1.645200e+00 -2.503500e-01 -5.447000e-01 81 48 9.908100e+00 2.910000e+00 1.547800e+03 5.997000e+02 0
2.033200e+00 1.959900e+00 -2.695500e-01 -5.447000e-01 82 48 1.154900e+01 2.910000e+00 1.345300e+03 5.642600e+02 0
2.103000e+00 1.941900e+00 -2.684500e-01 -5.447000e-01 83 48 1.244900e+01 2.910000e+00 1.377400e+03 5.662000e+02 0
2.128700e+00 1.967200e+00 -2.700000e-01 -5.447000e-01 84 48 1.251600e+01 2.910000e+00 1.377200e+03 5.639800e+02 0
2.154300e+00 1.980800e+00 -2.708300e-01 -5.447000e-01 85 48 1.162900e+01 2.910000e+00 1.381300e+03 5.628600e+02 0
8.103300e-01 1.323800e+00 -2.307500e-01 -5.126600e-01 46 49 9.852200e+00 2.910000e+00 1.026300e+03 6.429400e+02 0
8.659900e-01 1.330400e+00 -2.311600e-01 -5.126600e-01 47 49 1.048900e+01 2.910000e+00 1.053800e+03 6.420700e+02 0
9.232800e-01 1.327000e+00 -2.309400e-01 -5.126600e-01 48 49 1.024900e+01 2.910000e+00 1.085200e+03 6.432300e+02 0
1.995800e+00 1.801400e+00 -2.598800e-01 -5.126600e-01 78 49 1.109500e+01 2.910000e+00 1.392700e+03 5.798700e+02 0
2.000500e+00 1.848200e+00 -2.627400e-01 -5.126600e-01 79 49 1.214300e+01 2.910000e+00 1.375300e+03 5.749300e+02 0
2.004500e+00 1.892300e+00 -2.654300e-01 -5.126600e-01 80 49 1.191800e+01 2.910000e+00 1.359700e+03 5.705200e+02 0
2.077400e+00 1.911400e+00 -2.665900e-01 -5.126600e-01 82 49 1.099300e+01 2.910000e+00 1.379600e+03 5.689800e+02 0
2.125400e+00 1.915700e+00 -2.668600e-01 -5.126600e-01 83 49 1.213800e+01 2.910000e+00 1.395800e+03 5.687700e+02 0
2.151300e+00 1.942300e+00 -2.684800e-01 -5.126600e-01 84 49 1.228800e+01 2.910000e+00 1395 5.663600e+02 0
2.177200e+00 1.951300e+00 -2.690300e-01 -5.126600e-01 85 49 1.139500e+01 2.910000e+00 1.400900e+03 5.656300e+02 0
1.957900e+00 1.883900e+00 -2.649200e-01 -4.806200e-01 79 50 1.029500e+01 2.910000e+00 1.345300e+03 5.711400e+02 0
2.004500e+00 1.885800e+00 -2.650300e-01 -4.806200e-01 80 50 1.035900e+01 2.910000e+00 1.362200e+03 5.711600e+02 0
2.371500e+00 1.302500e+00 -2.294500e-01 -4.806200e-01 83 50 9.899200e+00 2.910000e+00 1.911700e+03 6.609300e+02 0
2.377800e+00 1.657200e+00 -2.510900e-01 -4.806200e-01 84 50 9.874900e+00 2.910000e+00 1.627200e+03 5.992000e+02 0
-1.473300e-01 7.142100e-02 -1.543600e-01 -6.408200e-02 6 63 9.783100e+00 2.910000e+00 -84693 125330 0
-1.800700e-01 9.057000e-02 -1.555200e-01 -6.408200e-02 7 63 9.818900e+00 2.910000e+00 -9.187600e+03 13507 0
-1.661600e-01 1.779500e-01 -1.608500e-01 -6.408200e-02 8 63 9.448300e+00 2.910000e+00 -1.265900e+03 3.106200e+03 0
6.804600e-01 7.401900e-01 -1.951500e-01 -6.408200e-02 30 63 9.866900e+00 2.910000e+00 1.197100e+03 8.621800e+02 0
6.548100e-01 7.890700e-01 -1.981300e-01 -6.408200e-02 31 63 1.023800e+01 2.910000e+00 1.137500e+03 8.288800e+02 0
6.428100e-01 7.709000e-01 -1.970200e-01 -6.408200e-02 32 63 1.044600e+01 2.910000e+00 1.137900e+03 8.401600e+02 0
6.897400e-01 7.751900e-01 -1.972900e-01 -6.408200e-02 33 63 1.013100e+01 2.910000e+00 1.180100e+03 8.385100e+02 0
0 0 -1.500000e-01 -3.204100e-02 1 64 1.575400e+01 2.910000e+00 2167 -3.612800e+03 0
-7.093800e-02 1.133200e-01 -1.569100e-01 -3.204100e-02 5 64 1.411500e+01 2.910000e+00 -3.000300e+03 7.511400e+03 0
-1.585200e-01 1.861000e-01 -1.613500e-01 -3.204100e-02 8 64 1.339100e+01 2.910000e+00 -1.092700e+03 2.924300e+03 0
-2.008100e-01 1.903700e-01 -1.616100e-01 -3.204100e-02 9 64 1.270200e+01 2.910000e+00 -1.228700e+03 2.807100e+03 0
-2.480100e-01 1.853300e-01 -1.613000e-01 -3.204100e-02 10 64 1.267100e+01 2.910000e+00 -1.535200e+03 2.876100e+03 0
-2.619200e-01 2.209400e-01 -1.634800e-01 -3.204100e-02 11 64 1.224000e+01 2.910000e+00 -1.075500e+03 2302 0
-2.881200e-01 2.308600e-01 -1.640800e-01 -3.204100e-02 12 64 1.171200e+01 2.910000e+00 -1.060800e+03 2.178300e+03 0
-3.044900e-01 2.839000e-01 -1.673200e-01 -3.204100e-02 13 64 1.081700e+01 2.910000e+00 -6.809600e+02 1.745100e+03 0
-3.085800e-01 2.777600e-01 -1.669400e-01 -3.204100e-02 14 64 1.042800e+01 2.910000e+00 -7.316500e+02 1.782700e+03 0
-4.354500e-01 2.117200e-01 -1.629100e-01 -3.204100e-02 15 64 1.038300e+01 2.910000e+00 -1.839700e+03 2.342600e+03 0
3.536000e-01 3.451600e-01 -1.710500e-01 -3.204100e-02 28 64 1.213100e+01 2.910000e+00 1.140800e+03 1.545900e+03 0
6.799100e-01 6.450700e-01 -1.893500e-01 -3.204100e-02 29 64 1.362500e+01 2.910000e+00 1.283800e+03 9.425100e+02 0
6.725500e-01 7.384600e-01 -1.950500e-01 -3.204100e-02 30 64 1.451200e+01 2.910000e+00 1.190400e+03 8.632200e+02 0
6.711800e-01 8.041900e-01 -1.990500e-01 -3.204100e-02 31 64 1.470200e+01 2.910000e+00 1.143100e+03 8.200700e+02 0
6.766400e-01 8.259300e-01 -2.003800e-01 -3.204100e-02 32 64 1.426500e+01 2.910000e+00 1.134600e+03 8.076400e+02 0
6.810000e-01 8.575400e-01 -2.023100e-01 -3.204100e-02 33 64 1.297100e+01 2.910000e+00 1120 7.907500e+02 0
7.606700e-01 7.408500e-01 -1.951900e-01 -3.204100e-02 35 64 1.027900e+01 2.910000e+00 1.278300e+03 8.638600e+02 0
-8.594400e-01 8.331400e-01 -2.008200e-01 -3.204100e-02 36 64 1.110300e+01 2.910000e+00 -1.380700e+02 7.738200e+02 0
-8.643500e-01 8.497500e-01 -2.018300e-01 -3.204100e-02 37 64 1.140400e+01 2.910000e+00 -1.246200e+02 766 0
-8.782700e-01 8.160700e-01 -1.997800e-01 -3.204100e-02 38 64 1.101500e+01 2.910000e+00 -1.713300e+02 7.817700e+02 0
