0 0 -1.500000e-01 0 1 65 1.676500e+01 2.830000e+00 2167 -3.612800e+03 0
-7.093800e-02 1.129200e-01 -1.567000e-01 0 5 65 1.517500e+01 2.830000e+00 -3.035200e+03 7.575700e+03 0
-1.585200e-01 1.860100e-01 -1.610300e-01 0 8 65 1.432200e+01 2.830000e+00 -1.093900e+03 2.924300e+03 0
-1.986300e-01 1.942900e-01 -1.615300e-01 0 9 65 1.365100e+01 2.830000e+00 -1.159200e+03 2.732200e+03 0
-2.480100e-01 1.865700e-01 -1.610700e-01 0 10 65 1.362200e+01 2.830000e+00 -1.512100e+03 2.848700e+03 0
-2.619200e-01 2.222800e-01 -1.631900e-01 0 11 65 1.306700e+01 2.830000e+00 -1.060400e+03 2.284200e+03 0
-2.881200e-01 2.316400e-01 -1.637400e-01 0 12 65 1.266100e+01 2.830000e+00 -1.052600e+03 2.168500e+03 0
-3.044900e-01 2.811700e-01 -1.666800e-01 0 13 65 1.191500e+01 2.830000e+00 -6.980900e+02 1.760500e+03 0
-3.050300e-01 3.086000e-01 -1.683100e-01 0 14 65 1.146400e+01 2.830000e+00 -5.434900e+02 1.607800e+03 0
-1.222300e-01 3.777000e-01 -1.724100e-01 0 15 65 1.122900e+01 2.830000e+00 8.734800e+01 1.361300e+03 0
3.536000e-01 3.399900e-01 -1.701700e-01 0 28 65 1.311100e+01 2.830000e+00 1.149900e+03 1.567800e+03 0
6.799100e-01 6.401400e-01 -1.879700e-01 0 29 65 1.464700e+01 2.830000e+00 1.289100e+03 9.461900e+02 0
6.725500e-01 7.375300e-01 -1.937500e-01 0 30 65 1.556500e+01 2.830000e+00 1.191100e+03 8.626700e+02 0
6.793700e-01 7.975800e-01 -1.973100e-01 0 31 65 1.570600e+01 2.830000e+00 1.154900e+03 8.230300e+02 0
6.766400e-01 8.342000e-01 -1.994800e-01 0 32 65 1.514200e+01 2.830000e+00 1.129600e+03 8.018600e+02 0
6.722700e-01 8.821900e-01 -2.023300e-01 0 33 65 1.359500e+01 2.830000e+00 1.099300e+03 7.771100e+02 0
-9.453800e-01 2.297500e-01 -1.636300e-01 0 34 65 1.102900e+01 2.830000e+00 -3.094800e+03 1.972300e+03 0
7.514000e-01 8.870700e-01 -2.026200e-01 0 35 65 1.122300e+01 2.830000e+00 1.162100e+03 7.762100e+02 0
-8.498900e-01 8.528200e-01 -2.005900e-01 0 36 65 1.185900e+01 2.830000e+00 -1.105600e+02 7.637400e+02 0
-8.643500e-01 8.539300e-01 -2.006500e-01 0 37 65 1.226900e+01 2.830000e+00 -1.203400e+02 7.629900e+02 0
-8.782700e-01 8.411000e-01 -1.998900e-01 0 38 65 1.185400e+01 2.830000e+00 -1.440900e+02 7.686300e+02 0
-9.123700e-01 7.999500e-01 -1.974500e-01 0 39 65 1.050600e+01 2.830000e+00 -2.170800e+02 7.881500e+02 0
0 0 -1.500000e-01 3.204100e-02 1 66 1.576900e+01 2.830000e+00 2167 -3.612800e+03 0
-7.093800e-02 1.133000e-01 -1.567200e-01 3.204100e-02 5 66 1.415800e+01 2.830000e+00 -3.001700e+03 7.511300e+03 0
-1.585200e-01 1.859000e-01 -1.610300e-01 3.204100e-02 8 66 1.330500e+01 2.830000e+00 -1.095500e+03 2.926600e+03 0
-1.986300e-01 1.945800e-01 -1.615400e-01 3.204100e-02 9 66 1.262100e+01 2.830000e+00 -1.155100e+03 2727 0
-2.480100e-01 1.866800e-01 -1.610700e-01 3.204100e-02 10 66 1.259800e+01 2.830000e+00 -1510 2.846500e+03 0
-2.619200e-01 2.217200e-01 -1.631500e-01 3.204100e-02 11 66 1.201300e+01 2.830000e+00 -1.066600e+03 2.290900e+03 0
-2.881200e-01 2.310900e-01 -1.637100e-01 3.204100e-02 12 66 1.168800e+01 2.830000e+00 -1.058300e+03 2.174300e+03 0
-3.044900e-01 2.819600e-01 -1.667300e-01 3.204100e-02 13 66 1.099900e+01 2.830000e+00 -6.930900e+02 1.755600e+03 0
-2.979400e-01 3.170600e-01 -1.688100e-01 3.204100e-02 14 66 1.046500e+01 2.830000e+00 -4.854400e+02 1.568500e+03 0
3.462300e-01 3.524000e-01 -1.709000e-01 3.204100e-02 28 66 1.210900e+01 2.830000e+00 1.110700e+03 1.512200e+03 0
6.799100e-01 6.369500e-01 -1.877800e-01 3.204100e-02 29 66 1.366200e+01 2.830000e+00 1.292600e+03 9.494200e+02 0
6.725500e-01 7.354600e-01 -1.936300e-01 3.204100e-02 30 66 1.458300e+01 2.830000e+00 1.192700e+03 8.641800e+02 0
6.711800e-01 8.044400e-01 -1.977200e-01 3.204100e-02 31 66 1.473900e+01 2.830000e+00 1.142900e+03 8.187200e+02 0
6.766400e-01 8.353600e-01 -1.995500e-01 3.204100e-02 32 66 1.418800e+01 2.830000e+00 1.128900e+03 8.012300e+02 0
6.722700e-01 8.810400e-01 -2.022600e-01 3.204100e-02 33 66 1.268900e+01 2.830000e+00 1.099900e+03 7.776700e+02 0
7.328400e-01 8.955700e-01 -2.031300e-01 3.204100e-02 35 66 1.029600e+01 2.830000e+00 1.141900e+03 7.718400e+02 0
-8.689900e-01 8.244500e-01 -1.989100e-01 3.204100e-02 36 66 1.085500e+01 2.830000e+00 -1.547500e+02 7.767100e+02 0
-8.741700e-01 8.361600e-01 -1.996000e-01 3.204100e-02 37 66 1.114700e+01 2.830000e+00 -1.461800e+02 7.710200e+02 0
-8.984600e-01 8.170200e-01 -1.984700e-01 3.204100e-02 38 66 1.061700e+01 2.830000e+00 -1.860600e+02 7.798000e+02 0
0 0 -1.500000e-01 6.408200e-02 1 67 9.961300e+00 2.830000e+00 2167 -3.612800e+03 0
6.722700e-01 6.596600e-01 -1.891300e-01 6.408200e-02 29 67 9.789500e+00 2.830000e+00 1.259500e+03 9.269100e+02 0
6.725500e-01 7.393600e-01 -1.938600e-01 6.408200e-02 30 67 1.056300e+01 2.830000e+00 1.189700e+03 8.613500e+02 0
6.711800e-01 8.029900e-01 -1.976300e-01 6.408200e-02 31 67 1.080900e+01 2.830000e+00 1.143800e+03 8.195800e+02 0
6.681800e-01 8.518200e-01 -2.005300e-01 6.408200e-02 32 67 1.024800e+01 2.830000e+00 1.112100e+03 7.922700e+02 0
1.218000e+00 6.351800e+00 -5.267900e-01 -8.010300e-01 187 40 1.030400e+01 2.830000e+00 8.006200e+02 4.459100e+02 1
1.224500e+00 6.357200e+00 -5.271100e-01 -8.010300e-01 188 40 1.009400e+01 2.830000e+00 8.012000e+02 4.458700e+02 1
1.312400e+00 6.303900e+00 -5.239500e-01 -7.689800e-01 186 41 1.039500e+01 2.830000e+00 8.112100e+02 4.463300e+02 1
1.319400e+00 6.359000e+00 -5.272100e-01 -7.689800e-01 187 41 1.050800e+01 2.830000e+00 8.109000e+02 4.459100e+02 1
1.326500e+00 6.390700e+00 -5.290900e-01 -7.689800e-01 188 41 1.029800e+01 2.830000e+00 8.110300e+02 4.456700e+02 1
2.112900e+00 2.217600e+00 -2.815500e-01 -6.087800e-01 89 46 1.028100e+01 2.830000e+00 1.289600e+03 5.428900e+02 0
2.112600e+00 2.273500e+00 -2.848600e-01 -6.087800e-01 90 46 1.145000e+01 2.830000e+00 1.273800e+03 5.390800e+02 1
2.087200e+00 2.342400e+00 -2.889500e-01 -6.087800e-01 91 46 1.161700e+01 2.830000e+00 1.248100e+03 5.345900e+02 1
2.035900e+00 2.427600e+00 -2.940100e-01 -6.087800e-01 92 46 1.084300e+01 2.830000e+00 1.212700e+03 5.293500e+02 1
2.083400e+00 2.444200e+00 -2.949900e-01 -6.087800e-01 93 46 1.030000e+01 2.830000e+00 1.222500e+03 5.285300e+02 1
2.131400e+00 2.450000e+00 -2.953400e-01 -6.087800e-01 94 46 1.148100e+01 2.830000e+00 1.234800e+03 5.283300e+02 1
2.154300e+00 2.471800e+00 -2.966200e-01 -6.087800e-01 95 46 1.158000e+01 2.830000e+00 1.236100e+03 5.271700e+02 1
2.151300e+00 2.506400e+00 -2.986800e-01 -6.087800e-01 96 46 1.054200e+01 2.830000e+00 1.227400e+03 5.252700e+02 1
2.064800e+00 2.258400e+00 -2.839700e-01 -5.767400e-01 89 47 1.071000e+01 2.830000e+00 1.263200e+03 5.399400e+02 1
2.088300e+00 2.298700e+00 -2.863600e-01 -5.767400e-01 90 47 1.182500e+01 2.830000e+00 1.259700e+03 5.373600e+02 1
2.111800e+00 2.324500e+00 -2.878900e-01 -5.767400e-01 91 47 1.193600e+01 2.830000e+00 1260 5.357800e+02 1
2.085600e+00 2.384600e+00 -2.914600e-01 -5.767400e-01 92 47 1.102900e+01 2.830000e+00 1.237200e+03 5.320100e+02 1
2.156800e+00 2.428200e+00 -2.940400e-01 -5.767400e-01 94 47 1.115900e+01 2.830000e+00 1.247200e+03 5.296500e+02 1
2.154300e+00 2.473600e+00 -2.967300e-01 -5.767400e-01 95 47 1.130500e+01 2.830000e+00 1.235700e+03 5.270700e+02 1
2.177200e+00 2.501500e+00 -2.983900e-01 -5.767400e-01 96 47 1.022200e+01 2.830000e+00 1.235700e+03 5.256000e+02 1
0 0 -1.500000e-01 -5.447000e-01 1 48 9.327900e+00 2.830000e+00 2167 -3.612800e+03 0
2.161200e+00 2.225400e+00 -2.820100e-01 -5.447000e-01 90 48 1.009800e+01 2.830000e+00 1.302600e+03 5.425000e+02 0
2.210000e+00 2.228200e+00 -2.821800e-01 -5.447000e-01 91 48 1.008000e+01 2.830000e+00 1.317100e+03 5.424600e+02 0
0 0 -1.500000e-01 -9.612300e-02 1 62 9.987800e+00 2.830000e+00 2167 -3.612800e+03 0
6.646300e-01 6.671400e-01 -1.895700e-01 -9.612300e-02 29 62 9.397300e+00 2.830000e+00 1.243400e+03 9.197200e+02 0
6.646300e-01 7.202400e-01 -1.927200e-01 -9.612300e-02 30 62 9.960900e+00 2.830000e+00 1.196600e+03 8.753200e+02 0
6.630000e-01 7.876200e-01 -1.967200e-01 -9.612300e-02 31 62 9.746500e+00 2.830000e+00 1.146100e+03 8.287700e+02 0
6.681800e-01 8.226000e-01 -1.988000e-01 -9.612300e-02 32 62 9.336300e+00 2.830000e+00 1.128900e+03 8.081400e+02 0
0 0 -1.500000e-01 -6.408200e-02 1 63 1.057300e+01 2.830000e+00 2167 -3.612800e+03 0
6.646300e-01 6.755600e-01 -1.900700e-01 -6.408200e-02 29 63 1.015200e+01 2.830000e+00 1.235400e+03 9.121400e+02 0
6.725500e-01 7.457100e-01 -1.942400e-01 -6.408200e-02 30 63 1.082900e+01 2.830000e+00 1.184800e+03 8.568100e+02 0
6.793700e-01 7.970400e-01 -1.972800e-01 -6.408200e-02 31 63 1.088300e+01 2.830000e+00 1.155200e+03 8.233600e+02 0
7.104700e-01 8.037500e-01 -1.976800e-01 -6.408200e-02 32 63 1.032000e+01 2.830000e+00 1.179500e+03 8.200100e+02 0
0 0 -1.500000e-01 -3.204100e-02 1 64 1.574700e+01 2.830000e+00 2167 -3.612800e+03 0
-7.093800e-02 1.125500e-01 -1.566800e-01 -3.204100e-02 5 64 1.415400e+01 2.830000e+00 -3069 7.640700e+03 0
-1.585200e-01 1.860600e-01 -1.610400e-01 -3.204100e-02 8 64 1.328100e+01 2.830000e+00 -1.093100e+03 2.923200e+03 0
-2.008100e-01 1.919600e-01 -1.613900e-01 -3.204100e-02 9 64 1.264300e+01 2.830000e+00 -1.203900e+03 2.774400e+03 0
-2.480100e-01 1.866100e-01 -1.610700e-01 -3.204100e-02 10 64 1.262300e+01 2.830000e+00 -1.511400e+03 2848 0
-2.646500e-01 2.182300e-01 -1.629500e-01 -3.204100e-02 11 64 1.210700e+01 2.830000e+00 -1117 2.332800e+03 0
-2.911200e-01 2.269900e-01 -1.634600e-01 -3.204100e-02 12 64 1.158200e+01 2.830000e+00 -1.113100e+03 2218 0
-3.077600e-01 2.755100e-01 -1.663400e-01 -3.204100e-02 13 64 1.083900e+01 2.830000e+00 -7.444200e+02 1.796200e+03 0
-3.050300e-01 3.082400e-01 -1.682800e-01 -3.204100e-02 14 64 1.045000e+01 2.830000e+00 -5.452900e+02 1.609500e+03 0
-1.222300e-01 3.753100e-01 -1.722600e-01 -3.204100e-02 15 64 1.032600e+01 2.830000e+00 8.259300e+01 1.368800e+03 0
3.536000e-01 3.620000e-01 -1.714700e-01 -3.204100e-02 28 64 1.207100e+01 2.830000e+00 1.113500e+03 1.474500e+03 0
6.799100e-01 6.454900e-01 -1.882900e-01 -3.204100e-02 29 64 1.359800e+01 2.830000e+00 1.283300e+03 9.408400e+02 0
6.804600e-01 7.323000e-01 -1.934400e-01 -3.204100e-02 30 64 1.449400e+01 2.830000e+00 1.203300e+03 8.667100e+02 0
6.793700e-01 7.975600e-01 -1.973100e-01 -3.204100e-02 31 64 1.461200e+01 2.830000e+00 1.154900e+03 8.230300e+02 0
6.766400e-01 8.346900e-01 -1.995100e-01 -3.204100e-02 32 64 1.401200e+01 2.830000e+00 1.129300e+03 8.015900e+02 0
6.722700e-01 8.885200e-01 -2.027100e-01 -3.204100e-02 33 64 1.238900e+01 2.830000e+00 1.096100e+03 7.740800e+02 0
7.699500e-01 8.797600e-01 -2.021900e-01 -3.204100e-02 35 64 1.026100e+01 2.830000e+00 1.181900e+03 7.801000e+02 0
-8.307900e-01 8.762900e-01 -2.019800e-01 -3.204100e-02 36 64 1.084100e+01 2.830000e+00 -7.380000e+01 7.537200e+02 0
-8.545300e-01 8.545200e-01 -2.006900e-01 -3.204100e-02 37 64 1.128000e+01 2.830000e+00 -1.123600e+02 7.629000e+02 0
-8.681700e-01 8.275000e-01 -1.990900e-01 -3.204100e-02 38 64 1.085800e+01 2.830000e+00 -1.508200e+02 7.752500e+02 0
