0 0 -1.500000e-01 0 1 65 1.675200e+01 2.880000e+00 2167 -3.612800e+03 0
-7.093800e-02 1.130000e-01 -1.568200e-01 0 5 65 1.517800e+01 2.880000e+00 -3.029100e+03 7.565800e+03 0
-1.585200e-01 1.860400e-01 -1.612300e-01 0 8 65 1.431000e+01 2.880000e+00 -1.093500e+03 2.924800e+03 0
-1.986300e-01 1.942400e-01 -1.617300e-01 0 9 65 1.366800e+01 2.880000e+00 -1.160200e+03 2.734400e+03 0
-2.480100e-01 1.870900e-01 -1.612900e-01 0 10 65 1.360800e+01 2.880000e+00 -1.502700e+03 2.839300e+03 0
-2.592000e-01 2.269900e-01 -1.637000e-01 0 11 65 1.287200e+01 2.880000e+00 -9.995300e+02 2.231300e+03 0
-2.881200e-01 2.337300e-01 -1.641100e-01 0 12 65 1.265000e+01 2.880000e+00 -1.031100e+03 2.147700e+03 0
-3.077600e-01 2.799500e-01 -1.669000e-01 0 13 65 1.197600e+01 2.880000e+00 -7.149500e+02 1.768400e+03 0
-3.014900e-01 2.996500e-01 -1.680900e-01 0 14 65 1.143900e+01 2.880000e+00 -5.815600e+02 1.655200e+03 0
-1.260500e-01 3.533400e-01 -1.713300e-01 0 15 65 1.125800e+01 2.880000e+00 2.692600e+01 1.444400e+03 0
3.609700e-01 2.789800e-01 -1.668400e-01 0 28 65 1.308700e+01 2.880000e+00 1319 1.940400e+03 0
6.799100e-01 6.405100e-01 -1.886700e-01 0 29 65 1.464800e+01 2.880000e+00 1.288700e+03 9.466000e+02 0
6.725500e-01 7.374900e-01 -1.945200e-01 0 30 65 1.559100e+01 2.880000e+00 1.191200e+03 8.634700e+02 0
6.793700e-01 7.975500e-01 -1.981500e-01 0 31 65 1.574900e+01 2.880000e+00 1.154900e+03 8.238000e+02 0
6.766400e-01 8.314600e-01 -2.001900e-01 0 32 65 1.519800e+01 2.880000e+00 1.131200e+03 8.041200e+02 0
6.722700e-01 8.741500e-01 -2.027700e-01 0 33 65 1.359500e+01 2.880000e+00 1.103600e+03 7.817700e+02 0
7.563100e-01 7.924100e-01 -1.978400e-01 0 34 65 1.124600e+01 2.880000e+00 1.230600e+03 8.287200e+02 0
7.514000e-01 8.831300e-01 -2.033100e-01 0 35 65 1.152000e+01 2.880000e+00 1.164400e+03 7.788500e+02 0
-8.403400e-01 8.409800e-01 -2.007700e-01 0 36 65 1.175800e+01 2.880000e+00 -1.152600e+02 7.700600e+02 0
-8.447100e-01 8.689500e-01 -2.024600e-01 0 37 65 1.214300e+01 2.880000e+00 -9.098800e+01 7.573600e+02 0
-8.681700e-01 8.633100e-01 -2.021200e-01 0 38 65 1.168900e+01 2.880000e+00 -1.138800e+02 7.594400e+02 0
-9.538400e-01 8.205300e-01 -1.995300e-01 0 39 65 1.033000e+01 2.880000e+00 -2.252700e+02 7.777500e+02 0
0 0 -1.500000e-01 3.204100e-02 1 66 1.574000e+01 2.880000e+00 2167 -3.612800e+03 0
-7.202900e-02 1.127100e-01 -1.568000e-01 3.204100e-02 5 66 1.417100e+01 2.880000e+00 -3.068800e+03 7.609600e+03 0
-1.585200e-01 1.859700e-01 -1.612300e-01 3.204100e-02 8 66 1.326500e+01 2.880000e+00 -1.094600e+03 2.926300e+03 0
-2.008100e-01 1.918400e-01 -1.615800e-01 3.204100e-02 9 66 1.264900e+01 2.880000e+00 -1.205800e+03 2.777900e+03 0
-2.480100e-01 1.873000e-01 -1.613100e-01 3.204100e-02 10 66 1.260300e+01 2.880000e+00 -1.498900e+03 2.835100e+03 0
-2.619200e-01 2.234500e-01 -1.634900e-01 3.204100e-02 11 66 1.203200e+01 2.880000e+00 -1.047400e+03 2.271200e+03 0
-2.881200e-01 2.362400e-01 -1.642600e-01 3.204100e-02 12 66 1.166200e+01 2.880000e+00 -1.005900e+03 2.122100e+03 0
-3.044900e-01 2.850700e-01 -1.672100e-01 3.204100e-02 13 66 1.103800e+01 2.880000e+00 -6.736700e+02 1.737400e+03 0
-2.979400e-01 2.916200e-01 -1.676100e-01 3.204100e-02 14 66 1.051500e+01 2.880000e+00 -6.173100e+02 1.700200e+03 0
3.536000e-01 3.204300e-01 -1.693400e-01 3.204100e-02 28 66 1.205500e+01 2.880000e+00 1.187900e+03 1.666200e+03 0
6.722700e-01 6.460100e-01 -1.890000e-01 3.204100e-02 29 66 1.366100e+01 2.880000e+00 1.273600e+03 9.408300e+02 0
6.725500e-01 7.371600e-01 -1.945000e-01 3.204100e-02 30 66 1.464000e+01 2.880000e+00 1.191400e+03 8.637000e+02 0
6.711800e-01 8.044600e-01 -1.985600e-01 3.204100e-02 31 66 1.481900e+01 2.880000e+00 1.142900e+03 8.194600e+02 0
6.766400e-01 8.321200e-01 -2.002300e-01 3.204100e-02 32 66 1.424200e+01 2.880000e+00 1.130800e+03 8.037600e+02 0
6.722700e-01 8.720000e-01 -2.026400e-01 3.204100e-02 33 66 1.246100e+01 2.880000e+00 1.104700e+03 7.828300e+02 0
7.293000e-01 7.817700e-01 -1.972000e-01 3.204100e-02 34 66 1.118100e+01 2.880000e+00 1.213200e+03 8.347800e+02 0
7.514000e-01 8.524800e-01 -2.014600e-01 3.204100e-02 35 66 1.089100e+01 2.880000e+00 1.183600e+03 7.943200e+02 0
-8.307900e-01 8.474600e-01 -2.011600e-01 3.204100e-02 36 66 1.074900e+01 2.880000e+00 -1.014500e+02 7.672200e+02 0
-8.447100e-01 8.635200e-01 -2.021300e-01 3.204100e-02 37 66 1.121300e+01 2.880000e+00 -9.620200e+01 7.597400e+02 0
-8.681700e-01 8.489800e-01 -2.012500e-01 3.204100e-02 38 66 1.073800e+01 2.880000e+00 -1.282700e+02 7.658700e+02 0
0 0 -1.500000e-01 6.408200e-02 1 67 9.789200e+00 2.880000e+00 2167 -3.612800e+03 0
6.569900e-01 7.021600e-01 -1.923900e-01 6.408200e-02 29 67 9.966900e+00 2.880000e+00 1.203400e+03 8.901100e+02 0
6.488100e-01 7.757700e-01 -1.968300e-01 6.408200e-02 30 67 1.112800e+01 2.880000e+00 1.140400e+03 8.366900e+02 0
6.548100e-01 8.123200e-01 -1.990400e-01 6.408200e-02 31 67 1.132300e+01 2.880000e+00 1.123100e+03 8.144800e+02 0
6.851000e-01 7.956500e-01 -1.980300e-01 6.408200e-02 32 67 1.047000e+01 2.880000e+00 1.161500e+03 8.250800e+02 0
6.897400e-01 7.822700e-01 -1.972300e-01 6.408200e-02 33 67 1.023700e+01 2.880000e+00 1.175100e+03 8.335200e+02 0
7.112900e-01 7.380700e-01 -1.945600e-01 6.408200e-02 34 67 1.024500e+01 2.880000e+00 1.230200e+03 8.640900e+02 0
0 0 -1.500000e-01 9.612300e-02 1 68 9.933600e+00 2.880000e+00 2167 -3.612800e+03 0
6.646300e-01 7.537000e-01 -1.955000e-01 9.612300e-02 30 68 1.015900e+01 2.880000e+00 1.171100e+03 8.518000e+02 0
6.711800e-01 7.962000e-01 -1.980700e-01 9.612300e-02 31 68 1.027700e+01 2.880000e+00 1.148200e+03 8.244300e+02 0
6.766400e-01 7.730900e-01 -1.966700e-01 9.612300e-02 32 68 1.003900e+01 2.880000e+00 1169 8.391100e+02 0
7.072000e-01 6.950500e-01 -1.919600e-01 9.612300e-02 33 68 9.767500e+00 2.880000e+00 1.264400e+03 8.974900e+02 0
1.007300e+00 4.855100e+00 -4.431000e-01 -8.010300e-01 143 40 1.115900e+01 2.880000e+00 8.059000e+02 4.615300e+02 1
1.014400e+00 4.889900e+00 -4.452000e-01 -8.010300e-01 144 40 1.138500e+01 2.880000e+00 8.060400e+02 4.610800e+02 1
1.021500e+00 4.924100e+00 -4.472700e-01 -8.010300e-01 145 40 1.089300e+01 2.880000e+00 8.061800e+02 4.606400e+02 1
9.287400e-01 5.084300e+00 -4.569300e-01 -8.010300e-01 149 40 1.041500e+01 2.880000e+00 7.906600e+02 4.585700e+02 1
9.617500e-01 4.829300e+00 -4.415400e-01 -7.689800e-01 142 41 1.081000e+01 2.880000e+00 8.003400e+02 4.618300e+02 1
1.007300e+00 4.853800e+00 -4.430200e-01 -7.689800e-01 143 41 1.205400e+01 2.880000e+00 8.059300e+02 4.615500e+02 1
1.014400e+00 4.887800e+00 -4.450700e-01 -7.689800e-01 144 41 1.228000e+01 2.880000e+00 8.060900e+02 4.611000e+02 1
9.822200e-01 4.932000e+00 -4.477400e-01 -7.689800e-01 145 41 1.165100e+01 2.880000e+00 8.007900e+02 4.605100e+02 1
9.099200e-01 4.981400e+00 -4.507200e-01 -7.689800e-01 146 41 1.037800e+01 2.880000e+00 7.902300e+02 4.598200e+02 1
8.823600e-01 5.054600e+00 -4.551400e-01 -7.689800e-01 148 41 1.056700e+01 2.880000e+00 7.852500e+02 4.589000e+02 1
9.287400e-01 5.083500e+00 -4.568900e-01 -7.689800e-01 149 41 1.085800e+01 2.880000e+00 7.906700e+02 4.585800e+02 1
9.685800e-01 4.844300e+00 -4.424500e-01 -7.369400e-01 143 42 1.098900e+01 2.880000e+00 8.009300e+02 4.616400e+02 1
9.754000e-01 4.874400e+00 -4.442700e-01 -7.369400e-01 144 42 1.118400e+01 2.880000e+00 8.011700e+02 4.612500e+02 1
9.036400e-01 4.938800e+00 -4.481500e-01 -7.369400e-01 145 42 1.045600e+01 2.880000e+00 7.902500e+02 4.603600e+02 1
1.331500e-01 2.034000e+00 -2.727900e-01 -3.844900e-01 62 53 1.002600e+01 2.880000e+00 6.814900e+02 5.505200e+02 0
1.331500e-01 1.982200e+00 -2.696600e-01 -3.524500e-01 62 54 1.020900e+01 2.880000e+00 6.811500e+02 5.546600e+02 0
8.458000e-02 2.091800e+00 -2.762800e-01 -3.524500e-01 63 54 9.766600e+00 2.880000e+00 6.665300e+02 5.460100e+02 0
7.333900e-01 1.842300e+00 -2.612200e-01 -2.242900e-01 65 58 9.897200e+00 2.880000e+00 8.989000e+02 5.695700e+02 0
2.092700e+00 8.082000e-01 -1.987900e-01 -2.242900e-01 66 58 1.019100e+01 2.880000e+00 2.533800e+03 8.509600e+02 0
2.142900e+00 8.373500e-01 -2.005500e-01 -2.242900e-01 67 58 1.005400e+01 2.880000e+00 2.506900e+03 8.331200e+02 0
0 0 -1.500000e-01 -6.408200e-02 1 63 1.007300e+01 2.880000e+00 2167 -3.612800e+03 0
-2.291800e-02 1.899800e-02 -1.511500e-01 -6.408200e-02 3 63 9.412800e+00 2.880000e+00 2.972900e+03 -5.074600e+03 0
6.799100e-01 5.492000e-01 -1.831500e-01 -6.408200e-02 29 63 9.644100e+00 2.880000e+00 1.408800e+03 1.057200e+03 0
6.725500e-01 6.872800e-01 -1.914900e-01 -6.408200e-02 30 63 1.045100e+01 2.880000e+00 1.233400e+03 9.029700e+02 0
6.711800e-01 8.015400e-01 -1.983900e-01 -6.408200e-02 31 63 1.050400e+01 2.880000e+00 1.144700e+03 8.212000e+02 0
6.766400e-01 8.443100e-01 -2.009700e-01 -6.408200e-02 32 63 9.936900e+00 2.880000e+00 1.123700e+03 7.971500e+02 0
0 0 -1.500000e-01 -3.204100e-02 1 64 1.573700e+01 2.880000e+00 2167 -3.612800e+03 0
-7.093800e-02 1.123500e-01 -1.567800e-01 -3.204100e-02 5 64 1.415700e+01 2.880000e+00 -3.088100e+03 7.679400e+03 0
-1.585200e-01 1.860700e-01 -1.612300e-01 -3.204100e-02 8 64 1.331600e+01 2.880000e+00 -1.093100e+03 2.924300e+03 0
-1.986300e-01 1.936000e-01 -1.616900e-01 -3.204100e-02 9 64 1.265400e+01 2.880000e+00 -1.169600e+03 2.746300e+03 0
-2.480100e-01 1.857600e-01 -1.612100e-01 -3.204100e-02 10 64 1.259500e+01 2.880000e+00 -1527 2.866400e+03 0
-2.592000e-01 2.254400e-01 -1.636100e-01 -3.204100e-02 11 64 1.201400e+01 2.880000e+00 -1016 2249 0
-2.851200e-01 2.361100e-01 -1.642500e-01 -3.204100e-02 12 64 1.162900e+01 2.880000e+00 -9.970200e+02 2.124400e+03 0
-3.077600e-01 2.794400e-01 -1.668700e-01 -3.204100e-02 13 64 1.093500e+01 2.880000e+00 -7.182600e+02 1.771600e+03 0
-3.050300e-01 2.947300e-01 -1.677900e-01 -3.204100e-02 14 64 1.036900e+01 2.880000e+00 -6.178300e+02 1.681300e+03 0
3.609700e-01 1.814800e-01 -1.609600e-01 -3.204100e-02 28 64 1.207500e+01 2.880000e+00 1.957800e+03 3.515800e+03 0
6.799100e-01 6.431500e-01 -1.888300e-01 -3.204100e-02 29 64 1.362200e+01 2.880000e+00 1.285800e+03 9.439500e+02 0
6.804600e-01 7.313100e-01 -1.941500e-01 -3.204100e-02 30 64 1.455200e+01 2.880000e+00 1.204200e+03 8.682100e+02 0
6.793700e-01 7.975400e-01 -1.981500e-01 -3.204100e-02 31 64 1.470500e+01 2.880000e+00 1.154900e+03 8.238000e+02 0
6.766400e-01 8.305800e-01 -2.001400e-01 -3.204100e-02 32 64 1.417000e+01 2.880000e+00 1.131700e+03 8.046000e+02 0
6.722700e-01 8.703700e-01 -2.025400e-01 -3.204100e-02 33 64 1.266800e+01 2.880000e+00 1.105600e+03 7.836400e+02 0
-9.814000e-01 4.008600e-01 -1.742000e-01 -3.204100e-02 34 64 1.022600e+01 2.880000e+00 -1.343900e+03 1.218900e+03 0
7.514000e-01 8.900100e-01 -2.037300e-01 -3.204100e-02 35 64 1.035500e+01 2.880000e+00 1.160300e+03 7.755400e+02 0
-8.498900e-01 8.272400e-01 -1.999400e-01 -3.204100e-02 36 64 1.068100e+01 2.880000e+00 -1.369100e+02 7.764100e+02 0
-8.545300e-01 8.600100e-01 -2.019200e-01 -3.204100e-02 37 64 1.111800e+01 2.880000e+00 -1.069500e+02 7.611300e+02 0
-8.681700e-01 8.928400e-01 -2.039000e-01 -3.204100e-02 38 64 1.078200e+01 2.880000e+00 -8.575000e+01 7.468800e+02 0
