0 0 -1.500000e-01 0 1 65 1.674200e+01 4.300000e+00 2167 -3.612800e+03 0
-7.093800e-02 1.130500e-01 -1.594900e-01 0 5 65 1.516800e+01 4.300000e+00 -3.033700e+03 7.615100e+03 0
-1.585200e-01 1.859900e-01 -1.656100e-01 0 8 65 1.432700e+01 4.300000e+00 -1.096900e+03 2.952900e+03 0
-1.986300e-01 1.944300e-01 -1.663100e-01 0 9 65 1.364800e+01 4.300000e+00 -1.159900e+03 2.756500e+03 0
-2.480100e-01 1.868800e-01 -1.656800e-01 0 10 65 1.361100e+01 4.300000e+00 -1.509600e+03 2.869600e+03 0
-2.619200e-01 2.225300e-01 -1.686700e-01 0 11 65 1.299400e+01 4.300000e+00 -1.059800e+03 2.305200e+03 0
-2.881200e-01 2.328600e-01 -1.695400e-01 0 12 65 1.268600e+01 4.300000e+00 -1.042100e+03 2179 0
-3.044900e-01 2.826600e-01 -1.737200e-01 0 13 65 1.194400e+01 4.300000e+00 -6.902400e+02 1.772500e+03 0
-3.050300e-01 3.086200e-01 -1.759000e-01 0 14 65 1.143400e+01 4.300000e+00 -5.447300e+02 1.628300e+03 0
-1.260500e-01 3.318900e-01 -1.778500e-01 0 15 65 1.131500e+01 4.300000e+00 -2.830900e+01 1.549700e+03 0
3.536000e-01 3.367900e-01 -1.782600e-01 0 28 65 1.307700e+01 4.300000e+00 1.156600e+03 1.604600e+03 0
6.799100e-01 6.408300e-01 -2.037700e-01 0 29 65 1.465400e+01 4.300000e+00 1.289300e+03 9.639200e+02 0
6.725500e-01 7.376800e-01 -2.119000e-01 0 30 65 1.559400e+01 4.300000e+00 1.191900e+03 8.804600e+02 0
6.711800e-01 8.044600e-01 -2.175000e-01 0 31 65 1.575400e+01 4.300000e+00 1.143600e+03 8.363400e+02 0
6.766400e-01 8.323200e-01 -2.198400e-01 0 32 65 1.521200e+01 4.300000e+00 1.131400e+03 8.204200e+02 0
6.810000e-01 8.699600e-01 -2.230000e-01 0 33 65 1.367900e+01 4.300000e+00 1.113800e+03 8.006900e+02 0
7.421200e-01 8.418800e-01 -2.206400e-01 0 35 65 1.137000e+01 4.300000e+00 1.183200e+03 8.165800e+02 0
-8.498900e-01 8.766600e-01 -2.235600e-01 0 36 65 1.179400e+01 4.300000e+00 -8.810500e+01 7.695400e+02 0
-8.643500e-01 8.830400e-01 -2.241000e-01 0 37 65 1.224500e+01 4.300000e+00 -9.268400e+01 7.665800e+02 0
-8.782700e-01 8.798100e-01 -2.238300e-01 0 38 65 1.189300e+01 4.300000e+00 -1.059000e+02 7.677200e+02 0
-8.812700e-01 8.929500e-01 -2.249300e-01 0 39 65 1.059300e+01 4.300000e+00 -9.566500e+01 7.621700e+02 0
0 0 -1.500000e-01 3.204100e-02 1 66 1.571200e+01 4.300000e+00 2167 -3.612800e+03 0
-7.093800e-02 1.136300e-01 -1.595400e-01 3.204100e-02 5 66 1.416000e+01 4.300000e+00 -2.981900e+03 7.515100e+03 0
-1.585200e-01 1.859800e-01 -1.656100e-01 3.204100e-02 8 66 1.332100e+01 4.300000e+00 -1097 2.953100e+03 0
-2.008100e-01 1.915400e-01 -1.660700e-01 3.204100e-02 9 66 1.264400e+01 4.300000e+00 -1.213100e+03 2.809700e+03 0
-2.480100e-01 1.877500e-01 -1.657500e-01 3.204100e-02 10 66 1.263900e+01 4.300000e+00 -1.493800e+03 2.852100e+03 0
-2.619200e-01 2.240900e-01 -1.688000e-01 3.204100e-02 11 66 1.208400e+01 4.300000e+00 -1.042600e+03 2.286700e+03 0
-2.911200e-01 2.303200e-01 -1.693300e-01 3.204100e-02 12 66 1.168300e+01 4.300000e+00 -1.079100e+03 2.204900e+03 0
-3.077600e-01 2.793800e-01 -1.734400e-01 3.204100e-02 13 66 1.094400e+01 4.300000e+00 -7.202100e+02 1.792400e+03 0
-4.256300e-01 1.147000e-01 -1.596200e-01 3.204100e-02 14 66 1.040500e+01 4.300000e+00 -6.226600e+03 5.825300e+03 0
-1.298700e-01 1.007100e-01 -1.584500e-01 3.204100e-02 15 66 1.045000e+01 4.300000e+00 -5.488700e+03 10017 0
3.536000e-01 3.308000e-01 -1.777600e-01 3.204100e-02 28 66 1.202900e+01 4.300000e+00 1.167900e+03 1.633700e+03 0
6.722700e-01 6.469400e-01 -2.042900e-01 3.204100e-02 29 66 1.362000e+01 4.300000e+00 1.273600e+03 9.575200e+02 0
6.725500e-01 7.367700e-01 -2.118200e-01 3.204100e-02 30 66 1.455700e+01 4.300000e+00 1.192600e+03 8.811300e+02 0
6.711800e-01 8.044800e-01 -2.175100e-01 3.204100e-02 31 66 1.471800e+01 4.300000e+00 1.143600e+03 8.363300e+02 0
6.766400e-01 8.335400e-01 -2.199400e-01 3.204100e-02 32 66 1.416800e+01 4.300000e+00 1.130700e+03 8.197500e+02 0
6.722700e-01 8.742900e-01 -2.233600e-01 3.204100e-02 33 66 1.262900e+01 4.300000e+00 1.104200e+03 7.983500e+02 0
7.421200e-01 8.746400e-01 -2.233900e-01 3.204100e-02 35 66 1.020100e+01 4.300000e+00 1.162600e+03 7.995400e+02 0
-8.689900e-01 8.522600e-01 -2.215200e-01 3.204100e-02 36 66 1.092800e+01 4.300000e+00 -1.261900e+02 7.799800e+02 0
-8.741700e-01 8.575700e-01 -2.219600e-01 3.204100e-02 37 66 1.139200e+01 4.300000e+00 -1.247100e+02 7.774900e+02 0
-8.883600e-01 8.428600e-01 -2.207300e-01 3.204100e-02 38 66 1.106000e+01 4.300000e+00 -1.506300e+02 7.839500e+02 0
0 0 -1.500000e-01 6.408200e-02 1 67 1.058200e+01 4.300000e+00 2167 -3.612800e+03 0
-3.437800e-02 4.128600e-03 -1.503500e-01 6.408200e-02 2 67 1.030900e+01 4.300000e+00 2.598400e+03 -3.920900e+03 0
6.883700e-01 7.243900e-01 -2.107800e-01 6.408200e-02 30 67 9.430000e+00 4.300000e+00 1.218900e+03 8.908200e+02 0
6.793700e-01 7.940200e-01 -2.166300e-01 6.408200e-02 31 67 1.010300e+01 4.300000e+00 1158 8.428700e+02 0
7.020100e-01 7.999700e-01 -2.171300e-01 6.408200e-02 32 67 9.880700e+00 4.300000e+00 1.175100e+03 8.397600e+02 0
9.895800e-01 3.944100e+00 -4.809500e-01 -9.612300e-01 118 35 1.083100e+01 4.300000e+00 8.299000e+02 4.913500e+02 1
9.980400e-01 3.972900e+00 -4.833700e-01 -9.612300e-01 119 35 1.124200e+01 4.300000e+00 8.302900e+02 4.907800e+02 1
1.039000e+00 3.992400e+00 -4.850100e-01 -9.612300e-01 120 35 1.062000e+01 4.300000e+00 8.363600e+02 4.904400e+02 1
9.732100e-01 4.171600e+00 -5.000500e-01 -9.612300e-01 124 35 1.025900e+01 4.300000e+00 8.197200e+02 4.869500e+02 1
1.048800e+00 4.192700e+00 -5.018200e-01 -9.612300e-01 125 35 1.053700e+01 4.300000e+00 8.309300e+02 4.866600e+02 1
8.545300e-01 3.916700e+00 -4.786600e-01 -9.291900e-01 117 36 1.043700e+01 4.300000e+00 8.081700e+02 4.917400e+02 1
9.576600e-01 3.953000e+00 -4.817000e-01 -9.291900e-01 118 36 1.184400e+01 4.300000e+00 8.242600e+02 4.911300e+02 1
9.980400e-01 3.987900e+00 -4.846400e-01 -9.291900e-01 119 36 1.218000e+01 4.300000e+00 8.297600e+02 4.904800e+02 1
1.039000e+00 4.021000e+00 -4.874100e-01 -9.291900e-01 120 36 1.135000e+01 4.300000e+00 8.353200e+02 4.898700e+02 1
1.040300e+00 4.165900e+00 -4.995700e-01 -9.291900e-01 124 36 1.103500e+01 4.300000e+00 8.305000e+02 4.871300e+02 1
1.116500e+00 4.172200e+00 -5.001000e-01 -9.291900e-01 125 36 1.121200e+01 4.300000e+00 8.423000e+02 4.871000e+02 1
1.193700e+00 4.139600e+00 -4.973600e-01 -9.291900e-01 126 36 1.020600e+01 4.300000e+00 8.558100e+02 4.878000e+02 1
9.257400e-01 3.962000e+00 -4.824600e-01 -8.971500e-01 118 37 1.097500e+01 4.300000e+00 8.186500e+02 4.909100e+02 1
9.980400e-01 3.992800e+00 -4.850500e-01 -8.971500e-01 119 37 1.135900e+01 4.300000e+00 8.295900e+02 4.903800e+02 1
1.006500e+00 4.031600e+00 -4.883000e-01 -8.971500e-01 120 37 1.068100e+01 4.300000e+00 8.296300e+02 4.896300e+02 1
1.006800e+00 4.175800e+00 -5.004000e-01 -8.971500e-01 124 37 9.961200e+00 4.300000e+00 8.248700e+02 4.869100e+02 1
1.116500e+00 4.182700e+00 -5.009800e-01 -8.971500e-01 125 37 1.011600e+01 4.300000e+00 8.419200e+02 4.869200e+02 1
-6.901700e+00 1.237900e+01 -1.188800e+00 -8.010300e-01 409 40 9.922300e+00 4.300000e+00 3.349600e+02 4.356400e+02 0
-6.807000e+00 1.245400e+01 -1.195000e+00 -8.010300e-01 410 40 1.030400e+01 4.300000e+00 3.417700e+02 4.355300e+02 0
0 0 -1.500000e-01 -7.369400e-01 1 42 9.360400e+00 4.300000e+00 2167 -3.612800e+03 0
7.052900e-01 1.436700e+00 -2.705600e-01 -2.242900e-01 48 58 9.992300e+00 4.300000e+00 9.479900e+02 6.369000e+02 0
7.028300e-01 1.422000e+00 -2.693200e-01 -1.922500e-01 47 59 1.039800e+01 4.300000e+00 9.496200e+02 6.393700e+02 0
7.181100e-01 1.447100e+00 -2.714300e-01 -1.922500e-01 48 59 1.080700e+01 4.300000e+00 9.521600e+02 6.352600e+02 0
7.595800e-01 1.478400e+00 -2.740600e-01 -1.922500e-01 49 59 1.019700e+01 4.300000e+00 9.657200e+02 6.305200e+02 0
0 0 -1.500000e-01 -1.602100e-01 1 60 9.486400e+00 4.300000e+00 2167 -3.612800e+03 0
0 0 -1.500000e-01 -6.408200e-02 1 63 1.061100e+01 4.300000e+00 2167 -3.612800e+03 0
6.875500e-01 7.898400e-01 -2.162800e-01 -6.408200e-02 31 63 1.001200e+01 4.300000e+00 1.168500e+03 8.456600e+02 0
7.020100e-01 7.565400e-01 -2.134800e-01 -6.408200e-02 32 63 9.920000e+00 4.300000e+00 1.206800e+03 8.678800e+02 0
6.984700e-01 6.829300e-01 -2.073100e-01 -6.408200e-02 33 63 9.736200e+00 4.300000e+00 1.267300e+03 9.249600e+02 0
0 0 -1.500000e-01 -3.204100e-02 1 64 1.574600e+01 4.300000e+00 2167 -3.612800e+03 0
-7.093800e-02 1.123700e-01 -1.594300e-01 -3.204100e-02 5 64 1.414100e+01 4.300000e+00 -3.095700e+03 7735 0
-1.585200e-01 1.859700e-01 -1.656100e-01 -3.204100e-02 8 64 1.329100e+01 4.300000e+00 -1.097100e+03 2.953200e+03 0
-1.986300e-01 1.949700e-01 -1.663600e-01 -3.204100e-02 9 64 1.260200e+01 4.300000e+00 -1152 2.746600e+03 0
-2.480100e-01 1.867800e-01 -1.656700e-01 -3.204100e-02 10 64 1.253700e+01 4.300000e+00 -1.511400e+03 2.871600e+03 0
-2.592000e-01 2.254200e-01 -1.689200e-01 -3.204100e-02 11 64 1.194200e+01 4.300000e+00 -1.018300e+03 2.272200e+03 0
-2.881200e-01 2.274700e-01 -1.690900e-01 -3.204100e-02 12 64 1.166700e+01 4.300000e+00 -1.099500e+03 2.237400e+03 0
-3.077600e-01 2.757300e-01 -1.731400e-01 -3.204100e-02 13 64 1.091400e+01 4.300000e+00 -7.446100e+02 1.816200e+03 0
3.462300e-01 3.457200e-01 -1.790100e-01 -3.204100e-02 28 64 1.210000e+01 4.300000e+00 1.122300e+03 1.562500e+03 0
6.722700e-01 6.488800e-01 -2.044500e-01 -3.204100e-02 29 64 1.367100e+01 4.300000e+00 1.271600e+03 9.556100e+02 0
6.725500e-01 7.389100e-01 -2.120000e-01 -3.204100e-02 30 64 1.460400e+01 4.300000e+00 1.190900e+03 8.795600e+02 0
6.793700e-01 7.974800e-01 -2.169200e-01 -3.204100e-02 31 64 1.476700e+01 4.300000e+00 1.155700e+03 8.407400e+02 0
6.766400e-01 8.310100e-01 -2.197300e-01 -3.204100e-02 32 64 1.423200e+01 4.300000e+00 1.132200e+03 8.211500e+02 0
6.897400e-01 8.645800e-01 -2.225500e-01 -3.204100e-02 33 64 1.271600e+01 4.300000e+00 1.124200e+03 8.035700e+02 0
7.235700e-01 8.396300e-01 -2.204600e-01 -3.204100e-02 35 64 1.057200e+01 4.300000e+00 1.168400e+03 8.174100e+02 0
-8.498900e-01 8.780000e-01 -2.236700e-01 -3.204100e-02 36 64 1.064200e+01 4.300000e+00 -8.685100e+01 7.689700e+02 0
-8.545300e-01 8.918800e-01 -2.248400e-01 -3.204100e-02 37 64 1.110700e+01 4.300000e+00 -7.738900e+01 7.630500e+02 0
-8.580800e-01 8.909000e-01 -2.247600e-01 -3.204100e-02 38 64 1.082900e+01 4.300000e+00 -8.085000e+01 7.634000e+02 0
