0 0 -1.500000e-01 0 1 65 1.673900e+01 2.310000e+00 2167 -3.612800e+03 0
-7.093800e-02 1.130900e-01 -1.554700e-01 0 5 65 1.516900e+01 2.310000e+00 -3.015500e+03 7.519200e+03 0
-1.585200e-01 1.860100e-01 -1.590000e-01 0 8 65 1.431500e+01 2.310000e+00 -1.092700e+03 2.911800e+03 0
-1.986300e-01 1.941200e-01 -1.594000e-01 0 9 65 1.365400e+01 2.310000e+00 -1.160700e+03 2.723600e+03 0
-2.480100e-01 1.863900e-01 -1.590200e-01 0 10 65 1.363100e+01 2.310000e+00 -1.513900e+03 2.840300e+03 0
-2.619200e-01 2.223100e-01 -1.607600e-01 0 11 65 1.313300e+01 2.310000e+00 -1059 2.273100e+03 0
-2.881200e-01 2.313900e-01 -1.612000e-01 0 12 65 1.261200e+01 2.310000e+00 -1.054200e+03 2.160700e+03 0
-3.044900e-01 2.835300e-01 -1.637200e-01 0 13 65 1.186300e+01 2.310000e+00 -6.824700e+02 1.736400e+03 0
-3.014900e-01 3.101000e-01 -1.650100e-01 0 14 65 1.144000e+01 2.310000e+00 -5.267800e+02 1.591900e+03 0
-1.298700e-01 2.271600e-01 -1.610000e-01 0 15 65 1.135500e+01 2.310000e+00 -5.215100e+02 2.269300e+03 0
-3.601500e-01 3.612200e-01 -1.674900e-01 0 16 65 1.112200e+01 2.310000e+00 -4.348900e+02 1.378700e+03 0
3.536000e-01 3.650400e-01 -1.676700e-01 0 28 65 1.310500e+01 2.310000e+00 1.108600e+03 1.453500e+03 0
6.799100e-01 6.376200e-01 -1.808700e-01 0 29 65 1.464700e+01 2.310000e+00 1.291400e+03 9.405600e+02 0
6.725500e-01 7.364100e-01 -1.856500e-01 0 30 65 1.555500e+01 2.310000e+00 1.191600e+03 8.555500e+02 0
6.711800e-01 8.044700e-01 -1.889400e-01 0 31 65 1.569300e+01 2.310000e+00 1.142500e+03 8.108900e+02 0
6.766400e-01 8.332700e-01 -1.903400e-01 0 32 65 1.512200e+01 2.310000e+00 1.129800e+03 7.946100e+02 0
6.722700e-01 8.781700e-01 -1.925100e-01 0 33 65 1.351400e+01 2.310000e+00 1.101100e+03 7.713600e+02 0
7.235700e-01 9.127800e-01 -1.941800e-01 0 35 65 1.091000e+01 2.310000e+00 1.124700e+03 7.561100e+02 0
-8.594400e-01 8.455900e-01 -1.909300e-01 0 36 65 1.174700e+01 2.310000e+00 -1.247900e+02 7.596500e+02 0
-8.741700e-01 8.445700e-01 -1.908800e-01 0 37 65 1.212700e+01 2.310000e+00 -1.370400e+02 7.598600e+02 0
-9.085500e-01 8.016700e-01 -1.888100e-01 0 38 65 1.172500e+01 2.310000e+00 -2.116200e+02 7.800900e+02 0
-9.434700e-01 7.374900e-01 -1.857000e-01 0 39 65 1.054400e+01 2.310000e+00 -3.256200e+02 8.152500e+02 0
0 0 -1.500000e-01 3.204100e-02 1 66 1.572800e+01 2.310000e+00 2167 -3.612800e+03 0
-7.093800e-02 1.137800e-01 -1.555100e-01 3.204100e-02 5 66 1.414900e+01 2.310000e+00 -2.955400e+03 7.403500e+03 0
-1.585200e-01 1.860000e-01 -1.590000e-01 3.204100e-02 8 66 1.331200e+01 2.310000e+00 -1093 2.912100e+03 0
-1.986300e-01 1.946500e-01 -1.594200e-01 3.204100e-02 9 66 1.264500e+01 2.310000e+00 -1.152900e+03 2.713900e+03 0
-2.480100e-01 1.878700e-01 -1.590900e-01 3.204100e-02 10 66 1.259300e+01 2.310000e+00 -1.487200e+03 2.810700e+03 0
-2.646500e-01 2.204000e-01 -1.606700e-01 3.204100e-02 11 66 1.209600e+01 2.310000e+00 -1.090700e+03 2.295200e+03 0
-2.881200e-01 2.364500e-01 -1.614500e-01 3.204100e-02 12 66 1.167600e+01 2.310000e+00 -1.002700e+03 2.108700e+03 0
-3.012100e-01 2.883000e-01 -1.639600e-01 3.204100e-02 13 66 1.101300e+01 2.310000e+00 -6.445900e+02 1.708500e+03 0
-2.979400e-01 3.074300e-01 -1.648800e-01 3.204100e-02 14 66 1.039300e+01 2.310000e+00 -5.315300e+02 1.605700e+03 0
-1.336900e-01 1.503300e-01 -1.572800e-01 3.204100e-02 15 66 1.024000e+01 2.310000e+00 -1.704400e+03 4.050600e+03 0
3.609700e-01 3.634200e-01 -1.675900e-01 3.204100e-02 28 66 1.212400e+01 2.310000e+00 1.128200e+03 1.460700e+03 0
6.799100e-01 6.307400e-01 -1.805300e-01 3.204100e-02 29 66 1.364300e+01 2.310000e+00 1.299100e+03 9.476400e+02 0
6.725500e-01 7.340300e-01 -1.855300e-01 3.204100e-02 30 66 1.455500e+01 2.310000e+00 1.193500e+03 8.572900e+02 0
6.711800e-01 8.044600e-01 -1.889400e-01 3.204100e-02 31 66 1.469100e+01 2.310000e+00 1.142500e+03 8.109000e+02 0
6.766400e-01 8.352600e-01 -1.904300e-01 3.204100e-02 32 66 1.411700e+01 2.310000e+00 1.128600e+03 7.935200e+02 0
6.722700e-01 8.822000e-01 -1.927000e-01 3.204100e-02 33 66 1.247800e+01 2.310000e+00 1099 7.694100e+02 0
-9.814000e-01 1.370900e-01 -1.566400e-01 3.204100e-02 34 66 1.025500e+01 2.310000e+00 -6.938500e+03 3.460200e+03 0
7.050100e-01 9.106500e-01 -1.940800e-01 3.204100e-02 35 66 1.003900e+01 2.310000e+00 1111 7.567500e+02 0
-8.880900e-01 8.130900e-01 -1.893600e-01 3.204100e-02 36 66 1.083900e+01 2.310000e+00 -1.820500e+02 7.747000e+02 0
-8.938200e-01 8.219300e-01 -1.897900e-01 3.204100e-02 37 66 1.111000e+01 2.310000e+00 -1.765700e+02 7.702400e+02 0
-9.186500e-01 8.020100e-01 -1.888200e-01 3.204100e-02 38 66 1.065000e+01 2.310000e+00 -2.192600e+02 7.797200e+02 0
2.534100e+00 7.077600e+00 -4.926000e-01 -7.049000e-01 217 43 1.018500e+01 2.310000e+00 9.108800e+02 4.346700e+02 1
2.486600e+00 7.146300e+00 -4.959300e-01 -7.049000e-01 218 43 1.104800e+01 2.310000e+00 9.043800e+02 4.342200e+02 1
2.438600e+00 7.207600e+00 -4.988900e-01 -7.049000e-01 219 43 1.107300e+01 2.310000e+00 8.981700e+02 4.338300e+02 1
2.509600e+00 7.224700e+00 -4.997300e-01 -7.049000e-01 220 43 1.031900e+01 2.310000e+00 9.041300e+02 4.337500e+02 1
2.545900e+00 7.133300e+00 -4.953000e-01 -6.728600e-01 218 44 1.093600e+01 2.310000e+00 9.102300e+02 4.343200e+02 1
2.438600e+00 7.210800e+00 -4.990500e-01 -6.728600e-01 219 44 1.102100e+01 2.310000e+00 8.980800e+02 4.338100e+02 1
2.390100e+00 7.244900e+00 -5.007000e-01 -6.728600e-01 220 44 1.031100e+01 2.310000e+00 8.927000e+02 4.335800e+02 1
2.541500e+00 3.091800e+00 -2.996600e-01 -5.767400e-01 116 47 1.010200e+01 2.310000e+00 1.207500e+03 4.935700e+02 1
2.563600e+00 3.135500e+00 -3.017800e-01 -5.767400e-01 117 47 9.957700e+00 2.310000e+00 1.204800e+03 4.921000e+02 1
0 0 -1.500000e-01 -5.447000e-01 1 48 9.171300e+00 2.310000e+00 2167 -3.612800e+03 0
2.597400e+00 2.892800e+00 -2.900300e-01 -5.447000e-01 113 48 1.041700e+01 2.310000e+00 1.258300e+03 5.011200e+02 1
2.651400e+00 2.884800e+00 -2.896400e-01 -5.447000e-01 114 48 1.052100e+01 2.310000e+00 1.272900e+03 5.015400e+02 1
2.612700e+00 2.992600e+00 -2.948600e-01 -5.447000e-01 115 48 1.074700e+01 2.310000e+00 1.241900e+03 4.972800e+02 1
2.604200e+00 3.057100e+00 -2.979900e-01 -5.447000e-01 116 48 1.124800e+01 2.310000e+00 1.227800e+03 4.949000e+02 1
2.595200e+00 3.108300e+00 -3.004600e-01 -5.447000e-01 117 48 1.098300e+01 2.310000e+00 1.216500e+03 4.930900e+02 1
2.458000e+00 3.194300e+00 -3.046200e-01 -5.447000e-01 118 48 1.018600e+01 2.310000e+00 1.172200e+03 4.899900e+02 1
2.768800e+00 3.051800e+00 -2.977300e-01 -5.447000e-01 119 48 1.068100e+01 2.310000e+00 1.266100e+03 4.953700e+02 1
2.857200e+00 2.964100e+00 -2.934800e-01 -5.447000e-01 120 48 1.028200e+01 2.310000e+00 1.304700e+03 4.987900e+02 0
2.635600e+00 3.030000e+00 -2.966700e-01 -5.126600e-01 116 49 1.050200e+01 2.310000e+00 1240 4.959300e+02 1
2.626900e+00 3.081400e+00 -2.991600e-01 -5.126600e-01 117 49 1.011200e+01 2.310000e+00 1.228400e+03 4.940800e+02 1
2.768800e+00 3.051200e+00 -2.977000e-01 -5.126600e-01 119 49 1.038900e+01 2.310000e+00 1.266200e+03 4.954000e+02 1
0 0 -1.500000e-01 -6.408200e-02 1 63 1.023800e+01 2.310000e+00 2167 -3.612800e+03 0
6.957400e-01 7.702100e-01 -1.872800e-01 -6.408200e-02 31 63 9.518900e+00 2.310000e+00 1.189100e+03 8.328200e+02 0
0 0 -1.500000e-01 -3.204100e-02 1 64 1.572200e+01 2.310000e+00 2167 -3.612800e+03 0
-7.093800e-02 1.128600e-01 -1.554600e-01 -3.204100e-02 5 64 1.415100e+01 2.310000e+00 -3.036400e+03 7.559200e+03 0
-1.585200e-01 1.860700e-01 -1.590100e-01 -3.204100e-02 8 64 1.327800e+01 2.310000e+00 -1.091800e+03 2.910600e+03 0
-1.986300e-01 1.935100e-01 -1.593700e-01 -3.204100e-02 9 64 1.261300e+01 2.310000e+00 -1.169600e+03 2.734800e+03 0
-2.480100e-01 1.853500e-01 -1.589700e-01 -3.204100e-02 10 64 1.261800e+01 2.310000e+00 -1533 2.861500e+03 0
-2.619200e-01 2.206800e-01 -1.606800e-01 -3.204100e-02 11 64 1.214400e+01 2.310000e+00 -1.077400e+03 2.292900e+03 0
-2.911200e-01 2.202800e-01 -1.606600e-01 -3.204100e-02 12 64 1.149600e+01 2.310000e+00 -1.189700e+03 2.285500e+03 0
-3.012100e-01 2.844300e-01 -1.637700e-01 -3.204100e-02 13 64 1.074800e+01 2.310000e+00 -6.680800e+02 1.731600e+03 0
-2.943900e-01 3.069900e-01 -1.648600e-01 -3.204100e-02 14 64 1.034700e+01 2.310000e+00 -5.250600e+02 1.608500e+03 0
3.536000e-01 3.558400e-01 -1.672300e-01 -3.204100e-02 28 64 1.206500e+01 2.310000e+00 1.122700e+03 1.489600e+03 0
6.799100e-01 6.405400e-01 -1.810100e-01 -3.204100e-02 29 64 1.360000e+01 2.310000e+00 1.288200e+03 9.376100e+02 0
6.725500e-01 7.382900e-01 -1.857400e-01 -3.204100e-02 30 64 1.451900e+01 2.310000e+00 1.190100e+03 8.541900e+02 0
6.711800e-01 8.043900e-01 -1.889400e-01 -3.204100e-02 31 64 1.465600e+01 2.310000e+00 1.142500e+03 8.109400e+02 0
6.766400e-01 8.313300e-01 -1.902400e-01 -3.204100e-02 32 64 1.409100e+01 2.310000e+00 1.130900e+03 7.956700e+02 0
6.722700e-01 8.751600e-01 -1.923600e-01 -3.204100e-02 33 64 1.253700e+01 2.310000e+00 1.102700e+03 7.728300e+02 0
7.514000e-01 8.656500e-01 -1.919000e-01 -3.204100e-02 35 64 1.005400e+01 2.310000e+00 1.174800e+03 7.790300e+02 0
-8.403400e-01 8.536300e-01 -1.913200e-01 -3.204100e-02 36 64 1.065900e+01 2.310000e+00 -1.022700e+02 7.563100e+02 0
-8.643500e-01 8.341900e-01 -1.903800e-01 -3.204100e-02 37 64 1.107700e+01 2.310000e+00 -1.404100e+02 7.648800e+02 0
-8.984600e-01 7.999200e-01 -1.887200e-01 -3.204100e-02 38 64 1.075400e+01 2.310000e+00 -2.056200e+02 7.811800e+02 0
