0 0 -1.500000e-01 0 1 65 1.658300e+01 3.710000e+00 2167 -3.612800e+03 0
-7.202900e-02 1.118700e-01 -1.587000e-01 0 5 65 1.526300e+01 3.710000e+00 -3.154500e+03 7.804400e+03 0
-1.585200e-01 1.860800e-01 -1.644800e-01 0 8 65 1.440000e+01 3.710000e+00 -1.094800e+03 2944 0
-2.008100e-01 1.908700e-01 -1.648500e-01 0 9 65 1.372300e+01 3.710000e+00 -1.222800e+03 2.815900e+03 0
-2.480100e-01 1.860700e-01 -1.644800e-01 0 10 65 1.369600e+01 3.710000e+00 -1.523600e+03 2.879400e+03 0
-2.619200e-01 2.217700e-01 -1.672600e-01 0 11 65 1.320300e+01 3.710000e+00 -1.067800e+03 2.308500e+03 0
-2.881200e-01 2.315800e-01 -1.680200e-01 0 12 65 1.276800e+01 3.710000e+00 -1.054800e+03 2.186700e+03 0
-3.044900e-01 2.817600e-01 -1.719200e-01 0 13 65 1.198200e+01 3.710000e+00 -6.955700e+02 1.772900e+03 0
-3.050300e-01 2.991400e-01 -1.732800e-01 0 14 65 1.143500e+01 3.710000e+00 -5.942600e+02 1672 0
-1.298700e-01 3.370600e-01 -1.762300e-01 0 15 65 1.124900e+01 3.710000e+00 -2.290400e+01 1522 0
3.536000e-01 3.335600e-01 -1.759500e-01 0 28 65 1.316700e+01 3.710000e+00 1.162400e+03 1.614600e+03 0
6.799100e-01 6.413600e-01 -1.999000e-01 0 29 65 1.472500e+01 3.710000e+00 1.288500e+03 9.588100e+02 0
6.725500e-01 7.377200e-01 -2.074000e-01 0 30 65 1.564200e+01 3.710000e+00 1.191600e+03 8.759900e+02 0
6.793700e-01 7.975300e-01 -2.120600e-01 0 31 65 1.579500e+01 3.710000e+00 1.155500e+03 8.363300e+02 0
6.766400e-01 8.313300e-01 -2.146900e-01 0 32 65 1.524800e+01 3.710000e+00 1.131900e+03 8.166200e+02 0
6.810000e-01 8.687000e-01 -2.175900e-01 0 33 65 1.371800e+01 3.710000e+00 1.114300e+03 7.969900e+02 0
7.514000e-01 7.946000e-01 -2.118300e-01 0 35 65 1.089700e+01 3.710000e+00 1225 8.398300e+02 0
-8.212400e-01 9.014700e-01 -2.201400e-01 0 36 65 1.173500e+01 3.710000e+00 -4.481100e+01 7.556300e+02 0
-8.447100e-01 8.952400e-01 -2.196600e-01 0 37 65 1.221100e+01 3.710000e+00 -6.712800e+01 7.577900e+02 0
-8.681700e-01 8.904900e-01 -2.192900e-01 0 38 65 1.181900e+01 3.710000e+00 -8.835900e+01 7.593700e+02 0
-8.916400e-01 9.087300e-01 -2.207100e-01 0 39 65 1.042700e+01 3.710000e+00 -8.841300e+01 7.516100e+02 0
0 0 -1.500000e-01 3.204100e-02 1 66 1.557600e+01 3.710000e+00 2167 -3.612800e+03 0
-7.202900e-02 1.123800e-01 -1.587400e-01 3.204100e-02 5 66 1.425300e+01 3.710000e+00 -3.105900e+03 7.711200e+03 0
-1.585200e-01 1.860800e-01 -1.644800e-01 3.204100e-02 8 66 1.339500e+01 3.710000e+00 -1.094900e+03 2944 0
-2.008100e-01 1.905100e-01 -1.648200e-01 3.204100e-02 9 66 1.272000e+01 3.710000e+00 -1.228300e+03 2.822800e+03 0
-2.504700e-01 1.822000e-01 -1.641800e-01 3.204100e-02 10 66 1.271500e+01 3.710000e+00 -1.609100e+03 2.959600e+03 0
-2.619200e-01 2.221800e-01 -1.672900e-01 3.204100e-02 11 66 1.221100e+01 3.710000e+00 -1.063100e+03 2.303400e+03 0
-2.881200e-01 2.317400e-01 -1.680300e-01 3.204100e-02 12 66 1.175200e+01 3.710000e+00 -1.053100e+03 2185 0
-3.044900e-01 2.833200e-01 -1.720500e-01 3.204100e-02 13 66 1.091600e+01 3.710000e+00 -6.856900e+02 1.763200e+03 0
-4.291700e-01 9.465500e-02 -1.573700e-01 3.204100e-02 14 66 1.046900e+01 3.710000e+00 -10224 8.890100e+03 0
3.536000e-01 3.757800e-01 -1.792400e-01 3.204100e-02 28 66 1.215000e+01 3.710000e+00 1.094200e+03 1.439100e+03 0
6.799100e-01 6.394100e-01 -1.997500e-01 3.204100e-02 29 66 1.371800e+01 3.710000e+00 1.290600e+03 9.607900e+02 0
6.725500e-01 7.360900e-01 -2.072800e-01 3.204100e-02 30 66 1.461600e+01 3.710000e+00 1.192900e+03 8.771800e+02 0
6.711800e-01 8.044800e-01 -2.126000e-01 3.204100e-02 31 66 1.475400e+01 3.710000e+00 1.143400e+03 8.319500e+02 0
6.766400e-01 8.340700e-01 -2.149000e-01 3.204100e-02 32 66 1.416600e+01 3.710000e+00 1.130200e+03 8.151100e+02 0
6.810000e-01 8.780800e-01 -2.183200e-01 3.204100e-02 33 66 1.252500e+01 3.710000e+00 1.109300e+03 7.923400e+02 0
-8.403400e-01 8.858700e-01 -2.189300e-01 3.204100e-02 36 66 1.057000e+01 3.710000e+00 -7.244500e+01 7.617500e+02 0
-8.545300e-01 8.928200e-01 -2.194700e-01 3.204100e-02 37 66 1.111000e+01 3.710000e+00 -7.638300e+01 7.586300e+02 0
-8.681700e-01 9.092700e-01 -2.207500e-01 3.204100e-02 38 66 1.083800e+01 3.710000e+00 -7.135800e+01 7.517600e+02 0
0 0 -1.500000e-01 6.408200e-02 1 67 1.032400e+01 3.710000e+00 2167 -3.612800e+03 0
-5.456800e-04 3.490000e-02 -1.527200e-01 6.408200e-02 2 67 9.920600e+00 3.710000e+00 3.490700e+03 -7.203100e+03 0
6.646300e-01 6.803800e-01 -2.029400e-01 6.408200e-02 29 67 9.498200e+00 3.710000e+00 1.231600e+03 9.215600e+02 0
6.804600e-01 7.240900e-01 -2.063400e-01 6.408200e-02 30 67 1.001500e+01 3.710000e+00 1.210700e+03 8.863600e+02 0
7.121100e-01 7.566300e-01 -2.088700e-01 6.408200e-02 31 67 9.809200e+00 3.710000e+00 1.216600e+03 8.636600e+02 0
5.238500e-01 6.905500e-01 -2.037300e-01 6.408200e-02 33 67 9.577000e+00 3.710000e+00 1.068600e+03 9.083400e+02 0
0 0 -1.500000e-01 9.612300e-02 1 68 9.561300e+00 3.710000e+00 2167 -3.612800e+03 0
6.804600e-01 7.398600e-01 -2.075700e-01 9.612300e-02 30 68 9.740900e+00 3.710000e+00 1198 8.746500e+02 0
6.875500e-01 7.886900e-01 -2.113700e-01 9.612300e-02 31 68 9.851200e+00 3.710000e+00 1.169100e+03 8.419800e+02 0
3.117700e+00 9.743300e+00 -9.081300e-01 -9.612300e-01 294 35 1.052300e+01 3.710000e+00 8.901300e+02 4.411500e+02 0
2.887700e+00 9.838200e+00 -9.155200e-01 -9.612300e-01 295 35 1.059600e+01 3.710000e+00 8.729100e+02 4.407600e+02 0
5.937000e-01 2.132800e+00 -3.159500e-01 -9.291900e-01 65 36 1.006100e+01 3.710000e+00 8.259200e+02 556 0
6.188000e-01 2.728300e+00 -3.622900e-01 -9.291900e-01 82 36 1.002500e+01 3.710000e+00 8.022100e+02 5.229000e+02 0
3.107100e+00 9.698200e+00 -9.046200e-01 -9.291900e-01 293 36 1.037300e+01 3.710000e+00 8.903400e+02 4.413000e+02 0
2.798000e+00 9.841200e+00 -9.157500e-01 -9.291900e-01 294 36 1.152100e+01 3.710000e+00 8.668900e+02 4.407200e+02 0
2.807500e+00 9.870800e+00 -9.180600e-01 -9.291900e-01 295 36 1.160100e+01 3.710000e+00 867 4.406300e+02 0
2.817100e+00 9.850100e+00 -9.164400e-01 -9.291900e-01 296 36 1.071700e+01 3.710000e+00 868 4.407000e+02 0
5.500400e-01 2.060100e+00 -3.103000e-01 -8.971500e-01 64 37 1.073200e+01 3.710000e+00 8.165700e+02 5.612600e+02 0
5.587700e-01 2.125800e+00 -3.154100e-01 -8.971500e-01 65 37 1.108400e+01 3.710000e+00 8.153700e+02 5.563900e+02 0
5.675000e-01 2.152700e+00 -3.175100e-01 -8.971500e-01 66 37 1.055900e+01 3.710000e+00 8.164900e+02 5.544900e+02 0
2.558100e+00 9.894900e+00 -9.199300e-01 -8.971500e-01 294 37 1.045800e+01 3.710000e+00 8.501200e+02 4.404700e+02 0
2.647100e+00 9.910400e+00 -9.211300e-01 -8.971500e-01 295 37 1.065500e+01 3.710000e+00 8.557300e+02 4.404500e+02 0
8.717500e+00 7.729200e+00 4.631800e+00 -8.971500e-01 360 37 9.733200e+00 3.710000e+00 1404 1.621900e+01 0
5.672300e-01 2.071200e+00 -3.111600e-01 -8.651100e-01 64 38 1.006300e+01 3.710000e+00 8.214500e+02 5.604700e+02 0
5.937000e-01 2.122300e+00 -3.151300e-01 -8.651100e-01 65 38 1.027400e+01 3.710000e+00 8.266000e+02 5.567600e+02 0
1.461000e+00 3.256300e+00 -4.033800e-01 -8.651100e-01 106 38 1.022800e+01 3.710000e+00 9.560500e+02 5.053500e+02 0
1.237600e+00 2.143200e+00 -3.167700e-01 -8.330700e-01 73 39 9.963600e+00 3.710000e+00 1.028700e+03 5.574700e+02 0
1.234900e+00 2.131300e+00 -3.158400e-01 -8.330700e-01 74 39 1.022600e+01 3.710000e+00 1.029900e+03 5.583300e+02 0
1.251800e+00 2.070600e+00 -3.111200e-01 -8.330700e-01 75 39 9.787900e+00 3.710000e+00 1.045900e+03 5.630200e+02 0
-3.792500e+00 8.912300e+00 -8.434700e-01 -8.330700e-01 279 39 1.056100e+01 3.710000e+00 4.126900e+02 4.416700e+02 1
-4.034500e+00 8.866800e+00 -8.399300e-01 -8.330700e-01 280 39 1.281500e+01 3.710000e+00 3.942600e+02 4.417500e+02 1
-4.201700e+00 8.828300e+00 -8.369400e-01 -8.330700e-01 281 39 1.379900e+01 3.710000e+00 3.811900e+02 4.418300e+02 1
-4.216700e+00 8.858600e+00 -8.392900e-01 -8.330700e-01 282 39 1.377400e+01 3.710000e+00 3.812000e+02 4.417100e+02 1
-4.308700e+00 8.843600e+00 -8.381200e-01 -8.330700e-01 283 39 1.276800e+01 3.710000e+00 3.742100e+02 4.417300e+02 1
-4.169500e+00 8.906700e+00 -8.430400e-01 -8.330700e-01 284 39 1.111700e+01 3.710000e+00 3.861700e+02 4.415500e+02 1
1.218000e+00 2.182500e+00 -3.198300e-01 -8.010300e-01 73 40 1.081700e+01 3.710000e+00 1.016200e+03 5.545800e+02 0
1.234900e+00 2.202100e+00 -3.213500e-01 -8.010300e-01 74 40 1.106700e+01 3.710000e+00 1.018500e+03 5.532800e+02 0
1.272000e+00 2.181500e+00 -3.197400e-01 -8.010300e-01 75 40 1.039200e+01 3.710000e+00 1.033300e+03 5.548400e+02 0
-3.944100e+00 8.858500e+00 -8.392900e-01 -8.010300e-01 279 40 1.135300e+01 3.710000e+00 4.003300e+02 4.418100e+02 1
-4.110600e+00 8.832200e+00 -8.372400e-01 -8.010300e-01 280 40 1.360400e+01 3.710000e+00 3.877400e+02 4.418500e+02 1
-4.201700e+00 8.828700e+00 -8.369700e-01 -8.010300e-01 281 40 1.463000e+01 3.710000e+00 3.812000e+02 4.418300e+02 1
-4.293400e+00 8.822300e+00 -8.364700e-01 -8.010300e-01 282 40 1.459600e+01 3.710000e+00 3.745200e+02 4.418200e+02 1
-4.385600e+00 8.808000e+00 -8.353600e-01 -8.010300e-01 283 40 1.347000e+01 3.710000e+00 3.675100e+02 4.418400e+02 1
-4.246700e+00 8.831800e+00 -8.372100e-01 -8.010300e-01 284 40 1.134900e+01 3.710000e+00 3.781400e+02 4.418000e+02 1
-3.868300e+00 8.902300e+00 -8.427000e-01 -7.689800e-01 279 41 1.031300e+01 3.710000e+00 4.070700e+02 4.416800e+02 1
-4.110600e+00 8.831900e+00 -8.372200e-01 -7.689800e-01 280 41 1.248700e+01 3.710000e+00 3.877300e+02 4.418500e+02 1
-4.201700e+00 8.829400e+00 -8.370200e-01 -7.689800e-01 281 41 1.349700e+01 3.710000e+00 3.812200e+02 4.418200e+02 1
-4.293400e+00 8.823700e+00 -8.365800e-01 -7.689800e-01 282 41 1.346300e+01 3.710000e+00 3.745700e+02 4.418100e+02 1
-4.385600e+00 8.815100e+00 -8.359100e-01 -7.689800e-01 283 41 1.233800e+01 3.710000e+00 3.677700e+02 4.418100e+02 1
-5.042100e-01 1.451400e+00 -2.629400e-01 -1.281600e-01 45 61 1.049500e+01 3.710000e+00 3.857100e+02 6.221600e+02 0
-4.911100e-01 1.491000e+00 -2.660100e-01 -1.281600e-01 46 61 1.050500e+01 3.710000e+00 3.999400e+02 6.163700e+02 0
0 0 -1.500000e-01 -9.612300e-02 1 62 1.000700e+01 3.710000e+00 2167 -3.612800e+03 0
2.182700e-03 3.478400e-02 -1.527100e-01 -9.612300e-02 2 62 9.346900e+00 3.710000e+00 3.431900e+03 -7.163200e+03 0
6.548100e-01 8.133200e-01 -2.132900e-01 -9.612300e-02 31 62 9.588000e+00 3.710000e+00 1123 8.263700e+02 0
-5.162100e-01 1.391700e+00 -2.582900e-01 -9.612300e-02 44 62 1.006600e+01 3.710000e+00 3.662800e+02 6.316000e+02 0
-5.282100e-01 1.441700e+00 -2.621800e-01 -9.612300e-02 45 62 1.096200e+01 3.710000e+00 3.727000e+02 6.234900e+02 0
-5.402200e-01 1.475800e+00 -2.648300e-01 -9.612300e-02 46 62 1.088800e+01 3.710000e+00 3.751200e+02 6.182800e+02 0
0 0 -1.500000e-01 -6.408200e-02 1 63 1.051800e+01 3.710000e+00 2167 -3.612800e+03 0
-3.355900e-02 7.348700e-03 -1.505700e-01 -6.408200e-02 2 63 1.019700e+01 3.710000e+00 2.683200e+03 -4.131600e+03 0
6.567200e-01 7.419200e-01 -2.077300e-01 -6.408200e-02 30 63 1.023400e+01 3.710000e+00 1.172400e+03 8.725200e+02 0
6.630000e-01 8.109400e-01 -2.131000e-01 -6.408200e-02 31 63 1.035500e+01 3.710000e+00 1.131900e+03 8.279400e+02 0
6.681800e-01 8.517600e-01 -2.162800e-01 -6.408200e-02 32 63 1.003800e+01 3.710000e+00 1.112700e+03 8.054300e+02 0
0 0 -1.500000e-01 -3.204100e-02 1 64 1.554800e+01 3.710000e+00 2167 -3.612800e+03 0
-7.093800e-02 1.121900e-01 -1.587300e-01 -3.204100e-02 5 64 1.424100e+01 3.710000e+00 -3.110600e+03 7.753200e+03 0
-1.585200e-01 1.860900e-01 -1.644800e-01 -3.204100e-02 8 64 1.336500e+01 3.710000e+00 -1.094700e+03 2.943700e+03 0
-2.008100e-01 1.905400e-01 -1.648300e-01 -3.204100e-02 9 64 1.266600e+01 3.710000e+00 -1.227900e+03 2.822300e+03 0
-2.480100e-01 1.850100e-01 -1.644000e-01 -3.204100e-02 10 64 1.266400e+01 3.710000e+00 -1.543300e+03 2.901300e+03 0
-2.619200e-01 2.211000e-01 -1.672000e-01 -3.204100e-02 11 64 1.217900e+01 3.710000e+00 -1.075300e+03 2.316600e+03 0
-2.851200e-01 2.357300e-01 -1.683400e-01 -3.204100e-02 12 64 1.176400e+01 3.710000e+00 -1.002300e+03 2.144700e+03 0
-3.012100e-01 2.845400e-01 -1.721400e-01 -3.204100e-02 13 64 1.104800e+01 3.710000e+00 -6.692700e+02 1.756400e+03 0
-2.979400e-01 2.786300e-01 -1.716800e-01 -3.204100e-02 14 64 1.044500e+01 3.710000e+00 -6.977800e+02 1.794200e+03 0
3.536000e-01 2.761100e-01 -1.714800e-01 -3.204100e-02 28 64 1.218600e+01 3.710000e+00 1.303900e+03 1.978700e+03 0
6.799100e-01 6.464400e-01 -2.003000e-01 -3.204100e-02 29 64 1.369900e+01 3.710000e+00 1283 9.537300e+02 0
6.725500e-01 7.393200e-01 -2.075300e-01 -3.204100e-02 30 64 1.462400e+01 3.710000e+00 1.190400e+03 8.748300e+02 0
6.793700e-01 7.974500e-01 -2.120500e-01 -3.204100e-02 31 64 1.477700e+01 3.710000e+00 1.155600e+03 8.363800e+02 0
6.766400e-01 8.287700e-01 -2.144900e-01 -3.204100e-02 32 64 1.424800e+01 3.710000e+00 1.133400e+03 8.180500e+02 0
6.810000e-01 8.581800e-01 -2.167800e-01 -3.204100e-02 33 64 1.278200e+01 3.710000e+00 1.120100e+03 8.023500e+02 0
-8.116900e-01 9.098600e-01 -2.208000e-01 -3.204100e-02 36 64 1.085400e+01 3.710000e+00 -3.086300e+01 7.524200e+02 0
-8.447100e-01 8.919900e-01 -2.194100e-01 -3.204100e-02 37 64 1.122400e+01 3.710000e+00 -7.005200e+01 7.591300e+02 0
-8.681700e-01 8.743200e-01 -2.180300e-01 -3.204100e-02 38 64 1.078600e+01 3.710000e+00 -1.036100e+02 7.661900e+02 0
