0 0 -1.500000e-01 0 1 65 1.659800e+01 3.920000e+00 2167 -3.612800e+03 0
-7.093800e-02 1.131100e-01 -1.593000e-01 0 5 65 1.525000e+01 3.920000e+00 -3.028100e+03 7.601500e+03 0
-1.585200e-01 1.860800e-01 -1.653000e-01 0 8 65 1.440300e+01 3.920000e+00 -1.095300e+03 2949 0
-2.008100e-01 1.911000e-01 -1.657100e-01 0 9 65 1.371700e+01 3.920000e+00 -1.219700e+03 2.816200e+03 0
-2.480100e-01 1.867100e-01 -1.653500e-01 0 10 65 1.369200e+01 3.920000e+00 -1.512400e+03 2.871100e+03 0
-2.619200e-01 2.230100e-01 -1.683400e-01 0 11 65 1.318200e+01 3.920000e+00 -1.054400e+03 2.297900e+03 0
-2.881200e-01 2.351300e-01 -1.693300e-01 0 12 65 1.273800e+01 3.920000e+00 -1.018800e+03 2.153900e+03 0
-3.110400e-01 2.775100e-01 -1.728200e-01 0 13 65 1.198700e+01 3.920000e+00 -7.414800e+02 1.802300e+03 0
-3.085800e-01 3.046000e-01 -1.750500e-01 0 14 65 1.140500e+01 3.920000e+00 -5.740700e+02 1.646500e+03 0
-1.222300e-01 3.790500e-01 -1.811700e-01 0 15 65 1.105700e+01 3.920000e+00 8.953300e+01 1.375400e+03 0
3.609700e-01 2.910000e-01 -1.739300e-01 0 28 65 1.315900e+01 3.920000e+00 1.283400e+03 1.870800e+03 0
6.799100e-01 6.396300e-01 -2.026000e-01 0 29 65 1.469400e+01 3.920000e+00 1.290600e+03 9.638700e+02 0
6.725500e-01 7.372800e-01 -2.106300e-01 0 30 65 1.563300e+01 3.920000e+00 1.192100e+03 8.795200e+02 0
6.793700e-01 7.975200e-01 -2.155800e-01 0 31 65 1.579000e+01 3.920000e+00 1.155700e+03 8.395100e+02 0
6.766400e-01 8.305400e-01 -2.182900e-01 0 32 65 1.525200e+01 3.920000e+00 1.132500e+03 8.202100e+02 0
6.810000e-01 8.668700e-01 -2.212800e-01 0 33 65 1.372800e+01 3.920000e+00 1.115500e+03 8.010400e+02 0
7.514000e-01 7.136400e-01 -2.086800e-01 0 35 65 1.101600e+01 3.920000e+00 1.295100e+03 8.998000e+02 0
-8.307900e-01 8.951400e-01 -2.236100e-01 0 36 65 1.176200e+01 3.920000e+00 -5.731000e+01 7.609900e+02 0
-8.447100e-01 9.026800e-01 -2.242300e-01 0 37 65 1.230500e+01 3.920000e+00 -6.062500e+01 7.576900e+02 0
-8.681700e-01 8.895200e-01 -2.231400e-01 0 38 65 1.199500e+01 3.920000e+00 -8.936600e+01 7.626900e+02 0
-9.020000e-01 8.465100e-01 -2.196100e-01 0 39 65 1.065800e+01 3.920000e+00 -1.570700e+02 7.808900e+02 0
0 0 -1.500000e-01 3.204100e-02 1 66 1.561000e+01 3.920000e+00 2167 -3.612800e+03 0
-7.202900e-02 1.130000e-01 -1.592900e-01 3.204100e-02 5 66 1.424000e+01 3.920000e+00 -3.050700e+03 7.612600e+03 0
-1.585200e-01 1.860200e-01 -1.653000e-01 3.204100e-02 8 66 1.342500e+01 3.920000e+00 -1.096100e+03 2.950200e+03 0
-2.008100e-01 1.917700e-01 -1.657700e-01 3.204100e-02 9 66 1.270300e+01 3.920000e+00 -1.209500e+03 2.803400e+03 0
-2.504700e-01 1.842200e-01 -1.651500e-01 3.204100e-02 10 66 1.268700e+01 3.920000e+00 -1.570500e+03 2.921200e+03 0
-2.646500e-01 2.209200e-01 -1.681700e-01 3.204100e-02 11 66 1.219600e+01 3.920000e+00 -1.087900e+03 2322 0
-2.911200e-01 2.322800e-01 -1.691000e-01 3.204100e-02 12 66 1.171500e+01 3.920000e+00 -1.058300e+03 2.182400e+03 0
-3.110400e-01 2.754900e-01 -1.726500e-01 3.204100e-02 13 66 1.102100e+01 3.920000e+00 -7.551800e+02 1.815600e+03 0
-4.048900e-01 2.451500e-01 -1.701600e-01 3.204100e-02 15 66 1.044500e+01 3.920000e+00 -1.292100e+03 2.021100e+03 0
3.609700e-01 3.194900e-01 -1.762700e-01 3.204100e-02 28 66 1.218700e+01 3.920000e+00 1.211400e+03 1.692700e+03 0
6.722700e-01 6.413600e-01 -2.027400e-01 3.204100e-02 29 66 1.368200e+01 3.920000e+00 1.279500e+03 9.618300e+02 0
6.725500e-01 7.348400e-01 -2.104300e-01 3.204100e-02 30 66 1.463500e+01 3.920000e+00 1194 8.813100e+02 0
6.711800e-01 8.044600e-01 -2.161500e-01 3.204100e-02 31 66 1.479500e+01 3.920000e+00 1.143600e+03 8.351300e+02 0
6.766400e-01 8.313300e-01 -2.183600e-01 3.204100e-02 32 66 1.428400e+01 3.920000e+00 1132 8.197700e+02 0
6.810000e-01 8.673400e-01 -2.213200e-01 3.204100e-02 33 66 1.282100e+01 3.920000e+00 1.115200e+03 8.008100e+02 0
-8.498900e-01 8.713700e-01 -2.216500e-01 3.204100e-02 36 66 1.073000e+01 3.920000e+00 -9.308200e+01 7.707100e+02 0
-8.545300e-01 8.765300e-01 -2.220800e-01 3.204100e-02 37 66 1.132900e+01 3.920000e+00 -9.159100e+01 7.684000e+02 0
-8.883600e-01 8.556400e-01 -2.203600e-01 3.204100e-02 38 66 1.102800e+01 3.920000e+00 -1.372700e+02 7.769900e+02 0
-9.227400e-01 8.145100e-01 -2.169800e-01 3.204100e-02 39 66 9.798600e+00 3.920000e+00 -2.087200e+02 7.958000e+02 0
8.812700e-01 3.173300e+00 -4.109400e-01 -9.932700e-01 96 34 1.022700e+01 3.920000e+00 8.413400e+02 5.097600e+02 0
8.905400e-01 3.218400e+00 -4.146500e-01 -9.932700e-01 97 34 1.010700e+01 3.920000e+00 8.411200e+02 5.083600e+02 0
1.047200e+00 3.266400e+00 -4.186000e-01 -9.612300e-01 102 35 1.014000e+01 3.920000e+00 8.707000e+02 5.071600e+02 0
-3.928900e-01 1.468300e+00 -2.707400e-01 -8.971500e-01 46 37 9.845800e+00 3.920000e+00 4.389200e+02 6.232000e+02 0
-4.141700e-01 1.411700e+00 -2.660800e-01 -8.971500e-01 47 37 1.006500e+01 3.920000e+00 4.183400e+02 6.319000e+02 0
2.769900e+00 4.067700e+00 -4.844800e-01 -8.971500e-01 142 37 1.023300e+01 3.920000e+00 1.118200e+03 490 0
2.867000e+00 4.040800e+00 -4.822700e-01 -8.971500e-01 143 37 1.021300e+01 3.920000e+00 1.137500e+03 4.906600e+02 0
2.882300e+00 3.861600e+00 -4.675400e-01 -8.651100e-01 140 38 1.053700e+01 3.920000e+00 1.161700e+03 4.944900e+02 0
2.826600e+00 3.983500e+00 -4.775600e-01 -8.651100e-01 141 38 1.242700e+01 3.920000e+00 1.137200e+03 4.917900e+02 0
2.808300e+00 4.043600e+00 -4.825000e-01 -8.651100e-01 142 38 1.310100e+01 3.920000e+00 1.127300e+03 4.905300e+02 0
2.828200e+00 4.073400e+00 -4.849500e-01 -8.651100e-01 143 38 1.278200e+01 3.920000e+00 1.127300e+03 4.899500e+02 0
2.887200e+00 4.074500e+00 -4.850400e-01 -8.651100e-01 144 38 1.135100e+01 3.920000e+00 1137 490 0
2.806400e+00 3.918700e+00 -4.722300e-01 -8.330700e-01 140 39 1.106700e+01 3.920000e+00 1.141400e+03 4.931400e+02 0
2.826600e+00 3.986500e+00 -4.778000e-01 -8.330700e-01 141 39 1.277500e+01 3.920000e+00 1.136900e+03 4.917300e+02 0
2.808300e+00 4.044800e+00 -4.826000e-01 -8.330700e-01 142 39 1.343000e+01 3.920000e+00 1.127100e+03 4.905000e+02 0
2.828200e+00 4.073300e+00 -4.849400e-01 -8.330700e-01 143 39 1.308400e+01 3.920000e+00 1.127300e+03 4.899600e+02 0
2.848200e+00 4.102100e+00 -4.873100e-01 -8.330700e-01 144 39 1.164000e+01 3.920000e+00 1.127400e+03 4.894100e+02 0
2.788400e+00 3.999400e+00 -4.788700e-01 -8.010300e-01 141 40 1.111500e+01 3.920000e+00 1.128900e+03 4.914100e+02 0
2.808300e+00 4.044800e+00 -4.826000e-01 -8.010300e-01 142 40 1.170900e+01 3.920000e+00 1.127100e+03 4.905000e+02 0
2.789500e+00 4.094300e+00 -4.866700e-01 -8.010300e-01 143 40 1.137400e+01 3.920000e+00 1.118600e+03 4.894900e+02 0
-6.409000e+00 7.839000e+00 -7.945900e-01 -7.369400e-01 291 42 1.025700e+01 3.920000e+00 1.692000e+02 4.476400e+02 1
-6.465700e+00 7.638000e+00 -7.780600e-01 -7.049000e-01 290 43 1.031100e+01 3.920000e+00 1.511200e+02 4.485400e+02 1
-6.567200e+00 7.614100e+00 -7.760900e-01 -7.049000e-01 291 43 1.070400e+01 3.920000e+00 1.413600e+02 4.486100e+02 1
-6.828100e+00 7.178000e+00 2.265900e+00 -7.049000e-01 292 43 1.000400e+01 3.920000e+00 9.324800e+01 2.028700e+02 0
0 0 -1.500000e-01 -6.408200e-02 1 63 1.064700e+01 3.920000e+00 2167 -3.612800e+03 0
1.637000e-03 3.481300e-02 -1.528600e-01 -6.408200e-02 2 63 1.024600e+01 3.920000e+00 3.443500e+03 -7.173400e+03 0
8.730800e-03 6.927700e-02 -1.557000e-01 -6.408200e-02 3 63 9.414900e+00 3.920000e+00 21125 -58419 0
6.711800e-01 7.965300e-01 -2.155000e-01 -6.408200e-02 31 63 9.670800e+00 3.920000e+00 1.148700e+03 8.399200e+02 0
0 0 -1.500000e-01 -3.204100e-02 1 64 1.557500e+01 3.920000e+00 2167 -3.612800e+03 0
-7.093800e-02 1.124000e-01 -1.592400e-01 -3.204100e-02 5 64 1.422400e+01 3.920000e+00 -3093 7.726800e+03 0
-1.585200e-01 1.861000e-01 -1.653000e-01 -3.204100e-02 8 64 1.335400e+01 3.920000e+00 -1095 2.948600e+03 0
-2.008100e-01 1.905700e-01 -1.656700e-01 -3.204100e-02 9 64 1.269300e+01 3.920000e+00 -1.227900e+03 2.826600e+03 0
-2.480100e-01 1.857400e-01 -1.652700e-01 -3.204100e-02 10 64 1.267100e+01 3.920000e+00 -1.530300e+03 2.891100e+03 0
-2.619200e-01 2.219300e-01 -1.682500e-01 -3.204100e-02 11 64 1.212800e+01 3.920000e+00 -1.066300e+03 2.310800e+03 0
-2.881200e-01 2.352800e-01 -1.693500e-01 -3.204100e-02 12 64 1.173700e+01 3.920000e+00 -1.017400e+03 2.152500e+03 0
-3.110400e-01 2.786300e-01 -1.729100e-01 -3.204100e-02 13 64 1.102600e+01 3.920000e+00 -7.340200e+02 1.795100e+03 0
-1.222300e-01 1.330400e-01 -1.609400e-01 -3.204100e-02 15 64 1.033800e+01 3.920000e+00 -2.268300e+03 5.132300e+03 0
3.536000e-01 3.051500e-01 -1.750900e-01 -3.204100e-02 28 64 1.215900e+01 3.920000e+00 1.223300e+03 1.774900e+03 0
6.799100e-01 6.434300e-01 -2.029100e-01 -3.204100e-02 29 64 1.368000e+01 3.920000e+00 1.286400e+03 9.600400e+02 0
6.725500e-01 7.392900e-01 -2.107900e-01 -3.204100e-02 30 64 1.459300e+01 3.920000e+00 1.190500e+03 8.780600e+02 0
6.793700e-01 7.973800e-01 -2.155700e-01 -3.204100e-02 31 64 1.474900e+01 3.920000e+00 1.155700e+03 8.395900e+02 0
6.766400e-01 8.297800e-01 -2.182300e-01 -3.204100e-02 32 64 1.420000e+01 3.920000e+00 1.132900e+03 8.206400e+02 0
6.722700e-01 8.734400e-01 -2.218200e-01 -3.204100e-02 33 64 1.265800e+01 3.920000e+00 1.104600e+03 7.975900e+02 0
7.792300e-01 7.353400e-01 -2.104700e-01 -3.204100e-02 35 64 1.013100e+01 3.920000e+00 1.303300e+03 8.839500e+02 0
-8.116900e-01 9.105300e-01 -2.248700e-01 -3.204100e-02 36 64 1.078000e+01 3.920000e+00 -3.040100e+01 7.550700e+02 0
-8.348900e-01 9.062000e-01 -2.245200e-01 -3.204100e-02 37 64 1.134200e+01 3.920000e+00 -5.055500e+01 7.564300e+02 0
-8.580800e-01 9.018500e-01 -2.241600e-01 -3.204100e-02 38 64 1.106900e+01 3.920000e+00 -7.089300e+01 7.578100e+02 0
