0 0 -1.500000e-01 0 1 65 1.659600e+01 3.660000e+00 2167 -3.612800e+03 0
-7.202900e-02 1.118600e-01 -1.585900e-01 0 5 65 1.528200e+01 3.660000e+00 -3.154800e+03 7.803200e+03 0
-1.585200e-01 1.860900e-01 -1.642800e-01 0 8 65 1.441600e+01 3.660000e+00 -1.094500e+03 2.942400e+03 0
-2.008100e-01 1.907400e-01 -1.646400e-01 0 9 65 1.372100e+01 3.660000e+00 -1.224700e+03 2.817300e+03 0
-2.480100e-01 1.861800e-01 -1.642900e-01 0 10 65 1.369200e+01 3.660000e+00 -1.521400e+03 2.875900e+03 0
-2.619200e-01 2.217700e-01 -1.670200e-01 0 11 65 1.319900e+01 3.660000e+00 -1.067700e+03 2.307500e+03 0
-2.881200e-01 2.321600e-01 -1.678200e-01 0 12 65 1.279100e+01 3.660000e+00 -1.048700e+03 2.179500e+03 0
-3.077600e-01 2.778700e-01 -1.713300e-01 0 13 65 1.207200e+01 3.660000e+00 -7.297500e+02 1796 0
-3.014900e-01 3.051400e-01 -1.734200e-01 0 14 65 1.139200e+01 3.660000e+00 -5.534400e+02 1.640400e+03 0
-1.260500e-01 3.253600e-01 -1.749700e-01 0 15 65 1.115200e+01 3.660000e+00 -4.656400e+01 1.572700e+03 0
3.536000e-01 3.080800e-01 -1.736500e-01 0 28 65 1.315500e+01 3.660000e+00 1.216100e+03 1.751900e+03 0
6.799100e-01 6.390900e-01 -1.990600e-01 0 29 65 1.472000e+01 3.660000e+00 1.290900e+03 9.603200e+02 0
6.725500e-01 7.373900e-01 -2.066000e-01 0 30 65 1.566600e+01 3.660000e+00 1.191800e+03 8.754600e+02 0
6.711800e-01 8.044200e-01 -2.117500e-01 0 31 65 1.583800e+01 3.660000e+00 1.143400e+03 8.312300e+02 0
6.766400e-01 8.306400e-01 -2.137600e-01 0 32 65 1.532800e+01 3.660000e+00 1.132200e+03 8.162600e+02 0
6.810000e-01 8.643800e-01 -2.163500e-01 0 33 65 1.388100e+01 3.660000e+00 1.116700e+03 7.984300e+02 0
7.235700e-01 8.946200e-01 -2.186700e-01 0 35 65 1.087600e+01 3.660000e+00 1.135400e+03 7.844300e+02 0
-8.021400e-01 9.197800e-01 -2.206000e-01 0 36 65 1.173400e+01 3.660000e+00 -1.590200e+01 7.479700e+02 0
-8.348900e-01 9.124500e-01 -2.200400e-01 0 37 65 1.219300e+01 3.660000e+00 -4.505200e+01 7.503300e+02 0
-8.681700e-01 8.998000e-01 -2.190700e-01 0 38 65 1.177100e+01 3.660000e+00 -7.981100e+01 7.548600e+02 0
-8.916400e-01 9.015400e-01 -2.192000e-01 0 39 65 1.023800e+01 3.660000e+00 -9.494700e+01 7.537900e+02 0
0 0 -1.500000e-01 3.204100e-02 1 66 1.558400e+01 3.660000e+00 2167 -3.612800e+03 0
-7.202900e-02 1.120600e-01 -1.586000e-01 3.204100e-02 5 66 1.427500e+01 3.660000e+00 -3.136200e+03 7.767500e+03 0
-1.585200e-01 1.860300e-01 -1.642800e-01 3.204100e-02 8 66 1.339700e+01 3.660000e+00 -1.095400e+03 2.943700e+03 0
-2.008100e-01 1.913400e-01 -1.646900e-01 3.204100e-02 9 66 1.268600e+01 3.660000e+00 -1.215400e+03 2.805600e+03 0
-2.480100e-01 1.869700e-01 -1.643500e-01 3.204100e-02 10 66 1.265500e+01 3.660000e+00 -1.507100e+03 2860 0
-2.619200e-01 2.230300e-01 -1.671200e-01 3.204100e-02 11 66 1.218600e+01 3.660000e+00 -1.053600e+03 2.292300e+03 0
-2.881200e-01 2.337600e-01 -1.679400e-01 3.204100e-02 12 66 1.173500e+01 3.660000e+00 -1.032300e+03 2.162900e+03 0
-3.110400e-01 2.756700e-01 -1.711600e-01 3.204100e-02 13 66 1.102600e+01 3.660000e+00 -7.536200e+02 1.809600e+03 0
3.536000e-01 3.307800e-01 -1.753900e-01 3.204100e-02 28 66 1.217900e+01 3.660000e+00 1.167700e+03 1.627400e+03 0
6.799100e-01 6.382400e-01 -1.989900e-01 3.204100e-02 29 66 1.373500e+01 3.660000e+00 1.291900e+03 9.611900e+02 0
6.725500e-01 7.360200e-01 -2.065000e-01 3.204100e-02 30 66 1.466800e+01 3.660000e+00 1.192900e+03 8.764600e+02 0
6.711800e-01 8.044700e-01 -2.117500e-01 3.204100e-02 31 66 1.482800e+01 3.660000e+00 1.143400e+03 8.312000e+02 0
6.766400e-01 8.306500e-01 -2.137600e-01 3.204100e-02 32 66 1.431000e+01 3.660000e+00 1.132200e+03 8.162500e+02 0
6.722700e-01 8.682200e-01 -2.166400e-01 3.204100e-02 33 66 1.284800e+01 3.660000e+00 1.107200e+03 7.963200e+02 0
7.050100e-01 9.007500e-01 -2.191400e-01 3.204100e-02 35 66 9.850900e+00 3.660000e+00 1117 7.812300e+02 0
-8.307900e-01 8.929800e-01 -2.185400e-01 3.204100e-02 36 66 1.058900e+01 3.660000e+00 -5.909100e+01 7.582500e+02 0
-8.447100e-01 8.956600e-01 -2.187500e-01 3.204100e-02 37 66 1.112800e+01 3.660000e+00 -6.672200e+01 7.569200e+02 0
-8.681700e-01 8.776000e-01 -2.173600e-01 3.204100e-02 38 66 1.065900e+01 3.660000e+00 -1.004400e+02 7.640900e+02 0
0 0 -1.500000e-01 6.408200e-02 1 67 9.786000e+00 3.660000e+00 2167 -3.612800e+03 0
-1.882600e-02 1.762700e-02 -1.513500e-01 6.408200e-02 2 67 9.645800e+00 3.660000e+00 2864 -4.928500e+03 0
6.567200e-01 7.680300e-01 -2.089500e-01 6.408200e-02 30 67 1.036300e+01 3.660000e+00 1.153800e+03 8.537600e+02 0
6.630000e-01 8.078800e-01 -2.120100e-01 6.408200e-02 31 67 1.104300e+01 3.660000e+00 1.133800e+03 8.289900e+02 0
6.851000e-01 8.040200e-01 -2.117200e-01 6.408200e-02 32 67 1.079600e+01 3.660000e+00 1.156500e+03 8.317900e+02 0
-2.136300e-01 8.565700e-01 -2.157500e-01 1.025300e+00 28 97 1.006200e+01 3.660000e+00 3.838200e+02 7.851400e+02 0
-2.215400e-01 9.170000e-01 -2.203900e-01 1.025300e+00 29 97 1.113600e+01 3.660000e+00 4.000400e+02 7.582500e+02 0
-2.373700e-01 9.588100e-01 -2.236000e-01 1.025300e+00 30 97 1.117700e+01 3.660000e+00 4.027000e+02 7.416400e+02 0
-2.537400e-01 9.915200e-01 -2.261100e-01 1.025300e+00 31 97 1.019200e+01 3.660000e+00 4.019200e+02 7.296400e+02 0
-2.062700e-01 8.215300e-01 -2.130600e-01 1.057400e+00 28 98 1.014400e+01 3.660000e+00 3.755200e+02 8.027700e+02 0
-2.215400e-01 9.001600e-01 -2.191000e-01 1.057400e+00 29 98 1.097800e+01 3.660000e+00 3.941000e+02 7.653200e+02 0
-2.373700e-01 9.473100e-01 -2.227100e-01 1.057400e+00 30 98 1.089700e+01 3.660000e+00 3.989000e+02 7.459900e+02 0
-2.455500e-01 9.648200e-01 -2.240600e-01 1.057400e+00 31 98 9.776600e+00 3.660000e+00 3.989400e+02 7.392900e+02 0
7.639500e-01 6.002600e+00 -6.107500e-01 -9.612300e-01 176 35 1.014600e+01 3.660000e+00 7.579600e+02 4.593900e+02 0
7.683100e-01 6.080800e+00 -6.167500e-01 -9.612300e-01 177 35 1.011800e+01 3.660000e+00 7.575900e+02 4.587300e+02 0
-3.762400e+00 1.321300e+01 -1.164200e+00 -8.971500e-01 395 37 1.050200e+01 3.660000e+00 5.053400e+02 4.305500e+02 0
-3.987500e+00 1.320300e+01 -1.163500e+00 -8.971500e-01 396 37 1.087000e+01 3.660000e+00 4.945100e+02 4.305200e+02 0
-4.213700e+00 1.315600e+01 -1.159800e+00 -8.971500e-01 397 37 1.047600e+01 3.660000e+00 4.830200e+02 4.305500e+02 0
-3.224900e+00 1.336500e+01 -1.175900e+00 -8.651100e-01 395 38 1.020200e+01 3.660000e+00 5.327600e+02 4.304100e+02 0
-3.664200e+00 1.329800e+01 -1.170700e+00 -8.651100e-01 396 38 1.069300e+01 3.660000e+00 5.111800e+02 4.304300e+02 0
-3.997600e+00 1.323700e+01 -1.166100e+00 -8.651100e-01 397 38 1.037500e+01 3.660000e+00 4.945400e+02 4.304600e+02 0
-7.329500e+00 6.893000e+00 1.660100e+00 -6.408200e-01 293 45 1.040000e+01 3.660000e+00 2.476800e+01 2.479600e+02 0
-7.354600e+00 7.028800e+00 -6.895200e-01 -6.408200e-01 294 45 1.151100e+01 3.660000e+00 2.896100e+01 4.479300e+02 1
-7.459900e+00 6.992600e+00 -6.867400e-01 -6.408200e-01 295 45 1.151200e+01 3.660000e+00 1.657900e+01 4.480700e+02 1
-7.646300e+00 6.775400e+00 -6.700700e-01 -6.408200e-01 296 45 1.073900e+01 3.660000e+00 -2.100600e+01 4.492100e+02 0
-7.995300e+00 6.110900e+00 2.364800e+00 -6.408200e-01 297 45 1.013600e+01 3.660000e+00 -1.182200e+02 168 0
-7.488900e+00 6.548600e+00 2.241400e+00 -6.087800e-01 293 46 1.101200e+01 3.660000e+00 -2.160100e+01 1.908500e+02 0
-7.434600e+00 6.869500e+00 -6.773000e-01 -6.087800e-01 294 46 1.192500e+01 3.660000e+00 6.951700e+00 4.487700e+02 1
-7.540200e+00 6.890200e+00 -6.788900e-01 -6.087800e-01 295 46 1.190300e+01 3.660000e+00 -1.967200e-01 4.486100e+02 0
-7.726800e+00 6.761100e+00 -6.689800e-01 -6.087800e-01 296 46 1.106300e+01 3.660000e+00 -2.957500e+01 4.492600e+02 0
-7.514500e+00 6.463400e+00 2.542000e+00 -5.767400e-01 294 47 1.022300e+01 3.660000e+00 -3.199400e+01 1.619300e+02 0
-7.459900e+00 7.007100e+00 -6.878600e-01 -5.767400e-01 295 47 1.021800e+01 3.660000e+00 1.795100e+01 4.479900e+02 1
0 0 -1.500000e-01 -6.408200e-02 1 63 1.064100e+01 3.660000e+00 2167 -3.612800e+03 0
-2.728400e-04 3.484400e-02 -1.526700e-01 -6.408200e-02 2 63 1.000800e+01 3.660000e+00 3.481800e+03 -7.190200e+03 0
6.548100e-01 7.408800e-01 -2.068700e-01 -6.408200e-02 31 63 9.686200e+00 3.660000e+00 1.171200e+03 8.724500e+02 0
6.597200e-01 6.713600e-01 -2.015300e-01 -6.408200e-02 32 63 9.936700e+00 3.660000e+00 1.234400e+03 9.286500e+02 0
6.810000e-01 7.576400e-01 -2.081600e-01 -6.408200e-02 33 63 9.713500e+00 3.660000e+00 1.184900e+03 8.613800e+02 0
0 0 -1.500000e-01 -3.204100e-02 1 64 1.557300e+01 3.660000e+00 2167 -3.612800e+03 0
-7.093800e-02 1.126900e-01 -1.586500e-01 -3.204100e-02 5 64 1.426700e+01 3.660000e+00 -3.063900e+03 7.661100e+03 0
-1.585200e-01 1.861000e-01 -1.642800e-01 -3.204100e-02 8 64 1.339000e+01 3.660000e+00 -1.094400e+03 2.942300e+03 0
-1.986300e-01 1.928000e-01 -1.648000e-01 -3.204100e-02 9 64 1.268900e+01 3.660000e+00 -1.183200e+03 2.779100e+03 0
-2.480100e-01 1.856600e-01 -1.642500e-01 -3.204100e-02 10 64 1.268500e+01 3.660000e+00 -1531 2.886600e+03 0
-2.619200e-01 2.203000e-01 -1.669100e-01 -3.204100e-02 11 64 1.221800e+01 3.660000e+00 -1.084400e+03 2.325400e+03 0
-2.881200e-01 2.272200e-01 -1.674400e-01 -3.204100e-02 12 64 1.181000e+01 3.660000e+00 -1.101500e+03 2.233300e+03 0
-3.077600e-01 2.714900e-01 -1.708400e-01 -3.204100e-02 13 64 1.106700e+01 3.660000e+00 -7.734600e+02 1.838600e+03 0
3.462300e-01 2.887400e-01 -1.721600e-01 -3.204100e-02 28 64 1.209400e+01 3.660000e+00 1.242100e+03 1.878100e+03 0
6.799100e-01 6.409600e-01 -1.992000e-01 -3.204100e-02 29 64 1.368600e+01 3.660000e+00 1.288900e+03 9.584200e+02 0
6.725500e-01 7.393100e-01 -2.067500e-01 -3.204100e-02 30 64 1.463000e+01 3.660000e+00 1.190300e+03 8.740700e+02 0
6.793700e-01 7.974000e-01 -2.112100e-01 -3.204100e-02 31 64 1.481400e+01 3.660000e+00 1.155600e+03 8.356600e+02 0
6.766400e-01 8.302100e-01 -2.137300e-01 -3.204100e-02 32 64 1.430800e+01 3.660000e+00 1.132500e+03 8.164900e+02 0
6.810000e-01 8.635500e-01 -2.162900e-01 -3.204100e-02 33 64 1.283500e+01 3.660000e+00 1.117100e+03 7.988500e+02 0
7.514000e-01 8.945600e-01 -2.186700e-01 -3.204100e-02 35 64 1.003600e+01 3.660000e+00 1.158200e+03 7.849800e+02 0
-8.021400e-01 9.196800e-01 -2.205900e-01 -3.204100e-02 36 64 1.073000e+01 3.660000e+00 -1.598300e+01 7.480100e+02 0
-8.348900e-01 9.162000e-01 -2.203300e-01 -3.204100e-02 37 64 1.115000e+01 3.660000e+00 -4.186800e+01 7.488600e+02 0
-8.479800e-01 9.348000e-01 -2.217500e-01 -3.204100e-02 38 64 1.069500e+01 3.660000e+00 -3.548900e+01 7.415500e+02 0
