0 0 -1.500000e-01 0 1 65 1.656700e+01 3.300000e+00 2167 -3.612800e+03 0
-7.202900e-02 1.118400e-01 -1.577400e-01 0 5 65 1.525800e+01 3.300000e+00 -3.153500e+03 7.787400e+03 0
-1.585200e-01 1.860800e-01 -1.628800e-01 0 8 65 1.439900e+01 3.300000e+00 -1.093900e+03 2.934100e+03 0
-2.008100e-01 1.910700e-01 -1.632200e-01 0 9 65 1.374300e+01 3.300000e+00 -1.218700e+03 2.802400e+03 0
-2.480100e-01 1.865700e-01 -1.629100e-01 0 10 65 1.369100e+01 3.300000e+00 -1.513400e+03 2.859700e+03 0
-2.619200e-01 2.226200e-01 -1.654000e-01 0 11 65 1.317500e+01 3.300000e+00 -1.057500e+03 2.289800e+03 0
-2.881200e-01 2.336300e-01 -1.661700e-01 0 12 65 1.277000e+01 3.300000e+00 -1.032900e+03 2157 0
-3.077600e-01 2.793600e-01 -1.693300e-01 0 13 65 1.201100e+01 3.300000e+00 -7.193600e+02 1.779800e+03 0
-3.050300e-01 3.029800e-01 -1.709600e-01 0 14 65 1.147900e+01 3.300000e+00 -5.731000e+02 1.644500e+03 0
-1.222300e-01 3.397400e-01 -1.735100e-01 0 15 65 1.127700e+01 3.300000e+00 1.766800e+00 1505 0
3.609700e-01 3.172900e-01 -1.719500e-01 0 28 65 1.315300e+01 3.300000e+00 1.215800e+03 1.692900e+03 0
6.799100e-01 6.388800e-01 -1.942100e-01 0 29 65 1.471900e+01 3.300000e+00 1.290900e+03 9.548500e+02 0
6.725500e-01 7.371600e-01 -2.010000e-01 0 30 65 1.563600e+01 3.300000e+00 1.191700e+03 8.701200e+02 0
6.793700e-01 7.975300e-01 -2.051800e-01 0 31 65 1.579600e+01 3.300000e+00 1.155200e+03 8.301400e+02 0
6.766400e-01 8.312100e-01 -2.075100e-01 0 32 65 1.527200e+01 3.300000e+00 1.131700e+03 8.105400e+02 0
6.810000e-01 8.681100e-01 -2.100700e-01 0 33 65 1.380700e+01 3.300000e+00 1.114400e+03 7.911800e+02 0
7.514000e-01 7.319000e-01 -2.006400e-01 0 35 65 1.094700e+01 3.300000e+00 1.277200e+03 8.761800e+02 0
-8.212400e-01 9.042200e-01 -2.125600e-01 0 36 65 1.177300e+01 3.300000e+00 -4.224300e+01 7.488200e+02 0
-8.447100e-01 9.088100e-01 -2.128800e-01 0 37 65 1.227800e+01 3.300000e+00 -5.495300e+01 7.466200e+02 0
-8.681700e-01 9.149400e-01 -2.133100e-01 0 38 65 1.197900e+01 3.300000e+00 -6.615700e+01 7.438500e+02 0
-8.812700e-01 9.543100e-01 -2.160300e-01 0 39 65 1.072200e+01 3.300000e+00 -4.205600e+01 7.289500e+02 0
0 0 -1.500000e-01 3.204100e-02 1 66 1.555500e+01 3.300000e+00 2167 -3.612800e+03 0
-7.202900e-02 1.125400e-01 -1.577900e-01 3.204100e-02 5 66 1.424300e+01 3.300000e+00 -3.087600e+03 7661 0
-1.604300e-01 1.843600e-01 -1.627600e-01 3.204100e-02 8 66 1.338400e+01 3.300000e+00 -1130 2.970300e+03 0
-2.008100e-01 1.915200e-01 -1.632500e-01 3.204100e-02 9 66 1.274500e+01 3.300000e+00 -1.211800e+03 2.793900e+03 0
-2.480100e-01 1.871700e-01 -1.629500e-01 3.204100e-02 10 66 1.268100e+01 3.300000e+00 -1.502500e+03 2.847600e+03 0
-2.619200e-01 2.233800e-01 -1.654600e-01 3.204100e-02 11 66 1.219300e+01 3.300000e+00 -1049 2.280700e+03 0
-2.881200e-01 2.342800e-01 -1.662100e-01 3.204100e-02 12 66 1.172900e+01 3.300000e+00 -1.026300e+03 2.150400e+03 0
-3.077600e-01 2.801700e-01 -1.693900e-01 3.204100e-02 13 66 1.093600e+01 3.300000e+00 -7.140900e+02 1.774600e+03 0
-3.085800e-01 3.024400e-01 -1.709300e-01 3.204100e-02 14 66 1.064600e+01 3.300000e+00 -5.847800e+02 1.646600e+03 0
3.683300e-01 2.846500e-01 -1.697000e-01 3.204100e-02 28 66 1.211800e+01 3.300000e+00 1326 1.906800e+03 0
6.799100e-01 6.385200e-01 -1.941800e-01 3.204100e-02 29 66 1.370600e+01 3.300000e+00 1.291300e+03 9.552300e+02 0
6.725500e-01 7.368500e-01 -2.009800e-01 3.204100e-02 30 66 1.461600e+01 3.300000e+00 1192 8.703500e+02 0
6.711800e-01 8.044400e-01 -2.056600e-01 3.204100e-02 31 66 1.478000e+01 3.300000e+00 1.143200e+03 8.258000e+02 0
6.766400e-01 8.319800e-01 -2.075700e-01 3.204100e-02 32 66 1.426800e+01 3.300000e+00 1.131200e+03 8.101200e+02 0
6.722700e-01 8.740300e-01 -2.104800e-01 3.204100e-02 33 66 1.284800e+01 3.300000e+00 1.103900e+03 7.880700e+02 0
6.302600e-01 9.646800e-01 -2.167500e-01 3.204100e-02 34 66 1.011200e+01 3.300000e+00 1.029800e+03 7.473200e+02 0
-8.307900e-01 8.965700e-01 -2.120400e-01 3.204100e-02 36 66 1.065300e+01 3.300000e+00 -5.573300e+01 7.517700e+02 0
-8.447100e-01 9.188300e-01 -2.135800e-01 3.204100e-02 37 66 1.112800e+01 3.300000e+00 -4.635900e+01 7.426900e+02 0
-8.580800e-01 9.390700e-01 -2.149800e-01 3.204100e-02 38 66 1.084100e+01 3.300000e+00 -3.873500e+01 7.348200e+02 0
0 0 -1.500000e-01 6.408200e-02 1 67 1.013100e+01 3.300000e+00 2167 -3.612800e+03 0
-2.182700e-02 2.347800e-02 -1.516200e-01 6.408200e-02 3 67 9.323800e+00 3.300000e+00 3162 -5.564700e+03 0
6.646300e-01 6.227800e-01 -1.930900e-01 6.408200e-02 29 67 9.556200e+00 3.300000e+00 1.290100e+03 9.711100e+02 0
6.804600e-01 7.151000e-01 -1.994800e-01 6.408200e-02 30 67 1.047600e+01 3.300000e+00 1.217900e+03 8.869800e+02 0
6.875500e-01 7.864700e-01 -2.044200e-01 6.408200e-02 31 67 1.054400e+01 3.300000e+00 1.170400e+03 8.371600e+02 0
7.104700e-01 8.138500e-01 -2.063100e-01 6.408200e-02 32 67 1.004700e+01 3.300000e+00 1173 8.211300e+02 0
1.187400e+00 1.824100e+00 -2.762100e-01 -1.121400e+00 65 30 9.862400e+00 3.300000e+00 1072 5.792000e+02 0
1.188200e+00 1.900800e+00 -2.815200e-01 -1.121400e+00 66 30 1.061800e+01 3.300000e+00 1056 5.716800e+02 0
1.242500e+00 1.934400e+00 -2.838400e-01 -1.121400e+00 67 30 1.043700e+01 3.300000e+00 1.068700e+03 5.688100e+02 0
1.170500e+00 1.859200e+00 -2.786400e-01 -1.089400e+00 66 31 1.006800e+01 3.300000e+00 1.058100e+03 5.756000e+02 0
2.498100e+00 1.114100e+01 -9.208900e-01 -1.025300e+00 328 33 1.083900e+01 3.300000e+00 8.287700e+02 4.315500e+02 0
2.505700e+00 1.117700e+01 -9.233600e-01 -1.025300e+00 329 33 1.076700e+01 3.300000e+00 8.287800e+02 4.314700e+02 0
2.579400e+00 1.107800e+01 -9.165200e-01 -9.932700e-01 327 34 1.031300e+01 3.300000e+00 8.343200e+02 4.317300e+02 0
2.498100e+00 1.113900e+01 -9.207500e-01 -9.932700e-01 328 34 1.114300e+01 3.300000e+00 8.288000e+02 4.315600e+02 0
2.416300e+00 1.119300e+01 -9.244800e-01 -9.932700e-01 329 34 1.096900e+01 3.300000e+00 8.233900e+02 4.314000e+02 0
8.398000e-01 2.683400e+00 -3.356700e-01 -9.612300e-01 82 35 1.087700e+01 3.300000e+00 8.587500e+02 5.198500e+02 0
8.501600e-01 2.721600e+00 -3.383100e-01 -9.612300e-01 83 35 1.068700e+01 3.300000e+00 8.588900e+02 5.181800e+02 0
1.236500e+00 3.376400e+00 -3.836200e-01 -9.612300e-01 104 35 1.089000e+01 3.300000e+00 9.018100e+02 4.959400e+02 0
1.191800e+00 3.417600e+00 -3.864700e-01 -9.612300e-01 105 35 1.114500e+01 3.300000e+00 8.905000e+02 4.947300e+02 0
1.174600e+00 3.446100e+00 -3.884400e-01 -9.612300e-01 106 35 1.041000e+01 3.300000e+00 8.855100e+02 4.939300e+02 0
8.840000e-01 2.667500e+00 -3.345700e-01 -9.291900e-01 82 36 1.097000e+01 3.300000e+00 8.708400e+02 5.206600e+02 0
8.725400e-01 2.718100e+00 -3.380700e-01 -9.291900e-01 83 36 1.083100e+01 3.300000e+00 8.646000e+02 5.183800e+02 0
1.152200e+00 3.397300e+00 -3.850600e-01 -9.291900e-01 104 36 1.053400e+01 3.300000e+00 8.839800e+02 4.952300e+02 0
1.191800e+00 3.402800e+00 -3.854400e-01 -9.291900e-01 105 36 1.068200e+01 3.300000e+00 8.913900e+02 4.951400e+02 0
-4.384000e+00 9.860400e+00 -8.322600e-01 -8.651100e-01 310 38 1.151600e+01 3.300000e+00 4.022400e+02 4.331400e+02 1
-4.482700e+00 9.853900e+00 -8.318000e-01 -8.651100e-01 311 38 1.193300e+01 3.300000e+00 3.958200e+02 4.331300e+02 1
-4.412300e+00 9.908000e+00 -8.355500e-01 -8.651100e-01 312 38 1.130900e+01 3.300000e+00 4.018500e+02 4.329900e+02 1
-4.468300e+00 9.819300e+00 -8.294100e-01 -8.330700e-01 310 39 1.113200e+01 3.300000e+00 3.956900e+02 4.332300e+02 1
-4.567300e+00 9.808500e+00 -8.286700e-01 -8.330700e-01 311 39 1.155100e+01 3.300000e+00 3.890900e+02 4.332400e+02 1
-4.582000e+00 9.846800e+00 -8.313100e-01 -8.330700e-01 312 39 1.086200e+01 3.300000e+00 3.893400e+02 4.331200e+02 1
3.437800e-02 7.304000e-01 -2.005400e-01 -1.281600e-01 22 61 9.971000e+00 3.300000e+00 561 8.578600e+02 0
4.201700e-02 7.646800e-01 -2.029100e-01 -1.281600e-01 23 61 1.015500e+01 3.300000e+00 5.746200e+02 8.354800e+02 0
0 0 -1.500000e-01 -9.612300e-02 1 62 9.896800e+00 3.300000e+00 2167 -3.612800e+03 0
1.637000e-03 3.473700e-02 -1.524000e-01 -9.612300e-02 2 62 9.584500e+00 3.300000e+00 3.439700e+03 -7.155400e+03 0
4.010700e-02 7.308100e-01 -2.005700e-01 -9.612300e-02 22 62 1.054900e+01 3.300000e+00 5.666000e+02 8.577200e+02 0
4.802000e-02 7.634500e-01 -2.028200e-01 -9.612300e-02 23 62 1.065800e+01 3.300000e+00 5.799200e+02 8.363900e+02 0
0 0 -1.500000e-01 -6.408200e-02 1 63 9.510800e+00 3.300000e+00 2167 -3.612800e+03 0
-4.201700e-02 5.571500e-02 -1.538600e-01 -6.408200e-02 3 63 9.451600e+00 3.300000e+00 8.733300e+03 -17197 0
0 0 -1.500000e-01 -3.204100e-02 1 64 1.556100e+01 3.300000e+00 2167 -3.612800e+03 0
-7.093800e-02 1.120300e-01 -1.577500e-01 -3.204100e-02 5 64 1.423100e+01 3.300000e+00 -3.121400e+03 7.758900e+03 0
-1.585200e-01 1.861000e-01 -1.628800e-01 -3.204100e-02 8 64 1.337100e+01 3.300000e+00 -1.093600e+03 2.933700e+03 0
-2.008100e-01 1.911100e-01 -1.632200e-01 -3.204100e-02 9 64 1.272400e+01 3.300000e+00 -1.218100e+03 2.801700e+03 0
-2.480100e-01 1.866400e-01 -1.629100e-01 -3.204100e-02 10 64 1.266700e+01 3.300000e+00 -1512 2.858100e+03 0
-2.619200e-01 2.221800e-01 -1.653700e-01 -3.204100e-02 11 64 1.213200e+01 3.300000e+00 -1.062300e+03 2295 0
-2.881200e-01 2.327200e-01 -1.661000e-01 -3.204100e-02 12 64 1.178100e+01 3.300000e+00 -1.042200e+03 2.166500e+03 0
-3.077600e-01 2.776900e-01 -1.692100e-01 -3.204100e-02 13 64 1.102900e+01 3.300000e+00 -7.304400e+02 1.790500e+03 0
3.536000e-01 3.757000e-01 -1.759900e-01 -3.204100e-02 28 64 1.212200e+01 3.300000e+00 1094 1.432100e+03 0
6.799100e-01 6.402400e-01 -1.943000e-01 -3.204100e-02 29 64 1.370400e+01 3.300000e+00 1.289400e+03 9.534800e+02 0
6.804600e-01 7.311800e-01 -2.005900e-01 -3.204100e-02 30 64 1.460900e+01 3.300000e+00 1.204600e+03 8.747300e+02 0
6.793700e-01 7.974100e-01 -2.051700e-01 -3.204100e-02 31 64 1.476000e+01 3.300000e+00 1.155300e+03 8.302100e+02 0
6.766400e-01 8.291000e-01 -2.073700e-01 -3.204100e-02 32 64 1.421200e+01 3.300000e+00 1.132900e+03 8.117100e+02 0
6.722700e-01 8.722900e-01 -2.103600e-01 -3.204100e-02 33 64 1.264700e+01 3.300000e+00 1.104800e+03 7.889300e+02 0
-8.212400e-01 9.027700e-01 -2.124600e-01 -3.204100e-02 36 64 1.075500e+01 3.300000e+00 -4.349100e+01 7.494000e+02 0
-8.447100e-01 9.076800e-01 -2.128000e-01 -3.204100e-02 37 64 1.134400e+01 3.300000e+00 -5.593000e+01 7.470700e+02 0
-8.580800e-01 9.318200e-01 -2.144700e-01 -3.204100e-02 38 64 1.107900e+01 3.300000e+00 -4.472700e+01 7.375300e+02 0
