0 0 -1.500000e-01 0 1 65 1.658200e+01 3.820000e+00 2167 -3.612800e+03 0
-7.202900e-02 1.119800e-01 -1.589700e-01 0 5 65 1.525400e+01 3.820000e+00 -3.145200e+03 7.790700e+03 0
-1.585200e-01 1.860800e-01 -1.649100e-01 0 8 65 1.439400e+01 3.820000e+00 -1095 2.946500e+03 0
-2.008100e-01 1.910600e-01 -1.653100e-01 0 9 65 1.373400e+01 3.820000e+00 -1220 2.814700e+03 0
-2.480100e-01 1.867400e-01 -1.649600e-01 0 10 65 1.368800e+01 3.820000e+00 -1.511600e+03 2.868300e+03 0
-2.592000e-01 2.270500e-01 -1.681900e-01 0 11 65 1.318100e+01 3.820000e+00 -1.000700e+03 2.249800e+03 0
-2.851200e-01 2.383600e-01 -1.691000e-01 0 12 65 1.279900e+01 3.820000e+00 -9.768300e+02 2.120600e+03 0
-3.077600e-01 2.791500e-01 -1.723700e-01 0 13 65 1.204900e+01 3.820000e+00 -7.215200e+02 1.790700e+03 0
-3.050300e-01 2.974400e-01 -1.738300e-01 0 14 65 1.149600e+01 3.820000e+00 -6.037800e+02 1.683200e+03 0
-1.107700e-01 4.105300e-01 -1.828900e-01 0 15 65 1.134300e+01 3.820000e+00 1.662600e+02 1.285800e+03 0
-3.601500e-01 3.750800e-01 -1.800500e-01 0 16 65 1.137000e+01 3.820000e+00 -3.863300e+02 1.359800e+03 0
3.609700e-01 3.131200e-01 -1.750900e-01 0 28 65 1.313000e+01 3.820000e+00 1.225900e+03 1.726700e+03 0
6.799100e-01 6.390500e-01 -2.012000e-01 0 29 65 1.471500e+01 3.820000e+00 1.291100e+03 9.628900e+02 0
6.725500e-01 7.378000e-01 -2.091200e-01 0 30 65 1.565500e+01 3.820000e+00 1.191600e+03 8.776200e+02 0
6.793700e-01 7.974900e-01 -2.139000e-01 0 31 65 1.582500e+01 3.820000e+00 1.155600e+03 8.380200e+02 0
6.766400e-01 8.305800e-01 -2.165500e-01 0 32 65 1.531700e+01 3.820000e+00 1.132400e+03 8.186900e+02 0
6.810000e-01 8.685400e-01 -2.195900e-01 0 33 65 1.386100e+01 3.820000e+00 1.114500e+03 7.987100e+02 0
7.514000e-01 6.140900e-01 -1.992000e-01 0 35 65 1.076300e+01 3.820000e+00 1.411200e+03 9.925200e+02 0
-8.307900e-01 8.946000e-01 -2.216800e-01 0 36 65 1.180800e+01 3.820000e+00 -5.773900e+01 7.598200e+02 0
-8.545300e-01 8.865800e-01 -2.210400e-01 0 37 65 1.224700e+01 3.820000e+00 -8.215600e+01 7.627500e+02 0
-8.782700e-01 8.603500e-01 -2.189400e-01 0 38 65 1.185400e+01 3.820000e+00 -1.248800e+02 7.736700e+02 0
-9.123700e-01 8.003900e-01 -2.141300e-01 0 39 65 1.058600e+01 3.820000e+00 -2.172000e+02 8.017700e+02 0
0 0 -1.500000e-01 3.204100e-02 1 66 1.557700e+01 3.820000e+00 2167 -3.612800e+03 0
-7.202900e-02 1.124000e-01 -1.590100e-01 3.204100e-02 5 66 1.424600e+01 3.820000e+00 -3.105700e+03 7.714800e+03 0
-1.585200e-01 1.860700e-01 -1.649100e-01 3.204100e-02 8 66 1.340100e+01 3.820000e+00 -1.095200e+03 2.946800e+03 0
-2.008100e-01 1.911600e-01 -1.653200e-01 3.204100e-02 9 66 1.273500e+01 3.820000e+00 -1.218500e+03 2.812800e+03 0
-2.480100e-01 1.871800e-01 -1.650000e-01 3.204100e-02 10 66 1.269100e+01 3.820000e+00 -1.503700e+03 2.859400e+03 0
-2.592000e-01 2.269600e-01 -1.681800e-01 3.204100e-02 11 66 1.221700e+01 3.820000e+00 -1.001700e+03 2.250900e+03 0
-2.851200e-01 2.379600e-01 -1.690700e-01 3.204100e-02 12 66 1.183600e+01 3.820000e+00 -9.807000e+02 2.124600e+03 0
-3.077600e-01 2.790300e-01 -1.723600e-01 3.204100e-02 13 66 1.113000e+01 3.820000e+00 -7.222900e+02 1.791400e+03 0
-1.184100e-01 4.100500e-01 -1.828600e-01 3.204100e-02 15 66 1.058700e+01 3.820000e+00 1.516200e+02 1.286300e+03 0
-3.560500e-01 3.719100e-01 -1.798000e-01 3.204100e-02 16 66 1.050200e+01 3.820000e+00 -3.894800e+02 1370 0
3.609700e-01 3.610400e-01 -1.789300e-01 3.204100e-02 28 66 1.205600e+01 3.820000e+00 1.133200e+03 1.497300e+03 0
6.799100e-01 6.357100e-01 -2.009400e-01 3.204100e-02 29 66 1.368000e+01 3.820000e+00 1.294800e+03 9.663100e+02 0
6.725500e-01 7.357000e-01 -2.089500e-01 3.204100e-02 30 66 1.462300e+01 3.820000e+00 1.193300e+03 8.791500e+02 0
6.793700e-01 7.975800e-01 -2.139100e-01 3.204100e-02 31 66 1.479200e+01 3.820000e+00 1.155500e+03 8.379600e+02 0
6.766400e-01 8.328600e-01 -2.167300e-01 3.204100e-02 32 66 1.428600e+01 3.820000e+00 1131 8.174300e+02 0
6.897400e-01 8.681700e-01 -2.195600e-01 3.204100e-02 33 66 1.285400e+01 3.820000e+00 1.122100e+03 7.990700e+02 0
7.328400e-01 1.914700e-01 -1.653400e-01 3.204100e-02 35 66 1.010000e+01 3.820000e+00 4543 3636 0
-8.307900e-01 8.950700e-01 -2.217200e-01 3.204100e-02 36 66 1.071200e+01 3.820000e+00 -5.731700e+01 7.596200e+02 0
-8.447100e-01 8.935000e-01 -2.215900e-01 3.204100e-02 37 66 1.120700e+01 3.820000e+00 -6.874300e+01 7.600400e+02 0
-8.782700e-01 8.347700e-01 -2.168900e-01 3.204100e-02 38 66 1.073500e+01 3.820000e+00 -1.514000e+02 7.854200e+02 0
-9.020000e-01 6.519600e-01 -2.022400e-01 3.204100e-02 39 66 9.734300e+00 3.820000e+00 -4.292800e+02 8.974600e+02 0
2.662900e+00 8.087800e+00 -7.980400e-01 -9.932700e-01 245 34 1.029600e+01 3.820000e+00 8.942200e+02 4.490700e+02 0
2.740700e+00 8.094100e+00 -7.985300e-01 -9.932700e-01 246 34 1.142000e+01 3.820000e+00 9.003800e+02 4.490700e+02 0
2.886100e+00 8.055800e+00 -7.954600e-01 -9.932700e-01 247 34 1.146700e+01 3.820000e+00 9.132500e+02 4.493200e+02 0
3.100000e+00 8.004100e+00 -7.913200e-01 -9.932700e-01 248 34 1.052300e+01 3.820000e+00 9.322900e+02 4.496700e+02 0
2.115900e+00 5.359200e+00 -5.794000e-01 -9.612300e-01 166 35 1.004400e+01 3.820000e+00 9.314700e+02 4.687600e+02 0
2.038100e+00 5.427200e+00 -5.848500e-01 -9.612300e-01 167 35 1.062600e+01 3.820000e+00 9.189300e+02 4.679500e+02 0
1.959300e+00 5.487200e+00 -5.896600e-01 -9.612300e-01 168 35 1.023100e+01 3.820000e+00 9.069100e+02 4.672500e+02 0
2.662900e+00 8.093500e+00 -7.984900e-01 -9.612300e-01 245 35 1.102800e+01 3.820000e+00 8.940800e+02 4.490400e+02 0
2.807500e+00 8.080100e+00 -7.974200e-01 -9.612300e-01 246 35 1.214400e+01 3.820000e+00 9.061800e+02 4.491700e+02 0
2.953200e+00 8.063700e+00 -7.961000e-01 -9.612300e-01 247 35 1.218300e+01 3.820000e+00 9.185000e+02 4.493100e+02 0
3.100000e+00 8.049400e+00 -7.949600e-01 -9.612300e-01 248 35 1.116800e+01 3.820000e+00 9.309200e+02 4.494400e+02 0
1.980800e+00 5.409400e+00 -5.834300e-01 -9.291900e-01 166 36 1.005000e+01 3.820000e+00 9.126900e+02 4.681000e+02 0
1.992800e+00 5.443000e+00 -5.861200e-01 -9.291900e-01 167 36 1.047700e+01 3.820000e+00 9.127600e+02 4.677400e+02 0
2.807500e+00 8.069800e+00 -7.965900e-01 -9.291900e-01 246 36 1.105700e+01 3.820000e+00 9.064500e+02 4.492200e+02 0
2.953200e+00 8.039400e+00 -7.941500e-01 -9.291900e-01 247 36 1.111600e+01 3.820000e+00 9.192000e+02 4.494300e+02 0
3.167400e+00 7.925100e+00 -7.849900e-01 -9.291900e-01 248 36 1.016900e+01 3.820000e+00 9.403300e+02 4.500900e+02 0
-3.491800e+00 7.404200e+00 -7.432600e-01 -8.651100e-01 238 38 1.002600e+01 3.820000e+00 3.810200e+02 4.497600e+02 1
-3.961100e+00 7.306800e+00 -7.354500e-01 -8.651100e-01 239 38 1.092100e+01 3.820000e+00 3.369900e+02 4.500500e+02 1
-4.108100e+00 7.264700e+00 -7.320800e-01 -8.651100e-01 240 38 1.142000e+01 3.820000e+00 3.224000e+02 4.502100e+02 1
-4.256300e+00 7.220000e+00 -7.285000e-01 -8.651100e-01 241 38 1.111100e+01 3.820000e+00 3.074400e+02 4.503800e+02 1
-4.471300e+00 7.126800e+00 -7.210300e-01 -8.651100e-01 242 38 9.985100e+00 3.820000e+00 2.838300e+02 4.507900e+02 1
-3.944400e+00 7.270100e+00 -7.325100e-01 -8.330700e-01 238 39 1.072800e+01 3.820000e+00 3.366200e+02 4.502600e+02 1
-4.090900e+00 7.227200e+00 -7.290700e-01 -8.330700e-01 239 39 1.233400e+01 3.820000e+00 3.219600e+02 4.504200e+02 1
-4.173300e+00 7.223000e+00 -7.287400e-01 -8.330700e-01 240 39 1.284000e+01 3.820000e+00 3.147000e+02 4.504100e+02 1
-4.256300e+00 7.216000e+00 -7.281800e-01 -8.330700e-01 241 39 1.233900e+01 3.820000e+00 3.072300e+02 4.504000e+02 1
-4.405500e+00 7.169200e+00 -7.244300e-01 -8.330700e-01 242 39 1.094300e+01 3.820000e+00 2.918800e+02 4.505900e+02 1
-4.138400e+00 7.167400e+00 -7.242900e-01 -8.010300e-01 238 40 1.024900e+01 3.820000e+00 3.147900e+02 4.507300e+02 1
-4.155900e+00 7.193100e+00 -7.263400e-01 -8.010300e-01 239 40 1.177800e+01 3.820000e+00 3.146400e+02 4.505800e+02 1
-4.238500e+00 7.184500e+00 -7.256600e-01 -8.010300e-01 240 40 1.219800e+01 3.820000e+00 3.070800e+02 4.505800e+02 1
-4.321800e+00 7.173600e+00 -7.247800e-01 -8.010300e-01 241 40 1.151300e+01 3.820000e+00 2.993300e+02 4.506000e+02 1
-4.274000e+00 7.229700e+00 -7.292800e-01 -8.010300e-01 242 40 1.025200e+01 3.820000e+00 3.064400e+02 4.503200e+02 1
0 0 -1.500000e-01 -9.612300e-02 1 62 9.674300e+00 3.820000e+00 2167 -3.612800e+03 0
-2.182700e-03 3.230600e-02 -1.525900e-01 -9.612300e-02 2 62 9.400100e+00 3.820000e+00 3.345100e+03 -6.739700e+03 0
6.548100e-01 7.759100e-01 -2.121700e-01 -9.612300e-02 31 62 9.852900e+00 3.820000e+00 1.146700e+03 8.509800e+02 0
0 0 -1.500000e-01 -6.408200e-02 1 63 9.727400e+00 3.820000e+00 2167 -3.612800e+03 0
-1.227800e-02 4.783900e-03 -1.503800e-01 -6.408200e-02 2 63 9.659800e+00 3.820000e+00 2.391700e+03 -3.916100e+03 0
-6.384400e-02 2.563000e-02 -1.520500e-01 -6.408200e-02 3 63 9.223700e+00 3.820000e+00 3.929300e+03 -6.024700e+03 0
6.793700e-01 7.683200e-01 -2.115600e-01 -6.408200e-02 31 63 9.784500e+00 3.820000e+00 1.175700e+03 8.565800e+02 0
0 0 -1.500000e-01 -3.204100e-02 1 64 1.556400e+01 3.820000e+00 2167 -3.612800e+03 0
-7.093800e-02 1.125500e-01 -1.590200e-01 -3.204100e-02 5 64 1.422600e+01 3.820000e+00 -3.078200e+03 7.694500e+03 0
-1.585200e-01 1.860900e-01 -1.649100e-01 -3.204100e-02 8 64 1.335300e+01 3.820000e+00 -1.094900e+03 2.946400e+03 0
-2.008100e-01 1.914400e-01 -1.653400e-01 -3.204100e-02 9 64 1.269700e+01 3.820000e+00 -1.214100e+03 2.807300e+03 0
-2.480100e-01 1.870600e-01 -1.649900e-01 -3.204100e-02 10 64 1.264600e+01 3.820000e+00 -1.505900e+03 2.861900e+03 0
-2.592000e-01 2.278700e-01 -1.682600e-01 -3.204100e-02 11 64 1.215500e+01 3.820000e+00 -9.921500e+02 2.240500e+03 0
-2.851200e-01 2.391800e-01 -1.691600e-01 -3.204100e-02 12 64 1.174700e+01 3.820000e+00 -9.689800e+02 2.112600e+03 0
-3.077600e-01 2.779600e-01 -1.722700e-01 -3.204100e-02 13 64 1.093500e+01 3.820000e+00 -7.293300e+02 1.798300e+03 0
-1.031300e-01 3.965400e-01 -1.817700e-01 -3.204100e-02 15 64 1.042400e+01 3.820000e+00 1.581200e+02 1.324100e+03 0
3.609700e-01 2.894100e-01 -1.731900e-01 -3.204100e-02 28 64 1.213100e+01 3.820000e+00 1.287900e+03 1.880200e+03 0
6.799100e-01 6.429400e-01 -2.015200e-01 -3.204100e-02 29 64 1.372300e+01 3.820000e+00 1.286900e+03 9.589500e+02 0
6.725500e-01 7.395300e-01 -2.092500e-01 -3.204100e-02 30 64 1.465200e+01 3.820000e+00 1.190300e+03 8.763600e+02 0
6.793700e-01 7.973200e-01 -2.138800e-01 -3.204100e-02 31 64 1.482600e+01 3.820000e+00 1.155700e+03 8.381200e+02 0
6.766400e-01 8.290900e-01 -2.164300e-01 -3.204100e-02 32 64 1.433700e+01 3.820000e+00 1.133300e+03 8.195200e+02 0
6.810000e-01 8.662800e-01 -2.194100e-01 -3.204100e-02 33 64 1.295100e+01 3.820000e+00 1.115700e+03 7.998500e+02 0
6.572700e-01 9.145500e-01 -2.232800e-01 -3.204100e-02 34 64 9.968000e+00 3.820000e+00 1072 7.764600e+02 0
-8.212400e-01 8.981000e-01 -2.219600e-01 -3.204100e-02 36 64 1.079400e+01 3.820000e+00 -4.779600e+01 7.585400e+02 0
-8.447100e-01 8.871700e-01 -2.210800e-01 -3.204100e-02 37 64 1.133700e+01 3.820000e+00 -7.448800e+01 7.626700e+02 0
-8.782700e-01 8.559300e-01 -2.185800e-01 -3.204100e-02 38 64 1.102300e+01 3.820000e+00 -1.293400e+02 7.756400e+02 0
-8.916400e-01 8.317700e-01 -2.166500e-01 -3.204100e-02 39 64 9.825600e+00 3.820000e+00 -1.649400e+02 7.865900e+02 0
