0 0 -1.500000e-01 0 1 65 1.657000e+01 3.980000e+00 2167 -3.612800e+03 0
-7.202900e-02 1.114900e-01 -1.593100e-01 0 5 65 1.526800e+01 3.980000e+00 -3.193800e+03 7.889900e+03 0
-1.585200e-01 1.860900e-01 -1.655400e-01 0 8 65 1.441200e+01 3.980000e+00 -1.095200e+03 2.950100e+03 0
-2.008100e-01 1.912000e-01 -1.659600e-01 0 9 65 1.373700e+01 3.980000e+00 -1.218300e+03 2.815800e+03 0
-2.480100e-01 1.865000e-01 -1.655700e-01 0 10 65 1.369700e+01 3.980000e+00 -1.516500e+03 2877 0
-2.619200e-01 2.223500e-01 -1.685600e-01 0 11 65 1.315300e+01 3.980000e+00 -1.061800e+03 2307 0
-2.881200e-01 2.329000e-01 -1.694500e-01 0 12 65 1.278000e+01 3.980000e+00 -1.041600e+03 2.178200e+03 0
-3.077600e-01 2.790000e-01 -1.732900e-01 0 13 65 1.202500e+01 3.980000e+00 -7.227200e+02 1.794600e+03 0
-3.050300e-01 3.040000e-01 -1.753800e-01 0 14 65 1.140100e+01 3.980000e+00 -5.685100e+02 1.651200e+03 0
-1.145900e-01 3.919500e-01 -1.827200e-01 0 15 65 1.143600e+01 3.980000e+00 1.283700e+02 1.338600e+03 0
3.536000e-01 3.308500e-01 -1.776200e-01 0 28 65 1.315500e+01 3.980000e+00 1.167800e+03 1.633100e+03 0
6.799100e-01 6.405300e-01 -2.034800e-01 0 29 65 1.472000e+01 3.980000e+00 1.289600e+03 9.639100e+02 0
6.725500e-01 7.378600e-01 -2.116000e-01 0 30 65 1.565200e+01 3.980000e+00 1.191700e+03 8.800200e+02 0
6.793700e-01 7.975000e-01 -2.165800e-01 0 31 65 1.581200e+01 3.980000e+00 1.155700e+03 8.404300e+02 0
6.766400e-01 8.303700e-01 -2.193300e-01 0 32 65 1.525100e+01 3.980000e+00 1.132600e+03 8.212100e+02 0
6.810000e-01 8.653300e-01 -2.222500e-01 0 33 65 1.358600e+01 3.980000e+00 1.116400e+03 8.027200e+02 0
7.142900e-01 9.296200e-01 -2.276100e-01 0 35 65 1.114200e+01 3.980000e+00 1.109800e+03 7.731900e+02 0
-8.116900e-01 8.970400e-01 -2.248900e-01 0 36 65 1.181800e+01 3.980000e+00 -4.193000e+01 7.613600e+02 0
-8.447100e-01 8.847700e-01 -2.238700e-01 0 37 65 1.222500e+01 3.980000e+00 -7.677000e+01 7.659100e+02 0
-8.782700e-01 8.566100e-01 -2.215200e-01 0 38 65 1.178100e+01 3.980000e+00 -1.287500e+02 7.775700e+02 0
-9.434700e-01 7.944500e-01 -2.163300e-01 0 39 65 1.039300e+01 3.980000e+00 -2.495700e+02 8.064700e+02 0
0 0 -1.500000e-01 3.204100e-02 1 66 1.556300e+01 3.980000e+00 2167 -3.612800e+03 0
-7.202900e-02 1.120900e-01 -1.593600e-01 3.204100e-02 5 66 1.424700e+01 3.980000e+00 -3.135700e+03 7.778300e+03 0
-1.585200e-01 1.860900e-01 -1.655400e-01 3.204100e-02 8 66 1.342300e+01 3.980000e+00 -1.095300e+03 2.950300e+03 0
-2.008100e-01 1.912600e-01 -1.659700e-01 3.204100e-02 9 66 1.275000e+01 3.980000e+00 -1.217300e+03 2.814500e+03 0
-2.504700e-01 1.829600e-01 -1.652800e-01 3.204100e-02 10 66 1.271800e+01 3.980000e+00 -1595 2.949600e+03 0
-2.619200e-01 2.221800e-01 -1.685500e-01 3.204100e-02 11 66 1.213400e+01 3.980000e+00 -1.063700e+03 2.309100e+03 0
-2.881200e-01 2.315200e-01 -1.693300e-01 3.204100e-02 12 66 1.174300e+01 3.980000e+00 -1056 2.192800e+03 0
-3.077600e-01 2.784500e-01 -1.732500e-01 3.204100e-02 13 66 1.088900e+01 3.980000e+00 -7.263500e+02 1.798100e+03 0
-3.050300e-01 3.118200e-01 -1.760300e-01 3.204100e-02 14 66 1.050900e+01 3.980000e+00 -5.287100e+02 1.612200e+03 0
-1.145900e-01 4.020800e-01 -1.835700e-01 3.204100e-02 15 66 1.053500e+01 3.980000e+00 1.456500e+02 1.310400e+03 0
3.536000e-01 3.330500e-01 -1.778100e-01 3.204100e-02 28 66 1.213400e+01 3.980000e+00 1.163600e+03 1.622200e+03 0
6.799100e-01 6.378600e-01 -2.032600e-01 3.204100e-02 29 66 1.370200e+01 3.980000e+00 1.292600e+03 9.666200e+02 0
6.725500e-01 7.362600e-01 -2.114700e-01 3.204100e-02 30 66 1.464700e+01 3.980000e+00 1.192900e+03 8.812000e+02 0
6.711800e-01 8.044800e-01 -2.171700e-01 3.204100e-02 31 66 1.481800e+01 3.980000e+00 1.143600e+03 8.360200e+02 0
6.766400e-01 8.322700e-01 -2.194900e-01 3.204100e-02 32 66 1.425400e+01 3.980000e+00 1.131500e+03 8.201500e+02 0
6.810000e-01 8.641000e-01 -2.221400e-01 3.204100e-02 33 66 1.251700e+01 3.980000e+00 1117 8.033500e+02 0
2.070800e-01 4.541800e-01 -1.879200e-01 3.204100e-02 34 66 1.006900e+01 3.980000e+00 7.551100e+02 1.212900e+03 0
6.864600e-01 9.631100e-01 -2.304100e-01 3.204100e-02 35 66 1.040500e+01 3.980000e+00 1.072800e+03 7.587900e+02 0
-8.307900e-01 8.860300e-01 -2.239800e-01 3.204100e-02 36 66 1.101200e+01 3.980000e+00 -6.549600e+01 7.656100e+02 0
-8.447100e-01 8.858200e-01 -2.239600e-01 3.204100e-02 37 66 1.135500e+01 3.980000e+00 -7.580400e+01 7.654600e+02 0
-8.580800e-01 8.404600e-01 -2.201700e-01 3.204100e-02 38 66 1.094500e+01 3.980000e+00 -130 7.853500e+02 0
-1.150800e+00 1.563400e+00 -2.805300e-01 1.409800e+00 58 109 1.024400e+01 3.980000e+00 1.432600e+02 6.062700e+02 0
9.663900e-01 5.266800e+00 -5.897300e-01 -9.932700e-01 155 34 1.035300e+01 3.980000e+00 7.922100e+02 471 0
2.954000e+00 1.356900e+01 -1.282900e+00 -9.932700e-01 402 34 1.049000e+01 3.980000e+00 8.263700e+02 4.355600e+02 0
2.851700e+00 1.369300e+01 -1.293300e+00 -9.932700e-01 403 34 1.080800e+01 3.980000e+00 8.203000e+02 4.353300e+02 0
2.748800e+00 1.368500e+01 -1.292600e+00 -9.932700e-01 404 34 1.023700e+01 3.980000e+00 8.155100e+02 4.353200e+02 0
8.766300e-01 5.269600e+00 -5.899600e-01 -9.612300e-01 154 35 1.046500e+01 3.980000e+00 7.810400e+02 4.709000e+02 0
9.663900e-01 5.290600e+00 -5.917200e-01 -9.612300e-01 155 35 1.068600e+01 3.980000e+00 7.917600e+02 4.707300e+02 0
8.880900e-01 5.327900e+00 -5.948300e-01 -9.612300e-01 156 35 1.017600e+01 3.980000e+00 7.814700e+02 4.702600e+02 0
2.844600e+00 1.350000e+01 -1.277100e+00 -9.612300e-01 402 35 1.020300e+01 3.980000e+00 8.218000e+02 4.356500e+02 0
2.632300e+00 1.374800e+01 -1.297900e+00 -9.612300e-01 403 35 1.051000e+01 3.980000e+00 8.094500e+02 4.351900e+02 0
-4.183700e+00 1.237300e+01 -1.183000e+00 -8.971500e-01 375 37 1.036800e+01 3.980000e+00 4.712500e+02 4.360400e+02 1
-4.194900e+00 1.240200e+01 -1.185500e+00 -8.971500e-01 376 37 1.072100e+01 3.980000e+00 4.712100e+02 4.359900e+02 1
-4.103500e+00 1.247400e+01 -1.191400e+00 -8.971500e-01 377 37 1.034900e+01 3.980000e+00 4.770700e+02 4.358800e+02 1
-4.183700e+00 1.236900e+01 -1.182700e+00 -8.651100e-01 375 38 1.030400e+01 3.980000e+00 4.711800e+02 4.360500e+02 1
-4.297200e+00 1.236100e+01 -1.182000e+00 -8.651100e-01 376 38 1.067500e+01 3.980000e+00 4.652900e+02 4.360400e+02 1
-7.459900e+00 6.192300e+00 -6.670000e-01 -5.767400e-01 280 47 1.127300e+01 3.980000e+00 -6.871000e+01 4.570500e+02 0
-7.563100e+00 6.181300e+00 -6.660800e-01 -5.767400e-01 281 47 1.158300e+01 3.980000e+00 -7.993800e+01 4.570700e+02 0
-7.666800e+00 6.108400e+00 -6.599900e-01 -5.767400e-01 282 47 1.086300e+01 3.980000e+00 -9.897300e+01 4.575200e+02 0
-7.612200e+00 6.031000e+00 -6.535400e-01 -5.447000e-01 280 48 1.057000e+01 3.980000e+00 -1.034900e+02 4.581100e+02 0
-7.792300e+00 5.891500e+00 -6.418900e-01 -5.447000e-01 281 48 1.081100e+01 3.980000e+00 -1.398600e+02 4.590400e+02 0
-7.590100e+00 6.189700e+00 -6.667900e-01 -5.447000e-01 282 48 1.031100e+01 3.980000e+00 -8.150500e+01 4.569900e+02 0
-7.309300e+00 6.493400e+00 -6.921400e-01 -5.447000e-01 283 48 1.016100e+01 3.980000e+00 -2.044100e+01 4.551300e+02 0
0 0 -1.500000e-01 -6.408200e-02 1 63 1.086700e+01 3.980000e+00 2167 -3.612800e+03 0
0 0 -1.500000e-01 -3.204100e-02 1 64 1.555400e+01 3.980000e+00 2167 -3.612800e+03 0
-7.093800e-02 1.115200e-01 -1.593100e-01 -3.204100e-02 5 64 1.424100e+01 3.980000e+00 -3.176700e+03 7.890800e+03 0
-1.585200e-01 1.861000e-01 -1.655400e-01 -3.204100e-02 8 64 1.339000e+01 3.980000e+00 -1.095100e+03 2950 0
-2.008100e-01 1.917000e-01 -1.660100e-01 -3.204100e-02 9 64 1.269300e+01 3.980000e+00 -1.210600e+03 2.806100e+03 0
-2.480100e-01 1.862800e-01 -1.655500e-01 -3.204100e-02 10 64 1.262800e+01 3.980000e+00 -1.520600e+03 2.881500e+03 0
-2.619200e-01 2.213700e-01 -1.684800e-01 -3.204100e-02 11 64 1.218800e+01 3.980000e+00 -1.072800e+03 2.318900e+03 0
-2.881200e-01 2.298300e-01 -1.691900e-01 -3.204100e-02 12 64 1.176600e+01 3.980000e+00 -1.073900e+03 2211 0
-3.110400e-01 2.737900e-01 -1.728600e-01 -3.204100e-02 13 64 1.101400e+01 3.980000e+00 -767 1828 0
3.609700e-01 2.668200e-01 -1.722800e-01 -3.204100e-02 28 64 1.211500e+01 3.980000e+00 1.362300e+03 2.067300e+03 0
6.799100e-01 6.459400e-01 -2.039300e-01 -3.204100e-02 29 64 1.370600e+01 3.980000e+00 1.283800e+03 9.584800e+02 0
6.725500e-01 7.401000e-01 -2.117900e-01 -3.204100e-02 30 64 1.462000e+01 3.980000e+00 1190 8.784000e+02 0
6.793700e-01 7.973300e-01 -2.165700e-01 -3.204100e-02 31 64 1.478100e+01 3.980000e+00 1.155800e+03 8.405300e+02 0
6.766400e-01 8.287300e-01 -2.191900e-01 -3.204100e-02 32 64 1.422700e+01 3.980000e+00 1.133600e+03 8.221200e+02 0
6.810000e-01 8.641900e-01 -2.221500e-01 -3.204100e-02 33 64 1.261500e+01 3.980000e+00 1117 8.033000e+02 0
6.957400e-01 9.363300e-01 -2.281800e-01 -3.204100e-02 35 64 1.006800e+01 3.980000e+00 1092 7.699900e+02 0
-8.116900e-01 8.960100e-01 -2.248100e-01 -3.204100e-02 36 64 1.067400e+01 3.980000e+00 -4.282300e+01 7.617800e+02 0
-8.348900e-01 9.004400e-01 -2.251800e-01 -3.204100e-02 37 64 1.105200e+01 3.980000e+00 -5.560700e+01 7.595900e+02 0
-8.580800e-01 9.122400e-01 -2.261600e-01 -3.204100e-02 38 64 1.044500e+01 3.980000e+00 -6.176000e+01 7.545000e+02 0
