0 0 -1.500000e-01 0 1 65 1.657600e+01 3.800000e+00 2167 -3.612800e+03 0
-7.093800e-02 1.126600e-01 -1.589800e-01 0 5 65 1.527200e+01 3.800000e+00 -3.067500e+03 7.673300e+03 0
-1.585200e-01 1.860300e-01 -1.648300e-01 0 8 65 1.439400e+01 3.800000e+00 -1.095700e+03 2.947100e+03 0
-2.008100e-01 1.914500e-01 -1.652600e-01 0 9 65 1.371800e+01 3.800000e+00 -1214 2.806700e+03 0
-2.480100e-01 1.864600e-01 -1.648600e-01 0 10 65 1.370100e+01 3.800000e+00 -1.516700e+03 2.873500e+03 0
-2.619200e-01 2.222600e-01 -1.677100e-01 0 11 65 1.321300e+01 3.800000e+00 -1.062500e+03 2.304400e+03 0
-2.851200e-01 2.372400e-01 -1.689100e-01 0 12 65 1.280400e+01 3.800000e+00 -9.876500e+02 2.131300e+03 0
-3.044900e-01 2.826500e-01 -1.725300e-01 0 13 65 1.206800e+01 3.800000e+00 -6.899800e+02 1.768900e+03 0
-3.050300e-01 3.067400e-01 -1.744500e-01 0 14 65 1.139000e+01 3.800000e+00 -5.540800e+02 1.634100e+03 0
-1.184100e-01 3.801600e-01 -1.803000e-01 0 15 65 1.138800e+01 3.800000e+00 9.932800e+01 1.370400e+03 0
3.536000e-01 3.399200e-01 -1.770900e-01 0 28 65 1.314400e+01 3.800000e+00 1.150800e+03 1.586200e+03 0
6.799100e-01 6.382200e-01 -2.008700e-01 0 29 65 1.472000e+01 3.800000e+00 1292 9.634200e+02 0
6.725500e-01 7.372900e-01 -2.087700e-01 0 30 65 1.565500e+01 3.800000e+00 1192 8.776800e+02 0
6.793700e-01 7.975100e-01 -2.135600e-01 0 31 65 1.581800e+01 3.800000e+00 1.155600e+03 8.377000e+02 0
6.766400e-01 8.310500e-01 -2.162400e-01 0 32 65 1.530200e+01 3.800000e+00 1.132100e+03 8.181300e+02 0
6.810000e-01 8.665000e-01 -2.190600e-01 0 33 65 1.387100e+01 3.800000e+00 1.115600e+03 7.994400e+02 0
6.302600e-01 9.648400e-01 -2.269000e-01 0 34 65 1.106000e+01 3.800000e+00 1030 7.545800e+02 0
7.235700e-01 9.125900e-01 -2.227400e-01 0 35 65 1.098600e+01 3.800000e+00 1.125700e+03 7.782200e+02 0
-8.116900e-01 8.987500e-01 -2.216300e-01 0 36 65 1.170000e+01 3.800000e+00 -4.035700e+01 7.581400e+02 0
-8.348900e-01 9.039700e-01 -2.220500e-01 0 37 65 1.220900e+01 3.800000e+00 -5.243400e+01 7.556600e+02 0
-8.580800e-01 9.097400e-01 -2.225100e-01 0 38 65 1.182700e+01 3.800000e+00 -6.385300e+01 7.529900e+02 0
-8.916400e-01 9.267800e-01 -2.238700e-01 0 39 65 1.045800e+01 3.800000e+00 -7.245100e+01 7.458600e+02 0
0 0 -1.500000e-01 3.204100e-02 1 66 1.558100e+01 3.800000e+00 2167 -3.612800e+03 0
-7.202900e-02 1.118800e-01 -1.589200e-01 3.204100e-02 5 66 1.426200e+01 3.800000e+00 -3.154600e+03 7808 0
-1.585200e-01 1.859200e-01 -1.648200e-01 3.204100e-02 8 66 1.338400e+01 3.800000e+00 -1.097400e+03 2.949500e+03 0
-2.008100e-01 1.917500e-01 -1.652800e-01 3.204100e-02 9 66 1.269500e+01 3.800000e+00 -1.209400e+03 2801 0
-2.480100e-01 1.865700e-01 -1.648700e-01 3.204100e-02 10 66 1.269600e+01 3.800000e+00 -1.514700e+03 2.871300e+03 0
-2.592000e-01 2.266600e-01 -1.680700e-01 3.204100e-02 11 66 1.219200e+01 3.800000e+00 -1.004800e+03 2.253800e+03 0
-2.821100e-01 2.437300e-01 -1.694300e-01 3.204100e-02 12 66 1.181100e+01 3.800000e+00 -9.170100e+02 2070 0
-3.012100e-01 2.876500e-01 -1.729300e-01 3.204100e-02 13 66 1.110300e+01 3.800000e+00 -6.504400e+02 1.739300e+03 0
3.536000e-01 3.653200e-01 -1.791200e-01 3.204100e-02 28 66 1.210700e+01 3.800000e+00 1.109200e+03 1.479300e+03 0
6.799100e-01 6.327500e-01 -2.004300e-01 3.204100e-02 29 66 1.370800e+01 3.800000e+00 1.298100e+03 9.690500e+02 0
6.725500e-01 7.344700e-01 -2.085400e-01 3.204100e-02 30 66 1.465300e+01 3.800000e+00 1.194200e+03 8.797500e+02 0
6.711800e-01 8.044800e-01 -2.141200e-01 3.204100e-02 31 66 1.481100e+01 3.800000e+00 1.143500e+03 8.333100e+02 0
6.766400e-01 8.331500e-01 -2.164000e-01 3.204100e-02 32 66 1.429200e+01 3.800000e+00 1.130800e+03 8.169700e+02 0
6.810000e-01 8.688800e-01 -2.192500e-01 3.204100e-02 33 66 1.285700e+01 3.800000e+00 1.114300e+03 7.982400e+02 0
7.328400e-01 9.121700e-01 -2.227000e-01 3.204100e-02 35 66 9.892700e+00 3.800000e+00 1.133400e+03 7.785700e+02 0
-8.307900e-01 8.720000e-01 -2.195000e-01 3.204100e-02 36 66 1.032300e+01 3.800000e+00 -7.830300e+01 7.690900e+02 0
-8.447100e-01 9.004300e-01 -2.217700e-01 3.204100e-02 37 66 1.104600e+01 3.800000e+00 -6.255400e+01 7.569300e+02 0
-8.580800e-01 9.215200e-01 -2.234500e-01 3.204100e-02 38 66 1.069100e+01 3.800000e+00 -5.366600e+01 7.483800e+02 0
0 0 -1.500000e-01 6.408200e-02 1 67 1.059400e+01 3.800000e+00 2167 -3.612800e+03 0
1.637000e-03 3.471800e-02 -1.527700e-01 6.408200e-02 2 67 1.001900e+01 3.800000e+00 3.437100e+03 -7.154300e+03 0
1.031300e+00 4.704300e+00 -5.249500e-01 -9.932700e-01 141 34 9.989000e+00 3.800000e+00 8.132000e+02 4.757900e+02 0
9.232800e-01 4.836700e+00 -5.355000e-01 -9.932700e-01 142 34 9.906900e+00 3.800000e+00 7.952500e+02 4.738700e+02 0
2.646500e+00 1.323800e+01 -1.205100e+00 -9.932700e-01 389 34 1.052800e+01 3.800000e+00 8.145900e+02 4.337100e+02 0
2.971800e+00 1.314000e+01 1.750200e+00 -9.932700e-01 390 34 1.030000e+01 3.800000e+00 8.281900e+02 2.956700e+02 0
1.031300e+00 4.762800e+00 -5.296100e-01 -9.612300e-01 141 35 1.001000e+01 3.800000e+00 8.117100e+02 4.749700e+02 0
2.434800e+00 1.319700e+01 1.877800e+00 -9.612300e-01 389 35 1.007600e+01 3.800000e+00 8.013300e+02 2.901300e+02 0
-4.148200e+00 1.192900e+01 -1.100800e+00 -8.971500e-01 363 37 1.085300e+01 3.800000e+00 4.648600e+02 4.346000e+02 1
-4.258700e+00 1.193800e+01 -1.101500e+00 -8.971500e-01 364 37 1.097000e+01 3.800000e+00 4.592500e+02 4.345500e+02 1
-4.469100e+00 1.190000e+01 -1.098500e+00 -8.971500e-01 365 37 1.050400e+01 3.800000e+00 4.474600e+02 4.345800e+02 1
-4.049500e+00 1.194500e+01 -1.102100e+00 -8.651100e-01 363 38 1.050000e+01 3.800000e+00 4.703400e+02 4.345900e+02 1
-4.456800e+00 1.185400e+01 -1.094800e+00 -8.651100e-01 364 38 1.058900e+01 3.800000e+00 4.471700e+02 4.346700e+02 1
-4.965700e+00 1.170000e+01 -1.082500e+00 -8.651100e-01 365 38 1.007000e+01 3.800000e+00 4.168200e+02 4.348600e+02 1
0 0 -1.500000e-01 -3.204100e-02 1 64 1.555300e+01 3.800000e+00 2167 -3.612800e+03 0
-7.093800e-02 1.122000e-01 -1.589400e-01 -3.204100e-02 5 64 1.425000e+01 3.800000e+00 -3.110100e+03 7.755500e+03 0
-1.585200e-01 1.860500e-01 -1.648300e-01 -3.204100e-02 8 64 1.336600e+01 3.800000e+00 -1.095500e+03 2.946800e+03 0
-2.008100e-01 1.912500e-01 -1.652400e-01 -3.204100e-02 9 64 1.270300e+01 3.800000e+00 -1217 2.810500e+03 0
-2.480100e-01 1.848900e-01 -1.647400e-01 -3.204100e-02 10 64 1.267600e+01 3.800000e+00 -1.545700e+03 2.905900e+03 0
-2.619200e-01 2.198200e-01 -1.675200e-01 -3.204100e-02 11 64 1.224400e+01 3.800000e+00 -1.090200e+03 2.334300e+03 0
-2.881200e-01 2.267300e-01 -1.680700e-01 -3.204100e-02 12 64 1.178800e+01 3.800000e+00 -1.107200e+03 2.241600e+03 0
-3.044900e-01 2.774200e-01 -1.721100e-01 -3.204100e-02 13 64 1.098300e+01 3.800000e+00 -7.238700e+02 1.802200e+03 0
-1.260500e-01 3.826900e-01 -1.805000e-01 -3.204100e-02 15 64 1.044800e+01 3.800000e+00 8.908000e+01 1.361800e+03 0
3.609700e-01 3.202400e-01 -1.755200e-01 -3.204100e-02 28 64 1.205000e+01 3.800000e+00 1.209700e+03 1.686300e+03 0
6.799100e-01 6.367600e-01 -2.007500e-01 -3.204100e-02 29 64 1.366500e+01 3.800000e+00 1.293600e+03 9.649100e+02 0
6.804600e-01 7.313300e-01 -2.082900e-01 -3.204100e-02 30 64 1.462300e+01 3.800000e+00 1.204800e+03 8.822900e+02 0
6.793700e-01 7.973400e-01 -2.135500e-01 -3.204100e-02 31 64 1.479700e+01 3.800000e+00 1.155700e+03 8.378100e+02 0
6.766400e-01 8.295100e-01 -2.161100e-01 -3.204100e-02 32 64 1.430100e+01 3.800000e+00 1133 8.189900e+02 0
6.810000e-01 8.633900e-01 -2.188200e-01 -3.204100e-02 33 64 1.293400e+01 3.800000e+00 1.117300e+03 8.010200e+02 0
6.482600e-01 9.507000e-01 -2.257700e-01 -3.204100e-02 34 64 1.030700e+01 3.800000e+00 1.049200e+03 7.605500e+02 0
-8.021400e-01 9.146000e-01 -2.229000e-01 -3.204100e-02 36 64 1.083100e+01 3.800000e+00 -2.020400e+01 7.519400e+02 0
-8.250600e-01 9.180000e-01 -2.231700e-01 -3.204100e-02 37 64 1.126700e+01 3.800000e+00 -3.352100e+01 7.502500e+02 0
-8.479800e-01 9.279800e-01 -2.239600e-01 -3.204100e-02 38 64 1.086600e+01 3.800000e+00 -4.119000e+01 7.460600e+02 0
