0 0 -1.500000e-01 0 1 65 1.661200e+01 3.880000e+00 2167 -3.612800e+03 0
-7.202900e-02 1.118800e-01 -1.591100e-01 0 5 65 1.525700e+01 3.880000e+00 -3.154700e+03 7.811200e+03 0
-1.585200e-01 1.861000e-01 -1.651500e-01 0 8 65 1.441000e+01 3.880000e+00 -1.094900e+03 2.947600e+03 0
-2.008100e-01 1.902600e-01 -1.654800e-01 0 9 65 1.370300e+01 3.880000e+00 -1.232700e+03 2.831800e+03 0
-2.480100e-01 1.858800e-01 -1.651300e-01 0 10 65 1.369200e+01 3.880000e+00 -1.527500e+03 2.887200e+03 0
-2.619200e-01 2.215200e-01 -1.680300e-01 0 11 65 1.314700e+01 3.880000e+00 -1.070900e+03 2315 0
-2.881200e-01 2.310600e-01 -1.688100e-01 0 12 65 1.276400e+01 3.880000e+00 -1.060600e+03 2.195700e+03 0
-3.077600e-01 2.783300e-01 -1.726500e-01 0 13 65 1.197800e+01 3.880000e+00 -7.269900e+02 1797 0
-3.014900e-01 3.148100e-01 -1.756200e-01 0 14 65 1.143600e+01 3.880000e+00 -5.056100e+02 1.596800e+03 0
-1.222300e-01 3.937500e-01 -1.820500e-01 0 15 65 1.135700e+01 3.880000e+00 1.169900e+02 1331 0
3.536000e-01 3.340800e-01 -1.771900e-01 0 28 65 1.316400e+01 3.880000e+00 1.161600e+03 1.615300e+03 0
6.799100e-01 6.408500e-01 -2.021600e-01 0 29 65 1.472200e+01 3.880000e+00 1.289200e+03 962 0
6.725500e-01 7.380300e-01 -2.100700e-01 0 30 65 1.564900e+01 3.880000e+00 1.191500e+03 8.783700e+02 0
6.793700e-01 7.974900e-01 -2.149000e-01 0 31 65 1.581300e+01 3.880000e+00 1.155600e+03 8.389300e+02 0
6.766400e-01 8.305900e-01 -2.176000e-01 0 32 65 1.528800e+01 3.880000e+00 1.132400e+03 8.195900e+02 0
6.810000e-01 8.694800e-01 -2.207600e-01 0 33 65 1.381200e+01 3.880000e+00 1114 7.991400e+02 0
6.572700e-01 9.465900e-01 -2.270400e-01 0 34 65 1.131900e+01 3.880000e+00 1.057800e+03 7.635700e+02 0
7.235700e-01 8.488800e-01 -2.190900e-01 0 35 65 1.076600e+01 3.880000e+00 1.162400e+03 8.106300e+02 0
-8.307900e-01 8.934100e-01 -2.227100e-01 0 36 65 1.171900e+01 3.880000e+00 -5.882300e+01 7.611400e+02 0
-8.545300e-01 8.813500e-01 -2.217300e-01 0 37 65 1.212600e+01 3.880000e+00 -8.704300e+01 7.657900e+02 0
-8.782700e-01 8.561700e-01 -2.196800e-01 0 38 65 1.162600e+01 3.880000e+00 -1.291300e+02 7.763700e+02 0
-9.123700e-01 8.238200e-01 -2.170500e-01 0 39 65 1.024600e+01 3.880000e+00 -1.898700e+02 7.908700e+02 0
0 0 -1.500000e-01 3.204100e-02 1 66 1.559200e+01 3.880000e+00 2167 -3.612800e+03 0
-7.202900e-02 1.118700e-01 -1.591000e-01 3.204100e-02 5 66 1.424100e+01 3.880000e+00 -3.155700e+03 7.813100e+03 0
-1.585200e-01 1.860500e-01 -1.651400e-01 3.204100e-02 8 66 1.339500e+01 3.880000e+00 -1.095600e+03 2.948600e+03 0
-2.008100e-01 1.904200e-01 -1.655000e-01 3.204100e-02 9 66 1.267700e+01 3.880000e+00 -1.230100e+03 2.828600e+03 0
-2.504700e-01 1.812600e-01 -1.647500e-01 3.204100e-02 10 66 1.267100e+01 3.880000e+00 -1.628300e+03 2.984400e+03 0
-2.619200e-01 2.209000e-01 -1.679800e-01 3.204100e-02 11 66 1.215200e+01 3.880000e+00 -1.077900e+03 2.322600e+03 0
-2.881200e-01 2.297700e-01 -1.687000e-01 3.204100e-02 12 66 1.171600e+01 3.880000e+00 -1.074300e+03 2.209600e+03 0
-3.077600e-01 2.781200e-01 -1.726400e-01 3.204100e-02 13 66 1.087100e+01 3.880000e+00 -7.284000e+02 1.798400e+03 0
3.536000e-01 3.669600e-01 -1.798700e-01 3.204100e-02 28 66 1.221800e+01 3.880000e+00 1.106900e+03 1.474500e+03 0
6.722700e-01 6.437800e-01 -2.024000e-01 3.204100e-02 29 66 1.373800e+01 3.880000e+00 1.276800e+03 9.587700e+02 0
6.725500e-01 7.357000e-01 -2.098800e-01 3.204100e-02 30 66 1.465600e+01 3.880000e+00 1.193300e+03 8.800700e+02 0
6.711800e-01 8.044800e-01 -2.154700e-01 3.204100e-02 31 66 1.480700e+01 3.880000e+00 1.143600e+03 8.345200e+02 0
6.766400e-01 8.322100e-01 -2.177300e-01 3.204100e-02 32 66 1.424800e+01 3.880000e+00 1.131400e+03 8.186900e+02 0
6.810000e-01 8.721800e-01 -2.209800e-01 3.204100e-02 33 66 1.266700e+01 3.880000e+00 1.112600e+03 7.977800e+02 0
6.572700e-01 9.287000e-01 -2.255800e-01 3.204100e-02 34 66 1.038900e+01 3.880000e+00 1.065600e+03 7.711400e+02 0
7.328400e-01 8.293600e-01 -2.175000e-01 3.204100e-02 35 66 9.998800e+00 3.880000e+00 1.183200e+03 8.214900e+02 0
-8.403400e-01 8.859400e-01 -2.221000e-01 3.204100e-02 36 66 1.086200e+01 3.880000e+00 -7.246800e+01 7.640900e+02 0
-8.643500e-01 8.745600e-01 -2.211800e-01 3.204100e-02 37 66 1.125600e+01 3.880000e+00 -1.006700e+02 7.685300e+02 0
-8.782700e-01 8.649200e-01 -2.203900e-01 3.204100e-02 38 66 1.082400e+01 3.880000e+00 -1.203500e+02 7.724800e+02 0
2.616200e+00 7.335200e+00 -7.469900e-01 -9.932700e-01 224 34 1.099500e+01 3.880000e+00 9.110600e+02 4.538600e+02 0
2.750200e+00 7.323400e+00 -7.460300e-01 -9.932700e-01 225 34 1.147000e+01 3.880000e+00 9.234700e+02 4.539900e+02 0
2.823900e+00 7.326900e+00 -7.463200e-01 -9.932700e-01 226 34 1.104300e+01 3.880000e+00 9.299900e+02 4.540100e+02 0
1.768000e+00 4.696500e+00 -5.322300e-01 -9.612300e-01 145 35 1.034800e+01 3.880000e+00 9.168400e+02 4.776700e+02 0
1.819800e+00 4.715000e+00 -5.337400e-01 -9.612300e-01 146 35 1.072000e+01 3.880000e+00 9.232300e+02 4.774500e+02 0
1.872200e+00 4.734600e+00 -5.353400e-01 -9.612300e-01 147 35 9.960700e+00 3.880000e+00 9.295900e+02 4.772200e+02 0
2.604500e+00 7.301300e+00 -7.442300e-01 -9.612300e-01 223 35 1.079200e+01 3.880000e+00 9.110300e+02 4.540500e+02 0
2.737900e+00 7.286900e+00 -7.430600e-01 -9.612300e-01 224 35 1.228000e+01 3.880000e+00 9.235400e+02 4.542100e+02 0
2.750200e+00 7.319200e+00 -7.456900e-01 -9.612300e-01 225 35 1.273800e+01 3.880000e+00 9.236100e+02 4.540200e+02 0
2.823900e+00 7.328800e+00 -7.464700e-01 -9.612300e-01 226 35 1.226500e+01 3.880000e+00 9.299300e+02 454 0
2.774800e+00 7.376100e+00 -7.503200e-01 -9.612300e-01 227 35 1.078200e+01 3.880000e+00 9.239900e+02 4.537000e+02 0
1.807300e+00 4.678300e+00 -5.307500e-01 -9.291900e-01 145 36 1.107300e+01 3.880000e+00 9.233000e+02 4.779700e+02 0
1.859400e+00 4.705600e+00 -5.329700e-01 -9.291900e-01 146 36 1.130800e+01 3.880000e+00 9.292800e+02 4.776200e+02 0
1.872200e+00 4.742600e+00 -5.359900e-01 -9.291900e-01 147 36 1.050400e+01 3.880000e+00 9.291800e+02 4.771100e+02 0
2.665100e+00 7.188300e+00 -7.350400e-01 -9.291900e-01 223 36 1.016700e+01 3.880000e+00 9.200700e+02 4.547700e+02 0
2.677100e+00 7.284300e+00 -7.428500e-01 -9.291900e-01 224 36 1.152900e+01 3.880000e+00 9.181100e+02 4.541900e+02 0
2.689100e+00 7.328000e+00 -7.464100e-01 -9.291900e-01 225 36 1.200500e+01 3.880000e+00 9.178300e+02 4.539400e+02 0
2.762500e+00 7.340700e+00 -7.474400e-01 -9.291900e-01 226 36 1.153500e+01 3.880000e+00 9.240200e+02 4.539000e+02 0
2.713100e+00 7.364100e+00 -7.493400e-01 -9.291900e-01 227 36 1.016000e+01 3.880000e+00 9.188500e+02 4.537400e+02 0
-4.302100e+00 6.223800e+00 -6.565400e-01 -8.330700e-01 220 39 1.044100e+01 3.880000e+00 2.416900e+02 4.574000e+02 1
-4.081700e+00 6.477200e+00 -6.771600e-01 -8.330700e-01 221 39 1.176100e+01 3.880000e+00 2.801700e+02 4.557400e+02 1
-4.100200e+00 6.531600e+00 -6.815900e-01 -8.330700e-01 222 39 1.200700e+01 3.880000e+00 2.818300e+02 4.553700e+02 1
-4.118800e+00 6.567000e+00 -6.844600e-01 -8.330700e-01 223 39 1.141500e+01 3.880000e+00 2.822800e+02 4.551300e+02 1
-4.198200e+00 6.551500e+00 -6.832100e-01 -8.330700e-01 224 39 1.037900e+01 3.880000e+00 2.738500e+02 4.551800e+02 1
-4.122900e+00 6.249300e+00 -6.586200e-01 -8.010300e-01 220 40 1.067600e+01 3.880000e+00 2.611600e+02 4.573200e+02 1
-4.081700e+00 6.464200e+00 -6.761000e-01 -8.010300e-01 221 40 1.198700e+01 3.880000e+00 2.793400e+02 4.558300e+02 1
-4.100200e+00 6.528700e+00 -6.813500e-01 -8.010300e-01 222 40 1.224500e+01 3.880000e+00 2.816400e+02 4.553900e+02 1
-4.179300e+00 6.525900e+00 -6.811200e-01 -8.010300e-01 223 40 1.179100e+01 3.880000e+00 274 4.553600e+02 1
-4.319800e+00 6.460600e+00 -6.758100e-01 -8.010300e-01 224 40 1.118200e+01 3.880000e+00 2.564000e+02 4.557200e+02 1
-4.339200e+00 6.466900e+00 -6.763200e-01 -8.010300e-01 225 40 1.053200e+01 3.880000e+00 2.549800e+02 4.556700e+02 1
1.553800e+00 1.726500e+00 -2.905200e-01 -7.689800e-01 68 41 9.787900e+00 3.880000e+00 1244 5.998300e+02 0
-3.841600e+00 6.625900e+00 -6.892600e-01 -7.689800e-01 221 41 1.024600e+01 3.880000e+00 3.117600e+02 4.548900e+02 1
-3.859000e+00 6.678800e+00 -6.935700e-01 -7.689800e-01 222 41 1.047400e+01 3.880000e+00 3.131400e+02 4.545400e+02 1
-4.058200e+00 6.604700e+00 -6.875400e-01 -7.689800e-01 223 41 1.021800e+01 3.880000e+00 2.902800e+02 4.549100e+02 1
0 0 -1.500000e-01 -6.408200e-02 1 63 1.047800e+01 3.880000e+00 2167 -3.612800e+03 0
-2.264600e-02 1.785200e-02 -1.514500e-01 -6.408200e-02 2 63 1.006100e+01 3.880000e+00 2.921600e+03 -4963 0
1.200500e-02 6.849800e-02 -1.555700e-01 -6.408200e-02 3 63 9.436700e+00 3.880000e+00 17734 -49657 0
6.804600e-01 6.716000e-01 -2.046600e-01 -6.408200e-02 30 63 9.817200e+00 3.880000e+00 1258 9.325700e+02 0
6.875500e-01 7.905000e-01 -2.143400e-01 -6.408200e-02 31 63 1.017000e+01 3.880000e+00 1168 8.434300e+02 0
7.020100e-01 7.401900e-01 -2.102400e-01 -6.408200e-02 32 63 9.935800e+00 3.880000e+00 1.219800e+03 8.776200e+02 0
0 0 -1.500000e-01 -3.204100e-02 1 64 1.561500e+01 3.880000e+00 2167 -3.612800e+03 0
-7.093800e-02 1.125700e-01 -1.591600e-01 -3.204100e-02 5 64 1.423200e+01 3.880000e+00 -3.076200e+03 7.692900e+03 0
-1.585200e-01 1.861000e-01 -1.651500e-01 -3.204100e-02 8 64 1.339300e+01 3.880000e+00 -1095 2.947700e+03 0
-1.986300e-01 1.921100e-01 -1.656400e-01 -3.204100e-02 9 64 1.266700e+01 3.880000e+00 -1.194100e+03 2.797400e+03 0
-2.480100e-01 1.859000e-01 -1.651300e-01 -3.204100e-02 10 64 1.266500e+01 3.880000e+00 -1.527200e+03 2.886800e+03 0
-2.619200e-01 2.217200e-01 -1.680500e-01 -3.204100e-02 11 64 1.203200e+01 3.880000e+00 -1.068600e+03 2.312600e+03 0
-2.911200e-01 2.271800e-01 -1.684900e-01 -3.204100e-02 12 64 1.177300e+01 3.880000e+00 -1113 2237 0
-3.110400e-01 2.741100e-01 -1.723100e-01 -3.204100e-02 13 64 1.098500e+01 3.880000e+00 -7.646600e+02 1.824100e+03 0
-1.260500e-01 3.920200e-01 -1.819100e-01 -3.204100e-02 15 64 1.046200e+01 3.880000e+00 1.065800e+02 1.335500e+03 0
3.609700e-01 2.588500e-01 -1.710700e-01 -3.204100e-02 28 64 1.211100e+01 3.880000e+00 1393 2.141500e+03 0
6.799100e-01 6.468500e-01 -2.026500e-01 -3.204100e-02 29 64 1.368600e+01 3.880000e+00 1.282700e+03 956 0
6.725500e-01 7.408000e-01 -2.102900e-01 -3.204100e-02 30 64 1.461800e+01 3.880000e+00 1.189400e+03 8.763600e+02 0
6.793700e-01 7.972700e-01 -2.148900e-01 -3.204100e-02 31 64 1.479600e+01 3.880000e+00 1.155800e+03 8.390600e+02 0
6.766400e-01 8.289100e-01 -2.174600e-01 -3.204100e-02 32 64 1.430100e+01 3.880000e+00 1.133400e+03 8.205200e+02 0
6.810000e-01 8.666400e-01 -2.205300e-01 -3.204100e-02 33 64 1.293400e+01 3.880000e+00 1.115600e+03 8.005700e+02 0
6.842800e-01 9.252400e-01 -2.253000e-01 -3.204100e-02 34 64 1.064800e+01 3.880000e+00 1.088300e+03 7.731000e+02 0
-3.617800e-01 2.884400e-01 -1.734800e-01 -3.204100e-02 35 64 9.791800e+00 3.880000e+00 -8.040200e+02 1.723600e+03 0
-8.403400e-01 8.850800e-01 -2.220300e-01 -3.204100e-02 36 64 1.062500e+01 3.880000e+00 -7.325000e+01 7.644500e+02 0
-8.545300e-01 8.817700e-01 -2.217600e-01 -3.204100e-02 37 64 1.102400e+01 3.880000e+00 -8.665000e+01 7.656100e+02 0
-8.782700e-01 8.471200e-01 -2.189400e-01 -3.204100e-02 38 64 1.045500e+01 3.880000e+00 -1.384200e+02 7.804900e+02 0
