0 0 -1.500000e-01 0 1 65 1.655100e+01 3.640000e+00 2167 -3.612800e+03 0
-7.202900e-02 1.115900e-01 -1.585200e-01 0 5 65 1.525100e+01 3.640000e+00 -3.180500e+03 7.851800e+03 0
-1.585200e-01 1.860800e-01 -1.642100e-01 0 8 65 1.440700e+01 3.640000e+00 -1.094600e+03 2.942200e+03 0
-2.008100e-01 1.913000e-01 -1.646000e-01 0 9 65 1.371700e+01 3.640000e+00 -1.215900e+03 2.805900e+03 0
-2.480100e-01 1.869800e-01 -1.642700e-01 0 10 65 1.370300e+01 3.640000e+00 -1.506700e+03 2.859200e+03 0
-2.619200e-01 2.231300e-01 -1.670300e-01 0 11 65 1.319600e+01 3.640000e+00 -1.052500e+03 2.290700e+03 0
-2.881200e-01 2.345300e-01 -1.679000e-01 0 12 65 1.278200e+01 3.640000e+00 -1.024300e+03 2.154500e+03 0
-3.077600e-01 2.789100e-01 -1.712900e-01 0 13 65 1.204900e+01 3.640000e+00 -7.228300e+02 1.788900e+03 0
-3.014900e-01 2.984100e-01 -1.727800e-01 0 14 65 1.134700e+01 3.640000e+00 -5.892300e+02 1.675400e+03 0
-1.184100e-01 4.091700e-01 -1.812400e-01 0 15 65 1.125900e+01 3.640000e+00 1.502700e+02 1.285600e+03 0
3.609700e-01 3.484400e-01 -1.766000e-01 0 28 65 1.322300e+01 3.640000e+00 1.154100e+03 1.546200e+03 0
6.799100e-01 6.363000e-01 -1.985700e-01 0 29 65 1.471500e+01 3.640000e+00 1294 9.628600e+02 0
6.725500e-01 7.359500e-01 -2.061800e-01 0 30 65 1.562900e+01 3.640000e+00 1.192900e+03 8.762100e+02 0
6.793700e-01 7.975500e-01 -2.108800e-01 0 31 65 1.577200e+01 3.640000e+00 1.155400e+03 8.352600e+02 0
6.766400e-01 8.311200e-01 -2.134500e-01 0 32 65 1.522200e+01 3.640000e+00 1.131900e+03 8.156900e+02 0
6.810000e-01 8.705100e-01 -2.164500e-01 0 33 65 1.368700e+01 3.640000e+00 1.113300e+03 7.950400e+02 0
-9.724000e-01 4.754800e-01 -1.863000e-01 0 34 65 1.096900e+01 3.640000e+00 -9.829200e+02 1.089700e+03 0
7.421200e-01 7.270800e-01 -2.055000e-01 0 35 65 1.097200e+01 3.640000e+00 1.272300e+03 8.847800e+02 0
-8.212400e-01 8.996300e-01 -2.186800e-01 0 36 65 1.177600e+01 3.640000e+00 -4.637400e+01 7.554100e+02 0
-8.447100e-01 8.891500e-01 -2.178800e-01 0 37 65 1.221200e+01 3.640000e+00 -7.259000e+01 7.593400e+02 0
-8.580800e-01 8.811700e-01 -2.172700e-01 0 38 65 1.183500e+01 3.640000e+00 -8.967100e+01 7.624600e+02 0
-8.812700e-01 8.787700e-01 -2.170800e-01 0 39 65 1.052100e+01 3.640000e+00 -1.088900e+02 7.631000e+02 0
0 0 -1.500000e-01 3.204100e-02 1 66 1.552300e+01 3.640000e+00 2167 -3.612800e+03 0
-7.202900e-02 1.115900e-01 -1.585200e-01 3.204100e-02 5 66 1.424300e+01 3.640000e+00 -3181 7.852800e+03 0
-1.585200e-01 1.860200e-01 -1.642000e-01 3.204100e-02 8 66 1.342400e+01 3.640000e+00 -1.095600e+03 2.943600e+03 0
-2.008100e-01 1.925700e-01 -1.647000e-01 3.204100e-02 9 66 1.270100e+01 3.640000e+00 -1.196600e+03 2.781700e+03 0
-2.504700e-01 1.839900e-01 -1.640500e-01 3.204100e-02 10 66 1.268800e+01 3.640000e+00 -1.574200e+03 2.919500e+03 0
-2.646500e-01 2.194300e-01 -1.667500e-01 3.204100e-02 11 66 1.222400e+01 3.640000e+00 -1.104600e+03 2.334700e+03 0
-2.881200e-01 2.341000e-01 -1.678700e-01 3.204100e-02 12 66 1.174700e+01 3.640000e+00 -1.028700e+03 2.158900e+03 0
-3.044900e-01 2.808900e-01 -1.714400e-01 3.204100e-02 13 66 1.104000e+01 3.640000e+00 -7.010300e+02 1777 0
3.536000e-01 3.734000e-01 -1.785000e-01 3.204100e-02 28 66 1.225400e+01 3.640000e+00 1.097500e+03 1.446400e+03 0
6.799100e-01 6.326600e-01 -1.983000e-01 3.204100e-02 29 66 1.373800e+01 3.640000e+00 1.298100e+03 9.666300e+02 0
6.725500e-01 7.334600e-01 -2.059900e-01 3.204100e-02 30 66 1.464300e+01 3.640000e+00 1.194900e+03 8.780400e+02 0
6.793700e-01 7.975700e-01 -2.108900e-01 3.204100e-02 31 66 1.478700e+01 3.640000e+00 1.155400e+03 8.352500e+02 0
6.766400e-01 8.334300e-01 -2.136200e-01 3.204100e-02 32 66 1.423900e+01 3.640000e+00 1.130600e+03 8.144100e+02 0
6.810000e-01 8.742400e-01 -2.167400e-01 3.204100e-02 33 66 1.269700e+01 3.640000e+00 1.111300e+03 7.931900e+02 0
7.885000e-01 6.660600e-01 -2.008500e-01 3.204100e-02 35 66 1.007200e+01 3.640000e+00 1.388500e+03 9.376500e+02 0
-8.498900e-01 8.728100e-01 -2.166300e-01 3.204100e-02 36 66 1.071100e+01 3.640000e+00 -9.155400e+01 7.661800e+02 0
-8.643500e-01 8.696400e-01 -2.163900e-01 3.204100e-02 37 66 1.120300e+01 3.640000e+00 -1.052700e+02 7.673100e+02 0
-8.883600e-01 8.411600e-01 -2.142100e-01 3.204100e-02 38 66 1.089600e+01 3.640000e+00 -1.522100e+02 7.797100e+02 0
0 0 -1.500000e-01 6.408200e-02 1 67 9.692000e+00 3.640000e+00 2167 -3.612800e+03 0
-3.274100e-03 3.476400e-02 -1.526500e-01 6.408200e-02 2 67 9.593500e+00 3.640000e+00 3.532100e+03 -7194 0
6.409000e-01 7.841900e-01 -2.098600e-01 6.408200e-02 30 67 9.456100e+00 3.640000e+00 1128 8.426200e+02 0
6.630000e-01 8.027100e-01 -2.112800e-01 6.408200e-02 31 67 9.841300e+00 3.640000e+00 1137 8.317600e+02 0
6.766400e-01 8.254100e-01 -2.130100e-01 6.408200e-02 32 67 9.484700e+00 3.640000e+00 1.135400e+03 8.188800e+02 0
-5.083000e-01 2.760400e+00 -3.607300e-01 -9.612300e-01 82 35 9.927400e+00 3.640000e+00 5.340700e+02 5.181700e+02 0
-6.875500e-01 2.842400e+00 -3.669800e-01 -9.612300e-01 85 35 9.751500e+00 3.640000e+00 4.982400e+02 5.145800e+02 0
2.960300e+00 6.956600e+00 -6.810600e-01 -9.612300e-01 218 35 1.040300e+01 3.640000e+00 9.557200e+02 4.532200e+02 0
2.855000e+00 7.046600e+00 -6.879300e-01 -9.612300e-01 219 35 1.177100e+01 3.640000e+00 9.424200e+02 4.525800e+02 0
2.868100e+00 7.084500e+00 -6.908200e-01 -9.612300e-01 220 35 1.195700e+01 3.640000e+00 9.422700e+02 4.523400e+02 0
2.881200e+00 7.120500e+00 -6.935700e-01 -9.612300e-01 221 35 1.110100e+01 3.640000e+00 9.422100e+02 4.521200e+02 0
1.697900e+00 4.097300e+00 -4.627800e-01 -9.291900e-01 128 36 1.029900e+01 3.640000e+00 939 4.843700e+02 0
1.676300e+00 4.120300e+00 -4.645400e-01 -9.291900e-01 129 36 1.053600e+01 3.640000e+00 9.341000e+02 4.839100e+02 0
1.654200e+00 4.085100e+00 -4.618500e-01 -9.291900e-01 130 36 1.025400e+01 3.640000e+00 9.326400e+02 4.845500e+02 0
1.858300e+00 4.483900e+00 -4.922900e-01 -9.291900e-01 140 36 1.045700e+01 3.640000e+00 9.410100e+02 4.777900e+02 0
1.909900e+00 4.482100e+00 -4.921600e-01 -9.291900e-01 141 36 1.047200e+01 3.640000e+00 9.487600e+02 4.778700e+02 0
2.664300e+00 7 -6.843700e-01 -9.291900e-01 218 36 1.050000e+01 3.640000e+00 9.261200e+02 4.527800e+02 0
2.736000e+00 7.077100e+00 -6.902600e-01 -9.291900e-01 219 36 1.177600e+01 3.640000e+00 9.302200e+02 4.523200e+02 0
2.808300e+00 7.098300e+00 -6.918800e-01 -9.291900e-01 220 36 1.198100e+01 3.640000e+00 9.362200e+02 4.522200e+02 0
2.701100e+00 7.174300e+00 -6.976700e-01 -9.291900e-01 221 36 1.119000e+01 3.640000e+00 9.237400e+02 4.516900e+02 0
-4.361000e+00 6.154100e+00 -6.198000e-01 -8.330700e-01 217 39 1.029800e+01 3.640000e+00 2.308000e+02 4.548100e+02 1
-4.203600e+00 6.296000e+00 -6.306300e-01 -8.330700e-01 218 39 1.012400e+01 3.640000e+00 2.564900e+02 4.538600e+02 1
-7.032700e+00 9.661500e+00 -8.875400e-01 -8.330700e-01 359 39 1.017400e+01 3.640000e+00 2.273500e+02 4.372700e+02 1
-7.052300e+00 1.005200e+01 -9.173500e-01 -8.330700e-01 360 39 1.068800e+01 3.640000e+00 2.439900e+02 4.361600e+02 1
-7.072000e+00 1.025600e+01 -9.329200e-01 -8.330700e-01 361 39 1.033700e+01 3.640000e+00 2.516300e+02 4.356100e+02 1
-4.223500e+00 6.119500e+00 -6.171500e-01 -8.010300e-01 216 40 1.167700e+01 3.640000e+00 242 4.551500e+02 1
-4.184200e+00 6.236800e+00 -6.261100e-01 -8.010300e-01 217 40 1.237700e+01 3.640000e+00 2.542900e+02 4.543000e+02 1
-4.203600e+00 6.283800e+00 -6.297000e-01 -8.010300e-01 218 40 1.223200e+01 3.640000e+00 2.556500e+02 4.539500e+02 1
-4.163500e+00 6.364400e+00 -6.358500e-01 -8.010300e-01 219 40 1.149100e+01 3.640000e+00 2.650200e+02 4.534000e+02 1
-4.242400e+00 6.361900e+00 -6.356600e-01 -8.010300e-01 220 40 1.070900e+01 3.640000e+00 2.572300e+02 4.533700e+02 1
-6.935000e+00 1.012100e+01 -9.226300e-01 -8.010300e-01 359 40 1.017200e+01 3.640000e+00 2.541100e+02 4.360100e+02 1
-7.150300e+00 1.023400e+01 -9.312500e-01 -8.010300e-01 360 40 1.042400e+01 3.640000e+00 2.460200e+02 4.356500e+02 1
-4.223500e+00 6.070400e+00 -6.134100e-01 -7.689800e-01 216 41 1.150900e+01 3.640000e+00 2.383900e+02 4.555200e+02 1
-4.184200e+00 6.219300e+00 -6.247700e-01 -7.689800e-01 217 41 1.219900e+01 3.640000e+00 2.530700e+02 4.544300e+02 1
-4.144400e+00 6.313000e+00 -6.319300e-01 -7.689800e-01 218 41 1.202200e+01 3.640000e+00 2.634300e+02 4.537700e+02 1
-4.163500e+00 6.359000e+00 -6.354400e-01 -7.689800e-01 219 41 1.121600e+01 3.640000e+00 2.646600e+02 4.534400e+02 1
-4.182600e+00 6.398100e+00 -6.384200e-01 -7.689800e-01 220 41 1.040300e+01 3.640000e+00 2.654200e+02 4.531600e+02 1
0 0 -1.500000e-01 -9.612300e-02 1 62 1.044900e+01 3.640000e+00 2167 -3.612800e+03 0
3.437800e-02 4.900000e-03 -1.503700e-01 -9.612300e-02 2 62 9.747000e+00 3.640000e+00 1.934300e+03 -3.828200e+03 0
0 0 -1.500000e-01 -6.408200e-02 1 63 9.810900e+00 3.640000e+00 2167 -3.612800e+03 0
6.711800e-01 8.043800e-01 -2.114100e-01 -6.408200e-02 31 63 9.998000e+00 3.640000e+00 1.143400e+03 8.309500e+02 0
6.851000e-01 8.377400e-01 -2.139500e-01 -6.408200e-02 32 63 9.879900e+00 3.640000e+00 1.135400e+03 8.122300e+02 0
0 0 -1.500000e-01 -3.204100e-02 1 64 1.553600e+01 3.640000e+00 2167 -3.612800e+03 0
-7.202900e-02 1.112600e-01 -1.584900e-01 -3.204100e-02 5 64 1.421800e+01 3.640000e+00 -3.212800e+03 7914 0
-1.585200e-01 1.861000e-01 -1.642100e-01 -3.204100e-02 8 64 1.337800e+01 3.640000e+00 -1.094300e+03 2.941800e+03 0
-2.008100e-01 1.902200e-01 -1.645200e-01 -3.204100e-02 9 64 1.271100e+01 3.640000e+00 -1.232700e+03 2.826900e+03 0
-2.480100e-01 1.864100e-01 -1.642300e-01 -3.204100e-02 10 64 1.271000e+01 3.640000e+00 -1.517200e+03 2.870800e+03 0
-2.619200e-01 2.224300e-01 -1.669800e-01 -3.204100e-02 11 64 1.216900e+01 3.640000e+00 -1.060300e+03 2.299100e+03 0
-2.881200e-01 2.316700e-01 -1.676900e-01 -3.204100e-02 12 64 1.177600e+01 3.640000e+00 -1.053700e+03 2.184300e+03 0
-3.077600e-01 2.769300e-01 -1.711400e-01 -3.204100e-02 13 64 1.101900e+01 3.640000e+00 -7.359700e+02 1.801700e+03 0
3.609700e-01 3.459300e-01 -1.764100e-01 -3.204100e-02 28 64 1.216800e+01 3.640000e+00 1.158600e+03 1.557200e+03 0
6.799100e-01 6.343300e-01 -1.984200e-01 -3.204100e-02 29 64 1.362700e+01 3.640000e+00 1.296200e+03 9.648900e+02 0
6.804600e-01 7.289600e-01 -2.056500e-01 -3.204100e-02 30 64 1.455000e+01 3.640000e+00 1.206600e+03 8.816000e+02 0
6.793700e-01 7.974500e-01 -2.108800e-01 -3.204100e-02 31 64 1.467500e+01 3.640000e+00 1.155500e+03 8.353200e+02 0
6.766400e-01 8.285100e-01 -2.132500e-01 -3.204100e-02 32 64 1.409800e+01 3.640000e+00 1.133500e+03 8.171400e+02 0
6.722700e-01 8.741700e-01 -2.167300e-01 -3.204100e-02 33 64 1.248800e+01 3.640000e+00 1104 7.930600e+02 0
7.235700e-01 7.649600e-01 -2.084000e-01 -3.204100e-02 35 64 1.009700e+01 3.640000e+00 1.221200e+03 8.572100e+02 0
-8.212400e-01 8.911000e-01 -2.180300e-01 -3.204100e-02 36 64 1.083300e+01 3.640000e+00 -5.384800e+01 7.589100e+02 0
-8.447100e-01 8.791800e-01 -2.171200e-01 -3.204100e-02 37 64 1.125000e+01 3.640000e+00 -8.175600e+01 7.635300e+02 0
-8.580800e-01 8.816500e-01 -2.173000e-01 -3.204100e-02 38 64 1.085800e+01 3.640000e+00 -8.922600e+01 7.622600e+02 0
