0 0 -1.500000e-01 0 1 65 1.655100e+01 3.030000e+00 2167 -3.612800e+03 0
-7.202900e-02 1.118500e-01 -1.571000e-01 0 5 65 1.526600e+01 3.030000e+00 -3.150300e+03 7.771400e+03 0
-1.585200e-01 1.860900e-01 -1.618200e-01 0 8 65 1.439500e+01 3.030000e+00 -1.093200e+03 2.927500e+03 0
-2.008100e-01 1.904900e-01 -1.621000e-01 0 9 65 1.373200e+01 3.030000e+00 -1.227100e+03 2.807500e+03 0
-2.480100e-01 1.857600e-01 -1.618000e-01 0 10 65 1.371100e+01 3.030000e+00 -1.527500e+03 2870 0
-2.619200e-01 2.221400e-01 -1.641100e-01 0 11 65 1.318400e+01 3.030000e+00 -1.062300e+03 2290 0
-2.881200e-01 2.345700e-01 -1.649000e-01 0 12 65 1.280500e+01 3.030000e+00 -1.022800e+03 2.141900e+03 0
-3.044900e-01 2.834500e-01 -1.680000e-01 0 13 65 1.206400e+01 3.030000e+00 -6.839100e+02 1750 0
-2.979400e-01 2.976700e-01 -1.689100e-01 0 14 65 1.140100e+01 3.030000e+00 -5.835700e+02 1.669200e+03 0
-1.184100e-01 3.598100e-01 -1.728500e-01 0 15 65 1.126200e+01 3.030000e+00 5.792200e+01 1.424600e+03 0
3.536000e-01 3.130100e-01 -1.698800e-01 0 28 65 1.317200e+01 3.030000e+00 1.204200e+03 1.710600e+03 0
6.799100e-01 6.397200e-01 -1.906300e-01 0 29 65 1.471400e+01 3.030000e+00 1.289700e+03 9.497500e+02 0
6.725500e-01 7.366600e-01 -1.967900e-01 0 30 65 1.563600e+01 3.030000e+00 1.191900e+03 8.663600e+02 0
6.793700e-01 7.975700e-01 -2.006600e-01 0 31 65 1.576700e+01 3.030000e+00 1155 8.260400e+02 0
6.766400e-01 8.316000e-01 -2.028200e-01 0 32 65 1.518100e+01 3.030000e+00 1.131200e+03 8.062800e+02 0
6.722700e-01 8.756000e-01 -2.056200e-01 0 33 65 1.354300e+01 3.030000e+00 1.102900e+03 7.832800e+02 0
6.932800e-01 8.728500e-01 -2.054400e-01 0 34 65 1.120000e+01 3.030000e+00 1.121900e+03 7.850400e+02 0
7.328400e-01 7.922300e-01 -2.003200e-01 0 35 65 1.112800e+01 3.030000e+00 1.208800e+03 8.305600e+02 0
-8.307900e-01 8.953200e-01 -2.068700e-01 0 36 65 1.175300e+01 3.030000e+00 -5.670200e+01 7.485300e+02 0
-8.447100e-01 9.036400e-01 -2.074000e-01 0 37 65 1.219900e+01 3.030000e+00 -5.932700e+01 7.449400e+02 0
-8.681700e-01 8.988500e-01 -2.070900e-01 0 38 65 1.184800e+01 3.030000e+00 -8.033700e+01 7.465000e+02 0
-9.123700e-01 8.953800e-01 -2.068700e-01 0 39 65 1.055500e+01 3.030000e+00 -1.151500e+02 7.472200e+02 0
0 0 -1.500000e-01 3.204100e-02 1 66 1.554000e+01 3.030000e+00 2167 -3.612800e+03 0
-7.202900e-02 1.121700e-01 -1.571200e-01 3.204100e-02 5 66 1.425100e+01 3.030000e+00 -3120 7.713400e+03 0
-1.585200e-01 1.860400e-01 -1.618200e-01 3.204100e-02 8 66 1.336900e+01 3.030000e+00 -1.093900e+03 2.928400e+03 0
-2.008100e-01 1.911600e-01 -1.621400e-01 3.204100e-02 9 66 1.273400e+01 3.030000e+00 -1.216700e+03 2.794400e+03 0
-2.480100e-01 1.864000e-01 -1.618400e-01 3.204100e-02 10 66 1.271500e+01 3.030000e+00 -1.515700e+03 2.856800e+03 0
-2.619200e-01 2.230700e-01 -1.641700e-01 3.204100e-02 11 66 1.219900e+01 3.030000e+00 -1.051900e+03 2.278800e+03 0
-2.881200e-01 2.372200e-01 -1.650700e-01 3.204100e-02 12 66 1.181400e+01 3.030000e+00 -9.965600e+02 2.115300e+03 0
-3.044900e-01 2.853000e-01 -1.681200e-01 3.204100e-02 13 66 1.106600e+01 3.030000e+00 -6.724100e+02 1.738700e+03 0
-3.014900e-01 2.845900e-01 -1.680800e-01 3.204100e-02 14 66 1.048700e+01 3.030000e+00 -6.688200e+02 1.743700e+03 0
-1.222300e-01 3.888000e-01 -1.747000e-01 3.204100e-02 15 66 1.028100e+01 3.030000e+00 1.083800e+02 1.331100e+03 0
3.536000e-01 3.091100e-01 -1.696300e-01 3.204100e-02 28 66 1.220300e+01 3.030000e+00 1.213100e+03 1.733400e+03 0
6.722700e-01 6.400000e-01 -1.906500e-01 3.204100e-02 29 66 1.370800e+01 3.030000e+00 1.280200e+03 9.491900e+02 0
6.725500e-01 7.342000e-01 -1.966400e-01 3.204100e-02 30 66 1.466800e+01 3.030000e+00 1.193900e+03 8.681500e+02 0
6.793700e-01 7.975600e-01 -2.006600e-01 3.204100e-02 31 66 1.480600e+01 3.030000e+00 1155 8.260500e+02 0
6.851000e-01 8.265800e-01 -2.025000e-01 3.204100e-02 32 66 1.421700e+01 3.030000e+00 1.141800e+03 8.092500e+02 0
6.810000e-01 8.731800e-01 -2.054600e-01 3.204100e-02 33 66 1.253400e+01 3.030000e+00 1.111500e+03 7.846400e+02 0
7.112900e-01 8.516700e-01 -2.041000e-01 3.204100e-02 34 66 1.059600e+01 3.030000e+00 1.149500e+03 7.961900e+02 0
7.235700e-01 7.778200e-01 -1.994100e-01 3.204100e-02 35 66 1.021000e+01 3.030000e+00 1.210800e+03 8.394500e+02 0
-8.307900e-01 8.956000e-01 -2.068900e-01 3.204100e-02 36 66 1.099600e+01 3.030000e+00 -5.645600e+01 7.484200e+02 0
-8.447100e-01 9.078100e-01 -2.076600e-01 3.204100e-02 37 66 1.137700e+01 3.030000e+00 -5.568500e+01 7.432700e+02 0
-8.681700e-01 9.066500e-01 -2.075900e-01 3.204100e-02 38 66 1.098900e+01 3.030000e+00 -7.333000e+01 7.433700e+02 0
0 0 -1.500000e-01 6.408200e-02 1 67 9.381000e+00 3.030000e+00 2167 -3.612800e+03 0
6.567200e-01 7.258900e-01 -1.961100e-01 6.408200e-02 30 67 1.044200e+01 3.030000e+00 1184 8.738800e+02 0
6.875500e-01 7.904700e-01 -2.002100e-01 6.408200e-02 31 67 1.065700e+01 3.030000e+00 1.167400e+03 8.305900e+02 0
7.273900e-01 7.718000e-01 -1.990200e-01 6.408200e-02 32 67 1.047800e+01 3.030000e+00 1.219100e+03 8.434700e+02 0
8.032400e-01 7.738900e-01 -1.991600e-01 6.408200e-02 33 67 9.621300e+00 3.030000e+00 1.291100e+03 8.439700e+02 0
0 0 -1.500000e-01 9.612300e-02 1 68 9.921300e+00 3.030000e+00 2167 -3.612800e+03 0
6.646300e-01 7.572500e-01 -1.981000e-01 9.612300e-02 30 68 9.715600e+00 3.030000e+00 1.168600e+03 8.516400e+02 0
6.711800e-01 8.000700e-01 -2.008200e-01 9.612300e-02 31 68 1.001300e+01 3.030000e+00 1.145800e+03 8.243500e+02 0
7.104700e-01 7.854700e-01 -1.998900e-01 9.612300e-02 32 68 9.878400e+00 3.030000e+00 1.192600e+03 8.342600e+02 0
2.631800e+00 1.266400e+01 -9.544100e-01 -9.612300e-01 372 35 1.072800e+01 3.030000e+00 8.191300e+02 4.247100e+02 0
2.638900e+00 1.271500e+01 -9.576500e-01 -9.612300e-01 373 35 1.123600e+01 3.030000e+00 8.189800e+02 4.246100e+02 0
2.544200e+00 1.273900e+01 -9.591700e-01 -9.612300e-01 374 35 1.070700e+01 3.030000e+00 8.139200e+02 4.245500e+02 0
1.156800e-01 1.841200e+00 -2.669500e-01 -9.291900e-01 54 36 1.045700e+01 3.030000e+00 6.738600e+02 5.691000e+02 0
1.326000e-01 1.877800e+00 -2.692800e-01 -9.291900e-01 55 36 1.045200e+01 3.030000e+00 6.802500e+02 5.657400e+02 0
1.023100e+00 4.240200e+00 -4.193300e-01 -9.291900e-01 126 36 1.026600e+01 3.030000e+00 8.250700e+02 4.728900e+02 0
2.530600e+00 1.270500e+01 -9.570200e-01 -9.291900e-01 372 36 1.040900e+01 3.030000e+00 8.135500e+02 4.246100e+02 0
2.334400e+00 1.277400e+01 -9.613800e-01 -9.291900e-01 373 36 1.079300e+01 3.030000e+00 8.029500e+02 4.244400e+02 0
2.238900e+00 1.283100e+01 -9.650300e-01 -9.291900e-01 374 36 1.021300e+01 3.030000e+00 7.976400e+02 4.243100e+02 0
-7.093800e-02 1.787400e+00 -2.635300e-01 -8.971500e-01 53 37 1.004400e+01 3.030000e+00 6.041200e+02 5.735800e+02 0
-7.230200e-02 1.830600e+00 -2.662800e-01 -8.971500e-01 54 37 1.036300e+01 3.030000e+00 6.058400e+02 5.693200e+02 0
3.383200e-02 2.153100e+00 -2.867600e-01 -8.971500e-01 63 37 1.015600e+01 3.030000e+00 6.518500e+02 5.435100e+02 0
-2.100900e-01 1.906600e+00 -2.711000e-01 -8.651100e-01 56 38 9.900800e+00 3.030000e+00 5.620600e+02 5.618000e+02 0
-1.986300e-01 1.944500e+00 -2.735100e-01 -8.651100e-01 57 38 1.006000e+01 3.030000e+00 5.685800e+02 5.585900e+02 0
1.664300e-02 2.126700e+00 -2.850900e-01 -8.651100e-01 62 38 1.007700e+01 3.030000e+00 6.459900e+02 5.453000e+02 0
1.691600e-02 2.153200e+00 -2.867700e-01 -8.651100e-01 63 38 1.038000e+01 3.030000e+00 6.466900e+02 5.434500e+02 0
0 2.184700e+00 -2.887700e-01 -8.651100e-01 64 38 1.019000e+01 3.030000e+00 6.423100e+02 5.412700e+02 0
-4.177700e+00 1.141300e+01 -8.749300e-01 -8.651100e-01 349 38 1.058500e+01 3.030000e+00 4.529600e+02 4.258000e+02 1
-4.189700e+00 1.144000e+01 -8.766400e-01 -8.651100e-01 350 38 1.052000e+01 3.030000e+00 4.528700e+02 4.257300e+02 1
-4.177700e+00 1.141200e+01 -8.748600e-01 -8.330700e-01 349 39 1.053600e+01 3.030000e+00 4.529400e+02 4.258000e+02 1
-4.189700e+00 1.143900e+01 -8.766300e-01 -8.330700e-01 350 39 1.049500e+01 3.030000e+00 4.528600e+02 4.257400e+02 1
2.728400e-02 8.722000e-01 -2.054000e-01 -7.049000e-01 26 43 9.558400e+00 3.030000e+00 5.790100e+02 7.731000e+02 0
5.675000e-02 9.052800e-01 -2.075000e-01 -7.049000e-01 27 43 1.064200e+01 3.030000e+00 6.060500e+02 7.587400e+02 0
6.630000e-02 9.402800e-01 -2.097300e-01 -7.049000e-01 28 43 1.074800e+01 3.030000e+00 6.166100e+02 7.443900e+02 0
7.639500e-02 9.740000e-01 -2.118700e-01 -7.049000e-01 29 43 9.868700e+00 3.030000e+00 6.266400e+02 7.316200e+02 0
6.384400e-02 9.056700e-01 -2.075300e-01 -6.728600e-01 27 44 1.039600e+01 3.030000e+00 6.115100e+02 7.586900e+02 0
6.630000e-02 9.405200e-01 -2.097400e-01 -6.728600e-01 28 44 1.042400e+01 3.030000e+00 6.166300e+02 7.442900e+02 0
6.875500e-02 9.752900e-01 -2.119500e-01 -6.728600e-01 29 44 9.541100e+00 3.030000e+00 6.213500e+02 7.310400e+02 0
0 0 -1.500000e-01 -3.204100e-02 1 64 1.553500e+01 3.030000e+00 2167 -3.612800e+03 0
-7.093800e-02 1.122900e-01 -1.571300e-01 -3.204100e-02 5 64 1.424500e+01 3.030000e+00 -3.095100e+03 7.698400e+03 0
-1.585200e-01 1.861000e-01 -1.618200e-01 -3.204100e-02 8 64 1.336900e+01 3.030000e+00 -1.093100e+03 2.927300e+03 0
-2.008100e-01 1.899600e-01 -1.620700e-01 -3.204100e-02 9 64 1.271900e+01 3.030000e+00 -1.235400e+03 2.817900e+03 0
-2.480100e-01 1.846600e-01 -1.617300e-01 -3.204100e-02 10 64 1.270000e+01 3.030000e+00 -1548 2.892700e+03 0
-2.619200e-01 2.198500e-01 -1.639700e-01 -3.204100e-02 11 64 1.224200e+01 3.030000e+00 -1.088200e+03 2.317900e+03 0
-2.881200e-01 2.304700e-01 -1.646400e-01 -3.204100e-02 12 64 1.177100e+01 3.030000e+00 -1.065300e+03 2185 0
-3.077600e-01 2.785400e-01 -1.676900e-01 -3.204100e-02 13 64 1.102400e+01 3.030000e+00 -7.243900e+02 1.780100e+03 0
3.609700e-01 2.990400e-01 -1.690000e-01 -3.204100e-02 28 64 1.212300e+01 3.030000e+00 1.260200e+03 1798 0
6.799100e-01 6.431600e-01 -1.908500e-01 -3.204100e-02 29 64 1.367800e+01 3.030000e+00 1286 9.463000e+02 0
6.804600e-01 7.310900e-01 -1.964400e-01 -3.204100e-02 30 64 1.459100e+01 3.030000e+00 1.204400e+03 8.706600e+02 0
6.793700e-01 7.974800e-01 -2.006600e-01 -3.204100e-02 31 64 1.472300e+01 3.030000e+00 1.155100e+03 8.261000e+02 0
6.766400e-01 8.296500e-01 -2.027000e-01 -3.204100e-02 32 64 1.414600e+01 3.030000e+00 1.132400e+03 8.073600e+02 0
6.722700e-01 8.724600e-01 -2.054200e-01 -3.204100e-02 33 64 1.252600e+01 3.030000e+00 1.104600e+03 7.848300e+02 0
-8.116900e-01 9.132000e-01 -2.080100e-01 -3.204100e-02 36 64 1.033500e+01 3.030000e+00 -2.774500e+01 7.416500e+02 0
-8.348900e-01 9.096900e-01 -2.077800e-01 -3.204100e-02 37 64 1.093700e+01 3.030000e+00 -4.710600e+01 7.426800e+02 0
-8.782700e-01 8.925700e-01 -2.067000e-01 -3.204100e-02 38 64 1.067600e+01 3.030000e+00 -9.333600e+01 7.489100e+02 0
