0 0 -1.500000e-01 0 1 65 1.653000e+01 3.510000e+00 2167 -3.612800e+03 0
-7.202900e-02 1.117600e-01 -1.582300e-01 0 5 65 1.525900e+01 3.510000e+00 -3.162900e+03 7.813100e+03 0
-1.585200e-01 1.860800e-01 -1.637000e-01 0 8 65 1.442600e+01 3.510000e+00 -1.094300e+03 2.939100e+03 0
-2.008100e-01 1.907900e-01 -1.640400e-01 0 9 65 1.372400e+01 3.510000e+00 -1.223600e+03 2.812800e+03 0
-2.480100e-01 1.864000e-01 -1.637200e-01 0 10 65 1.368600e+01 3.510000e+00 -1.517100e+03 2.868100e+03 0
-2.619200e-01 2.227200e-01 -1.663900e-01 0 11 65 1.314800e+01 3.510000e+00 -1.056700e+03 2.292800e+03 0
-2.881200e-01 2.333500e-01 -1.671800e-01 0 12 65 1.276800e+01 3.510000e+00 -1.036200e+03 2.164100e+03 0
-3.077600e-01 2.792000e-01 -1.705500e-01 0 13 65 1.201200e+01 3.510000e+00 -7.207100e+02 1.784600e+03 0
-4.327200e-01 7.871900e-02 -1.557900e-01 0 14 65 1.141000e+01 3.510000e+00 -19326 15858 0
-1.145900e-01 4.371700e-01 -1.821800e-01 0 15 65 1.123700e+01 3.510000e+00 1.982300e+02 1.216900e+03 0
3.536000e-01 3.382000e-01 -1.748900e-01 0 28 65 1.318800e+01 3.510000e+00 1.153700e+03 1.588800e+03 0
6.799100e-01 6.395700e-01 -1.970800e-01 0 29 65 1.471800e+01 3.510000e+00 1.290300e+03 9.574700e+02 0
6.725500e-01 7.378400e-01 -2.043100e-01 0 30 65 1.566500e+01 3.510000e+00 1.191400e+03 8.728400e+02 0
6.793700e-01 7.974800e-01 -2.087000e-01 0 31 65 1.584500e+01 3.510000e+00 1.155400e+03 8.333400e+02 0
6.766400e-01 8.305100e-01 -2.111300e-01 0 32 65 1.533000e+01 3.510000e+00 1.132200e+03 8.140700e+02 0
6.810000e-01 8.647300e-01 -2.136500e-01 0 33 65 1.386100e+01 3.510000e+00 1.116400e+03 7.960200e+02 0
6.212500e-01 9.703500e-01 -2.214200e-01 0 34 65 1.109300e+01 3.510000e+00 1021 7.480300e+02 0
7.699500e-01 7.450300e-01 -2.048400e-01 0 35 65 1.087800e+01 3.510000e+00 1.284400e+03 8.703100e+02 0
-8.403400e-01 8.862900e-01 -2.152400e-01 0 36 65 1.187400e+01 3.510000e+00 -7.195500e+01 7.587900e+02 0
-8.545300e-01 8.928500e-01 -2.157200e-01 0 37 65 1.230800e+01 3.510000e+00 -7.624500e+01 7.558300e+02 0
-8.782700e-01 8.836300e-01 -2.150400e-01 0 38 65 1.198000e+01 3.510000e+00 -1.019800e+02 7.592800e+02 0
-9.123700e-01 8.857000e-01 -2.151900e-01 0 39 65 1.071900e+01 3.510000e+00 -1.247100e+02 7.578600e+02 0
0 0 -1.500000e-01 3.204100e-02 1 66 1.552600e+01 3.510000e+00 2167 -3.612800e+03 0
-7.202900e-02 1.118200e-01 -1.582300e-01 3.204100e-02 5 66 1.423500e+01 3.510000e+00 -3.157100e+03 7.802100e+03 0
-1.585200e-01 1.860700e-01 -1.637000e-01 3.204100e-02 8 66 1.344200e+01 3.510000e+00 -1.094600e+03 2.939400e+03 0
-2.008100e-01 1.905200e-01 -1.640200e-01 3.204100e-02 9 66 1.270900e+01 3.510000e+00 -1.227700e+03 2818 0
-2.480100e-01 1.863800e-01 -1.637200e-01 3.204100e-02 10 66 1.264500e+01 3.510000e+00 -1.517400e+03 2.868400e+03 0
-2.619200e-01 2.232800e-01 -1.664300e-01 3.204100e-02 11 66 1.204500e+01 3.510000e+00 -1.050600e+03 2.286200e+03 0
-2.881200e-01 2.359500e-01 -1.673700e-01 3.204100e-02 12 66 1.178200e+01 3.510000e+00 -1010 2.137500e+03 0
-3.110400e-01 2.763400e-01 -1.703400e-01 3.204100e-02 13 66 1.112500e+01 3.510000e+00 -7.488100e+02 1.802400e+03 0
3.536000e-01 3.829800e-01 -1.781900e-01 3.204100e-02 28 66 1.222200e+01 3.510000e+00 1.084400e+03 1.410600e+03 0
6.722700e-01 6.431700e-01 -1.973400e-01 3.204100e-02 29 66 1.374800e+01 3.510000e+00 1.277200e+03 9.535500e+02 0
6.725500e-01 7.362000e-01 -2.041900e-01 3.204100e-02 30 66 1.470300e+01 3.510000e+00 1.192600e+03 8.740300e+02 0
6.711800e-01 8.044600e-01 -2.092100e-01 3.204100e-02 31 66 1.489700e+01 3.510000e+00 1.143300e+03 8.289400e+02 0
6.766400e-01 8.327900e-01 -2.113000e-01 3.204100e-02 32 66 1.440400e+01 3.510000e+00 1.130800e+03 8.128100e+02 0
6.897400e-01 8.638000e-01 -2.135800e-01 3.204100e-02 33 66 1.298200e+01 3.510000e+00 1.124300e+03 7.966600e+02 0
6.752700e-01 9.259800e-01 -2.181600e-01 3.204100e-02 34 66 1.011500e+01 3.510000e+00 1.080700e+03 7.671600e+02 0
-8.403400e-01 8.867300e-01 -2.152700e-01 3.204100e-02 36 66 1.088200e+01 3.510000e+00 -7.155700e+01 7.586100e+02 0
-8.545300e-01 9.079400e-01 -2.168300e-01 3.204100e-02 37 66 1.127700e+01 3.510000e+00 -6.277700e+01 7.497300e+02 0
-8.782700e-01 9.053300e-01 -2.166400e-01 3.204100e-02 38 66 1.091000e+01 3.510000e+00 -8.192000e+01 7.504000e+02 0
0 0 -1.500000e-01 6.408200e-02 1 67 1.039500e+01 3.510000e+00 2167 -3.612800e+03 0
8.185100e-04 3.462600e-02 -1.525500e-01 6.408200e-02 2 67 9.892600e+00 3.510000e+00 3.446600e+03 -7.140500e+03 0
7.093800e-02 6.387900e-01 -1.970200e-01 6.408200e-02 21 67 9.299800e+00 3.510000e+00 5.804200e+02 9.360800e+02 0
6.302600e-02 6.983300e-01 -2.014000e-01 6.408200e-02 22 67 9.979700e+00 3.510000e+00 5.832500e+02 8.851700e+02 0
6.002400e-02 7.362600e-01 -2.041900e-01 6.408200e-02 23 67 9.717100e+00 3.510000e+00 5.867400e+02 8.576100e+02 0
6.488100e-01 7.721400e-01 -2.068300e-01 6.408200e-02 30 67 1.022300e+01 3.510000e+00 1.143200e+03 8.485800e+02 0
6.711800e-01 8.008300e-01 -2.089500e-01 6.408200e-02 31 67 1.066000e+01 3.510000e+00 1.145600e+03 8.311200e+02 0
7.020100e-01 8.075700e-01 -2.094400e-01 6.408200e-02 32 67 1.068700e+01 3.510000e+00 1.169600e+03 8.278000e+02 0
7.508500e-01 8.221500e-01 -2.105100e-01 6.408200e-02 33 67 1.013100e+01 3.510000e+00 1.204100e+03 8.203900e+02 0
0 0 -1.500000e-01 9.612300e-02 1 68 9.727000e+00 3.510000e+00 2167 -3.612800e+03 0
7.639500e-02 6.616100e-01 -1.987000e-01 9.612300e-02 21 68 1.022700e+01 3.510000e+00 5.907600e+02 9.156100e+02 0
7.448500e-02 7.068400e-01 -2.020300e-01 9.612300e-02 22 68 1.102800e+01 3.510000e+00 5.962500e+02 8.790400e+02 0
6.602700e-02 7.449500e-01 -2.048300e-01 9.612300e-02 23 68 1.087100e+01 3.510000e+00 5.938200e+02 8.519000e+02 0
5.020200e-02 7.811800e-01 -2.075000e-01 9.612300e-02 24 68 9.790000e+00 3.510000e+00 5.847700e+02 8.286600e+02 0
8.021400e-02 7.053600e-01 -2.019200e-01 1.281600e-01 22 69 1.005200e+01 3.510000e+00 6.017900e+02 8.803200e+02 0
6.602700e-02 7.491600e-01 -2.051400e-01 1.281600e-01 23 69 9.861700e+00 3.510000e+00 5.944400e+02 8.491200e+02 0
2.497000e+00 1.202300e+01 -1.034900e+00 -1.025300e+00 353 33 1.055100e+01 3.510000e+00 8.187700e+02 4.322600e+02 0
2.407800e+00 1.208300e+01 -1.039300e+00 -1.025300e+00 354 33 1.091200e+01 3.510000e+00 8.133500e+02 4.321100e+02 0
2.318000e+00 1.214300e+01 -1.043800e+00 -1.025300e+00 355 33 1.029600e+01 3.510000e+00 8.079600e+02 4.319600e+02 0
8.307900e-01 3.564900e+00 -4.124000e-01 -9.932700e-01 106 34 1.060800e+01 3.510000e+00 8.152100e+02 4.931600e+02 0
8.676300e-01 3.591900e+00 -4.143800e-01 -9.932700e-01 107 34 1.107100e+01 3.510000e+00 8.210300e+02 4.925400e+02 0
8.758100e-01 3.627400e+00 -4.169900e-01 -9.932700e-01 108 34 1.063500e+01 3.510000e+00 8.212400e+02 4.916900e+02 0
2.208900e+00 1.208300e+01 -1.039400e+00 -9.932700e-01 353 34 1.055000e+01 3.510000e+00 8.026700e+02 4.320600e+02 0
2.215200e+00 1.212700e+01 -1.042600e+00 -9.932700e-01 354 34 1.100300e+01 3.510000e+00 8.026100e+02 4.319700e+02 0
2.318000e+00 1.212900e+01 -1.042700e+00 -9.932700e-01 355 34 1.044100e+01 3.510000e+00 8.080900e+02 4.319900e+02 0
8.307900e-01 3.548300e+00 -4.111700e-01 -9.612300e-01 106 35 1.025400e+01 3.510000e+00 8.158000e+02 4.935700e+02 0
8.676300e-01 3.596900e+00 -4.147500e-01 -9.612300e-01 107 35 1.043300e+01 3.510000e+00 8.208500e+02 4.924200e+02 0
-4.515500e+00 1.056400e+01 -9.275400e-01 -8.971500e-01 332 37 1.013300e+01 3.510000e+00 4.137700e+02 4.338700e+02 1
-4.438500e+00 1.070200e+01 -9.377400e-01 -8.971500e-01 333 37 1.027500e+01 3.510000e+00 4.218500e+02 4.335400e+02 1
-4.425200e+00 1.067800e+01 -9.359800e-01 -8.651100e-01 332 38 1.083400e+01 3.510000e+00 4.220200e+02 4.336100e+02 1
-4.438500e+00 1.071100e+01 -9.383800e-01 -8.651100e-01 333 38 1.107300e+01 3.510000e+00 4.220700e+02 4.335200e+02 1
-4.633600e+00 1.066500e+01 -9.350000e-01 -8.651100e-01 334 38 1.046900e+01 3.510000e+00 4.095200e+02 4.335800e+02 1
1.069500e-01 4.261300e-01 -1.813700e-01 -1.922500e-01 15 59 9.893600e+00 3.510000e+00 5.764600e+02 1.261100e+03 0
1.145900e-01 4.733600e-01 -1.848400e-01 -1.922500e-01 16 59 1.100900e+01 3.510000e+00 6.027200e+02 1.159700e+03 0
1.178700e-01 5.098200e-01 -1.875300e-01 -1.922500e-01 17 59 1.101700e+01 3.510000e+00 6.152300e+02 1.096300e+03 0
1.252300e-01 5.328300e-01 -1.892200e-01 -1.922500e-01 18 59 9.884300e+00 3.510000e+00 6.294900e+02 1.061800e+03 0
0 0 -1.500000e-01 -1.602100e-01 1 60 9.535300e+00 3.510000e+00 2167 -3.612800e+03 0
9.549300e-02 4.219200e-01 -1.810600e-01 -1.602100e-01 15 60 9.830100e+00 3.510000e+00 554 1.270500e+03 0
1.105000e-01 4.718200e-01 -1.847300e-01 -1.602100e-01 16 60 1.096500e+01 3.510000e+00 5.957900e+02 1.162300e+03 0
1.178700e-01 5.080000e-01 -1.873900e-01 -1.602100e-01 17 60 1.095200e+01 3.510000e+00 6.149000e+02 1.099200e+03 0
1.252300e-01 5.357300e-01 -1.894300e-01 -1.602100e-01 18 60 9.708800e+00 3.510000e+00 6.299000e+02 1.057600e+03 0
0 0 -1.500000e-01 -6.408200e-02 1 63 9.707600e+00 3.510000e+00 2167 -3.612800e+03 0
-3.301300e-02 5.231900e-03 -1.503900e-01 -6.408200e-02 2 63 9.545000e+00 3.510000e+00 2.615400e+03 -3.988300e+03 0
6.804600e-01 7.487300e-01 -2.051100e-01 -6.408200e-02 30 63 9.903800e+00 3.510000e+00 1191 8.652700e+02 0
6.711800e-01 7.943300e-01 -2.084700e-01 -6.408200e-02 31 63 1.005500e+01 3.510000e+00 1.149800e+03 8.350700e+02 0
6.681800e-01 8.117900e-01 -2.097500e-01 -6.408200e-02 32 63 9.675900e+00 3.510000e+00 1136 8.245500e+02 0
0 0 -1.500000e-01 -3.204100e-02 1 64 1.550800e+01 3.510000e+00 2167 -3.612800e+03 0
-7.093800e-02 1.121700e-01 -1.582600e-01 -3.204100e-02 5 64 1.423900e+01 3.510000e+00 -3.110200e+03 7.745100e+03 0
-1.585200e-01 1.860900e-01 -1.637000e-01 -3.204100e-02 8 64 1.338600e+01 3.510000e+00 -1.094300e+03 2939 0
-2.008100e-01 1.899800e-01 -1.639800e-01 -3.204100e-02 9 64 1.268900e+01 3.510000e+00 -1.236200e+03 2.828600e+03 0
-2.480100e-01 1.851500e-01 -1.636300e-01 -3.204100e-02 10 64 1.267600e+01 3.510000e+00 -1.540100e+03 2.893700e+03 0
-2.619200e-01 2.217000e-01 -1.663200e-01 -3.204100e-02 11 64 1.210100e+01 3.510000e+00 -1.068100e+03 2.305100e+03 0
-2.881200e-01 2.315400e-01 -1.670400e-01 -3.204100e-02 12 64 1.175100e+01 3.510000e+00 -1.054800e+03 2.183100e+03 0
-3.044900e-01 2.825300e-01 -1.708000e-01 -3.204100e-02 13 64 1.095100e+01 3.510000e+00 -6.903900e+02 1.764400e+03 0
3.536000e-01 2.723500e-01 -1.700500e-01 -3.204100e-02 28 64 1.212300e+01 3.510000e+00 1316 2.006200e+03 0
6.799100e-01 6.419700e-01 -1.972500e-01 -3.204100e-02 29 64 1.366100e+01 3.510000e+00 1.287700e+03 9.550500e+02 0
6.725500e-01 7.391800e-01 -2.044100e-01 -3.204100e-02 30 64 1.461300e+01 3.510000e+00 1.190300e+03 8.718700e+02 0
6.793700e-01 7.973900e-01 -2.086900e-01 -3.204100e-02 31 64 1.479500e+01 3.510000e+00 1.155500e+03 8.333900e+02 0
6.766400e-01 8.294000e-01 -2.110500e-01 -3.204100e-02 32 64 1.427400e+01 3.510000e+00 1.132900e+03 8.146900e+02 0
6.810000e-01 8.602500e-01 -2.133200e-01 -3.204100e-02 33 64 1.276400e+01 3.510000e+00 1.118900e+03 7.983000e+02 0
6.122500e-01 9.457300e-01 -2.196100e-01 -3.204100e-02 34 64 1.002900e+01 3.510000e+00 1.023600e+03 7.577600e+02 0
7.699500e-01 7.567100e-01 -2.057000e-01 -3.204100e-02 35 64 1.014600e+01 3.510000e+00 1.273900e+03 8.620600e+02 0
-8.307900e-01 8.951000e-01 -2.158800e-01 -3.204100e-02 36 64 1.093500e+01 3.510000e+00 -5.713700e+01 7.552900e+02 0
-8.447100e-01 8.958800e-01 -2.159400e-01 -3.204100e-02 37 64 1.128500e+01 3.510000e+00 -6.645300e+01 7.547500e+02 0
-8.782700e-01 8.713600e-01 -2.141400e-01 -3.204100e-02 38 64 1.094300e+01 3.510000e+00 -1.138000e+02 7.645200e+02 0
