0 0 -1.500000e-01 0 1 65 1.657500e+01 3.360000e+00 2167 -3.612800e+03 0
-7.202900e-02 1.120700e-01 -1.579000e-01 0 5 65 1.526800e+01 3.360000e+00 -3.131900e+03 7.748300e+03 0
-1.585200e-01 1.860700e-01 -1.631100e-01 0 8 65 1.440800e+01 3.360000e+00 -1.094200e+03 2.935700e+03 0
-2.008100e-01 1.912800e-01 -1.634800e-01 0 9 65 1.373300e+01 3.360000e+00 -1.215700e+03 2.799900e+03 0
-2.480100e-01 1.865300e-01 -1.631400e-01 0 10 65 1.370300e+01 3.360000e+00 -1.514200e+03 2.861800e+03 0
-2.619200e-01 2.224900e-01 -1.656700e-01 0 11 65 1.319700e+01 3.360000e+00 -1059 2.292500e+03 0
-2.881200e-01 2.349800e-01 -1.665500e-01 0 12 65 1.279100e+01 3.360000e+00 -1.019300e+03 2.144300e+03 0
-3.110400e-01 2.768900e-01 -1.695100e-01 0 13 65 1.208800e+01 3.360000e+00 -7.448500e+02 1.796100e+03 0
-3.014900e-01 3.104200e-01 -1.718700e-01 0 14 65 1.142000e+01 3.360000e+00 -5.264100e+02 1.608700e+03 0
-1.222300e-01 3.038900e-01 -1.714100e-01 0 15 65 1.131500e+01 3.360000e+00 -1.043400e+02 1.674700e+03 0
3.609700e-01 3.070300e-01 -1.716300e-01 0 28 65 1.317300e+01 3.360000e+00 1.240100e+03 1754 0
6.799100e-01 6.389600e-01 -1.950200e-01 0 29 65 1.471000e+01 3.360000e+00 1.290800e+03 9.557200e+02 0
6.725500e-01 7.382700e-01 -2.020100e-01 0 30 65 1.565500e+01 3.360000e+00 1.190900e+03 8.702300e+02 0
6.711800e-01 8.043000e-01 -2.066600e-01 0 31 65 1.582500e+01 3.360000e+00 1.143300e+03 8.267800e+02 0
6.766400e-01 8.299200e-01 -2.084700e-01 0 32 65 1.530400e+01 3.360000e+00 1.132500e+03 8.121600e+02 0
6.810000e-01 8.662300e-01 -2.110300e-01 0 33 65 1.382100e+01 3.360000e+00 1.115500e+03 7.930200e+02 0
7.421200e-01 7.396700e-01 -2.021100e-01 0 35 65 1.091900e+01 3.360000e+00 1.260700e+03 8.711200e+02 0
-8.212400e-01 9.034000e-01 -2.136500e-01 0 36 65 1.179900e+01 3.360000e+00 -4.297300e+01 7.499800e+02 0
-8.447100e-01 9.023900e-01 -2.135800e-01 0 37 65 1.221700e+01 3.360000e+00 -6.059900e+01 7.500200e+02 0
-8.681700e-01 8.994700e-01 -2.133700e-01 0 38 65 1.178900e+01 3.360000e+00 -7.995100e+01 7.508300e+02 0
-9.020000e-01 9.171500e-01 -2.146200e-01 0 39 65 1.037700e+01 3.360000e+00 -8.792100e+01 7.433000e+02 0
0 0 -1.500000e-01 3.204100e-02 1 66 1.555400e+01 3.360000e+00 2167 -3.612800e+03 0
-7.202900e-02 1.129100e-01 -1.579500e-01 3.204100e-02 5 66 1.426800e+01 3.360000e+00 -3.054700e+03 7.600100e+03 0
-1.585200e-01 1.859900e-01 -1.631000e-01 3.204100e-02 8 66 1.340700e+01 3.360000e+00 -1.095300e+03 2.937400e+03 0
-2.008100e-01 1.919700e-01 -1.635200e-01 3.204100e-02 9 66 1.273600e+01 3.360000e+00 -1.205100e+03 2.786600e+03 0
-2.480100e-01 1.872600e-01 -1.631900e-01 3.204100e-02 10 66 1.270500e+01 3.360000e+00 -1.500900e+03 2847 0
-2.619200e-01 2.229400e-01 -1.657100e-01 3.204100e-02 11 66 1.224000e+01 3.360000e+00 -1054 2.287100e+03 0
-2.881200e-01 2.370000e-01 -1.667000e-01 3.204100e-02 12 66 1.183700e+01 3.360000e+00 -9.993300e+02 2124 0
-3.077600e-01 2.810000e-01 -1.698000e-01 3.204100e-02 13 66 1.113900e+01 3.360000e+00 -7.087900e+02 1.770500e+03 0
3.536000e-01 3.580400e-01 -1.752300e-01 3.204100e-02 28 66 1.214800e+01 3.360000e+00 1120 1.499800e+03 0
6.799100e-01 6.365800e-01 -1.948500e-01 3.204100e-02 29 66 1.367100e+01 3.360000e+00 1.293400e+03 9.581500e+02 0
6.725500e-01 7.377400e-01 -2.019800e-01 3.204100e-02 30 66 1.462000e+01 3.360000e+00 1.191300e+03 8.706200e+02 0
6.711800e-01 8.043100e-01 -2.066700e-01 3.204100e-02 31 66 1.481300e+01 3.360000e+00 1.143300e+03 8.267700e+02 0
6.766400e-01 8.309000e-01 -2.085400e-01 3.204100e-02 32 66 1.432800e+01 3.360000e+00 1.131900e+03 8.116100e+02 0
6.810000e-01 8.682200e-01 -2.111700e-01 3.204100e-02 33 66 1.291100e+01 3.360000e+00 1.114400e+03 7.920200e+02 0
7.421200e-01 7.328800e-01 -2.016300e-01 3.204100e-02 35 66 1.009600e+01 3.360000e+00 1.266800e+03 8.761200e+02 0
-8.116900e-01 9.137300e-01 -2.143700e-01 3.204100e-02 36 66 1.078100e+01 3.360000e+00 -2.746200e+01 7.460200e+02 0
-8.348900e-01 9.224600e-01 -2.149900e-01 3.204100e-02 37 66 1.117700e+01 3.360000e+00 -3.647000e+01 7.422700e+02 0
-8.782700e-01 9.091000e-01 -2.140500e-01 3.204100e-02 38 66 1.079000e+01 3.360000e+00 -7.845400e+01 7.468200e+02 0
0 0 -1.500000e-01 6.408200e-02 1 67 9.604800e+00 3.360000e+00 2167 -3.612800e+03 0
2.728400e-03 3.452400e-02 -1.524300e-01 6.408200e-02 2 67 9.465700e+00 3.360000e+00 3.404600e+03 -7108 0
8.730800e-02 6.605700e-01 -1.965400e-01 6.408200e-02 21 67 9.872700e+00 3.360000e+00 6.023900e+02 9.146100e+02 0
9.167400e-02 6.995900e-01 -1.992900e-01 6.408200e-02 22 67 1.037100e+01 3.360000e+00 6.125700e+02 8.827900e+02 0
8.403400e-02 7.417300e-01 -2.022600e-01 6.408200e-02 23 67 9.851100e+00 3.360000e+00 6.104500e+02 8.522900e+02 0
6.220700e-01 8.380200e-01 -2.090400e-01 6.408200e-02 31 67 1.013900e+01 3.360000e+00 1.079900e+03 8.065700e+02 0
0 0 -1.500000e-01 9.612300e-02 1 68 1.024500e+01 3.360000e+00 2167 -3.612800e+03 0
-1.364200e-03 3.477200e-02 -1.524500e-01 9.612300e-02 2 68 9.692900e+00 3.360000e+00 3.497700e+03 -7.181800e+03 0
8.730800e-02 6.437400e-01 -1.953500e-01 9.612300e-02 21 68 9.817600e+00 3.360000e+00 5.996700e+02 9.297500e+02 0
9.167400e-02 6.830000e-01 -1.981200e-01 9.612300e-02 22 68 1.024000e+01 3.360000e+00 6.103400e+02 8.958800e+02 0
2.246600e+00 1.221200e+01 -1.010400e+00 -1.025300e+00 359 33 1.009200e+01 3.360000e+00 8.034700e+02 4.298400e+02 0
2.350800e+00 1.231000e+01 -1.017200e+00 -1.025300e+00 360 33 1.024600e+01 3.360000e+00 8.080700e+02 4.296600e+02 0
2.441900e+00 1.226100e+01 -1.013800e+00 -9.932700e-01 359 34 1.113400e+01 3.360000e+00 8.133500e+02 4.297800e+02 0
2.448700e+00 1.229200e+01 -1.016000e+00 -9.932700e-01 360 34 1.111500e+01 3.360000e+00 8.134100e+02 4.297200e+02 0
2.455500e+00 1.226800e+01 -1.014300e+00 -9.932700e-01 361 34 1.020400e+01 3.360000e+00 8.140100e+02 4.297700e+02 0
9.388400e-01 3.752600e+00 -4.143800e-01 -9.612300e-01 112 35 1.055400e+01 3.360000e+00 8.279000e+02 4.868500e+02 0
9.472900e-01 3.789500e+00 -4.169800e-01 -9.612300e-01 113 35 1.048300e+01 3.360000e+00 8.280300e+02 4.860500e+02 0
2.832600e+00 1.216500e+01 -1.007100e+00 -9.612300e-01 359 35 1.046100e+01 3.360000e+00 8.351500e+02 4.300700e+02 0
2.644600e+00 1.224800e+01 -1.012900e+00 -9.612300e-01 360 35 1.048200e+01 3.360000e+00 8.242200e+02 4.298500e+02 0
-4.125300e+00 1.098400e+01 -9.238600e-01 -8.971500e-01 337 37 1.015300e+01 3.360000e+00 4.465800e+02 4.310200e+02 1
-3.838800e+00 1.101200e+01 -9.258400e-01 -8.651100e-01 336 38 1.056300e+01 3.360000e+00 4.634600e+02 4.310200e+02 1
-4.308700e+00 1.091400e+01 -9.189300e-01 -8.651100e-01 337 38 1.130900e+01 3.360000e+00 4.345200e+02 4.311400e+02 1
-4.505400e+00 1.086600e+01 -9.155600e-01 -8.651100e-01 338 38 1.123700e+01 3.360000e+00 4.221100e+02 4.312000e+02 1
-4.873200e+00 1.065200e+01 -9.004900e-01 -8.330700e-01 338 39 1.036900e+01 3.360000e+00 3.952200e+02 4.316300e+02 1
1.113200e-01 5.827800e-01 -1.910600e-01 -5.767400e-01 18 47 9.899600e+00 3.360000e+00 6.183800e+02 9.940400e+02 0
1.129600e-01 6.183600e-01 -1.935700e-01 -5.767400e-01 19 47 9.987200e+00 3.360000e+00 6.252700e+02 9.553200e+02 0
1.047700e-01 5.406100e-01 -1.880900e-01 -5.447000e-01 17 48 1.066500e+01 3.360000e+00 6.025300e+02 1.047400e+03 0
1.066800e-01 5.784500e-01 -1.907500e-01 -5.447000e-01 18 48 1.164100e+01 3.360000e+00 6.118500e+02 9.989300e+02 0
1.080400e-01 6.147900e-01 -1.933100e-01 -5.447000e-01 19 48 1.166300e+01 3.360000e+00 6.190200e+02 9.587900e+02 0
1.192300e-01 6.510300e-01 -1.958700e-01 -5.447000e-01 20 48 1.063300e+01 3.360000e+00 6.361400e+02 9.241600e+02 0
1.047700e-01 5.400200e-01 -1.880500e-01 -5.126600e-01 17 49 1.044500e+01 3.360000e+00 6.024100e+02 1.048200e+03 0
1.066800e-01 5.774000e-01 -1.906800e-01 -5.126600e-01 18 49 1.144800e+01 3.360000e+00 6.116800e+02 1.000200e+03 0
1.080400e-01 6.128400e-01 -1.931800e-01 -5.126600e-01 19 49 1.143100e+01 3.360000e+00 6.187500e+02 9.608200e+02 0
1.140500e-01 6.497200e-01 -1.957700e-01 -5.126600e-01 20 49 1.039300e+01 3.360000e+00 6.302500e+02 9.251700e+02 0
0 0 -1.500000e-01 -6.408200e-02 1 63 9.684400e+00 3.360000e+00 2167 -3.612800e+03 0
-3.383200e-02 1.319200e-03 -1.500900e-01 -6.408200e-02 2 63 9.633600e+00 3.360000e+00 2.518300e+03 -3.749600e+03 0
0 0 -1.500000e-01 -3.204100e-02 1 64 1.556700e+01 3.360000e+00 2167 -3.612800e+03 0
-7.093800e-02 1.122200e-01 -1.579100e-01 -3.204100e-02 5 64 1.423600e+01 3.360000e+00 -3.104300e+03 7.728100e+03 0
-1.585200e-01 1.860900e-01 -1.631100e-01 -3.204100e-02 8 64 1.337800e+01 3.360000e+00 -1.093800e+03 2.935200e+03 0
-2.008100e-01 1.911100e-01 -1.634600e-01 -3.204100e-02 9 64 1.266500e+01 3.360000e+00 -1.218200e+03 2803 0
-2.480100e-01 1.860300e-01 -1.631100e-01 -3.204100e-02 10 64 1.265900e+01 3.360000e+00 -1.523300e+03 2872 0
-2.619200e-01 2.222200e-01 -1.656600e-01 -3.204100e-02 11 64 1.216100e+01 3.360000e+00 -1062 2.295800e+03 0
-2.881200e-01 2.354000e-01 -1.665800e-01 -3.204100e-02 12 64 1.173300e+01 3.360000e+00 -1.015100e+03 2140 0
-3.175800e-01 2.707900e-01 -1.690800e-01 -3.204100e-02 13 64 1.103000e+01 3.360000e+00 -8.057900e+02 1.835500e+03 0
-1.222300e-01 3.667000e-01 -1.758400e-01 -3.204100e-02 15 64 1.045100e+01 3.360000e+00 6.462600e+01 1406 0
3.683300e-01 2.160900e-01 -1.652200e-01 -3.204100e-02 28 64 1.224800e+01 3.360000e+00 1660 2.702400e+03 0
6.799100e-01 6.407300e-01 -1.951400e-01 -3.204100e-02 29 64 1.369700e+01 3.360000e+00 1.288900e+03 9.539200e+02 0
6.725500e-01 7.397000e-01 -2.021100e-01 -3.204100e-02 30 64 1.464000e+01 3.360000e+00 1.189800e+03 8.691900e+02 0
6.793700e-01 7.972100e-01 -2.061700e-01 -3.204100e-02 31 64 1.480100e+01 3.360000e+00 1.155500e+03 8.312400e+02 0
6.766400e-01 8.277700e-01 -2.083200e-01 -3.204100e-02 32 64 1.426100e+01 3.360000e+00 1.133700e+03 8.133500e+02 0
6.810000e-01 8.623800e-01 -2.107600e-01 -3.204100e-02 33 64 1.275000e+01 3.360000e+00 1.117600e+03 7.949700e+02 0
-8.116900e-01 9.065700e-01 -2.138700e-01 -3.204100e-02 36 64 1.089900e+01 3.360000e+00 -3.346400e+01 7.488600e+02 0
-8.348900e-01 9.006100e-01 -2.134500e-01 -3.204100e-02 37 64 1.127300e+01 3.360000e+00 -5.514400e+01 7.508900e+02 0
-8.580800e-01 8.985900e-01 -2.133100e-01 -3.204100e-02 38 64 1.075700e+01 3.360000e+00 -7.352700e+01 7.513500e+02 0
