0 0 -1.500000e-01 0 1 65 1.659100e+01 3.440000e+00 2167 -3.612800e+03 0
-7.202900e-02 1.118200e-01 -1.580700e-01 0 5 65 1.526000e+01 3.440000e+00 -3.156900e+03 7799 0
-1.585200e-01 1.860800e-01 -1.634200e-01 0 8 65 1.440700e+01 3.440000e+00 -1.094200e+03 2.937500e+03 0
-1.986300e-01 1.931000e-01 -1.639300e-01 0 9 65 1.371400e+01 3.440000e+00 -1.178200e+03 2.768400e+03 0
-2.480100e-01 1.864400e-01 -1.634500e-01 0 10 65 1.370900e+01 3.440000e+00 -1.516100e+03 2.865600e+03 0
-2.592000e-01 2.266000e-01 -1.663500e-01 0 11 65 1.320700e+01 3.440000e+00 -1.004700e+03 2.247200e+03 0
-2.881200e-01 2.335800e-01 -1.668500e-01 0 12 65 1.281200e+01 3.440000e+00 -1.033700e+03 2.160400e+03 0
-3.077600e-01 2.789500e-01 -1.701200e-01 0 13 65 1.202900e+01 3.440000e+00 -7.222600e+02 1785 0
-3.050300e-01 3.028900e-01 -1.718500e-01 0 14 65 1.150200e+01 3.440000e+00 -5.737500e+02 1.647400e+03 0
-1.184100e-01 3.523000e-01 -1.754100e-01 0 15 65 1.121600e+01 3.440000e+00 4.080300e+01 1.458900e+03 0
-3.601500e-01 3.723900e-01 -1.768600e-01 0 16 65 1.131700e+01 3.440000e+00 -3.953500e+02 1.361700e+03 0
3.609700e-01 3.205800e-01 -1.731200e-01 0 28 65 1.318200e+01 3.440000e+00 1.208600e+03 1.677500e+03 0
6.799100e-01 6.391200e-01 -1.961000e-01 0 29 65 1.472000e+01 3.440000e+00 1.290700e+03 9.568200e+02 0
6.725500e-01 7.373700e-01 -2.031900e-01 0 30 65 1.565100e+01 3.440000e+00 1.191700e+03 8.721100e+02 0
6.793700e-01 7.975200e-01 -2.075300e-01 0 31 65 1.580900e+01 3.440000e+00 1.155300e+03 8.322600e+02 0
6.766400e-01 8.312300e-01 -2.099600e-01 0 32 65 1.527100e+01 3.440000e+00 1.131700e+03 8.126300e+02 0
6.810000e-01 8.695400e-01 -2.127200e-01 0 33 65 1.375100e+01 3.440000e+00 1.113700e+03 7.925500e+02 0
7.514000e-01 7.740800e-01 -2.058400e-01 0 35 65 1.076200e+01 3.440000e+00 1.240900e+03 8.488100e+02 0
-8.307900e-01 8.957000e-01 -2.146100e-01 0 36 65 1.176300e+01 3.440000e+00 -5.657100e+01 7.540700e+02 0
-8.447100e-01 9.040000e-01 -2.152100e-01 0 37 65 1.225700e+01 3.440000e+00 -5.922400e+01 7.504900e+02 0
-8.681700e-01 8.968500e-01 -2.146900e-01 0 38 65 1.183100e+01 3.440000e+00 -8.236800e+01 753 0
-9.020000e-01 8.805900e-01 -2.135200e-01 0 39 65 1.022700e+01 3.440000e+00 -1.221300e+02 7.592000e+02 0
0 0 -1.500000e-01 3.204100e-02 1 66 1.558300e+01 3.440000e+00 2167 -3.612800e+03 0
-7.202900e-02 1.120000e-01 -1.580800e-01 3.204100e-02 5 66 1.424600e+01 3.440000e+00 -3140 7.766600e+03 0
-1.585200e-01 1.860500e-01 -1.634200e-01 3.204100e-02 8 66 1.337200e+01 3.440000e+00 -1.094700e+03 2.938200e+03 0
-2.008100e-01 1.908900e-01 -1.637700e-01 3.204100e-02 9 66 1.267900e+01 3.440000e+00 -1.221900e+03 2.809300e+03 0
-2.480100e-01 1.871700e-01 -1.635000e-01 3.204100e-02 10 66 1.270400e+01 3.440000e+00 -1.502700e+03 2.850700e+03 0
-2.619200e-01 2.228700e-01 -1.660800e-01 3.204100e-02 11 66 1.226600e+01 3.440000e+00 -1.054900e+03 2.289600e+03 0
-2.881200e-01 2.358600e-01 -1.670100e-01 3.204100e-02 12 66 1.180200e+01 3.440000e+00 -1.010700e+03 2137 0
-3.110400e-01 2.772500e-01 -1.700000e-01 3.204100e-02 13 66 1.103200e+01 3.440000e+00 -7.425900e+02 1.795200e+03 0
-3.050300e-01 3.073700e-01 -1.721700e-01 3.204100e-02 14 66 1.039500e+01 3.440000e+00 -5.504500e+02 1.624600e+03 0
-1.222300e-01 2.605200e-01 -1.687900e-01 3.204100e-02 15 66 1.018400e+01 3.440000e+00 -2.860600e+02 1.965200e+03 0
3.536000e-01 3.804500e-01 -1.774400e-01 3.204100e-02 28 66 1.211800e+01 3.440000e+00 1.087700e+03 1418 0
6.799100e-01 6.306600e-01 -1.954900e-01 3.204100e-02 29 66 1.367200e+01 3.440000e+00 1.300200e+03 9.655500e+02 0
6.725500e-01 7.337800e-01 -2.029300e-01 3.204100e-02 30 66 1.461800e+01 3.440000e+00 1.194500e+03 8.747400e+02 0
6.711800e-01 8.044800e-01 -2.080300e-01 3.204100e-02 31 66 1.476400e+01 3.440000e+00 1.143300e+03 8.278800e+02 0
6.766400e-01 8.332000e-01 -2.101000e-01 3.204100e-02 32 66 1.417000e+01 3.440000e+00 1.130600e+03 8.115400e+02 0
6.722700e-01 8.831300e-01 -2.137000e-01 3.204100e-02 33 66 1.240100e+01 3.440000e+00 1.099200e+03 7.857000e+02 0
7.743100e-01 7.799600e-01 -2.062600e-01 3.204100e-02 34 66 1.036400e+01 3.440000e+00 1.258200e+03 8.455400e+02 0
7.606700e-01 7.846600e-01 -2.066000e-01 3.204100e-02 35 66 1.022300e+01 3.440000e+00 1.241300e+03 8.421900e+02 0
-8.403400e-01 8.875600e-01 -2.140200e-01 3.204100e-02 36 66 1.051900e+01 3.440000e+00 -7.076800e+01 7.572900e+02 0
-8.447100e-01 9.021300e-01 -2.150700e-01 3.204100e-02 37 66 1.104800e+01 3.440000e+00 -6.086500e+01 7.512400e+02 0
-8.681700e-01 8.872300e-01 -2.140000e-01 3.204100e-02 38 66 1.051300e+01 3.440000e+00 -9.124400e+01 7.569700e+02 0
0 0 -1.500000e-01 6.408200e-02 1 67 9.834800e+00 3.440000e+00 2167 -3.612800e+03 0
6.466300e-01 7.675200e-01 -2.053600e-01 6.408200e-02 31 67 9.864200e+00 3.440000e+00 1.144200e+03 8.505100e+02 0
6.343500e-01 7.841200e-01 -2.065600e-01 6.408200e-02 32 67 9.988900e+00 3.440000e+00 1.121700e+03 8.394900e+02 0
6.460800e-01 8.053100e-01 -2.080900e-01 6.408200e-02 33 67 9.639500e+00 3.440000e+00 1.119700e+03 8.268100e+02 0
0 0 -1.500000e-01 9.612300e-02 1 68 9.829000e+00 3.440000e+00 2167 -3.612800e+03 0
6.897400e-01 8.652400e-01 -2.124100e-01 9.612300e-02 33 68 1.003400e+01 3.440000e+00 1.123500e+03 7.948800e+02 0
7.202900e-01 8.611800e-01 -2.121200e-01 9.612300e-02 34 68 1.004300e+01 3.440000e+00 1.151800e+03 7.975600e+02 0
1.418800e-02 9.073000e-01 -2.154500e-01 2.563300e-01 27 73 9.804600e+00 3.440000e+00 5.739500e+02 7.630600e+02 0
1.473300e-02 9.393000e-01 -2.177600e-01 2.563300e-01 28 73 1.038900e+01 3.440000e+00 5.787900e+02 7.498500e+02 0
7.639500e-03 9.578900e-01 -2.191000e-01 2.563300e-01 29 73 1.000400e+01 3.440000e+00 5.761400e+02 7.425100e+02 0
2.656100e+00 9.949800e+00 -8.677100e-01 -9.612300e-01 296 35 1.047200e+01 3.440000e+00 8.555700e+02 4.367800e+02 0
2.665100e+00 9.984900e+00 -8.702500e-01 -9.612300e-01 297 35 1.087100e+01 3.440000e+00 8.555800e+02 4.366800e+02 0
6.711800e-01 2.783900e+00 -3.508100e-01 -9.291900e-01 83 36 1.005400e+01 3.440000e+00 8.123700e+02 5.170300e+02 0
2.656100e+00 9.953700e+00 -8.680000e-01 -9.291900e-01 296 36 1.135200e+01 3.440000e+00 8.555100e+02 4.367700e+02 0
2.665100e+00 9.986300e+00 -8.703500e-01 -9.291900e-01 297 36 1.184300e+01 3.440000e+00 8.555600e+02 4.366700e+02 0
2.674100e+00 1.001700e+01 -8.725300e-01 -9.291900e-01 298 36 1.136700e+01 3.440000e+00 8.556500e+02 4.365800e+02 0
5.675000e-01 2.082500e+00 -3.002200e-01 -8.971500e-01 66 37 1.079000e+01 3.440000e+00 8.207300e+02 5.559300e+02 0
5.942400e-01 2.146800e+00 -3.048600e-01 -8.971500e-01 67 37 1.126200e+01 3.440000e+00 8.251000e+02 5.513200e+02 0
6.215300e-01 2.179400e+00 -3.072100e-01 -8.971500e-01 68 37 1.081300e+01 3.440000e+00 8.314400e+02 5.491400e+02 0
2.575600e+00 9.969600e+00 -8.691400e-01 -8.971500e-01 296 37 1.042900e+01 3.440000e+00 8.499800e+02 4.367000e+02 0
2.665100e+00 9.965800e+00 -8.688700e-01 -8.971500e-01 297 37 1.086900e+01 3.440000e+00 8.559000e+02 4.367400e+02 0
2.836200e+00 9.892500e+00 -8.635900e-01 -8.971500e-01 298 37 1.040500e+01 3.440000e+00 8.684100e+02 4.370200e+02 0
5.497700e-01 2.113800e+00 -3.024800e-01 -8.651100e-01 66 38 1.013500e+01 3.440000e+00 8.131400e+02 5.535500e+02 0
5.582300e-01 2.178100e+00 -3.071100e-01 -8.651100e-01 67 38 1.072800e+01 3.440000e+00 8.120700e+02 5.490200e+02 0
5.484000e-01 2.230300e+00 -3.108800e-01 -8.651100e-01 68 38 1.039800e+01 3.440000e+00 8.062400e+02 5.454900e+02 0
-3.986700e+00 8.965100e+00 -7.966900e-01 -8.330700e-01 282 39 1.159000e+01 3.440000e+00 4.008600e+02 4.379500e+02 1
-4.154800e+00 8.928800e+00 -7.940700e-01 -8.330700e-01 283 39 1.278900e+01 3.440000e+00 3.879700e+02 4.380200e+02 1
-4.246700e+00 8.921500e+00 -7.935400e-01 -8.330700e-01 284 39 1.304300e+01 3.440000e+00 3.813200e+02 4.380100e+02 1
-4.261700e+00 8.940500e+00 -7.949200e-01 -8.330700e-01 285 39 1.244100e+01 3.440000e+00 3.809400e+02 4.379400e+02 1
-4.199000e+00 8.945200e+00 -7.952500e-01 -8.330700e-01 286 39 1.112700e+01 3.440000e+00 3.854600e+02 4.379400e+02 1
1.371000e+00 2.222000e+00 -3.102800e-01 -8.010300e-01 76 40 1.016400e+01 3.440000e+00 1.057200e+03 5.486500e+02 0
-4.063400e+00 8.932600e+00 -7.943400e-01 -8.010300e-01 282 40 1.259400e+01 3.440000e+00 3.944600e+02 4.380400e+02 1
-4.231700e+00 8.891700e+00 -7.913900e-01 -8.010300e-01 283 40 1.389400e+01 3.440000e+00 3.813300e+02 4.381300e+02 1
-4.323900e+00 8.884300e+00 -7.908600e-01 -8.010300e-01 284 40 1.412800e+01 3.440000e+00 3.746200e+02 4.381200e+02 1
-4.339200e+00 8.908900e+00 -7.926400e-01 -8.010300e-01 285 40 1.343700e+01 3.440000e+00 3.744400e+02 4.380300e+02 1
-4.432300e+00 8.870800e+00 -7.898900e-01 -8.010300e-01 286 40 1.203000e+01 3.440000e+00 3.665700e+02 4.381300e+02 1
-4.369800e+00 8.928700e+00 -7.940600e-01 -8.010300e-01 287 40 1.057300e+01 3.440000e+00 3.730200e+02 4.379500e+02 1
1.371000e+00 2.149000e+00 -3.050200e-01 -7.689800e-01 76 41 9.957300e+00 3.440000e+00 1.070200e+03 5.537800e+02 0
-4.216700e+00 8.860600e+00 -7.891500e-01 -7.689800e-01 282 41 1.168700e+01 3.440000e+00 3.812900e+02 4.382400e+02 1
-4.308700e+00 8.855500e+00 -7.887800e-01 -7.689800e-01 283 41 1.301200e+01 3.440000e+00 3.746600e+02 4.382300e+02 1
-4.323900e+00 8.886000e+00 -7.909800e-01 -7.689800e-01 284 41 1.323400e+01 3.440000e+00 3.746900e+02 4.381100e+02 1
-4.494200e+00 8.833200e+00 -7.871700e-01 -7.689800e-01 285 41 1.250300e+01 3.440000e+00 3.608400e+02 4.382500e+02 1
-4.587800e+00 8.784100e+00 -7.836300e-01 -7.689800e-01 286 41 1.103600e+01 3.440000e+00 3.523900e+02 4.383900e+02 1
-4.051600e-01 1.517700e+00 -2.594800e-01 -1.281600e-01 46 61 1.002700e+01 3.440000e+00 4.423000e+02 6.094300e+02 0
0 0 -1.500000e-01 -9.612300e-02 1 62 9.417000e+00 3.440000e+00 2167 -3.612800e+03 0
-2.933000e-01 1.466800e+00 -2.558000e-01 -9.612300e-02 44 62 9.687600e+00 3.440000e+00 4.832300e+02 6.175200e+02 0
-3.481400e-01 1.491900e+00 -2.576200e-01 -9.612300e-02 45 62 1.091800e+01 3.440000e+00 4.628000e+02 6.134600e+02 0
-3.683300e-01 1.525200e+00 -2.600200e-01 -9.612300e-02 46 62 1.114100e+01 3.440000e+00 4.594000e+02 6.086000e+02 0
-3.890700e-01 1.558500e+00 -2.624200e-01 -9.612300e-02 47 62 1.020300e+01 3.440000e+00 4.559000e+02 6.039800e+02 0
0 0 -1.500000e-01 -6.408200e-02 1 63 9.725400e+00 3.440000e+00 2167 -3.612800e+03 0
-3.410500e-02 5.085900e-03 -1.503700e-01 -6.408200e-02 2 63 9.814800e+00 3.440000e+00 2.622500e+03 -3.981100e+03 0
7.333900e-01 4.785900e-01 -1.845200e-01 -6.408200e-02 29 63 9.618900e+00 3.440000e+00 1.635100e+03 1.192500e+03 0
7.042000e-01 6.307700e-01 -1.955000e-01 -6.408200e-02 30 63 9.807400e+00 3.440000e+00 1330 9.663800e+02 0
6.875500e-01 7.500700e-01 -2.041100e-01 -6.408200e-02 31 63 1.001000e+01 3.440000e+00 1197 8.634500e+02 0
6.766400e-01 8.398600e-01 -2.105800e-01 -6.408200e-02 32 63 9.601400e+00 3.440000e+00 1.126600e+03 8.079000e+02 0
-3.001200e-01 1.482300e+00 -2.569200e-01 -6.408200e-02 45 63 9.933900e+00 3.440000e+00 4.825100e+02 6.151600e+02 0
-3.192200e-01 1.525100e+00 -2.600100e-01 -6.408200e-02 46 63 1.013400e+01 3.440000e+00 4.804800e+02 6.089200e+02 0
0 0 -1.500000e-01 -3.204100e-02 1 64 1.557700e+01 3.440000e+00 2167 -3.612800e+03 0
-7.093800e-02 1.124500e-01 -1.581100e-01 -3.204100e-02 5 64 1.423700e+01 3.440000e+00 -3.083700e+03 7.691300e+03 0
-1.585200e-01 1.861000e-01 -1.634200e-01 -3.204100e-02 8 64 1.340800e+01 3.440000e+00 -1094 2.937100e+03 0
-1.986300e-01 1.922500e-01 -1.638700e-01 -3.204100e-02 9 64 1.272000e+01 3.440000e+00 -1.190900e+03 2.784500e+03 0
-2.480100e-01 1.854800e-01 -1.633800e-01 -3.204100e-02 10 64 1.268900e+01 3.440000e+00 -1.533800e+03 2.885300e+03 0
-2.592000e-01 2.263000e-01 -1.663200e-01 -3.204100e-02 11 64 1.212900e+01 3.440000e+00 -1.007900e+03 2.250600e+03 0
-2.851200e-01 2.370300e-01 -1.671000e-01 -3.204100e-02 12 64 1.182400e+01 3.440000e+00 -9.890500e+02 2.126300e+03 0
-3.077600e-01 2.783000e-01 -1.700700e-01 -3.204100e-02 13 64 1.104800e+01 3.440000e+00 -7.265900e+02 1.789200e+03 0
-3.050300e-01 3.005300e-01 -1.716800e-01 -3.204100e-02 14 64 1.060900e+01 3.440000e+00 -5.864000e+02 1.659800e+03 0
3.536000e-01 3.214800e-01 -1.731900e-01 -3.204100e-02 28 64 1.219600e+01 3.440000e+00 1.186200e+03 1.671300e+03 0
6.799100e-01 6.444100e-01 -1.964800e-01 -3.204100e-02 29 64 1.372700e+01 3.440000e+00 1.284900e+03 9.514900e+02 0
6.725500e-01 7.403100e-01 -2.034000e-01 -3.204100e-02 30 64 1.464300e+01 3.440000e+00 1.189400e+03 8.699800e+02 0
6.793700e-01 7.973000e-01 -2.075100e-01 -3.204100e-02 31 64 1.480100e+01 3.440000e+00 1.155500e+03 8.323900e+02 0
6.766400e-01 8.296400e-01 -2.098500e-01 -3.204100e-02 32 64 1.427000e+01 3.440000e+00 1.132700e+03 8.135100e+02 0
6.810000e-01 8.667100e-01 -2.125200e-01 -3.204100e-02 33 64 1.278600e+01 3.440000e+00 1.115300e+03 7.939700e+02 0
-8.212400e-01 9.023000e-01 -2.150900e-01 -3.204100e-02 36 64 1.094400e+01 3.440000e+00 -4.396200e+01 7.515400e+02 0
-8.348900e-01 9.103900e-01 -2.156700e-01 -3.204100e-02 37 64 1.141400e+01 3.440000e+00 -4.671000e+01 7.480900e+02 0
-8.378900e-01 9.257300e-01 -2.167800e-01 -3.204100e-02 38 64 1.101600e+01 3.440000e+00 -3.588200e+01 7.420800e+02 0
