0 0 -1.500000e-01 0 1 65 1.659400e+01 4.070000e+00 2167 -3.612800e+03 0
-7.202900e-02 1.118600e-01 -1.593900e-01 0 5 65 1.525800e+01 4.070000e+00 -3.158400e+03 7.822700e+03 0
-1.585200e-01 1.860900e-01 -1.656100e-01 0 8 65 1.440100e+01 4.070000e+00 -1.095400e+03 2.950800e+03 0
-2.008100e-01 1.911200e-01 -1.660400e-01 0 9 65 1.372700e+01 4.070000e+00 -1.219500e+03 2.817700e+03 0
-2.480100e-01 1.865200e-01 -1.656500e-01 0 10 65 1.367100e+01 4.070000e+00 -1.516100e+03 2.876900e+03 0
-2.619200e-01 2.222100e-01 -1.686500e-01 0 11 65 1.314300e+01 4.070000e+00 -1.063400e+03 2.309100e+03 0
-2.881200e-01 2.320000e-01 -1.694700e-01 0 12 65 1.274900e+01 4.070000e+00 -1051 2.188100e+03 0
-3.044900e-01 2.824400e-01 -1.737000e-01 0 13 65 1.198400e+01 4.070000e+00 -6.916200e+02 1.773900e+03 0
-2.979400e-01 3.054700e-01 -1.756300e-01 0 14 65 1.142500e+01 4.070000e+00 -5.434100e+02 1.645400e+03 0
-1.260500e-01 3.130400e-01 -1.762700e-01 0 15 65 1.128100e+01 4.070000e+00 -8.429700e+01 1.637800e+03 0
3.536000e-01 3.489700e-01 -1.792800e-01 0 28 65 1.316700e+01 4.070000e+00 1.135200e+03 1.549400e+03 0
6.799100e-01 6.377100e-01 -2.035100e-01 0 29 65 1.471400e+01 4.070000e+00 1.292700e+03 9.670900e+02 0
6.725500e-01 7.364700e-01 -2.118000e-01 0 30 65 1.564100e+01 4.070000e+00 1.192800e+03 8.813400e+02 0
6.793700e-01 7.975400e-01 -2.169200e-01 0 31 65 1.581000e+01 4.070000e+00 1.155700e+03 8.407100e+02 0
6.766400e-01 8.307600e-01 -2.197100e-01 0 32 65 1.532500e+01 4.070000e+00 1.132400e+03 8.213000e+02 0
6.810000e-01 8.651600e-01 -2.226000e-01 0 33 65 1.400100e+01 4.070000e+00 1.116500e+03 8.031100e+02 0
6.392600e-01 9.502000e-01 -2.297300e-01 0 34 65 1.155700e+01 4.070000e+00 1.042700e+03 7.635500e+02 0
-8.307900e-01 8.923100e-01 -2.248800e-01 0 36 65 1.168500e+01 4.070000e+00 -5.986000e+01 7.632700e+02 0
-8.447100e-01 8.915500e-01 -2.248100e-01 0 37 65 1.217800e+01 4.070000e+00 -7.059600e+01 7.633500e+02 0
-8.681700e-01 8.759300e-01 -2.235000e-01 0 38 65 1.176400e+01 4.070000e+00 -1.022200e+02 7.695400e+02 0
-8.812700e-01 8.642900e-01 -2.225200e-01 0 39 65 1.024100e+01 4.070000e+00 -1.232800e+02 7.743800e+02 0
0 0 -1.500000e-01 3.204100e-02 1 66 1.557600e+01 4.070000e+00 2167 -3.612800e+03 0
-7.202900e-02 1.122200e-01 -1.594200e-01 3.204100e-02 5 66 1.424800e+01 4.070000e+00 -3.124200e+03 7757 0
-1.585200e-01 1.860100e-01 -1.656100e-01 3.204100e-02 8 66 1.340000e+01 4.070000e+00 -1.096500e+03 2.952400e+03 0
-2.008100e-01 1.925700e-01 -1.661600e-01 3.204100e-02 9 66 1.274800e+01 4.070000e+00 -1.197500e+03 2790 0
-2.504700e-01 1.845300e-01 -1.654800e-01 3.204100e-02 10 66 1.266700e+01 4.070000e+00 -1.564800e+03 2.916500e+03 0
-2.619200e-01 2.240000e-01 -1.688000e-01 3.204100e-02 11 66 1.197000e+01 4.070000e+00 -1.043600e+03 2.287800e+03 0
-2.881200e-01 2.337000e-01 -1.696100e-01 3.204100e-02 12 66 1.170000e+01 4.070000e+00 -1.033500e+03 2.170300e+03 0
-3.077600e-01 2.798800e-01 -1.734900e-01 3.204100e-02 13 66 1.094400e+01 4.070000e+00 -7.169600e+02 1.789300e+03 0
-2.943900e-01 3.017400e-01 -1.753200e-01 3.204100e-02 14 66 1.050400e+01 4.070000e+00 -5.539400e+02 1.665400e+03 0
-1.260500e-01 3.876200e-01 -1.825300e-01 3.204100e-02 15 66 1.054700e+01 4.070000e+00 9.839200e+01 1.350400e+03 0
3.462300e-01 3.955100e-01 -1.831900e-01 3.204100e-02 28 66 1.218800e+01 4.070000e+00 1.053500e+03 1.377800e+03 0
6.799100e-01 6.347100e-01 -2.032600e-01 3.204100e-02 29 66 1.370900e+01 4.070000e+00 1.296100e+03 9.701800e+02 0
6.725500e-01 7.350300e-01 -2.116800e-01 3.204100e-02 30 66 1.463400e+01 4.070000e+00 1.193900e+03 8.824000e+02 0
6.711800e-01 8.044800e-01 -2.175100e-01 3.204100e-02 31 66 1.480500e+01 4.070000e+00 1.143600e+03 8.363300e+02 0
6.766400e-01 8.322400e-01 -2.198300e-01 3.204100e-02 32 66 1.430700e+01 4.070000e+00 1.131500e+03 8.204700e+02 0
6.722700e-01 8.700400e-01 -2.230100e-01 3.204100e-02 33 66 1.292600e+01 4.070000e+00 1.106400e+03 8.004700e+02 0
6.122500e-01 9.653600e-01 -2.310100e-01 3.204100e-02 34 66 1.042100e+01 4.070000e+00 1.016500e+03 7.570200e+02 0
7.606700e-01 8.806700e-01 -2.239000e-01 3.204100e-02 35 66 9.939200e+00 4.070000e+00 1.174400e+03 7.969200e+02 0
-8.307900e-01 8.964600e-01 -2.252200e-01 3.204100e-02 36 66 1.076900e+01 4.070000e+00 -5.618600e+01 7.615600e+02 0
-8.348900e-01 9.154600e-01 -2.268200e-01 3.204100e-02 37 66 1.134400e+01 4.070000e+00 -4.266200e+01 7.538800e+02 0
-8.479800e-01 9.148500e-01 -2.267700e-01 3.204100e-02 38 66 1.103800e+01 4.070000e+00 -5.240100e+01 7.539100e+02 0
-8.398000e-01 9.569700e-01 -2.303000e-01 3.204100e-02 39 66 9.817800e+00 4.070000e+00 -1.239200e+01 7.382800e+02 0
0 0 -1.500000e-01 6.408200e-02 1 67 1.016100e+01 4.070000e+00 2167 -3.612800e+03 0
-8.185100e-04 3.478200e-02 -1.529200e-01 6.408200e-02 2 67 9.878400e+00 4.070000e+00 3.486700e+03 -7.183600e+03 0
6.711800e-01 8.017100e-01 -2.172700e-01 6.408200e-02 31 67 9.659800e+00 4.070000e+00 1.145400e+03 8.379900e+02 0
6.681800e-01 8.383400e-01 -2.203500e-01 6.408200e-02 32 67 1.009400e+01 4.070000e+00 1.120500e+03 8.169400e+02 0
6.722700e-01 8.788900e-01 -2.237500e-01 6.408200e-02 33 67 1.002400e+01 4.070000e+00 1.101800e+03 7.960900e+02 0
7.112900e-01 9.067800e-01 -2.260900e-01 6.408200e-02 34 67 9.388900e+00 4.070000e+00 1.119100e+03 7.836100e+02 0
-5.576800e-01 7.798900e-01 -2.154400e-01 -9.932700e-01 29 34 9.623200e+00 4.070000e+00 5.358000e+01 8.228700e+02 0
-5.776000e-01 8.158100e-01 -2.184600e-01 -9.932700e-01 30 34 9.588400e+00 4.070000e+00 6.771800e+01 8.031100e+02 0
-5.424000e-01 8.001100e-01 -2.171400e-01 -9.612300e-01 29 35 1.013500e+01 4.070000e+00 8.361200e+01 8.120600e+02 0
-5.776000e-01 8.193800e-01 -2.187600e-01 -9.612300e-01 30 35 9.942400e+00 4.070000e+00 7.064300e+01 8.012900e+02 0
8.940900e-01 3.841700e+00 -4.723700e-01 -9.612300e-01 114 35 1.014100e+01 4.070000e+00 8.172300e+02 4.933700e+02 0
9.953100e-01 3.850000e+00 -4.730600e-01 -9.612300e-01 115 35 1.026800e+01 4.070000e+00 8.342900e+02 4.933300e+02 0
-3.164900e-01 1.878800e+00 -3.076600e-01 -9.291900e-01 59 36 1.050600e+01 4.070000e+00 5.230600e+02 5.769200e+02 0
-3.380500e-01 1.933800e+00 -3.122700e-01 -9.291900e-01 60 36 1.038400e+01 4.070000e+00 5.208200e+02 5.720200e+02 0
-3.797900e-01 1.824000e+00 -3.030600e-01 -8.971500e-01 59 37 1.024900e+01 4.070000e+00 4.950900e+02 5.817400e+02 0
-3.702400e-01 1.915900e+00 -3.107700e-01 -8.971500e-01 60 37 1.006800e+01 4.070000e+00 5.082000e+02 5.734200e+02 0
2.903000e+00 4.441800e+00 -5.227200e-01 -8.971500e-01 153 37 1.089700e+01 4.070000e+00 1.101400e+03 4.844000e+02 0
2.922100e+00 4.473000e+00 -5.253400e-01 -8.971500e-01 154 37 1.150000e+01 4.070000e+00 1.101300e+03 4.839000e+02 0
2.857200e+00 4.542400e+00 -5.311700e-01 -8.971500e-01 155 37 1.119900e+01 4.070000e+00 1.085200e+03 4.827100e+02 0
2.748800e+00 4.484900e+00 -5.263300e-01 -8.971500e-01 156 37 1.026200e+01 4.070000e+00 1.074100e+03 4.835200e+02 0
7.514000e-01 1.556100e+00 -2.805700e-01 -8.651100e-01 52 38 9.967600e+00 4.070000e+00 9.476100e+02 6.188700e+02 0
2.925100e+00 4.387700e+00 -5.181800e-01 -8.651100e-01 152 38 1.115000e+01 4.070000e+00 1110 4.853300e+02 0
2.861500e+00 4.470800e+00 -5.251600e-01 -8.651100e-01 153 38 1.289500e+01 4.070000e+00 1.092300e+03 4.838700e+02 0
2.880400e+00 4.500400e+00 -5.276400e-01 -8.651100e-01 154 38 1.349900e+01 4.070000e+00 1.092400e+03 4.834100e+02 0
2.857200e+00 4.556500e+00 -5.323400e-01 -8.651100e-01 155 38 1.310100e+01 4.070000e+00 1.083900e+03 4.824800e+02 0
2.960300e+00 4.531300e+00 -5.302300e-01 -8.651100e-01 156 38 1.164100e+01 4.070000e+00 1.101500e+03 4.829900e+02 0
2.925100e+00 4.347100e+00 -5.147700e-01 -8.330700e-01 152 39 1.098600e+01 4.070000e+00 1114 4.860400e+02 0
2.861500e+00 4.465000e+00 -5.246700e-01 -8.330700e-01 153 39 1.274200e+01 4.070000e+00 1.092900e+03 4.839700e+02 0
2.838600e+00 4.524900e+00 -5.296900e-01 -8.330700e-01 154 39 1.333200e+01 4.070000e+00 1084 4.829700e+02 0
2.857200e+00 4.555600e+00 -5.322700e-01 -8.330700e-01 155 39 1.290900e+01 4.070000e+00 1084 4.825000e+02 0
3.002600e+00 4.504000e+00 -5.279400e-01 -8.330700e-01 156 39 1.132500e+01 4.070000e+00 1.110500e+03 4.834800e+02 0
2.820100e+00 4.465500e+00 -5.247100e-01 -8.010300e-01 153 40 1.040200e+01 4.070000e+00 1.086600e+03 4.839100e+02 0
2.796900e+00 4.546200e+00 -5.314800e-01 -8.010300e-01 154 40 1.084600e+01 4.070000e+00 1.075900e+03 4.825800e+02 0
2.773100e+00 4.606900e+00 -5.365800e-01 -8.010300e-01 155 40 1.049900e+01 4.070000e+00 1.067200e+03 4.816100e+02 0
-7.202900e+00 7.533800e+00 -7.821800e-01 -7.369400e-01 301 42 1.034300e+01 4.070000e+00 8.455400e+01 4.497200e+02 1
-6.839000e+00 7.798200e+00 -8.043700e-01 -7.369400e-01 303 42 1.014000e+01 4.070000e+00 1.330200e+02 4.486600e+02 1
-7.178900e+00 7.520800e+00 -7.810900e-01 -7.049000e-01 300 43 1.045800e+01 4.070000e+00 8.544800e+01 4.497900e+02 1
-7.039200e+00 7.742900e+00 -7.997200e-01 -7.049000e-01 301 43 1.117100e+01 4.070000e+00 1.134400e+02 4.488200e+02 1
-6.980600e+00 7.844000e+00 -8.082000e-01 -7.049000e-01 302 43 1.115800e+01 4.070000e+00 1.253000e+02 4.484000e+02 1
-7.003800e+00 7.851500e+00 -8.088300e-01 -7.049000e-01 303 43 1.075500e+01 4.070000e+00 1.240400e+02 4.483500e+02 1
-7.109600e+00 7.655000e+00 1.681700e+00 -7.049000e-01 304 43 1.010600e+01 4.070000e+00 1.063800e+02 2.572100e+02 0
-3.461800e+00 1.263500e+00 -2.560200e-01 -6.728600e-01 123 44 1.003100e+01 4.070000e+00 -1.077500e+03 6.355900e+02 0
-6.875500e+00 7.904100e+00 -8.132500e-01 -6.728600e-01 301 44 1.039900e+01 4.070000e+00 1.375900e+02 4.481800e+02 1
-6.734200e+00 8.070700e+00 -8.272300e-01 -6.728600e-01 302 44 1.058100e+01 4.070000e+00 1.594800e+02 4.475200e+02 1
-7.003800e+00 7.773300e+00 -8.022700e-01 -6.728600e-01 303 44 1.007700e+01 4.070000e+00 1.184200e+02 4.487000e+02 1
-3.958100e+00 4.090300e+00 -4.932300e-01 -6.408200e-01 164 45 1.080900e+01 4.070000e+00 6.053200e+01 4.828200e+02 1
-4.027100e+00 4.070900e+00 -4.916000e-01 -6.408200e-01 165 45 1.067700e+01 4.070000e+00 4.726900e+01 4.830800e+02 1
-4.047000e+00 4.000200e+00 -4.856700e-01 -6.087800e-01 164 46 1.075100e+01 4.070000e+00 3.299800e+01 4.842700e+02 1
-4.116600e+00 3.959300e+00 -4.822300e-01 -6.087800e-01 165 46 1.064200e+01 4.070000e+00 1.564200e+01 4.849200e+02 1
-4.283000e+00 3.958500e+00 -4.821700e-01 -6.087800e-01 168 46 1.024300e+01 4.070000e+00 -9.845500e+00 4.847400e+02 0
0 0 -1.500000e-01 -6.408200e-02 1 63 1.004000e+01 4.070000e+00 2167 -3.612800e+03 0
0 3.488600e-02 -1.529300e-01 -6.408200e-02 2 63 9.709700e+00 4.070000e+00 3.478900e+03 -7.198500e+03 0
-6.548100e-02 2.437700e-03 -1.502000e-01 -6.408200e-02 3 63 9.517800e+00 4.070000e+00 2.865800e+03 -3.879400e+03 0
0 0 -1.500000e-01 -3.204100e-02 1 64 1.558500e+01 4.070000e+00 2167 -3.612800e+03 0
-7.093800e-02 1.125800e-01 -1.594500e-01 -3.204100e-02 5 64 1.423200e+01 4.070000e+00 -3.076600e+03 7698 0
-1.585200e-01 1.861000e-01 -1.656200e-01 -3.204100e-02 8 64 1.337900e+01 4.070000e+00 -1.095200e+03 2.950500e+03 0
-2.008100e-01 1.904200e-01 -1.659800e-01 -3.204100e-02 9 64 1.268300e+01 4.070000e+00 -1.230500e+03 2.831400e+03 0
-2.480100e-01 1.855200e-01 -1.655700e-01 -3.204100e-02 10 64 1.261100e+01 4.070000e+00 -1.534500e+03 2.897400e+03 0
-2.619200e-01 2.207200e-01 -1.685200e-01 -3.204100e-02 11 64 1.219200e+01 4.070000e+00 -1.080200e+03 2.327300e+03 0
-2.851200e-01 2.325100e-01 -1.695100e-01 -3.204100e-02 12 64 1.175200e+01 4.070000e+00 -1.035400e+03 2.183800e+03 0
-3.012100e-01 2.815600e-01 -1.736300e-01 -3.204100e-02 13 64 1.095800e+01 4.070000e+00 -6.883600e+02 1.780100e+03 0
3.462300e-01 3.309300e-01 -1.777700e-01 -3.204100e-02 28 64 1.208200e+01 4.070000e+00 1.148100e+03 1.631800e+03 0
6.799100e-01 6.402500e-01 -2.037200e-01 -3.204100e-02 29 64 1.367500e+01 4.070000e+00 1290 9.645100e+02 0
6.725500e-01 7.379200e-01 -2.119200e-01 -3.204100e-02 30 64 1.461300e+01 4.070000e+00 1.191700e+03 8.802900e+02 0
6.793700e-01 7.974400e-01 -2.169200e-01 -3.204100e-02 31 64 1.477800e+01 4.070000e+00 1.155800e+03 8.407700e+02 0
6.766400e-01 8.293400e-01 -2.195900e-01 -3.204100e-02 32 64 1.429500e+01 4.070000e+00 1.133200e+03 8.220800e+02 0
6.810000e-01 8.654300e-01 -2.226200e-01 -3.204100e-02 33 64 1.300400e+01 4.070000e+00 1.116300e+03 8.029700e+02 0
6.662700e-01 9.380800e-01 -2.287200e-01 -3.204100e-02 34 64 1.072000e+01 4.070000e+00 1.068500e+03 7.690500e+02 0
-8.627100e-01 8.022900e-01 -2.173200e-01 -3.204100e-02 35 64 9.834800e+00 4.070000e+00 -1.752800e+02 8.043200e+02 0
-8.403400e-01 8.771300e-01 -2.236000e-01 -3.204100e-02 36 64 1.077600e+01 4.070000e+00 -8.065200e+01 7.695000e+02 0
-8.545300e-01 8.778900e-01 -2.236700e-01 -3.204100e-02 37 64 1.108800e+01 4.070000e+00 -9.035600e+01 7.689400e+02 0
-8.782700e-01 8.617400e-01 -2.223100e-01 -3.204100e-02 38 64 1.055500e+01 4.070000e+00 -1.235900e+02 7.755600e+02 0
