0 0 -1.500000e-01 0 1 65 1.656900e+01 3.730000e+00 2167 -3.612800e+03 0
-7.093800e-02 1.130700e-01 -1.588500e-01 0 5 65 1.527000e+01 3.730000e+00 -3.029900e+03 7.598100e+03 0
-1.585200e-01 1.860900e-01 -1.645600e-01 0 8 65 1.440000e+01 3.730000e+00 -1.094700e+03 2.944100e+03 0
-2.008100e-01 1.908000e-01 -1.649300e-01 0 9 65 1.371900e+01 3.730000e+00 -1.223900e+03 2.817700e+03 0
-2.480100e-01 1.867800e-01 -1.646100e-01 0 10 65 1.370300e+01 3.730000e+00 -1.510800e+03 2.865500e+03 0
-2.592000e-01 2.273800e-01 -1.677900e-01 0 11 65 1.314300e+01 3.730000e+00 -9.970900e+02 2.244200e+03 0
-2.851200e-01 2.395100e-01 -1.687400e-01 0 12 65 1.280100e+01 3.730000e+00 -9.657600e+02 2.107700e+03 0
-3.044900e-01 2.824300e-01 -1.721000e-01 0 13 65 1.204700e+01 3.730000e+00 -6.912800e+02 1769 0
-1.222300e-01 3.784700e-01 -1.796100e-01 0 15 65 1.130900e+01 3.730000e+00 8.846300e+01 1374 0
3.609700e-01 3.057000e-01 -1.739200e-01 0 28 65 1.315600e+01 3.730000e+00 1.243700e+03 1.769400e+03 0
6.799100e-01 6.404600e-01 -2.001000e-01 0 29 65 1.471100e+01 3.730000e+00 1.289500e+03 9.600300e+02 0
6.725500e-01 7.375800e-01 -2.077000e-01 0 30 65 1.563900e+01 3.730000e+00 1.191700e+03 8.764000e+02 0
6.793700e-01 7.975200e-01 -2.123900e-01 0 31 65 1.580600e+01 3.730000e+00 1.155500e+03 8.366400e+02 0
6.766400e-01 8.310300e-01 -2.150100e-01 0 32 65 1.532200e+01 3.730000e+00 1132 8.170900e+02 0
6.810000e-01 8.644800e-01 -2.176300e-01 0 33 65 1.400900e+01 3.730000e+00 1.116700e+03 7.994200e+02 0
6.662700e-01 9.343300e-01 -2.230900e-01 0 34 65 1.127900e+01 3.730000e+00 1070 7.666600e+02 0
-7.885000e-01 8.571500e-01 -2.170600e-01 0 35 65 1.058700e+01 3.730000e+00 -6.053900e+01 7.754300e+02 0
-8.307900e-01 8.947500e-01 -2.200000e-01 0 36 65 1.188900e+01 3.730000e+00 -5.755800e+01 7.585000e+02 0
-8.447100e-01 9.028900e-01 -2.206300e-01 0 37 65 1.235700e+01 3.730000e+00 -6.034400e+01 7.549600e+02 0
-8.681700e-01 8.971300e-01 -2.201800e-01 0 38 65 1.206600e+01 3.730000e+00 -8.227400e+01 7.569200e+02 0
-9.020000e-01 8.989000e-01 -2.203200e-01 0 39 65 1.088500e+01 3.730000e+00 -1.048100e+02 7.556600e+02 0
0 0 -1.500000e-01 3.204100e-02 1 66 1.555200e+01 3.730000e+00 2167 -3.612800e+03 0
-7.202900e-02 1.127000e-01 -1.588200e-01 3.204100e-02 5 66 1.425500e+01 3.730000e+00 -3.077100e+03 7.656400e+03 0
-1.585200e-01 1.861000e-01 -1.645600e-01 3.204100e-02 8 66 1.339300e+01 3.730000e+00 -1.094500e+03 2.943900e+03 0
-2.008100e-01 1.903200e-01 -1.648900e-01 3.204100e-02 9 66 1.272000e+01 3.730000e+00 -1.231400e+03 2.827200e+03 0
-2.480100e-01 1.871900e-01 -1.646400e-01 3.204100e-02 10 66 1.272100e+01 3.730000e+00 -1.503200e+03 2857 0
-2.592000e-01 2.278600e-01 -1.678300e-01 3.204100e-02 11 66 1.228200e+01 3.730000e+00 -9.920500e+02 2.238800e+03 0
-2.851200e-01 2.413000e-01 -1.688800e-01 3.204100e-02 12 66 1.188400e+01 3.730000e+00 -9.489400e+02 2.090500e+03 0
-3.012100e-01 2.856500e-01 -1.723500e-01 3.204100e-02 13 66 1.119900e+01 3.730000e+00 -6.624800e+02 1750 0
-4.362700e-01 3.090000e-02 -1.524200e-01 3.204100e-02 14 66 1.048300e+01 3.730000e+00 14258 -10004 0
-1.222300e-01 4.338100e-01 -1.839400e-01 3.204100e-02 15 66 1.042700e+01 3.730000e+00 1.805800e+02 1.227300e+03 0
3.609700e-01 3.306000e-01 -1.758600e-01 3.204100e-02 28 66 1.209600e+01 3.730000e+00 1.187800e+03 1.630900e+03 0
6.799100e-01 6.387400e-01 -1.999700e-01 3.204100e-02 29 66 1.371000e+01 3.730000e+00 1.291400e+03 9.617800e+02 0
6.725500e-01 7.356800e-01 -2.075500e-01 3.204100e-02 30 66 1.461400e+01 3.730000e+00 1.193200e+03 8.777900e+02 0
6.711800e-01 8.044800e-01 -2.129400e-01 3.204100e-02 31 66 1.475700e+01 3.730000e+00 1.143400e+03 8.322500e+02 0
6.766400e-01 8.324900e-01 -2.151300e-01 3.204100e-02 32 66 1.422700e+01 3.730000e+00 1.131200e+03 8.162800e+02 0
6.722700e-01 8.727900e-01 -2.182800e-01 3.204100e-02 33 66 1.279100e+01 3.730000e+00 1.104800e+03 7.950800e+02 0
-8.212400e-01 9.053100e-01 -2.208200e-01 3.204100e-02 36 66 1.093200e+01 3.730000e+00 -4.151600e+01 7.543600e+02 0
-8.447100e-01 9.050300e-01 -2.208000e-01 3.204100e-02 37 66 1.144000e+01 3.730000e+00 -5.846500e+01 7.541000e+02 0
-8.782700e-01 8.849300e-01 -2.192300e-01 3.204100e-02 38 66 1.117800e+01 3.730000e+00 -1.008700e+02 7.618000e+02 0
-9.227400e-01 8.702000e-01 -2.180800e-01 3.204100e-02 39 66 1.018000e+01 3.730000e+00 -1.478200e+02 7.673200e+02 0
0 0 -1.500000e-01 6.408200e-02 1 67 1.044100e+01 3.730000e+00 2167 -3.612800e+03 0
-3.465000e-02 3.134900e-03 -1.502500e-01 6.408200e-02 2 67 1.020700e+01 3.730000e+00 2574 -3.859600e+03 0
6.302600e-01 8.356600e-01 -2.153800e-01 6.408200e-02 31 67 9.170500e+00 3.730000e+00 1.088500e+03 8.135500e+02 0
2.956500e+00 8.280700e+00 -7.978100e-01 -9.932700e-01 253 34 1.063300e+01 3.730000e+00 9.127200e+02 4.470900e+02 0
2.899200e+00 8.344700e+00 -8.028200e-01 -9.932700e-01 254 34 1.166000e+01 3.730000e+00 9.065000e+02 4.467700e+02 0
2.910600e+00 8.366700e+00 -8.045400e-01 -9.932700e-01 255 34 1.172300e+01 3.730000e+00 9.068200e+02 4.466800e+02 0
2.991700e+00 8.367200e+00 -8.045700e-01 -9.932700e-01 256 34 1.085800e+01 3.730000e+00 9.131800e+02 4.467100e+02 0
1.993900e+00 5.737100e+00 -5.988300e-01 -9.612300e-01 175 35 1.039500e+01 3.730000e+00 9.013600e+02 4.635600e+02 0
2.148600e+00 5.716900e+00 -5.972400e-01 -9.612300e-01 176 35 1.004600e+01 3.730000e+00 9.199800e+02 4.638600e+02 0
2.750200e+00 8.359700e+00 -8.039900e-01 -9.612300e-01 253 35 1.150600e+01 3.730000e+00 8.944100e+02 4.466400e+02 0
2.830200e+00 8.368900e+00 -8.047100e-01 -9.612300e-01 254 35 1.262800e+01 3.730000e+00 9.004500e+02 4.466300e+02 0
2.841300e+00 8.400700e+00 -8.072000e-01 -9.612300e-01 255 35 1.274000e+01 3.730000e+00 9.005300e+02 4.465000e+02 0
2.852500e+00 8.432500e+00 -8.096900e-01 -9.612300e-01 256 35 1.190100e+01 3.730000e+00 9.006000e+02 4.463600e+02 0
2.612700e+00 8.380900e+00 -8.056500e-01 -9.291900e-01 253 36 1.046800e+01 3.730000e+00 8.831300e+02 4.464900e+02 0
2.761100e+00 8.386100e+00 -8.060600e-01 -9.291900e-01 254 36 1.163200e+01 3.730000e+00 8.946200e+02 4.465300e+02 0
2.841300e+00 8.397600e+00 -8.069600e-01 -9.291900e-01 255 36 1.179200e+01 3.730000e+00 9.006100e+02 4.465100e+02 0
2.852500e+00 8.427300e+00 -8.092800e-01 -9.291900e-01 256 36 1.097900e+01 3.730000e+00 9.007300e+02 4.463800e+02 0
-3.943900e+00 7.587100e+00 -7.435500e-01 -8.330700e-01 246 39 1.136100e+01 3.730000e+00 3.515000e+02 4.474700e+02 1
-4.027100e+00 7.574200e+00 -7.425400e-01 -8.330700e-01 247 39 1.174400e+01 3.730000e+00 3.441100e+02 4.474900e+02 1
-4.178200e+00 7.526000e+00 -7.387700e-01 -8.330700e-01 248 39 1.152500e+01 3.730000e+00 3.294500e+02 4.476700e+02 1
-4.262800e+00 7.513200e+00 -7.377700e-01 -8.330700e-01 249 39 1.105600e+01 3.730000e+00 3.218700e+02 4.476900e+02 1
-4.144100e+00 7.576900e+00 -7.427500e-01 -8.330700e-01 250 39 1.031500e+01 3.730000e+00 3.346600e+02 4.474300e+02 1
-3.943900e+00 7.567000e+00 -7.419800e-01 -8.010300e-01 246 40 1.134800e+01 3.730000e+00 3.505900e+02 4.475700e+02 1
-4.027100e+00 7.571200e+00 -7.423100e-01 -8.010300e-01 247 40 1.170800e+01 3.730000e+00 3.439700e+02 4.475100e+02 1
-4.178200e+00 7.530300e+00 -7.391100e-01 -8.010300e-01 248 40 1.156500e+01 3.730000e+00 3.296600e+02 4.476500e+02 1
-4.330500e+00 7.479700e+00 -7.351500e-01 -8.010300e-01 249 40 1.130600e+01 3.730000e+00 3.146200e+02 4.478300e+02 1
-4.483800e+00 7.391100e+00 -7.282200e-01 -8.010300e-01 250 40 1.065200e+01 3.730000e+00 2.973200e+02 4.482200e+02 1
0 0 -1.500000e-01 -9.612300e-02 1 62 1.083800e+01 3.730000e+00 2167 -3.612800e+03 0
1.091400e-03 3.483700e-02 -1.527300e-01 -9.612300e-02 2 62 1.030200e+01 3.730000e+00 3.455700e+03 -7.180400e+03 0
7.104700e-01 8.021900e-01 -2.127600e-01 -9.612300e-02 32 62 9.460700e+00 3.730000e+00 1.181200e+03 8.345300e+02 0
7.508500e-01 8.168200e-01 -2.139000e-01 -9.612300e-02 33 62 9.194400e+00 3.730000e+00 1.208100e+03 8.267900e+02 0
0 0 -1.500000e-01 -3.204100e-02 1 64 1.554700e+01 3.730000e+00 2167 -3.612800e+03 0
-7.093800e-02 1.126000e-01 -1.588100e-01 -3.204100e-02 5 64 1.425500e+01 3.730000e+00 -3.072700e+03 7.680700e+03 0
-1.585200e-01 1.861000e-01 -1.645600e-01 -3.204100e-02 8 64 1.337000e+01 3.730000e+00 -1.094500e+03 2.943900e+03 0
-2.008100e-01 1.903300e-01 -1.648900e-01 -3.204100e-02 9 64 1.267300e+01 3.730000e+00 -1.231300e+03 2827 0
-2.480100e-01 1.866100e-01 -1.646000e-01 -3.204100e-02 10 64 1.266700e+01 3.730000e+00 -1.513900e+03 2.868900e+03 0
-2.592000e-01 2.274000e-01 -1.677900e-01 -3.204100e-02 11 64 1.209800e+01 3.730000e+00 -9.969000e+02 2244 0
-2.851200e-01 2.387500e-01 -1.686800e-01 -3.204100e-02 12 64 1.171100e+01 3.730000e+00 -9.729600e+02 2115 0
-3.012100e-01 2.844100e-01 -1.722500e-01 -3.204100e-02 13 64 1.088500e+01 3.730000e+00 -6.700800e+02 1.757500e+03 0
3.609700e-01 2.733800e-01 -1.713900e-01 -3.204100e-02 28 64 1.215300e+01 3.730000e+00 1.338600e+03 2.004100e+03 0
6.799100e-01 6.425700e-01 -2.002700e-01 -3.204100e-02 29 64 1.367600e+01 3.730000e+00 1.287200e+03 9.579100e+02 0
6.725500e-01 7.395400e-01 -2.078600e-01 -3.204100e-02 30 64 1.462700e+01 3.730000e+00 1.190200e+03 8.749800e+02 0
6.793700e-01 7.973400e-01 -2.123800e-01 -3.204100e-02 31 64 1.481400e+01 3.730000e+00 1.155600e+03 8.367500e+02 0
6.766400e-01 8.286000e-01 -2.148200e-01 -3.204100e-02 32 64 1.438600e+01 3.730000e+00 1.133500e+03 8.184400e+02 0
6.810000e-01 8.571100e-01 -2.170500e-01 -3.204100e-02 33 64 1.320400e+01 3.730000e+00 1.120800e+03 8.032000e+02 0
6.842800e-01 8.871100e-01 -2.194000e-01 -3.204100e-02 34 64 1.084900e+01 3.730000e+00 1.107300e+03 7.883200e+02 0
-8.307900e-01 8.897000e-01 -2.196000e-01 -3.204100e-02 36 64 1.075100e+01 3.730000e+00 -6.205600e+01 7.605900e+02 0
-8.348900e-01 9.060200e-01 -2.208800e-01 -3.204100e-02 37 64 1.126000e+01 3.730000e+00 -5.061900e+01 7.538600e+02 0
-8.580800e-01 9.111300e-01 -2.212800e-01 -3.204100e-02 38 64 1.100800e+01 3.730000e+00 -6.260200e+01 7.514600e+02 0
-8.709000e-01 9.538300e-01 -2.246200e-01 -3.204100e-02 39 64 9.911800e+00 3.730000e+00 -3.567700e+01 7.352100e+02 0
-2.063700e+00 7.090100e-01 3.740500e+00 -3.204100e-02 125 64 9.719800e+00 3.730000e+00 -9.783000e+02 -2028 0
